0 100 648,768,1224,1224
1 100 648,768,1224,1224
2 100 648,768,1224,1224
3 100 648,768,1224,1224
4 100 648,768,1224,1224
5 100 648,768,1224,1224
6 100 648,768,1224,1224
7 100 648,768,1224,1224
8 100 648,768,1224,1224
9 100 648,768,1224,1224
10 100 648,768,1224,1224
11 100 648,768,1224,1224
12 100 648,768,1224,1224
13 100 648,768,1224,1224
14 100 648,768,1224,1224
15 100 648,768,1224,1224
16 100 672,768,1224,1224
17 100 672,768,1224,1224
18 100 672,768,1224,1224
19 100 672,744,1224,1224
20 100 696,744,1224,1224
21 100 696,744,1224,1224
22 100 696,744,1224,1224
23 100 720,720,1224,1224
24 100 720,720,1224,1224
25 100 720,720,1224,1200
26 100 744,696,1224,1224
27 100 768,696,1224,1200
28 100 792,672,1224,1224
29 100 792,672,1224,1200
30 100 792,672,1224,1200
31 100 816,648,1224,1224
32 100 816,648,1224,1200
33 100 840,648,1224,1200
34 100 864,624,1224,1224
35 100 864,624,1224,1224
36 100 888,624,1224,1200
37 100 888,600,1224,1224
38 100 912,600,1224,1224
39 100 912,600,1224,1200
40 100 936,600,1224,1200
41 100 960,576,1224,1224
42 100 960,576,1224,1224
43 100 984,576,1224,1224
44 100 984,576,1224,1224
45 100 984,576,1224,1200
46 100 1008,552,1224,1224
47 100 1008,552,1224,1224
48 100 1032,552,1224,1224
49 100 1032,552,1224,1200
50 100 1032,552,1224,1200
51 100 1056,528,1224,1224
52 100 1056,528,1224,1224
53 100 1056,528,1224,1224
54 100 1056,528,1224,1224
55 100 1056,528,1224,1224
56 100 1056,528,1224,1224
57 100 1080,528,1224,1224
58 100 1080,528,1224,1224
59 100 1080,528,1224,1200
60 100 1080,504,1224,1224
61 100 1080,504,1224,1224
62 100 1080,504,1224,1224
63 100 1080,504,1224,1224
64 100 1080,504,1224,1224
65 100 1080,504,1224,1224
66 100 1080,504,1224,1224
67 100 1080,504,1224,1224
68 100 1080,504,1224,1224
69 100 1104,480,1224,1224
70 100 1104,456,1224,1224
71 100 1104,432,1224,1224
72 100 1104,408,1224,1224
73 100 1080,384,1224,1224
74 100 1056,384,1224,1224
75 100 1056,360,1224,1224
76 100 1032,336,1224,1224
77 100 1008,336,1224,1200
78 100 1008,312,1224,1224
79 100 984,288,1224,1224
80 100 960,264,1224,1224
81 100 936,264,1224,1224
82 100 936,240,1224,1224
83 100 912,216,1224,1224
84 100 888,216,1224,1224
85 100 864,192,1224,1224
86 100 840,168,1224,1224
87 100 816,168,1224,1224
88 100 792,144,1224,1224
89 100 768,120,1224,1248
90 100 744,120,1224,1224
91 100 720,96,1224,1248
92 100 696,96,1224,1224
93 100 672,96,1224,1224
94 100 648,72,1224,1224
95 100 648,72,1224,1224
96 100 624,72,1224,1224
97 100 624,72,1224,1224
98 100 600,48,1224,1224
99 100 600,48,1224,1224
100 100 552,48,1224,1224
101 100 528,48,1224,1224
102 100 528,48,1224,1224
103 100 0,24,1224,1224
104 100 0,24,1224,1224
105 100 0,24,1224,1224
106 100 216,24,1224,1200
107 100 144,24,1224,1200
108 100 0,24,1224,1200
109 100 0,24,1224,1200
110 100 0,24,1224,1200
111 100 72,24,1224,1176
112 100 48,24,1224,1176
113 100 0,24,1224,1176
114 100 72,24,1224,1176
115 100 72,24,1224,1176
116 100 48,24,1224,1176
117 100 48,24,1224,1176
118 100 72,24,1224,1176
119 100 0,24,1224,1176
120 100 72,24,1224,1200
121 100 48,24,1224,1200
122 100 120,24,1224,1200
123 100 264,48,1224,1200
124 100 240,48,1224,1200
125 100 240,48,1224,1224
126 100 216,48,1224,1224
127 100 216,48,1224,1224
128 100 192,48,1224,1224
129 100 192,48,1224,1224
130 100 168,48,1224,1224
131 100 168,72,1224,1224
132 100 168,72,1224,1224
133 100 144,72,1224,1224
134 100 120,72,1224,1224
135 100 120,96,1224,1224
136 100 120,96,1224,1224
137 100 96,96,1224,1224
138 100 96,120,1224,1224
139 100 72,120,1224,1224
140 100 72,120,1224,1248
141 100 48,120,1224,1248
142 100 48,144,1224,1224
143 100 24,144,1224,1248
144 100 24,168,1224,1224
145 100 24,168,1224,1248
146 100 0,192,1224,1224
147 100 0,192,1224,1248
148 100 0,216,1224,1224
149 100 0,240,1224,1224
150 100 0,240,1224,1248
151 100 0,264,1224,1224
152 100 0,264,1224,1248
153 100 0,288,1224,1224
154 100 0,312,1224,1224
155 100 0,312,1224,1248
156 100 0,336,1224,1224
157 100 0,360,1224,1224
158 100 0,384,1224,1224
159 100 0,384,1224,1224
160 100 0,408,1224,1224
161 100 0,408,1224,1224
162 100 24,408,1224,1224
163 100 0,408,1224,1224
164 100 48,432,1224,1200
165 100 24,432,1224,1200
166 100 0,432,1224,1224
167 100 48,432,1224,1224
168 100 0,456,1224,1200
169 100 48,456,1224,1224
170 100 96,480,1224,1200
171 100 24,480,1224,1224
172 100 48,504,1224,1200
173 100 72,528,1224,1200
174 100 144,528,1224,1224
175 100 48,552,1224,1200
176 100 24,552,1224,1200
177 100 0,552,1224,1200
178 100 3384,552,1224,1200
179 100 3408,552,1224,1200
180 100 120,552,1224,1224
181 100 24,552,1224,1224
182 100 0,576,1224,1200
183 100 3408,576,1224,1200
184 100 144,576,1224,1224
185 100 24,576,1224,1224
186 100 3480,600,1224,1200
187 100 3432,600,1224,1200
188 100 3360,600,1224,1200
189 100 3576,600,1224,1224
190 100 3360,624,1224,1200
191 100 3384,648,1224,1200
192 100 3384,672,1224,1200
193 100 3528,696,1224,1200
194 100 3648,696,1224,1224
195 100 3312,720,1224,1200
196 100 3504,744,1224,1200
197 100 3360,744,1224,1200
198 100 3456,768,1224,1200
199 100 3648,768,1224,1224
200 100 3264,792,1224,1200
201 100 3264,816,1224,1200
202 100 3336,840,1224,1200
203 100 3384,864,1224,1200
204 100 3528,864,1224,1224
205 100 3120,888,1224,1200
206 100 3336,912,1224,1200
207 100 3000,912,1224,1200
208 100 3096,936,1224,1200
209 100 3384,936,1224,1224
210 100 2760,960,1224,1200
211 100 3048,960,1224,1200
212 100 2424,984,1224,1176
213 100 2232,984,1224,1176
214 100 1944,984,1224,1176
215 100 1728,984,1224,1176
216 100 1416,984,1224,1176
217 100 1128,1008,1224,1152
218 100 504,1008,1224,1152
219 100 0,1008,1224,1152
220 100 0,1008,1224,1152
221 100 0,1008,1224,1152
222 100 0,1032,1224,1128
223 100 0,1032,1224,1128
224 100 0,1032,1224,1128
225 100 0,1032,1224,1128
226 100 0,1032,1224,1128
227 100 0,1056,1224,1104
228 100 0,1056,1224,1104
229 100 0,1056,1224,1104
230 100 0,1056,1224,1104
231 100 0,1080,1224,1080
232 100 0,1080,1224,1080
233 100 0,1080,1224,1080
234 100 0,1104,1224,1056
235 100 0,1128,1224,1032
236 100 0,1128,1224,1032
237 100 0,1128,1224,1032
238 100 0,1128,1224,1032
239 100 0,1128,1224,1032
240 100 0,1128,1224,1032
241 100 0,1128,1224,1032
242 100 0,1152,1224,1008
243 100 0,1152,1224,1008
244 100 0,1152,1224,1008
245 100 0,1152,1224,1008
246 100 0,1176,1224,984
247 100 0,1176,1224,984
248 100 0,1176,1224,984
249 100 0,1176,1224,984
250 100 0,1176,1224,984
251 100 0,1200,1224,960
252 100 0,1200,1224,960
253 100 0,1200,1224,960
254 100 0,1224,1224,936
255 100 0,1224,1224,936
256 100 0,1224,1224,936
257 100 0,1224,1224,936
258 100 0,1224,1224,936
259 100 0,1248,1224,912
260 100 0,1248,1224,912
261 100 0,1248,1224,912
262 100 0,1248,1224,912
263 100 0,1248,1224,912
264 100 0,1248,1224,912
265 100 0,1248,1224,912
266 100 0,1248,1224,912
267 100 0,1248,1224,912
268 100 0,1248,1224,912
269 100 0,1248,1224,912
270 100 0,1248,1224,912
271 100 0,1248,1224,912
272 100 0,1248,1224,912
273 100 0,1248,1224,912
274 100 0,1248,1224,912
275 100 0,1248,1224,912
276 100 0,1248,1224,912
277 100 0,1248,1224,912
278 100 0,1248,1224,912
279 100 0,1248,1224,912
280 100 0,1248,1224,912
281 100 0,1248,1224,912
282 100 0,1248,1224,912
283 100 0,1248,1224,912
284 100 0,1248,1224,912
285 100 0,1248,1224,912
286 100 0,1248,1224,912
287 100 0,1248,1224,912
288 100 0,1248,1224,912
289 100 0,1248,1224,912
290 100 0,1248,1224,912
291 100 0,1224,1224,936
292 100 0,1224,1224,936
293 100 0,1224,1224,936
294 100 0,1224,1224,936
295 100 0,1224,1224,936
296 100 0,1224,1224,936
297 100 0,1224,1224,936
298 100 0,1248,1224,912
299 100 0,1248,1224,912
300 100 0,1248,1224,912
301 100 0,1248,1224,912
302 100 0,1248,1224,912
303 100 0,1248,1224,912
304 100 0,1248,1224,912
305 100 0,1248,1224,912
306 100 0,1248,1224,912
307 100 0,1248,1224,912
308 100 0,1248,1224,912
309 100 0,1248,1224,912
310 100 0,1248,1224,912
311 100 0,1248,1224,912
312 100 0,1248,1224,912
313 100 0,1248,1224,912
314 100 0,1248,1224,912
315 100 0,1248,1224,912
316 100 0,1248,1224,912
317 100 0,1248,1224,912
318 100 0,1248,1224,912
319 100 0,1248,1224,912
320 100 0,1248,1224,912
321 100 0,1248,1224,912
322 100 0,1248,1224,912
323 100 0,1248,1224,912
324 100 0,1248,1224,912
325 100 0,1248,1224,912
326 100 0,1248,1224,912
327 100 0,1248,1224,912
328 100 0,1248,1224,912
329 100 0,1248,1224,912
330 100 0,1248,1224,912
331 100 0,1248,1224,912
332 100 0,1248,1224,912
333 100 0,1224,1224,936
334 100 0,1224,1224,936
335 100 0,1224,1224,936
336 100 0,1224,1224,936
337 100 0,1224,1224,936
338 100 0,1224,1224,936
339 100 0,1224,1224,936
340 100 0,1224,1224,936
341 100 0,1224,1224,936
342 100 0,1224,1224,936
343 100 0,1224,1224,936
344 100 0,1248,1224,912
345 100 0,1248,1224,912
346 100 0,1248,1224,912
347 100 0,1224,1224,936
348 100 0,1224,1224,936
349 100 0,1224,1224,936
350 100 0,1224,1224,936
351 100 0,1200,1224,960
352 100 0,1200,1224,960
353 100 0,1200,1224,960
354 100 0,1200,1224,960
355 100 0,1200,1224,960
356 100 0,1200,1224,960
357 100 0,1200,1224,960
358 100 0,1200,1224,960
359 100 0,1200,1224,960
360 100 0,1200,1224,960
361 100 0,1176,1224,984
362 100 0,1176,1224,984
363 100 0,1176,1224,984
364 100 0,1176,1224,984
365 100 0,1152,1224,1008
366 100 0,1152,1224,1008
367 100 0,1152,1224,1008
368 100 0,1152,1224,1008
369 100 0,1152,1224,1008
370 100 0,1128,1224,1032
371 100 0,1128,1224,1032
372 100 0,1128,1224,1032
373 100 0,1128,1224,1032
374 100 0,1104,1224,1056
375 100 0,1104,1224,1056
376 100 0,1104,1224,1056
377 100 0,1080,1224,1080
378 100 0,1080,1224,1080
379 100 0,1056,1224,1104
380 100 0,1056,1224,1104
381 100 0,1032,1224,1128
382 100 0,1008,1224,1152
383 100 0,1008,1224,1152
384 100 0,984,1224,1176
385 100 240,960,1224,1200
386 100 720,960,1224,1200
387 100 792,936,1224,1224
388 100 816,936,1224,1224
389 100 840,912,1224,1224
390 100 864,912,1224,1224
391 100 912,888,1224,1224
392 100 936,888,1224,1224
393 100 960,864,1224,1224
394 100 1008,864,1224,1224
395 100 1032,840,1224,1224
396 100 1032,840,1224,1224
397 100 1056,816,1224,1224
398 100 1080,816,1224,1224
399 100 1104,816,1224,1200
400 100 1104,792,1224,1224
401 100 1128,768,1224,1224
402 100 1128,768,1224,1200
403 100 1128,768,1224,1200
404 100 1152,744,1224,1200
405 100 1152,720,1224,1224
406 100 1176,720,1224,1200
407 100 1176,696,1224,1200
408 100 1200,672,1224,1224
409 100 1200,672,1224,1200
410 100 1200,648,1224,1200
411 100 1224,624,1224,1200
412 100 1224,600,1224,1224
413 100 1248,600,1224,1200
414 100 1248,576,1224,1200
415 100 1248,552,1224,1224
416 100 1248,552,1224,1200
417 100 1248,528,1224,1224
418 100 1272,528,1224,1200
419 100 1272,528,1224,1200
420 100 1272,528,1224,1200
421 100 1272,504,1224,1224
422 100 1272,504,1224,1224
423 100 1272,504,1224,1224
424 100 1272,504,1224,1200
425 100 1296,504,1224,1200
426 100 1296,504,1224,1200
427 100 1296,504,1224,1200
428 100 1296,480,1224,1224
429 100 1296,480,1224,1224
430 100 1296,480,1224,1224
431 100 1272,504,1224,1200
432 100 1272,504,1224,1200
433 100 1272,504,1224,1200
434 100 1272,504,1224,1200
435 100 1272,480,1224,1224
436 100 1272,480,1224,1224
437 100 1272,480,1224,1224
438 100 1272,480,1224,1224
439 100 1272,480,1224,1224
440 100 1272,480,1224,1224
441 100 1272,480,1224,1224
442 100 1248,480,1224,1224
443 100 1248,480,1224,1224
444 100 1248,480,1224,1200
445 100 1248,456,1224,1224
446 100 1248,456,1224,1224
447 100 1248,456,1224,1200
448 100 1248,432,1224,1224
449 100 1224,432,1224,1224
450 100 1224,432,1224,1200
451 100 1224,408,1224,1224
452 100 1200,408,1224,1200
453 100 1200,384,1224,1224
454 100 1176,384,1224,1224
455 100 1176,384,1224,1200
456 100 1176,360,1224,1224
457 100 1176,360,1224,1224
458 100 1176,360,1224,1224
459 100 1176,360,1224,1224
460 100 1176,360,1224,1224
461 100 1176,360,1224,1224
462 100 1176,360,1224,1200
463 100 1176,360,1224,1224
464 100 1176,360,1224,1224
465 100 1176,360,1224,1224
466 100 1176,360,1224,1224
467 100 1176,384,1224,1200
468 100 1176,384,1224,1224
469 100 1200,384,1224,1224
470 100 1200,408,1224,1224
471 100 1200,432,1224,1200
472 100 1224,456,1224,1200
473 100 1200,480,1224,1224
474 100 1176,528,1224,1200
475 100 1176,552,1224,1200
476 100 1152,576,1224,1200
477 100 1152,600,1224,1224
478 100 1152,624,1224,1200
479 100 1152,624,1224,1224
480 100 1152,648,1224,1200
481 100 1152,648,1224,1224
482 100 1176,648,1224,1224
483 100 1200,672,1224,1200
484 100 1200,672,1224,1200
485 100 1224,672,1224,1200
486 100 1272,672,1224,1200
487 100 1296,672,1224,1224
488 100 1320,696,1224,1200
489 100 1320,696,1224,1200
490 100 1344,696,1224,1200
491 100 1368,696,1224,1200
492 100 1368,696,1224,1200
493 100 1392,696,1224,1224
494 100 1392,720,1224,1200
495 100 1416,720,1224,1200
496 100 1416,720,1224,1200
497 100 1416,720,1224,1200
498 100 1416,720,1224,1200
499 100 1440,720,1224,1200
500 100 1440,720,1224,1200
501 100 1440,696,1224,1224
502 100 1464,696,1224,1224
503 100 1464,696,1224,1224
504 100 1464,696,1224,1224
505 100 1464,696,1224,1224
506 100 1464,696,1224,1224
507 100 1440,696,1224,1224
508 100 1440,696,1224,1224
509 100 1440,696,1224,1224
510 100 1440,696,1224,1224
511 100 1440,696,1224,1224
512 100 1440,696,1224,1224
513 100 1440,696,1224,1224
514 100 1416,696,1224,1224
515 100 1416,696,1224,1200
516 100 1416,696,1224,1200
517 100 1416,696,1224,1200
518 100 1416,696,1224,1200
519 100 1392,696,1224,1200
520 100 1392,696,1224,1200
521 100 1392,696,1224,1200
522 100 1392,672,1224,1224
523 100 1368,672,1224,1200
524 100 1368,648,1224,1224
525 100 1368,648,1224,1200
526 100 1344,624,1224,1224
527 100 1344,600,1224,1224
528 100 1320,600,1224,1224
529 100 1296,600,1224,1200
530 100 1296,600,1224,1200
531 100 1296,576,1224,1224
532 100 1272,552,1224,1224
533 100 1272,552,1224,1224
534 100 1272,528,1224,1224
535 100 1248,528,1224,1200
536 100 1224,504,1224,1224
537 100 1200,504,1224,1200
538 100 1176,480,1224,1224
539 100 1176,480,1224,1224
540 100 1152,456,1224,1224
541 100 1128,456,1224,1224
542 100 1104,456,1224,1224
543 100 1080,456,1224,1200
544 100 1056,432,1224,1224
545 100 1008,432,1224,1224
546 100 984,432,1224,1224
547 100 936,432,1224,1200
548 100 912,432,1224,1224
549 100 888,432,1224,1200
550 100 864,432,1224,1200
551 100 816,432,1224,1200
552 100 792,408,1224,1224
553 100 768,408,1224,1224
554 100 744,408,1224,1224
555 100 696,408,1224,1200
556 100 672,408,1224,1200
557 100 648,408,1224,1200
558 100 624,408,1224,1200
559 100 600,408,1224,1200
560 100 576,408,1224,1200
561 100 552,408,1224,1200
562 100 528,408,1224,1200
563 100 504,408,1224,1200
564 100 480,408,1224,1224
565 100 456,432,1224,1200
566 100 432,432,1224,1200
567 100 432,456,1224,1200
568 100 408,456,1224,1224
569 100 408,480,1224,1224
570 100 384,504,1224,1200
571 100 360,528,1224,1200
572 100 336,528,1224,1200
573 100 288,528,1224,1224
574 100 288,528,1224,1224
575 100 264,552,1224,1200
576 100 240,552,1224,1200
577 100 216,552,1224,1200
578 100 192,552,1224,1200
579 100 144,552,1224,1224
580 100 120,576,1224,1200
581 100 96,576,1224,1200
582 100 72,576,1224,1224
583 100 24,600,1224,1200
584 100 0,600,1224,1200
585 100 0,600,1224,1200
586 100 0,600,1224,1200
587 100 0,600,1224,1200
588 100 24,600,1224,1200
589 100 0,600,1224,1200
590 100 0,600,1224,1200
591 100 24,600,1224,1200
592 100 24,600,1224,1224
593 100 48,600,1224,1224
594 100 48,624,1224,1200
595 100 72,624,1224,1224
596 100 96,648,1224,1200
597 100 24,648,1224,1224
598 100 96,672,1224,1200
599 100 72,672,1224,1200
600 100 24,672,1224,1200
601 100 0,672,1224,1200
602 100 3360,672,1224,1200
603 100 144,672,1224,1224
604 100 96,672,1224,1224
605 100 48,672,1224,1224
606 100 0,696,1224,1200
607 100 0,696,1224,1200
608 100 3432,696,1224,1200
609 100 3456,696,1224,1200
610 100 0,696,1224,1200
611 100 24,672,1224,1224
612 100 72,672,1224,1224
613 100 144,672,1224,1224
614 100 3360,672,1224,1200
615 100 3408,672,1224,1200
616 100 3480,672,1224,1200
617 100 24,648,1224,1224
618 100 120,648,1224,1224
619 100 3408,648,1224,1200
620 100 3432,648,1224,1200
621 100 0,648,1224,1200
622 100 48,648,1224,1200
623 100 72,624,1224,1224
624 100 120,624,1224,1224
625 100 3384,624,1224,1200
626 100 0,624,1224,1200
627 100 24,624,1224,1200
628 100 96,600,1224,1224
629 100 0,600,1224,1200
630 100 72,600,1224,1200
631 100 0,576,1224,1200
632 100 96,576,1224,1200
633 100 24,552,1224,1200
634 100 120,528,1224,1224
635 100 24,528,1224,1200
636 100 72,528,1224,1200
637 100 0,504,1224,1224
638 100 48,504,1224,1200
639 100 0,480,1224,1224
640 100 48,480,1224,1200
641 100 96,480,1224,1200
642 100 24,456,1224,1224
643 100 48,456,1224,1200
644 100 96,456,1224,1200
645 100 24,432,1224,1200
646 100 0,432,1224,1200
647 100 96,408,1224,1200
648 100 24,384,1224,1224
649 100 72,384,1224,1200
650 100 0,384,1224,1200
651 100 48,360,1224,1200
652 100 72,360,1224,1200
653 100 96,360,1224,1200
654 100 96,360,1224,1200
655 100 96,360,1224,1200
656 100 96,360,1224,1200
657 100 72,360,1224,1200
658 100 48,360,1224,1200
659 100 24,360,1224,1200
660 100 144,360,1224,1224
661 100 24,384,1224,1200
662 100 168,384,1224,1224
663 100 3456,408,1224,1200
664 100 3480,432,1224,1200
665 100 24,456,1224,1200
666 100 0,456,1224,1224
667 100 48,480,1224,1224
668 100 0,504,1224,1224
669 100 3600,528,1224,1224
670 100 24,552,1224,1224
671 100 3672,576,1224,1224
672 100 3432,600,1224,1200
673 100 3504,624,1224,1200
674 100 3624,624,1224,1224
675 100 3408,648,1224,1200
676 100 3528,672,1224,1200
677 100 3336,672,1224,1200
678 100 3600,672,1224,1224
679 100 3576,672,1224,1224
680 100 3576,672,1224,1224
681 100 3480,696,1224,1200
682 100 3360,696,1224,1200
683 100 3528,720,1224,1200
684 100 3432,720,1224,1200
685 100 3432,720,1224,1200
686 100 3432,720,1224,1200
687 100 3408,720,1224,1200
688 100 3432,720,1224,1200
689 100 3456,720,1224,1200
690 100 3480,720,1224,1200
691 100 3480,720,1224,1200
692 100 3504,720,1224,1200
693 100 3504,720,1224,1200
694 100 3552,696,1224,1224
695 100 3696,696,1224,1224
696 100 3336,696,1224,1200
697 100 3360,696,1224,1200
698 100 3360,696,1224,1200
699 100 3384,696,1224,1200
700 100 3384,696,1224,1200
701 100 3432,696,1224,1200
702 100 3480,696,1224,1200
703 100 3504,696,1224,1200
704 100 3600,672,1224,1224
705 100 3384,672,1224,1200
706 100 3576,672,1224,1200
707 100 3384,648,1224,1200
708 100 3528,648,1224,1200
709 100 3360,624,1224,1200
710 100 3480,624,1224,1200
711 100 3624,600,1224,1224
712 100 3408,600,1224,1200
713 100 3480,600,1224,1200
714 100 0,576,1224,1224
715 100 96,576,1224,1224
716 100 3456,576,1224,1200
717 100 24,576,1224,1200
718 100 3384,552,1224,1200
719 100 0,552,1224,1200
720 100 48,552,1224,1200
721 100 120,528,1224,1224
722 100 0,528,1224,1224
723 100 24,528,1224,1200
724 100 72,528,1224,1200
725 100 96,528,1224,1200
726 100 0,528,1224,1200
727 100 24,528,1224,1200
728 100 0,528,1224,1224
729 100 24,528,1224,1224
730 100 24,528,1224,1224
731 100 24,552,1224,1200
732 100 24,552,1224,1224
733 100 0,576,1224,1200
734 100 0,576,1224,1224
735 100 24,600,1224,1200
736 100 0,624,1224,1200
737 100 0,648,1224,1224
738 100 24,696,1224,1200
739 100 0,696,1224,1224
740 100 0,720,1224,1200
741 100 0,720,1224,1224
742 100 0,744,1224,1200
743 100 0,744,1224,1224
744 100 0,744,1224,1224
745 100 0,744,1224,1224
746 100 0,768,1224,1200
747 100 0,768,1224,1200
748 100 0,768,1224,1200
749 100 0,768,1224,1200
750 100 24,768,1224,1224
751 100 48,768,1224,1224
752 100 72,768,1224,1224
753 100 72,792,1224,1200
754 100 96,792,1224,1200
755 100 96,792,1224,1200
756 100 120,792,1224,1200
757 100 120,792,1224,1200
758 100 144,792,1224,1200
759 100 168,792,1224,1200
760 100 168,792,1224,1200
761 100 192,792,1224,1200
762 100 192,792,1224,1200
763 100 192,792,1224,1200
764 100 216,792,1224,1200
765 100 216,792,1224,1224
766 100 192,816,1224,1200
767 100 192,840,1224,1200
768 100 216,840,1224,1200
769 100 240,816,1224,1200
770 100 240,816,1224,1200
771 100 240,816,1224,1200
772 100 240,816,1224,1200
773 100 288,792,1224,1200
774 100 288,792,1224,1200
775 100 312,768,1224,1224
776 100 312,768,1224,1224
777 100 336,744,1224,1224
778 100 360,720,1224,1224
779 100 360,720,1224,1200
780 100 384,696,1224,1224
781 100 384,696,1224,1200
782 100 384,696,1224,1200
783 100 408,696,1224,1200
784 100 408,672,1224,1224
785 100 408,672,1224,1224
786 100 432,672,1224,1200
787 100 432,672,1224,1200
788 100 432,672,1224,1224
789 100 432,672,1224,1224
790 100 432,672,1224,1200
791 100 432,672,1224,1200
792 100 456,672,1224,1200
793 100 456,672,1224,1200
794 100 480,648,1224,1224
795 100 480,648,1224,1224
796 100 504,648,1224,1200
797 100 504,648,1224,1200
798 100 504,648,1224,1224
799 100 504,672,1224,1200
800 100 504,672,1224,1200
801 100 504,672,1224,1200
802 100 528,648,1224,1224
803 100 528,672,1224,1200
804 100 528,648,1224,1224
805 100 528,648,1224,1224
806 100 528,648,1224,1224
807 100 528,648,1224,1200
808 100 528,648,1224,1200
809 100 528,648,1224,1200
810 100 528,648,1224,1200
811 100 528,648,1224,1224
812 100 528,648,1224,1224
813 100 528,672,1224,1200
814 100 528,672,1224,1200
815 100 528,672,1224,1200
816 100 528,672,1224,1200
817 100 528,672,1224,1200
818 100 528,672,1224,1200
819 100 528,672,1224,1200
820 100 528,672,1224,1200
821 100 528,672,1224,1200
822 100 504,672,1224,1224
823 100 504,672,1224,1224
824 100 504,696,1224,1200
825 100 504,720,1224,1200
826 100 480,720,1224,1224
827 100 480,744,1224,1224
828 100 480,744,1224,1224
829 100 504,720,1224,1200
830 100 528,696,1224,1224
831 100 552,672,1224,1200
832 100 552,672,1224,1200
833 100 576,648,1224,1200
834 100 576,648,1224,1200
835 100 600,624,1224,1200
836 100 600,600,1224,1200
837 100 624,576,1224,1224
838 100 624,552,1224,1224
839 100 648,528,1224,1224
840 100 648,528,1224,1200
841 100 648,504,1224,1200
842 100 672,480,1224,1200
843 100 648,456,1224,1224
844 100 648,456,1224,1200
845 100 648,432,1224,1200
846 100 624,408,1224,1200
847 100 600,384,1224,1200
848 100 600,360,1224,1224
849 100 576,336,1224,1224
850 100 552,336,1224,1200
851 100 552,312,1224,1200
852 100 528,288,1224,1224
853 100 528,288,1224,1200
854 100 504,264,1224,1224
855 100 480,240,1224,1224
856 100 456,240,1224,1200
857 100 456,216,1224,1224
858 100 432,216,1224,1200
859 100 408,192,1224,1224
860 100 408,192,1224,1200
861 100 384,168,1224,1224
862 100 360,168,1224,1200
863 100 336,144,1224,1224
864 100 336,144,1224,1200
865 100 312,144,1224,1200
866 100 312,120,1224,1224
867 100 312,120,1224,1224
868 100 288,120,1224,1224
869 100 288,120,1224,1224
870 100 288,144,1224,1200
871 100 288,144,1224,1200
872 100 288,144,1224,1200
873 100 288,144,1224,1200
874 100 288,144,1224,1200
875 100 288,144,1224,1200
876 100 288,144,1224,1200
877 100 264,144,1224,1200
878 100 264,144,1224,1200
879 100 264,144,1224,1200
880 100 264,144,1224,1200
881 100 264,144,1224,1200
882 100 240,144,1224,1200
883 100 240,144,1224,1200
884 100 240,144,1224,1200
885 100 216,144,1224,1200
886 100 192,144,1224,1200
887 100 144,144,1224,1200
888 100 120,144,1224,1200
889 100 96,144,1224,1200
890 100 96,144,1224,1200
891 100 72,144,1224,1224
892 100 48,168,1224,1200
893 100 48,168,1224,1200
894 100 24,168,1224,1200
895 100 0,168,1224,1200
896 100 0,168,1224,1224
897 100 0,168,1224,1224
898 100 0,168,1224,1224
899 100 0,192,1224,1200
900 100 0,192,1224,1200
901 100 0,192,1224,1224
902 100 0,216,1224,1200
903 100 0,240,1224,1200
904 100 0,240,1224,1224
905 100 0,264,1224,1200
906 100 0,264,1224,1224
907 100 0,288,1224,1200
908 100 0,288,1224,1200
909 100 0,288,1224,1200
910 100 0,312,1224,1200
911 100 0,312,1224,1200
912 100 0,312,1224,1224
913 100 0,312,1224,1224
914 100 0,336,1224,1200
915 100 0,336,1224,1200
916 100 0,336,1224,1200
917 100 0,336,1224,1200
918 100 0,336,1224,1224
919 100 48,360,1224,1200
920 100 24,360,1224,1200
921 100 48,360,1224,1200
922 100 24,360,1224,1224
923 100 48,384,1224,1200
924 100 24,384,1224,1200
925 100 0,384,1224,1200
926 100 48,384,1224,1224
927 100 24,408,1224,1200
928 100 72,408,1224,1200
929 100 24,408,1224,1200
930 100 0,408,1224,1224
931 100 72,408,1224,1224
932 100 48,408,1224,1224
933 100 48,432,1224,1200
934 100 0,432,1224,1200
935 100 72,432,1224,1200
936 100 24,432,1224,1224
937 100 96,456,1224,1200
938 100 48,456,1224,1200
939 100 0,456,1224,1224
940 100 120,456,1224,1224
941 100 48,480,1224,1200
942 100 0,480,1224,1200
943 100 3408,480,1224,1200
944 100 96,480,1224,1224
945 100 24,504,1224,1200
946 100 3504,504,1224,1200
947 100 3456,504,1224,1200
948 100 3432,504,1224,1200
949 100 96,504,1224,1224
950 100 24,504,1224,1224
951 100 24,504,1224,1224
952 100 0,504,1224,1224
953 100 0,528,1224,1200
954 100 3552,528,1224,1200
955 100 3504,528,1224,1200
956 100 3528,528,1224,1200
957 100 3480,528,1224,1200
958 100 3432,528,1224,1200
959 100 3408,528,1224,1200
960 100 120,528,1224,1224
961 100 72,528,1224,1224
962 100 72,528,1224,1224
963 100 72,528,1224,1224
964 100 120,528,1224,1224
965 100 120,528,1224,1224
966 100 120,528,1224,1224
967 100 120,528,1224,1224
968 100 96,528,1224,1224
969 100 120,528,1224,1224
970 100 120,528,1224,1224
971 100 120,528,1224,1224
972 100 96,528,1224,1224
973 100 96,528,1224,1224
974 100 96,528,1224,1224
975 100 96,528,1224,1224
976 100 120,528,1224,1224
977 100 144,528,1224,1224
978 100 144,528,1224,1224
979 100 0,528,1224,1224
980 100 0,528,1224,1224
981 100 0,528,1224,1224
982 100 0,528,1224,1224
983 100 0,528,1224,1224
984 100 0,528,1224,1224
985 100 0,552,1224,1200
986 100 24,528,1224,1224
987 100 24,552,1224,1200
988 100 24,552,1224,1200
989 100 24,552,1224,1200
990 100 48,552,1224,1200
991 100 48,552,1224,1224
992 100 48,552,1224,1224
993 100 0,552,1224,1224
994 100 0,552,1224,1224
995 100 0,552,1224,1224
996 100 0,552,1224,1224
997 100 24,576,1224,1200
998 100 24,576,1224,1200
999 100 24,576,1224,1224
1000 100 0,576,1224,1224
1001 100 0,576,1224,1224
1002 100 0,600,1224,1200
1003 100 0,600,1224,1224
1004 100 0,600,1224,1224
1005 100 0,624,1224,1224
1006 100 0,648,1224,1224
1007 100 0,672,1224,1224
1008 100 0,696,1224,1224
1009 100 0,720,1224,1224
1010 100 0,744,1224,1224
1011 100 24,792,1224,1224
1012 100 0,792,1224,1224
1013 100 0,816,1224,1248
1014 100 0,840,1224,1224
1015 100 0,864,1224,1224
1016 100 0,864,1224,1224
1017 100 0,864,1224,1248
1018 100 0,888,1224,1224
1019 100 0,888,1224,1248
1020 100 24,888,1224,1248
1021 100 24,888,1224,1248
1022 100 0,912,1224,1248
1023 100 0,912,1224,1248
1024 100 0,912,1224,1248
1025 100 0,912,1224,1248
1026 100 0,936,1224,1224
1027 100 24,936,1224,1224
1028 100 1920,936,1224,1224
1029 100 1680,936,1224,1224
1030 100 1464,960,1224,1200
1031 100 1032,960,1224,1200
1032 100 816,960,1224,1200
1033 100 0,960,1224,1200
1034 100 0,960,1224,1200
1035 100 0,984,1224,1176
1036 100 0,984,1224,1176
1037 100 0,984,1224,1176
1038 100 0,984,1224,1176
1039 100 0,1008,1224,1152
1040 100 0,1008,1224,1152
1041 100 0,1008,1224,1152
1042 100 0,1008,1224,1152
1043 100 0,1008,1224,1152
1044 100 0,1008,1224,1152
1045 100 0,1008,1224,1152
1046 100 0,1008,1224,1152
1047 100 0,1008,1224,1152
1048 100 0,1008,1224,1152
1049 100 0,1008,1224,1152
1050 100 0,1008,1224,1152
1051 100 0,1008,1224,1152
1052 100 0,1008,1224,1152
1053 100 0,1008,1224,1152
1054 100 0,1008,1224,1152
1055 100 0,1008,1224,1152
1056 100 0,1008,1224,1152
1057 100 0,1008,1224,1152
1058 100 0,1008,1224,1152
1059 100 0,1008,1224,1152
1060 100 0,1008,1224,1152
1061 100 0,1032,1224,1128
1062 100 0,1032,1224,1128
1063 100 0,1032,1224,1128
1064 100 0,1032,1224,1128
1065 100 0,1032,1224,1128
1066 100 0,1032,1224,1128
1067 100 0,1032,1224,1128
1068 100 0,1032,1224,1128
1069 100 0,1032,1224,1128
1070 100 0,1032,1224,1128
1071 100 0,1032,1224,1128
1072 100 0,1056,1224,1104
1073 100 0,1032,1224,1128
1074 100 0,1056,1224,1104
1075 100 0,1032,1224,1128
1076 100 0,1032,1224,1128
1077 100 0,1032,1224,1128
1078 100 0,1032,1224,1128
1079 100 0,1032,1224,1128
1080 100 0,1032,1224,1128
1081 100 0,1032,1224,1128
1082 100 0,1032,1224,1128
1083 100 0,1032,1224,1128
1084 100 0,1032,1224,1128
1085 100 0,1032,1224,1128
1086 100 0,1032,1224,1128
1087 100 0,1032,1224,1128
1088 100 0,1008,1224,1152
1089 100 0,1008,1224,1152
1090 100 0,1008,1224,1152
1091 100 0,1008,1224,1152
1092 100 0,1008,1224,1152
1093 100 0,1008,1224,1152
1094 100 0,1008,1224,1152
1095 100 0,1008,1224,1152
1096 100 0,1008,1224,1152
1097 100 0,1008,1224,1152
1098 100 0,1008,1224,1152
1099 100 0,1008,1224,1152
1100 100 0,1008,1224,1152
1101 100 0,984,1224,1176
1102 100 0,984,1224,1176
1103 100 0,984,1224,1176
1104 100 0,984,1224,1176
1105 100 0,984,1224,1176
1106 100 264,984,1224,1176
1107 100 432,960,1224,1200
1108 100 600,960,1224,1200
1109 100 696,960,1224,1200
1110 100 768,960,1224,1200
1111 100 816,960,1224,1200
1112 100 816,960,1224,1200
1113 100 816,936,1224,1224
1114 100 792,936,1224,1224
1115 100 792,936,1224,1224
1116 100 792,936,1224,1224
1117 100 792,936,1224,1224
1118 100 768,936,1224,1224
1119 100 744,936,1224,1224
1120 100 720,936,1224,1224
1121 100 720,912,1224,1248
1122 100 696,912,1224,1248
1123 100 672,912,1224,1248
1124 100 648,888,1224,1272
1125 100 624,888,1224,1272
1126 100 600,888,1224,1272
1127 100 600,888,1224,1272
1128 100 576,864,1224,1272
1129 100 552,864,1224,1272
1130 100 552,864,1224,1272
1131 100 528,864,1224,1272
1132 100 504,840,1224,1272
1133 100 504,840,1224,1272
1134 100 480,840,1224,1248
1135 100 480,816,1224,1272
1136 100 456,816,1224,1272
1137 100 432,816,1224,1248
1138 100 432,792,1224,1272
1139 100 408,792,1224,1248
1140 100 384,768,1224,1272
1141 100 360,768,1224,1272
1142 100 336,744,1224,1272
1143 100 336,744,1224,1272
1144 100 312,720,1224,1272
1145 100 312,720,1224,1272
1146 100 288,720,1224,1272
1147 100 264,696,1224,1272
1148 100 240,696,1224,1272
1149 100 240,696,1224,1248
1150 100 216,672,1224,1272
1151 100 216,672,1224,1272
1152 100 192,672,1224,1248
1153 100 192,648,1224,1272
1154 100 168,648,1224,1248
1155 100 168,624,1224,1272
1156 100 144,624,1224,1248
1157 100 120,624,1224,1248
1158 100 72,624,1224,1248
1159 100 48,624,1224,1248
1160 100 24,600,1224,1272
1161 100 0,600,1224,1248
1162 100 0,600,1224,1248
1163 100 0,600,1224,1248
1164 100 0,576,1224,1248
1165 100 0,576,1224,1248
1166 100 0,576,1224,1248
1167 100 0,576,1224,1248
1168 100 0,576,1224,1248
1169 100 24,576,1224,1224
1170 100 0,576,1224,1224
1171 100 0,576,1224,1224
1172 100 24,576,1224,1224
1173 100 0,576,1224,1224
1174 100 24,576,1224,1224
1175 100 0,576,1224,1224
1176 100 24,576,1224,1224
1177 100 24,576,1224,1224
1178 100 0,576,1224,1224
1179 100 0,576,1224,1224
1180 100 48,576,1224,1200
1181 100 24,576,1224,1200
1182 100 24,576,1224,1200
1183 100 0,576,1224,1200
1184 100 0,576,1224,1200
1185 100 72,576,1224,1200
1186 100 48,576,1224,1200
1187 100 48,576,1224,1200
1188 100 24,576,1224,1200
1189 100 24,576,1224,1200
1190 100 0,576,1224,1200
1191 100 3456,576,1224,1200
1192 100 3456,576,1224,1200
1193 100 3432,576,1224,1200
1194 100 3408,576,1224,1200
1195 100 96,576,1224,1224
1196 100 24,576,1224,1224
1197 100 3552,576,1224,1224
1198 100 3504,600,1224,1200
1199 100 3432,600,1224,1200
1200 100 3384,600,1224,1200
1201 100 48,600,1224,1224
1202 100 3576,600,1224,1224
1203 100 3528,624,1224,1200
1204 100 3480,624,1224,1200
1205 100 3432,624,1224,1200
1206 100 3384,624,1224,1200
1207 100 3672,624,1224,1224
1208 100 3552,624,1224,1224
1209 100 3504,648,1224,1200
1210 100 3456,648,1224,1200
1211 100 3432,648,1224,1200
1212 100 3456,648,1224,1200
1213 100 3528,624,1224,1224
1214 100 3384,624,1224,1200
1215 100 3624,600,1224,1224
1216 100 3648,576,1224,1224
1217 100 3528,576,1224,1200
1218 100 3528,552,1224,1200
1219 100 3480,528,1224,1200
1220 100 3480,504,1224,1200
1221 100 3384,480,1224,1200
1222 100 3720,456,1224,1224
1223 100 3528,456,1224,1200
1224 100 3576,432,1224,1200
1225 100 3528,408,1224,1200
1226 100 3480,384,1224,1200
1227 100 3504,360,1224,1200
1228 100 3504,336,1224,1200
1229 100 3672,288,1224,1224
1230 100 24,264,1224,1224
1231 100 3360,240,1224,1200
1232 100 24,216,1224,1224
1233 100 48,192,1224,1224
1234 100 0,168,1224,1224
1235 100 3552,144,1224,1224
1236 100 3432,144,1224,1200
1237 100 3264,120,1224,1200
1238 100 3408,120,1224,1200
1239 100 48,96,1224,1224
1240 100 3264,96,1224,1200
1241 100 3384,96,1224,1200
1242 100 72,72,1224,1224
1243 100 3240,72,1224,1200
1244 100 3360,72,1224,1200
1245 100 3144,48,1224,1200
1246 100 3192,48,1224,1200
1247 100 24,48,1224,1200
1248 100 144,24,1224,1224
1249 100 3072,24,1224,1200
1250 100 0,24,1224,1200
1251 100 72,24,1224,1200
1252 100 96,24,1224,1200
1253 100 144,24,1224,1200
1254 100 192,24,1224,1200
1255 100 0,24,1224,1200
1256 100 24,24,1224,1200
1257 100 48,24,1224,1200
1258 100 72,24,1224,1200
1259 100 96,24,1224,1200
1260 100 96,24,1224,1200
1261 100 96,24,1224,1200
1262 100 120,24,1224,1200
1263 100 144,24,1224,1200
1264 100 0,24,1224,1200
1265 100 0,24,1224,1224
1266 100 24,24,1224,1224
1267 100 24,24,1224,1224
1268 100 48,24,1224,1248
1269 100 0,24,1224,1248
1270 100 0,24,1224,1248
1271 100 0,48,1224,1248
1272 100 0,48,1224,1248
1273 100 0,72,1224,1248
1274 100 0,72,1224,1272
1275 100 0,96,1224,1248
1276 100 0,96,1224,1272
1277 100 0,120,1224,1248
1278 100 0,144,1224,1272
1279 100 0,168,1224,1248
1280 100 0,168,1224,1272
1281 100 0,192,1224,1248
1282 100 0,216,1224,1248
1283 100 0,216,1224,1272
1284 100 48,240,1224,1272
1285 100 96,264,1224,1272
1286 100 168,312,1224,1248
1287 100 192,336,1224,1248
1288 100 240,360,1224,1248
1289 100 240,384,1224,1248
1290 100 240,408,1224,1248
1291 100 240,432,1224,1248
1292 100 240,456,1224,1248
1293 100 240,456,1224,1272
1294 100 240,480,1224,1248
1295 100 264,480,1224,1272
1296 100 264,504,1224,1248
1297 100 288,528,1224,1248
1298 100 288,528,1224,1248
1299 100 312,528,1224,1248
1300 100 312,552,1224,1248
1301 100 312,576,1224,1248
1302 100 336,576,1224,1248
1303 100 336,600,1224,1248
1304 100 360,600,1224,1248
1305 100 360,624,1224,1248
1306 100 384,624,1224,1248
1307 100 384,648,1224,1224
1308 100 408,648,1224,1224
1309 100 432,648,1224,1248
1310 100 432,672,1224,1224
1311 100 456,672,1224,1224
1312 100 480,672,1224,1224
1313 100 504,672,1224,1224
1314 100 528,672,1224,1224
1315 100 552,696,1224,1224
1316 100 552,696,1224,1224
1317 100 576,696,1224,1224
1318 100 600,720,1224,1224
1319 100 624,720,1224,1224
1320 100 648,720,1224,1224
1321 100 672,720,1224,1224
1322 100 696,720,1224,1224
1323 100 720,720,1224,1224
1324 100 744,720,1224,1200
1325 100 768,696,1224,1224
1326 100 792,696,1224,1224
1327 100 816,696,1224,1224
1328 100 816,720,1224,1200
1329 100 840,720,1224,1224
1330 100 864,720,1224,1224
1331 100 864,720,1224,1224
1332 100 864,720,1224,1224
1333 100 888,744,1224,1224
1334 100 888,744,1224,1224
1335 100 912,768,1224,1224
1336 100 912,792,1224,1224
1337 100 912,816,1224,1224
1338 100 888,840,1224,1224
1339 100 888,840,1224,1224
1340 100 888,864,1224,1224
1341 100 888,864,1224,1248
1342 100 888,888,1224,1224
1343 100 888,888,1224,1248
1344 100 888,912,1224,1224
1345 100 888,912,1224,1248
1346 100 888,936,1224,1224
1347 100 888,936,1224,1224
1348 100 888,936,1224,1224
1349 100 888,960,1224,1200
1350 100 864,960,1224,1200
1351 100 888,960,1224,1200
1352 100 864,960,1224,1200
1353 100 888,960,1224,1200
1354 100 888,960,1224,1200
1355 100 888,960,1224,1200
1356 100 888,960,1224,1200
1357 100 888,960,1224,1200
1358 100 912,960,1224,1200
1359 100 912,960,1224,1200
1360 100 912,960,1224,1200
1361 100 912,960,1224,1200
1362 100 912,960,1224,1200
1363 100 936,960,1224,1200
1364 100 936,960,1224,1200
1365 100 936,960,1224,1200
1366 100 936,960,1224,1200
1367 100 936,960,1224,1200
1368 100 936,960,1224,1200
1369 100 960,960,1224,1200
1370 100 960,960,1224,1200
1371 100 960,960,1224,1200
1372 100 960,960,1224,1200
1373 100 960,960,1224,1200
1374 100 960,960,1224,1200
1375 100 960,984,1224,1176
1376 100 960,984,1224,1176
1377 100 768,984,1224,1176
1378 100 600,984,1224,1176
1379 100 384,1008,1224,1152
1380 100 0,1008,1224,1152
1381 100 0,1008,1224,1152
1382 100 0,1008,1224,1152
1383 100 0,1008,1224,1152
1384 100 0,1008,1224,1152
1385 100 0,1008,1224,1152
1386 100 0,1008,1224,1152
1387 100 0,1008,1224,1152
1388 100 0,1008,1224,1152
1389 100 0,1008,1224,1152
1390 100 0,1008,1224,1152
1391 100 0,1008,1224,1152
1392 100 0,1008,1224,1152
1393 100 0,1008,1224,1152
1394 100 120,1008,1224,1152
1395 100 72,1008,1224,1152
1396 100 0,1008,1224,1152
1397 100 0,1008,1224,1152
1398 100 0,1008,1224,1152
1399 100 0,1008,1224,1152
1400 100 216,1008,1224,1152
1401 100 312,1008,1224,1152
1402 100 360,984,1224,1176
1403 100 408,984,1224,1176
1404 100 480,984,1224,1176
1405 100 600,984,1224,1176
1406 100 816,984,1224,1176
1407 100 936,984,1224,1176
1408 100 936,960,1224,1200
1409 100 960,960,1224,1200
1410 100 960,936,1224,1224
1411 100 984,912,1224,1224
1412 100 984,912,1224,1224
1413 100 1008,888,1224,1224
1414 100 1008,888,1224,1200
1415 100 1008,864,1224,1224
1416 100 1032,840,1224,1224
1417 100 1032,816,1224,1224
1418 100 1056,792,1224,1200
1419 100 1080,768,1224,1224
1420 100 1080,720,1224,1224
1421 100 1104,696,1224,1224
1422 100 1128,648,1224,1224
1423 100 1152,624,1224,1224
1424 100 1152,600,1224,1224
1425 100 1176,576,1224,1224
1426 100 1176,552,1224,1200
1427 100 1176,528,1224,1224
1428 100 1176,480,1224,1224
1429 100 1200,456,1224,1224
1430 100 1200,432,1224,1224
1431 100 1176,408,1224,1224
1432 100 1152,408,1224,1200
1433 100 1128,384,1224,1200
1434 100 1128,360,1224,1224
1435 100 1104,336,1224,1224
1436 100 1080,312,1224,1224
1437 100 1056,312,1224,1224
1438 100 1008,264,1224,1224
1439 100 1008,264,1224,1200
1440 100 984,240,1224,1224
1441 100 960,240,1224,1200
1442 100 936,216,1224,1224
1443 100 912,216,1224,1200
1444 100 912,192,1224,1224
1445 100 888,192,1224,1200
1446 100 864,168,1224,1224
1447 100 864,168,1224,1200
1448 100 864,168,1224,1200
1449 100 840,144,1224,1224
1450 100 840,144,1224,1200
1451 100 816,120,1224,1224
1452 100 792,120,1224,1224
1453 100 792,120,1224,1200
1454 100 792,96,1224,1224
1455 100 792,96,1224,1224
1456 100 768,96,1224,1224
1457 100 768,96,1224,1224
1458 100 768,96,1224,1224
1459 100 768,96,1224,1224
1460 100 744,96,1224,1224
1461 100 744,96,1224,1224
1462 100 744,96,1224,1224
1463 100 744,96,1224,1224
1464 100 720,96,1224,1224
1465 100 720,96,1224,1224
1466 100 696,96,1224,1200
1467 100 672,72,1224,1224
1468 100 624,72,1224,1224
1469 100 600,72,1224,1200
1470 100 576,72,1224,1200
1471 100 552,72,1224,1200
1472 100 528,72,1224,1200
1473 100 528,72,1224,1200
1474 100 504,72,1224,1200
1475 100 480,72,1224,1200
1476 100 456,72,1224,1200
1477 100 432,72,1224,1200
1478 100 408,72,1224,1224
1479 100 384,72,1224,1224
1480 100 384,72,1224,1224
1481 100 360,72,1224,1224
1482 100 336,96,1224,1224
1483 100 312,96,1224,1224
1484 100 312,96,1224,1224
1485 100 288,96,1224,1224
1486 100 264,120,1224,1224
1487 100 240,120,1224,1224
1488 100 240,120,1224,1248
1489 100 216,120,1224,1248
1490 100 216,120,1224,1248
1491 100 192,144,1224,1224
1492 100 168,144,1224,1248
1493 100 144,144,1224,1248
1494 100 120,144,1224,1248
1495 100 120,168,1224,1248
1496 100 96,168,1224,1248
1497 100 72,192,1224,1224
1498 100 48,192,1224,1248
1499 100 48,192,1224,1248
1500 100 24,192,1224,1248
1501 100 0,216,1224,1224
1502 100 0,216,1224,1224
1503 100 0,216,1224,1224
1504 100 0,192,1224,1248
1505 100 0,192,1224,1248
1506 100 0,192,1224,1224
1507 100 0,192,1224,1224
1508 100 0,192,1224,1224
1509 100 0,192,1224,1224
1510 100 0,192,1224,1224
1511 100 0,192,1224,1224
1512 100 0,192,1224,1224
1513 100 0,192,1224,1224
1514 100 0,192,1224,1224
1515 100 0,192,1224,1224
1516 100 0,192,1224,1224
1517 100 0,192,1224,1224
1518 100 0,192,1224,1224
1519 100 0,216,1224,1200
1520 100 0,216,1224,1200
1521 100 0,216,1224,1224
1522 100 0,216,1224,1224
1523 100 0,216,1224,1224
1524 100 0,216,1224,1224
1525 100 0,240,1224,1200
1526 100 0,240,1224,1200
1527 100 0,240,1224,1200
1528 100 0,240,1224,1224
1529 100 0,288,1224,1200
1530 100 0,312,1224,1200
1531 100 0,336,1224,1224
1532 100 0,384,1224,1200
1533 100 0,408,1224,1200
1534 100 24,432,1224,1224
1535 100 24,456,1224,1224
1536 100 24,480,1224,1200
1537 100 0,504,1224,1200
1538 100 24,528,1224,1200
1539 100 24,552,1224,1200
1540 100 48,576,1224,1224
1541 100 48,600,1224,1200
1542 100 48,624,1224,1200
1543 100 48,624,1224,1224
1544 100 0,648,1224,1200
1545 100 0,648,1224,1224
1546 100 24,672,1224,1200
1547 100 72,672,1224,1224
1548 100 0,696,1224,1200
1549 100 48,696,1224,1224
1550 100 96,720,1224,1200
1551 100 0,720,1224,1224
1552 100 48,744,1224,1200
1553 100 144,744,1224,1224
1554 100 3288,768,1224,1200
1555 100 0,792,1224,1200
1556 100 96,792,1224,1224
1557 100 3192,816,1224,1200
1558 100 0,816,1224,1224
1559 100 3312,816,1224,1224
1560 100 3216,840,1224,1200
1561 100 3168,840,1224,1200
1562 100 72,840,1224,1224
1563 100 48,840,1224,1224
1564 100 0,840,1224,1224
1565 100 3336,840,1224,1224
1566 100 3240,840,1224,1224
1567 100 3192,840,1224,1224
1568 100 192,864,1224,1224
1569 100 72,864,1224,1224
1570 100 3360,864,1224,1224
1571 100 3264,864,1224,1224
1572 100 3120,864,1224,1224
1573 100 3096,864,1224,1224
1574 100 3072,864,1224,1224
1575 100 3096,864,1224,1224
1576 100 3096,864,1224,1224
1577 100 3096,864,1224,1224
1578 100 3120,864,1224,1224
1579 100 3120,864,1224,1224
1580 100 3096,864,1224,1224
1581 100 3096,864,1224,1224
1582 100 3120,864,1224,1224
1583 100 3120,864,1224,1224
1584 100 3120,864,1224,1224
1585 100 3120,864,1224,1224
1586 100 3168,864,1224,1224
1587 100 0,864,1224,1224
1588 100 0,864,1224,1224
1589 100 24,864,1224,1224
1590 100 24,864,1224,1224
1591 100 48,864,1224,1224
1592 100 48,864,1224,1224
1593 100 72,864,1224,1224
1594 100 96,864,1224,1224
1595 100 120,864,1224,1224
1596 100 120,864,1224,1224
1597 100 96,864,1224,1224
1598 100 48,888,1224,1224
1599 100 24,912,1224,1200
1600 100 96,912,1224,1224
1601 100 0,912,1224,1224
1602 100 72,912,1224,1224
1603 100 0,912,1224,1224
1604 100 48,936,1224,1200
1605 100 48,936,1224,1224
1606 100 24,936,1224,1224
1607 100 0,936,1224,1224
1608 100 0,960,1224,1200
1609 100 0,960,1224,1200
1610 100 0,960,1224,1200
1611 100 0,960,1224,1200
1612 100 0,984,1224,1176
1613 100 0,984,1224,1176
1614 100 0,984,1224,1176
1615 100 24,984,1224,1176
1616 100 24,984,1224,1176
1617 100 1512,984,1224,1176
1618 100 1488,984,1224,1176
1619 100 1320,1008,1224,1152
1620 100 1200,1008,1224,1152
1621 100 1152,1008,1224,1152
1622 100 1056,1008,1224,1152
1623 100 1008,1008,1224,1152
1624 100 984,1008,1224,1152
1625 100 864,1008,1224,1152
1626 100 696,1008,1224,1152
1627 100 744,1008,1224,1152
1628 100 744,1008,1224,1152
1629 100 1008,1008,1224,1152
1630 100 1008,1008,1224,1152
1631 100 1056,1008,1224,1152
1632 100 24,1008,1224,1152
1633 100 72,1008,1224,1152
1634 100 120,1008,1224,1152
1635 100 192,1008,1224,1152
1636 100 240,984,1224,1176
1637 100 240,1008,1224,1152
1638 100 192,1008,1224,1152
1639 100 144,1008,1224,1152
1640 100 144,1008,1224,1152
1641 100 192,1008,1224,1152
1642 100 240,1008,1224,1152
1643 100 336,1008,1224,1152
1644 100 456,984,1224,1176
1645 100 504,984,1224,1176
1646 100 600,984,1224,1176
1647 100 624,984,1224,1176
1648 100 648,984,1224,1176
1649 100 672,984,1224,1176
1650 100 696,960,1224,1200
1651 100 720,960,1224,1200
1652 100 744,960,1224,1200
1653 100 768,936,1224,1224
1654 100 768,936,1224,1224
1655 100 792,936,1224,1200
1656 100 816,912,1224,1224
1657 100 840,912,1224,1224
1658 100 840,912,1224,1200
1659 100 864,888,1224,1224
1660 100 888,888,1224,1224
1661 100 912,888,1224,1200
1662 100 912,888,1224,1200
1663 100 936,864,1224,1224
1664 100 960,864,1224,1224
1665 100 960,864,1224,1200
1666 100 984,840,1224,1224
1667 100 1008,840,1224,1224
1668 100 1008,840,1224,1200
1669 100 1032,840,1224,1200
1670 100 1032,816,1224,1224
1671 100 1056,816,1224,1200
1672 100 1080,816,1224,1200
1673 100 1080,792,1224,1224
1674 100 1080,792,1224,1200
1675 100 1104,792,1224,1200
1676 100 1104,792,1224,1200
1677 100 1104,768,1224,1224
1678 100 1104,768,1224,1200
1679 100 1128,768,1224,1200
1680 100 1128,744,1224,1224
1681 100 1152,720,1224,1224
1682 100 1152,720,1224,1200
1683 100 1176,672,1224,1224
1684 100 1200,648,1224,1200
1685 100 1200,600,1224,1224
1686 100 1224,576,1224,1200
1687 100 1224,552,1224,1200
1688 100 1224,528,1224,1200
1689 100 1224,504,1224,1224
1690 100 1248,480,1224,1224
1691 100 1248,480,1224,1200
1692 100 1248,456,1224,1224
1693 100 1224,432,1224,1224
1694 100 1200,432,1224,1200
1695 100 1200,408,1224,1224
1696 100 1176,408,1224,1224
1697 100 1176,408,1224,1200
1698 100 1176,408,1224,1200
1699 100 1152,408,1224,1200
1700 100 1152,408,1224,1200
1701 100 1152,408,1224,1200
1702 100 1128,408,1224,1200
1703 100 1128,384,1224,1200
1704 100 1104,384,1224,1200
1705 100 1104,384,1224,1200
1706 100 1080,384,1224,1200
1707 100 1056,384,1224,1200
1708 100 1056,360,1224,1224
1709 100 1032,360,1224,1224
1710 100 1008,360,1224,1200
1711 100 984,360,1224,1200
1712 100 984,360,1224,1200
1713 100 960,360,1224,1200
1714 100 960,360,1224,1200
1715 100 936,360,1224,1200
1716 100 936,360,1224,1200
1717 100 936,360,1224,1200
1718 100 912,360,1224,1200
1719 100 912,360,1224,1200
1720 100 888,360,1224,1200
1721 100 888,360,1224,1200
1722 100 864,336,1224,1224
1723 100 864,336,1224,1224
1724 100 840,336,1224,1200
1725 100 840,336,1224,1200
1726 100 816,336,1224,1200
1727 100 816,312,1224,1224
1728 100 792,312,1224,1200
1729 100 792,312,1224,1200
1730 100 768,288,1224,1224
1731 100 744,288,1224,1200
1732 100 744,288,1224,1200
1733 100 720,264,1224,1224
1734 100 720,264,1224,1224
1735 100 696,264,1224,1200
1736 100 696,264,1224,1200
1737 100 672,264,1224,1200
1738 100 672,264,1224,1200
1739 100 672,264,1224,1200
1740 100 672,264,1224,1200
1741 100 672,264,1224,1200
1742 100 648,264,1224,1200
1743 100 648,264,1224,1200
1744 100 648,264,1224,1200
1745 100 624,264,1224,1200
1746 100 624,264,1224,1200
1747 100 624,264,1224,1200
1748 100 648,288,1224,1200
1749 100 648,312,1224,1200
1750 100 648,336,1224,1224
1751 100 648,360,1224,1224
1752 100 672,384,1224,1224
1753 100 648,408,1224,1200
1754 100 672,408,1224,1200
1755 100 672,432,1224,1200
1756 100 672,432,1224,1224
1757 100 672,456,1224,1224
1758 100 672,480,1224,1224
1759 100 672,480,1224,1224
1760 100 672,480,1224,1200
1761 100 672,480,1224,1224
1762 100 672,480,1224,1224
1763 100 672,480,1224,1224
1764 100 648,480,1224,1224
1765 100 648,480,1224,1224
1766 100 648,480,1224,1224
1767 100 648,504,1224,1200
1768 100 600,528,1224,1200
1769 100 576,576,1224,1200
1770 100 504,624,1224,1200
1771 100 432,696,1224,1224
1772 100 408,720,1224,1200
1773 100 384,720,1224,1200
1774 100 360,720,1224,1200
1775 100 360,744,1224,1200
1776 100 336,744,1224,1200
1777 100 336,744,1224,1200
1778 100 336,744,1224,1224
1779 100 336,744,1224,1224
1780 100 336,744,1224,1224
1781 100 336,744,1224,1224
1782 100 336,744,1224,1224
1783 100 336,768,1224,1200
1784 100 336,768,1224,1200
1785 100 336,768,1224,1200
1786 100 336,768,1224,1200
1787 100 336,768,1224,1200
1788 100 336,768,1224,1200
1789 100 336,768,1224,1200
1790 100 336,768,1224,1200
1791 100 336,768,1224,1200
1792 100 336,768,1224,1200
1793 100 336,768,1224,1200
1794 100 360,768,1224,1200
1795 100 336,768,1224,1224
1796 100 336,792,1224,1200
1797 100 336,792,1224,1224
1798 100 336,816,1224,1200
1799 100 336,840,1224,1200
1800 100 312,864,1224,1200
1801 100 312,888,1224,1200
1802 100 288,912,1224,1200
1803 100 288,936,1224,1200
1804 100 264,960,1224,1200
1805 100 264,984,1224,1176
1806 100 0,1008,1224,1152
1807 100 0,1032,1224,1128
1808 100 0,1032,1224,1128
1809 100 0,1056,1224,1104
1810 100 0,1056,1224,1104
1811 100 0,1056,1224,1104
1812 100 0,1080,1224,1080
1813 100 0,1080,1224,1080
1814 100 0,1080,1224,1080
1815 100 0,1104,1224,1056
1816 100 0,1104,1224,1056
1817 100 0,1128,1224,1032
1818 100 0,1128,1224,1032
1819 100 0,1128,1224,1032
1820 100 0,1128,1224,1032
1821 100 0,1152,1224,1008
1822 100 0,1152,1224,1008
1823 100 0,1152,1224,1008
1824 100 0,1152,1224,1008
1825 100 0,1176,1224,984
1826 100 0,1176,1224,984
1827 100 0,1176,1224,984
1828 100 0,1176,1224,984
1829 100 0,1176,1224,984
1830 100 0,1176,1224,984
1831 100 0,1200,1224,960
1832 100 0,1200,1224,960
1833 100 0,1200,1224,960
1834 100 0,1200,1224,960
1835 100 0,1200,1224,960
1836 100 0,1200,1224,960
1837 100 0,1200,1224,960
1838 100 0,1200,1224,960
1839 100 0,1200,1224,960
1840 100 0,1200,1224,960
1841 100 0,1200,1224,960
1842 100 0,1200,1224,960
1843 100 0,1200,1224,960
1844 100 0,1200,1224,960
1845 100 0,1200,1224,960
1846 100 0,1200,1224,960
1847 100 0,1200,1224,960
1848 100 0,1200,1224,960
1849 100 0,1200,1224,960
1850 100 0,1200,1224,960
1851 100 0,1200,1224,960
1852 100 0,1200,1224,960
1853 100 0,1200,1224,960
1854 100 0,1200,1224,960
1855 100 0,1200,1224,960
1856 100 0,1200,1224,960
1857 100 0,1200,1224,960
1858 100 0,1176,1224,984
1859 100 0,1176,1224,984
1860 100 0,1176,1224,984
1861 100 0,1176,1224,984
1862 100 0,1176,1224,984
1863 100 0,1176,1224,984
1864 100 0,1176,1224,984
1865 100 0,1176,1224,984
1866 100 0,1176,1224,984
1867 100 0,1176,1224,984
1868 100 0,1176,1224,984
1869 100 0,1176,1224,984
1870 100 0,1176,1224,984
1871 100 0,1176,1224,984
1872 100 0,1176,1224,984
1873 100 0,1176,1224,984
1874 100 0,1176,1224,984
1875 100 0,1176,1224,984
1876 100 0,1176,1224,984
1877 100 0,1176,1224,984
1878 100 0,1152,1224,1008
1879 100 0,1152,1224,1008
1880 100 0,1152,1224,1008
1881 100 0,1152,1224,1008
1882 100 0,1152,1224,1008
1883 100 0,1152,1224,1008
1884 100 0,1152,1224,1008
1885 100 0,1152,1224,1008
1886 100 0,1152,1224,1008
1887 100 0,1152,1224,1008
1888 100 0,1152,1224,1008
1889 100 0,1152,1224,1008
1890 100 0,1152,1224,1008
1891 100 0,1152,1224,1008
1892 100 0,1128,1224,1032
1893 100 0,1128,1224,1032
1894 100 0,1128,1224,1032
1895 100 0,1128,1224,1032
1896 100 0,1128,1224,1032
1897 100 0,1128,1224,1032
1898 100 0,1104,1224,1056
1899 100 0,1104,1224,1056
1900 100 0,1104,1224,1056
1901 100 0,1104,1224,1056
1902 100 0,1080,1224,1080
1903 100 0,1080,1224,1080
1904 100 0,1080,1224,1080
1905 100 0,1056,1224,1104
1906 100 0,1056,1224,1104
1907 100 0,1056,1224,1104
1908 100 0,1056,1224,1104
1909 100 0,1032,1224,1128
1910 100 0,1032,1224,1128
1911 100 0,1008,1224,1152
1912 100 456,1008,1224,1152
1913 100 816,984,1224,1176
1914 100 864,960,1224,1200
1915 100 864,960,1224,1200
1916 100 888,936,1224,1224
1917 100 888,936,1224,1224
1918 100 912,912,1224,1200
1919 100 936,888,1224,1224
1920 100 936,888,1224,1200
1921 100 936,864,1224,1224
1922 100 936,864,1224,1200
1923 100 936,840,1224,1224
1924 100 936,840,1224,1224
1925 100 936,840,1224,1200
1926 100 936,816,1224,1224
1927 100 936,816,1224,1200
1928 100 960,792,1224,1224
1929 100 960,792,1224,1224
1930 100 960,792,1224,1200
1931 100 960,768,1224,1224
1932 100 960,768,1224,1224
1933 100 960,768,1224,1200
1934 100 960,744,1224,1224
1935 100 960,744,1224,1224
1936 100 960,744,1224,1224
1937 100 936,768,1224,1200
1938 100 912,768,1224,1200
1939 100 864,768,1224,1200
1940 100 840,768,1224,1200
1941 100 816,768,1224,1200
1942 100 792,768,1224,1200
1943 100 768,744,1224,1224
1944 100 768,744,1224,1224
1945 100 744,744,1224,1224
1946 100 720,744,1224,1224
1947 100 720,744,1224,1224
1948 100 696,744,1224,1224
1949 100 672,768,1224,1200
1950 100 648,768,1224,1200
1951 100 624,768,1224,1200
1952 100 624,768,1224,1200
1953 100 600,768,1224,1200
1954 100 576,768,1224,1200
1955 100 576,768,1224,1200
1956 100 552,768,1224,1200
1957 100 528,768,1224,1200
1958 100 528,768,1224,1200
1959 100 504,768,1224,1200
1960 100 480,768,1224,1200
1961 100 456,768,1224,1200
1962 100 432,744,1224,1224
1963 100 408,744,1224,1224
1964 100 384,744,1224,1224
1965 100 360,744,1224,1224
1966 100 336,744,1224,1224
1967 100 336,744,1224,1200
1968 100 312,744,1224,1200
1969 100 288,744,1224,1200
1970 100 264,744,1224,1200
1971 100 240,744,1224,1200
1972 100 216,744,1224,1200
1973 100 192,744,1224,1200
1974 100 144,744,1224,1200
1975 100 120,720,1224,1224
1976 100 96,720,1224,1224
1977 100 48,744,1224,1200
1978 100 24,744,1224,1200
1979 100 0,744,1224,1200
1980 100 0,720,1224,1224
1981 100 0,720,1224,1224
1982 100 0,720,1224,1224
1983 100 0,720,1224,1224
1984 100 0,720,1224,1200
1985 100 24,720,1224,1200
1986 100 0,720,1224,1200
1987 100 0,720,1224,1200
1988 100 0,720,1224,1200
1989 100 0,720,1224,1200
1990 100 0,720,1224,1200
1991 100 48,720,1224,1200
1992 100 24,720,1224,1200
1993 100 0,696,1224,1224
1994 100 0,696,1224,1224
1995 100 48,720,1224,1200
1996 100 24,720,1224,1200
1997 100 0,720,1224,1200
1998 100 96,720,1224,1200
1999 100 96,720,1224,1200
2000 100 96,720,1224,1200
2001 100 96,720,1224,1200
2002 100 0,696,1224,1224
2003 100 24,696,1224,1224
2004 100 48,696,1224,1200
2005 100 72,696,1224,1200
2006 100 72,696,1224,1200
2007 100 72,696,1224,1200
2008 100 72,696,1224,1200
2009 100 48,696,1224,1200
2010 100 48,696,1224,1200
2011 100 24,696,1224,1200
2012 100 0,696,1224,1200
2013 100 192,696,1224,1224
2014 100 120,696,1224,1224
2015 100 120,696,1224,1224
2016 100 168,696,1224,1224
2017 100 3360,696,1224,1200
2018 100 3360,696,1224,1200
2019 100 24,696,1224,1200
2020 100 120,672,1224,1224
2021 100 0,672,1224,1200
2022 100 3384,648,1224,1200
2023 100 120,624,1224,1224
2024 100 48,624,1224,1200
2025 100 120,576,1224,1224
2026 100 96,552,1224,1224
2027 100 3408,528,1224,1200
2028 100 24,504,1224,1200
2029 100 24,480,1224,1200
2030 100 48,456,1224,1200
2031 100 3384,408,1224,1200
2032 100 120,384,1224,1224
2033 100 48,384,1224,1200
2034 100 48,360,1224,1200
2035 100 168,336,1224,1224
2036 100 72,336,1224,1200
2037 100 24,312,1224,1200
2038 100 120,288,1224,1224
2039 100 24,288,1224,1200
2040 100 144,264,1224,1224
2041 100 48,264,1224,1200
2042 100 96,264,1224,1200
2043 100 24,240,1224,1224
2044 100 48,240,1224,1200
2045 100 96,240,1224,1200
2046 100 24,240,1224,1200
2047 100 48,216,1224,1224
2048 100 96,216,1224,1200
2049 100 96,216,1224,1200
2050 100 0,216,1224,1200
2051 100 0,216,1224,1200
2052 100 0,216,1224,1200
2053 100 0,216,1224,1200
2054 100 0,216,1224,1200
2055 100 24,216,1224,1200
2056 100 0,216,1224,1200
2057 100 0,216,1224,1200
2058 100 0,216,1224,1200
2059 100 96,216,1224,1200
2060 100 72,216,1224,1200
2061 100 48,216,1224,1224
2062 100 96,240,1224,1200
2063 100 96,264,1224,1200
2064 100 72,288,1224,1200
2065 100 0,312,1224,1224
2066 100 72,360,1224,1200
2067 100 120,360,1224,1224
2068 100 3384,384,1224,1200
2069 100 0,408,1224,1200
2070 100 72,408,1224,1224
2071 100 3456,432,1224,1200
2072 100 96,432,1224,1224
2073 100 24,456,1224,1200
2074 100 3480,456,1224,1200
2075 100 144,456,1224,1224
2076 100 3528,480,1224,1200
2077 100 3384,480,1224,1200
2078 100 3576,528,1224,1200
2079 100 3552,552,1224,1200
2080 100 3384,552,1224,1200
2081 100 3480,576,1224,1200
2082 100 3384,576,1224,1200
2083 100 3600,576,1224,1224
2084 100 3456,600,1224,1200
2085 100 3360,600,1224,1200
2086 100 0,600,1224,1224
2087 100 3600,600,1224,1224
2088 100 3600,600,1224,1224
2089 100 3528,600,1224,1224
2090 100 3432,624,1224,1200
2091 100 72,624,1224,1224
2092 100 3552,624,1224,1224
2093 100 3360,648,1224,1200
2094 100 3624,672,1224,1224
2095 100 0,696,1224,1224
2096 100 3408,696,1224,1224
2097 100 3600,720,1224,1224
2098 100 3408,720,1224,1224
2099 100 3408,720,1224,1224
