0 100 2136,648,1224,1200
1 100 2136,648,1224,1200
2 100 2112,624,1224,1224
3 100 2112,624,1224,1224
4 100 2112,624,1224,1224
5 100 2112,624,1224,1224
6 100 2112,624,1224,1224
7 100 2112,648,1224,1200
8 100 2112,648,1224,1200
9 100 2112,648,1224,1200
10 100 2112,648,1224,1200
11 100 2112,648,1224,1200
12 100 2112,648,1224,1200
13 100 2112,648,1224,1200
14 100 2112,624,1224,1224
15 100 2112,624,1224,1224
16 100 2112,624,1224,1224
17 100 2112,624,1224,1224
18 100 2112,624,1224,1224
19 100 2112,624,1224,1224
20 100 2112,624,1224,1224
21 100 2112,624,1224,1200
22 100 2112,624,1224,1200
23 100 2112,624,1224,1200
24 100 2112,624,1224,1200
25 100 2112,624,1224,1200
26 100 2112,624,1224,1200
27 100 2112,624,1224,1200
28 100 2112,624,1224,1200
29 100 2112,624,1224,1200
30 100 2112,624,1224,1200
31 100 2112,624,1224,1200
32 100 2112,624,1224,1200
33 100 2112,624,1224,1200
34 100 2112,624,1224,1200
35 100 2112,624,1224,1200
36 100 2112,624,1224,1200
37 100 2112,624,1224,1200
38 100 2112,624,1224,1224
39 100 2112,624,1224,1224
40 100 2112,624,1224,1224
41 100 2112,624,1224,1224
42 100 2112,624,1224,1224
43 100 2112,624,1224,1224
44 100 2112,624,1224,1224
45 100 2112,624,1224,1224
46 100 2112,624,1224,1224
47 100 2088,624,1224,1200
48 100 2088,624,1224,1200
49 100 2088,624,1224,1200
50 100 2088,624,1224,1200
51 100 2088,624,1224,1200
52 100 2112,624,1224,1200
53 100 2112,624,1224,1200
54 100 2112,600,1224,1200
55 100 2112,600,1224,1200
56 100 2112,600,1224,1200
57 100 2136,552,1224,1224
58 100 2136,552,1224,1224
59 100 2136,552,1224,1224
60 100 2136,528,1224,1200
61 100 2136,528,1224,1200
62 100 2136,528,1224,1200
63 100 2136,528,1224,1200
64 100 2136,528,1224,1200
65 100 2160,504,1224,1224
66 100 2160,504,1224,1224
67 100 2160,504,1224,1200
68 100 2160,504,1224,1200
69 100 2160,504,1224,1200
70 100 2160,504,1224,1200
71 100 2160,504,1224,1200
72 100 2160,504,1224,1200
73 100 2160,504,1224,1200
74 100 2160,504,1224,1200
75 100 2160,504,1224,1200
76 100 2160,504,1224,1200
77 100 2160,504,1224,1200
78 100 2160,504,1224,1200
79 100 2160,504,1224,1200
80 100 2160,504,1224,1200
81 100 2160,504,1224,1200
82 100 2160,504,1224,1200
83 100 2160,504,1224,1200
84 100 2160,504,1224,1200
85 100 2160,504,1224,1200
86 100 2160,504,1224,1200
87 100 2160,504,1224,1200
88 100 2160,504,1224,1200
89 100 2160,504,1224,1200
90 100 2160,504,1224,1200
91 100 2160,504,1224,1200
92 100 2160,504,1224,1200
93 100 2160,504,1224,1200
94 100 2160,504,1224,1200
95 100 2160,504,1224,1200
96 100 2160,504,1224,1200
97 100 2160,504,1224,1200
98 100 2160,504,1224,1200
99 100 2160,504,1224,1200
100 100 2184,504,1224,1200
101 100 2184,504,1224,1200
102 100 2184,504,1224,1200
103 100 2184,504,1224,1200
104 100 2184,504,1224,1200
105 100 2184,504,1224,1200
106 100 2184,504,1224,1200
107 100 2184,504,1224,1200
108 100 2208,504,1224,1224
109 100 2208,504,1224,1224
110 100 2208,504,1224,1224
111 100 2256,528,1224,1200
112 100 2256,528,1224,1200
113 100 2256,528,1224,1200
114 100 2280,528,1224,1200
115 100 2280,528,1224,1200
116 100 2280,528,1224,1200
117 100 2328,528,1224,1200
118 100 2328,528,1224,1200
119 100 2328,528,1224,1200
120 100 2352,528,1224,1200
121 100 2352,528,1224,1200
122 100 2352,528,1224,1200
123 100 2376,528,1224,1200
124 100 2376,528,1224,1200
125 100 2376,528,1224,1200
126 100 2400,528,1224,1200
127 100 2400,528,1224,1200
128 100 2400,528,1224,1200
129 100 2400,528,1224,1200
130 100 2424,528,1224,1200
131 100 2424,528,1224,1200
132 100 2424,528,1224,1200
133 100 2424,528,1224,1200
134 100 2424,528,1224,1200
135 100 2448,528,1224,1200
136 100 2448,528,1224,1200
137 100 2448,528,1224,1200
138 100 2448,528,1224,1224
139 100 2448,528,1224,1224
140 100 2448,528,1224,1224
141 100 2472,528,1224,1224
142 100 2472,528,1224,1224
143 100 2472,528,1224,1224
144 100 2496,528,1224,1224
145 100 2496,528,1224,1224
146 100 2496,528,1224,1224
147 100 2496,528,1224,1224
148 100 2496,528,1224,1224
149 100 2496,528,1224,1224
150 100 2496,528,1224,1224
151 100 2496,528,1224,1224
152 100 2496,528,1224,1224
153 100 2496,528,1224,1200
154 100 2496,528,1224,1200
155 100 2496,528,1224,1200
156 100 2496,528,1224,1200
157 100 2496,528,1224,1200
158 100 2496,528,1224,1200
159 100 2496,528,1224,1200
160 100 2496,528,1224,1200
161 100 2496,528,1224,1200
162 100 2496,528,1224,1200
163 100 2496,528,1224,1200
164 100 2496,528,1224,1200
165 100 2496,528,1224,1200
166 100 2496,528,1224,1200
167 100 2496,528,1224,1200
168 100 2496,528,1224,1200
169 100 2496,528,1224,1200
170 100 2472,528,1224,1200
171 100 2472,528,1224,1200
172 100 2472,528,1224,1200
173 100 2472,528,1224,1200
174 100 2472,528,1224,1224
175 100 2472,528,1224,1224
176 100 2472,528,1224,1224
177 100 2472,528,1224,1224
178 100 2472,528,1224,1224
179 100 2472,528,1224,1224
180 100 2472,528,1224,1224
181 100 2472,528,1224,1224
182 100 2472,528,1224,1224
183 100 2472,528,1224,1224
184 100 2472,552,1224,1200
185 100 2472,552,1224,1200
186 100 2448,528,1224,1224
187 100 2448,528,1224,1224
188 100 2448,528,1224,1224
189 100 2448,528,1224,1224
190 100 2448,552,1224,1200
191 100 2448,552,1224,1200
192 100 2448,552,1224,1200
193 100 2448,552,1224,1200
194 100 2424,552,1224,1200
195 100 2424,552,1224,1200
196 100 2400,552,1224,1200
197 100 2400,552,1224,1200
198 100 2400,552,1224,1200
199 100 2400,552,1224,1200
200 100 2352,552,1224,1200
201 100 2352,552,1224,1200
202 100 2352,552,1224,1200
203 100 2352,552,1224,1200
204 100 2328,552,1224,1200
205 100 2328,552,1224,1200
206 100 2256,552,1224,1200
207 100 2256,552,1224,1200
208 100 2256,552,1224,1200
209 100 2256,552,1224,1200
210 100 2232,552,1224,1200
211 100 2232,552,1224,1200
212 100 2232,552,1224,1200
213 100 2184,552,1224,1200
214 100 2184,552,1224,1200
215 100 2184,552,1224,1200
216 100 2184,552,1224,1200
217 100 2160,528,1224,1200
218 100 2160,528,1224,1200
219 100 2160,528,1224,1200
220 100 2136,528,1224,1200
221 100 2136,528,1224,1200
222 100 2136,528,1224,1200
223 100 2112,528,1224,1200
224 100 2112,528,1224,1200
225 100 2112,528,1224,1200
226 100 2112,528,1224,1200
227 100 2112,528,1224,1200
228 100 2112,528,1224,1200
229 100 2112,528,1224,1200
230 100 2112,528,1224,1200
231 100 2088,528,1224,1200
232 100 2088,528,1224,1200
233 100 2088,528,1224,1200
234 100 2088,528,1224,1200
235 100 2088,528,1224,1200
236 100 2088,528,1224,1200
237 100 2088,528,1224,1200
238 100 2088,528,1224,1200
239 100 2088,528,1224,1200
240 100 2088,528,1224,1200
241 100 2088,528,1224,1200
242 100 2088,528,1224,1200
243 100 2088,528,1224,1200
244 100 2040,528,1224,1200
245 100 2040,528,1224,1200
246 100 2040,528,1224,1200
247 100 2040,528,1224,1200
248 100 1992,528,1224,1224
249 100 1992,528,1224,1224
250 100 1968,528,1224,1224
251 100 1968,528,1224,1224
252 100 1968,528,1224,1224
253 100 1968,528,1224,1224
254 100 1968,528,1224,1224
255 100 1968,528,1224,1224
256 100 1968,528,1224,1224
257 100 1968,528,1224,1224
258 100 1944,528,1224,1224
259 100 1944,528,1224,1224
260 100 1944,528,1224,1224
261 100 1944,528,1224,1224
262 100 1944,528,1224,1224
263 100 1944,528,1224,1224
264 100 1920,552,1224,1200
265 100 1920,552,1224,1200
266 100 1920,552,1224,1200
267 100 1920,552,1224,1200
268 100 1920,528,1224,1224
269 100 1920,528,1224,1224
270 100 1872,528,1224,1224
271 100 1872,528,1224,1224
272 100 1872,528,1224,1224
273 100 1872,528,1224,1224
274 100 1872,528,1224,1224
275 100 1872,528,1224,1224
276 100 1872,528,1224,1224
277 100 1872,528,1224,1224
278 100 1872,528,1224,1200
279 100 1872,528,1224,1200
280 100 1872,528,1224,1200
281 100 1872,528,1224,1200
282 100 1872,528,1224,1200
283 100 1872,528,1224,1200
284 100 1848,480,1224,1224
285 100 1848,480,1224,1224
286 100 1848,480,1224,1224
287 100 1824,432,1224,1224
288 100 1824,432,1224,1224
289 100 1824,432,1224,1224
290 100 1776,384,1224,1224
291 100 1776,384,1224,1224
292 100 1776,384,1224,1224
293 100 1776,384,1224,1224
294 100 1728,360,1224,1200
295 100 1728,360,1224,1200
296 100 1728,360,1224,1200
297 100 1704,336,1224,1200
298 100 1704,336,1224,1200
299 100 1704,336,1224,1200
300 100 1680,312,1224,1200
301 100 1680,312,1224,1200
302 100 1680,312,1224,1200
303 100 1680,312,1224,1200
304 100 1680,312,1224,1200
305 100 1680,312,1224,1200
306 100 1680,312,1224,1200
307 100 1680,288,1224,1224
308 100 1680,288,1224,1224
309 100 1680,288,1224,1224
310 100 1680,312,1224,1200
311 100 1680,312,1224,1200
312 100 1680,312,1224,1200
313 100 1680,312,1224,1200
314 100 1680,288,1224,1224
315 100 1680,288,1224,1224
316 100 1680,288,1224,1224
317 100 1680,288,1224,1224
318 100 1656,288,1224,1224
319 100 1656,288,1224,1224
320 100 1632,288,1224,1200
321 100 1632,288,1224,1200
322 100 1632,288,1224,1200
323 100 1632,288,1224,1200
324 100 1608,288,1224,1200
325 100 1608,288,1224,1200
326 100 1608,288,1224,1200
327 100 1608,288,1224,1200
328 100 1560,264,1224,1224
329 100 1560,264,1224,1224
330 100 1488,264,1224,1224
331 100 1488,264,1224,1224
332 100 1488,264,1224,1224
333 100 1488,264,1224,1224
334 100 1464,288,1224,1224
335 100 1464,288,1224,1224
336 100 1464,288,1224,1224
337 100 1464,288,1224,1224
338 100 1440,336,1224,1200
339 100 1440,336,1224,1200
340 100 1416,384,1224,1200
341 100 1416,384,1224,1200
342 100 1416,384,1224,1200
343 100 1416,384,1224,1200
344 100 1416,432,1224,1200
345 100 1416,432,1224,1200
346 100 1416,432,1224,1200
347 100 1416,480,1224,1200
348 100 1416,480,1224,1200
349 100 1416,480,1224,1200
350 100 1416,504,1224,1200
351 100 1416,504,1224,1200
352 100 1416,504,1224,1200
353 100 1416,504,1224,1200
354 100 1392,528,1224,1200
355 100 1392,528,1224,1200
356 100 1392,528,1224,1200
357 100 1392,528,1224,1200
358 100 1392,528,1224,1200
359 100 1392,528,1224,1200
360 100 1368,528,1224,1200
361 100 1368,528,1224,1200
362 100 1368,528,1224,1200
363 100 1368,528,1224,1200
364 100 1368,528,1224,1200
365 100 1368,528,1224,1200
366 100 1368,528,1224,1200
367 100 1368,528,1224,1200
368 100 1368,528,1224,1200
369 100 1368,528,1224,1200
370 100 1368,528,1224,1200
371 100 1368,528,1224,1200
372 100 1368,528,1224,1200
373 100 1368,528,1224,1200
374 100 1392,528,1224,1200
375 100 1392,528,1224,1200
376 100 1392,528,1224,1200
377 100 1392,528,1224,1200
378 100 1392,528,1224,1200
379 100 1416,528,1224,1200
380 100 1416,528,1224,1200
381 100 1464,528,1224,1224
382 100 1464,528,1224,1224
383 100 1464,528,1224,1224
384 100 1512,528,1224,1224
385 100 1512,528,1224,1224
386 100 1512,528,1224,1224
387 100 1536,528,1224,1224
388 100 1536,528,1224,1224
389 100 1536,528,1224,1224
390 100 1536,528,1224,1224
391 100 1608,552,1224,1224
392 100 1608,552,1224,1224
393 100 1608,552,1224,1224
394 100 1608,552,1224,1224
395 100 1656,552,1224,1224
396 100 1656,552,1224,1224
397 100 1728,576,1224,1200
398 100 1728,576,1224,1200
399 100 1728,576,1224,1200
400 100 1728,576,1224,1200
401 100 1776,576,1224,1224
402 100 1776,576,1224,1224
403 100 1776,576,1224,1224
404 100 1776,576,1224,1224
405 100 1824,576,1224,1224
406 100 1824,576,1224,1224
407 100 1872,600,1224,1200
408 100 1872,600,1224,1200
409 100 1872,600,1224,1200
410 100 1872,600,1224,1200
411 100 1872,600,1224,1200
412 100 1896,576,1224,1224
413 100 1896,576,1224,1224
414 100 1872,600,1224,1200
415 100 1872,600,1224,1200
416 100 1872,600,1224,1200
417 100 1872,600,1224,1200
418 100 1848,600,1224,1200
419 100 1848,600,1224,1200
420 100 1848,600,1224,1200
421 100 1800,576,1224,1224
422 100 1800,576,1224,1224
423 100 1800,576,1224,1224
424 100 1752,576,1224,1224
425 100 1752,576,1224,1224
426 100 1752,576,1224,1224
427 100 1752,576,1224,1224
428 100 1680,576,1224,1224
429 100 1680,576,1224,1224
430 100 1680,576,1224,1224
431 100 1608,576,1224,1224
432 100 1608,576,1224,1224
433 100 1608,576,1224,1224
434 100 1536,576,1224,1200
435 100 1536,576,1224,1200
436 100 1536,576,1224,1200
437 100 1536,576,1224,1200
438 100 1440,576,1224,1200
439 100 1440,576,1224,1200
440 100 1440,576,1224,1200
441 100 1320,552,1224,1224
442 100 1320,552,1224,1224
443 100 1320,552,1224,1224
444 100 1200,552,1224,1200
445 100 1200,552,1224,1200
446 100 1200,552,1224,1200
447 100 1200,552,1224,1200
448 100 1128,552,1224,1224
449 100 1128,552,1224,1224
450 100 1128,552,1224,1224
451 100 1056,552,1224,1200
452 100 1056,552,1224,1200
453 100 1056,552,1224,1200
454 100 1008,552,1224,1200
455 100 1008,552,1224,1200
456 100 1008,552,1224,1200
457 100 1008,552,1224,1200
458 100 960,528,1224,1224
459 100 960,528,1224,1224
460 100 960,528,1224,1224
461 100 912,528,1224,1224
462 100 912,528,1224,1224
463 100 912,528,1224,1224
464 100 888,528,1224,1224
465 100 888,528,1224,1224
466 100 888,528,1224,1224
467 100 888,528,1224,1224
468 100 888,528,1224,1200
469 100 888,528,1224,1200
470 100 888,528,1224,1200
471 100 864,528,1224,1200
472 100 864,528,1224,1200
473 100 864,528,1224,1200
474 100 864,528,1224,1200
475 100 864,528,1224,1200
476 100 864,528,1224,1200
477 100 864,528,1224,1200
478 100 840,528,1224,1224
479 100 840,528,1224,1224
480 100 840,528,1224,1224
481 100 816,552,1224,1200
482 100 816,552,1224,1200
483 100 816,552,1224,1200
484 100 768,576,1224,1200
485 100 768,576,1224,1200
486 100 768,576,1224,1200
487 100 720,576,1224,1224
488 100 720,576,1224,1224
489 100 720,576,1224,1224
490 100 720,576,1224,1224
491 100 672,600,1224,1224
492 100 672,600,1224,1224
493 100 672,600,1224,1224
494 100 672,600,1224,1224
495 100 648,624,1224,1200
496 100 648,624,1224,1200
497 100 624,624,1224,1200
498 100 624,624,1224,1200
499 100 624,624,1224,1200
500 100 624,624,1224,1200
501 100 600,624,1224,1224
502 100 600,624,1224,1224
503 100 600,624,1224,1224
504 100 600,624,1224,1224
505 100 600,624,1224,1224
506 100 600,624,1224,1224
507 100 600,624,1224,1224
508 100 600,624,1224,1224
509 100 600,624,1224,1224
510 100 600,624,1224,1224
511 100 600,624,1224,1224
512 100 600,624,1224,1224
513 100 600,624,1224,1224
514 100 600,624,1224,1224
515 100 600,624,1224,1224
516 100 600,624,1224,1224
517 100 624,624,1224,1224
518 100 624,624,1224,1224
519 100 624,624,1224,1224
520 100 624,624,1224,1224
521 100 624,624,1224,1224
522 100 624,624,1224,1224
523 100 624,624,1224,1224
524 100 624,624,1224,1224
525 100 624,624,1224,1200
526 100 624,624,1224,1200
527 100 624,624,1224,1224
528 100 624,624,1224,1224
529 100 624,624,1224,1224
530 100 624,624,1224,1224
531 100 624,624,1224,1200
532 100 624,624,1224,1200
533 100 624,624,1224,1200
534 100 624,624,1224,1200
535 100 600,624,1224,1224
536 100 600,624,1224,1224
537 100 576,624,1224,1224
538 100 576,624,1224,1224
539 100 576,624,1224,1224
540 100 576,624,1224,1224
541 100 576,624,1224,1224
542 100 576,624,1224,1224
543 100 576,624,1224,1224
544 100 576,624,1224,1224
545 100 552,624,1224,1224
546 100 552,624,1224,1224
547 100 528,648,1224,1224
548 100 528,648,1224,1224
549 100 528,648,1224,1224
550 100 528,648,1224,1224
551 100 504,648,1224,1224
552 100 504,648,1224,1224
553 100 504,648,1224,1224
554 100 504,648,1224,1224
555 100 504,648,1224,1224
556 100 504,648,1224,1224
557 100 504,648,1224,1224
558 100 504,648,1224,1224
559 100 504,648,1224,1224
560 100 504,648,1224,1224
561 100 528,648,1224,1224
562 100 528,648,1224,1224
563 100 528,648,1224,1224
564 100 528,648,1224,1224
565 100 552,648,1224,1224
566 100 552,648,1224,1224
567 100 624,624,1224,1224
568 100 624,624,1224,1224
569 100 624,624,1224,1224
570 100 624,624,1224,1224
571 100 672,624,1224,1200
572 100 672,624,1224,1200
573 100 672,624,1224,1200
574 100 672,624,1224,1200
575 100 720,624,1224,1200
576 100 720,624,1224,1200
577 100 792,600,1224,1224
578 100 792,600,1224,1224
579 100 792,600,1224,1224
580 100 792,600,1224,1224
581 100 840,600,1224,1200
582 100 840,600,1224,1200
583 100 840,600,1224,1200
584 100 840,600,1224,1200
585 100 888,576,1224,1224
586 100 888,576,1224,1224
587 100 888,552,1224,1224
588 100 888,552,1224,1224
589 100 888,552,1224,1224
590 100 888,552,1224,1224
591 100 912,552,1224,1200
592 100 912,552,1224,1200
593 100 912,552,1224,1200
594 100 912,552,1224,1200
595 100 936,528,1224,1200
596 100 936,528,1224,1200
597 100 960,504,1224,1224
598 100 960,504,1224,1224
599 100 960,504,1224,1224
600 100 960,504,1224,1224
601 100 960,480,1224,1200
602 100 960,480,1224,1200
603 100 960,480,1224,1200
604 100 960,480,1224,1200
605 100 960,456,1224,1224
606 100 960,456,1224,1224
607 100 984,480,1224,1200
608 100 984,480,1224,1200
609 100 984,480,1224,1200
610 100 984,480,1224,1200
611 100 1008,480,1224,1200
612 100 1008,480,1224,1200
613 100 1008,480,1224,1200
614 100 1008,480,1224,1200
615 100 1056,480,1224,1200
616 100 1056,480,1224,1200
617 100 1104,480,1224,1200
618 100 1104,480,1224,1200
619 100 1104,480,1224,1200
620 100 1104,480,1224,1200
621 100 1176,480,1224,1224
622 100 1176,480,1224,1224
623 100 1176,480,1224,1224
624 100 1176,480,1224,1224
625 100 1248,480,1224,1224
626 100 1248,480,1224,1224
627 100 1320,480,1224,1224
628 100 1320,480,1224,1224
629 100 1320,480,1224,1224
630 100 1320,480,1224,1224
631 100 1344,504,1224,1200
632 100 1344,504,1224,1200
633 100 1344,504,1224,1200
634 100 1344,504,1224,1200
635 100 1368,480,1224,1224
636 100 1368,480,1224,1224
637 100 1416,480,1224,1224
638 100 1416,480,1224,1224
639 100 1416,480,1224,1224
640 100 1416,480,1224,1224
641 100 1440,480,1224,1224
642 100 1440,480,1224,1224
643 100 1440,480,1224,1224
644 100 1440,480,1224,1224
645 100 1440,480,1224,1224
646 100 1440,480,1224,1224
647 100 1440,480,1224,1224
648 100 1440,480,1224,1224
649 100 1440,480,1224,1224
650 100 1440,480,1224,1224
651 100 1440,504,1224,1200
652 100 1440,504,1224,1200
653 100 1440,504,1224,1200
654 100 1440,504,1224,1200
655 100 1440,504,1224,1200
656 100 1440,504,1224,1200
657 100 1440,504,1224,1200
658 100 1440,504,1224,1200
659 100 1440,504,1224,1200
660 100 1440,504,1224,1200
661 100 1440,504,1224,1200
662 100 1440,504,1224,1200
663 100 1440,504,1224,1200
664 100 1440,504,1224,1200
665 100 1440,504,1224,1200
666 100 1440,504,1224,1200
667 100 1440,504,1224,1200
668 100 1440,504,1224,1200
669 100 1440,504,1224,1200
670 100 1440,504,1224,1200
671 100 1440,504,1224,1200
672 100 1440,504,1224,1200
673 100 1440,504,1224,1200
674 100 1440,504,1224,1200
675 100 1416,504,1224,1200
676 100 1416,504,1224,1200
677 100 1416,504,1224,1200
678 100 1416,504,1224,1200
679 100 1416,504,1224,1200
680 100 1416,504,1224,1200
681 100 1416,480,1224,1224
682 100 1416,480,1224,1224
683 100 1416,480,1224,1224
684 100 1416,456,1224,1224
685 100 1416,456,1224,1224
686 100 1416,456,1224,1224
687 100 1416,456,1224,1224
688 100 1392,432,1224,1200
689 100 1392,432,1224,1200
690 100 1392,432,1224,1200
691 100 1344,408,1224,1200
692 100 1344,408,1224,1200
693 100 1344,408,1224,1200
694 100 1320,360,1224,1224
695 100 1320,360,1224,1224
696 100 1320,360,1224,1224
697 100 1320,360,1224,1224
698 100 1296,336,1224,1200
699 100 1296,336,1224,1200
700 100 1296,336,1224,1200
701 100 1272,312,1224,1200
702 100 1272,312,1224,1200
703 100 1272,312,1224,1200
704 100 1272,288,1224,1200
705 100 1272,288,1224,1200
706 100 1272,288,1224,1200
707 100 1272,288,1224,1200
708 100 1248,264,1224,1200
709 100 1248,264,1224,1200
710 100 1248,264,1224,1200
711 100 1248,240,1224,1200
712 100 1248,240,1224,1200
713 100 1248,240,1224,1200
714 100 1224,216,1224,1200
715 100 1224,216,1224,1200
716 100 1224,216,1224,1200
717 100 1224,216,1224,1200
718 100 1224,192,1224,1224
719 100 1224,192,1224,1224
720 100 1224,192,1224,1224
721 100 1224,192,1224,1200
722 100 1224,192,1224,1200
723 100 1224,192,1224,1200
724 100 1224,192,1224,1200
725 100 1224,192,1224,1200
726 100 1224,192,1224,1200
727 100 1224,192,1224,1200
728 100 1224,192,1224,1200
729 100 1224,192,1224,1200
730 100 1224,192,1224,1200
731 100 1224,192,1224,1200
732 100 1224,192,1224,1200
733 100 1224,192,1224,1200
734 100 1224,192,1224,1200
735 100 1272,168,1224,1224
736 100 1272,168,1224,1224
737 100 1272,168,1224,1224
738 100 1272,168,1224,1224
739 100 1272,168,1224,1224
740 100 1272,168,1224,1224
741 100 1320,168,1224,1224
742 100 1320,168,1224,1224
743 100 1320,168,1224,1224
744 100 1320,168,1224,1224
745 100 1368,192,1224,1200
746 100 1368,192,1224,1200
747 100 1416,192,1224,1200
748 100 1416,192,1224,1200
749 100 1416,192,1224,1200
750 100 1416,192,1224,1200
751 100 1488,192,1224,1224
752 100 1488,192,1224,1224
753 100 1488,192,1224,1224
754 100 1488,192,1224,1224
755 100 1584,216,1224,1200
756 100 1584,216,1224,1200
757 100 1680,240,1224,1224
758 100 1680,240,1224,1224
759 100 1680,240,1224,1224
760 100 1680,240,1224,1224
761 100 1776,264,1224,1200
762 100 1776,264,1224,1200
763 100 1776,264,1224,1200
764 100 1776,264,1224,1200
765 100 1968,336,1224,1200
766 100 1968,336,1224,1200
767 100 2136,432,1224,1224
768 100 2136,432,1224,1224
769 100 2136,432,1224,1224
770 100 2136,432,1224,1224
771 100 2208,480,1224,1224
772 100 2208,480,1224,1224
773 100 2208,480,1224,1224
774 100 2208,480,1224,1224
775 100 2208,552,1224,1200
776 100 2208,552,1224,1200
777 100 2184,600,1224,1200
778 100 2184,600,1224,1200
779 100 2184,600,1224,1200
780 100 2184,600,1224,1200
781 100 2136,624,1224,1200
782 100 2136,624,1224,1200
783 100 2136,624,1224,1200
784 100 2136,624,1224,1200
785 100 2112,648,1224,1200
786 100 2112,648,1224,1200
787 100 2112,648,1224,1200
788 100 2112,648,1224,1200
789 100 2112,648,1224,1200
790 100 2112,648,1224,1200
791 100 2088,648,1224,1200
792 100 2088,648,1224,1200
793 100 2088,648,1224,1200
794 100 2088,648,1224,1200
795 100 2088,648,1224,1200
796 100 2088,648,1224,1200
797 100 2064,648,1224,1200
798 100 2064,648,1224,1200
799 100 2064,648,1224,1200
800 100 2064,648,1224,1200
801 100 2064,624,1224,1224
802 100 2064,624,1224,1224
803 100 2064,624,1224,1224
804 100 2040,624,1224,1224
805 100 2040,624,1224,1224
806 100 2040,624,1224,1224
807 100 2040,624,1224,1224
808 100 2040,648,1224,1200
809 100 2040,648,1224,1200
810 100 2040,648,1224,1200
811 100 2040,624,1224,1200
812 100 2040,624,1224,1200
813 100 2040,624,1224,1200
814 100 2040,624,1224,1224
815 100 2040,624,1224,1224
816 100 2040,624,1224,1224
817 100 2040,624,1224,1224
818 100 2040,624,1224,1200
819 100 2040,624,1224,1200
820 100 2040,624,1224,1200
821 100 2064,624,1224,1200
822 100 2064,624,1224,1200
823 100 2064,624,1224,1200
824 100 2064,624,1224,1200
825 100 2064,624,1224,1224
826 100 2064,624,1224,1224
827 100 2064,624,1224,1224
828 100 2064,624,1224,1200
829 100 2064,624,1224,1200
830 100 2064,624,1224,1200
831 100 2040,624,1224,1224
832 100 2040,624,1224,1224
833 100 2040,624,1224,1224
834 100 2040,624,1224,1200
835 100 2040,624,1224,1200
836 100 2040,624,1224,1200
837 100 2040,624,1224,1200
838 100 2040,624,1224,1200
839 100 2040,624,1224,1200
840 100 2040,624,1224,1200
841 100 2040,624,1224,1200
842 100 2040,624,1224,1200
843 100 2040,624,1224,1200
844 100 2016,624,1224,1200
845 100 2016,624,1224,1200
846 100 2016,624,1224,1200
847 100 2016,624,1224,1200
848 100 2016,624,1224,1200
849 100 2016,624,1224,1200
850 100 2016,624,1224,1200
851 100 2016,600,1224,1224
852 100 2016,600,1224,1224
853 100 2016,600,1224,1224
854 100 2016,600,1224,1200
855 100 2016,600,1224,1200
856 100 2016,600,1224,1200
857 100 2016,600,1224,1200
858 100 1992,600,1224,1200
859 100 1992,600,1224,1200
860 100 1992,600,1224,1200
861 100 1992,576,1224,1224
862 100 1992,576,1224,1224
863 100 1992,576,1224,1224
864 100 1968,576,1224,1224
865 100 1968,576,1224,1224
866 100 1968,576,1224,1224
867 100 1968,576,1224,1224
868 100 1968,576,1224,1200
869 100 1968,576,1224,1200
870 100 1968,576,1224,1200
871 100 1968,576,1224,1224
872 100 1968,576,1224,1224
873 100 1968,576,1224,1224
874 100 1968,576,1224,1224
875 100 1968,576,1224,1224
876 100 1968,576,1224,1224
877 100 1968,576,1224,1224
878 100 1968,576,1224,1224
879 100 1968,576,1224,1224
880 100 1968,576,1224,1224
881 100 1944,576,1224,1224
882 100 1944,576,1224,1224
883 100 1944,576,1224,1224
884 100 1944,576,1224,1224
885 100 1920,576,1224,1200
886 100 1920,576,1224,1200
887 100 1920,576,1224,1200
888 100 1872,576,1224,1200
889 100 1872,576,1224,1200
890 100 1872,576,1224,1200
891 100 1824,576,1224,1224
892 100 1824,576,1224,1224
893 100 1824,576,1224,1224
894 100 1824,576,1224,1224
895 100 1800,576,1224,1200
896 100 1800,576,1224,1200
897 100 1800,576,1224,1200
898 100 1752,576,1224,1224
899 100 1752,576,1224,1224
900 100 1752,576,1224,1224
901 100 1728,624,1224,1200
902 100 1728,624,1224,1200
903 100 1728,624,1224,1200
904 100 1728,624,1224,1200
905 100 1728,624,1224,1200
906 100 1728,624,1224,1200
907 100 1728,624,1224,1200
908 100 1704,672,1224,1200
909 100 1704,672,1224,1200
910 100 1704,672,1224,1200
911 100 1704,672,1224,1200
912 100 1680,720,1224,1224
913 100 1680,720,1224,1224
914 100 1680,744,1224,1224
915 100 1680,744,1224,1224
916 100 1680,744,1224,1224
917 100 1680,744,1224,1224
918 100 1656,792,1224,1200
919 100 1656,792,1224,1200
920 100 1656,792,1224,1200
921 100 1656,792,1224,1200
922 100 1656,792,1224,1224
923 100 1656,792,1224,1224
924 100 1680,792,1224,1224
925 100 1680,792,1224,1224
926 100 1680,792,1224,1224
927 100 1680,792,1224,1224
928 100 1680,816,1224,1200
929 100 1680,816,1224,1200
930 100 1680,816,1224,1200
931 100 1680,816,1224,1200
932 100 1680,816,1224,1224
933 100 1680,816,1224,1224
934 100 1704,840,1224,1200
935 100 1704,840,1224,1200
936 100 1704,840,1224,1200
937 100 1704,840,1224,1200
938 100 1752,840,1224,1200
939 100 1752,840,1224,1200
940 100 1752,840,1224,1200
941 100 1752,840,1224,1200
942 100 1824,840,1224,1224
943 100 1824,840,1224,1224
944 100 1872,840,1224,1224
945 100 1872,840,1224,1224
946 100 1872,840,1224,1224
947 100 1872,840,1224,1224
948 100 1896,864,1224,1200
949 100 1896,864,1224,1200
950 100 1896,864,1224,1200
951 100 1896,864,1224,1200
952 100 1944,840,1224,1224
953 100 1944,840,1224,1224
954 100 1968,840,1224,1200
955 100 1968,840,1224,1200
956 100 1968,840,1224,1200
957 100 1968,840,1224,1200
958 100 1992,840,1224,1200
959 100 1992,840,1224,1200
960 100 1992,840,1224,1200
961 100 2016,840,1224,1200
962 100 2016,840,1224,1200
963 100 2016,840,1224,1200
964 100 2016,840,1224,1200
965 100 2016,840,1224,1200
966 100 2016,840,1224,1200
967 100 2016,840,1224,1200
968 100 2040,840,1224,1200
969 100 2040,840,1224,1200
970 100 2040,840,1224,1200
971 100 2040,816,1224,1224
972 100 2040,816,1224,1224
973 100 2040,816,1224,1224
974 100 2040,816,1224,1224
975 100 2064,816,1224,1224
976 100 2064,816,1224,1224
977 100 2064,816,1224,1224
978 100 2088,816,1224,1224
979 100 2088,816,1224,1224
980 100 2088,816,1224,1224
981 100 2088,816,1224,1224
982 100 2136,816,1224,1200
983 100 2136,816,1224,1200
984 100 2160,816,1224,1200
985 100 2160,816,1224,1200
986 100 2160,816,1224,1200
987 100 2160,816,1224,1200
988 100 2184,816,1224,1200
989 100 2184,816,1224,1200
990 100 2184,816,1224,1200
991 100 2184,816,1224,1200
992 100 2208,792,1224,1224
993 100 2208,792,1224,1224
994 100 2208,792,1224,1224
995 100 2256,792,1224,1200
996 100 2256,792,1224,1200
997 100 2256,792,1224,1200
998 100 2280,768,1224,1224
999 100 2280,768,1224,1224
1000 100 2280,768,1224,1224
1001 100 2304,768,1224,1200
1002 100 2304,768,1224,1200
1003 100 2304,768,1224,1200
1004 100 2328,744,1224,1200
1005 100 2328,744,1224,1200
1006 100 2328,744,1224,1200
1007 100 2328,744,1224,1200
1008 100 2376,720,1224,1200
1009 100 2376,720,1224,1200
1010 100 2376,720,1224,1200
1011 100 2424,672,1224,1224
1012 100 2424,672,1224,1224
1013 100 2424,672,1224,1224
1014 100 2448,648,1224,1200
1015 100 2448,648,1224,1200
1016 100 2448,648,1224,1200
1017 100 2448,648,1224,1200
1018 100 2472,624,1224,1200
1019 100 2472,624,1224,1200
1020 100 2472,624,1224,1200
1021 100 2472,624,1224,1200
1022 100 2472,600,1224,1200
1023 100 2472,600,1224,1200
1024 100 2472,600,1224,1200
1025 100 2496,576,1224,1200
1026 100 2496,576,1224,1200
1027 100 2496,576,1224,1200
1028 100 2520,552,1224,1224
1029 100 2520,552,1224,1224
1030 100 2520,552,1224,1224
1031 100 2520,552,1224,1200
1032 100 2520,552,1224,1200
1033 100 2520,552,1224,1200
1034 100 2568,528,1224,1200
1035 100 2568,528,1224,1200
1036 100 2568,528,1224,1200
1037 100 2568,528,1224,1200
1038 100 2592,528,1224,1224
1039 100 2592,528,1224,1224
1040 100 2592,528,1224,1224
1041 100 2592,528,1224,1224
1042 100 2616,528,1224,1200
1043 100 2616,528,1224,1200
1044 100 2640,528,1224,1200
1045 100 2640,528,1224,1200
1046 100 2640,528,1224,1200
1047 100 2640,528,1224,1200
1048 100 2664,528,1224,1224
1049 100 2664,528,1224,1224
1050 100 2664,528,1224,1224
1051 100 2664,528,1224,1224
1052 100 2664,528,1224,1224
1053 100 2664,528,1224,1224
1054 100 2664,528,1224,1224
1055 100 2712,552,1224,1200
1056 100 2712,552,1224,1200
1057 100 2712,552,1224,1200
1058 100 2736,552,1224,1200
1059 100 2736,552,1224,1200
1060 100 2736,552,1224,1200
1061 100 2880,552,1224,1200
1062 100 2880,552,1224,1200
1063 100 2880,552,1224,1200
1064 100 2928,552,1224,1224
1065 100 2928,552,1224,1224
1066 100 2928,552,1224,1224
1067 100 2928,552,1224,1224
1068 100 3000,576,1224,1200
1069 100 3000,576,1224,1200
1070 100 3000,576,1224,1200
1071 100 3096,576,1224,1200
1072 100 3096,576,1224,1200
1073 100 3096,576,1224,1200
1074 100 3216,576,1224,1200
1075 100 3216,576,1224,1200
1076 100 3216,576,1224,1200
1077 100 3216,576,1224,1200
1078 100 3216,576,1224,1200
1079 100 3168,576,1224,1224
1080 100 3168,576,1224,1224
1081 100 3336,576,1224,1224
1082 100 3336,576,1224,1224
1083 100 3336,576,1224,1224
1084 100 3336,576,1224,1224
1085 100 3312,576,1224,1224
1086 100 3312,576,1224,1224
1087 100 3312,576,1224,1224
1088 100 3288,600,1224,1200
1089 100 3288,600,1224,1200
1090 100 3288,600,1224,1200
1091 100 3288,600,1224,1200
1092 100 3504,600,1224,1200
1093 100 3504,600,1224,1200
1094 100 3504,600,1224,1200
1095 100 3360,600,1224,1200
1096 100 3360,600,1224,1200
1097 100 3360,600,1224,1200
1098 100 3360,600,1224,1200
1099 100 3648,600,1224,1224
1100 100 3648,600,1224,1224
1101 100 3360,600,1224,1224
1102 100 3360,600,1224,1224
1103 100 3360,600,1224,1224
1104 100 3432,600,1224,1200
1105 100 3432,600,1224,1200
1106 100 3432,600,1224,1200
1107 100 3432,600,1224,1200
1108 100 3456,600,1224,1200
1109 100 3456,600,1224,1200
1110 100 3456,600,1224,1200
1111 100 3480,600,1224,1200
1112 100 3480,600,1224,1200
1113 100 3480,600,1224,1200
1114 100 3480,600,1224,1200
1115 100 3528,600,1224,1200
1116 100 3528,600,1224,1200
1117 100 3528,600,1224,1200
1118 100 3552,600,1224,1200
1119 100 3552,600,1224,1200
1120 100 3552,600,1224,1200
1121 100 3552,600,1224,1200
1122 100 3552,600,1224,1200
1123 100 3552,600,1224,1200
1124 100 3552,600,1224,1200
1125 100 3672,576,1224,1224
1126 100 3672,576,1224,1224
1127 100 3672,576,1224,1224
1128 100 3696,576,1224,1224
1129 100 3696,576,1224,1224
1130 100 3696,576,1224,1224
1131 100 3432,576,1224,1200
1132 100 3432,576,1224,1200
1133 100 3432,576,1224,1200
1134 100 3432,576,1224,1200
1135 100 3408,576,1224,1200
1136 100 3408,576,1224,1200
1137 100 3408,576,1224,1200
1138 100 3456,576,1224,1200
1139 100 3456,576,1224,1200
1140 100 3456,576,1224,1200
1141 100 3456,576,1224,1200
1142 100 3456,576,1224,1200
1143 100 3456,576,1224,1200
1144 100 3456,576,1224,1200
1145 100 3456,576,1224,1200
1146 100 3456,576,1224,1200
1147 100 3456,576,1224,1200
1148 100 3480,576,1224,1200
1149 100 3480,576,1224,1200
1150 100 3480,576,1224,1200
1151 100 3504,576,1224,1200
1152 100 3504,576,1224,1200
1153 100 3504,576,1224,1200
1154 100 3504,576,1224,1200
1155 100 3528,576,1224,1200
1156 100 3528,576,1224,1200
1157 100 3528,576,1224,1200
1158 100 3576,576,1224,1200
1159 100 3576,576,1224,1200
1160 100 3576,576,1224,1200
1161 100 3600,552,1224,1224
1162 100 3600,552,1224,1224
1163 100 3600,552,1224,1224
1164 100 3600,552,1224,1224
1165 100 3576,576,1224,1200
1166 100 3576,576,1224,1200
1167 100 3576,576,1224,1200
1168 100 0,552,1224,1224
1169 100 0,552,1224,1224
1170 100 0,552,1224,1224
1171 100 3384,552,1224,1200
1172 100 3384,552,1224,1200
1173 100 3384,552,1224,1200
1174 100 3384,552,1224,1200
1175 100 0,552,1224,1200
1176 100 0,552,1224,1200
1177 100 0,552,1224,1200
1178 100 48,552,1224,1200
1179 100 48,552,1224,1200
1180 100 48,552,1224,1200
1181 100 96,552,1224,1200
1182 100 96,552,1224,1200
1183 100 96,552,1224,1200
1184 100 96,552,1224,1200
1185 100 96,552,1224,1200
1186 100 96,552,1224,1200
1187 100 96,552,1224,1200
1188 100 72,552,1224,1200
1189 100 72,552,1224,1200
1190 100 72,552,1224,1200
1191 100 72,552,1224,1200
1192 100 72,552,1224,1200
1193 100 72,552,1224,1200
1194 100 72,552,1224,1200
1195 100 72,552,1224,1200
1196 100 72,552,1224,1200
1197 100 72,552,1224,1200
1198 100 48,552,1224,1200
1199 100 48,552,1224,1200
1200 100 48,552,1224,1200
1201 100 24,552,1224,1200
1202 100 24,552,1224,1200
1203 100 24,552,1224,1200
1204 100 24,552,1224,1200
1205 100 24,552,1224,1200
1206 100 24,552,1224,1200
1207 100 24,552,1224,1200
1208 100 24,552,1224,1200
1209 100 24,552,1224,1200
1210 100 24,552,1224,1200
1211 100 0,552,1224,1200
1212 100 0,552,1224,1200
1213 100 0,552,1224,1200
1214 100 0,552,1224,1200
1215 100 120,552,1224,1224
1216 100 120,552,1224,1224
1217 100 120,552,1224,1224
1218 100 72,552,1224,1224
1219 100 72,552,1224,1224
1220 100 72,552,1224,1224
1221 100 48,552,1224,1224
1222 100 48,552,1224,1224
1223 100 48,552,1224,1224
1224 100 48,552,1224,1224
1225 100 3432,552,1224,1200
1226 100 3432,552,1224,1200
1227 100 3432,552,1224,1200
1228 100 0,552,1224,1224
1229 100 0,552,1224,1224
1230 100 0,552,1224,1224
1231 100 3408,552,1224,1200
1232 100 3408,552,1224,1200
1233 100 3408,552,1224,1200
1234 100 3408,552,1224,1200
1235 100 3384,552,1224,1200
1236 100 3384,552,1224,1200
1237 100 3384,552,1224,1200
1238 100 3552,576,1224,1200
1239 100 3552,576,1224,1200
1240 100 3552,576,1224,1200
1241 100 3624,552,1224,1224
1242 100 3624,552,1224,1224
1243 100 3624,552,1224,1224
1244 100 3624,552,1224,1224
1245 100 3600,552,1224,1224
1246 100 3600,552,1224,1224
1247 100 3600,552,1224,1224
1248 100 3600,552,1224,1224
1249 100 3624,552,1224,1224
1250 100 3624,552,1224,1224
1251 100 3336,552,1224,1224
1252 100 3336,552,1224,1224
1253 100 3336,552,1224,1224
1254 100 3336,552,1224,1224
1255 100 3336,552,1224,1224
1256 100 3336,552,1224,1224
1257 100 3336,552,1224,1224
1258 100 3360,552,1224,1224
1259 100 3360,552,1224,1224
1260 100 3360,552,1224,1224
1261 100 3360,552,1224,1224
1262 100 3552,576,1224,1200
1263 100 3552,576,1224,1200
1264 100 3552,576,1224,1200
1265 100 3336,552,1224,1224
1266 100 3336,552,1224,1224
1267 100 3336,552,1224,1224
1268 100 3360,552,1224,1224
1269 100 3360,552,1224,1224
1270 100 3360,552,1224,1224
1271 100 3360,552,1224,1224
1272 100 3384,552,1224,1200
1273 100 3384,552,1224,1200
1274 100 3384,552,1224,1200
1275 100 3408,552,1224,1200
1276 100 3408,552,1224,1200
1277 100 3408,552,1224,1200
1278 100 3408,552,1224,1200
1279 100 3408,552,1224,1200
1280 100 3408,552,1224,1200
1281 100 3408,552,1224,1200
1282 100 3432,552,1224,1200
1283 100 3432,552,1224,1200
1284 100 3432,552,1224,1200
1285 100 3360,552,1224,1224
1286 100 3360,552,1224,1224
1287 100 3360,552,1224,1224
1288 100 3504,576,1224,1200
1289 100 3504,576,1224,1200
1290 100 3504,576,1224,1200
1291 100 3504,576,1224,1200
1292 100 3384,576,1224,1200
1293 100 3384,576,1224,1200
1294 100 3384,576,1224,1200
1295 100 3432,576,1224,1200
1296 100 3432,576,1224,1200
1297 100 3432,576,1224,1200
1298 100 3456,576,1224,1200
1299 100 3456,576,1224,1200
1300 100 3456,576,1224,1200
1301 100 3456,576,1224,1200
1302 100 3432,576,1224,1200
1303 100 3432,576,1224,1200
1304 100 3432,576,1224,1200
1305 100 3432,576,1224,1200
1306 100 3720,576,1224,1224
1307 100 3720,576,1224,1224
1308 100 3720,576,1224,1224
1309 100 3624,576,1224,1224
1310 100 3624,576,1224,1224
1311 100 3624,576,1224,1224
1312 100 3432,600,1224,1200
1313 100 3432,600,1224,1200
1314 100 3432,600,1224,1200
1315 100 3528,624,1224,1200
1316 100 3528,624,1224,1200
1317 100 3528,624,1224,1200
1318 100 3504,672,1224,1200
1319 100 3504,672,1224,1200
1320 100 3504,672,1224,1200
1321 100 3504,672,1224,1200
1322 100 3384,696,1224,1200
1323 100 3384,696,1224,1200
1324 100 3384,696,1224,1200
1325 100 3504,720,1224,1200
1326 100 3504,720,1224,1200
1327 100 3504,720,1224,1200
1328 100 3744,720,1224,1224
1329 100 3744,720,1224,1224
1330 100 3744,720,1224,1224
1331 100 3744,720,1224,1224
1332 100 3312,720,1224,1200
1333 100 3312,720,1224,1200
1334 100 3312,720,1224,1200
1335 100 3312,720,1224,1200
1336 100 3312,720,1224,1200
1337 100 3312,720,1224,1200
1338 100 3312,720,1224,1200
1339 100 3408,720,1224,1200
1340 100 3408,720,1224,1200
1341 100 3408,720,1224,1200
1342 100 3480,720,1224,1200
1343 100 3480,720,1224,1200
1344 100 3480,720,1224,1200
1345 100 3504,720,1224,1200
1346 100 3504,720,1224,1200
1347 100 3504,720,1224,1200
1348 100 3504,720,1224,1200
1349 100 3504,720,1224,1200
1350 100 3504,720,1224,1200
1351 100 3504,720,1224,1200
1352 100 3528,720,1224,1200
1353 100 3528,720,1224,1200
1354 100 3528,720,1224,1200
1355 100 3528,720,1224,1200
1356 100 3528,720,1224,1200
1357 100 3528,720,1224,1200
1358 100 3528,720,1224,1200
1359 100 3576,696,1224,1224
1360 100 3576,696,1224,1224
1361 100 3576,696,1224,1224
1362 100 3648,696,1224,1224
1363 100 3648,696,1224,1224
1364 100 3648,696,1224,1224
1365 100 3312,696,1224,1224
1366 100 3312,696,1224,1224
1367 100 3312,696,1224,1224
1368 100 3312,696,1224,1224
1369 100 3408,696,1224,1200
1370 100 3408,696,1224,1200
1371 100 3408,696,1224,1200
1372 100 3384,696,1224,1200
1373 100 3384,696,1224,1200
1374 100 3384,696,1224,1200
1375 100 3408,696,1224,1200
1376 100 3408,696,1224,1200
1377 100 3408,696,1224,1200
1378 100 3408,696,1224,1200
1379 100 3336,696,1224,1200
1380 100 3336,696,1224,1200
1381 100 3336,696,1224,1200
1382 100 3240,720,1224,1200
1383 100 3240,720,1224,1200
1384 100 3240,720,1224,1200
1385 100 3096,720,1224,1224
1386 100 3096,720,1224,1224
1387 100 3096,720,1224,1224
1388 100 3096,720,1224,1224
1389 100 2880,720,1224,1224
1390 100 2880,720,1224,1224
1391 100 2880,720,1224,1224
1392 100 2832,720,1224,1224
1393 100 2832,720,1224,1224
1394 100 2832,720,1224,1224
1395 100 2736,720,1224,1200
1396 100 2736,720,1224,1200
1397 100 2736,720,1224,1200
1398 100 2736,720,1224,1200
1399 100 2640,696,1224,1224
1400 100 2640,696,1224,1224
1401 100 2640,696,1224,1224
1402 100 2568,696,1224,1200
1403 100 2568,696,1224,1200
1404 100 2568,696,1224,1200
1405 100 2472,672,1224,1224
1406 100 2472,672,1224,1224
1407 100 2472,672,1224,1224
1408 100 2472,672,1224,1224
1409 100 2448,672,1224,1224
1410 100 2448,672,1224,1224
1411 100 2448,672,1224,1224
1412 100 2424,672,1224,1224
1413 100 2424,672,1224,1224
1414 100 2424,672,1224,1224
1415 100 2400,672,1224,1224
1416 100 2400,672,1224,1224
1417 100 2400,672,1224,1224
1418 100 2400,672,1224,1224
1419 100 2376,672,1224,1224
1420 100 2376,672,1224,1224
1421 100 2376,672,1224,1224
1422 100 2304,696,1224,1200
1423 100 2304,696,1224,1200
1424 100 2304,696,1224,1200
1425 100 2208,696,1224,1200
1426 100 2208,696,1224,1200
1427 100 2208,696,1224,1200
1428 100 2208,696,1224,1200
1429 100 2112,696,1224,1224
1430 100 2112,696,1224,1224
1431 100 2112,696,1224,1224
1432 100 2112,720,1224,1200
1433 100 2112,720,1224,1200
1434 100 2112,720,1224,1200
1435 100 2112,720,1224,1224
1436 100 2112,720,1224,1224
1437 100 2112,720,1224,1224
1438 100 2112,720,1224,1224
1439 100 2136,744,1224,1200
1440 100 2136,744,1224,1200
1441 100 2136,744,1224,1200
1442 100 2136,744,1224,1224
1443 100 2136,744,1224,1224
1444 100 2136,744,1224,1224
1445 100 2184,768,1224,1200
1446 100 2184,768,1224,1200
1447 100 2184,768,1224,1200
1448 100 2184,768,1224,1200
1449 100 2256,768,1224,1200
1450 100 2256,768,1224,1200
1451 100 2256,768,1224,1200
1452 100 2304,768,1224,1200
1453 100 2304,768,1224,1200
1454 100 2304,768,1224,1200
1455 100 2376,768,1224,1200
1456 100 2376,768,1224,1200
1457 100 2376,768,1224,1200
1458 100 2376,768,1224,1200
1459 100 2448,768,1224,1200
1460 100 2448,768,1224,1200
1461 100 2448,768,1224,1200
1462 100 2496,768,1224,1200
1463 100 2496,768,1224,1200
1464 100 2496,768,1224,1200
1465 100 2496,768,1224,1224
1466 100 2496,768,1224,1224
1467 100 2496,768,1224,1224
1468 100 2496,768,1224,1224
1469 100 2520,768,1224,1224
1470 100 2520,768,1224,1224
1471 100 2520,768,1224,1224
1472 100 2520,768,1224,1224
1473 100 2520,768,1224,1224
1474 100 2520,768,1224,1224
1475 100 2520,768,1224,1224
1476 100 2520,768,1224,1224
1477 100 2520,768,1224,1224
1478 100 2520,768,1224,1224
1479 100 2496,768,1224,1224
1480 100 2496,768,1224,1224
1481 100 2496,768,1224,1224
1482 100 2496,768,1224,1224
1483 100 2496,792,1224,1200
1484 100 2496,792,1224,1200
1485 100 2496,792,1224,1200
1486 100 2496,792,1224,1200
1487 100 2496,792,1224,1200
1488 100 2496,792,1224,1200
1489 100 2496,792,1224,1200
1490 100 2496,792,1224,1200
1491 100 2496,792,1224,1200
1492 100 2472,792,1224,1200
1493 100 2472,792,1224,1200
1494 100 2472,792,1224,1200
1495 100 2472,792,1224,1200
1496 100 2472,792,1224,1200
1497 100 2472,792,1224,1200
1498 100 2472,792,1224,1200
1499 100 2472,792,1224,1200
1500 100 2472,792,1224,1200
1501 100 2472,792,1224,1200
1502 100 2448,792,1224,1200
1503 100 2448,792,1224,1200
1504 100 2448,792,1224,1200
1505 100 2448,792,1224,1200
1506 100 2424,768,1224,1224
1507 100 2424,768,1224,1224
1508 100 2424,768,1224,1224
1509 100 2424,768,1224,1200
1510 100 2424,768,1224,1200
1511 100 2424,768,1224,1200
1512 100 2376,720,1224,1224
1513 100 2376,720,1224,1224
1514 100 2376,720,1224,1224
1515 100 2376,720,1224,1224
1516 100 2400,672,1224,1200
1517 100 2400,672,1224,1200
1518 100 2400,672,1224,1200
1519 100 2400,624,1224,1200
1520 100 2400,624,1224,1200
1521 100 2400,624,1224,1200
1522 100 2424,576,1224,1200
1523 100 2424,576,1224,1200
1524 100 2424,576,1224,1200
1525 100 2424,576,1224,1200
1526 100 2424,552,1224,1200
1527 100 2424,552,1224,1200
1528 100 2424,552,1224,1200
1529 100 2424,528,1224,1200
1530 100 2424,528,1224,1200
1531 100 2424,528,1224,1200
1532 100 2400,504,1224,1224
1533 100 2400,504,1224,1224
1534 100 2400,504,1224,1224
1535 100 2400,504,1224,1224
1536 100 2400,504,1224,1224
1537 100 2400,504,1224,1224
1538 100 2400,504,1224,1224
1539 100 2376,528,1224,1200
1540 100 2376,528,1224,1200
1541 100 2376,528,1224,1200
1542 100 2328,528,1224,1200
1543 100 2328,528,1224,1200
1544 100 2328,528,1224,1200
1545 100 2328,528,1224,1200
1546 100 2256,528,1224,1200
1547 100 2256,528,1224,1200
1548 100 2256,528,1224,1200
1549 100 2208,552,1224,1200
1550 100 2208,552,1224,1200
1551 100 2208,552,1224,1200
1552 100 2160,552,1224,1200
1553 100 2160,552,1224,1200
1554 100 2160,552,1224,1200
1555 100 2160,552,1224,1200
1556 100 2112,552,1224,1200
1557 100 2112,552,1224,1200
1558 100 2112,552,1224,1200
1559 100 2064,552,1224,1200
1560 100 2064,552,1224,1200
1561 100 2064,552,1224,1200
1562 100 2064,552,1224,1200
1563 100 2016,552,1224,1200
1564 100 2016,552,1224,1200
1565 100 2016,552,1224,1200
1566 100 1992,528,1224,1224
1567 100 1992,528,1224,1224
1568 100 1992,528,1224,1224
1569 100 1968,528,1224,1200
1570 100 1968,528,1224,1200
1571 100 1968,528,1224,1200
1572 100 1968,528,1224,1200
1573 100 1968,504,1224,1200
1574 100 1968,504,1224,1200
1575 100 1968,504,1224,1200
1576 100 1944,456,1224,1224
1577 100 1944,456,1224,1224
1578 100 1944,456,1224,1224
1579 100 1896,432,1224,1224
1580 100 1896,432,1224,1224
1581 100 1896,432,1224,1224
1582 100 1896,432,1224,1224
1583 100 1848,408,1224,1200
1584 100 1848,408,1224,1200
1585 100 1848,408,1224,1200
1586 100 1800,384,1224,1200
1587 100 1800,384,1224,1200
1588 100 1800,384,1224,1200
1589 100 1776,360,1224,1200
1590 100 1776,360,1224,1200
1591 100 1776,360,1224,1200
1592 100 1776,360,1224,1200
1593 100 1728,336,1224,1200
1594 100 1728,336,1224,1200
1595 100 1728,336,1224,1200
1596 100 1680,312,1224,1200
1597 100 1680,312,1224,1200
1598 100 1680,312,1224,1200
1599 100 1656,264,1224,1224
1600 100 1656,264,1224,1224
1601 100 1656,264,1224,1224
1602 100 1656,264,1224,1224
1603 100 1656,240,1224,1224
1604 100 1656,240,1224,1224
1605 100 1656,240,1224,1224
1606 100 1656,216,1224,1224
1607 100 1656,216,1224,1224
1608 100 1656,216,1224,1224
1609 100 1656,192,1224,1224
1610 100 1656,192,1224,1224
1611 100 1656,192,1224,1224
1612 100 1656,192,1224,1224
1613 100 1680,192,1224,1200
1614 100 1680,192,1224,1200
1615 100 1680,192,1224,1200
1616 100 1704,168,1224,1200
1617 100 1704,168,1224,1200
1618 100 1704,168,1224,1200
1619 100 1704,168,1224,1200
1620 100 1704,144,1224,1224
1621 100 1704,144,1224,1224
1622 100 1704,144,1224,1224
1623 100 1728,144,1224,1200
1624 100 1728,144,1224,1200
1625 100 1728,144,1224,1200
1626 100 1752,144,1224,1200
1627 100 1752,144,1224,1200
1628 100 1752,144,1224,1200
1629 100 1752,144,1224,1200
1630 100 1800,120,1224,1200
1631 100 1800,120,1224,1200
1632 100 1800,120,1224,1200
1633 100 1800,120,1224,1200
1634 100 1800,120,1224,1200
1635 100 1800,120,1224,1200
1636 100 1824,120,1224,1200
1637 100 1824,120,1224,1200
1638 100 1824,120,1224,1200
1639 100 1824,120,1224,1200
1640 100 1872,120,1224,1200
1641 100 1872,120,1224,1200
1642 100 1872,120,1224,1200
1643 100 1920,120,1224,1200
1644 100 1920,120,1224,1200
1645 100 1920,120,1224,1200
1646 100 2064,120,1224,1224
1647 100 2064,120,1224,1224
1648 100 2064,120,1224,1224
1649 100 2064,120,1224,1224
1650 100 2280,144,1224,1200
1651 100 2280,144,1224,1200
1652 100 2280,144,1224,1200
1653 100 2424,144,1224,1200
1654 100 2424,144,1224,1200
1655 100 2424,144,1224,1200
1656 100 2640,168,1224,1200
1657 100 2640,168,1224,1200
1658 100 2640,168,1224,1200
1659 100 2640,168,1224,1200
1660 100 2736,168,1224,1200
1661 100 2736,168,1224,1200
1662 100 2736,168,1224,1200
1663 100 2832,168,1224,1224
1664 100 2832,168,1224,1224
1665 100 2832,168,1224,1224
1666 100 3216,192,1224,1224
1667 100 3216,192,1224,1224
1668 100 3216,192,1224,1224
1669 100 3216,192,1224,1224
1670 100 3264,216,1224,1224
1671 100 3264,216,1224,1224
1672 100 3264,216,1224,1224
1673 100 3240,216,1224,1224
1674 100 3240,216,1224,1224
1675 100 3240,216,1224,1224
1676 100 3432,216,1224,1224
1677 100 3432,216,1224,1224
1678 100 3432,216,1224,1224
1679 100 3432,216,1224,1224
1680 100 3624,240,1224,1224
1681 100 3624,240,1224,1224
1682 100 3624,240,1224,1224
1683 100 3624,240,1224,1224
1684 100 3624,240,1224,1224
1685 100 3624,240,1224,1224
1686 100 3696,240,1224,1224
1687 100 3696,240,1224,1224
1688 100 3696,240,1224,1224
1689 100 3696,240,1224,1224
1690 100 3672,240,1224,1224
1691 100 3672,240,1224,1224
1692 100 3672,240,1224,1224
1693 100 3552,240,1224,1224
1694 100 3552,240,1224,1224
1695 100 3552,240,1224,1224
1696 100 3552,240,1224,1224
1697 100 3528,240,1224,1224
1698 100 3528,240,1224,1224
1699 100 3528,240,1224,1224
1700 100 3504,240,1224,1224
1701 100 3504,240,1224,1224
1702 100 3504,240,1224,1224
1703 100 3408,264,1224,1200
1704 100 3408,264,1224,1200
1705 100 3408,264,1224,1200
1706 100 3408,264,1224,1200
1707 100 24,264,1224,1224
1708 100 24,264,1224,1224
1709 100 24,264,1224,1224
1710 100 3576,264,1224,1224
1711 100 3576,264,1224,1224
1712 100 3576,264,1224,1224
1713 100 3432,288,1224,1200
1714 100 3432,288,1224,1200
1715 100 3432,288,1224,1200
1716 100 3432,288,1224,1200
1717 100 3720,288,1224,1224
1718 100 3720,288,1224,1224
1719 100 3720,288,1224,1224
1720 100 3744,288,1224,1224
1721 100 3744,288,1224,1224
1722 100 3744,288,1224,1224
1723 100 3552,288,1224,1224
1724 100 3552,288,1224,1224
1725 100 3552,288,1224,1224
1726 100 3552,288,1224,1224
1727 100 3600,312,1224,1224
1728 100 3600,312,1224,1224
1729 100 3600,312,1224,1224
1730 100 3600,336,1224,1224
1731 100 3600,336,1224,1224
1732 100 3600,336,1224,1224
1733 100 3408,432,1224,1200
1734 100 3408,432,1224,1200
1735 100 3408,432,1224,1200
1736 100 3408,432,1224,1200
1737 100 3360,504,1224,1224
1738 100 3360,504,1224,1224
1739 100 3360,504,1224,1224
1740 100 3528,552,1224,1224
1741 100 3528,552,1224,1224
1742 100 3528,552,1224,1224
1743 100 3360,600,1224,1224
1744 100 3360,600,1224,1224
1745 100 3360,600,1224,1224
1746 100 3360,600,1224,1224
1747 100 3384,624,1224,1200
1748 100 3384,624,1224,1200
1749 100 3384,624,1224,1200
1750 100 3408,648,1224,1200
1751 100 3408,648,1224,1200
1752 100 3408,648,1224,1200
1753 100 3408,648,1224,1200
1754 100 3408,648,1224,1200
1755 100 3408,648,1224,1200
1756 100 3408,648,1224,1200
1757 100 3504,648,1224,1200
1758 100 3504,648,1224,1200
1759 100 3504,648,1224,1200
1760 100 3528,624,1224,1224
1761 100 3528,624,1224,1224
1762 100 3528,624,1224,1224
1763 100 3624,624,1224,1224
1764 100 3624,624,1224,1224
1765 100 3624,624,1224,1224
1766 100 3624,624,1224,1224
1767 100 3384,624,1224,1200
1768 100 3384,624,1224,1200
1769 100 3384,624,1224,1200
1770 100 3216,624,1224,1200
1771 100 3216,624,1224,1200
1772 100 3216,624,1224,1200
1773 100 3216,624,1224,1200
1774 100 2952,624,1224,1200
1775 100 2952,624,1224,1200
1776 100 2952,624,1224,1200
1777 100 2736,600,1224,1224
1778 100 2736,600,1224,1224
1779 100 2736,600,1224,1224
1780 100 2472,600,1224,1200
1781 100 2472,600,1224,1200
1782 100 2472,600,1224,1200
1783 100 2472,600,1224,1200
1784 100 2352,600,1224,1200
1785 100 2352,600,1224,1200
1786 100 2352,600,1224,1200
1787 100 2304,576,1224,1224
1788 100 2304,576,1224,1224
1789 100 2304,576,1224,1224
1790 100 2256,552,1224,1224
1791 100 2256,552,1224,1224
1792 100 2256,552,1224,1224
1793 100 2256,552,1224,1224
1794 100 2232,552,1224,1224
1795 100 2232,552,1224,1224
1796 100 2232,552,1224,1224
1797 100 2208,576,1224,1200
1798 100 2208,576,1224,1200
1799 100 2208,576,1224,1200
1800 100 2184,552,1224,1224
1801 100 2184,552,1224,1224
1802 100 2184,552,1224,1224
1803 100 2184,552,1224,1224
1804 100 2184,552,1224,1224
1805 100 2184,552,1224,1224
1806 100 2184,552,1224,1224
1807 100 2184,552,1224,1224
1808 100 2160,576,1224,1200
1809 100 2160,576,1224,1200
1810 100 2136,576,1224,1200
1811 100 2136,576,1224,1200
1812 100 2136,576,1224,1200
1813 100 2136,576,1224,1200
1814 100 2112,576,1224,1200
1815 100 2112,576,1224,1200
1816 100 2112,576,1224,1200
1817 100 2088,576,1224,1200
1818 100 2088,576,1224,1200
1819 100 2088,576,1224,1200
1820 100 2088,576,1224,1200
1821 100 2088,576,1224,1200
1822 100 2016,576,1224,1224
1823 100 2016,576,1224,1224
1824 100 2016,576,1224,1224
1825 100 1968,576,1224,1200
1826 100 1968,576,1224,1200
1827 100 1920,552,1224,1224
1828 100 1920,552,1224,1224
1829 100 1920,552,1224,1224
1830 100 1872,552,1224,1200
1831 100 1872,552,1224,1200
1832 100 1872,552,1224,1200
1833 100 1872,552,1224,1200
1834 100 1848,552,1224,1200
1835 100 1848,552,1224,1200
1836 100 1848,552,1224,1200
1837 100 1824,552,1224,1200
1838 100 1824,552,1224,1200
1839 100 1824,552,1224,1200
1840 100 1824,552,1224,1200
1841 100 1800,528,1224,1224
1842 100 1800,528,1224,1224
1843 100 1800,528,1224,1224
1844 100 1776,552,1224,1200
1845 100 1776,552,1224,1200
1846 100 1776,552,1224,1200
1847 100 1776,552,1224,1200
1848 100 1776,552,1224,1200
1849 100 1752,552,1224,1224
1850 100 1752,552,1224,1224
1851 100 1752,552,1224,1224
1852 100 1752,552,1224,1224
1853 100 1752,552,1224,1224
1854 100 1704,576,1224,1200
1855 100 1704,576,1224,1200
1856 100 1704,576,1224,1200
1857 100 1680,576,1224,1200
1858 100 1680,576,1224,1200
1859 100 1680,576,1224,1200
1860 100 1656,576,1224,1224
1861 100 1656,576,1224,1224
1862 100 1656,576,1224,1224
1863 100 1656,576,1224,1224
1864 100 1656,576,1224,1224
1865 100 1656,576,1224,1224
1866 100 1656,576,1224,1224
1867 100 1656,576,1224,1224
1868 100 1656,576,1224,1224
1869 100 1632,576,1224,1224
1870 100 1608,576,1224,1224
1871 100 1608,576,1224,1224
1872 100 1608,576,1224,1224
1873 100 1608,576,1224,1224
1874 100 1584,600,1224,1200
1875 100 1584,600,1224,1200
1876 100 1584,600,1224,1200
1877 100 1584,600,1224,1200
1878 100 1584,600,1224,1200
1879 100 1560,600,1224,1224
1880 100 1560,600,1224,1224
1881 100 1560,600,1224,1224
1882 100 1560,600,1224,1224
1883 100 1560,600,1224,1224
1884 100 1560,600,1224,1224
1885 100 1536,600,1224,1224
1886 100 1536,600,1224,1224
1887 100 1536,600,1224,1224
1888 100 1512,624,1224,1200
1889 100 1512,624,1224,1200
1890 100 1512,624,1224,1200
1891 100 1488,624,1224,1200
1892 100 1488,624,1224,1200
1893 100 1488,624,1224,1200
1894 100 1464,624,1224,1224
1895 100 1464,624,1224,1224
1896 100 1464,624,1224,1224
1897 100 1440,624,1224,1224
1898 100 1440,624,1224,1224
1899 100 1440,624,1224,1224
1900 100 1440,624,1224,1224
1901 100 1440,624,1224,1224
1902 100 1440,624,1224,1224
1903 100 1440,624,1224,1224
1904 100 1440,624,1224,1200
1905 100 1440,624,1224,1200
1906 100 1440,624,1224,1200
1907 100 1440,624,1224,1200
1908 100 1440,624,1224,1200
1909 100 1440,624,1224,1200
1910 100 1440,624,1224,1200
1911 100 1440,600,1224,1224
1912 100 1440,600,1224,1224
1913 100 1440,600,1224,1224
1914 100 1440,600,1224,1224
1915 100 1440,600,1224,1224
1916 100 1440,600,1224,1224
1917 100 1440,600,1224,1224
1918 100 1440,600,1224,1224
1919 100 1440,600,1224,1200
1920 100 1440,600,1224,1200
1921 100 1440,600,1224,1200
1922 100 1416,600,1224,1200
1923 100 1416,600,1224,1200
1924 100 1416,600,1224,1200
1925 100 1392,576,1224,1224
1926 100 1392,576,1224,1224
1927 100 1392,576,1224,1224
1928 100 1392,576,1224,1224
1929 100 1392,576,1224,1224
1930 100 1392,576,1224,1224
1931 100 1392,576,1224,1224
1932 100 1392,576,1224,1224
1933 100 1392,576,1224,1224
1934 100 1368,576,1224,1224
1935 100 1368,576,1224,1224
1936 100 1368,576,1224,1224
1937 100 1344,600,1224,1200
1938 100 1344,600,1224,1200
1939 100 1344,600,1224,1200
1940 100 1344,600,1224,1200
1941 100 1344,600,1224,1200
1942 100 1344,600,1224,1200
1943 100 1344,600,1224,1200
1944 100 1320,600,1224,1200
1945 100 1320,600,1224,1200
1946 100 1320,600,1224,1200
1947 100 1320,600,1224,1200
1948 100 1320,600,1224,1200
1949 100 1296,600,1224,1200
1950 100 1296,600,1224,1200
1951 100 1296,600,1224,1200
1952 100 1296,576,1224,1224
1953 100 1296,576,1224,1224
1954 100 1296,576,1224,1224
1955 100 1296,576,1224,1224
1956 100 1296,576,1224,1224
1957 100 1296,576,1224,1224
1958 100 1296,576,1224,1224
1959 100 1296,576,1224,1224
1960 100 1296,576,1224,1224
1961 100 1296,576,1224,1224
1962 100 1296,576,1224,1224
1963 100 1296,576,1224,1224
1964 100 1272,576,1224,1224
1965 100 1272,576,1224,1224
1966 100 1272,576,1224,1224
1967 100 1272,576,1224,1224
1968 100 1248,576,1224,1200
1969 100 1248,576,1224,1200
1970 100 1248,576,1224,1200
1971 100 1248,576,1224,1200
1972 100 1248,576,1224,1200
1973 100 1248,576,1224,1200
1974 100 1248,576,1224,1200
1975 100 1200,552,1224,1224
1976 100 1200,552,1224,1224
1977 100 1200,552,1224,1224
1978 100 1200,552,1224,1224
1979 100 1200,552,1224,1224
1980 100 1200,552,1224,1224
1981 100 1176,576,1224,1200
1982 100 1176,576,1224,1200
1983 100 1176,576,1224,1200
1984 100 1176,576,1224,1200
1985 100 1176,576,1224,1200
1986 100 1176,576,1224,1200
1987 100 1152,576,1224,1200
1988 100 1152,576,1224,1200
1989 100 1152,576,1224,1200
1990 100 1152,576,1224,1200
1991 100 1152,576,1224,1200
1992 100 1152,576,1224,1200
1993 100 1152,576,1224,1200
1994 100 1152,576,1224,1200
1995 100 1152,576,1224,1200
1996 100 1128,576,1224,1200
1997 100 1128,576,1224,1200
1998 100 1128,576,1224,1200
1999 100 1104,576,1224,1200
2000 100 1104,576,1224,1200
2001 100 1104,576,1224,1200
2002 100 1104,576,1224,1200
2003 100 1104,576,1224,1200
2004 100 1104,576,1224,1200
2005 100 1080,576,1224,1224
2006 100 1080,576,1224,1224
2007 100 1080,576,1224,1224
2008 100 1032,600,1224,1224
2009 100 1032,600,1224,1224
2010 100 1032,600,1224,1224
2011 100 1008,624,1224,1224
2012 100 1008,624,1224,1224
2013 100 1008,624,1224,1224
2014 100 960,648,1224,1200
2015 100 960,648,1224,1200
2016 100 960,648,1224,1200
2017 100 960,648,1224,1200
2018 100 912,648,1224,1224
2019 100 912,648,1224,1224
2020 100 912,648,1224,1224
2021 100 888,648,1224,1224
2022 100 888,648,1224,1224
2023 100 888,648,1224,1224
2024 100 888,648,1224,1224
2025 100 888,648,1224,1224
2026 100 864,648,1224,1224
2027 100 864,648,1224,1224
2028 100 864,648,1224,1224
2029 100 840,648,1224,1224
2030 100 840,648,1224,1224
2031 100 840,648,1224,1224
2032 100 816,672,1224,1224
2033 100 816,672,1224,1224
2034 100 816,672,1224,1224
2035 100 792,672,1224,1224
2036 100 792,672,1224,1224
2037 100 792,672,1224,1224
2038 100 744,672,1224,1224
2039 100 744,672,1224,1224
2040 100 744,672,1224,1224
2041 100 744,672,1224,1224
2042 100 696,672,1224,1224
2043 100 696,672,1224,1224
2044 100 696,672,1224,1224
2045 100 672,672,1224,1224
2046 100 672,672,1224,1224
2047 100 672,672,1224,1224
2048 100 648,648,1224,1248
2049 100 648,648,1224,1248
2050 100 648,648,1224,1248
2051 100 648,648,1224,1248
2052 100 624,648,1224,1248
2053 100 624,648,1224,1248
2054 100 624,648,1224,1248
2055 100 624,648,1224,1224
2056 100 624,648,1224,1224
2057 100 624,648,1224,1224
2058 100 624,648,1224,1224
2059 100 624,624,1224,1224
2060 100 624,624,1224,1224
2061 100 624,624,1224,1224
2062 100 624,600,1224,1248
2063 100 624,600,1224,1248
2064 100 624,600,1224,1248
2065 100 624,600,1224,1248
2066 100 648,600,1224,1248
2067 100 648,600,1224,1248
2068 100 648,600,1224,1248
2069 100 648,600,1224,1248
2070 100 648,600,1224,1248
2071 100 696,624,1224,1224
2072 100 696,624,1224,1224
2073 100 696,624,1224,1224
2074 100 696,624,1224,1224
2075 100 744,624,1224,1224
2076 100 744,624,1224,1224
2077 100 744,624,1224,1224
2078 100 744,624,1224,1224
2079 100 768,624,1224,1224
2080 100 768,624,1224,1224
2081 100 768,624,1224,1224
2082 100 792,624,1224,1224
2083 100 792,624,1224,1224
2084 100 792,624,1224,1224
2085 100 792,624,1224,1224
2086 100 792,624,1224,1248
2087 100 792,624,1224,1248
2088 100 792,648,1224,1224
2089 100 792,648,1224,1224
2090 100 792,648,1224,1224
2091 100 792,624,1224,1248
2092 100 792,624,1224,1248
2093 100 792,624,1224,1248
2094 100 792,624,1224,1248
2095 100 768,624,1224,1224
2096 100 768,624,1224,1224
2097 100 768,624,1224,1224
2098 100 768,624,1224,1224
2099 100 768,624,1224,1224
