0 100 3432,624,1224,1200
1 100 3432,624,1224,1200
2 100 3552,576,1224,1200
3 100 3600,600,1224,1200
4 100 3504,600,1224,1200
5 100 3600,600,1224,1224
6 100 3360,600,1224,1200
7 100 3360,600,1224,1224
8 100 3576,624,1224,1200
9 100 3312,624,1224,1224
10 100 3504,648,1224,1200
11 100 3312,624,1224,1224
12 100 3336,624,1224,1224
13 100 3456,624,1224,1200
14 100 3456,624,1224,1200
15 100 3552,624,1224,1200
16 100 3600,600,1224,1224
17 100 3552,624,1224,1200
18 100 3432,600,1224,1200
19 100 3504,576,1224,1200
20 100 3432,552,1224,1200
21 100 3480,552,1224,1200
22 100 3456,552,1224,1200
23 100 3576,576,1224,1200
24 100 3336,576,1224,1224
25 100 3480,600,1224,1200
26 100 3360,600,1224,1200
27 100 3336,600,1224,1224
28 100 3360,600,1224,1224
29 100 3336,600,1224,1224
30 100 3312,600,1224,1200
31 100 3312,600,1224,1200
32 100 3312,600,1224,1200
33 100 3240,600,1224,1200
34 100 3312,624,1224,1200
35 100 3264,624,1224,1200
36 100 3312,624,1224,1200
37 100 3312,600,1224,1224
38 100 3288,624,1224,1200
39 100 3288,624,1224,1200
40 100 3312,624,1224,1200
41 100 3312,624,1224,1200
42 100 3264,600,1224,1200
43 100 3264,600,1224,1200
44 100 3240,600,1224,1200
45 100 3264,600,1224,1200
46 100 3216,600,1224,1200
47 100 3192,576,1224,1200
48 100 3216,552,1224,1200
49 100 3192,528,1224,1224
50 100 3192,504,1224,1224
51 100 3288,504,1224,1200
52 100 3168,480,1224,1224
53 100 3216,480,1224,1224
54 100 3216,480,1224,1200
55 100 3168,480,1224,1224
56 100 3096,504,1224,1200
57 100 3168,504,1224,1224
58 100 3168,504,1224,1224
59 100 3144,528,1224,1200
60 100 3120,528,1224,1200
61 100 3120,528,1224,1200
62 100 3120,528,1224,1200
63 100 3120,528,1224,1200
64 100 3120,528,1224,1200
65 100 3072,528,1224,1200
66 100 3048,528,1224,1224
67 100 3120,552,1224,1200
68 100 3120,552,1224,1200
69 100 3072,552,1224,1200
70 100 3072,552,1224,1224
71 100 3072,552,1224,1224
72 100 3048,552,1224,1224
73 100 3048,576,1224,1200
74 100 3000,576,1224,1200
75 100 3024,576,1224,1200
76 100 3024,576,1224,1200
77 100 3024,576,1224,1200
78 100 3000,576,1224,1200
79 100 3000,576,1224,1200
80 100 2976,576,1224,1200
81 100 2952,576,1224,1224
82 100 2928,576,1224,1224
83 100 3000,600,1224,1200
84 100 2976,600,1224,1200
85 100 2952,600,1224,1200
86 100 2952,600,1224,1200
87 100 3000,600,1224,1200
88 100 3024,600,1224,1200
89 100 2952,576,1224,1200
90 100 3000,576,1224,1200
91 100 3072,552,1224,1224
92 100 3048,552,1224,1224
93 100 3024,552,1224,1224
94 100 3000,576,1224,1200
95 100 3072,576,1224,1224
96 100 3072,576,1224,1200
97 100 3096,576,1224,1200
98 100 3072,576,1224,1200
99 100 3096,576,1224,1200
100 100 3120,576,1224,1200
101 100 3120,576,1224,1200
102 100 3240,576,1224,1200
103 100 3192,552,1224,1224
104 100 3264,576,1224,1200
105 100 3240,576,1224,1200
106 100 3240,576,1224,1200
107 100 3216,576,1224,1200
108 100 3288,576,1224,1200
109 100 3288,576,1224,1200
110 100 3264,576,1224,1200
111 100 3216,576,1224,1200
112 100 3384,576,1224,1200
113 100 3216,576,1224,1200
114 100 3360,576,1224,1224
115 100 3312,600,1224,1200
116 100 3288,600,1224,1200
117 100 3384,552,1224,1200
118 100 3288,552,1224,1200
119 100 3360,528,1224,1224
120 100 3216,528,1224,1200
121 100 3216,528,1224,1200
122 100 3264,528,1224,1200
123 100 3288,528,1224,1200
124 100 3264,528,1224,1200
125 100 3216,528,1224,1200
126 100 3168,528,1224,1224
127 100 3144,528,1224,1224
128 100 3168,552,1224,1200
129 100 3144,552,1224,1200
130 100 3120,552,1224,1200
131 100 3264,552,1224,1200
132 100 3240,552,1224,1200
133 100 3216,552,1224,1200
134 100 3216,552,1224,1200
135 100 3240,552,1224,1200
136 100 3240,552,1224,1200
137 100 3216,552,1224,1200
138 100 3192,552,1224,1200
139 100 3168,552,1224,1224
140 100 3144,576,1224,1200
141 100 3144,576,1224,1200
142 100 3144,576,1224,1200
143 100 3120,576,1224,1200
144 100 3144,576,1224,1200
145 100 3144,576,1224,1200
146 100 3144,576,1224,1200
147 100 3144,576,1224,1200
148 100 3120,576,1224,1200
149 100 3240,576,1224,1200
150 100 3240,576,1224,1200
151 100 3240,576,1224,1200
152 100 3240,576,1224,1200
153 100 3144,576,1224,1200
154 100 3264,576,1224,1200
155 100 3240,576,1224,1200
156 100 3240,576,1224,1200
157 100 3240,576,1224,1200
158 100 3240,576,1224,1200
159 100 3216,576,1224,1200
160 100 3216,576,1224,1200
161 100 3216,576,1224,1200
162 100 3168,576,1224,1224
163 100 3192,576,1224,1200
164 100 3216,576,1224,1200
165 100 3192,576,1224,1224
166 100 3144,600,1224,1200
167 100 3216,600,1224,1200
168 100 3144,600,1224,1224
169 100 3240,624,1224,1200
170 100 3096,624,1224,1200
171 100 3192,600,1224,1200
172 100 3240,600,1224,1200
173 100 3240,600,1224,1200
174 100 3240,600,1224,1200
175 100 3192,600,1224,1224
176 100 3192,600,1224,1200
177 100 3192,600,1224,1200
178 100 3264,624,1224,1200
179 100 3264,624,1224,1200
180 100 3216,624,1224,1200
181 100 3336,624,1224,1224
182 100 3216,648,1224,1200
183 100 3432,648,1224,1200
184 100 3312,624,1224,1224
185 100 3480,648,1224,1200
186 100 3456,648,1224,1200
187 100 3456,648,1224,1200
188 100 3432,648,1224,1200
189 100 3432,648,1224,1200
190 100 3216,648,1224,1200
191 100 3216,648,1224,1200
192 100 3336,648,1224,1224
193 100 3216,672,1224,1200
194 100 3216,672,1224,1200
195 100 3240,672,1224,1200
196 100 3120,672,1224,1200
197 100 3144,648,1224,1224
198 100 3168,648,1224,1224
199 100 3048,648,1224,1200
200 100 3072,648,1224,1200
201 100 3096,648,1224,1200
202 100 3048,624,1224,1200
203 100 3048,624,1224,1200
204 100 3024,624,1224,1224
205 100 3072,624,1224,1200
206 100 3072,624,1224,1200
207 100 3120,624,1224,1200
208 100 3024,600,1224,1224
209 100 3144,600,1224,1224
210 100 3120,624,1224,1200
211 100 3120,624,1224,1200
212 100 3120,624,1224,1200
213 100 3072,600,1224,1200
214 100 3144,600,1224,1200
215 100 3168,576,1224,1224
216 100 3072,576,1224,1200
217 100 3096,576,1224,1200
218 100 3240,552,1224,1200
219 100 3168,528,1224,1224
220 100 3216,528,1224,1200
221 100 3264,528,1224,1200
222 100 3264,528,1224,1200
223 100 3264,528,1224,1200
224 100 3240,528,1224,1200
225 100 3192,528,1224,1224
226 100 3168,528,1224,1224
227 100 3120,552,1224,1200
228 100 3096,552,1224,1200
229 100 3120,552,1224,1200
230 100 3120,552,1224,1200
231 100 3096,552,1224,1200
232 100 3096,552,1224,1200
233 100 3072,552,1224,1200
234 100 2952,552,1224,1200
235 100 2952,552,1224,1224
236 100 2976,552,1224,1200
237 100 2952,552,1224,1200
238 100 2880,552,1224,1200
239 100 2880,552,1224,1200
240 100 2808,552,1224,1200
241 100 2808,552,1224,1200
242 100 2808,552,1224,1200
243 100 2736,552,1224,1200
244 100 2712,552,1224,1200
245 100 2640,552,1224,1224
246 100 2616,576,1224,1200
247 100 2616,576,1224,1200
248 100 2616,576,1224,1200
249 100 2592,576,1224,1200
250 100 2568,576,1224,1200
251 100 2544,552,1224,1224
252 100 2520,552,1224,1224
253 100 2496,552,1224,1224
254 100 2472,552,1224,1200
255 100 2448,552,1224,1200
256 100 2424,552,1224,1200
257 100 2400,552,1224,1200
258 100 2400,552,1224,1200
259 100 2376,552,1224,1200
260 100 2352,552,1224,1200
261 100 2328,552,1224,1200
262 100 2304,552,1224,1200
263 100 2280,528,1224,1224
264 100 2256,552,1224,1200
265 100 2256,552,1224,1200
266 100 2232,528,1224,1224
267 100 2208,528,1224,1224
268 100 2184,552,1224,1200
269 100 2184,552,1224,1200
270 100 2160,528,1224,1224
271 100 2160,528,1224,1224
272 100 2136,528,1224,1224
273 100 2112,528,1224,1200
274 100 2064,528,1224,1200
275 100 2040,528,1224,1200
276 100 1992,528,1224,1200
277 100 1968,528,1224,1200
278 100 1944,528,1224,1200
279 100 1920,528,1224,1200
280 100 1872,528,1224,1200
281 100 1848,528,1224,1200
282 100 1824,528,1224,1200
283 100 1800,528,1224,1200
284 100 1776,528,1224,1200
285 100 1752,528,1224,1200
286 100 1728,528,1224,1200
287 100 1704,528,1224,1200
288 100 1704,528,1224,1200
289 100 1680,528,1224,1200
290 100 1656,528,1224,1200
291 100 1632,528,1224,1200
292 100 1632,528,1224,1200
293 100 1608,528,1224,1224
294 100 1608,528,1224,1224
295 100 1608,552,1224,1200
296 100 1608,528,1224,1224
297 100 1608,528,1224,1224
298 100 1608,528,1224,1224
299 100 1608,528,1224,1224
300 100 1608,528,1224,1224
301 100 1608,528,1224,1224
302 100 1584,528,1224,1224
303 100 1584,528,1224,1224
304 100 1584,528,1224,1224
305 100 1584,552,1224,1200
306 100 1560,552,1224,1200
307 100 1560,552,1224,1200
308 100 1536,552,1224,1200
309 100 1536,552,1224,1200
310 100 1512,552,1224,1200
311 100 1488,552,1224,1200
312 100 1488,552,1224,1224
313 100 1464,552,1224,1224
314 100 1464,552,1224,1224
315 100 1440,552,1224,1224
316 100 1416,576,1224,1200
317 100 1416,576,1224,1200
318 100 1392,576,1224,1200
319 100 1392,576,1224,1200
320 100 1368,576,1224,1200
321 100 1368,576,1224,1200
322 100 1344,576,1224,1224
323 100 1344,576,1224,1224
324 100 1344,600,1224,1200
325 100 1344,600,1224,1200
326 100 1320,600,1224,1200
327 100 1344,576,1224,1224
328 100 1344,576,1224,1224
329 100 1344,576,1224,1224
330 100 1344,576,1224,1224
331 100 1344,576,1224,1224
332 100 1368,576,1224,1200
333 100 1368,576,1224,1224
334 100 1344,600,1224,1200
335 100 1344,576,1224,1224
336 100 1344,576,1224,1224
337 100 1344,576,1224,1200
338 100 1320,576,1224,1200
339 100 1320,576,1224,1224
340 100 1320,576,1224,1224
341 100 1296,576,1224,1224
342 100 1296,600,1224,1200
343 100 1272,600,1224,1200
344 100 1272,576,1224,1224
345 100 1272,576,1224,1224
346 100 1272,576,1224,1224
347 100 1272,576,1224,1224
348 100 1272,576,1224,1224
349 100 1272,576,1224,1224
350 100 1272,576,1224,1224
351 100 1272,576,1224,1224
352 100 1296,576,1224,1224
353 100 1296,576,1224,1224
354 100 1320,576,1224,1200
355 100 1368,576,1224,1200
356 100 1416,552,1224,1200
357 100 1488,552,1224,1200
358 100 1536,552,1224,1200
359 100 1608,552,1224,1200
360 100 1680,552,1224,1224
361 100 1728,552,1224,1224
362 100 1800,552,1224,1224
363 100 1872,552,1224,1224
364 100 1944,552,1224,1224
365 100 2016,552,1224,1224
366 100 2088,552,1224,1224
367 100 2160,552,1224,1224
368 100 2232,576,1224,1200
369 100 2280,576,1224,1200
370 100 2352,576,1224,1200
371 100 2400,576,1224,1200
372 100 2448,576,1224,1200
373 100 2496,576,1224,1200
374 100 2520,576,1224,1200
375 100 2568,576,1224,1200
376 100 2592,576,1224,1200
377 100 2592,576,1224,1224
378 100 2616,576,1224,1224
379 100 2640,576,1224,1224
380 100 2688,600,1224,1200
381 100 2736,600,1224,1200
382 100 2832,600,1224,1200
383 100 2880,600,1224,1200
384 100 2880,600,1224,1200
385 100 2952,600,1224,1224
386 100 2952,600,1224,1224
387 100 3024,624,1224,1200
388 100 3000,624,1224,1200
389 100 2952,624,1224,1200
390 100 3072,624,1224,1200
391 100 3072,624,1224,1200
392 100 3096,624,1224,1200
393 100 3072,624,1224,1200
394 100 3072,624,1224,1200
395 100 3120,624,1224,1200
396 100 3144,600,1224,1224
397 100 3312,600,1224,1224
398 100 3336,600,1224,1224
399 100 3240,600,1224,1200
400 100 3288,576,1224,1224
401 100 3360,576,1224,1224
402 100 3360,576,1224,1224
403 100 3312,576,1224,1224
404 100 3432,600,1224,1200
405 100 3336,600,1224,1224
406 100 3504,624,1224,1200
407 100 3408,624,1224,1200
408 100 3360,624,1224,1224
409 100 3360,624,1224,1200
410 100 3360,624,1224,1224
411 100 3624,624,1224,1224
412 100 3528,648,1224,1200
413 100 3552,624,1224,1224
414 100 3624,624,1224,1224
415 100 3600,624,1224,1224
416 100 3528,648,1224,1200
417 100 3504,648,1224,1200
418 100 3576,624,1224,1224
419 100 3336,624,1224,1224
420 100 3336,624,1224,1224
421 100 3336,624,1224,1224
422 100 3384,624,1224,1200
423 100 3408,624,1224,1200
424 100 3408,624,1224,1200
425 100 3408,624,1224,1200
426 100 3408,624,1224,1200
427 100 3408,624,1224,1200
428 100 3336,624,1224,1224
429 100 3576,624,1224,1224
430 100 3480,648,1224,1200
431 100 3456,648,1224,1200
432 100 3384,648,1224,1200
433 100 3360,648,1224,1200
434 100 3360,648,1224,1200
435 100 3360,648,1224,1200
436 100 48,648,1224,1224
437 100 72,648,1224,1224
438 100 48,648,1224,1224
439 100 24,648,1224,1224
440 100 48,648,1224,1224
441 100 48,648,1224,1224
442 100 72,648,1224,1224
443 100 144,648,1224,1224
444 100 3360,648,1224,1200
445 100 0,648,1224,1200
446 100 24,648,1224,1200
447 100 24,648,1224,1224
448 100 72,648,1224,1200
449 100 0,648,1224,1200
450 100 24,648,1224,1224
451 100 48,648,1224,1224
452 100 0,648,1224,1224
453 100 0,648,1224,1200
454 100 48,624,1224,1224
455 100 24,624,1224,1224
456 100 24,624,1224,1200
457 100 24,600,1224,1224
458 100 0,600,1224,1224
459 100 48,576,1224,1224
460 100 72,576,1224,1224
461 100 96,576,1224,1224
462 100 144,576,1224,1224
463 100 144,576,1224,1200
464 100 168,576,1224,1224
465 100 216,600,1224,1200
466 100 240,600,1224,1200
467 100 240,600,1224,1224
468 100 264,600,1224,1224
469 100 288,624,1224,1200
470 100 312,624,1224,1200
471 100 312,624,1224,1200
472 100 312,624,1224,1200
473 100 336,624,1224,1200
474 100 360,624,1224,1200
475 100 384,624,1224,1200
476 100 384,624,1224,1224
477 100 384,648,1224,1200
478 100 408,648,1224,1200
479 100 408,648,1224,1200
480 100 408,648,1224,1200
481 100 408,648,1224,1200
482 100 408,648,1224,1200
483 100 408,648,1224,1200
484 100 408,624,1224,1224
485 100 408,624,1224,1224
486 100 432,624,1224,1224
487 100 456,648,1224,1200
488 100 456,648,1224,1200
489 100 504,624,1224,1224
490 100 528,624,1224,1224
491 100 552,648,1224,1200
492 100 552,648,1224,1200
493 100 576,648,1224,1200
494 100 600,624,1224,1224
495 100 624,624,1224,1224
496 100 672,624,1224,1200
497 100 696,600,1224,1224
498 100 720,600,1224,1224
499 100 720,600,1224,1224
500 100 744,600,1224,1224
501 100 744,600,1224,1224
502 100 768,600,1224,1224
503 100 768,600,1224,1224
504 100 768,600,1224,1224
505 100 792,600,1224,1200
506 100 792,600,1224,1200
507 100 816,600,1224,1200
508 100 816,576,1224,1224
509 100 792,576,1224,1224
510 100 792,600,1224,1200
511 100 792,600,1224,1200
512 100 792,600,1224,1200
513 100 792,600,1224,1200
514 100 768,600,1224,1200
515 100 768,600,1224,1200
516 100 768,600,1224,1200
517 100 768,600,1224,1200
518 100 768,600,1224,1200
519 100 768,600,1224,1200
520 100 744,600,1224,1200
521 100 744,600,1224,1200
522 100 744,600,1224,1200
523 100 744,600,1224,1200
524 100 744,600,1224,1200
525 100 744,600,1224,1200
526 100 744,600,1224,1200
527 100 744,600,1224,1200
528 100 744,600,1224,1200
529 100 744,600,1224,1200
530 100 744,600,1224,1200
531 100 744,600,1224,1200
532 100 744,600,1224,1200
533 100 744,576,1224,1224
534 100 744,576,1224,1200
535 100 768,576,1224,1200
536 100 768,576,1224,1200
537 100 768,576,1224,1224
538 100 768,576,1224,1224
539 100 792,576,1224,1224
540 100 768,576,1224,1224
541 100 768,576,1224,1224
542 100 768,576,1224,1224
543 100 792,600,1224,1200
544 100 792,600,1224,1200
545 100 768,600,1224,1200
546 100 768,600,1224,1200
547 100 768,600,1224,1200
548 100 768,600,1224,1200
549 100 768,600,1224,1200
550 100 768,576,1224,1224
551 100 744,576,1224,1224
552 100 696,576,1224,1200
553 100 648,552,1224,1224
554 100 600,552,1224,1200
555 100 528,552,1224,1224
556 100 456,576,1224,1200
557 100 360,576,1224,1224
558 100 288,600,1224,1200
559 100 216,600,1224,1200
560 100 168,600,1224,1200
561 100 96,600,1224,1200
562 100 48,600,1224,1200
563 100 0,600,1224,1200
564 100 0,600,1224,1200
565 100 24,600,1224,1200
566 100 0,576,1224,1224
567 100 0,576,1224,1224
568 100 0,576,1224,1200
569 100 24,576,1224,1200
570 100 24,576,1224,1200
571 100 24,576,1224,1200
572 100 24,552,1224,1224
573 100 24,552,1224,1224
574 100 0,552,1224,1200
575 100 24,552,1224,1200
576 100 24,552,1224,1200
577 100 24,552,1224,1200
578 100 48,552,1224,1200
579 100 24,528,1224,1224
580 100 48,528,1224,1224
581 100 24,528,1224,1224
582 100 24,528,1224,1200
583 100 24,528,1224,1200
584 100 0,528,1224,1200
585 100 0,528,1224,1200
586 100 0,528,1224,1200
587 100 72,528,1224,1200
588 100 72,528,1224,1200
589 100 72,528,1224,1200
590 100 48,528,1224,1200
591 100 72,528,1224,1200
592 100 96,528,1224,1200
593 100 120,528,1224,1200
594 100 96,528,1224,1200
595 100 72,528,1224,1200
596 100 48,528,1224,1200
597 100 72,528,1224,1200
598 100 48,528,1224,1200
599 100 0,528,1224,1200
600 100 24,528,1224,1200
601 100 24,528,1224,1200
602 100 24,528,1224,1200
603 100 0,528,1224,1200
604 100 0,528,1224,1200
605 100 0,528,1224,1200
606 100 3528,528,1224,1200
607 100 3504,528,1224,1200
608 100 3480,528,1224,1200
609 100 3456,528,1224,1200
610 100 3456,528,1224,1200
611 100 3432,528,1224,1200
612 100 3432,528,1224,1200
613 100 3408,528,1224,1200
614 100 3408,528,1224,1200
615 100 3432,528,1224,1200
616 100 3432,528,1224,1200
617 100 3432,528,1224,1200
618 100 3408,528,1224,1200
619 100 3408,528,1224,1200
620 100 3408,528,1224,1200
621 100 3384,528,1224,1200
622 100 3480,528,1224,1200
623 100 3432,504,1224,1200
624 100 3552,480,1224,1200
625 100 3552,456,1224,1200
626 100 3432,432,1224,1200
627 100 48,408,1224,1224
628 100 3408,384,1224,1200
629 100 3504,360,1224,1200
630 100 24,312,1224,1224
631 100 3528,312,1224,1200
632 100 3384,288,1224,1200
633 100 3432,288,1224,1200
634 100 3456,288,1224,1200
635 100 3504,288,1224,1200
636 100 3576,264,1224,1224
637 100 3360,264,1224,1200
638 100 3504,264,1224,1200
639 100 3384,240,1224,1200
640 100 3576,216,1224,1224
641 100 3336,216,1224,1200
642 100 3408,216,1224,1200
643 100 3552,192,1224,1224
644 100 3696,192,1224,1224
645 100 3456,192,1224,1200
646 100 3336,168,1224,1200
647 100 3504,144,1224,1224
648 100 3624,144,1224,1224
649 100 3312,144,1224,1200
650 100 3432,144,1224,1200
651 100 3552,120,1224,1224
652 100 3264,120,1224,1200
653 100 3432,120,1224,1200
654 100 3528,96,1224,1224
655 100 3336,96,1224,1200
656 100 3552,72,1224,1224
657 100 3648,72,1224,1224
658 100 3168,72,1224,1224
659 100 3144,72,1224,1224
660 100 3168,72,1224,1224
661 100 3192,72,1224,1200
662 100 3264,72,1224,1200
663 100 3360,72,1224,1200
664 100 3432,48,1224,1224
665 100 3456,48,1224,1224
666 100 3456,48,1224,1224
667 100 3384,72,1224,1200
668 100 3384,72,1224,1200
669 100 3384,72,1224,1200
670 100 3456,48,1224,1224
671 100 3528,48,1224,1224
672 100 3144,48,1224,1224
673 100 3168,48,1224,1200
674 100 3192,48,1224,1200
675 100 3264,48,1224,1200
676 100 3288,48,1224,1200
677 100 3360,24,1224,1224
678 100 3408,24,1224,1224
679 100 3504,24,1224,1224
680 100 3192,24,1224,1200
681 100 3288,24,1224,1200
682 100 3192,24,1224,1200
683 100 3360,24,1224,1176
684 100 3432,24,1224,1176
685 100 3312,24,1224,1176
686 100 3192,24,1224,1176
687 100 3096,24,1224,1200
688 100 3408,24,1224,1200
689 100 3312,24,1224,1200
690 100 3312,24,1224,1200
691 100 3312,24,1224,1200
692 100 3336,24,1224,1200
693 100 3288,24,1224,1200
694 100 3264,24,1224,1200
695 100 3216,24,1224,1200
696 100 3168,24,1224,1200
697 100 3504,24,1224,1224
698 100 3336,48,1224,1200
699 100 3192,48,1224,1200
700 100 3456,48,1224,1224
701 100 3192,72,1224,1200
702 100 3264,96,1224,1200
703 100 3720,120,1224,1224
704 100 3360,168,1224,1200
705 100 3408,216,1224,1200
706 100 3384,264,1224,1200
707 100 3576,288,1224,1224
708 100 3384,312,1224,1200
709 100 3720,312,1224,1224
710 100 3576,312,1224,1224
711 100 3432,336,1224,1200
712 100 3456,360,1224,1200
713 100 3480,384,1224,1200
714 100 3528,384,1224,1200
715 100 3648,336,1224,1224
716 100 3528,312,1224,1200
717 100 3504,264,1224,1200
718 100 3528,192,1224,1224
719 100 3456,144,1224,1224
720 100 3360,96,1224,1224
721 100 3336,72,1224,1224
722 100 3240,72,1224,1224
723 100 3240,72,1224,1224
724 100 3168,72,1224,1224
725 100 3288,96,1224,1200
726 100 3216,96,1224,1224
727 100 3216,96,1224,1224
728 100 3264,96,1224,1200
729 100 3216,72,1224,1224
730 100 3312,72,1224,1200
731 100 3216,48,1224,1224
732 100 3264,48,1224,1224
733 100 3240,48,1224,1224
734 100 3216,48,1224,1224
735 100 3192,48,1224,1224
736 100 3192,48,1224,1224
737 100 3336,48,1224,1224
738 100 3336,48,1224,1224
739 100 3336,48,1224,1224
740 100 3336,48,1224,1224
741 100 3168,48,1224,1224
742 100 3192,48,1224,1224
743 100 3192,48,1224,1224
744 100 3192,48,1224,1224
745 100 3192,48,1224,1224
746 100 3168,48,1224,1224
747 100 3336,48,1224,1224
748 100 3312,72,1224,1200
749 100 3264,72,1224,1224
750 100 3240,72,1224,1224
751 100 3336,72,1224,1224
752 100 3264,96,1224,1224
753 100 3192,96,1224,1224
754 100 3288,120,1224,1200
755 100 3264,120,1224,1224
756 100 3264,120,1224,1224
757 100 3312,120,1224,1200
758 100 3192,96,1224,1224
759 100 3288,96,1224,1224
760 100 3192,72,1224,1224
761 100 3240,72,1224,1224
762 100 3336,48,1224,1224
763 100 3216,48,1224,1224
764 100 3240,48,1224,1224
765 100 3240,48,1224,1224
766 100 3216,48,1224,1224
767 100 3192,48,1224,1224
768 100 3288,72,1224,1224
769 100 3264,72,1224,1224
770 100 3288,72,1224,1224
771 100 3192,48,1224,1224
772 100 3240,48,1224,1224
773 100 3264,48,1224,1224
774 100 3288,48,1224,1224
775 100 3312,48,1224,1224
776 100 3312,48,1224,1224
777 100 3288,48,1224,1224
778 100 3240,48,1224,1224
779 100 3240,48,1224,1224
780 100 3216,48,1224,1224
781 100 3216,48,1224,1248
782 100 3216,48,1224,1248
783 100 3168,72,1224,1224
784 100 3144,72,1224,1224
785 100 3288,72,1224,1224
786 100 3288,72,1224,1224
787 100 3288,72,1224,1224
788 100 3264,72,1224,1224
789 100 3264,72,1224,1224
790 100 3216,72,1224,1224
791 100 3216,72,1224,1224
792 100 3192,72,1224,1224
793 100 3168,96,1224,1224
794 100 3288,96,1224,1224
795 100 3264,96,1224,1224
796 100 3264,96,1224,1224
797 100 3264,96,1224,1224
798 100 3264,96,1224,1224
799 100 3264,96,1224,1224
800 100 3264,96,1224,1224
801 100 3264,96,1224,1224
802 100 3264,96,1224,1224
803 100 3240,96,1224,1224
804 100 3240,96,1224,1224
805 100 3240,96,1224,1224
806 100 3216,96,1224,1224
807 100 3168,96,1224,1224
808 100 3192,96,1224,1224
809 100 3168,120,1224,1200
810 100 3168,96,1224,1224
811 100 3168,96,1224,1224
812 100 3168,96,1224,1224
813 100 3168,120,1224,1200
814 100 3168,120,1224,1200
815 100 3288,120,1224,1224
816 100 3240,120,1224,1224
817 100 3216,120,1224,1224
818 100 3216,120,1224,1224
819 100 3192,120,1224,1224
820 100 3192,120,1224,1224
821 100 3192,120,1224,1224
822 100 3168,144,1224,1200
823 100 3168,144,1224,1200
824 100 3168,144,1224,1200
825 100 3168,144,1224,1200
826 100 3168,144,1224,1200
827 100 3168,144,1224,1224
828 100 3144,144,1224,1224
829 100 3240,144,1224,1224
830 100 3216,144,1224,1224
831 100 3168,168,1224,1200
832 100 3192,168,1224,1224
833 100 3144,216,1224,1224
834 100 3168,264,1224,1200
835 100 3312,312,1224,1224
836 100 3216,384,1224,1200
837 100 3384,456,1224,1224
838 100 3312,504,1224,1224
839 100 3264,528,1224,1224
840 100 3336,552,1224,1224
841 100 3432,552,1224,1200
842 100 3288,528,1224,1224
843 100 3432,552,1224,1200
844 100 3360,552,1224,1224
845 100 3456,576,1224,1200
846 100 3288,576,1224,1224
847 100 3480,624,1224,1200
848 100 3504,624,1224,1224
849 100 3288,648,1224,1224
850 100 3480,672,1224,1200
851 100 3360,672,1224,1200
852 100 3576,672,1224,1224
853 100 3480,696,1224,1200
854 100 3432,696,1224,1200
855 100 3384,696,1224,1200
856 100 3312,696,1224,1224
857 100 3528,696,1224,1224
858 100 3480,720,1224,1200
859 100 3408,720,1224,1200
860 100 3312,720,1224,1200
861 100 3576,720,1224,1224
862 100 3528,720,1224,1224
863 100 3456,744,1224,1200
864 100 3384,744,1224,1200
865 100 3336,744,1224,1200
866 100 3336,744,1224,1200
867 100 3720,744,1224,1224
868 100 3552,744,1224,1224
869 100 3432,768,1224,1200
870 100 3312,768,1224,1200
871 100 3528,768,1224,1224
872 100 3384,792,1224,1200
873 100 3264,792,1224,1200
874 100 3600,792,1224,1224
875 100 3408,816,1224,1200
876 100 3312,816,1224,1200
877 100 3240,816,1224,1200
878 100 24,816,1224,1224
879 100 3288,840,1224,1200
880 100 72,840,1224,1224
881 100 48,840,1224,1224
882 100 144,840,1224,1224
883 100 120,840,1224,1224
884 100 96,840,1224,1224
885 100 48,840,1224,1224
886 100 24,840,1224,1224
887 100 3336,864,1224,1200
888 100 3336,864,1224,1200
889 100 3264,864,1224,1200
890 100 3168,864,1224,1200
891 100 192,864,1224,1224
892 100 144,864,1224,1224
893 100 120,864,1224,1224
894 100 72,864,1224,1224
895 100 24,864,1224,1224
896 100 3192,888,1224,1200
897 100 3168,888,1224,1200
898 100 192,888,1224,1224
899 100 3168,912,1224,1200
900 100 216,912,1224,1224
901 100 144,912,1224,1224
902 100 120,912,1224,1224
903 100 96,912,1224,1224
904 100 72,912,1224,1224
905 100 168,912,1224,1224
906 100 192,912,1224,1224
907 100 96,912,1224,1224
908 100 24,912,1224,1224
909 100 3048,912,1224,1224
910 100 2880,936,1224,1200
911 100 288,936,1224,1224
912 100 2808,936,1224,1200
913 100 2808,936,1224,1200
914 100 192,936,1224,1224
915 100 144,936,1224,1224
916 100 2856,936,1224,1200
917 100 2856,936,1224,1200
918 100 2856,936,1224,1200
919 100 96,936,1224,1224
920 100 2784,936,1224,1224
921 100 2784,960,1224,1200
922 100 1872,984,1224,1176
923 100 1128,984,1224,1176
924 100 0,1008,1224,1152
925 100 0,1008,1224,1152
926 100 0,1008,1224,1152
927 100 0,1032,1224,1128
928 100 0,1032,1224,1128
929 100 0,1032,1224,1128
930 100 0,1056,1224,1104
931 100 0,1056,1224,1104
932 100 0,1056,1224,1104
933 100 0,1056,1224,1104
934 100 0,1056,1224,1104
935 100 0,1080,1224,1080
936 100 0,1080,1224,1080
937 100 0,1080,1224,1080
938 100 0,1080,1224,1080
939 100 0,1080,1224,1080
940 100 0,1080,1224,1080
941 100 0,1080,1224,1080
942 100 0,1080,1224,1080
943 100 0,1080,1224,1080
944 100 0,1104,1224,1056
945 100 0,1104,1224,1056
946 100 0,1104,1224,1056
947 100 0,1104,1224,1056
948 100 0,1104,1224,1056
949 100 0,1104,1224,1056
950 100 0,1104,1224,1056
951 100 0,1104,1224,1056
952 100 0,1104,1224,1056
953 100 0,1104,1224,1056
954 100 0,1104,1224,1056
955 100 0,1104,1224,1056
956 100 0,1104,1224,1056
957 100 0,1104,1224,1056
958 100 0,1104,1224,1056
959 100 0,1104,1224,1056
960 100 0,1104,1224,1056
961 100 0,1104,1224,1056
962 100 0,1128,1224,1032
963 100 0,1128,1224,1032
964 100 0,1128,1224,1032
965 100 0,1128,1224,1032
966 100 0,1128,1224,1032
967 100 0,1128,1224,1032
968 100 0,1128,1224,1032
969 100 0,1152,1224,1008
970 100 0,1152,1224,1008
971 100 0,1152,1224,1008
972 100 0,1152,1224,1008
973 100 0,1128,1224,1032
974 100 0,1128,1224,1032
975 100 0,1128,1224,1032
976 100 0,1128,1224,1032
977 100 0,1128,1224,1032
978 100 0,1128,1224,1032
979 100 0,1104,1224,1056
980 100 0,1104,1224,1056
981 100 0,1104,1224,1056
982 100 0,1080,1224,1080
983 100 0,1080,1224,1080
984 100 0,1056,1224,1104
985 100 0,1056,1224,1104
986 100 0,1032,1224,1128
987 100 0,1008,1224,1152
988 100 1632,984,1224,1176
989 100 2832,960,1224,1200
990 100 2760,936,1224,1224
991 100 3096,936,1224,1224
992 100 48,936,1224,1224
993 100 2904,912,1224,1224
994 100 3144,912,1224,1224
995 100 3000,888,1224,1224
996 100 48,888,1224,1224
997 100 3120,864,1224,1224
998 100 24,864,1224,1224
999 100 72,864,1224,1224
1000 100 96,864,1224,1224
1001 100 3192,864,1224,1200
1002 100 0,840,1224,1224
1003 100 3216,840,1224,1200
1004 100 3336,840,1224,1200
1005 100 120,816,1224,1224
1006 100 3312,816,1224,1200
1007 100 3384,816,1224,1200
1008 100 3528,792,1224,1224
1009 100 3264,792,1224,1200
1010 100 3456,792,1224,1200
1011 100 3552,768,1224,1224
1012 100 24,768,1224,1224
1013 100 3336,768,1224,1200
1014 100 3456,768,1224,1200
1015 100 3312,744,1224,1200
1016 100 3480,744,1224,1200
1017 100 3312,720,1224,1200
1018 100 3408,720,1224,1200
1019 100 0,696,1224,1224
1020 100 3456,696,1224,1200
1021 100 3600,672,1224,1224
1022 100 24,672,1224,1224
1023 100 3408,672,1224,1200
1024 100 3648,648,1224,1224
1025 100 3504,648,1224,1200
1026 100 3528,648,1224,1200
1027 100 3384,648,1224,1200
1028 100 3528,648,1224,1224
1029 100 3528,648,1224,1224
1030 100 3480,672,1224,1200
1031 100 3480,672,1224,1200
1032 100 3600,648,1224,1224
1033 100 3480,672,1224,1224
1034 100 3528,696,1224,1224
1035 100 3288,720,1224,1224
1036 100 3432,720,1224,1224
1037 100 3432,720,1224,1224
1038 100 3432,768,1224,1224
1039 100 3432,768,1224,1224
1040 100 3144,792,1224,1224
1041 100 3144,792,1224,1224
1042 100 3216,792,1224,1224
1043 100 3216,792,1224,1224
1044 100 3168,792,1224,1224
1045 100 3168,792,1224,1224
1046 100 3264,792,1224,1224
1047 100 3264,792,1224,1224
1048 100 3096,768,1224,1224
1049 100 3096,768,1224,1224
1050 100 3216,768,1224,1224
1051 100 3096,768,1224,1224
1052 100 3096,768,1224,1224
1053 100 3096,768,1224,1224
1054 100 3048,768,1224,1224
1055 100 3048,768,1224,1224
1056 100 3024,768,1224,1224
1057 100 3024,768,1224,1224
1058 100 3168,792,1224,1224
1059 100 3096,792,1224,1224
1060 100 3096,792,1224,1224
1061 100 2928,816,1224,1224
1062 100 2928,816,1224,1224
1063 100 2928,840,1224,1224
1064 100 2880,840,1224,1224
1065 100 2808,840,1224,1224
1066 100 2880,864,1224,1200
1067 100 2784,864,1224,1224
1068 100 2928,864,1224,1224
1069 100 2736,864,1224,1224
1070 100 2712,864,1224,1224
1071 100 2736,864,1224,1224
1072 100 2736,864,1224,1224
1073 100 2808,888,1224,1200
1074 100 2688,888,1224,1224
1075 100 2784,888,1224,1224
1076 100 2784,888,1224,1224
1077 100 2688,912,1224,1224
1078 100 2736,912,1224,1224
1079 100 2736,912,1224,1224
1080 100 2736,912,1224,1224
1081 100 2736,912,1224,1200
1082 100 2736,912,1224,1200
1083 100 2856,912,1224,1224
1084 100 2856,936,1224,1200
1085 100 2664,936,1224,1224
1086 100 2832,960,1224,1200
1087 100 2832,960,1224,1200
1088 100 1464,984,1224,1176
1089 100 1320,984,1224,1176
1090 100 1320,984,1224,1176
1091 100 0,984,1224,1176
1092 100 0,1008,1224,1152
1093 100 0,1008,1224,1152
1094 100 0,1032,1224,1128
1095 100 0,1032,1224,1128
1096 100 0,1032,1224,1128
1097 100 0,1032,1224,1128
1098 100 0,1032,1224,1128
1099 100 0,1056,1224,1104
1100 100 0,1080,1224,1080
1101 100 0,1080,1224,1080
1102 100 0,1080,1224,1080
1103 100 0,1104,1224,1056
1104 100 0,1128,1224,1032
1105 100 0,1128,1224,1032
1106 100 0,1128,1224,1032
1107 100 0,1128,1224,1032
1108 100 0,1128,1224,1032
1109 100 0,1128,1224,1032
1110 100 0,1128,1224,1032
1111 100 0,1128,1224,1032
1112 100 0,1128,1224,1032
1113 100 0,1152,1224,1008
1114 100 0,1152,1224,1008
1115 100 0,1152,1224,1008
1116 100 0,1152,1224,1008
1117 100 0,1152,1224,1008
1118 100 0,1176,1224,984
1119 100 0,1176,1224,984
1120 100 0,1176,1224,984
1121 100 0,1152,1224,1008
1122 100 0,1152,1224,1008
1123 100 0,1152,1224,1008
1124 100 0,1152,1224,1008
1125 100 0,1152,1224,1008
1126 100 0,1176,1224,984
1127 100 0,1176,1224,984
1128 100 0,1176,1224,984
1129 100 0,1176,1224,984
1130 100 0,1176,1224,984
1131 100 0,1176,1224,984
1132 100 0,1152,1224,1008
1133 100 0,1152,1224,1008
1134 100 0,1152,1224,1008
1135 100 0,1152,1224,1008
1136 100 0,1152,1224,1008
1137 100 0,1152,1224,1008
1138 100 0,1152,1224,1008
1139 100 0,1152,1224,1008
1140 100 0,1152,1224,1008
1141 100 0,1152,1224,1008
1142 100 0,1152,1224,1008
1143 100 0,1152,1224,1008
1144 100 0,1128,1224,1032
1145 100 0,1128,1224,1032
1146 100 0,1128,1224,1032
1147 100 0,1128,1224,1032
1148 100 0,1104,1224,1056
1149 100 0,1104,1224,1056
1150 100 0,1104,1224,1056
1151 100 0,1056,1224,1104
1152 100 0,1032,1224,1128
1153 100 0,1032,1224,1128
1154 100 0,1008,1224,1152
1155 100 0,1008,1224,1152
1156 100 0,1008,1224,1152
1157 100 2352,984,1224,1176
1158 100 2520,984,1224,1176
1159 100 2520,984,1224,1176
1160 100 2904,936,1224,1224
1161 100 3048,936,1224,1224
1162 100 3048,936,1224,1224
1163 100 2736,912,1224,1224
1164 100 2928,888,1224,1224
1165 100 3072,888,1224,1200
1166 100 3072,888,1224,1200
1167 100 3168,840,1224,1224
1168 100 3144,840,1224,1224
1169 100 3144,840,1224,1224
1170 100 3024,840,1224,1200
1171 100 3192,816,1224,1224
1172 100 3264,816,1224,1200
1173 100 3264,816,1224,1200
1174 100 3336,792,1224,1200
1175 100 3360,792,1224,1200
1176 100 3360,792,1224,1200
1177 100 3288,768,1224,1200
1178 100 3240,768,1224,1224
1179 100 3240,768,1224,1224
1180 100 3240,768,1224,1224
1181 100 3168,792,1224,1200
1182 100 3168,792,1224,1200
1183 100 3312,768,1224,1200
1184 100 3456,768,1224,1200
1185 100 3456,768,1224,1200
1186 100 3360,744,1224,1200
1187 100 3216,744,1224,1200
1188 100 3216,744,1224,1200
1189 100 3384,720,1224,1200
1190 100 3384,720,1224,1200
1191 100 3384,720,1224,1200
1192 100 3288,696,1224,1224
1193 100 3288,696,1224,1224
1194 100 3288,696,1224,1224
1195 100 3360,672,1224,1200
1196 100 3336,672,1224,1224
1197 100 3336,672,1224,1224
1198 100 3312,648,1224,1224
1199 100 3360,648,1224,1200
1200 100 3360,648,1224,1200
1201 100 3408,624,1224,1200
1202 100 3504,624,1224,1200
1203 100 3504,624,1224,1200
1204 100 3288,600,1224,1200
1205 100 3336,576,1224,1224
1206 100 3336,576,1224,1224
1207 100 3288,576,1224,1200
1208 100 3336,552,1224,1224
1209 100 3336,552,1224,1224
1210 100 3312,504,1224,1224
1211 100 3192,504,1224,1224
1212 100 3192,504,1224,1224
1213 100 3216,504,1224,1200
1214 100 3192,504,1224,1224
1215 100 3192,504,1224,1224
1216 100 3024,504,1224,1224
1217 100 3000,504,1224,1224
1218 100 3000,504,1224,1224
1219 100 2880,528,1224,1224
1220 100 2856,528,1224,1224
1221 100 2856,528,1224,1224
1222 100 2760,552,1224,1200
1223 100 2736,552,1224,1224
1224 100 2736,552,1224,1224
1225 100 2616,552,1224,1224
1226 100 2592,552,1224,1224
1227 100 2592,552,1224,1224
1228 100 2472,576,1224,1224
1229 100 2448,576,1224,1224
1230 100 2448,576,1224,1224
1231 100 2328,600,1224,1200
1232 100 2304,600,1224,1200
1233 100 2304,600,1224,1200
1234 100 2232,600,1224,1200
1235 100 2208,600,1224,1200
1236 100 2208,600,1224,1200
1237 100 2160,600,1224,1224
1238 100 2136,600,1224,1224
1239 100 2136,600,1224,1224
1240 100 2088,624,1224,1200
1241 100 2088,624,1224,1224
1242 100 2088,624,1224,1224
1243 100 2040,648,1224,1224
1244 100 2040,648,1224,1224
1245 100 2040,648,1224,1224
1246 100 2040,648,1224,1224
1247 100 2040,648,1224,1224
1248 100 2040,648,1224,1224
1249 100 2016,672,1224,1224
1250 100 2016,672,1224,1224
1251 100 2016,672,1224,1224
1252 100 2016,696,1224,1200
1253 100 2016,696,1224,1200
1254 100 2016,696,1224,1200
1255 100 2016,696,1224,1200
1256 100 2016,696,1224,1200
1257 100 2016,672,1224,1224
1258 100 2016,672,1224,1224
1259 100 2016,672,1224,1200
1260 100 2040,648,1224,1224
1261 100 2040,648,1224,1224
1262 100 2040,648,1224,1224
1263 100 2064,624,1224,1224
1264 100 2064,624,1224,1200
1265 100 2064,624,1224,1200
1266 100 2088,576,1224,1224
1267 100 2112,576,1224,1224
1268 100 2112,576,1224,1224
1269 100 2112,552,1224,1224
1270 100 2112,552,1224,1200
1271 100 2112,552,1224,1200
1272 100 2112,504,1224,1224
1273 100 2088,504,1224,1224
1274 100 2088,504,1224,1224
1275 100 2064,480,1224,1200
1276 100 2064,456,1224,1224
1277 100 2064,456,1224,1224
1278 100 2016,432,1224,1224
1279 100 2016,432,1224,1224
1280 100 2016,432,1224,1224
1281 100 1992,408,1224,1224
1282 100 1992,408,1224,1224
1283 100 1992,408,1224,1224
1284 100 1992,384,1224,1224
1285 100 1968,384,1224,1224
1286 100 1968,384,1224,1224
1287 100 1968,384,1224,1200
1288 100 1968,360,1224,1224
1289 100 1968,360,1224,1224
1290 100 1944,360,1224,1224
1291 100 1944,360,1224,1224
1292 100 1944,360,1224,1224
1293 100 1944,384,1224,1224
1294 100 1944,384,1224,1224
1295 100 1944,384,1224,1224
1296 100 1968,360,1224,1224
1297 100 1968,360,1224,1224
1298 100 1968,360,1224,1224
1299 100 1968,384,1224,1200
1300 100 1968,384,1224,1224
1301 100 1968,384,1224,1224
1302 100 1992,384,1224,1224
1303 100 1992,384,1224,1224
1304 100 1992,384,1224,1224
1305 100 1992,384,1224,1224
1306 100 1992,384,1224,1224
1307 100 1992,384,1224,1224
1308 100 1992,384,1224,1224
1309 100 1992,384,1224,1224
1310 100 1992,384,1224,1224
1311 100 1992,408,1224,1200
1312 100 1992,408,1224,1200
1313 100 1992,408,1224,1200
1314 100 1968,408,1224,1224
1315 100 1968,408,1224,1224
1316 100 1968,408,1224,1224
1317 100 1968,432,1224,1224
1318 100 1944,432,1224,1224
1319 100 1944,432,1224,1224
1320 100 1944,480,1224,1224
1321 100 1944,504,1224,1224
1322 100 1944,504,1224,1224
1323 100 1920,552,1224,1224
1324 100 1920,576,1224,1200
1325 100 1896,576,1224,1224
1326 100 1896,576,1224,1224
1327 100 1872,576,1224,1200
1328 100 1872,576,1224,1200
1329 100 1872,576,1224,1200
1330 100 1848,552,1224,1224
1331 100 1848,552,1224,1224
1332 100 1848,552,1224,1224
1333 100 1800,552,1224,1224
1334 100 1800,576,1224,1224
1335 100 1800,576,1224,1224
1336 100 1776,576,1224,1224
1337 100 1752,576,1224,1224
1338 100 1752,576,1224,1224
1339 100 1704,600,1224,1224
1340 100 1704,600,1224,1224
1341 100 1704,600,1224,1224
1342 100 1704,600,1224,1224
1343 100 1704,600,1224,1224
1344 100 1704,600,1224,1224
1345 100 1680,624,1224,1200
1346 100 1680,624,1224,1200
1347 100 1680,624,1224,1200
1348 100 1656,624,1224,1200
1349 100 1656,624,1224,1200
1350 100 1656,624,1224,1200
1351 100 1632,624,1224,1224
1352 100 1632,648,1224,1200
1353 100 1632,648,1224,1200
1354 100 1608,648,1224,1224
1355 100 1608,672,1224,1200
1356 100 1608,672,1224,1200
1357 100 1584,672,1224,1200
1358 100 1584,672,1224,1200
1359 100 1584,672,1224,1200
1360 100 1584,672,1224,1224
1361 100 1584,672,1224,1224
1362 100 1584,672,1224,1224
1363 100 1608,672,1224,1224
1364 100 1608,672,1224,1224
1365 100 1608,672,1224,1224
1366 100 1632,672,1224,1200
1367 100 1632,672,1224,1200
1368 100 1632,672,1224,1200
1369 100 1704,672,1224,1200
1370 100 1704,672,1224,1200
1371 100 1704,672,1224,1200
1372 100 1800,672,1224,1200
1373 100 1824,672,1224,1200
1374 100 1824,672,1224,1200
1375 100 1944,672,1224,1200
1376 100 1968,672,1224,1200
1377 100 1968,672,1224,1200
1378 100 2112,696,1224,1200
1379 100 2136,696,1224,1200
1380 100 2136,696,1224,1200
1381 100 2280,696,1224,1224
1382 100 2304,696,1224,1224
1383 100 2304,696,1224,1224
1384 100 2448,696,1224,1224
1385 100 2472,696,1224,1200
1386 100 2472,696,1224,1200
1387 100 2520,696,1224,1200
1388 100 2544,696,1224,1224
1389 100 2544,696,1224,1224
1390 100 2640,696,1224,1224
1391 100 2688,720,1224,1200
1392 100 2688,720,1224,1200
1393 100 2712,720,1224,1200
1394 100 2808,720,1224,1200
1395 100 2808,720,1224,1200
1396 100 2808,720,1224,1200
1397 100 2904,720,1224,1200
1398 100 2904,720,1224,1200
1399 100 2928,720,1224,1200
1400 100 3000,720,1224,1200
1401 100 2976,720,1224,1224
1402 100 2976,720,1224,1224
1403 100 3072,744,1224,1224
1404 100 3048,768,1224,1224
1405 100 3000,792,1224,1200
1406 100 3000,792,1224,1200
1407 100 3096,792,1224,1200
1408 100 3096,792,1224,1200
1409 100 3192,792,1224,1224
1410 100 3024,792,1224,1200
1411 100 3024,792,1224,1200
1412 100 3288,792,1224,1200
1413 100 3312,768,1224,1200
1414 100 3264,768,1224,1224
1415 100 3264,768,1224,1224
1416 100 3288,792,1224,1200
1417 100 3504,792,1224,1224
1418 100 3552,792,1224,1224
1419 100 3552,792,1224,1224
1420 100 3264,792,1224,1200
1421 100 3600,792,1224,1224
1422 100 3504,792,1224,1224
1423 100 3504,792,1224,1224
1424 100 3552,792,1224,1224
1425 100 3504,792,1224,1224
1426 100 3408,816,1224,1200
1427 100 3408,816,1224,1200
1428 100 3192,816,1224,1224
1429 100 3144,840,1224,1224
1430 100 3360,864,1224,1200
1431 100 3360,864,1224,1200
1432 100 3264,888,1224,1200
1433 100 3192,888,1224,1200
1434 100 3240,888,1224,1200
1435 100 3240,888,1224,1200
1436 100 3336,888,1224,1200
1437 100 3408,864,1224,1224
1438 100 3480,864,1224,1224
1439 100 3480,864,1224,1224
1440 100 3384,864,1224,1200
1441 100 3408,816,1224,1224
1442 100 3624,816,1224,1224
1443 100 3624,816,1224,1224
1444 100 3432,792,1224,1224
1445 100 3336,792,1224,1200
1446 100 3456,768,1224,1224
1447 100 3456,768,1224,1224
1448 100 3504,744,1224,1224
1449 100 3336,720,1224,1200
1450 100 3504,696,1224,1224
1451 100 3504,696,1224,1224
1452 100 3336,672,1224,1200
1453 100 0,648,1224,1224
1454 100 3408,648,1224,1200
1455 100 3408,648,1224,1200
1456 100 3744,624,1224,1224
1457 100 3384,624,1224,1200
1458 100 3384,624,1224,1200
1459 100 3480,600,1224,1224
1460 100 3504,600,1224,1224
1461 100 3504,600,1224,1224
1462 100 3552,600,1224,1224
1463 100 3768,600,1224,1224
1464 100 3384,600,1224,1200
1465 100 3384,600,1224,1200
1466 100 3456,600,1224,1200
1467 100 3576,576,1224,1224
1468 100 3648,576,1224,1224
1469 100 3648,576,1224,1224
1470 100 3504,552,1224,1224
1471 100 3408,552,1224,1200
1472 100 3480,552,1224,1200
1473 100 3480,552,1224,1200
1474 100 3360,528,1224,1224
1475 100 3528,504,1224,1224
1476 100 3624,504,1224,1224
1477 100 3624,504,1224,1224
1478 100 3360,480,1224,1224
1479 100 3360,456,1224,1224
1480 100 3456,456,1224,1200
1481 100 3456,456,1224,1200
1482 100 3336,384,1224,1224
1483 100 3480,384,1224,1200
1484 100 3480,384,1224,1200
1485 100 3384,360,1224,1224
1486 100 3504,360,1224,1200
1487 100 3552,336,1224,1224
1488 100 3552,336,1224,1224
1489 100 3456,312,1224,1200
1490 100 3528,312,1224,1200
1491 100 3528,312,1224,1200
1492 100 3336,264,1224,1224
1493 100 3408,264,1224,1200
1494 100 3360,240,1224,1200
1495 100 3408,240,1224,1200
1496 100 3408,240,1224,1200
1497 100 3216,192,1224,1224
1498 100 3264,192,1224,1224
1499 100 3264,192,1224,1224
1500 100 3432,144,1224,1224
1501 100 3432,144,1224,1224
1502 100 3432,144,1224,1224
1503 100 3384,168,1224,1200
1504 100 3432,144,1224,1224
1505 100 3264,144,1224,1224
1506 100 3264,144,1224,1200
1507 100 3216,120,1224,1224
1508 100 3240,120,1224,1224
1509 100 3168,96,1224,1224
1510 100 3168,96,1224,1224
1511 100 3216,96,1224,1224
1512 100 3216,96,1224,1224
1513 100 3240,96,1224,1200
1514 100 3264,96,1224,1200
1515 100 3336,72,1224,1224
1516 100 3168,72,1224,1224
1517 100 3168,72,1224,1224
1518 100 3288,96,1224,1200
1519 100 3288,96,1224,1200
1520 100 3264,96,1224,1200
1521 100 3264,96,1224,1200
1522 100 3264,96,1224,1200
1523 100 3264,96,1224,1200
1524 100 3240,96,1224,1200
1525 100 3216,96,1224,1224
1526 100 3168,96,1224,1224
1527 100 3336,120,1224,1200
1528 100 3264,120,1224,1200
1529 100 3432,168,1224,1200
1530 100 3264,168,1224,1224
1531 100 3312,216,1224,1224
1532 100 3408,264,1224,1200
1533 100 3288,264,1224,1224
1534 100 3312,312,1224,1224
1535 100 3432,336,1224,1200
1536 100 3360,384,1224,1224
1537 100 3432,432,1224,1200
1538 100 3384,456,1224,1224
1539 100 3336,456,1224,1224
1540 100 3528,480,1224,1200
1541 100 3528,480,1224,1200
1542 100 3312,456,1224,1224
1543 100 3432,480,1224,1200
1544 100 3336,480,1224,1224
1545 100 3384,504,1224,1224
1546 100 3360,528,1224,1224
1547 100 3360,552,1224,1224
1548 100 3336,600,1224,1224
1549 100 3480,600,1224,1200
1550 100 3432,600,1224,1200
1551 100 3384,600,1224,1200
1552 100 3504,624,1224,1200
1553 100 3384,624,1224,1200
1554 100 3432,624,1224,1200
1555 100 3384,624,1224,1200
1556 100 3576,624,1224,1224
1557 100 3528,648,1224,1200
1558 100 3576,624,1224,1224
1559 100 3312,624,1224,1224
1560 100 3312,624,1224,1224
1561 100 3552,648,1224,1200
1562 100 3480,648,1224,1200
1563 100 3432,648,1224,1200
1564 100 3432,648,1224,1200
1565 100 3336,648,1224,1200
1566 100 3336,648,1224,1224
1567 100 3288,648,1224,1224
1568 100 3336,648,1224,1224
1569 100 3288,648,1224,1224
1570 100 3528,672,1224,1200
1571 100 3312,648,1224,1224
1572 100 3552,672,1224,1200
1573 100 3456,672,1224,1200
1574 100 3384,672,1224,1200
1575 100 3384,672,1224,1200
1576 100 3408,672,1224,1200
1577 100 3312,672,1224,1224
1578 100 3360,696,1224,1200
1579 100 3384,720,1224,1200
1580 100 3264,720,1224,1224
1581 100 3600,720,1224,1224
1582 100 3312,720,1224,1224
1583 100 3312,720,1224,1224
1584 100 3600,720,1224,1224
1585 100 3336,744,1224,1200
1586 100 3432,768,1224,1200
1587 100 3312,768,1224,1200
1588 100 3552,768,1224,1224
1589 100 3528,768,1224,1224
1590 100 3312,768,1224,1200
1591 100 3360,768,1224,1200
1592 100 3456,768,1224,1200
1593 100 3480,768,1224,1200
1594 100 3672,744,1224,1224
1595 100 3312,744,1224,1200
1596 100 3336,744,1224,1200
1597 100 3288,744,1224,1224
1598 100 3312,744,1224,1200
1599 100 3384,744,1224,1200
1600 100 3504,720,1224,1224
1601 100 3408,744,1224,1200
1602 100 3360,744,1224,1200
1603 100 3408,744,1224,1200
1604 100 3432,744,1224,1200
1605 100 3336,720,1224,1200
1606 100 3432,720,1224,1200
1607 100 3624,696,1224,1224
1608 100 3336,696,1224,1200
1609 100 3384,696,1224,1200
1610 100 3456,696,1224,1200
1611 100 3576,672,1224,1224
1612 100 3408,672,1224,1200
1613 100 3384,672,1224,1200
1614 100 3528,672,1224,1224
1615 100 3384,696,1224,1200
1616 100 3336,696,1224,1224
1617 100 3576,696,1224,1224
1618 100 3624,696,1224,1224
1619 100 3432,720,1224,1200
1620 100 3408,720,1224,1200
1621 100 3312,720,1224,1224
1622 100 3528,720,1224,1224
1623 100 3480,720,1224,1224
1624 100 3504,720,1224,1224
1625 100 3528,720,1224,1224
1626 100 3432,744,1224,1200
1627 100 3504,720,1224,1224
1628 100 3456,720,1224,1224
1629 100 3408,744,1224,1200
1630 100 3288,744,1224,1224
1631 100 3744,744,1224,1224
1632 100 3312,744,1224,1200
1633 100 3384,744,1224,1200
1634 100 3384,744,1224,1200
1635 100 3336,744,1224,1200
1636 100 3312,744,1224,1200
1637 100 3312,744,1224,1200
1638 100 3336,744,1224,1200
1639 100 3312,744,1224,1200
1640 100 3312,744,1224,1200
1641 100 3336,744,1224,1200
1642 100 3384,744,1224,1200
1643 100 3384,744,1224,1200
1644 100 3408,744,1224,1200
1645 100 3408,744,1224,1200
1646 100 3456,744,1224,1200
1647 100 3504,720,1224,1224
1648 100 3528,720,1224,1224
1649 100 3528,720,1224,1224
1650 100 3528,720,1224,1224
1651 100 3480,720,1224,1224
1652 100 3504,720,1224,1224
1653 100 3528,720,1224,1224
1654 100 3528,720,1224,1224
1655 100 3552,720,1224,1224
1656 100 3552,720,1224,1224
1657 100 3600,720,1224,1224
1658 100 24,720,1224,1224
1659 100 3336,720,1224,1200
1660 100 3360,720,1224,1200
1661 100 3504,696,1224,1224
1662 100 3528,696,1224,1224
1663 100 0,696,1224,1224
1664 100 3672,696,1224,1224
1665 100 0,696,1224,1224
1666 100 0,696,1224,1224
1667 100 24,696,1224,1224
1668 100 3312,696,1224,1200
1669 100 3720,696,1224,1224
1670 100 3720,696,1224,1224
1671 100 3336,696,1224,1200
1672 100 3312,696,1224,1200
1673 100 3360,696,1224,1200
1674 100 3408,696,1224,1200
1675 100 3456,696,1224,1200
1676 100 3480,696,1224,1200
1677 100 3504,696,1224,1200
1678 100 3480,696,1224,1200
1679 100 3504,672,1224,1224
1680 100 3480,672,1224,1224
1681 100 3480,696,1224,1200
1682 100 3456,696,1224,1200
1683 100 3384,696,1224,1200
1684 100 3360,696,1224,1200
1685 100 3312,696,1224,1224
1686 100 3288,696,1224,1224
1687 100 3576,696,1224,1224
1688 100 3264,696,1224,1224
1689 100 3288,696,1224,1224
1690 100 3264,696,1224,1224
1691 100 3288,696,1224,1224
1692 100 3264,696,1224,1224
1693 100 3288,696,1224,1224
1694 100 3288,696,1224,1224
1695 100 3264,696,1224,1224
1696 100 3552,696,1224,1224
1697 100 3504,696,1224,1224
1698 100 3408,720,1224,1200
1699 100 3312,720,1224,1224
1700 100 3288,720,1224,1224
1701 100 3432,720,1224,1224
1702 100 3528,744,1224,1224
1703 100 3408,744,1224,1224
1704 100 3408,768,1224,1224
1705 100 3528,792,1224,1224
1706 100 3432,792,1224,1224
1707 100 3240,792,1224,1224
1708 100 3624,816,1224,1224
1709 100 3360,816,1224,1224
1710 100 3216,816,1224,1224
1711 100 3312,840,1224,1224
1712 100 3192,840,1224,1224
1713 100 3408,864,1224,1224
1714 100 3240,864,1224,1224
1715 100 3192,864,1224,1224
1716 100 3096,888,1224,1200
1717 100 3072,888,1224,1200
1718 100 3096,888,1224,1200
1719 100 3096,864,1224,1224
1720 100 3168,864,1224,1224
1721 100 3312,864,1224,1224
1722 100 0,840,1224,1248
1723 100 3216,840,1224,1224
1724 100 3408,840,1224,1224
1725 100 3192,816,1224,1224
1726 100 3336,816,1224,1224
1727 100 3240,792,1224,1224
1728 100 144,768,1224,1248
1729 100 72,768,1224,1224
1730 100 48,744,1224,1248
1731 100 48,744,1224,1224
1732 100 24,720,1224,1248
1733 100 0,720,1224,1248
1734 100 0,720,1224,1224
1735 100 0,720,1224,1224
1736 100 24,720,1224,1224
1737 100 0,720,1224,1224
1738 100 0,696,1224,1224
1739 100 24,696,1224,1224
1740 100 0,696,1224,1224
1741 100 0,696,1224,1224
1742 100 24,696,1224,1224
1743 100 48,696,1224,1224
1744 100 72,672,1224,1224
1745 100 72,672,1224,1224
1746 100 96,672,1224,1224
1747 100 144,648,1224,1224
1748 100 144,624,1224,1224
1749 100 168,624,1224,1224
1750 100 168,624,1224,1200
1751 100 192,624,1224,1200
1752 100 216,600,1224,1224
1753 100 216,600,1224,1224
1754 100 264,600,1224,1200
1755 100 288,576,1224,1224
1756 100 312,576,1224,1224
1757 100 336,576,1224,1224
1758 100 384,600,1224,1200
1759 100 384,600,1224,1200
1760 100 384,600,1224,1200
1761 100 408,600,1224,1200
1762 100 408,600,1224,1200
1763 100 408,576,1224,1224
1764 100 432,576,1224,1200
1765 100 456,552,1224,1224
1766 100 456,552,1224,1200
1767 100 456,528,1224,1224
1768 100 456,528,1224,1224
1769 100 456,528,1224,1200
1770 100 480,504,1224,1224
1771 100 480,504,1224,1224
1772 100 480,504,1224,1224
1773 100 480,504,1224,1224
1774 100 480,504,1224,1200
1775 100 480,504,1224,1200
1776 100 504,480,1224,1224
1777 100 504,480,1224,1224
1778 100 504,480,1224,1200
1779 100 504,480,1224,1200
1780 100 504,480,1224,1200
1781 100 504,456,1224,1224
1782 100 480,456,1224,1224
1783 100 480,456,1224,1200
1784 100 480,456,1224,1200
1785 100 480,432,1224,1224
1786 100 456,432,1224,1200
1787 100 456,432,1224,1200
1788 100 456,432,1224,1200
1789 100 456,408,1224,1224
1790 100 432,408,1224,1200
1791 100 432,408,1224,1200
1792 100 408,384,1224,1200
1793 100 408,384,1224,1200
1794 100 384,384,1224,1200
1795 100 384,384,1224,1200
1796 100 384,384,1224,1200
1797 100 384,384,1224,1200
1798 100 360,384,1224,1200
1799 100 360,384,1224,1200
1800 100 360,384,1224,1224
1801 100 360,384,1224,1224
1802 100 360,384,1224,1200
1803 100 360,384,1224,1200
1804 100 360,384,1224,1200
1805 100 336,384,1224,1200
1806 100 336,384,1224,1200
1807 100 336,384,1224,1200
1808 100 336,360,1224,1224
1809 100 336,360,1224,1224
1810 100 336,360,1224,1224
1811 100 360,360,1224,1224
1812 100 360,360,1224,1224
1813 100 384,360,1224,1224
1814 100 408,360,1224,1224
1815 100 432,384,1224,1200
1816 100 480,384,1224,1224
1817 100 504,408,1224,1200
1818 100 528,432,1224,1200
1819 100 576,432,1224,1224
1820 100 576,456,1224,1200
1821 100 624,480,1224,1200
1822 100 648,480,1224,1200
1823 100 672,504,1224,1224
1824 100 696,528,1224,1200
1825 100 720,528,1224,1224
1826 100 720,552,1224,1200
1827 100 720,552,1224,1200
1828 100 720,552,1224,1200
1829 100 720,552,1224,1200
1830 100 720,552,1224,1200
1831 100 720,552,1224,1200
1832 100 720,552,1224,1200
1833 100 720,552,1224,1224
1834 100 720,552,1224,1224
1835 100 720,552,1224,1224
1836 100 720,552,1224,1224
1837 100 720,552,1224,1224
1838 100 696,576,1224,1200
1839 100 696,576,1224,1200
1840 100 696,576,1224,1224
1841 100 672,576,1224,1200
1842 100 672,576,1224,1200
1843 100 696,576,1224,1200
1844 100 672,552,1224,1224
1845 100 672,552,1224,1224
1846 100 648,552,1224,1224
1847 100 648,552,1224,1224
1848 100 648,552,1224,1224
1849 100 648,552,1224,1224
1850 100 624,528,1224,1224
1851 100 624,528,1224,1224
1852 100 600,504,1224,1224
1853 100 600,504,1224,1224
1854 100 576,504,1224,1200
1855 100 576,504,1224,1200
1856 100 552,504,1224,1200
1857 100 552,480,1224,1224
1858 100 552,480,1224,1224
1859 100 528,480,1224,1224
1860 100 528,480,1224,1224
1861 100 504,480,1224,1224
1862 100 480,480,1224,1224
1863 100 432,480,1224,1200
1864 100 384,480,1224,1200
1865 100 384,480,1224,1200
1866 100 360,480,1224,1200
1867 100 336,480,1224,1200
1868 100 312,456,1224,1224
1869 100 288,456,1224,1200
1870 100 288,456,1224,1200
1871 100 288,456,1224,1200
1872 100 264,432,1224,1200
1873 100 264,408,1224,1224
1874 100 240,408,1224,1200
1875 100 216,384,1224,1224
1876 100 192,408,1224,1200
1877 100 168,432,1224,1200
1878 100 168,456,1224,1200
1879 100 168,480,1224,1200
1880 100 144,528,1224,1224
1881 100 72,576,1224,1224
1882 100 48,576,1224,1224
1883 100 0,576,1224,1224
1884 100 24,576,1224,1224
1885 100 24,576,1224,1200
1886 100 0,552,1224,1224
1887 100 0,576,1224,1200
1888 100 0,576,1224,1224
1889 100 0,600,1224,1200
1890 100 0,600,1224,1200
1891 100 0,624,1224,1200
1892 100 24,624,1224,1200
1893 100 24,624,1224,1224
1894 100 0,624,1224,1224
1895 100 0,648,1224,1200
1896 100 24,648,1224,1224
1897 100 24,672,1224,1200
1898 100 0,672,1224,1224
1899 100 48,672,1224,1224
1900 100 48,672,1224,1200
1901 100 24,672,1224,1224
1902 100 0,672,1224,1224
1903 100 120,672,1224,1224
1904 100 96,672,1224,1224
1905 100 48,672,1224,1224
1906 100 48,672,1224,1224
1907 100 0,696,1224,1200
1908 100 144,696,1224,1224
1909 100 144,696,1224,1224
1910 100 72,696,1224,1224
1911 100 48,696,1224,1224
1912 100 48,696,1224,1224
1913 100 48,696,1224,1224
1914 100 48,696,1224,1224
1915 100 48,696,1224,1224
1916 100 24,696,1224,1224
1917 100 0,696,1224,1224
1918 100 96,696,1224,1224
1919 100 3384,696,1224,1200
1920 100 3384,696,1224,1200
1921 100 3408,696,1224,1200
1922 100 3432,696,1224,1200
1923 100 3432,696,1224,1200
1924 100 3504,672,1224,1224
1925 100 3528,672,1224,1224
1926 100 3624,672,1224,1224
1927 100 3648,672,1224,1224
1928 100 3624,672,1224,1224
1929 100 3576,672,1224,1224
1930 100 3600,672,1224,1224
1931 100 0,672,1224,1224
1932 100 3360,672,1224,1200
1933 100 3408,672,1224,1200
1934 100 3480,648,1224,1224
1935 100 3528,648,1224,1224
1936 100 3600,648,1224,1224
1937 100 3768,648,1224,1224
1938 100 3360,648,1224,1200
1939 100 3504,624,1224,1224
1940 100 3552,624,1224,1224
1941 100 3792,624,1224,1224
1942 100 3456,624,1224,1200
1943 100 3504,600,1224,1224
1944 100 3648,600,1224,1224
1945 100 3384,600,1224,1200
1946 100 3432,600,1224,1200
1947 100 3456,600,1224,1200
1948 100 3456,600,1224,1200
1949 100 3504,576,1224,1224
1950 100 3528,576,1224,1224
1951 100 3600,576,1224,1224
1952 100 3576,576,1224,1224
1953 100 3672,576,1224,1224
1954 100 3360,576,1224,1224
1955 100 3648,576,1224,1224
1956 100 3624,576,1224,1224
1957 100 3576,576,1224,1224
1958 100 3480,576,1224,1224
1959 100 3480,600,1224,1200
1960 100 3456,600,1224,1200
1961 100 3408,600,1224,1200
1962 100 3360,600,1224,1224
1963 100 3336,600,1224,1224
1964 100 3552,600,1224,1224
1965 100 3528,600,1224,1224
1966 100 3504,600,1224,1224
1967 100 3480,600,1224,1224
1968 100 3408,624,1224,1200
1969 100 3408,624,1224,1200
1970 100 3384,624,1224,1200
1971 100 3336,624,1224,1224
1972 100 3336,624,1224,1224
1973 100 3312,624,1224,1224
1974 100 3288,624,1224,1224
1975 100 3288,624,1224,1224
1976 100 3264,624,1224,1224
1977 100 3264,624,1224,1224
1978 100 3264,624,1224,1224
1979 100 3264,624,1224,1224
1980 100 3240,624,1224,1224
1981 100 3240,624,1224,1224
1982 100 3216,624,1224,1224
1983 100 3216,624,1224,1224
1984 100 3240,624,1224,1224
1985 100 3240,648,1224,1200
1986 100 3192,648,1224,1200
1987 100 3216,648,1224,1200
1988 100 3216,648,1224,1200
1989 100 3192,648,1224,1200
1990 100 3192,648,1224,1200
1991 100 3192,648,1224,1200
1992 100 3192,648,1224,1200
1993 100 3168,648,1224,1200
1994 100 3192,648,1224,1200
1995 100 3072,648,1224,1200
1996 100 3144,624,1224,1224
1997 100 3096,624,1224,1200
1998 100 3096,624,1224,1200
1999 100 3096,624,1224,1200
2000 100 3048,624,1224,1224
2001 100 3024,624,1224,1224
2002 100 3000,624,1224,1224
2003 100 2976,624,1224,1224
2004 100 2976,648,1224,1200
2005 100 2880,624,1224,1224
2006 100 2904,624,1224,1224
2007 100 2880,624,1224,1224
2008 100 2832,648,1224,1224
2009 100 2808,648,1224,1224
2010 100 2760,672,1224,1200
2011 100 2736,672,1224,1224
2012 100 2712,672,1224,1224
2013 100 2664,672,1224,1224
2014 100 2640,672,1224,1224
2015 100 2592,696,1224,1200
2016 100 2592,696,1224,1200
2017 100 2544,696,1224,1224
2018 100 2496,720,1224,1200
2019 100 2496,720,1224,1200
2020 100 2472,720,1224,1200
2021 100 2448,720,1224,1200
2022 100 2448,720,1224,1200
2023 100 2448,720,1224,1200
2024 100 2424,720,1224,1224
2025 100 2424,720,1224,1224
2026 100 2424,720,1224,1224
2027 100 2424,720,1224,1224
2028 100 2424,720,1224,1224
2029 100 2424,720,1224,1224
2030 100 2424,720,1224,1224
2031 100 2424,720,1224,1224
2032 100 2424,720,1224,1224
2033 100 2400,744,1224,1200
2034 100 2376,744,1224,1224
2035 100 2376,744,1224,1224
2036 100 2400,744,1224,1224
2037 100 2376,744,1224,1224
2038 100 2376,744,1224,1200
2039 100 2376,744,1224,1224
2040 100 2376,744,1224,1200
2041 100 2376,744,1224,1200
2042 100 2352,744,1224,1200
2043 100 2352,744,1224,1200
2044 100 2352,744,1224,1200
2045 100 2352,744,1224,1200
2046 100 2352,720,1224,1224
2047 100 2352,720,1224,1224
2048 100 2328,720,1224,1224
2049 100 2328,720,1224,1224
2050 100 2304,720,1224,1224
2051 100 2304,720,1224,1200
2052 100 2304,720,1224,1200
2053 100 2280,720,1224,1200
2054 100 2280,720,1224,1200
2055 100 2256,720,1224,1200
2056 100 2232,720,1224,1200
2057 100 2232,720,1224,1200
2058 100 2208,720,1224,1200
2059 100 2208,720,1224,1200
2060 100 2208,720,1224,1200
2061 100 2184,720,1224,1200
2062 100 2184,720,1224,1200
2063 100 2184,720,1224,1200
2064 100 2184,720,1224,1200
2065 100 2184,720,1224,1200
2066 100 2184,720,1224,1200
2067 100 2160,720,1224,1200
2068 100 2160,696,1224,1224
2069 100 2160,696,1224,1224
2070 100 2160,696,1224,1224
2071 100 2160,696,1224,1200
2072 100 2136,696,1224,1200
2073 100 2136,696,1224,1200
2074 100 2136,696,1224,1200
2075 100 2136,696,1224,1200
2076 100 2136,696,1224,1200
2077 100 2136,696,1224,1200
2078 100 2160,672,1224,1224
2079 100 2160,672,1224,1224
2080 100 2136,672,1224,1224
2081 100 2136,696,1224,1200
2082 100 2136,720,1224,1200
2083 100 2112,744,1224,1200
2084 100 2112,744,1224,1224
2085 100 2112,744,1224,1224
2086 100 2112,744,1224,1224
2087 100 2088,744,1224,1224
2088 100 2088,744,1224,1224
2089 100 2112,744,1224,1224
2090 100 2088,744,1224,1224
2091 100 2088,768,1224,1200
2092 100 2088,768,1224,1224
2093 100 2064,792,1224,1200
2094 100 2064,792,1224,1224
2095 100 2064,816,1224,1200
2096 100 2088,816,1224,1200
2097 100 2088,816,1224,1200
2098 100 2088,816,1224,1224
2099 100 2088,816,1224,1224
