0 100 1272,624,1224,1200
1 100 1272,624,1224,1200
2 100 1272,624,1224,1200
3 100 1272,600,1224,1224
4 100 1272,624,1224,1200
5 100 1272,624,1224,1200
6 100 1272,624,1224,1200
7 100 1272,624,1224,1200
8 100 1272,624,1224,1200
9 100 1272,624,1224,1200
10 100 1272,624,1224,1200
11 100 1272,624,1224,1200
12 100 1248,624,1224,1200
13 100 1248,624,1224,1200
14 100 1248,624,1224,1200
15 100 1248,624,1224,1200
16 100 1248,624,1224,1200
17 100 1272,624,1224,1200
18 100 1248,624,1224,1200
19 100 1272,624,1224,1200
20 100 1272,624,1224,1200
21 100 1272,624,1224,1200
22 100 1272,624,1224,1200
23 100 1272,624,1224,1200
24 100 1272,600,1224,1224
25 100 1272,600,1224,1224
26 100 1272,600,1224,1200
27 100 1272,600,1224,1224
28 100 1272,624,1224,1200
29 100 1248,624,1224,1200
30 100 1248,624,1224,1200
31 100 1248,624,1224,1200
32 100 1248,624,1224,1200
33 100 1248,624,1224,1224
34 100 1248,624,1224,1224
35 100 1248,624,1224,1224
36 100 1224,648,1224,1200
37 100 1224,648,1224,1200
38 100 1200,648,1224,1224
39 100 1200,672,1224,1200
40 100 1200,672,1224,1224
41 100 1176,696,1224,1200
42 100 1176,696,1224,1200
43 100 1176,696,1224,1200
44 100 1176,696,1224,1224
45 100 1176,696,1224,1224
46 100 1176,720,1224,1200
47 100 1176,720,1224,1224
48 100 1176,744,1224,1200
49 100 1152,744,1224,1200
50 100 1152,744,1224,1200
51 100 1152,744,1224,1200
52 100 1128,744,1224,1200
53 100 1128,744,1224,1224
54 100 1104,744,1224,1224
55 100 1104,768,1224,1200
56 100 1080,768,1224,1200
57 100 1080,792,1224,1200
58 100 1056,792,1224,1200
59 100 1056,792,1224,1224
60 100 1032,816,1224,1200
61 100 1032,816,1224,1200
62 100 1032,816,1224,1200
63 100 1032,816,1224,1200
64 100 1032,816,1224,1200
65 100 1032,816,1224,1224
66 100 1008,840,1224,1200
67 100 1008,840,1224,1200
68 100 1008,840,1224,1200
69 100 1008,840,1224,1200
70 100 1008,840,1224,1200
71 100 984,840,1224,1200
72 100 984,840,1224,1224
73 100 984,840,1224,1224
74 100 960,864,1224,1200
75 100 984,840,1224,1224
76 100 984,840,1224,1224
77 100 984,840,1224,1224
78 100 984,840,1224,1224
79 100 984,840,1224,1224
80 100 960,864,1224,1200
81 100 960,864,1224,1200
82 100 936,864,1224,1200
83 100 936,864,1224,1224
84 100 936,864,1224,1224
85 100 912,888,1224,1200
86 100 912,888,1224,1200
87 100 912,888,1224,1224
88 100 912,888,1224,1224
89 100 912,912,1224,1200
90 100 888,912,1224,1200
91 100 888,912,1224,1200
92 100 912,912,1224,1200
93 100 912,912,1224,1200
94 100 912,912,1224,1200
95 100 912,912,1224,1200
96 100 912,912,1224,1200
97 100 912,912,1224,1200
98 100 912,912,1224,1200
99 100 912,912,1224,1200
100 100 912,912,1224,1200
101 100 912,912,1224,1200
102 100 912,912,1224,1224
103 100 912,912,1224,1224
104 100 912,912,1224,1224
105 100 912,912,1224,1224
106 100 912,912,1224,1224
107 100 912,912,1224,1224
108 100 912,912,1224,1224
109 100 912,912,1224,1224
110 100 888,912,1224,1224
111 100 888,912,1224,1224
112 100 888,912,1224,1224
113 100 888,912,1224,1224
114 100 888,912,1224,1224
115 100 912,912,1224,1200
116 100 912,912,1224,1200
117 100 912,912,1224,1200
118 100 912,912,1224,1200
119 100 912,912,1224,1200
120 100 912,912,1224,1200
121 100 912,912,1224,1200
122 100 912,912,1224,1200
123 100 912,912,1224,1200
124 100 912,912,1224,1200
125 100 912,912,1224,1200
126 100 912,888,1224,1224
127 100 912,888,1224,1224
128 100 912,888,1224,1200
129 100 912,888,1224,1200
130 100 912,888,1224,1200
131 100 912,888,1224,1200
132 100 912,888,1224,1224
133 100 912,912,1224,1200
134 100 912,888,1224,1224
135 100 912,888,1224,1224
136 100 912,888,1224,1200
137 100 912,888,1224,1200
138 100 912,888,1224,1200
139 100 912,888,1224,1200
140 100 912,888,1224,1200
141 100 912,888,1224,1200
142 100 912,888,1224,1200
143 100 912,888,1224,1200
144 100 912,888,1224,1200
145 100 912,888,1224,1200
146 100 912,888,1224,1200
147 100 912,888,1224,1200
148 100 912,888,1224,1200
149 100 912,888,1224,1200
150 100 912,888,1224,1200
151 100 912,888,1224,1200
152 100 912,888,1224,1200
153 100 912,888,1224,1200
154 100 912,888,1224,1200
155 100 912,888,1224,1200
156 100 912,888,1224,1200
157 100 912,888,1224,1200
158 100 912,888,1224,1200
159 100 912,888,1224,1200
160 100 912,888,1224,1200
161 100 912,888,1224,1224
162 100 912,888,1224,1224
163 100 912,888,1224,1200
164 100 912,888,1224,1224
165 100 912,888,1224,1224
166 100 912,888,1224,1224
167 100 912,888,1224,1224
168 100 912,912,1224,1200
169 100 912,888,1224,1224
170 100 912,912,1224,1200
171 100 912,912,1224,1200
172 100 912,912,1224,1200
173 100 912,912,1224,1200
174 100 912,912,1224,1200
175 100 912,888,1224,1224
176 100 912,888,1224,1224
177 100 912,888,1224,1224
178 100 912,888,1224,1200
179 100 912,888,1224,1200
180 100 912,888,1224,1200
181 100 912,888,1224,1200
182 100 912,888,1224,1200
183 100 912,888,1224,1200
184 100 912,888,1224,1200
185 100 912,888,1224,1200
186 100 912,888,1224,1200
187 100 936,888,1224,1200
188 100 936,888,1224,1200
189 100 936,864,1224,1224
190 100 936,864,1224,1224
191 100 936,864,1224,1224
192 100 936,864,1224,1224
193 100 936,888,1224,1200
194 100 936,888,1224,1200
195 100 912,888,1224,1200
196 100 912,888,1224,1200
197 100 912,888,1224,1200
198 100 912,888,1224,1200
199 100 912,888,1224,1200
200 100 912,888,1224,1200
201 100 912,888,1224,1200
202 100 912,888,1224,1200
203 100 912,888,1224,1200
204 100 912,888,1224,1200
205 100 912,888,1224,1200
206 100 912,888,1224,1200
207 100 912,888,1224,1200
208 100 912,888,1224,1200
209 100 936,888,1224,1200
210 100 936,888,1224,1200
211 100 936,888,1224,1200
212 100 936,888,1224,1200
213 100 936,888,1224,1200
214 100 912,888,1224,1200
215 100 912,888,1224,1200
216 100 912,888,1224,1200
217 100 912,888,1224,1200
218 100 912,888,1224,1200
219 100 912,888,1224,1200
220 100 912,888,1224,1200
221 100 912,888,1224,1200
222 100 912,888,1224,1200
223 100 912,888,1224,1200
224 100 912,888,1224,1200
225 100 912,888,1224,1200
226 100 912,888,1224,1200
227 100 912,888,1224,1200
228 100 912,888,1224,1200
229 100 912,888,1224,1200
230 100 912,888,1224,1200
231 100 912,888,1224,1200
232 100 912,888,1224,1200
233 100 936,888,1224,1200
234 100 936,888,1224,1200
235 100 936,888,1224,1200
236 100 936,888,1224,1200
237 100 936,864,1224,1224
238 100 936,864,1224,1224
239 100 936,864,1224,1224
240 100 936,864,1224,1224
241 100 936,864,1224,1224
242 100 936,864,1224,1200
243 100 936,864,1224,1200
244 100 936,864,1224,1200
245 100 936,864,1224,1200
246 100 936,840,1224,1224
247 100 960,840,1224,1224
248 100 960,840,1224,1200
249 100 960,840,1224,1200
250 100 960,816,1224,1224
251 100 960,816,1224,1200
252 100 984,816,1224,1200
253 100 984,816,1224,1200
254 100 984,792,1224,1200
255 100 984,792,1224,1200
256 100 1008,792,1224,1200
257 100 1008,792,1224,1200
258 100 1008,792,1224,1200
259 100 1008,792,1224,1200
260 100 1008,792,1224,1200
261 100 1008,792,1224,1200
262 100 1008,792,1224,1200
263 100 984,792,1224,1200
264 100 984,792,1224,1200
265 100 984,792,1224,1200
266 100 984,792,1224,1200
267 100 984,792,1224,1200
268 100 1008,792,1224,1200
269 100 1008,792,1224,1200
270 100 1008,768,1224,1224
271 100 1008,768,1224,1200
272 100 1008,768,1224,1200
273 100 1008,768,1224,1200
274 100 1008,768,1224,1200
275 100 1032,744,1224,1224
276 100 1032,744,1224,1224
277 100 1032,744,1224,1224
278 100 1032,744,1224,1224
279 100 1032,744,1224,1224
280 100 1032,744,1224,1224
281 100 1032,744,1224,1224
282 100 1032,744,1224,1224
283 100 1032,744,1224,1224
284 100 1032,768,1224,1200
285 100 1032,768,1224,1200
286 100 1032,768,1224,1200
287 100 1032,768,1224,1200
288 100 1032,768,1224,1200
289 100 1032,768,1224,1200
290 100 1032,768,1224,1200
291 100 1032,768,1224,1200
292 100 1032,768,1224,1200
293 100 1032,768,1224,1200
294 100 1032,768,1224,1200
295 100 1032,768,1224,1200
296 100 1032,768,1224,1200
297 100 1032,768,1224,1200
298 100 1032,768,1224,1200
299 100 1032,768,1224,1200
300 100 1032,768,1224,1200
301 100 1032,768,1224,1200
302 100 1032,768,1224,1200
303 100 1032,768,1224,1200
304 100 1032,768,1224,1200
305 100 1032,768,1224,1200
306 100 1032,768,1224,1200
307 100 1032,768,1224,1200
308 100 1032,768,1224,1200
309 100 1032,768,1224,1200
310 100 1032,768,1224,1200
311 100 1032,768,1224,1200
312 100 1032,768,1224,1200
313 100 1032,768,1224,1200
314 100 1032,768,1224,1200
315 100 1032,768,1224,1200
316 100 1032,768,1224,1200
317 100 1032,768,1224,1200
318 100 1032,768,1224,1200
319 100 1032,768,1224,1200
320 100 1032,768,1224,1200
321 100 1032,768,1224,1200
322 100 1032,768,1224,1200
323 100 1032,768,1224,1200
324 100 1032,768,1224,1200
325 100 1032,768,1224,1200
326 100 1032,768,1224,1200
327 100 1032,768,1224,1200
328 100 1032,768,1224,1200
329 100 1032,768,1224,1200
330 100 1032,768,1224,1200
331 100 1032,768,1224,1200
332 100 1032,768,1224,1200
333 100 1032,768,1224,1200
334 100 1032,768,1224,1200
335 100 1032,768,1224,1200
336 100 1032,768,1224,1200
337 100 1032,768,1224,1200
338 100 1032,768,1224,1200
339 100 1032,768,1224,1200
340 100 1032,768,1224,1200
341 100 1032,768,1224,1200
342 100 1032,768,1224,1200
343 100 1032,768,1224,1200
344 100 1032,768,1224,1200
345 100 1032,768,1224,1200
346 100 1056,768,1224,1200
347 100 1056,768,1224,1200
348 100 1032,768,1224,1200
349 100 1032,768,1224,1200
350 100 1032,768,1224,1200
351 100 1032,768,1224,1200
352 100 1032,768,1224,1200
353 100 1032,768,1224,1200
354 100 1032,768,1224,1200
355 100 1032,768,1224,1200
356 100 1032,768,1224,1200
357 100 1032,768,1224,1200
358 100 1032,768,1224,1200
359 100 1032,768,1224,1200
360 100 1032,768,1224,1200
361 100 1032,768,1224,1200
362 100 1032,768,1224,1200
363 100 1032,768,1224,1200
364 100 1032,768,1224,1200
365 100 1032,768,1224,1200
366 100 1032,768,1224,1200
367 100 1032,768,1224,1200
368 100 1032,768,1224,1200
369 100 1032,768,1224,1200
370 100 1032,768,1224,1200
371 100 1032,768,1224,1200
372 100 1032,768,1224,1200
373 100 1032,768,1224,1200
374 100 1032,768,1224,1200
375 100 1032,768,1224,1200
376 100 1032,768,1224,1200
377 100 1032,768,1224,1200
378 100 1032,768,1224,1200
379 100 1032,768,1224,1200
380 100 1032,768,1224,1200
381 100 1032,768,1224,1200
382 100 1032,768,1224,1200
383 100 1032,768,1224,1200
384 100 1032,768,1224,1200
385 100 1032,768,1224,1200
386 100 1032,768,1224,1200
387 100 1032,768,1224,1200
388 100 1032,768,1224,1200
389 100 1032,768,1224,1200
390 100 1032,768,1224,1200
391 100 1032,768,1224,1200
392 100 1032,768,1224,1200
393 100 1032,768,1224,1200
394 100 1056,768,1224,1200
395 100 1056,768,1224,1200
396 100 1032,768,1224,1200
397 100 1056,768,1224,1200
398 100 1056,768,1224,1200
399 100 1032,768,1224,1200
400 100 1056,768,1224,1200
401 100 1056,768,1224,1200
402 100 1056,768,1224,1200
403 100 1056,768,1224,1200
404 100 1056,768,1224,1200
405 100 1056,744,1224,1224
406 100 1056,744,1224,1200
407 100 1080,720,1224,1224
408 100 1104,696,1224,1224
409 100 1128,672,1224,1224
410 100 1152,648,1224,1200
411 100 1176,624,1224,1200
412 100 1200,600,1224,1200
413 100 1224,576,1224,1200
414 100 1248,552,1224,1200
415 100 1248,528,1224,1200
416 100 1272,504,1224,1224
417 100 1272,504,1224,1224
418 100 1272,504,1224,1200
419 100 1272,504,1224,1200
420 100 1296,480,1224,1200
421 100 1296,480,1224,1200
422 100 1296,456,1224,1200
423 100 1296,432,1224,1200
424 100 1296,408,1224,1224
425 100 1296,408,1224,1200
426 100 1296,408,1224,1200
427 100 1296,408,1224,1200
428 100 1296,408,1224,1200
429 100 1320,408,1224,1224
430 100 1320,432,1224,1200
431 100 1320,432,1224,1200
432 100 1320,432,1224,1200
433 100 1320,432,1224,1200
434 100 1320,432,1224,1200
435 100 1320,432,1224,1200
436 100 1320,432,1224,1200
437 100 1320,432,1224,1200
438 100 1320,432,1224,1200
439 100 1320,432,1224,1200
440 100 1296,432,1224,1200
441 100 1296,432,1224,1200
442 100 1296,432,1224,1200
443 100 1296,432,1224,1200
444 100 1272,432,1224,1200
445 100 1248,432,1224,1200
446 100 1248,432,1224,1200
447 100 1224,432,1224,1200
448 100 1200,432,1224,1200
449 100 1200,432,1224,1200
450 100 1200,408,1224,1224
451 100 1176,408,1224,1224
452 100 1176,408,1224,1224
453 100 1176,408,1224,1200
454 100 1152,408,1224,1200
455 100 1152,408,1224,1200
456 100 1152,408,1224,1200
457 100 1152,408,1224,1200
458 100 1128,408,1224,1200
459 100 1128,384,1224,1224
460 100 1128,384,1224,1224
461 100 1128,384,1224,1224
462 100 1104,384,1224,1224
463 100 1104,384,1224,1224
464 100 1104,384,1224,1224
465 100 1104,384,1224,1224
466 100 1104,384,1224,1224
467 100 1104,384,1224,1224
468 100 1104,384,1224,1224
469 100 1104,408,1224,1200
470 100 1104,408,1224,1200
471 100 1104,408,1224,1200
472 100 1104,408,1224,1200
473 100 1104,408,1224,1200
474 100 1104,408,1224,1200
475 100 1104,408,1224,1200
476 100 1080,408,1224,1200
477 100 1080,384,1224,1224
478 100 1080,384,1224,1224
479 100 1080,384,1224,1224
480 100 1080,384,1224,1224
481 100 1080,384,1224,1224
482 100 1080,384,1224,1224
483 100 1080,384,1224,1224
484 100 1080,384,1224,1224
485 100 1080,384,1224,1224
486 100 1080,384,1224,1224
487 100 1080,384,1224,1224
488 100 1080,384,1224,1224
489 100 1080,384,1224,1224
490 100 1056,384,1224,1224
491 100 1056,384,1224,1224
492 100 1056,384,1224,1224
493 100 1056,384,1224,1224
494 100 1056,384,1224,1224
495 100 1056,384,1224,1224
496 100 1056,384,1224,1224
497 100 1056,384,1224,1224
498 100 1056,384,1224,1224
499 100 1056,384,1224,1224
500 100 1056,384,1224,1224
501 100 1056,384,1224,1224
502 100 1056,384,1224,1224
503 100 1056,384,1224,1224
504 100 1056,384,1224,1224
505 100 1056,384,1224,1224
506 100 1056,384,1224,1224
507 100 1056,384,1224,1224
508 100 1056,384,1224,1224
509 100 1056,384,1224,1224
510 100 1056,384,1224,1224
511 100 1056,384,1224,1224
512 100 1056,384,1224,1224
513 100 1056,384,1224,1224
514 100 1056,384,1224,1224
515 100 1056,384,1224,1224
516 100 1056,384,1224,1224
517 100 1056,408,1224,1200
518 100 1056,408,1224,1200
519 100 1080,408,1224,1200
520 100 1080,408,1224,1200
521 100 1104,408,1224,1200
522 100 1128,408,1224,1224
523 100 1152,432,1224,1200
524 100 1176,432,1224,1200
525 100 1200,432,1224,1224
526 100 1224,432,1224,1224
527 100 1248,432,1224,1224
528 100 1272,432,1224,1224
529 100 1272,456,1224,1200
530 100 1296,456,1224,1200
531 100 1320,456,1224,1200
532 100 1320,456,1224,1200
533 100 1344,456,1224,1200
534 100 1344,456,1224,1200
535 100 1344,456,1224,1200
536 100 1368,456,1224,1200
537 100 1368,456,1224,1200
538 100 1392,456,1224,1200
539 100 1392,456,1224,1200
540 100 1416,456,1224,1200
541 100 1440,456,1224,1224
542 100 1440,456,1224,1224
543 100 1464,456,1224,1224
544 100 1464,456,1224,1224
545 100 1488,480,1224,1200
546 100 1512,480,1224,1200
547 100 1512,480,1224,1200
548 100 1512,480,1224,1200
549 100 1536,480,1224,1200
550 100 1536,480,1224,1200
551 100 1536,480,1224,1200
552 100 1560,480,1224,1200
553 100 1584,480,1224,1200
554 100 1584,480,1224,1200
555 100 1584,456,1224,1224
556 100 1584,456,1224,1200
557 100 1584,432,1224,1224
558 100 1608,432,1224,1200
559 100 1608,432,1224,1200
560 100 1608,408,1224,1224
561 100 1608,408,1224,1224
562 100 1608,408,1224,1200
563 100 1608,408,1224,1200
564 100 1608,384,1224,1224
565 100 1608,384,1224,1224
566 100 1608,384,1224,1224
567 100 1608,384,1224,1224
568 100 1608,384,1224,1200
569 100 1608,360,1224,1224
570 100 1608,360,1224,1224
571 100 1608,360,1224,1224
572 100 1608,360,1224,1224
573 100 1608,360,1224,1224
574 100 1608,360,1224,1224
575 100 1608,360,1224,1224
576 100 1608,360,1224,1200
577 100 1608,336,1224,1224
578 100 1608,336,1224,1224
579 100 1608,336,1224,1224
580 100 1608,336,1224,1224
581 100 1584,336,1224,1224
582 100 1584,336,1224,1224
583 100 1584,336,1224,1224
584 100 1584,360,1224,1200
585 100 1584,360,1224,1200
586 100 1584,360,1224,1224
587 100 1584,360,1224,1224
588 100 1584,360,1224,1224
589 100 1584,360,1224,1224
590 100 1584,360,1224,1224
591 100 1584,360,1224,1224
592 100 1584,360,1224,1224
593 100 1584,360,1224,1224
594 100 1584,360,1224,1224
595 100 1560,360,1224,1224
596 100 1560,360,1224,1224
597 100 1560,360,1224,1224
598 100 1560,360,1224,1224
599 100 1560,360,1224,1224
600 100 1560,360,1224,1224
601 100 1560,360,1224,1224
602 100 1560,360,1224,1224
603 100 1536,360,1224,1224
604 100 1536,360,1224,1224
605 100 1560,360,1224,1224
606 100 1536,360,1224,1224
607 100 1560,360,1224,1224
608 100 1536,360,1224,1224
609 100 1560,360,1224,1224
610 100 1536,360,1224,1224
611 100 1536,360,1224,1224
612 100 1536,360,1224,1224
613 100 1536,360,1224,1224
614 100 1536,360,1224,1224
615 100 1536,384,1224,1200
616 100 1536,384,1224,1224
617 100 1560,408,1224,1200
618 100 1536,432,1224,1200
619 100 1536,456,1224,1200
620 100 1536,480,1224,1200
621 100 1536,480,1224,1224
622 100 1512,504,1224,1200
623 100 1512,504,1224,1200
624 100 1512,528,1224,1200
625 100 1512,528,1224,1224
626 100 1488,552,1224,1200
627 100 1464,552,1224,1224
628 100 1464,576,1224,1200
629 100 1440,576,1224,1224
630 100 1440,600,1224,1200
631 100 1416,600,1224,1224
632 100 1392,624,1224,1200
633 100 1392,624,1224,1224
634 100 1368,648,1224,1200
635 100 1368,648,1224,1224
636 100 1344,672,1224,1200
637 100 1320,672,1224,1200
638 100 1320,696,1224,1200
639 100 1296,696,1224,1200
640 100 1272,696,1224,1224
641 100 1248,720,1224,1200
642 100 1224,720,1224,1224
643 100 1200,744,1224,1200
644 100 1200,744,1224,1200
645 100 1200,744,1224,1200
646 100 1176,744,1224,1200
647 100 1176,744,1224,1200
648 100 1176,744,1224,1200
649 100 1176,744,1224,1200
650 100 1152,744,1224,1200
651 100 1152,744,1224,1224
652 100 1152,744,1224,1224
653 100 1128,744,1224,1224
654 100 1128,744,1224,1224
655 100 1128,744,1224,1200
656 100 1104,744,1224,1224
657 100 1104,744,1224,1224
658 100 1104,744,1224,1224
659 100 1080,768,1224,1200
660 100 1080,768,1224,1200
661 100 1080,768,1224,1200
662 100 1080,744,1224,1224
663 100 1080,744,1224,1224
664 100 1080,744,1224,1224
665 100 1080,744,1224,1224
666 100 1080,768,1224,1200
667 100 1080,768,1224,1200
668 100 1056,768,1224,1200
669 100 1056,768,1224,1200
670 100 1032,768,1224,1200
671 100 1032,768,1224,1200
672 100 1008,768,1224,1224
673 100 1008,768,1224,1224
674 100 984,792,1224,1200
675 100 984,792,1224,1200
676 100 984,792,1224,1200
677 100 960,792,1224,1200
678 100 960,792,1224,1200
679 100 936,792,1224,1200
680 100 936,792,1224,1224
681 100 912,792,1224,1224
682 100 888,816,1224,1200
683 100 888,816,1224,1200
684 100 888,816,1224,1200
685 100 888,816,1224,1200
686 100 888,792,1224,1224
687 100 864,792,1224,1224
688 100 864,792,1224,1224
689 100 840,792,1224,1224
690 100 840,792,1224,1224
691 100 816,792,1224,1224
692 100 816,792,1224,1224
693 100 816,792,1224,1224
694 100 816,792,1224,1224
695 100 792,792,1224,1224
696 100 792,792,1224,1224
697 100 792,792,1224,1224
698 100 792,792,1224,1224
699 100 792,792,1224,1224
700 100 792,792,1224,1224
701 100 768,792,1224,1200
702 100 768,792,1224,1200
703 100 768,792,1224,1200
704 100 768,792,1224,1200
705 100 744,792,1224,1200
706 100 744,768,1224,1224
707 100 744,768,1224,1224
708 100 744,768,1224,1224
709 100 720,768,1224,1224
710 100 720,768,1224,1224
711 100 696,768,1224,1224
712 100 696,768,1224,1224
713 100 696,768,1224,1224
714 100 672,744,1224,1224
715 100 672,744,1224,1224
716 100 672,744,1224,1224
717 100 672,744,1224,1224
718 100 672,744,1224,1224
719 100 672,744,1224,1224
720 100 672,720,1224,1248
721 100 672,720,1224,1224
722 100 672,720,1224,1224
723 100 648,720,1224,1224
724 100 648,720,1224,1224
725 100 648,720,1224,1224
726 100 648,696,1224,1248
727 100 648,696,1224,1224
728 100 648,696,1224,1224
729 100 648,696,1224,1224
730 100 648,672,1224,1248
731 100 672,672,1224,1224
732 100 672,672,1224,1224
733 100 672,672,1224,1224
734 100 696,672,1224,1224
735 100 696,648,1224,1224
736 100 696,648,1224,1224
737 100 696,648,1224,1224
738 100 696,648,1224,1200
739 100 696,624,1224,1224
740 100 696,624,1224,1224
741 100 696,624,1224,1224
742 100 696,624,1224,1224
743 100 696,600,1224,1224
744 100 672,600,1224,1224
745 100 672,600,1224,1224
746 100 672,576,1224,1224
747 100 696,576,1224,1224
748 100 696,576,1224,1224
749 100 696,576,1224,1224
750 100 696,576,1224,1200
751 100 696,552,1224,1224
752 100 720,552,1224,1224
753 100 720,552,1224,1224
754 100 720,552,1224,1224
755 100 696,552,1224,1224
756 100 696,552,1224,1224
757 100 696,552,1224,1200
758 100 696,552,1224,1200
759 100 672,552,1224,1200
760 100 672,528,1224,1224
761 100 672,528,1224,1224
762 100 648,528,1224,1224
763 100 648,528,1224,1224
764 100 672,528,1224,1200
765 100 672,504,1224,1224
766 100 672,504,1224,1224
767 100 672,504,1224,1224
768 100 672,504,1224,1200
769 100 672,504,1224,1200
770 100 672,504,1224,1200
771 100 672,504,1224,1200
772 100 672,504,1224,1200
773 100 672,504,1224,1200
774 100 648,504,1224,1200
775 100 648,504,1224,1200
776 100 648,480,1224,1224
777 100 648,480,1224,1224
778 100 672,480,1224,1224
779 100 672,480,1224,1224
780 100 672,480,1224,1224
781 100 672,480,1224,1224
782 100 672,480,1224,1224
783 100 672,480,1224,1224
784 100 672,480,1224,1224
785 100 696,480,1224,1224
786 100 696,480,1224,1200
787 100 696,456,1224,1224
788 100 696,456,1224,1200
789 100 696,456,1224,1200
790 100 696,432,1224,1224
791 100 696,432,1224,1200
792 100 696,432,1224,1200
793 100 696,432,1224,1200
794 100 696,432,1224,1200
795 100 696,432,1224,1200
796 100 696,432,1224,1200
797 100 696,432,1224,1224
798 100 696,432,1224,1224
799 100 696,432,1224,1200
800 100 696,432,1224,1200
801 100 696,432,1224,1224
802 100 696,432,1224,1200
803 100 696,432,1224,1200
804 100 696,432,1224,1200
805 100 696,432,1224,1200
806 100 696,432,1224,1200
807 100 696,432,1224,1200
808 100 696,432,1224,1200
809 100 696,432,1224,1200
810 100 720,432,1224,1200
811 100 720,408,1224,1224
812 100 720,408,1224,1200
813 100 744,408,1224,1200
814 100 744,384,1224,1224
815 100 744,384,1224,1200
816 100 744,384,1224,1200
817 100 744,360,1224,1224
818 100 744,360,1224,1224
819 100 744,384,1224,1200
820 100 744,384,1224,1200
821 100 744,384,1224,1200
822 100 744,384,1224,1200
823 100 744,360,1224,1224
824 100 768,360,1224,1224
825 100 768,360,1224,1224
826 100 768,360,1224,1224
827 100 768,360,1224,1200
828 100 768,360,1224,1200
829 100 768,360,1224,1200
830 100 768,360,1224,1200
831 100 768,360,1224,1200
832 100 768,360,1224,1200
833 100 768,336,1224,1224
834 100 768,336,1224,1224
835 100 768,336,1224,1224
836 100 768,336,1224,1200
837 100 768,336,1224,1200
838 100 768,336,1224,1200
839 100 768,336,1224,1200
840 100 744,312,1224,1224
841 100 744,312,1224,1224
842 100 744,312,1224,1200
843 100 744,312,1224,1200
844 100 744,288,1224,1224
845 100 744,288,1224,1224
846 100 744,288,1224,1224
847 100 720,288,1224,1200
848 100 720,288,1224,1200
849 100 720,264,1224,1224
850 100 720,264,1224,1224
851 100 720,264,1224,1224
852 100 720,264,1224,1224
853 100 720,264,1224,1224
854 100 720,264,1224,1224
855 100 720,264,1224,1224
856 100 720,264,1224,1224
857 100 720,264,1224,1224
858 100 720,264,1224,1200
859 100 720,264,1224,1200
860 100 720,264,1224,1200
861 100 720,264,1224,1200
862 100 720,264,1224,1200
863 100 720,264,1224,1200
864 100 720,264,1224,1200
865 100 720,264,1224,1200
866 100 720,264,1224,1200
867 100 720,240,1224,1224
868 100 720,240,1224,1224
869 100 720,240,1224,1224
870 100 720,240,1224,1224
871 100 720,240,1224,1224
872 100 720,240,1224,1224
873 100 720,240,1224,1224
874 100 720,240,1224,1224
875 100 720,240,1224,1224
876 100 720,240,1224,1224
877 100 720,240,1224,1224
878 100 720,240,1224,1224
879 100 720,240,1224,1224
880 100 720,240,1224,1224
881 100 720,240,1224,1224
882 100 720,240,1224,1224
883 100 720,240,1224,1224
884 100 720,240,1224,1224
885 100 720,240,1224,1224
886 100 720,240,1224,1224
887 100 720,240,1224,1224
888 100 720,240,1224,1224
889 100 720,240,1224,1224
890 100 720,240,1224,1224
891 100 720,240,1224,1224
892 100 744,240,1224,1224
893 100 744,240,1224,1224
894 100 744,240,1224,1224
895 100 744,240,1224,1224
896 100 744,240,1224,1224
897 100 744,240,1224,1224
898 100 744,240,1224,1224
899 100 744,240,1224,1224
900 100 744,240,1224,1224
901 100 744,240,1224,1224
902 100 744,240,1224,1224
903 100 744,240,1224,1224
904 100 744,240,1224,1224
905 100 744,264,1224,1200
906 100 744,264,1224,1200
907 100 744,264,1224,1200
908 100 744,264,1224,1200
909 100 744,264,1224,1200
910 100 744,264,1224,1200
911 100 768,264,1224,1224
912 100 792,264,1224,1224
913 100 816,288,1224,1224
914 100 864,312,1224,1200
915 100 912,312,1224,1224
916 100 936,336,1224,1200
917 100 984,336,1224,1224
918 100 984,336,1224,1224
919 100 984,336,1224,1200
920 100 984,336,1224,1200
921 100 984,336,1224,1200
922 100 984,336,1224,1200
923 100 1008,336,1224,1224
924 100 1032,336,1224,1224
925 100 1032,360,1224,1200
926 100 1056,360,1224,1200
927 100 1056,360,1224,1200
928 100 1056,360,1224,1200
929 100 1056,360,1224,1200
930 100 1080,360,1224,1200
931 100 1080,360,1224,1200
932 100 1080,360,1224,1200
933 100 1104,360,1224,1200
934 100 1104,360,1224,1200
935 100 1104,360,1224,1200
936 100 1128,360,1224,1200
937 100 1152,360,1224,1224
938 100 1152,360,1224,1224
939 100 1176,360,1224,1224
940 100 1200,360,1224,1224
941 100 1224,360,1224,1224
942 100 1224,384,1224,1200
943 100 1224,384,1224,1200
944 100 1248,384,1224,1200
945 100 1248,384,1224,1200
946 100 1272,384,1224,1200
947 100 1272,384,1224,1200
948 100 1296,384,1224,1200
949 100 1296,384,1224,1200
950 100 1296,384,1224,1200
951 100 1296,384,1224,1224
952 100 1296,384,1224,1224
953 100 1296,384,1224,1224
954 100 1296,408,1224,1200
955 100 1296,408,1224,1200
956 100 1296,408,1224,1200
957 100 1296,408,1224,1200
958 100 1272,408,1224,1200
959 100 1272,408,1224,1224
960 100 1272,408,1224,1224
961 100 1296,432,1224,1200
962 100 1272,432,1224,1200
963 100 1272,432,1224,1200
964 100 1272,432,1224,1200
965 100 1272,432,1224,1200
966 100 1248,432,1224,1200
967 100 1248,432,1224,1200
968 100 1248,432,1224,1200
969 100 1248,432,1224,1200
970 100 1248,432,1224,1200
971 100 1248,432,1224,1200
972 100 1248,432,1224,1224
973 100 1248,432,1224,1224
974 100 1248,432,1224,1224
975 100 1248,456,1224,1200
976 100 1248,456,1224,1200
977 100 1248,456,1224,1200
978 100 1224,456,1224,1200
979 100 1224,456,1224,1200
980 100 1224,456,1224,1200
981 100 1224,456,1224,1200
982 100 1224,456,1224,1200
983 100 1224,456,1224,1224
984 100 1224,456,1224,1224
985 100 1224,456,1224,1224
986 100 1224,480,1224,1200
987 100 1224,480,1224,1200
988 100 1224,480,1224,1200
989 100 1248,480,1224,1200
990 100 1248,480,1224,1200
991 100 1248,480,1224,1200
992 100 1248,480,1224,1200
993 100 1248,480,1224,1200
994 100 1248,480,1224,1200
995 100 1248,480,1224,1200
996 100 1248,480,1224,1200
997 100 1248,480,1224,1200
998 100 1248,480,1224,1200
999 100 1248,480,1224,1200
1000 100 1248,480,1224,1200
1001 100 1248,480,1224,1200
1002 100 1248,480,1224,1200
1003 100 1248,480,1224,1200
1004 100 1248,480,1224,1200
1005 100 1248,480,1224,1200
1006 100 1248,480,1224,1200
1007 100 1248,480,1224,1200
1008 100 1248,480,1224,1200
1009 100 1248,480,1224,1224
1010 100 1248,504,1224,1200
1011 100 1248,504,1224,1200
1012 100 1248,504,1224,1200
1013 100 1248,504,1224,1200
1014 100 1248,504,1224,1200
1015 100 1248,504,1224,1200
1016 100 1248,504,1224,1200
1017 100 1272,504,1224,1200
1018 100 1272,504,1224,1200
1019 100 1272,504,1224,1200
1020 100 1272,504,1224,1200
1021 100 1272,504,1224,1200
1022 100 1272,504,1224,1200
1023 100 1272,480,1224,1224
1024 100 1272,480,1224,1224
1025 100 1272,480,1224,1224
1026 100 1272,480,1224,1224
1027 100 1272,480,1224,1200
1028 100 1272,480,1224,1200
1029 100 1272,480,1224,1200
1030 100 1272,480,1224,1200
1031 100 1272,480,1224,1200
1032 100 1272,480,1224,1200
1033 100 1272,480,1224,1200
1034 100 1296,480,1224,1224
1035 100 1296,504,1224,1200
1036 100 1296,504,1224,1200
1037 100 1296,504,1224,1200
1038 100 1296,504,1224,1200
1039 100 1296,504,1224,1200
1040 100 1296,504,1224,1200
1041 100 1272,504,1224,1200
1042 100 1272,504,1224,1200
1043 100 1272,504,1224,1200
1044 100 1296,504,1224,1200
1045 100 1296,504,1224,1200
1046 100 1296,504,1224,1200
1047 100 1296,504,1224,1200
1048 100 1296,504,1224,1200
1049 100 1296,504,1224,1200
1050 100 1296,504,1224,1200
1051 100 1296,480,1224,1224
1052 100 1296,480,1224,1224
1053 100 1296,480,1224,1200
1054 100 1296,480,1224,1200
1055 100 1296,480,1224,1200
1056 100 1296,480,1224,1200
1057 100 1296,480,1224,1200
1058 100 1296,480,1224,1200
1059 100 1296,480,1224,1224
1060 100 1296,480,1224,1224
1061 100 1296,480,1224,1200
1062 100 1296,480,1224,1200
1063 100 1296,480,1224,1200
1064 100 1296,480,1224,1200
1065 100 1296,480,1224,1200
1066 100 1296,480,1224,1200
1067 100 1296,480,1224,1200
1068 100 1296,480,1224,1200
1069 100 1296,480,1224,1200
1070 100 1296,480,1224,1200
1071 100 1296,480,1224,1200
1072 100 1296,480,1224,1200
1073 100 1296,480,1224,1200
1074 100 1296,480,1224,1200
1075 100 1296,480,1224,1200
1076 100 1296,480,1224,1200
1077 100 1296,480,1224,1200
1078 100 1296,480,1224,1200
1079 100 1296,480,1224,1200
1080 100 1296,480,1224,1200
1081 100 1296,480,1224,1200
1082 100 1296,480,1224,1200
1083 100 1296,480,1224,1200
1084 100 1296,480,1224,1200
1085 100 1320,480,1224,1200
1086 100 1320,480,1224,1200
1087 100 1320,480,1224,1200
1088 100 1320,480,1224,1200
1089 100 1320,480,1224,1200
1090 100 1320,480,1224,1200
1091 100 1320,480,1224,1200
1092 100 1296,480,1224,1200
1093 100 1296,480,1224,1200
1094 100 1296,480,1224,1200
1095 100 1296,480,1224,1200
1096 100 1296,480,1224,1200
1097 100 1296,480,1224,1200
1098 100 1320,480,1224,1200
1099 100 1320,480,1224,1200
1100 100 1320,480,1224,1200
1101 100 1320,480,1224,1200
1102 100 1296,480,1224,1200
1103 100 1296,480,1224,1200
1104 100 1296,480,1224,1200
1105 100 1296,480,1224,1200
1106 100 1296,480,1224,1200
1107 100 1296,480,1224,1200
1108 100 1296,480,1224,1200
1109 100 1296,480,1224,1200
1110 100 1296,480,1224,1200
1111 100 1296,480,1224,1200
1112 100 1296,480,1224,1200
1113 100 1296,480,1224,1200
1114 100 1296,480,1224,1200
1115 100 1296,480,1224,1200
1116 100 1296,480,1224,1200
1117 100 1296,480,1224,1200
1118 100 1296,480,1224,1200
1119 100 1296,480,1224,1200
1120 100 1296,480,1224,1200
1121 100 1296,480,1224,1200
1122 100 1296,480,1224,1200
1123 100 1296,480,1224,1200
1124 100 1296,480,1224,1200
1125 100 1296,480,1224,1200
1126 100 1296,480,1224,1200
1127 100 1296,480,1224,1200
1128 100 1296,480,1224,1200
1129 100 1296,480,1224,1200
1130 100 1296,480,1224,1200
1131 100 1296,480,1224,1200
1132 100 1296,480,1224,1200
1133 100 1296,480,1224,1200
1134 100 1296,480,1224,1200
1135 100 1296,480,1224,1200
1136 100 1296,480,1224,1200
1137 100 1296,480,1224,1200
1138 100 1296,480,1224,1200
1139 100 1296,480,1224,1200
1140 100 1296,480,1224,1200
1141 100 1296,480,1224,1200
1142 100 1296,480,1224,1200
1143 100 1296,480,1224,1200
1144 100 1296,480,1224,1200
1145 100 1296,480,1224,1200
1146 100 1296,480,1224,1200
1147 100 1272,480,1224,1200
1148 100 1272,480,1224,1200
1149 100 1272,480,1224,1200
1150 100 1272,480,1224,1200
1151 100 1272,480,1224,1200
1152 100 1272,480,1224,1224
1153 100 1272,480,1224,1224
1154 100 1272,480,1224,1224
1155 100 1272,480,1224,1224
1156 100 1272,480,1224,1224
1157 100 1272,480,1224,1224
1158 100 1272,480,1224,1224
1159 100 1272,480,1224,1200
1160 100 1272,480,1224,1224
1161 100 1272,480,1224,1200
1162 100 1272,480,1224,1200
1163 100 1272,480,1224,1224
1164 100 1272,480,1224,1224
1165 100 1272,480,1224,1224
1166 100 1272,480,1224,1224
1167 100 1272,480,1224,1224
1168 100 1272,480,1224,1224
1169 100 1272,480,1224,1224
1170 100 1272,480,1224,1224
1171 100 1272,480,1224,1224
1172 100 1272,480,1224,1224
1173 100 1272,480,1224,1224
1174 100 1272,480,1224,1224
1175 100 1272,480,1224,1224
1176 100 1272,480,1224,1224
1177 100 1272,480,1224,1224
1178 100 1272,480,1224,1224
1179 100 1272,480,1224,1224
1180 100 1272,480,1224,1224
1181 100 1272,480,1224,1224
1182 100 1272,480,1224,1224
1183 100 1272,480,1224,1224
1184 100 1272,480,1224,1224
1185 100 1272,480,1224,1224
1186 100 1272,480,1224,1224
1187 100 1272,480,1224,1224
1188 100 1272,480,1224,1224
1189 100 1272,480,1224,1224
1190 100 1272,480,1224,1224
1191 100 1272,480,1224,1224
1192 100 1272,480,1224,1224
1193 100 1272,480,1224,1224
1194 100 1272,480,1224,1224
1195 100 1272,480,1224,1224
1196 100 1272,480,1224,1224
1197 100 1272,480,1224,1224
1198 100 1272,480,1224,1224
1199 100 1272,480,1224,1224
1200 100 1248,480,1224,1224
1201 100 1248,480,1224,1224
1202 100 1272,480,1224,1224
1203 100 1248,480,1224,1224
1204 100 1272,480,1224,1224
1205 100 1272,504,1224,1200
1206 100 1272,504,1224,1200
1207 100 1272,504,1224,1200
1208 100 1272,504,1224,1200
1209 100 1248,504,1224,1200
1210 100 1248,504,1224,1200
1211 100 1248,504,1224,1200
1212 100 1248,504,1224,1200
1213 100 1248,504,1224,1200
1214 100 1248,504,1224,1200
1215 100 1248,504,1224,1200
1216 100 1248,504,1224,1200
1217 100 1248,504,1224,1200
1218 100 1248,504,1224,1200
1219 100 1248,504,1224,1200
1220 100 1248,504,1224,1200
1221 100 1248,504,1224,1200
1222 100 1248,504,1224,1200
1223 100 1248,504,1224,1200
1224 100 1248,504,1224,1200
1225 100 1248,504,1224,1200
1226 100 1248,504,1224,1200
1227 100 1248,504,1224,1200
1228 100 1248,504,1224,1200
1229 100 1248,504,1224,1200
1230 100 1248,504,1224,1200
1231 100 1248,504,1224,1200
1232 100 1248,504,1224,1200
1233 100 1248,504,1224,1200
1234 100 1248,504,1224,1200
1235 100 1248,504,1224,1200
1236 100 1248,504,1224,1200
1237 100 1248,504,1224,1200
1238 100 1224,504,1224,1200
1239 100 1224,504,1224,1224
1240 100 1224,504,1224,1224
1241 100 1224,504,1224,1224
1242 100 1200,528,1224,1200
1243 100 1200,528,1224,1200
1244 100 1200,528,1224,1200
1245 100 1200,528,1224,1200
1246 100 1200,528,1224,1200
1247 100 1176,528,1224,1200
1248 100 1176,528,1224,1200
1249 100 1176,528,1224,1200
1250 100 1176,528,1224,1200
1251 100 1176,528,1224,1200
1252 100 1176,528,1224,1200
1253 100 1176,528,1224,1224
1254 100 1176,528,1224,1224
1255 100 1176,528,1224,1224
1256 100 1152,528,1224,1224
1257 100 1152,528,1224,1224
1258 100 1152,528,1224,1224
1259 100 1152,528,1224,1224
1260 100 1128,528,1224,1224
1261 100 1128,528,1224,1224
1262 100 1128,552,1224,1200
1263 100 1128,552,1224,1200
1264 100 1104,552,1224,1200
1265 100 1104,552,1224,1200
1266 100 1104,552,1224,1200
1267 100 1104,552,1224,1200
1268 100 1104,552,1224,1200
1269 100 1104,552,1224,1200
1270 100 1080,552,1224,1200
1271 100 1080,552,1224,1200
1272 100 1080,552,1224,1200
1273 100 1080,552,1224,1200
1274 100 1080,552,1224,1200
1275 100 1080,552,1224,1200
1276 100 1080,552,1224,1200
1277 100 1080,552,1224,1200
1278 100 1080,552,1224,1200
1279 100 1056,552,1224,1200
1280 100 1080,552,1224,1200
1281 100 1080,552,1224,1200
1282 100 1080,552,1224,1200
1283 100 1080,552,1224,1200
1284 100 1080,552,1224,1200
1285 100 1080,552,1224,1200
1286 100 1080,552,1224,1200
1287 100 1080,552,1224,1200
1288 100 1080,552,1224,1200
1289 100 1080,552,1224,1200
1290 100 1080,552,1224,1200
1291 100 1080,552,1224,1200
1292 100 1080,552,1224,1200
1293 100 1080,552,1224,1200
1294 100 1080,552,1224,1200
1295 100 1080,552,1224,1200
1296 100 1080,552,1224,1200
1297 100 1080,552,1224,1200
1298 100 1104,552,1224,1200
1299 100 1104,552,1224,1200
1300 100 1104,552,1224,1200
1301 100 1104,552,1224,1200
1302 100 1104,552,1224,1200
1303 100 1104,552,1224,1200
1304 100 1104,552,1224,1200
1305 100 1104,552,1224,1200
1306 100 1104,552,1224,1200
1307 100 1104,552,1224,1200
1308 100 1104,552,1224,1200
1309 100 1104,552,1224,1200
1310 100 1104,552,1224,1200
1311 100 1104,552,1224,1200
1312 100 1104,552,1224,1224
1313 100 1104,576,1224,1200
1314 100 1104,576,1224,1224
1315 100 1104,600,1224,1200
1316 100 1104,600,1224,1200
1317 100 1104,600,1224,1224
1318 100 1104,624,1224,1200
1319 100 1104,624,1224,1200
1320 100 1104,624,1224,1224
1321 100 1104,624,1224,1224
1322 100 1104,648,1224,1200
1323 100 1104,648,1224,1200
1324 100 1104,648,1224,1200
1325 100 1104,648,1224,1224
1326 100 1104,672,1224,1200
1327 100 1080,696,1224,1200
1328 100 1080,696,1224,1224
1329 100 1056,720,1224,1200
1330 100 1056,744,1224,1200
1331 100 1056,744,1224,1200
1332 100 1056,744,1224,1200
1333 100 1032,744,1224,1224
1334 100 1032,768,1224,1200
1335 100 1032,768,1224,1200
1336 100 1032,768,1224,1200
1337 100 1032,768,1224,1224
1338 100 1032,768,1224,1224
1339 100 1032,792,1224,1200
1340 100 1032,792,1224,1200
1341 100 1008,792,1224,1200
1342 100 1008,792,1224,1200
1343 100 1008,792,1224,1200
1344 100 1008,792,1224,1200
1345 100 1008,792,1224,1200
1346 100 1008,792,1224,1200
1347 100 1008,792,1224,1200
1348 100 1008,792,1224,1224
1349 100 1008,792,1224,1224
1350 100 1032,792,1224,1200
1351 100 1032,792,1224,1200
1352 100 1032,792,1224,1200
1353 100 1056,768,1224,1224
1354 100 1056,768,1224,1224
1355 100 1056,768,1224,1224
1356 100 1056,768,1224,1224
1357 100 1080,768,1224,1200
1358 100 1080,768,1224,1200
1359 100 1080,768,1224,1200
1360 100 1104,768,1224,1200
1361 100 1104,744,1224,1224
1362 100 1152,744,1224,1200
1363 100 1152,720,1224,1224
1364 100 1176,720,1224,1224
1365 100 1200,720,1224,1200
1366 100 1224,720,1224,1200
1367 100 1224,696,1224,1224
1368 100 1248,696,1224,1224
1369 100 1248,696,1224,1224
1370 100 1248,696,1224,1224
1371 100 1248,696,1224,1224
1372 100 1248,696,1224,1224
1373 100 1224,720,1224,1200
1374 100 1224,720,1224,1200
1375 100 1224,720,1224,1200
1376 100 1224,720,1224,1200
1377 100 1248,696,1224,1224
1378 100 1248,696,1224,1224
1379 100 1248,696,1224,1224
1380 100 1248,696,1224,1224
1381 100 1248,696,1224,1224
1382 100 1248,696,1224,1224
1383 100 1248,696,1224,1224
1384 100 1248,696,1224,1224
1385 100 1272,696,1224,1224
1386 100 1272,696,1224,1224
1387 100 1272,696,1224,1224
1388 100 1296,696,1224,1224
1389 100 1320,696,1224,1200
1390 100 1320,696,1224,1200
1391 100 1344,696,1224,1200
1392 100 1344,696,1224,1200
1393 100 1368,696,1224,1200
1394 100 1368,672,1224,1224
1395 100 1392,672,1224,1224
1396 100 1392,672,1224,1224
1397 100 1416,672,1224,1224
1398 100 1416,672,1224,1224
1399 100 1416,672,1224,1224
1400 100 1416,672,1224,1224
1401 100 1440,672,1224,1224
1402 100 1440,672,1224,1224
1403 100 1440,672,1224,1200
1404 100 1440,672,1224,1200
1405 100 1440,672,1224,1200
1406 100 1440,672,1224,1200
1407 100 1440,672,1224,1200
1408 100 1440,672,1224,1224
1409 100 1440,672,1224,1224
1410 100 1440,672,1224,1224
1411 100 1440,672,1224,1224
1412 100 1440,672,1224,1224
1413 100 1440,672,1224,1200
1414 100 1440,672,1224,1200
1415 100 1440,672,1224,1200
1416 100 1440,672,1224,1200
1417 100 1440,672,1224,1200
1418 100 1440,672,1224,1200
1419 100 1440,672,1224,1200
1420 100 1440,672,1224,1200
1421 100 1440,672,1224,1200
1422 100 1440,672,1224,1200
1423 100 1440,672,1224,1200
1424 100 1440,672,1224,1200
1425 100 1440,672,1224,1200
1426 100 1440,672,1224,1200
1427 100 1440,672,1224,1200
1428 100 1440,672,1224,1200
1429 100 1440,672,1224,1200
1430 100 1440,672,1224,1200
1431 100 1440,648,1224,1224
1432 100 1464,648,1224,1200
1433 100 1464,624,1224,1224
1434 100 1464,624,1224,1200
1435 100 1488,624,1224,1200
1436 100 1488,600,1224,1224
1437 100 1488,600,1224,1200
1438 100 1488,600,1224,1200
1439 100 1488,576,1224,1224
1440 100 1512,576,1224,1200
1441 100 1512,576,1224,1200
1442 100 1512,552,1224,1224
1443 100 1512,552,1224,1200
1444 100 1512,528,1224,1224
1445 100 1512,528,1224,1200
1446 100 1512,504,1224,1224
1447 100 1512,504,1224,1200
1448 100 1488,504,1224,1200
1449 100 1488,480,1224,1224
1450 100 1488,480,1224,1224
1451 100 1488,480,1224,1224
1452 100 1488,480,1224,1224
1453 100 1488,480,1224,1224
1454 100 1488,480,1224,1224
1455 100 1488,480,1224,1224
1456 100 1488,504,1224,1200
1457 100 1488,504,1224,1200
1458 100 1488,504,1224,1224
1459 100 1488,504,1224,1224
1460 100 1488,504,1224,1224
1461 100 1488,504,1224,1224
1462 100 1488,504,1224,1224
1463 100 1488,504,1224,1224
1464 100 1488,504,1224,1224
1465 100 1488,504,1224,1224
1466 100 1488,504,1224,1200
1467 100 1488,504,1224,1200
1468 100 1488,504,1224,1200
1469 100 1488,504,1224,1200
1470 100 1488,504,1224,1200
1471 100 1488,504,1224,1200
1472 100 1488,504,1224,1200
1473 100 1488,480,1224,1224
1474 100 1488,480,1224,1224
1475 100 1488,480,1224,1224
1476 100 1488,480,1224,1224
1477 100 1488,480,1224,1224
1478 100 1464,480,1224,1200
1479 100 1464,480,1224,1200
1480 100 1464,480,1224,1200
1481 100 1464,456,1224,1224
1482 100 1464,480,1224,1200
1483 100 1464,480,1224,1200
1484 100 1464,480,1224,1200
1485 100 1464,480,1224,1200
1486 100 1464,480,1224,1200
1487 100 1464,480,1224,1200
1488 100 1464,480,1224,1200
1489 100 1464,480,1224,1200
1490 100 1464,480,1224,1200
1491 100 1464,480,1224,1200
1492 100 1464,480,1224,1200
1493 100 1464,480,1224,1200
1494 100 1464,480,1224,1200
1495 100 1464,480,1224,1200
1496 100 1464,480,1224,1200
1497 100 1464,480,1224,1200
1498 100 1464,480,1224,1200
1499 100 1464,480,1224,1200
1500 100 1464,480,1224,1200
1501 100 1464,480,1224,1200
1502 100 1464,480,1224,1200
1503 100 1464,480,1224,1200
1504 100 1464,480,1224,1200
1505 100 1464,480,1224,1224
1506 100 1464,480,1224,1224
1507 100 1464,480,1224,1224
1508 100 1464,480,1224,1224
1509 100 1488,480,1224,1224
1510 100 1488,480,1224,1224
1511 100 1488,504,1224,1200
1512 100 1488,504,1224,1200
1513 100 1488,504,1224,1200
1514 100 1488,504,1224,1200
1515 100 1488,504,1224,1200
1516 100 1488,504,1224,1200
1517 100 1488,504,1224,1200
1518 100 1488,504,1224,1200
1519 100 1488,504,1224,1200
1520 100 1488,504,1224,1200
1521 100 1488,504,1224,1200
1522 100 1488,504,1224,1200
1523 100 1488,504,1224,1224
1524 100 1488,504,1224,1224
1525 100 1488,504,1224,1224
1526 100 1488,504,1224,1224
1527 100 1488,528,1224,1200
1528 100 1488,528,1224,1200
1529 100 1488,528,1224,1200
1530 100 1488,528,1224,1200
1531 100 1488,528,1224,1200
1532 100 1488,528,1224,1200
1533 100 1488,528,1224,1200
1534 100 1488,528,1224,1200
1535 100 1488,528,1224,1200
1536 100 1488,528,1224,1200
1537 100 1488,528,1224,1224
1538 100 1488,528,1224,1224
1539 100 1488,528,1224,1224
1540 100 1488,552,1224,1200
1541 100 1488,552,1224,1200
1542 100 1488,552,1224,1224
1543 100 1464,576,1224,1200
1544 100 1464,576,1224,1224
1545 100 1464,600,1224,1200
1546 100 1440,600,1224,1200
1547 100 1440,600,1224,1224
1548 100 1440,600,1224,1224
1549 100 1440,624,1224,1200
1550 100 1440,624,1224,1200
1551 100 1440,624,1224,1200
1552 100 1440,624,1224,1224
1553 100 1464,624,1224,1224
1554 100 1464,648,1224,1200
1555 100 1464,648,1224,1200
1556 100 1464,648,1224,1200
1557 100 1488,648,1224,1200
1558 100 1488,648,1224,1200
1559 100 1488,648,1224,1200
1560 100 1488,648,1224,1200
1561 100 1488,648,1224,1200
1562 100 1488,648,1224,1200
1563 100 1488,648,1224,1224
1564 100 1488,648,1224,1224
1565 100 1488,672,1224,1200
1566 100 1488,672,1224,1200
1567 100 1488,672,1224,1200
1568 100 1488,672,1224,1200
1569 100 1488,672,1224,1200
1570 100 1488,672,1224,1224
1571 100 1488,672,1224,1224
1572 100 1512,696,1224,1200
1573 100 1512,696,1224,1200
1574 100 1512,696,1224,1200
1575 100 1536,696,1224,1200
1576 100 1536,696,1224,1200
1577 100 1536,696,1224,1224
1578 100 1536,696,1224,1224
1579 100 1560,720,1224,1200
1580 100 1560,720,1224,1200
1581 100 1560,720,1224,1200
1582 100 1584,720,1224,1200
1583 100 1584,720,1224,1200
1584 100 1584,720,1224,1224
1585 100 1584,720,1224,1224
1586 100 1584,720,1224,1224
1587 100 1584,720,1224,1224
1588 100 1584,720,1224,1224
1589 100 1608,744,1224,1200
1590 100 1608,744,1224,1200
1591 100 1608,744,1224,1200
1592 100 1632,744,1224,1200
1593 100 1632,720,1224,1224
1594 100 1656,720,1224,1224
1595 100 1656,720,1224,1224
1596 100 1656,720,1224,1224
1597 100 1680,720,1224,1224
1598 100 1680,720,1224,1224
1599 100 1680,744,1224,1200
1600 100 1680,720,1224,1224
1601 100 1680,744,1224,1200
1602 100 1680,744,1224,1200
1603 100 1680,744,1224,1224
1604 100 1680,744,1224,1224
1605 100 1680,744,1224,1224
1606 100 1680,744,1224,1224
1607 100 1680,744,1224,1224
1608 100 1680,768,1224,1200
1609 100 1680,768,1224,1224
1610 100 1680,768,1224,1224
1611 100 1680,768,1224,1224
1612 100 1680,768,1224,1224
1613 100 1680,768,1224,1224
1614 100 1680,768,1224,1224
1615 100 1680,768,1224,1224
1616 100 1680,768,1224,1224
1617 100 1680,768,1224,1248
1618 100 1680,792,1224,1224
1619 100 1656,792,1224,1224
1620 100 1656,792,1224,1224
1621 100 1656,792,1224,1224
1622 100 1656,792,1224,1224
1623 100 1656,792,1224,1224
1624 100 1656,792,1224,1224
1625 100 1656,792,1224,1224
1626 100 1656,792,1224,1248
1627 100 1656,792,1224,1248
1628 100 1656,792,1224,1248
1629 100 1656,792,1224,1248
1630 100 1680,792,1224,1248
1631 100 1680,792,1224,1248
1632 100 1680,792,1224,1248
1633 100 1704,792,1224,1248
1634 100 1704,792,1224,1248
1635 100 1728,768,1224,1248
1636 100 1752,768,1224,1248
1637 100 1776,744,1224,1248
1638 100 1824,744,1224,1248
1639 100 1848,720,1224,1272
1640 100 1848,720,1224,1248
1641 100 1872,720,1224,1248
1642 100 1872,720,1224,1248
1643 100 1872,720,1224,1248
1644 100 1896,696,1224,1272
1645 100 1896,696,1224,1272
1646 100 1896,696,1224,1272
1647 100 1920,696,1224,1272
1648 100 1944,696,1224,1272
1649 100 1944,672,1224,1296
1650 100 1944,672,1224,1296
1651 100 1968,672,1224,1272
1652 100 1968,672,1224,1272
1653 100 1968,672,1224,1272
1654 100 1992,672,1224,1272
1655 100 1992,672,1224,1272
1656 100 1992,672,1224,1272
1657 100 1992,672,1224,1272
1658 100 1992,672,1224,1272
1659 100 1968,672,1224,1296
1660 100 1968,672,1224,1296
1661 100 1968,672,1224,1296
1662 100 1968,672,1224,1296
1663 100 1968,672,1224,1296
1664 100 1968,672,1224,1296
1665 100 1968,672,1224,1296
1666 100 1968,672,1224,1296
1667 100 1992,672,1224,1296
1668 100 1968,672,1224,1296
1669 100 1968,672,1224,1296
1670 100 1968,672,1224,1296
1671 100 1968,672,1224,1296
1672 100 1968,672,1224,1296
1673 100 1968,672,1224,1296
1674 100 1968,672,1224,1296
1675 100 1968,672,1224,1296
1676 100 1968,672,1224,1296
1677 100 1968,672,1224,1296
1678 100 1968,672,1224,1296
1679 100 1968,672,1224,1296
1680 100 1968,696,1224,1272
1681 100 1968,696,1224,1272
1682 100 1968,696,1224,1272
1683 100 1968,696,1224,1272
1684 100 1968,696,1224,1272
1685 100 1968,696,1224,1272
1686 100 1968,696,1224,1272
1687 100 1968,696,1224,1272
1688 100 1968,696,1224,1272
1689 100 1968,696,1224,1272
1690 100 1968,696,1224,1272
1691 100 1968,696,1224,1272
1692 100 1968,696,1224,1272
1693 100 1968,696,1224,1272
1694 100 1968,696,1224,1272
1695 100 1944,696,1224,1272
1696 100 1944,696,1224,1272
1697 100 1944,696,1224,1272
1698 100 1944,696,1224,1272
1699 100 1920,696,1224,1272
1700 100 1920,696,1224,1272
1701 100 1920,696,1224,1272
1702 100 1920,696,1224,1272
1703 100 1920,696,1224,1272
1704 100 1920,696,1224,1272
1705 100 1944,696,1224,1272
1706 100 1944,696,1224,1272
1707 100 1920,696,1224,1272
1708 100 1920,696,1224,1272
1709 100 1920,696,1224,1272
1710 100 1920,696,1224,1272
1711 100 1920,696,1224,1272
1712 100 1920,696,1224,1272
1713 100 1920,696,1224,1272
1714 100 1920,696,1224,1272
1715 100 1920,696,1224,1272
1716 100 1920,696,1224,1248
1717 100 1920,696,1224,1248
1718 100 1920,696,1224,1248
1719 100 1896,696,1224,1248
1720 100 1896,696,1224,1248
1721 100 1872,696,1224,1248
1722 100 1848,696,1224,1248
1723 100 1848,696,1224,1248
1724 100 1848,696,1224,1248
1725 100 1824,696,1224,1248
1726 100 1824,696,1224,1224
1727 100 1824,696,1224,1224
1728 100 1848,672,1224,1248
1729 100 1848,672,1224,1248
1730 100 1848,672,1224,1248
1731 100 1848,672,1224,1248
1732 100 1848,672,1224,1224
1733 100 1848,672,1224,1224
1734 100 1848,672,1224,1224
1735 100 1848,672,1224,1224
1736 100 1848,672,1224,1224
1737 100 1848,648,1224,1248
1738 100 1848,648,1224,1248
1739 100 1848,648,1224,1248
1740 100 1848,648,1224,1224
1741 100 1824,648,1224,1224
1742 100 1824,648,1224,1224
1743 100 1824,648,1224,1224
1744 100 1824,648,1224,1224
1745 100 1824,648,1224,1224
1746 100 1824,648,1224,1224
1747 100 1824,648,1224,1224
1748 100 1824,624,1224,1224
1749 100 1824,624,1224,1224
1750 100 1824,624,1224,1224
1751 100 1824,624,1224,1224
1752 100 1824,624,1224,1224
1753 100 1824,624,1224,1224
1754 100 1824,624,1224,1224
1755 100 1824,624,1224,1224
1756 100 1824,624,1224,1224
1757 100 1824,624,1224,1224
1758 100 1824,624,1224,1224
1759 100 1824,624,1224,1224
1760 100 1824,600,1224,1224
1761 100 1824,600,1224,1224
1762 100 1824,600,1224,1224
1763 100 1824,600,1224,1200
1764 100 1824,576,1224,1224
1765 100 1848,576,1224,1224
1766 100 1824,576,1224,1224
1767 100 1824,552,1224,1224
1768 100 1824,552,1224,1224
1769 100 1824,552,1224,1224
1770 100 1800,528,1224,1224
1771 100 1800,528,1224,1224
1772 100 1800,528,1224,1224
1773 100 1800,528,1224,1224
1774 100 1800,528,1224,1224
1775 100 1776,528,1224,1200
1776 100 1776,504,1224,1224
1777 100 1776,504,1224,1224
1778 100 1752,504,1224,1200
1779 100 1752,480,1224,1224
1780 100 1752,480,1224,1224
1781 100 1728,480,1224,1224
1782 100 1728,456,1224,1224
1783 100 1728,456,1224,1224
1784 100 1704,456,1224,1224
1785 100 1704,456,1224,1224
1786 100 1704,456,1224,1200
1787 100 1704,432,1224,1224
1788 100 1704,432,1224,1224
1789 100 1680,432,1224,1224
1790 100 1680,432,1224,1224
1791 100 1680,432,1224,1224
1792 100 1680,432,1224,1224
1793 100 1680,432,1224,1200
1794 100 1656,432,1224,1200
1795 100 1656,408,1224,1224
1796 100 1656,408,1224,1224
1797 100 1632,408,1224,1224
1798 100 1632,408,1224,1224
1799 100 1632,408,1224,1224
