0 100 1176,384,1224,1200
1 100 1176,384,1224,1200
2 100 1176,384,1224,1200
3 100 1152,384,1224,1200
4 100 1152,384,1224,1200
5 100 1152,384,1224,1200
6 100 1152,384,1224,1200
7 100 1152,384,1224,1200
8 100 1152,384,1224,1200
9 100 1152,384,1224,1200
10 100 1152,384,1224,1200
11 100 1152,384,1224,1200
12 100 1152,384,1224,1200
13 100 1152,384,1224,1200
14 100 1152,384,1224,1200
15 100 1152,384,1224,1224
16 100 1152,384,1224,1224
17 100 1152,384,1224,1224
18 100 1152,384,1224,1224
19 100 1152,384,1224,1224
20 100 1152,384,1224,1224
21 100 1152,384,1224,1224
22 100 1152,408,1224,1200
23 100 1152,408,1224,1200
24 100 1152,408,1224,1200
25 100 1152,408,1224,1200
26 100 1152,408,1224,1200
27 100 1152,408,1224,1200
28 100 1152,408,1224,1200
29 100 1152,408,1224,1224
30 100 1176,432,1224,1200
31 100 1176,456,1224,1200
32 100 1176,456,1224,1224
33 100 1176,480,1224,1200
34 100 1176,504,1224,1200
35 100 1176,504,1224,1200
36 100 1200,528,1224,1200
37 100 1176,552,1224,1200
38 100 1176,552,1224,1224
39 100 1152,600,1224,1200
40 100 1152,600,1224,1224
41 100 1128,648,1224,1200
42 100 1104,672,1224,1224
43 100 1080,720,1224,1200
44 100 1032,792,1224,1200
45 100 1008,816,1224,1224
46 100 984,864,1224,1200
47 100 984,864,1224,1224
48 100 984,864,1224,1200
49 100 984,864,1224,1200
50 100 984,864,1224,1224
51 100 936,888,1224,1200
52 100 936,888,1224,1224
53 100 888,912,1224,1224
54 100 864,936,1224,1200
55 100 816,960,1224,1200
56 100 696,984,1224,1176
57 100 0,1008,1224,1152
58 100 0,1032,1224,1128
59 100 0,1032,1224,1128
60 100 0,1056,1224,1104
61 100 0,1056,1224,1104
62 100 0,1056,1224,1104
63 100 0,1080,1224,1080
64 100 0,1080,1224,1080
65 100 0,1080,1224,1080
66 100 0,1104,1224,1056
67 100 0,1104,1224,1056
68 100 0,1128,1224,1032
69 100 0,1152,1224,1008
70 100 0,1176,1224,984
71 100 0,1200,1224,960
72 100 0,1200,1224,960
73 100 0,1200,1224,960
74 100 0,1200,1224,960
75 100 0,1224,1224,936
76 100 0,1224,1224,936
77 100 0,1224,1224,936
78 100 0,1224,1224,936
79 100 0,1224,1224,936
80 100 0,1248,1224,912
81 100 0,1272,1224,888
82 100 0,1272,1224,888
83 100 0,1272,1224,888
84 100 0,1296,1224,864
85 100 0,1296,1224,864
86 100 0,1296,1224,864
87 100 0,1296,1224,864
88 100 0,1296,1224,864
89 100 0,1296,1224,864
90 100 0,1296,1224,864
91 100 0,1296,1224,864
92 100 0,1296,1224,864
93 100 0,1296,1224,864
94 100 0,1296,1224,864
95 100 0,1296,1224,864
96 100 0,1272,1224,888
97 100 0,1272,1224,888
98 100 0,1272,1224,888
99 100 0,1272,1224,888
100 100 0,1272,1224,888
101 100 0,1272,1224,888
102 100 0,1272,1224,888
103 100 0,1272,1224,888
104 100 0,1272,1224,888
105 100 0,1272,1224,888
106 100 0,1272,1224,888
107 100 0,1272,1224,888
108 100 0,1272,1224,888
109 100 0,1272,1224,888
110 100 0,1272,1224,888
111 100 0,1272,1224,888
112 100 0,1272,1224,888
113 100 0,1272,1224,888
114 100 0,1272,1224,888
115 100 0,1248,1224,912
116 100 0,1248,1224,912
117 100 0,1248,1224,912
118 100 0,1248,1224,912
119 100 0,1248,1224,912
120 100 0,1248,1224,912
121 100 0,1248,1224,912
122 100 0,1224,1224,936
123 100 0,1224,1224,936
124 100 0,1224,1224,936
125 100 0,1224,1224,936
126 100 0,1224,1224,936
127 100 0,1224,1224,936
128 100 0,1200,1224,960
129 100 0,1200,1224,960
130 100 0,1200,1224,960
131 100 0,1200,1224,960
132 100 0,1200,1224,960
133 100 0,1200,1224,960
134 100 0,1176,1224,984
135 100 0,1176,1224,984
136 100 0,1176,1224,984
137 100 0,1176,1224,984
138 100 0,1176,1224,984
139 100 0,1200,1224,960
140 100 0,1200,1224,960
141 100 0,1200,1224,960
142 100 0,1200,1224,960
143 100 0,1200,1224,960
144 100 0,1224,1224,936
145 100 0,1224,1224,936
146 100 0,1248,1224,912
147 100 0,1248,1224,912
148 100 0,1248,1224,912
149 100 0,1248,1224,912
150 100 0,1248,1224,912
151 100 0,1248,1224,912
152 100 0,1248,1224,912
153 100 0,1248,1224,912
154 100 0,1224,1224,936
155 100 0,1224,1224,936
156 100 0,1224,1224,936
157 100 0,1248,1224,912
158 100 0,1248,1224,912
159 100 0,1248,1224,912
160 100 0,1248,1224,912
161 100 0,1248,1224,912
162 100 0,1248,1224,912
163 100 0,1248,1224,912
164 100 0,1248,1224,912
165 100 0,1248,1224,912
166 100 0,1248,1224,912
167 100 0,1248,1224,912
168 100 0,1248,1224,912
169 100 0,1248,1224,912
170 100 0,1248,1224,912
171 100 0,1248,1224,912
172 100 0,1248,1224,912
173 100 0,1248,1224,912
174 100 0,1248,1224,912
175 100 0,1248,1224,912
176 100 0,1248,1224,912
177 100 0,1248,1224,912
178 100 0,1248,1224,912
179 100 0,1248,1224,912
180 100 0,1248,1224,912
181 100 0,1248,1224,912
182 100 0,1248,1224,912
183 100 0,1248,1224,912
184 100 0,1248,1224,912
185 100 0,1248,1224,912
186 100 0,1248,1224,912
187 100 0,1248,1224,912
188 100 0,1248,1224,912
189 100 0,1248,1224,912
190 100 0,1224,1224,936
191 100 0,1224,1224,936
192 100 0,1224,1224,936
193 100 0,1224,1224,936
194 100 0,1200,1224,960
195 100 0,1200,1224,960
196 100 0,1200,1224,960
197 100 0,1200,1224,960
198 100 0,1200,1224,960
199 100 0,1200,1224,960
200 100 0,1200,1224,960
201 100 0,1200,1224,960
202 100 0,1200,1224,960
203 100 0,1200,1224,960
204 100 0,1200,1224,960
205 100 0,1200,1224,960
206 100 0,1200,1224,960
207 100 0,1200,1224,960
208 100 0,1200,1224,960
209 100 0,1200,1224,960
210 100 0,1176,1224,984
211 100 0,1176,1224,984
212 100 0,1176,1224,984
213 100 0,1176,1224,984
214 100 0,1176,1224,984
215 100 0,1176,1224,984
216 100 0,1176,1224,984
217 100 0,1176,1224,984
218 100 0,1176,1224,984
219 100 0,1176,1224,984
220 100 0,1176,1224,984
221 100 0,1176,1224,984
222 100 0,1176,1224,984
223 100 0,1200,1224,960
224 100 0,1200,1224,960
225 100 0,1200,1224,960
226 100 0,1200,1224,960
227 100 0,1200,1224,960
228 100 0,1200,1224,960
229 100 0,1200,1224,960
230 100 0,1200,1224,960
231 100 0,1200,1224,960
232 100 0,1224,1224,936
233 100 0,1224,1224,936
234 100 0,1224,1224,936
235 100 0,1224,1224,936
236 100 0,1224,1224,936
237 100 0,1224,1224,936
238 100 0,1224,1224,936
239 100 0,1224,1224,936
240 100 0,1224,1224,936
241 100 0,1224,1224,936
242 100 0,1224,1224,936
243 100 0,1224,1224,936
244 100 0,1224,1224,936
245 100 0,1224,1224,936
246 100 0,1200,1224,960
247 100 0,1200,1224,960
248 100 0,1200,1224,960
249 100 0,1200,1224,960
250 100 0,1200,1224,960
251 100 0,1200,1224,960
252 100 0,1176,1224,984
253 100 0,1176,1224,984
254 100 0,1176,1224,984
255 100 0,1176,1224,984
256 100 0,1176,1224,984
257 100 0,1152,1224,1008
258 100 0,1152,1224,1008
259 100 0,1152,1224,1008
260 100 0,1152,1224,1008
261 100 0,1152,1224,1008
262 100 0,1152,1224,1008
263 100 0,1176,1224,984
264 100 0,1176,1224,984
265 100 0,1176,1224,984
266 100 0,1176,1224,984
267 100 0,1152,1224,1008
268 100 0,1152,1224,1008
269 100 0,1152,1224,1008
270 100 0,1152,1224,1008
271 100 0,1152,1224,1008
272 100 0,1152,1224,1008
273 100 0,1152,1224,1008
274 100 0,1152,1224,1008
275 100 0,1128,1224,1032
276 100 0,1104,1224,1056
277 100 0,1104,1224,1056
278 100 0,1056,1224,1104
279 100 0,1056,1224,1104
280 100 0,1056,1224,1104
281 100 48,960,1224,1200
282 100 0,936,1224,1200
283 100 0,936,1224,1200
284 100 0,816,1224,1200
285 100 0,792,1224,1200
286 100 0,720,1224,1200
287 100 0,696,1224,1224
288 100 0,672,1224,1200
289 100 0,672,1224,1200
290 100 0,648,1224,1224
291 100 0,648,1224,1200
292 100 24,648,1224,1200
293 100 0,648,1224,1200
294 100 0,648,1224,1200
295 100 24,600,1224,1224
296 100 0,600,1224,1224
297 100 0,600,1224,1224
298 100 0,600,1224,1200
299 100 24,600,1224,1200
300 100 72,624,1224,1200
301 100 24,624,1224,1224
302 100 72,648,1224,1200
303 100 48,648,1224,1200
304 100 48,648,1224,1200
305 100 24,648,1224,1200
306 100 24,648,1224,1200
307 100 24,648,1224,1200
308 100 24,624,1224,1224
309 100 24,624,1224,1224
310 100 24,624,1224,1224
311 100 72,624,1224,1224
312 100 120,624,1224,1224
313 100 120,624,1224,1224
314 100 3432,624,1224,1200
315 100 3432,624,1224,1200
316 100 3432,624,1224,1200
317 100 3528,624,1224,1200
318 100 3552,600,1224,1224
319 100 3552,600,1224,1224
320 100 72,600,1224,1224
321 100 3384,600,1224,1200
322 100 3384,600,1224,1200
323 100 3384,576,1224,1200
324 100 3432,576,1224,1200
325 100 3432,576,1224,1200
326 100 3528,576,1224,1200
327 100 3552,576,1224,1200
328 100 3552,576,1224,1200
329 100 3552,576,1224,1200
330 100 3576,552,1224,1224
331 100 3576,552,1224,1224
332 100 3408,552,1224,1200
333 100 3480,552,1224,1200
334 100 3480,552,1224,1200
335 100 3504,528,1224,1200
336 100 3576,504,1224,1224
337 100 3576,504,1224,1224
338 100 3528,480,1224,1200
339 100 48,456,1224,1224
340 100 48,456,1224,1224
341 100 3552,408,1224,1200
342 100 3480,384,1224,1200
343 100 3480,384,1224,1200
344 100 3384,312,1224,1200
345 100 3432,312,1224,1200
346 100 3432,312,1224,1200
347 100 3456,288,1224,1200
348 100 3504,288,1224,1200
349 100 3504,288,1224,1200
350 100 3504,264,1224,1200
351 100 0,240,1224,1224
352 100 0,240,1224,1224
353 100 0,216,1224,1224
354 100 72,216,1224,1224
355 100 72,216,1224,1224
356 100 96,192,1224,1224
357 100 3336,192,1224,1200
358 100 3336,192,1224,1200
359 100 3360,168,1224,1200
360 100 3360,168,1224,1200
361 100 3360,144,1224,1200
362 100 3360,144,1224,1200
363 100 120,96,1224,1224
364 100 0,72,1224,1200
365 100 48,48,1224,1224
366 100 48,48,1224,1224
367 100 3192,48,1224,1200
368 100 3192,48,1224,1200
369 100 3264,48,1224,1200
370 100 3264,48,1224,1200
371 100 3264,48,1224,1200
372 100 3264,48,1224,1200
373 100 96,24,1224,1224
374 100 96,24,1224,1224
375 100 168,24,1224,1224
376 100 3216,24,1224,1200
377 100 3216,24,1224,1200
378 100 3216,24,1224,1200
379 100 120,24,1224,1200
380 100 120,24,1224,1200
381 100 3168,24,1224,1176
382 100 3168,24,1224,1176
383 100 72,24,1224,1176
384 100 264,24,1224,1176
385 100 240,24,1224,1176
386 100 240,24,1224,1176
387 100 3216,24,1224,1152
388 100 3216,24,1224,1152
389 100 96,24,1224,1128
390 100 216,24,1224,1128
391 100 216,24,1224,1128
392 100 168,24,1224,1104
393 100 168,24,1224,1104
394 100 144,24,1224,1080
395 100 168,24,1224,1080
396 100 288,24,1224,1056
397 100 288,24,1224,1056
398 100 2904,24,1224,1032
399 100 2904,24,1224,1032
400 100 2880,24,1224,1008
401 100 2904,24,1224,1032
402 100 2904,24,1224,1032
403 100 2904,24,1224,1008
404 100 2904,24,1224,1008
405 100 384,24,1224,1008
406 100 408,24,1224,1008
407 100 408,24,1224,1008
408 100 2904,24,1224,984
409 100 240,24,1224,1008
410 100 240,24,1224,984
411 100 240,24,1224,984
412 100 192,24,1224,1008
413 100 192,24,1224,1008
414 100 216,24,1224,1008
415 100 168,24,1224,1008
416 100 168,24,1224,1008
417 100 288,24,1224,1032
418 100 2904,24,1224,1032
419 100 2904,24,1224,1032
420 100 2904,24,1224,1032
421 100 2904,24,1224,1080
422 100 2928,24,1224,1104
423 100 2904,24,1224,1128
424 100 2904,24,1224,1128
425 100 2928,24,1224,1176
426 100 2904,24,1224,1224
427 100 2976,48,1224,1200
428 100 2976,48,1224,1200
429 100 3000,72,1224,1224
430 100 3000,72,1224,1224
431 100 2904,144,1224,1200
432 100 2952,144,1224,1224
433 100 2952,144,1224,1224
434 100 2904,192,1224,1224
435 100 2904,192,1224,1224
436 100 2856,240,1224,1224
437 100 2832,288,1224,1200
438 100 2832,288,1224,1200
439 100 2832,288,1224,1200
440 100 2808,312,1224,1224
441 100 2808,312,1224,1224
442 100 2784,360,1224,1200
443 100 2784,384,1224,1200
444 100 2760,384,1224,1200
445 100 2760,384,1224,1200
446 100 2760,408,1224,1200
447 100 2760,408,1224,1200
448 100 2688,432,1224,1224
449 100 2688,456,1224,1200
450 100 2688,456,1224,1200
451 100 2664,456,1224,1224
452 100 2664,456,1224,1224
453 100 2664,480,1224,1200
454 100 2664,480,1224,1200
455 100 2664,480,1224,1200
456 100 2688,480,1224,1200
457 100 2664,480,1224,1224
458 100 2664,480,1224,1224
459 100 2664,480,1224,1224
460 100 2664,480,1224,1224
461 100 2640,504,1224,1200
462 100 2640,504,1224,1200
463 100 2640,504,1224,1200
464 100 2640,504,1224,1200
465 100 2640,504,1224,1200
466 100 2640,504,1224,1200
467 100 2640,504,1224,1200
468 100 2664,504,1224,1224
469 100 2664,528,1224,1200
470 100 2664,528,1224,1200
471 100 2664,528,1224,1200
472 100 2664,528,1224,1200
473 100 2664,528,1224,1200
474 100 2664,528,1224,1200
475 100 2664,528,1224,1200
476 100 2664,528,1224,1200
477 100 2664,528,1224,1200
478 100 2640,528,1224,1200
479 100 2640,528,1224,1200
480 100 2640,528,1224,1224
481 100 2688,552,1224,1200
482 100 2736,552,1224,1200
483 100 2736,552,1224,1200
484 100 2832,576,1224,1200
485 100 3120,576,1224,1200
486 100 3144,576,1224,1200
487 100 3144,576,1224,1200
488 100 3216,552,1224,1200
489 100 3288,552,1224,1200
490 100 3504,552,1224,1200
491 100 3504,552,1224,1200
492 100 3432,552,1224,1200
493 100 3384,552,1224,1200
494 100 3360,552,1224,1224
495 100 3360,552,1224,1224
496 100 3624,552,1224,1224
497 100 3624,552,1224,1224
498 100 3624,552,1224,1224
499 100 3576,576,1224,1200
500 100 3528,576,1224,1200
501 100 3528,576,1224,1200
502 100 3528,576,1224,1200
503 100 3456,576,1224,1200
504 100 3528,600,1224,1200
505 100 3480,600,1224,1200
506 100 3480,600,1224,1200
507 100 3384,600,1224,1200
508 100 3384,600,1224,1200
509 100 3384,600,1224,1200
510 100 3384,600,1224,1200
511 100 3384,600,1224,1200
512 100 3384,600,1224,1200
513 100 0,600,1224,1224
514 100 3624,600,1224,1224
515 100 3576,624,1224,1200
516 100 3576,624,1224,1200
517 100 3432,624,1224,1200
518 100 3408,624,1224,1200
519 100 3408,624,1224,1200
520 100 3408,624,1224,1200
521 100 3360,624,1224,1200
522 100 3360,624,1224,1200
523 100 0,624,1224,1224
524 100 3648,624,1224,1224
525 100 3648,624,1224,1224
526 100 3600,624,1224,1224
527 100 3576,624,1224,1224
528 100 3600,624,1224,1224
529 100 3600,624,1224,1224
530 100 3600,624,1224,1224
531 100 3600,624,1224,1224
532 100 3600,624,1224,1224
533 100 3600,624,1224,1224
534 100 3528,648,1224,1200
535 100 3504,648,1224,1200
536 100 3504,648,1224,1200
537 100 3504,648,1224,1200
538 100 3480,648,1224,1200
539 100 3504,648,1224,1200
540 100 3480,648,1224,1200
541 100 3480,648,1224,1200
542 100 3408,648,1224,1200
543 100 3360,648,1224,1200
544 100 3360,648,1224,1200
545 100 3360,648,1224,1200
546 100 24,648,1224,1224
547 100 3672,648,1224,1224
548 100 3600,648,1224,1224
549 100 3600,648,1224,1224
550 100 3504,672,1224,1200
551 100 3600,648,1224,1224
552 100 48,648,1224,1224
553 100 48,648,1224,1224
554 100 0,624,1224,1224
555 100 72,624,1224,1224
556 100 72,624,1224,1224
557 100 3528,624,1224,1200
558 100 3408,600,1224,1200
559 100 3360,600,1224,1200
560 100 3360,600,1224,1200
561 100 3384,600,1224,1200
562 100 72,600,1224,1224
563 100 72,600,1224,1224
564 100 0,600,1224,1224
565 100 3360,600,1224,1200
566 100 3384,600,1224,1200
567 100 3384,600,1224,1200
568 100 48,600,1224,1224
569 100 3552,624,1224,1200
570 100 3456,624,1224,1200
571 100 3456,624,1224,1200
572 100 3552,648,1224,1200
573 100 3456,648,1224,1200
574 100 3408,648,1224,1200
575 100 3408,648,1224,1200
576 100 3360,648,1224,1200
577 100 24,648,1224,1224
578 100 0,648,1224,1224
579 100 0,648,1224,1224
580 100 0,648,1224,1224
581 100 3504,672,1224,1200
582 100 3528,672,1224,1200
583 100 3528,672,1224,1200
584 100 3504,672,1224,1200
585 100 3480,672,1224,1200
586 100 3480,672,1224,1200
587 100 3480,672,1224,1200
588 100 3528,672,1224,1200
589 100 72,648,1224,1224
590 100 3384,648,1224,1200
591 100 3384,648,1224,1200
592 100 3408,600,1224,1200
593 100 0,600,1224,1200
594 100 0,600,1224,1200
595 100 48,504,1224,1200
596 100 24,480,1224,1224
597 100 24,480,1224,1224
598 100 24,432,1224,1200
599 100 48,408,1224,1224
600 100 48,408,1224,1224
601 100 0,384,1224,1200
602 100 0,384,1224,1200
603 100 0,384,1224,1200
604 100 0,360,1224,1224
605 100 0,384,1224,1200
606 100 0,384,1224,1200
607 100 0,384,1224,1200
608 100 48,432,1224,1200
609 100 72,432,1224,1200
610 100 72,432,1224,1200
611 100 240,456,1224,1200
612 100 288,456,1224,1200
613 100 336,456,1224,1200
614 100 336,456,1224,1200
615 100 432,456,1224,1224
616 100 528,456,1224,1224
617 100 552,456,1224,1224
618 100 552,456,1224,1224
619 100 624,480,1224,1200
620 100 624,480,1224,1224
621 100 624,480,1224,1224
622 100 648,504,1224,1200
623 100 648,504,1224,1200
624 100 648,504,1224,1200
625 100 672,504,1224,1200
626 100 672,504,1224,1224
627 100 672,504,1224,1224
628 100 696,504,1224,1224
629 100 696,528,1224,1200
630 100 696,528,1224,1200
631 100 720,528,1224,1200
632 100 720,528,1224,1200
633 100 720,528,1224,1200
634 100 720,528,1224,1224
635 100 744,528,1224,1200
636 100 744,528,1224,1200
637 100 744,528,1224,1224
638 100 768,528,1224,1200
639 100 768,528,1224,1200
640 100 768,528,1224,1200
641 100 792,528,1224,1200
642 100 792,528,1224,1200
643 100 792,528,1224,1200
644 100 816,528,1224,1200
645 100 840,504,1224,1224
646 100 840,504,1224,1224
647 100 888,480,1224,1200
648 100 888,456,1224,1224
649 100 888,456,1224,1224
650 100 936,432,1224,1224
651 100 936,432,1224,1224
652 100 936,432,1224,1224
653 100 984,432,1224,1200
654 100 984,432,1224,1200
655 100 984,432,1224,1200
656 100 1008,456,1224,1200
657 100 1008,456,1224,1200
658 100 1008,456,1224,1200
659 100 1032,456,1224,1200
660 100 1032,456,1224,1224
661 100 1032,456,1224,1224
662 100 1032,456,1224,1224
663 100 1056,456,1224,1224
664 100 1080,456,1224,1200
665 100 1080,456,1224,1200
666 100 1080,456,1224,1200
667 100 1080,456,1224,1224
668 100 1080,456,1224,1200
669 100 1080,456,1224,1200
670 100 1080,456,1224,1200
671 100 1080,456,1224,1200
672 100 1080,456,1224,1200
673 100 1080,456,1224,1200
674 100 1104,456,1224,1224
675 100 1104,456,1224,1224
676 100 1104,456,1224,1224
677 100 1104,480,1224,1200
678 100 1104,480,1224,1224
679 100 1104,480,1224,1224
680 100 1104,480,1224,1224
681 100 1080,480,1224,1200
682 100 1104,480,1224,1224
683 100 1104,480,1224,1224
684 100 1104,480,1224,1224
685 100 1080,504,1224,1224
686 100 1080,504,1224,1224
687 100 1080,504,1224,1224
688 100 1080,504,1224,1224
689 100 1104,504,1224,1200
690 100 1104,504,1224,1200
691 100 1104,504,1224,1200
692 100 1080,480,1224,1224
693 100 1080,480,1224,1200
694 100 1080,480,1224,1200
695 100 1080,480,1224,1200
696 100 1080,480,1224,1224
697 100 1080,504,1224,1200
698 100 1080,504,1224,1200
699 100 1032,528,1224,1200
700 100 1008,528,1224,1200
701 100 1008,528,1224,1200
702 100 984,552,1224,1200
703 100 984,552,1224,1200
704 100 984,552,1224,1200
705 100 960,552,1224,1224
706 100 960,576,1224,1200
707 100 960,576,1224,1200
708 100 936,576,1224,1200
709 100 936,576,1224,1200
710 100 936,576,1224,1200
711 100 936,576,1224,1200
712 100 912,552,1224,1200
713 100 912,552,1224,1200
714 100 912,552,1224,1200
715 100 888,576,1224,1200
716 100 888,576,1224,1200
717 100 888,576,1224,1200
718 100 840,600,1224,1200
719 100 840,600,1224,1200
720 100 840,600,1224,1200
721 100 840,600,1224,1200
722 100 840,600,1224,1200
723 100 840,600,1224,1200
724 100 840,600,1224,1200
725 100 840,600,1224,1200
726 100 840,600,1224,1200
727 100 840,576,1224,1200
728 100 840,576,1224,1200
729 100 840,576,1224,1200
730 100 840,576,1224,1200
731 100 840,576,1224,1200
732 100 840,576,1224,1200
733 100 840,576,1224,1200
734 100 840,576,1224,1200
735 100 888,552,1224,1200
736 100 912,528,1224,1224
737 100 912,528,1224,1224
738 100 1008,480,1224,1200
739 100 1032,480,1224,1200
740 100 1032,480,1224,1200
741 100 1056,456,1224,1200
742 100 1056,456,1224,1200
743 100 1056,456,1224,1200
744 100 1056,408,1224,1200
745 100 1080,408,1224,1200
746 100 1080,408,1224,1200
747 100 1104,408,1224,1224
748 100 1104,432,1224,1200
749 100 1104,432,1224,1200
750 100 1176,432,1224,1200
751 100 1176,432,1224,1200
752 100 1176,432,1224,1200
753 100 1224,408,1224,1224
754 100 1224,408,1224,1224
755 100 1224,408,1224,1224
756 100 1248,408,1224,1224
757 100 1272,432,1224,1200
758 100 1272,432,1224,1200
759 100 1272,432,1224,1200
760 100 1272,408,1224,1224
761 100 1272,408,1224,1224
762 100 1272,408,1224,1224
763 100 1296,432,1224,1200
764 100 1320,432,1224,1224
765 100 1320,432,1224,1224
766 100 1344,456,1224,1200
767 100 1344,456,1224,1200
768 100 1344,456,1224,1200
769 100 1368,456,1224,1200
770 100 1392,456,1224,1224
771 100 1392,456,1224,1224
772 100 1392,456,1224,1224
773 100 1392,456,1224,1200
774 100 1392,456,1224,1200
775 100 1392,456,1224,1200
776 100 1392,456,1224,1200
777 100 1368,456,1224,1224
778 100 1368,456,1224,1224
779 100 1368,456,1224,1224
780 100 1368,456,1224,1224
781 100 1344,456,1224,1224
782 100 1344,456,1224,1224
783 100 1344,480,1224,1200
784 100 1344,480,1224,1200
785 100 1344,480,1224,1200
786 100 1344,480,1224,1200
787 100 1344,480,1224,1200
788 100 1344,480,1224,1200
789 100 1320,456,1224,1224
790 100 1320,456,1224,1224
791 100 1320,456,1224,1224
792 100 1320,456,1224,1224
793 100 1320,456,1224,1224
794 100 1320,456,1224,1224
795 100 1320,456,1224,1224
796 100 1320,456,1224,1224
797 100 1320,456,1224,1224
798 100 1296,456,1224,1224
799 100 1296,456,1224,1224
800 100 1296,456,1224,1224
801 100 1296,456,1224,1200
802 100 1296,456,1224,1200
803 100 1296,432,1224,1224
804 100 1272,432,1224,1224
805 100 1272,432,1224,1224
806 100 1272,432,1224,1224
807 100 1248,432,1224,1200
808 100 1248,432,1224,1200
809 100 1248,432,1224,1224
810 100 1248,432,1224,1224
811 100 1248,432,1224,1200
812 100 1248,432,1224,1200
813 100 1248,432,1224,1224
814 100 1248,432,1224,1224
815 100 1248,432,1224,1224
816 100 1248,432,1224,1200
817 100 1248,432,1224,1224
818 100 1248,432,1224,1200
819 100 1248,432,1224,1200
820 100 1248,432,1224,1200
821 100 1248,432,1224,1200
822 100 1272,432,1224,1200
823 100 1272,432,1224,1200
824 100 1272,432,1224,1200
825 100 1296,432,1224,1224
826 100 1296,456,1224,1200
827 100 1296,432,1224,1224
828 100 1320,432,1224,1224
829 100 1320,432,1224,1224
830 100 1320,432,1224,1224
831 100 1320,432,1224,1200
832 100 1320,432,1224,1200
833 100 1344,432,1224,1200
834 100 1344,432,1224,1200
835 100 1368,432,1224,1200
836 100 1368,432,1224,1200
837 100 1392,432,1224,1224
838 100 1392,432,1224,1224
839 100 1416,432,1224,1224
840 100 1416,432,1224,1224
841 100 1440,432,1224,1224
842 100 1440,432,1224,1224
843 100 1440,432,1224,1224
844 100 1440,432,1224,1224
845 100 1464,432,1224,1224
846 100 1464,432,1224,1224
847 100 1464,432,1224,1224
848 100 1464,432,1224,1224
849 100 1464,432,1224,1224
850 100 1464,456,1224,1200
851 100 1464,456,1224,1224
852 100 1464,456,1224,1224
853 100 1464,456,1224,1224
854 100 1464,480,1224,1200
855 100 1464,480,1224,1200
856 100 1488,480,1224,1200
857 100 1488,480,1224,1200
858 100 1488,480,1224,1200
859 100 1488,480,1224,1200
860 100 1464,480,1224,1200
861 100 1464,480,1224,1200
862 100 1416,528,1224,1200
863 100 1416,528,1224,1200
864 100 1416,528,1224,1200
865 100 1392,528,1224,1224
866 100 1392,528,1224,1224
867 100 1368,552,1224,1224
868 100 1344,576,1224,1200
869 100 1344,576,1224,1224
870 100 1344,576,1224,1224
871 100 1344,600,1224,1200
872 100 1344,600,1224,1200
873 100 1368,672,1224,1200
874 100 1368,672,1224,1200
875 100 1368,672,1224,1200
876 100 1416,696,1224,1200
877 100 1416,720,1224,1200
878 100 1416,720,1224,1200
879 100 1416,720,1224,1200
880 100 1392,720,1224,1224
881 100 1392,744,1224,1200
882 100 1392,744,1224,1200
883 100 1392,744,1224,1200
884 100 1392,744,1224,1200
885 100 1392,744,1224,1200
886 100 1392,744,1224,1200
887 100 1416,744,1224,1200
888 100 1416,744,1224,1200
889 100 1416,744,1224,1200
890 100 1416,744,1224,1200
891 100 1416,744,1224,1200
892 100 1416,744,1224,1200
893 100 1416,744,1224,1224
894 100 1416,744,1224,1224
895 100 1416,744,1224,1224
896 100 1416,768,1224,1200
897 100 1416,768,1224,1200
898 100 1416,768,1224,1200
899 100 1416,768,1224,1200
900 100 1416,768,1224,1200
901 100 1416,768,1224,1200
902 100 1416,792,1224,1200
903 100 1416,792,1224,1200
904 100 1416,792,1224,1200
905 100 1392,792,1224,1224
906 100 1392,816,1224,1200
907 100 1392,816,1224,1200
908 100 1392,816,1224,1200
909 100 1392,816,1224,1200
910 100 1392,816,1224,1200
911 100 1392,816,1224,1200
912 100 1392,816,1224,1200
913 100 1392,816,1224,1200
914 100 1416,816,1224,1224
915 100 1416,816,1224,1224
916 100 1416,816,1224,1224
917 100 1416,840,1224,1200
918 100 1416,840,1224,1200
919 100 1416,840,1224,1200
920 100 1416,840,1224,1200
921 100 1416,840,1224,1200
922 100 1416,840,1224,1200
923 100 1416,840,1224,1200
924 100 1440,840,1224,1200
925 100 1440,840,1224,1200
926 100 1440,840,1224,1200
927 100 1440,840,1224,1224
928 100 1440,840,1224,1224
929 100 1440,840,1224,1224
930 100 1440,840,1224,1224
931 100 1440,840,1224,1224
932 100 1440,840,1224,1224
933 100 1440,840,1224,1224
934 100 1440,840,1224,1224
935 100 1440,840,1224,1224
936 100 1416,840,1224,1224
937 100 1416,864,1224,1200
938 100 1416,864,1224,1200
939 100 1416,864,1224,1200
940 100 1416,864,1224,1200
941 100 1416,864,1224,1200
942 100 1416,864,1224,1200
943 100 1392,864,1224,1200
944 100 1392,864,1224,1200
945 100 1392,864,1224,1200
946 100 1392,864,1224,1200
947 100 1368,864,1224,1200
948 100 1368,864,1224,1200
949 100 1344,864,1224,1200
950 100 1320,864,1224,1200
951 100 1320,864,1224,1200
952 100 1224,864,1224,1200
953 100 1200,864,1224,1200
954 100 1200,864,1224,1200
955 100 1080,840,1224,1224
956 100 1056,840,1224,1224
957 100 1056,840,1224,1224
958 100 936,840,1224,1224
959 100 936,840,1224,1224
960 100 936,840,1224,1224
961 100 840,840,1224,1200
962 100 840,840,1224,1200
963 100 840,840,1224,1200
964 100 792,816,1224,1224
965 100 768,816,1224,1224
966 100 768,816,1224,1224
967 100 744,840,1224,1200
968 100 696,840,1224,1200
969 100 696,840,1224,1200
970 100 696,840,1224,1200
971 100 672,840,1224,1200
972 100 672,840,1224,1200
973 100 672,840,1224,1200
974 100 648,840,1224,1200
975 100 648,840,1224,1200
976 100 648,840,1224,1200
977 100 648,840,1224,1200
978 100 648,840,1224,1200
979 100 624,840,1224,1200
980 100 624,840,1224,1200
981 100 624,840,1224,1200
982 100 624,840,1224,1200
983 100 624,840,1224,1200
984 100 600,840,1224,1200
985 100 600,840,1224,1200
986 100 600,840,1224,1200
987 100 576,816,1224,1224
988 100 576,816,1224,1224
989 100 576,816,1224,1224
990 100 552,816,1224,1224
991 100 552,816,1224,1224
992 100 552,816,1224,1224
993 100 504,816,1224,1200
994 100 504,816,1224,1200
995 100 504,816,1224,1200
996 100 432,792,1224,1224
997 100 432,792,1224,1224
998 100 432,792,1224,1224
999 100 360,792,1224,1200
1000 100 360,768,1224,1224
1001 100 360,768,1224,1224
1002 100 264,768,1224,1200
1003 100 264,744,1224,1224
1004 100 264,744,1224,1224
1005 100 168,744,1224,1200
1006 100 168,744,1224,1200
1007 100 168,744,1224,1200
1008 100 72,720,1224,1224
1009 100 48,720,1224,1224
1010 100 48,720,1224,1224
1011 100 0,744,1224,1200
1012 100 0,744,1224,1200
1013 100 0,744,1224,1200
1014 100 0,744,1224,1200
1015 100 0,744,1224,1200
1016 100 0,744,1224,1200
1017 100 0,744,1224,1200
1018 100 0,744,1224,1224
1019 100 0,744,1224,1224
1020 100 0,744,1224,1224
1021 100 0,768,1224,1200
1022 100 0,744,1224,1224
1023 100 0,744,1224,1224
1024 100 0,744,1224,1200
1025 100 24,744,1224,1200
1026 100 0,744,1224,1200
1027 100 0,744,1224,1200
1028 100 0,744,1224,1224
1029 100 0,744,1224,1224
1030 100 0,768,1224,1200
1031 100 0,768,1224,1200
1032 100 0,768,1224,1224
1033 100 24,768,1224,1200
1034 100 0,768,1224,1200
1035 100 24,768,1224,1224
1036 100 24,768,1224,1224
1037 100 24,792,1224,1200
1038 100 24,792,1224,1200
1039 100 0,792,1224,1200
1040 100 48,792,1224,1200
1041 100 24,792,1224,1224
1042 100 24,792,1224,1224
1043 100 24,792,1224,1224
1044 100 0,792,1224,1224
1045 100 48,792,1224,1224
1046 100 48,792,1224,1224
1047 100 24,792,1224,1224
1048 100 24,792,1224,1224
1049 100 24,792,1224,1224
1050 100 0,792,1224,1224
1051 100 0,792,1224,1224
1052 100 0,792,1224,1224
1053 100 72,792,1224,1224
1054 100 72,792,1224,1224
1055 100 72,792,1224,1224
1056 100 72,792,1224,1224
1057 100 72,792,1224,1224
1058 100 0,792,1224,1224
1059 100 0,792,1224,1200
1060 100 0,792,1224,1200
1061 100 24,744,1224,1224
1062 100 48,744,1224,1224
1063 100 96,696,1224,1224
1064 100 24,696,1224,1224
1065 100 24,696,1224,1224
1066 100 24,600,1224,1200
1067 100 3360,576,1224,1200
1068 100 3360,576,1224,1200
1069 100 3504,528,1224,1200
1070 100 3552,504,1224,1224
1071 100 3552,504,1224,1224
1072 100 24,504,1224,1224
1073 100 3408,504,1224,1200
1074 100 3408,504,1224,1200
1075 100 3528,504,1224,1200
1076 100 3528,504,1224,1200
1077 100 3528,504,1224,1200
1078 100 3384,480,1224,1200
1079 100 3408,480,1224,1200
1080 100 3408,480,1224,1200
1081 100 3480,480,1224,1200
1082 100 3504,480,1224,1200
1083 100 3504,480,1224,1200
1084 100 3576,480,1224,1200
1085 100 3576,480,1224,1200
1086 100 3528,480,1224,1200
1087 100 3552,480,1224,1200
1088 100 3528,480,1224,1200
1089 100 3528,480,1224,1200
1090 100 3528,480,1224,1200
1091 100 3456,480,1224,1200
1092 100 3456,480,1224,1200
1093 100 3480,480,1224,1200
1094 100 3480,480,1224,1200
1095 100 3456,480,1224,1200
1096 100 3456,480,1224,1200
1097 100 3408,480,1224,1200
1098 100 3408,480,1224,1200
1099 100 3360,480,1224,1224
1100 100 3384,480,1224,1224
1101 100 3384,480,1224,1224
1102 100 3264,504,1224,1200
1103 100 3264,504,1224,1200
1104 100 3216,504,1224,1200
1105 100 3216,504,1224,1200
1106 100 3192,504,1224,1224
1107 100 3168,504,1224,1224
1108 100 3192,504,1224,1224
1109 100 3192,504,1224,1224
1110 100 3192,504,1224,1224
1111 100 3192,504,1224,1224
1112 100 3192,504,1224,1224
1113 100 3192,504,1224,1224
1114 100 3192,504,1224,1224
1115 100 3072,504,1224,1224
1116 100 3072,504,1224,1224
1117 100 3072,504,1224,1224
1118 100 3168,504,1224,1224
1119 100 3168,504,1224,1224
1120 100 3144,504,1224,1224
1121 100 3144,504,1224,1224
1122 100 3120,528,1224,1200
1123 100 3120,528,1224,1200
1124 100 3120,528,1224,1200
1125 100 3120,528,1224,1200
1126 100 3144,528,1224,1200
1127 100 3144,528,1224,1200
1128 100 3168,504,1224,1224
1129 100 3048,504,1224,1224
1130 100 3048,504,1224,1224
1131 100 3072,504,1224,1200
1132 100 3096,504,1224,1200
1133 100 3120,504,1224,1200
1134 100 3120,504,1224,1200
1135 100 3024,480,1224,1224
1136 100 3048,480,1224,1224
1137 100 3072,480,1224,1224
1138 100 3096,480,1224,1200
1139 100 3096,480,1224,1200
1140 100 3120,480,1224,1200
1141 100 3120,480,1224,1200
1142 100 3072,456,1224,1224
1143 100 3144,456,1224,1200
1144 100 3048,432,1224,1224
1145 100 3072,432,1224,1224
1146 100 3120,432,1224,1200
1147 100 3144,408,1224,1224
1148 100 3144,408,1224,1224
1149 100 3144,408,1224,1224
1150 100 3120,432,1224,1200
1151 100 3096,432,1224,1200
1152 100 3072,432,1224,1200
1153 100 3168,432,1224,1224
1154 100 3144,456,1224,1200
1155 100 3288,456,1224,1200
1156 100 3312,456,1224,1200
1157 100 3336,432,1224,1224
1158 100 3360,432,1224,1224
1159 100 3360,432,1224,1224
1160 100 3384,432,1224,1224
1161 100 3384,432,1224,1224
1162 100 3312,456,1224,1200
1163 100 3504,456,1224,1200
1164 100 3360,456,1224,1224
1165 100 3624,480,1224,1224
1166 100 3384,528,1224,1200
1167 100 48,552,1224,1224
1168 100 24,648,1224,1224
1169 100 96,672,1224,1224
1170 100 0,720,1224,1200
1171 100 0,720,1224,1224
1172 100 24,720,1224,1224
1173 100 24,720,1224,1224
1174 100 48,744,1224,1200
1175 100 48,744,1224,1224
1176 100 0,744,1224,1224
1177 100 0,744,1224,1224
1178 100 0,744,1224,1224
1179 100 0,744,1224,1224
1180 100 0,744,1224,1224
1181 100 0,768,1224,1200
1182 100 24,768,1224,1200
1183 100 24,768,1224,1200
1184 100 0,768,1224,1200
1185 100 0,768,1224,1200
1186 100 0,768,1224,1200
1187 100 24,768,1224,1200
1188 100 24,768,1224,1200
1189 100 0,744,1224,1224
1190 100 0,744,1224,1224
1191 100 0,744,1224,1224
1192 100 24,744,1224,1224
1193 100 24,744,1224,1224
1194 100 0,744,1224,1224
1195 100 0,744,1224,1224
1196 100 24,744,1224,1200
1197 100 0,744,1224,1200
1198 100 0,744,1224,1200
1199 100 0,720,1224,1224
1200 100 0,720,1224,1200
1201 100 0,720,1224,1200
1202 100 0,720,1224,1224
1203 100 0,720,1224,1224
1204 100 0,720,1224,1224
1205 100 0,720,1224,1200
1206 100 0,720,1224,1200
1207 100 24,720,1224,1200
1208 100 48,720,1224,1200
1209 100 72,720,1224,1224
1210 100 72,720,1224,1224
1211 100 120,720,1224,1224
1212 100 144,720,1224,1200
1213 100 144,720,1224,1224
1214 100 168,720,1224,1224
1215 100 168,720,1224,1224
1216 100 216,720,1224,1200
1217 100 216,720,1224,1200
1218 100 240,720,1224,1200
1219 100 240,720,1224,1200
1220 100 264,720,1224,1200
1221 100 288,720,1224,1200
1222 100 312,696,1224,1224
1223 100 312,696,1224,1224
1224 100 360,696,1224,1224
1225 100 360,696,1224,1224
1226 100 360,696,1224,1224
1227 100 384,720,1224,1200
1228 100 384,720,1224,1200
1229 100 408,696,1224,1224
1230 100 408,696,1224,1224
1231 100 408,720,1224,1200
1232 100 408,720,1224,1200
1233 100 432,720,1224,1200
1234 100 432,720,1224,1200
1235 100 432,720,1224,1200
1236 100 456,696,1224,1224
1237 100 456,696,1224,1224
1238 100 480,696,1224,1224
1239 100 480,696,1224,1224
1240 100 504,696,1224,1224
1241 100 504,720,1224,1200
1242 100 528,720,1224,1200
1243 100 528,720,1224,1200
1244 100 528,720,1224,1224
1245 100 528,720,1224,1224
1246 100 552,720,1224,1224
1247 100 552,720,1224,1224
1248 100 576,744,1224,1200
1249 100 576,744,1224,1200
1250 100 600,744,1224,1200
1251 100 600,744,1224,1200
1252 100 624,744,1224,1200
1253 100 624,744,1224,1200
1254 100 648,744,1224,1200
1255 100 648,744,1224,1200
1256 100 648,744,1224,1200
1257 100 672,720,1224,1224
1258 100 696,720,1224,1200
1259 100 720,696,1224,1224
1260 100 744,696,1224,1200
1261 100 744,696,1224,1200
1262 100 744,696,1224,1200
1263 100 744,696,1224,1200
1264 100 744,696,1224,1200
1265 100 744,696,1224,1200
1266 100 768,672,1224,1224
1267 100 768,672,1224,1200
1268 100 768,648,1224,1224
1269 100 768,648,1224,1200
1270 100 768,624,1224,1224
1271 100 768,624,1224,1200
1272 100 744,600,1224,1224
1273 100 744,600,1224,1224
1274 100 744,600,1224,1224
1275 100 720,600,1224,1224
1276 100 720,600,1224,1224
1277 100 720,600,1224,1224
1278 100 720,624,1224,1200
1279 100 720,624,1224,1200
1280 100 720,624,1224,1224
1281 100 720,624,1224,1224
1282 100 720,624,1224,1224
1283 100 744,624,1224,1224
1284 100 744,624,1224,1200
1285 100 744,624,1224,1200
1286 100 768,624,1224,1200
1287 100 768,624,1224,1200
1288 100 768,624,1224,1200
1289 100 768,624,1224,1224
1290 100 768,624,1224,1224
1291 100 768,648,1224,1200
1292 100 768,648,1224,1200
1293 100 768,648,1224,1200
1294 100 768,648,1224,1200
1295 100 792,648,1224,1200
1296 100 792,648,1224,1200
1297 100 792,648,1224,1200
1298 100 792,648,1224,1200
1299 100 792,648,1224,1200
1300 100 816,648,1224,1224
1301 100 816,648,1224,1224
1302 100 816,648,1224,1224
1303 100 840,672,1224,1200
1304 100 840,672,1224,1200
1305 100 840,672,1224,1200
1306 100 864,672,1224,1200
1307 100 864,672,1224,1200
1308 100 888,672,1224,1200
1309 100 888,672,1224,1200
1310 100 912,672,1224,1224
1311 100 936,672,1224,1224
1312 100 936,672,1224,1224
1313 100 936,672,1224,1224
1314 100 960,672,1224,1224
1315 100 960,672,1224,1224
1316 100 984,672,1224,1224
1317 100 984,672,1224,1224
1318 100 1008,672,1224,1200
1319 100 1008,672,1224,1200
1320 100 1032,672,1224,1200
1321 100 1032,672,1224,1200
1322 100 1032,672,1224,1200
1323 100 1032,672,1224,1224
1324 100 1032,672,1224,1224
1325 100 1032,672,1224,1224
1326 100 1032,696,1224,1200
1327 100 1032,696,1224,1200
1328 100 1008,696,1224,1200
1329 100 1008,696,1224,1200
1330 100 1008,696,1224,1200
1331 100 1008,696,1224,1200
1332 100 1008,696,1224,1200
1333 100 1008,696,1224,1200
1334 100 1008,696,1224,1200
1335 100 984,696,1224,1224
1336 100 984,696,1224,1224
1337 100 984,696,1224,1224
1338 100 960,720,1224,1200
1339 100 960,720,1224,1200
1340 100 960,720,1224,1200
1341 100 960,720,1224,1200
1342 100 960,720,1224,1200
1343 100 960,720,1224,1200
1344 100 960,720,1224,1224
1345 100 936,744,1224,1200
1346 100 888,768,1224,1200
1347 100 840,792,1224,1200
1348 100 792,816,1224,1200
1349 100 768,816,1224,1200
1350 100 768,816,1224,1200
1351 100 744,816,1224,1224
1352 100 744,840,1224,1200
1353 100 720,840,1224,1200
1354 100 720,840,1224,1200
1355 100 720,864,1224,1200
1356 100 720,864,1224,1200
1357 100 720,864,1224,1224
1358 100 720,864,1224,1224
1359 100 720,888,1224,1200
1360 100 720,888,1224,1200
1361 100 744,888,1224,1200
1362 100 744,888,1224,1200
1363 100 744,888,1224,1200
1364 100 720,888,1224,1200
1365 100 720,888,1224,1200
1366 100 720,888,1224,1224
1367 100 720,912,1224,1200
1368 100 696,912,1224,1200
1369 100 696,912,1224,1224
1370 100 672,936,1224,1200
1371 100 672,936,1224,1224
1372 100 648,960,1224,1200
1373 100 648,960,1224,1200
1374 100 648,960,1224,1200
1375 100 648,960,1224,1200
1376 100 624,960,1224,1200
1377 100 624,984,1224,1176
1378 100 480,984,1224,1176
1379 100 384,1008,1224,1152
1380 100 0,1032,1224,1128
1381 100 0,1080,1224,1080
1382 100 0,1080,1224,1080
1383 100 0,1104,1224,1056
1384 100 0,1104,1224,1056
1385 100 0,1104,1224,1056
1386 100 0,1104,1224,1056
1387 100 0,1128,1224,1032
1388 100 0,1128,1224,1032
1389 100 0,1128,1224,1032
1390 100 0,1152,1224,1008
1391 100 0,1152,1224,1008
1392 100 0,1152,1224,1008
1393 100 0,1176,1224,984
1394 100 0,1176,1224,984
1395 100 0,1176,1224,984
1396 100 0,1200,1224,960
1397 100 0,1224,1224,936
1398 100 0,1224,1224,936
1399 100 0,1248,1224,912
1400 100 0,1248,1224,912
1401 100 0,1272,1224,888
1402 100 0,1272,1224,888
1403 100 0,1272,1224,888
1404 100 0,1272,1224,888
1405 100 0,1296,1224,864
1406 100 0,1320,1224,840
1407 100 0,1320,1224,840
1408 100 0,1320,1224,840
1409 100 0,1320,1224,840
1410 100 0,1320,1224,840
1411 100 0,1344,1224,816
1412 100 0,1344,1224,816
1413 100 0,1344,1224,816
1414 100 0,1344,1224,816
1415 100 0,1320,1224,840
1416 100 0,1320,1224,840
1417 100 0,1320,1224,840
1418 100 0,1320,1224,840
1419 100 0,1320,1224,840
1420 100 0,1296,1224,864
1421 100 0,1296,1224,864
1422 100 0,1272,1224,888
1423 100 0,1248,1224,912
1424 100 0,1248,1224,912
1425 100 0,1224,1224,936
1426 100 0,1200,1224,960
1427 100 0,1176,1224,984
1428 100 0,1152,1224,1008
1429 100 0,1152,1224,1008
1430 100 0,1128,1224,1032
1431 100 0,1104,1224,1056
1432 100 0,1104,1224,1056
1433 100 0,1104,1224,1056
1434 100 0,1104,1224,1056
1435 100 0,1080,1224,1080
1436 100 0,1080,1224,1080
1437 100 0,1080,1224,1080
1438 100 0,984,1224,1176
1439 100 0,960,1224,1200
1440 100 0,912,1224,1248
1441 100 888,888,1224,1272
1442 100 96,864,1224,1296
1443 100 2976,816,1224,1320
1444 100 96,816,1224,1320
1445 100 192,768,1224,1320
1446 100 24,744,1224,1272
1447 100 48,720,1224,1272
1448 100 96,648,1224,1272
1449 100 24,600,1224,1272
1450 100 0,600,1224,1248
1451 100 72,528,1224,1248
1452 100 0,504,1224,1224
1453 100 72,480,1224,1248
1454 100 0,456,1224,1224
1455 100 3552,432,1224,1224
1456 100 3528,408,1224,1224
1457 100 3648,408,1224,1224
1458 100 3552,384,1224,1224
1459 100 0,384,1224,1224
1460 100 3480,384,1224,1200
1461 100 3792,360,1224,1224
1462 100 3408,360,1224,1200
1463 100 3576,336,1224,1224
1464 100 3384,336,1224,1200
1465 100 3504,336,1224,1200
1466 100 3408,312,1224,1200
1467 100 3456,312,1224,1200
1468 100 3456,288,1224,1200
1469 100 3552,288,1224,1200
1470 100 3360,240,1224,1200
1471 100 3312,216,1224,1200
1472 100 3240,216,1224,1200
1473 100 3264,192,1224,1224
1474 100 3192,192,1224,1200
1475 100 3216,192,1224,1200
1476 100 3144,168,1224,1200
1477 100 3288,144,1224,1200
1478 100 3336,144,1224,1200
1479 100 3264,120,1224,1200
1480 100 3072,120,1224,1200
1481 100 3120,72,1224,1224
1482 100 3096,48,1224,1224
1483 100 3072,48,1224,1200
1484 100 3096,48,1224,1200
1485 100 3072,24,1224,1200
1486 100 3000,24,1224,1200
1487 100 3192,24,1224,1176
1488 100 3144,24,1224,1152
1489 100 3048,24,1224,1152
1490 100 3072,24,1224,1152
1491 100 3000,24,1224,1128
1492 100 2880,24,1224,1128
1493 100 2928,24,1224,1128
1494 100 3024,24,1224,1128
1495 100 3096,24,1224,1128
1496 100 3096,24,1224,1128
1497 100 2904,24,1224,1128
1498 100 2880,24,1224,1128
1499 100 3120,24,1224,1128
1500 100 3024,24,1224,1128
1501 100 3000,24,1224,1152
1502 100 3000,24,1224,1152
1503 100 3000,24,1224,1152
1504 100 3096,24,1224,1152
1505 100 3048,24,1224,1176
1506 100 3000,24,1224,1200
1507 100 3096,24,1224,1224
1508 100 3048,24,1224,1248
1509 100 3024,48,1224,1248
1510 100 3024,72,1224,1248
1511 100 3072,96,1224,1224
1512 100 3096,120,1224,1224
1513 100 3048,120,1224,1224
1514 100 3048,144,1224,1224
1515 100 3024,168,1224,1224
1516 100 3000,216,1224,1224
1517 100 3024,264,1224,1224
1518 100 2976,288,1224,1224
1519 100 3000,336,1224,1224
1520 100 2928,360,1224,1224
1521 100 2952,384,1224,1224
1522 100 2976,384,1224,1224
1523 100 2952,408,1224,1224
1524 100 2952,408,1224,1224
1525 100 2928,456,1224,1200
1526 100 2928,456,1224,1224
1527 100 2880,480,1224,1200
1528 100 2880,480,1224,1224
1529 100 2904,504,1224,1200
1530 100 2880,504,1224,1224
1531 100 2928,504,1224,1224
1532 100 2880,528,1224,1200
1533 100 2856,528,1224,1224
1534 100 2904,552,1224,1200
1535 100 2904,552,1224,1200
1536 100 2832,552,1224,1224
1537 100 2784,576,1224,1224
1538 100 2832,576,1224,1224
1539 100 2808,600,1224,1200
1540 100 2760,600,1224,1200
1541 100 2688,600,1224,1224
1542 100 2664,624,1224,1200
1543 100 2640,624,1224,1200
1544 100 2664,624,1224,1224
1545 100 2616,648,1224,1200
1546 100 2592,648,1224,1200
1547 100 2592,648,1224,1224
1548 100 2568,672,1224,1200
1549 100 2568,672,1224,1200
1550 100 2544,672,1224,1224
1551 100 2520,672,1224,1224
1552 100 2520,696,1224,1200
1553 100 2496,696,1224,1200
1554 100 2496,696,1224,1200
1555 100 2496,696,1224,1200
1556 100 2496,696,1224,1224
1557 100 2496,696,1224,1224
1558 100 2472,696,1224,1224
1559 100 2496,696,1224,1224
1560 100 2472,696,1224,1224
1561 100 2496,696,1224,1224
1562 100 2496,696,1224,1224
1563 100 2496,696,1224,1224
1564 100 2496,696,1224,1224
1565 100 2496,696,1224,1224
1566 100 2496,696,1224,1224
1567 100 2496,696,1224,1224
1568 100 2496,696,1224,1200
1569 100 2520,696,1224,1200
1570 100 2592,696,1224,1200
1571 100 2664,696,1224,1200
1572 100 3048,696,1224,1200
1573 100 3264,672,1224,1224
1574 100 3384,672,1224,1200
1575 100 3360,672,1224,1200
1576 100 3288,672,1224,1224
1577 100 3552,672,1224,1224
1578 100 3336,696,1224,1200
1579 100 3648,696,1224,1224
1580 100 3504,720,1224,1200
1581 100 3384,720,1224,1200
1582 100 3744,720,1224,1224
1583 100 3480,744,1224,1200
1584 100 3744,744,1224,1224
1585 100 3624,744,1224,1224
1586 100 3384,768,1224,1200
1587 100 3360,768,1224,1200
1588 100 3672,768,1224,1224
1589 100 3624,768,1224,1224
1590 100 3696,768,1224,1224
1591 100 3624,768,1224,1224
1592 100 3504,792,1224,1200
1593 100 3456,792,1224,1200
1594 100 3360,792,1224,1200
1595 100 3312,792,1224,1200
1596 100 3288,792,1224,1200
1597 100 3264,792,1224,1200
1598 100 48,792,1224,1224
1599 100 3360,792,1224,1200
1600 100 24,768,1224,1224
1601 100 3384,768,1224,1200
1602 100 72,744,1224,1224
1603 100 120,744,1224,1224
1604 100 144,744,1224,1224
1605 100 48,744,1224,1200
1606 100 48,744,1224,1200
1607 100 48,744,1224,1200
1608 100 48,720,1224,1200
1609 100 24,696,1224,1224
1610 100 0,696,1224,1224
1611 100 0,696,1224,1200
1612 100 0,696,1224,1200
1613 100 0,672,1224,1224
1614 100 48,672,1224,1200
1615 100 72,672,1224,1200
1616 100 120,672,1224,1200
1617 100 192,672,1224,1200
1618 100 192,672,1224,1224
1619 100 264,672,1224,1200
1620 100 288,672,1224,1200
1621 100 336,648,1224,1224
1622 100 360,648,1224,1200
1623 100 384,648,1224,1224
1624 100 408,672,1224,1200
1625 100 432,672,1224,1200
1626 100 432,672,1224,1200
1627 100 432,672,1224,1200
1628 100 504,672,1224,1200
1629 100 504,648,1224,1224
1630 100 576,648,1224,1200
1631 100 600,648,1224,1200
1632 100 672,624,1224,1224
1633 100 672,624,1224,1200
1634 100 720,624,1224,1200
1635 100 744,624,1224,1200
1636 100 792,624,1224,1200
1637 100 816,624,1224,1200
1638 100 840,624,1224,1200
1639 100 840,624,1224,1200
1640 100 864,624,1224,1200
1641 100 888,624,1224,1200
1642 100 912,600,1224,1224
1643 100 936,600,1224,1200
1644 100 984,576,1224,1224
1645 100 1008,576,1224,1200
1646 100 1056,576,1224,1200
1647 100 1056,576,1224,1200
1648 100 1080,600,1224,1200
1649 100 1080,600,1224,1200
1650 100 1104,600,1224,1200
1651 100 1104,600,1224,1224
1652 100 1104,600,1224,1224
1653 100 1128,600,1224,1224
1654 100 1128,600,1224,1224
1655 100 1176,600,1224,1224
1656 100 1176,624,1224,1200
1657 100 1176,624,1224,1200
1658 100 1176,624,1224,1200
1659 100 1152,624,1224,1224
1660 100 1152,648,1224,1200
1661 100 1176,648,1224,1224
1662 100 1176,648,1224,1224
1663 100 1152,672,1224,1200
1664 100 1152,672,1224,1200
1665 100 1152,672,1224,1200
1666 100 1152,672,1224,1200
1667 100 1152,672,1224,1224
1668 100 1152,672,1224,1224
1669 100 1176,672,1224,1224
1670 100 1176,696,1224,1200
1671 100 1176,696,1224,1200
1672 100 1152,696,1224,1200
1673 100 1152,696,1224,1200
1674 100 1152,696,1224,1200
1675 100 1152,696,1224,1200
1676 100 1152,696,1224,1200
1677 100 1152,696,1224,1200
1678 100 1152,696,1224,1200
1679 100 1152,696,1224,1200
1680 100 1152,696,1224,1200
1681 100 1152,696,1224,1200
1682 100 1152,696,1224,1200
1683 100 1176,672,1224,1224
1684 100 1176,672,1224,1224
1685 100 1200,672,1224,1200
1686 100 1200,672,1224,1200
1687 100 1200,672,1224,1200
1688 100 1224,648,1224,1200
1689 100 1224,648,1224,1200
1690 100 1248,648,1224,1200
1691 100 1248,648,1224,1200
1692 100 1248,624,1224,1224
1693 100 1272,624,1224,1200
1694 100 1272,624,1224,1200
1695 100 1296,624,1224,1200
1696 100 1320,600,1224,1224
1697 100 1320,600,1224,1224
1698 100 1320,624,1224,1200
1699 100 1320,624,1224,1200
1700 100 1320,624,1224,1200
1701 100 1320,624,1224,1200
1702 100 1320,624,1224,1200
1703 100 1320,624,1224,1200
1704 100 1320,624,1224,1224
1705 100 1320,624,1224,1224
1706 100 1320,624,1224,1200
1707 100 1320,624,1224,1200
1708 100 1320,624,1224,1200
1709 100 1320,624,1224,1200
1710 100 1320,624,1224,1200
1711 100 1320,624,1224,1200
1712 100 1320,624,1224,1200
1713 100 1320,624,1224,1200
1714 100 1320,624,1224,1200
1715 100 1320,624,1224,1200
1716 100 1320,624,1224,1200
1717 100 1320,624,1224,1200
1718 100 1320,624,1224,1200
1719 100 1320,624,1224,1200
1720 100 1320,624,1224,1200
1721 100 1320,624,1224,1200
1722 100 1320,624,1224,1200
1723 100 1344,624,1224,1200
1724 100 1344,624,1224,1224
1725 100 1344,648,1224,1200
1726 100 1344,648,1224,1200
1727 100 1368,648,1224,1224
1728 100 1368,672,1224,1200
1729 100 1392,672,1224,1200
1730 100 1392,672,1224,1200
1731 100 1392,672,1224,1200
1732 100 1392,672,1224,1200
1733 100 1392,672,1224,1200
1734 100 1392,672,1224,1200
1735 100 1392,672,1224,1200
1736 100 1368,672,1224,1200
1737 100 1368,672,1224,1224
1738 100 1368,672,1224,1224
1739 100 1368,672,1224,1200
1740 100 1392,672,1224,1200
1741 100 1392,672,1224,1200
1742 100 1392,672,1224,1200
1743 100 1392,672,1224,1200
1744 100 1392,672,1224,1200
1745 100 1368,672,1224,1200
1746 100 1368,672,1224,1200
1747 100 1368,648,1224,1224
1748 100 1368,648,1224,1200
1749 100 1368,648,1224,1200
1750 100 1368,648,1224,1200
1751 100 1368,648,1224,1200
1752 100 1344,648,1224,1200
1753 100 1344,624,1224,1224
1754 100 1344,648,1224,1200
1755 100 1320,648,1224,1200
1756 100 1320,648,1224,1200
1757 100 1320,648,1224,1200
1758 100 1296,648,1224,1200
1759 100 1320,648,1224,1200
1760 100 1320,648,1224,1200
1761 100 1320,624,1224,1224
1762 100 1320,624,1224,1224
1763 100 1320,624,1224,1200
1764 100 1344,624,1224,1200
1765 100 1368,600,1224,1224
1766 100 1368,600,1224,1224
1767 100 1392,600,1224,1200
1768 100 1392,576,1224,1224
1769 100 1416,576,1224,1200
1770 100 1440,552,1224,1224
1771 100 1464,552,1224,1200
1772 100 1464,552,1224,1200
1773 100 1488,528,1224,1224
1774 100 1488,528,1224,1224
1775 100 1488,528,1224,1224
1776 100 1488,528,1224,1200
1777 100 1488,528,1224,1200
1778 100 1488,528,1224,1200
1779 100 1488,528,1224,1200
1780 100 1488,504,1224,1224
1781 100 1488,504,1224,1224
1782 100 1488,528,1224,1200
1783 100 1488,528,1224,1200
1784 100 1488,528,1224,1200
1785 100 1488,528,1224,1200
1786 100 1488,528,1224,1200
1787 100 1464,528,1224,1200
1788 100 1464,528,1224,1200
1789 100 1440,528,1224,1224
1790 100 1416,552,1224,1200
1791 100 1368,552,1224,1224
1792 100 1344,576,1224,1200
1793 100 1272,600,1224,1200
1794 100 1248,624,1224,1200
1795 100 1104,696,1224,1200
1796 100 1056,696,1224,1224
1797 100 936,744,1224,1200
1798 100 864,768,1224,1200
1799 100 840,792,1224,1200
1800 100 744,840,1224,1200
1801 100 672,864,1224,1200
1802 100 648,888,1224,1200
1803 100 552,912,1224,1224
1804 100 456,960,1224,1200
1805 100 432,960,1224,1200
1806 100 816,1008,1224,1152
1807 100 0,1008,1224,1152
1808 100 0,1032,1224,1128
1809 100 0,1032,1224,1128
1810 100 0,1032,1224,1128
1811 100 0,1056,1224,1104
1812 100 0,1056,1224,1104
1813 100 0,1056,1224,1104
1814 100 0,1056,1224,1104
1815 100 0,1056,1224,1104
1816 100 0,1056,1224,1104
1817 100 0,1032,1224,1128
1818 100 0,1032,1224,1128
1819 100 744,1008,1224,1152
1820 100 1248,984,1224,1176
1821 100 0,960,1224,1200
1822 100 0,936,1224,1224
1823 100 0,888,1224,1224
1824 100 0,864,1224,1248
1825 100 0,840,1224,1224
1826 100 0,816,1224,1224
1827 100 0,768,1224,1248
1828 100 0,768,1224,1224
1829 100 0,696,1224,1248
1830 100 24,672,1224,1248
1831 100 24,672,1224,1224
1832 100 0,648,1224,1224
1833 100 24,624,1224,1224
1834 100 48,600,1224,1224
1835 100 0,600,1224,1224
1836 100 0,576,1224,1224
1837 100 0,576,1224,1224
1838 100 24,552,1224,1224
1839 100 24,552,1224,1224
1840 100 24,552,1224,1224
1841 100 0,552,1224,1224
1842 100 24,552,1224,1224
1843 100 3576,552,1224,1224
1844 100 3504,552,1224,1224
1845 100 3408,552,1224,1224
1846 100 3480,552,1224,1224
1847 100 3480,552,1224,1224
1848 100 3528,552,1224,1224
1849 100 3456,552,1224,1224
1850 100 3408,576,1224,1200
1851 100 3408,576,1224,1200
1852 100 3624,576,1224,1224
1853 100 3576,576,1224,1224
1854 100 3600,576,1224,1224
1855 100 3552,576,1224,1224
1856 100 3600,576,1224,1224
1857 100 3552,576,1224,1224
1858 100 3504,576,1224,1224
1859 100 3552,576,1224,1224
1860 100 3408,600,1224,1200
1861 100 3408,600,1224,1200
1862 100 3456,600,1224,1200
1863 100 3456,600,1224,1200
1864 100 3408,600,1224,1200
1865 100 3384,600,1224,1200
1866 100 3432,600,1224,1200
1867 100 3432,600,1224,1200
1868 100 3528,576,1224,1224
1869 100 3576,576,1224,1224
1870 100 3624,576,1224,1224
1871 100 3384,576,1224,1200
1872 100 3408,576,1224,1200
1873 100 3384,576,1224,1200
1874 100 3408,576,1224,1200
1875 100 3456,576,1224,1200
1876 100 3456,576,1224,1200
1877 100 3528,552,1224,1224
1878 100 3384,552,1224,1200
1879 100 3456,552,1224,1200
1880 100 3576,528,1224,1224
1881 100 3480,528,1224,1200
1882 100 3312,504,1224,1224
1883 100 3480,480,1224,1200
1884 100 3336,456,1224,1224
1885 100 3384,432,1224,1200
1886 100 3384,408,1224,1224
1887 100 3216,408,1224,1200
1888 100 3192,384,1224,1224
1889 100 3216,384,1224,1200
1890 100 3120,384,1224,1200
1891 100 3120,384,1224,1200
1892 100 3000,384,1224,1200
1893 100 3024,360,1224,1224
1894 100 2952,360,1224,1200
1895 100 2856,360,1224,1200
1896 100 2880,360,1224,1200
1897 100 2856,360,1224,1200
1898 100 2832,360,1224,1200
1899 100 2832,384,1224,1200
1900 100 2832,384,1224,1200
1901 100 2808,384,1224,1224
1902 100 2784,408,1224,1200
1903 100 2784,408,1224,1200
1904 100 2784,432,1224,1200
1905 100 2760,432,1224,1224
1906 100 2736,456,1224,1200
1907 100 2712,456,1224,1224
1908 100 2712,480,1224,1200
1909 100 2688,480,1224,1224
1910 100 2688,480,1224,1224
1911 100 2688,504,1224,1200
1912 100 2688,504,1224,1224
1913 100 2664,504,1224,1224
1914 100 2664,528,1224,1200
1915 100 2664,528,1224,1200
1916 100 2664,528,1224,1200
1917 100 2664,528,1224,1200
1918 100 2640,552,1224,1224
1919 100 2592,576,1224,1200
1920 100 2616,576,1224,1200
1921 100 2616,600,1224,1200
1922 100 2592,600,1224,1200
1923 100 2568,600,1224,1224
1924 100 2568,600,1224,1224
1925 100 2568,624,1224,1200
1926 100 2568,624,1224,1200
1927 100 2592,624,1224,1200
1928 100 2592,624,1224,1200
1929 100 2568,624,1224,1200
1930 100 2568,624,1224,1200
1931 100 2568,624,1224,1200
1932 100 2568,624,1224,1224
1933 100 2568,624,1224,1224
1934 100 2568,624,1224,1200
1935 100 2544,624,1224,1200
1936 100 2568,624,1224,1200
1937 100 2568,624,1224,1200
1938 100 2616,624,1224,1200
1939 100 2640,624,1224,1200
1940 100 2616,600,1224,1224
1941 100 2688,600,1224,1200
1942 100 2736,576,1224,1200
1943 100 2784,528,1224,1224
1944 100 2808,528,1224,1200
1945 100 3000,480,1224,1200
1946 100 3000,480,1224,1200
1947 100 3120,480,1224,1200
1948 100 3096,480,1224,1200
1949 100 3096,480,1224,1200
1950 100 3384,480,1224,1200
1951 100 3384,480,1224,1224
1952 100 3312,480,1224,1224
1953 100 3504,504,1224,1200
1954 100 3528,504,1224,1200
1955 100 3504,504,1224,1200
1956 100 3456,504,1224,1200
1957 100 3408,504,1224,1200
1958 100 3432,504,1224,1200
1959 100 3432,504,1224,1200
1960 100 3408,504,1224,1200
1961 100 3408,504,1224,1200
1962 100 3408,504,1224,1200
1963 100 3504,504,1224,1200
1964 100 3552,504,1224,1200
1965 100 24,480,1224,1224
1966 100 3432,480,1224,1200
1967 100 0,480,1224,1200
1968 100 0,456,1224,1200
1969 100 24,432,1224,1224
1970 100 48,408,1224,1224
1971 100 24,360,1224,1224
1972 100 24,312,1224,1200
1973 100 0,264,1224,1200
1974 100 0,192,1224,1200
1975 100 0,168,1224,1224
1976 100 0,120,1224,1200
1977 100 0,72,1224,1224
1978 100 0,48,1224,1224
1979 100 0,48,1224,1200
1980 100 0,24,1224,1200
1981 100 0,24,1224,1176
1982 100 0,24,1224,1152
1983 100 0,24,1224,1152
1984 100 0,24,1224,1152
1985 100 0,24,1224,1128
1986 100 0,24,1224,1128
1987 100 0,24,1224,1128
1988 100 0,24,1224,1128
1989 100 0,24,1224,1128
1990 100 0,24,1224,1152
1991 100 24,24,1224,1176
1992 100 0,24,1224,1200
1993 100 0,72,1224,1200
1994 100 0,120,1224,1200
1995 100 72,168,1224,1200
1996 100 192,240,1224,1224
1997 100 216,288,1224,1200
1998 100 360,408,1224,1224
1999 100 384,456,1224,1200
2000 100 384,552,1224,1224
2001 100 360,624,1224,1200
2002 100 336,696,1224,1200
2003 100 312,696,1224,1224
2004 100 312,744,1224,1200
2005 100 312,744,1224,1200
2006 100 288,768,1224,1224
2007 100 288,792,1224,1200
2008 100 240,816,1224,1224
2009 100 240,840,1224,1200
2010 100 216,864,1224,1224
2011 100 216,888,1224,1200
2012 100 192,912,1224,1200
2013 100 192,912,1224,1200
2014 100 192,912,1224,1224
2015 100 192,912,1224,1224
2016 100 192,936,1224,1200
2017 100 192,936,1224,1200
2018 100 192,936,1224,1200
2019 100 216,936,1224,1200
2020 100 216,936,1224,1200
2021 100 240,936,1224,1224
2022 100 264,936,1224,1224
2023 100 288,960,1224,1200
2024 100 288,960,1224,1200
2025 100 312,960,1224,1200
2026 100 360,936,1224,1224
2027 100 384,936,1224,1200
2028 100 432,936,1224,1200
2029 100 456,936,1224,1200
2030 100 456,936,1224,1224
2031 100 504,936,1224,1200
2032 100 528,936,1224,1200
2033 100 552,936,1224,1200
2034 100 600,912,1224,1224
2035 100 624,912,1224,1200
2036 100 672,912,1224,1200
2037 100 696,912,1224,1200
2038 100 720,912,1224,1200
2039 100 744,912,1224,1200
2040 100 792,888,1224,1200
2041 100 792,888,1224,1200
2042 100 840,864,1224,1200
2043 100 864,864,1224,1200
2044 100 888,840,1224,1224
2045 100 912,840,1224,1200
2046 100 936,816,1224,1224
2047 100 960,816,1224,1224
2048 100 960,816,1224,1224
2049 100 984,816,1224,1200
2050 100 1008,816,1224,1200
2051 100 1032,816,1224,1200
2052 100 1056,792,1224,1200
2053 100 1080,792,1224,1200
2054 100 1104,792,1224,1200
2055 100 1128,768,1224,1224
2056 100 1152,768,1224,1224
2057 100 1152,768,1224,1200
2058 100 1176,768,1224,1200
2059 100 1200,768,1224,1200
2060 100 1224,768,1224,1200
2061 100 1224,744,1224,1200
2062 100 1248,744,1224,1200
2063 100 1272,720,1224,1224
2064 100 1296,720,1224,1224
2065 100 1296,720,1224,1200
2066 100 1320,720,1224,1200
2067 100 1320,720,1224,1200
2068 100 1344,696,1224,1224
2069 100 1344,696,1224,1224
2070 100 1344,696,1224,1224
2071 100 1344,696,1224,1200
2072 100 1344,696,1224,1200
2073 100 1344,696,1224,1200
2074 100 1368,696,1224,1200
2075 100 1368,696,1224,1200
2076 100 1368,696,1224,1200
2077 100 1368,696,1224,1200
2078 100 1368,696,1224,1200
2079 100 1368,696,1224,1200
2080 100 1368,696,1224,1200
2081 100 1368,672,1224,1224
2082 100 1368,672,1224,1200
2083 100 1368,672,1224,1200
2084 100 1368,648,1224,1200
2085 100 1368,648,1224,1200
2086 100 1368,624,1224,1224
2087 100 1368,624,1224,1200
2088 100 1368,624,1224,1200
2089 100 1368,600,1224,1200
2090 100 1368,600,1224,1200
2091 100 1344,600,1224,1200
2092 100 1344,600,1224,1200
2093 100 1344,600,1224,1200
2094 100 1344,600,1224,1200
2095 100 1320,600,1224,1200
2096 100 1320,600,1224,1200
2097 100 1320,600,1224,1200
2098 100 1320,600,1224,1200
2099 100 1320,600,1224,1200
