0 100 0,720,1224,1200
1 100 0,720,1224,1200
2 100 24,720,1224,1200
3 100 24,720,1224,1200
4 100 24,720,1224,1200
5 100 48,720,1224,1200
6 100 48,720,1224,1200
7 100 96,720,1224,1200
8 100 120,696,1224,1224
9 100 120,696,1224,1224
10 100 96,720,1224,1200
11 100 96,696,1224,1224
12 100 96,696,1224,1224
13 100 192,696,1224,1224
14 100 0,696,1224,1200
15 100 0,696,1224,1200
16 100 0,696,1224,1200
17 100 0,696,1224,1200
18 100 0,696,1224,1200
19 100 24,696,1224,1200
20 100 3360,696,1224,1200
21 100 3360,696,1224,1200
22 100 3384,696,1224,1200
23 100 3384,696,1224,1200
24 100 3384,696,1224,1200
25 100 0,696,1224,1200
26 100 0,696,1224,1200
27 100 3384,696,1224,1200
28 100 96,696,1224,1224
29 100 96,696,1224,1224
30 100 96,696,1224,1224
31 100 120,696,1224,1224
32 100 120,696,1224,1224
33 100 144,696,1224,1224
34 100 144,696,1224,1224
35 100 144,696,1224,1224
36 100 144,696,1224,1224
37 100 120,720,1224,1200
38 100 120,720,1224,1200
39 100 72,720,1224,1200
40 100 96,720,1224,1200
41 100 96,720,1224,1200
42 100 96,720,1224,1200
43 100 96,720,1224,1200
44 100 96,720,1224,1200
45 100 168,720,1224,1224
46 100 48,744,1224,1200
47 100 48,744,1224,1200
48 100 48,744,1224,1200
49 100 96,744,1224,1200
50 100 96,744,1224,1200
51 100 144,720,1224,1224
52 100 144,720,1224,1224
53 100 0,720,1224,1200
54 100 24,720,1224,1200
55 100 24,720,1224,1200
56 100 0,720,1224,1200
57 100 0,720,1224,1200
58 100 0,720,1224,1200
59 100 24,720,1224,1200
60 100 48,720,1224,1200
61 100 48,720,1224,1200
62 100 96,720,1224,1200
63 100 168,696,1224,1224
64 100 168,696,1224,1224
65 100 24,696,1224,1200
66 100 48,696,1224,1200
67 100 48,696,1224,1200
68 100 72,696,1224,1200
69 100 72,696,1224,1200
70 100 72,696,1224,1200
71 100 3384,696,1224,1200
72 100 3336,696,1224,1200
73 100 3336,696,1224,1200
74 100 144,696,1224,1224
75 100 144,696,1224,1224
76 100 3384,696,1224,1200
77 100 24,696,1224,1200
78 100 24,696,1224,1200
79 100 24,696,1224,1200
80 100 48,696,1224,1200
81 100 48,696,1224,1200
82 100 48,672,1224,1224
83 100 3360,672,1224,1200
84 100 3360,672,1224,1200
85 100 3360,672,1224,1200
86 100 3432,672,1224,1200
87 100 3432,672,1224,1200
88 100 0,672,1224,1200
89 100 48,648,1224,1224
90 100 48,648,1224,1224
91 100 3456,648,1224,1200
92 100 3408,624,1224,1200
93 100 3408,624,1224,1200
94 100 3408,600,1224,1200
95 100 3624,576,1224,1224
96 100 3624,576,1224,1224
97 100 0,576,1224,1224
98 100 3624,576,1224,1224
99 100 3624,576,1224,1224
100 100 3672,576,1224,1224
101 100 3672,576,1224,1224
102 100 3576,600,1224,1200
103 100 3504,600,1224,1200
104 100 3504,600,1224,1200
105 100 3528,600,1224,1200
106 100 3648,576,1224,1224
107 100 3648,576,1224,1224
108 100 3528,576,1224,1200
109 100 3480,552,1224,1200
110 100 3480,552,1224,1200
111 100 3456,528,1224,1200
112 100 3504,528,1224,1200
113 100 3504,528,1224,1200
114 100 3576,528,1224,1200
115 100 3408,504,1224,1200
116 100 3408,504,1224,1200
117 100 3552,504,1224,1200
118 100 3480,480,1224,1200
119 100 3480,480,1224,1200
120 100 3696,456,1224,1224
121 100 3432,456,1224,1200
122 100 3432,456,1224,1200
123 100 3480,456,1224,1200
124 100 3480,456,1224,1200
125 100 3480,456,1224,1200
126 100 3408,456,1224,1200
127 100 3408,456,1224,1200
128 100 3504,480,1224,1200
129 100 3384,480,1224,1224
130 100 3384,480,1224,1224
131 100 3384,480,1224,1224
132 100 3672,480,1224,1224
133 100 3672,480,1224,1224
134 100 3624,480,1224,1224
135 100 3648,480,1224,1224
136 100 3648,480,1224,1224
137 100 3600,480,1224,1224
138 100 3576,504,1224,1200
139 100 3576,504,1224,1200
140 100 3552,504,1224,1200
141 100 3480,504,1224,1200
142 100 3480,504,1224,1200
143 100 3504,504,1224,1200
144 100 3504,504,1224,1200
145 100 3504,504,1224,1200
146 100 3528,504,1224,1200
147 100 3528,504,1224,1200
148 100 3528,504,1224,1200
149 100 3576,504,1224,1200
150 100 3576,504,1224,1200
151 100 3528,504,1224,1200
152 100 3336,480,1224,1224
153 100 3336,480,1224,1224
154 100 3384,480,1224,1224
155 100 3456,480,1224,1200
156 100 3456,480,1224,1200
157 100 3456,480,1224,1200
158 100 3456,480,1224,1200
159 100 3384,480,1224,1200
160 100 3360,480,1224,1224
161 100 3360,480,1224,1224
162 100 3288,504,1224,1200
163 100 3240,504,1224,1200
164 100 3240,504,1224,1200
165 100 3168,504,1224,1224
166 100 3144,528,1224,1200
167 100 3144,528,1224,1200
168 100 3144,528,1224,1200
169 100 3168,528,1224,1200
170 100 3168,528,1224,1200
171 100 3192,504,1224,1224
172 100 3192,504,1224,1224
173 100 3192,504,1224,1224
174 100 3072,504,1224,1224
175 100 3144,528,1224,1200
176 100 3144,528,1224,1200
177 100 3120,528,1224,1200
178 100 3120,528,1224,1200
179 100 3096,528,1224,1200
180 100 3024,552,1224,1200
181 100 3024,552,1224,1200
182 100 3024,576,1224,1200
183 100 3000,600,1224,1200
184 100 3000,600,1224,1200
185 100 2976,624,1224,1200
186 100 2976,648,1224,1200
187 100 2976,648,1224,1200
188 100 3024,648,1224,1224
189 100 2976,672,1224,1200
190 100 2976,672,1224,1200
191 100 2952,672,1224,1200
192 100 3024,672,1224,1224
193 100 3024,672,1224,1224
194 100 3000,672,1224,1224
195 100 3000,672,1224,1224
196 100 3000,672,1224,1224
197 100 3024,672,1224,1224
198 100 3024,672,1224,1224
199 100 3024,672,1224,1200
200 100 3048,672,1224,1200
201 100 3048,672,1224,1200
202 100 3072,672,1224,1200
203 100 3120,648,1224,1224
204 100 3120,648,1224,1224
205 100 3168,648,1224,1224
206 100 3192,648,1224,1200
207 100 3192,648,1224,1200
208 100 3216,648,1224,1200
209 100 3384,648,1224,1200
210 100 3384,648,1224,1200
211 100 3360,648,1224,1224
212 100 3360,648,1224,1224
213 100 3360,648,1224,1200
214 100 3408,648,1224,1200
215 100 3408,648,1224,1200
216 100 3480,648,1224,1200
217 100 3528,648,1224,1200
218 100 3528,648,1224,1200
219 100 3480,648,1224,1200
220 100 3456,648,1224,1200
221 100 3456,648,1224,1200
222 100 3384,648,1224,1200
223 100 3744,648,1224,1224
224 100 3744,648,1224,1224
225 100 3624,648,1224,1224
226 100 3792,648,1224,1224
227 100 3792,648,1224,1224
228 100 3768,648,1224,1224
229 100 3456,648,1224,1200
230 100 3456,648,1224,1200
231 100 3360,624,1224,1200
232 100 3408,600,1224,1200
233 100 3408,600,1224,1200
234 100 3456,576,1224,1200
235 100 3456,576,1224,1200
236 100 0,552,1224,1224
237 100 3408,552,1224,1200
238 100 3408,552,1224,1200
239 100 3432,552,1224,1200
240 100 3576,552,1224,1200
241 100 3576,552,1224,1200
242 100 24,528,1224,1224
243 100 72,528,1224,1224
244 100 72,528,1224,1224
245 100 3432,552,1224,1200
246 100 3504,576,1224,1200
247 100 3504,576,1224,1200
248 100 24,576,1224,1200
249 100 3384,552,1224,1200
250 100 3384,552,1224,1200
251 100 120,552,1224,1224
252 100 48,552,1224,1224
253 100 48,552,1224,1224
254 100 24,576,1224,1200
255 100 0,576,1224,1200
256 100 0,576,1224,1200
257 100 3480,576,1224,1200
258 100 3480,576,1224,1200
259 100 3480,576,1224,1200
260 100 3480,576,1224,1200
261 100 3480,576,1224,1200
262 100 3504,576,1224,1200
263 100 3480,576,1224,1200
264 100 3480,576,1224,1200
265 100 3456,576,1224,1200
266 100 3408,576,1224,1200
267 100 3408,576,1224,1200
268 100 120,576,1224,1224
269 100 48,576,1224,1224
270 100 48,576,1224,1224
271 100 48,576,1224,1224
272 100 24,576,1224,1224
273 100 24,576,1224,1224
274 100 48,576,1224,1224
275 100 96,576,1224,1224
276 100 96,576,1224,1224
277 100 48,576,1224,1224
278 100 0,600,1224,1200
279 100 0,600,1224,1200
280 100 3528,600,1224,1200
281 100 3552,600,1224,1200
282 100 3552,600,1224,1200
283 100 3504,600,1224,1200
284 100 3456,600,1224,1200
285 100 3456,600,1224,1200
286 100 3432,600,1224,1200
287 100 3432,600,1224,1200
288 100 3432,600,1224,1200
289 100 3432,600,1224,1200
290 100 3432,600,1224,1200
291 100 3456,600,1224,1200
292 100 3384,600,1224,1200
293 100 3384,600,1224,1200
294 100 48,600,1224,1224
295 100 3408,600,1224,1200
296 100 3408,600,1224,1200
297 100 3432,600,1224,1200
298 100 3408,600,1224,1200
299 100 3408,600,1224,1200
300 100 3408,600,1224,1200
301 100 72,600,1224,1224
302 100 72,600,1224,1224
303 100 3576,624,1224,1200
304 100 24,600,1224,1224
305 100 24,600,1224,1224
306 100 0,600,1224,1224
307 100 3528,624,1224,1200
308 100 3528,624,1224,1200
309 100 3504,624,1224,1200
310 100 3504,624,1224,1200
311 100 3384,624,1224,1200
312 100 3576,648,1224,1200
313 100 3576,648,1224,1200
314 100 3528,648,1224,1200
315 100 3408,648,1224,1200
316 100 3408,648,1224,1200
317 100 3408,624,1224,1200
318 100 3552,600,1224,1200
319 100 3552,600,1224,1200
320 100 72,552,1224,1224
321 100 3384,528,1224,1200
322 100 3384,528,1224,1200
323 100 3504,504,1224,1200
324 100 0,456,1224,1200
325 100 0,456,1224,1200
326 100 3480,408,1224,1200
327 100 0,384,1224,1200
328 100 0,384,1224,1200
329 100 72,336,1224,1224
330 100 72,336,1224,1224
331 100 3360,312,1224,1200
332 100 120,288,1224,1224
333 100 120,288,1224,1224
334 100 0,288,1224,1200
335 100 48,264,1224,1224
336 100 48,264,1224,1224
337 100 0,264,1224,1200
338 100 3360,240,1224,1200
339 100 3360,240,1224,1200
340 100 24,240,1224,1200
341 100 3336,216,1224,1200
342 100 3336,216,1224,1200
343 100 48,192,1224,1224
344 100 3360,192,1224,1200
345 100 3360,192,1224,1200
346 100 3408,192,1224,1200
347 100 3408,192,1224,1200
348 100 0,192,1224,1200
349 100 144,168,1224,1224
350 100 144,168,1224,1224
351 100 3408,168,1224,1200
352 100 72,144,1224,1224
353 100 72,144,1224,1224
354 100 3336,144,1224,1200
355 100 0,120,1224,1224
356 100 0,120,1224,1224
357 100 3384,96,1224,1224
358 100 0,96,1224,1224
359 100 0,96,1224,1224
360 100 48,96,1224,1224
361 100 24,96,1224,1224
362 100 24,96,1224,1224
363 100 144,96,1224,1224
364 100 3312,96,1224,1200
365 100 3312,96,1224,1200
366 100 3432,72,1224,1224
367 100 3432,72,1224,1224
368 100 3432,72,1224,1224
369 100 3360,72,1224,1224
370 100 3360,72,1224,1224
371 100 3288,96,1224,1200
372 100 24,96,1224,1224
373 100 24,96,1224,1224
374 100 3456,96,1224,1224
375 100 3456,96,1224,1224
376 100 3456,96,1224,1224
377 100 3360,120,1224,1200
378 100 3312,120,1224,1200
379 100 3312,120,1224,1200
380 100 24,120,1224,1224
381 100 3336,168,1224,1200
382 100 3336,168,1224,1200
383 100 3456,216,1224,1200
384 100 3480,240,1224,1224
385 100 3480,240,1224,1224
386 100 3384,312,1224,1200
387 100 0,360,1224,1224
388 100 0,360,1224,1224
389 100 48,408,1224,1224
390 100 48,408,1224,1224
391 100 3576,432,1224,1224
392 100 3408,456,1224,1200
393 100 3408,456,1224,1200
394 100 3456,480,1224,1200
395 100 48,480,1224,1224
396 100 48,480,1224,1224
397 100 3552,480,1224,1224
398 100 3480,504,1224,1200
399 100 3480,504,1224,1200
400 100 3384,504,1224,1200
401 100 3480,528,1224,1200
402 100 3480,528,1224,1200
403 100 3624,528,1224,1224
404 100 3432,552,1224,1200
405 100 3432,552,1224,1200
406 100 3624,552,1224,1224
407 100 3624,552,1224,1224
408 100 3480,576,1224,1200
409 100 3408,576,1224,1200
410 100 3408,576,1224,1200
411 100 48,576,1224,1224
412 100 0,576,1224,1224
413 100 0,576,1224,1224
414 100 0,576,1224,1224
415 100 3600,576,1224,1224
416 100 3600,576,1224,1224
417 100 3600,576,1224,1224
418 100 3576,576,1224,1224
419 100 3576,576,1224,1224
420 100 3552,576,1224,1224
421 100 3480,600,1224,1200
422 100 3480,600,1224,1200
423 100 3384,600,1224,1200
424 100 3384,600,1224,1200
425 100 0,600,1224,1224
426 100 3456,624,1224,1200
427 100 3456,624,1224,1200
428 100 24,624,1224,1224
429 100 3552,624,1224,1224
430 100 3552,624,1224,1224
431 100 3528,648,1224,1200
432 100 24,624,1224,1224
433 100 24,624,1224,1224
434 100 3408,624,1224,1200
435 100 3456,624,1224,1200
436 100 3456,624,1224,1200
437 100 3480,624,1224,1200
438 100 3480,624,1224,1200
439 100 24,624,1224,1200
440 100 96,600,1224,1224
441 100 96,600,1224,1224
442 100 48,600,1224,1200
443 100 48,576,1224,1200
444 100 48,576,1224,1200
445 100 0,552,1224,1200
446 100 48,528,1224,1224
447 100 48,528,1224,1224
448 100 24,528,1224,1200
449 100 0,504,1224,1200
450 100 0,504,1224,1200
451 100 0,504,1224,1200
452 100 24,480,1224,1224
453 100 24,480,1224,1224
454 100 72,480,1224,1224
455 100 72,480,1224,1224
456 100 96,480,1224,1224
457 100 144,480,1224,1224
458 100 144,480,1224,1224
459 100 192,480,1224,1200
460 100 240,456,1224,1200
461 100 240,456,1224,1200
462 100 288,432,1224,1224
463 100 360,432,1224,1200
464 100 360,432,1224,1200
465 100 432,432,1224,1200
466 100 480,408,1224,1224
467 100 480,408,1224,1224
468 100 528,432,1224,1200
469 100 552,432,1224,1224
470 100 552,432,1224,1224
471 100 576,456,1224,1200
472 100 576,456,1224,1200
473 100 576,456,1224,1224
474 100 576,480,1224,1200
475 100 576,480,1224,1200
476 100 600,480,1224,1200
477 100 600,480,1224,1200
478 100 600,480,1224,1200
479 100 600,456,1224,1224
480 100 624,456,1224,1224
481 100 624,456,1224,1224
482 100 672,456,1224,1224
483 100 696,480,1224,1224
484 100 696,480,1224,1224
485 100 720,480,1224,1224
486 100 744,480,1224,1224
487 100 744,480,1224,1224
488 100 744,504,1224,1200
489 100 744,504,1224,1200
490 100 744,504,1224,1200
491 100 744,504,1224,1200
492 100 744,504,1224,1200
493 100 768,504,1224,1200
494 100 792,504,1224,1200
495 100 792,504,1224,1200
496 100 792,504,1224,1200
497 100 792,504,1224,1224
498 100 792,504,1224,1224
499 100 792,504,1224,1224
500 100 792,528,1224,1200
501 100 792,528,1224,1200
502 100 792,528,1224,1200
503 100 768,528,1224,1224
504 100 768,528,1224,1224
505 100 768,528,1224,1224
506 100 768,528,1224,1224
507 100 744,552,1224,1200
508 100 744,552,1224,1200
509 100 744,552,1224,1200
510 100 720,552,1224,1224
511 100 696,552,1224,1224
512 100 696,552,1224,1224
513 100 672,576,1224,1200
514 100 648,552,1224,1224
515 100 648,552,1224,1224
516 100 624,576,1224,1200
517 100 624,552,1224,1224
518 100 624,552,1224,1224
519 100 624,576,1224,1200
520 100 624,576,1224,1200
521 100 624,576,1224,1200
522 100 648,576,1224,1200
523 100 648,576,1224,1200
524 100 696,552,1224,1224
525 100 744,552,1224,1224
526 100 744,552,1224,1224
527 100 792,576,1224,1200
528 100 840,576,1224,1224
529 100 840,576,1224,1224
530 100 864,576,1224,1224
531 100 888,576,1224,1224
532 100 888,576,1224,1224
533 100 912,576,1224,1200
534 100 936,576,1224,1200
535 100 936,576,1224,1200
536 100 960,576,1224,1200
537 100 984,576,1224,1200
538 100 984,576,1224,1200
539 100 1008,576,1224,1200
540 100 1008,576,1224,1200
541 100 1056,576,1224,1200
542 100 1080,576,1224,1200
543 100 1080,576,1224,1200
544 100 1104,576,1224,1200
545 100 1128,576,1224,1224
546 100 1128,576,1224,1224
547 100 1152,576,1224,1200
548 100 1152,576,1224,1200
549 100 1152,576,1224,1200
550 100 1176,576,1224,1200
551 100 1176,576,1224,1200
552 100 1176,576,1224,1200
553 100 1200,576,1224,1200
554 100 1224,576,1224,1200
555 100 1224,576,1224,1200
556 100 1248,576,1224,1200
557 100 1248,576,1224,1200
558 100 1248,576,1224,1200
559 100 1248,552,1224,1224
560 100 1248,552,1224,1224
561 100 1272,552,1224,1224
562 100 1272,552,1224,1224
563 100 1272,552,1224,1224
564 100 1296,552,1224,1224
565 100 1296,552,1224,1224
566 100 1296,552,1224,1224
567 100 1296,552,1224,1224
568 100 1296,552,1224,1224
569 100 1296,552,1224,1224
570 100 1272,552,1224,1224
571 100 1272,552,1224,1200
572 100 1272,552,1224,1200
573 100 1272,528,1224,1200
574 100 1272,528,1224,1200
575 100 1272,480,1224,1200
576 100 1248,456,1224,1200
577 100 1248,456,1224,1200
578 100 1224,432,1224,1200
579 100 1200,384,1224,1224
580 100 1200,384,1224,1224
581 100 1176,384,1224,1200
582 100 1176,384,1224,1200
583 100 1176,384,1224,1200
584 100 1176,384,1224,1200
585 100 1152,384,1224,1200
586 100 1152,384,1224,1200
587 100 1152,384,1224,1200
588 100 1152,384,1224,1200
589 100 1152,384,1224,1200
590 100 1128,384,1224,1200
591 100 1128,360,1224,1224
592 100 1128,360,1224,1224
593 100 1104,360,1224,1200
594 100 1104,360,1224,1200
595 100 1104,336,1224,1224
596 100 1080,336,1224,1200
597 100 1080,336,1224,1200
598 100 1056,312,1224,1200
599 100 1032,288,1224,1224
600 100 1032,288,1224,1224
601 100 1056,288,1224,1200
602 100 1056,288,1224,1200
603 100 1056,288,1224,1200
604 100 1080,288,1224,1224
605 100 1080,288,1224,1224
606 100 1080,288,1224,1224
607 100 1104,288,1224,1224
608 100 1104,288,1224,1224
609 100 1104,288,1224,1224
610 100 1152,288,1224,1224
611 100 1152,288,1224,1224
612 100 1200,288,1224,1224
613 100 1248,312,1224,1200
614 100 1248,312,1224,1200
615 100 1296,312,1224,1200
616 100 1344,312,1224,1224
617 100 1344,312,1224,1224
618 100 1392,312,1224,1224
619 100 1416,336,1224,1200
620 100 1416,336,1224,1200
621 100 1416,336,1224,1200
622 100 1416,312,1224,1224
623 100 1416,312,1224,1224
624 100 1392,288,1224,1224
625 100 1368,264,1224,1224
626 100 1368,264,1224,1224
627 100 1296,240,1224,1200
628 100 1296,240,1224,1200
629 100 1272,216,1224,1200
630 100 1200,192,1224,1200
631 100 1200,192,1224,1200
632 100 1152,144,1224,1224
633 100 1104,120,1224,1224
634 100 1104,120,1224,1224
635 100 1080,96,1224,1224
636 100 1056,96,1224,1200
637 100 1056,96,1224,1200
638 100 1032,72,1224,1224
639 100 1008,72,1224,1224
640 100 1008,72,1224,1224
641 100 1008,72,1224,1224
642 100 1008,72,1224,1224
643 100 984,72,1224,1200
644 100 984,72,1224,1200
645 100 984,72,1224,1200
646 100 984,48,1224,1224
647 100 984,72,1224,1200
648 100 984,72,1224,1200
649 100 984,72,1224,1200
650 100 984,72,1224,1200
651 100 984,72,1224,1200
652 100 984,72,1224,1200
653 100 984,72,1224,1200
654 100 984,72,1224,1200
655 100 984,72,1224,1224
656 100 1008,96,1224,1200
657 100 1008,96,1224,1200
658 100 1008,120,1224,1200
659 100 1032,144,1224,1200
660 100 1032,144,1224,1200
661 100 1008,144,1224,1224
662 100 1008,144,1224,1224
663 100 984,168,1224,1224
664 100 960,192,1224,1224
665 100 960,192,1224,1224
666 100 936,240,1224,1224
667 100 912,288,1224,1200
668 100 912,288,1224,1200
669 100 888,312,1224,1224
670 100 864,336,1224,1224
671 100 864,336,1224,1224
672 100 840,384,1224,1200
673 100 816,408,1224,1200
674 100 816,408,1224,1200
675 100 816,432,1224,1200
676 100 792,456,1224,1200
677 100 792,456,1224,1200
678 100 768,456,1224,1224
679 100 720,456,1224,1224
680 100 720,456,1224,1224
681 100 696,480,1224,1200
682 100 648,480,1224,1200
683 100 648,480,1224,1200
684 100 600,480,1224,1200
685 100 552,480,1224,1200
686 100 552,480,1224,1200
687 100 528,480,1224,1224
688 100 528,480,1224,1224
689 100 480,480,1224,1224
690 100 432,504,1224,1200
691 100 432,504,1224,1200
692 100 384,504,1224,1200
693 100 360,504,1224,1200
694 100 360,504,1224,1200
695 100 288,504,1224,1224
696 100 216,528,1224,1200
697 100 216,528,1224,1200
698 100 144,528,1224,1224
699 100 48,552,1224,1200
700 100 48,552,1224,1200
701 100 0,552,1224,1224
702 100 24,552,1224,1224
703 100 24,552,1224,1224
704 100 0,576,1224,1200
705 100 24,576,1224,1200
706 100 24,576,1224,1200
707 100 24,576,1224,1200
708 100 24,576,1224,1200
709 100 0,576,1224,1224
710 100 24,576,1224,1224
711 100 24,576,1224,1224
712 100 0,576,1224,1224
713 100 24,576,1224,1224
714 100 24,576,1224,1224
715 100 24,576,1224,1200
716 100 0,576,1224,1200
717 100 0,576,1224,1200
718 100 48,576,1224,1200
719 100 24,576,1224,1200
720 100 24,576,1224,1200
721 100 24,576,1224,1200
722 100 0,576,1224,1200
723 100 0,576,1224,1200
724 100 0,576,1224,1200
725 100 0,576,1224,1200
726 100 0,576,1224,1200
727 100 0,576,1224,1200
728 100 24,552,1224,1224
729 100 24,552,1224,1224
730 100 48,552,1224,1200
731 100 72,552,1224,1200
732 100 72,552,1224,1200
733 100 24,552,1224,1200
734 100 24,552,1224,1200
735 100 0,552,1224,1200
736 100 48,552,1224,1200
737 100 48,552,1224,1200
738 100 96,528,1224,1224
739 100 48,552,1224,1200
740 100 48,552,1224,1200
741 100 0,552,1224,1200
742 100 0,552,1224,1200
743 100 0,552,1224,1200
744 100 96,528,1224,1224
745 100 48,528,1224,1224
746 100 48,528,1224,1224
747 100 3432,528,1224,1200
748 100 3672,528,1224,1224
749 100 3672,528,1224,1224
750 100 0,528,1224,1224
751 100 0,528,1224,1224
752 100 0,528,1224,1224
753 100 3384,528,1224,1200
754 100 3432,528,1224,1200
755 100 3432,528,1224,1200
756 100 3552,552,1224,1200
757 100 3552,552,1224,1200
758 100 3432,552,1224,1200
759 100 3384,552,1224,1224
760 100 3384,552,1224,1224
761 100 3360,552,1224,1224
762 100 3384,552,1224,1224
763 100 3384,552,1224,1224
764 100 3360,552,1224,1200
765 100 3432,552,1224,1200
766 100 3432,552,1224,1200
767 100 3432,552,1224,1200
768 100 3408,552,1224,1200
769 100 3408,552,1224,1200
770 100 3360,552,1224,1224
771 100 3312,576,1224,1200
772 100 3312,576,1224,1200
773 100 3336,552,1224,1224
774 100 3336,552,1224,1224
775 100 3192,552,1224,1224
776 100 3192,552,1224,1200
777 100 3192,552,1224,1200
778 100 3168,552,1224,1224
779 100 3144,576,1224,1200
780 100 3144,576,1224,1200
781 100 3096,576,1224,1200
782 100 3096,576,1224,1200
783 100 3096,576,1224,1200
784 100 3024,576,1224,1200
785 100 3024,576,1224,1200
786 100 3024,576,1224,1200
787 100 3024,576,1224,1200
788 100 3000,576,1224,1200
789 100 3000,576,1224,1200
790 100 3000,576,1224,1200
791 100 3024,576,1224,1200
792 100 3024,576,1224,1200
793 100 3024,576,1224,1200
794 100 3024,576,1224,1200
795 100 3024,576,1224,1200
796 100 3024,552,1224,1224
797 100 3024,552,1224,1224
798 100 3024,576,1224,1200
799 100 2976,576,1224,1200
800 100 2976,576,1224,1200
801 100 2976,576,1224,1200
802 100 3072,552,1224,1200
803 100 3072,552,1224,1200
804 100 3000,528,1224,1200
805 100 3024,504,1224,1200
806 100 3024,504,1224,1200
807 100 3048,456,1224,1224
808 100 3000,432,1224,1200
809 100 3000,432,1224,1200
810 100 3024,384,1224,1224
811 100 3000,384,1224,1200
812 100 3000,384,1224,1200
813 100 3024,360,1224,1224
814 100 3048,360,1224,1224
815 100 3048,360,1224,1224
816 100 3048,360,1224,1224
817 100 3048,360,1224,1224
818 100 2952,360,1224,1200
819 100 2976,360,1224,1200
820 100 2976,360,1224,1200
821 100 2904,336,1224,1224
822 100 2928,336,1224,1224
823 100 2928,336,1224,1224
824 100 2928,336,1224,1224
825 100 2880,336,1224,1224
826 100 2880,336,1224,1224
827 100 2856,360,1224,1200
828 100 2808,360,1224,1200
829 100 2808,360,1224,1200
830 100 2760,360,1224,1224
831 100 2664,384,1224,1200
832 100 2664,384,1224,1200
833 100 2568,384,1224,1224
834 100 2568,384,1224,1224
835 100 2544,408,1224,1200
836 100 2520,408,1224,1224
837 100 2520,408,1224,1224
838 100 2472,432,1224,1200
839 100 2424,432,1224,1224
840 100 2424,432,1224,1224
841 100 2376,432,1224,1224
842 100 2328,456,1224,1200
843 100 2328,456,1224,1200
844 100 2280,456,1224,1200
845 100 2256,456,1224,1200
846 100 2256,456,1224,1200
847 100 2208,456,1224,1224
848 100 2184,456,1224,1224
849 100 2184,456,1224,1224
850 100 2184,456,1224,1224
851 100 2184,456,1224,1224
852 100 2184,456,1224,1224
853 100 2160,480,1224,1200
854 100 2160,480,1224,1200
855 100 2160,480,1224,1224
856 100 2160,504,1224,1200
857 100 2160,504,1224,1200
858 100 2160,504,1224,1200
859 100 2160,504,1224,1200
860 100 2160,504,1224,1200
861 100 2136,504,1224,1200
862 100 2160,504,1224,1200
863 100 2160,504,1224,1200
864 100 2160,504,1224,1224
865 100 2136,504,1224,1224
866 100 2136,504,1224,1224
867 100 2112,504,1224,1224
868 100 2064,504,1224,1200
869 100 2064,504,1224,1200
870 100 2040,504,1224,1224
871 100 2016,504,1224,1224
872 100 2016,504,1224,1224
873 100 2016,504,1224,1224
874 100 2016,504,1224,1224
875 100 1992,504,1224,1224
876 100 1968,504,1224,1224
877 100 1968,504,1224,1224
878 100 1968,504,1224,1224
879 100 1944,504,1224,1224
880 100 1944,504,1224,1224
881 100 1944,504,1224,1224
882 100 1920,504,1224,1224
883 100 1920,504,1224,1224
884 100 1920,528,1224,1200
885 100 1920,528,1224,1200
886 100 1920,528,1224,1200
887 100 1920,528,1224,1200
888 100 1920,528,1224,1200
889 100 1920,528,1224,1200
890 100 1920,528,1224,1224
891 100 1920,528,1224,1224
892 100 1920,528,1224,1224
893 100 1944,552,1224,1224
894 100 1944,552,1224,1224
895 100 1944,576,1224,1224
896 100 1920,600,1224,1224
897 100 1920,600,1224,1224
898 100 1896,648,1224,1200
899 100 1872,672,1224,1224
900 100 1872,672,1224,1224
901 100 1872,696,1224,1224
902 100 1848,744,1224,1200
903 100 1848,744,1224,1200
904 100 1848,768,1224,1200
905 100 1824,792,1224,1200
906 100 1824,792,1224,1200
907 100 1800,792,1224,1224
908 100 1800,792,1224,1224
909 100 1800,816,1224,1200
910 100 1776,840,1224,1200
911 100 1776,840,1224,1200
912 100 1776,840,1224,1224
913 100 1776,864,1224,1200
914 100 1776,864,1224,1200
915 100 1776,864,1224,1224
916 100 1776,888,1224,1200
917 100 1776,888,1224,1200
918 100 1776,912,1224,1224
919 100 1776,936,1224,1224
920 100 1776,936,1224,1224
921 100 1776,960,1224,1200
922 100 1776,984,1224,1176
923 100 1776,984,1224,1176
924 100 1584,984,1224,1176
925 100 864,1008,1224,1152
926 100 864,1008,1224,1152
927 100 336,1008,1224,1152
928 100 336,1008,1224,1152
929 100 0,1032,1224,1128
930 100 0,1032,1224,1128
931 100 0,1032,1224,1128
932 100 0,1032,1224,1128
933 100 0,1032,1224,1128
934 100 0,1032,1224,1128
935 100 0,1032,1224,1128
936 100 0,1032,1224,1128
937 100 0,1032,1224,1128
938 100 0,1032,1224,1128
939 100 0,1032,1224,1128
940 100 0,1032,1224,1128
941 100 0,1032,1224,1128
942 100 0,1032,1224,1128
943 100 0,1032,1224,1128
944 100 0,1032,1224,1128
945 100 0,1032,1224,1128
946 100 0,1032,1224,1128
947 100 0,1008,1224,1152
948 100 0,1008,1224,1152
949 100 0,1008,1224,1152
950 100 312,1008,1224,1152
951 100 312,1008,1224,1152
952 100 1008,1008,1224,1152
953 100 1392,1008,1224,1152
954 100 1392,1008,1224,1152
955 100 1728,984,1224,1176
956 100 1896,984,1224,1176
957 100 1896,984,1224,1176
958 100 2088,984,1224,1176
959 100 2112,984,1224,1176
960 100 2112,984,1224,1176
961 100 2256,984,1224,1176
962 100 2280,960,1224,1200
963 100 2280,960,1224,1200
964 100 2232,960,1224,1200
965 100 2304,960,1224,1200
966 100 2304,960,1224,1200
967 100 2280,960,1224,1200
968 100 2352,960,1224,1200
969 100 2352,960,1224,1200
970 100 2304,960,1224,1200
971 100 2304,960,1224,1200
972 100 2328,960,1224,1200
973 100 2352,936,1224,1224
974 100 2352,936,1224,1224
975 100 2376,936,1224,1224
976 100 2376,936,1224,1224
977 100 2376,936,1224,1224
978 100 2424,936,1224,1224
979 100 2448,936,1224,1200
980 100 2448,936,1224,1200
981 100 2400,936,1224,1200
982 100 2424,936,1224,1200
983 100 2424,936,1224,1200
984 100 2448,936,1224,1200
985 100 2448,936,1224,1200
986 100 2448,936,1224,1200
987 100 2544,936,1224,1200
988 100 2568,936,1224,1200
989 100 2568,936,1224,1200
990 100 2592,936,1224,1200
991 100 2520,912,1224,1224
992 100 2520,912,1224,1224
993 100 2544,912,1224,1224
994 100 2544,912,1224,1224
995 100 2664,912,1224,1224
996 100 2688,912,1224,1224
997 100 2688,912,1224,1224
998 100 2712,912,1224,1200
999 100 2616,912,1224,1200
1000 100 2616,912,1224,1200
1001 100 2664,912,1224,1200
1002 100 2736,888,1224,1224
1003 100 2736,888,1224,1224
1004 100 2784,888,1224,1224
1005 100 2808,888,1224,1224
1006 100 2808,888,1224,1224
1007 100 2760,888,1224,1224
1008 100 2760,888,1224,1224
1009 100 2712,912,1224,1200
1010 100 2664,912,1224,1200
1011 100 2664,912,1224,1200
1012 100 2760,912,1224,1200
1013 100 2712,912,1224,1200
1014 100 2712,912,1224,1200
1015 100 2688,912,1224,1224
1016 100 2688,912,1224,1224
1017 100 2688,912,1224,1224
1018 100 2688,912,1224,1224
1019 100 2640,912,1224,1224
1020 100 2640,912,1224,1224
1021 100 2784,936,1224,1200
1022 100 2808,936,1224,1200
1023 100 2808,936,1224,1200
1024 100 2736,936,1224,1200
1025 100 2760,936,1224,1200
1026 100 2760,936,1224,1200
1027 100 2760,936,1224,1200
1028 100 2784,936,1224,1200
1029 100 2784,936,1224,1200
1030 100 2808,936,1224,1200
1031 100 2808,936,1224,1200
1032 100 2784,936,1224,1200
1033 100 2808,912,1224,1224
1034 100 2808,912,1224,1224
1035 100 2832,912,1224,1224
1036 100 2880,912,1224,1224
1037 100 2880,912,1224,1224
1038 100 2880,912,1224,1224
1039 100 2904,912,1224,1224
1040 100 2904,912,1224,1224
1041 100 3048,912,1224,1200
1042 100 2880,912,1224,1200
1043 100 2880,912,1224,1200
1044 100 2952,888,1224,1224
1045 100 3024,888,1224,1224
1046 100 3024,888,1224,1224
1047 100 2952,888,1224,1224
1048 100 2976,888,1224,1224
1049 100 2976,888,1224,1224
1050 100 3048,888,1224,1224
1051 100 3144,888,1224,1200
1052 100 3144,888,1224,1200
1053 100 3000,864,1224,1224
1054 100 3312,864,1224,1200
1055 100 3312,864,1224,1200
1056 100 3216,840,1224,1200
1057 100 3360,840,1224,1200
1058 100 3360,840,1224,1200
1059 100 3360,840,1224,1200
1060 100 3360,840,1224,1200
1061 100 3384,840,1224,1200
1062 100 3312,840,1224,1200
1063 100 3312,840,1224,1200
1064 100 3456,840,1224,1200
1065 100 3360,816,1224,1200
1066 100 3360,816,1224,1200
1067 100 3288,792,1224,1200
1068 100 3360,792,1224,1200
1069 100 3360,792,1224,1200
1070 100 3384,792,1224,1200
1071 100 3360,792,1224,1200
1072 100 3360,792,1224,1200
1073 100 3240,792,1224,1200
1074 100 3480,816,1224,1200
1075 100 3480,816,1224,1200
1076 100 3312,816,1224,1200
1077 100 3264,816,1224,1200
1078 100 3264,816,1224,1200
1079 100 3288,816,1224,1200
1080 100 3336,816,1224,1200
1081 100 3336,816,1224,1200
1082 100 3384,816,1224,1200
1083 100 3432,816,1224,1200
1084 100 3432,816,1224,1200
1085 100 3456,816,1224,1200
1086 100 0,792,1224,1224
1087 100 0,792,1224,1224
1088 100 3264,792,1224,1200
1089 100 3408,792,1224,1200
1090 100 3408,792,1224,1200
1091 100 0,768,1224,1224
1092 100 0,768,1224,1224
1093 100 3408,768,1224,1200
1094 100 3288,744,1224,1200
1095 100 3288,744,1224,1200
1096 100 24,720,1224,1224
1097 100 3528,720,1224,1200
1098 100 3528,720,1224,1200
1099 100 3408,696,1224,1200
1100 100 0,672,1224,1224
1101 100 0,672,1224,1224
1102 100 3408,672,1224,1200
1103 100 24,648,1224,1224
1104 100 24,648,1224,1224
1105 100 3480,648,1224,1200
1106 100 3384,624,1224,1200
1107 100 3384,624,1224,1200
1108 100 3504,624,1224,1200
1109 100 3552,624,1224,1200
1110 100 3552,624,1224,1200
1111 100 3504,624,1224,1200
1112 100 3504,624,1224,1200
1113 100 3504,624,1224,1200
1114 100 3480,624,1224,1200
1115 100 3480,624,1224,1200
1116 100 3480,624,1224,1200
1117 100 3480,624,1224,1200
1118 100 3504,624,1224,1200
1119 100 3504,624,1224,1200
1120 100 3552,624,1224,1200
1121 100 3552,624,1224,1200
1122 100 0,600,1224,1224
1123 100 24,600,1224,1224
1124 100 24,600,1224,1224
1125 100 3384,600,1224,1200
1126 100 3480,600,1224,1200
1127 100 3480,600,1224,1200
1128 100 48,576,1224,1224
1129 100 3456,576,1224,1200
1130 100 3456,576,1224,1200
1131 100 168,552,1224,1224
1132 100 72,552,1224,1200
1133 100 72,552,1224,1200
1134 100 48,528,1224,1200
1135 100 24,504,1224,1224
1136 100 24,504,1224,1224
1137 100 24,504,1224,1200
1138 100 24,480,1224,1200
1139 100 24,480,1224,1200
1140 100 0,456,1224,1200
1141 100 48,408,1224,1200
1142 100 48,408,1224,1200
1143 100 48,384,1224,1200
1144 100 24,336,1224,1224
1145 100 24,336,1224,1224
1146 100 0,312,1224,1224
1147 100 0,288,1224,1200
1148 100 0,288,1224,1200
1149 100 0,264,1224,1200
1150 100 0,264,1224,1200
1151 100 0,240,1224,1224
1152 100 0,240,1224,1200
1153 100 0,240,1224,1200
1154 100 0,240,1224,1200
1155 100 0,240,1224,1200
1156 100 0,240,1224,1200
1157 100 0,216,1224,1224
1158 100 0,216,1224,1224
1159 100 0,216,1224,1224
1160 100 0,240,1224,1200
1161 100 0,240,1224,1224
1162 100 0,240,1224,1224
1163 100 0,264,1224,1200
1164 100 0,264,1224,1200
1165 100 0,264,1224,1200
1166 100 0,240,1224,1224
1167 100 0,240,1224,1200
1168 100 0,240,1224,1200
1169 100 0,240,1224,1224
1170 100 0,264,1224,1200
1171 100 0,264,1224,1200
1172 100 0,264,1224,1224
1173 100 0,264,1224,1224
1174 100 0,264,1224,1224
1175 100 0,288,1224,1200
1176 100 0,288,1224,1224
1177 100 0,288,1224,1224
1178 100 0,312,1224,1200
1179 100 0,312,1224,1200
1180 100 0,312,1224,1200
1181 100 0,336,1224,1200
1182 100 0,336,1224,1200
1183 100 0,360,1224,1200
1184 100 0,384,1224,1200
1185 100 0,384,1224,1200
1186 100 24,408,1224,1200
1187 100 72,432,1224,1224
1188 100 72,432,1224,1224
1189 100 120,480,1224,1200
1190 100 144,504,1224,1200
1191 100 144,504,1224,1200
1192 100 168,504,1224,1224
1193 100 168,504,1224,1224
1194 100 168,504,1224,1224
1195 100 192,504,1224,1224
1196 100 216,504,1224,1200
1197 100 216,504,1224,1200
1198 100 216,480,1224,1224
1199 100 216,504,1224,1200
1200 100 216,504,1224,1200
1201 100 240,504,1224,1224
1202 100 240,528,1224,1224
1203 100 240,528,1224,1224
1204 100 240,552,1224,1200
1205 100 216,576,1224,1200
1206 100 216,576,1224,1200
1207 100 216,600,1224,1200
1208 100 216,600,1224,1200
1209 100 192,624,1224,1224
1210 100 168,672,1224,1200
1211 100 168,672,1224,1200
1212 100 144,720,1224,1200
1213 100 96,768,1224,1200
1214 100 96,768,1224,1200
1215 100 48,816,1224,1200
1216 100 0,816,1224,1224
1217 100 0,816,1224,1224
1218 100 0,816,1224,1224
1219 100 0,816,1224,1200
1220 100 0,816,1224,1200
1221 100 0,816,1224,1200
1222 100 0,816,1224,1200
1223 100 0,816,1224,1200
1224 100 0,816,1224,1200
1225 100 0,816,1224,1200
1226 100 0,816,1224,1200
1227 100 0,816,1224,1200
1228 100 0,816,1224,1200
1229 100 0,816,1224,1200
1230 100 0,816,1224,1200
1231 100 0,816,1224,1200
1232 100 0,816,1224,1200
1233 100 0,816,1224,1200
1234 100 0,816,1224,1200
1235 100 0,816,1224,1200
1236 100 24,816,1224,1200
1237 100 24,816,1224,1200
1238 100 24,816,1224,1200
1239 100 24,816,1224,1200
1240 100 24,816,1224,1200
1241 100 24,816,1224,1200
1242 100 48,816,1224,1200
1243 100 48,816,1224,1200
1244 100 48,816,1224,1200
1245 100 72,816,1224,1200
1246 100 72,816,1224,1200
1247 100 72,816,1224,1200
1248 100 120,816,1224,1200
1249 100 120,816,1224,1200
1250 100 168,816,1224,1200
1251 100 192,816,1224,1224
1252 100 192,816,1224,1224
1253 100 216,840,1224,1200
1254 100 240,864,1224,1200
1255 100 240,864,1224,1200
1256 100 240,864,1224,1224
1257 100 264,864,1224,1224
1258 100 264,864,1224,1224
1259 100 288,864,1224,1224
1260 100 288,864,1224,1224
1261 100 288,888,1224,1200
1262 100 288,888,1224,1200
1263 100 288,888,1224,1200
1264 100 312,888,1224,1200
1265 100 336,888,1224,1200
1266 100 336,888,1224,1200
1267 100 336,888,1224,1224
1268 100 360,888,1224,1200
1269 100 360,888,1224,1200
1270 100 384,888,1224,1200
1271 100 384,888,1224,1200
1272 100 384,888,1224,1200
1273 100 408,888,1224,1200
1274 100 432,888,1224,1200
1275 100 432,888,1224,1200
1276 100 432,888,1224,1200
1277 100 456,888,1224,1200
1278 100 456,888,1224,1200
1279 100 456,888,1224,1200
1280 100 480,888,1224,1200
1281 100 480,888,1224,1200
1282 100 480,888,1224,1224
1283 100 480,912,1224,1200
1284 100 480,912,1224,1200
1285 100 480,912,1224,1200
1286 100 480,912,1224,1224
1287 100 480,912,1224,1224
1288 100 456,912,1224,1224
1289 100 456,912,1224,1224
1290 100 456,936,1224,1200
1291 100 432,936,1224,1200
1292 100 432,936,1224,1200
1293 100 408,936,1224,1224
1294 100 408,960,1224,1200
1295 100 408,960,1224,1200
1296 100 384,960,1224,1200
1297 100 384,960,1224,1200
1298 100 384,960,1224,1200
1299 100 360,960,1224,1200
1300 100 336,960,1224,1200
1301 100 336,960,1224,1200
1302 100 312,960,1224,1200
1303 100 288,960,1224,1200
1304 100 288,960,1224,1200
1305 100 264,960,1224,1200
1306 100 240,984,1224,1176
1307 100 240,984,1224,1176
1308 100 216,984,1224,1176
1309 100 144,984,1224,1176
1310 100 144,984,1224,1176
1311 100 1440,1008,1224,1152
1312 100 1272,1008,1224,1152
1313 100 1272,1008,1224,1152
1314 100 792,1008,1224,1152
1315 100 792,1008,1224,1152
1316 100 0,1032,1224,1128
1317 100 0,1032,1224,1128
1318 100 0,1032,1224,1128
1319 100 0,1056,1224,1104
1320 100 0,1056,1224,1104
1321 100 0,1056,1224,1104
1322 100 0,1104,1224,1056
1323 100 0,1128,1224,1032
1324 100 0,1128,1224,1032
1325 100 0,1152,1224,1008
1326 100 0,1152,1224,1008
1327 100 0,1152,1224,1008
1328 100 0,1176,1224,984
1329 100 0,1176,1224,984
1330 100 0,1176,1224,984
1331 100 0,1176,1224,984
1332 100 0,1176,1224,984
1333 100 0,1200,1224,960
1334 100 0,1200,1224,960
1335 100 0,1200,1224,960
1336 100 0,1200,1224,960
1337 100 0,1200,1224,960
1338 100 0,1200,1224,960
1339 100 0,1200,1224,960
1340 100 0,1200,1224,960
1341 100 0,1200,1224,960
1342 100 0,1224,1224,936
1343 100 0,1224,1224,936
1344 100 0,1224,1224,936
1345 100 0,1200,1224,960
1346 100 0,1200,1224,960
1347 100 0,1200,1224,960
1348 100 0,1200,1224,960
1349 100 0,1200,1224,960
1350 100 0,1224,1224,936
1351 100 0,1200,1224,960
1352 100 0,1200,1224,960
1353 100 0,1200,1224,960
1354 100 0,1200,1224,960
1355 100 0,1200,1224,960
1356 100 0,1176,1224,984
1357 100 0,1152,1224,1008
1358 100 0,1152,1224,1008
1359 100 0,1152,1224,1008
1360 100 0,1128,1224,1032
1361 100 0,1128,1224,1032
1362 100 0,1104,1224,1056
1363 100 0,1104,1224,1056
1364 100 0,1104,1224,1056
1365 100 0,1104,1224,1056
1366 100 0,1104,1224,1056
1367 100 0,1104,1224,1056
1368 100 0,1104,1224,1056
1369 100 0,1104,1224,1056
1370 100 0,1104,1224,1056
1371 100 0,1104,1224,1056
1372 100 0,1104,1224,1056
1373 100 0,1104,1224,1056
1374 100 0,1104,1224,1056
1375 100 0,1104,1224,1056
1376 100 0,1104,1224,1056
1377 100 0,1104,1224,1056
1378 100 0,1104,1224,1056
1379 100 0,1104,1224,1056
1380 100 0,1104,1224,1056
1381 100 0,1104,1224,1056
1382 100 0,1080,1224,1080
1383 100 0,1080,1224,1080
1384 100 0,1080,1224,1080
1385 100 0,1080,1224,1080
1386 100 0,1080,1224,1080
1387 100 0,1080,1224,1080
1388 100 0,1080,1224,1080
1389 100 0,1080,1224,1080
1390 100 0,1080,1224,1080
1391 100 0,1080,1224,1080
1392 100 0,1080,1224,1080
1393 100 0,1080,1224,1080
1394 100 0,1080,1224,1080
1395 100 0,1080,1224,1080
1396 100 0,1080,1224,1080
1397 100 0,1080,1224,1080
1398 100 0,1080,1224,1080
1399 100 0,1056,1224,1104
1400 100 0,1056,1224,1104
1401 100 0,1056,1224,1104
1402 100 0,1056,1224,1104
1403 100 0,1056,1224,1104
1404 100 0,1056,1224,1104
1405 100 0,1056,1224,1104
1406 100 0,1056,1224,1104
1407 100 0,1056,1224,1104
1408 100 0,1056,1224,1104
1409 100 0,1056,1224,1104
1410 100 0,1056,1224,1104
1411 100 0,1056,1224,1104
1412 100 0,1056,1224,1104
1413 100 0,1032,1224,1128
1414 100 0,1008,1224,1152
1415 100 0,1008,1224,1152
1416 100 1680,984,1224,1176
1417 100 2832,960,1224,1200
1418 100 2832,960,1224,1200
1419 100 2736,960,1224,1200
1420 100 2880,960,1224,1200
1421 100 2880,960,1224,1200
1422 100 3120,936,1224,1224
1423 100 3456,936,1224,1224
1424 100 3456,936,1224,1224
1425 100 2928,936,1224,1200
1426 100 3120,936,1224,1200
1427 100 3120,936,1224,1200
1428 100 3144,936,1224,1200
1429 100 2952,936,1224,1200
1430 100 2952,936,1224,1200
1431 100 2952,936,1224,1200
1432 100 3072,936,1224,1200
1433 100 3072,936,1224,1200
1434 100 3144,936,1224,1200
1435 100 3408,912,1224,1224
1436 100 3408,912,1224,1224
1437 100 3480,912,1224,1224
1438 100 3096,936,1224,1200
1439 100 3096,936,1224,1200
1440 100 3360,936,1224,1224
1441 100 3360,936,1224,1224
1442 100 2760,960,1224,1200
1443 100 2664,960,1224,1200
1444 100 2664,960,1224,1200
1445 100 2568,960,1224,1200
1446 100 2808,960,1224,1200
1447 100 2808,960,1224,1200
1448 100 2760,984,1224,1176
1449 100 2832,984,1224,1176
1450 100 2832,984,1224,1176
1451 100 2472,984,1224,1176
1452 100 1920,984,1224,1176
1453 100 1920,984,1224,1176
1454 100 2184,984,1224,1176
1455 100 2664,984,1224,1176
1456 100 2664,984,1224,1176
1457 100 2856,984,1224,1176
1458 100 3024,960,1224,1200
1459 100 3024,960,1224,1200
1460 100 2928,960,1224,1200
1461 100 2928,960,1224,1200
1462 100 2760,936,1224,1224
1463 100 2784,936,1224,1224
1464 100 2784,936,1224,1224
1465 100 2712,936,1224,1224
1466 100 3024,960,1224,1200
1467 100 3024,960,1224,1200
1468 100 2928,936,1224,1200
1469 100 3000,912,1224,1200
1470 100 3000,912,1224,1200
1471 100 2928,912,1224,1200
1472 100 2952,888,1224,1224
1473 100 2952,888,1224,1224
1474 100 2904,912,1224,1200
1475 100 3000,888,1224,1224
1476 100 3000,888,1224,1224
1477 100 2880,888,1224,1200
1478 100 2784,888,1224,1200
1479 100 2784,888,1224,1200
1480 100 2832,864,1224,1224
1481 100 2712,864,1224,1224
1482 100 2712,864,1224,1224
1483 100 2616,864,1224,1224
1484 100 2640,864,1224,1200
1485 100 2640,864,1224,1200
1486 100 2616,864,1224,1224
1487 100 2592,864,1224,1224
1488 100 2592,864,1224,1224
1489 100 2544,888,1224,1200
1490 100 2544,888,1224,1200
1491 100 2544,888,1224,1200
1492 100 2520,888,1224,1200
1493 100 2520,888,1224,1200
1494 100 2520,888,1224,1200
1495 100 2496,888,1224,1200
1496 100 2496,888,1224,1200
1497 100 2472,888,1224,1200
1498 100 2424,888,1224,1224
1499 100 2424,888,1224,1224
1500 100 2448,912,1224,1200
1501 100 2424,912,1224,1200
1502 100 2424,912,1224,1200
1503 100 2424,912,1224,1200
1504 100 2400,912,1224,1200
1505 100 2400,912,1224,1200
1506 100 2328,912,1224,1200
1507 100 2328,912,1224,1200
1508 100 2328,912,1224,1200
1509 100 2304,912,1224,1200
1510 100 2256,912,1224,1200
1511 100 2256,912,1224,1200
1512 100 2232,912,1224,1200
1513 100 2160,912,1224,1200
1514 100 2160,912,1224,1200
1515 100 2112,912,1224,1224
1516 100 2088,912,1224,1224
1517 100 2088,912,1224,1224
1518 100 2088,912,1224,1200
1519 100 2088,912,1224,1200
1520 100 2064,888,1224,1224
1521 100 2064,912,1224,1224
1522 100 2064,912,1224,1224
1523 100 2040,912,1224,1224
1524 100 2040,912,1224,1224
1525 100 2040,912,1224,1224
1526 100 2040,912,1224,1224
1527 100 2016,912,1224,1224
1528 100 2016,912,1224,1224
1529 100 2016,912,1224,1224
1530 100 2016,912,1224,1224
1531 100 2016,912,1224,1224
1532 100 1992,912,1224,1224
1533 100 1992,912,1224,1224
1534 100 1992,912,1224,1224
1535 100 1992,912,1224,1224
1536 100 1992,912,1224,1224
1537 100 1992,912,1224,1224
1538 100 1992,912,1224,1224
1539 100 1992,912,1224,1224
1540 100 1992,912,1224,1224
1541 100 1968,912,1224,1224
1542 100 1968,912,1224,1224
1543 100 1968,912,1224,1224
1544 100 1968,912,1224,1224
1545 100 1968,912,1224,1224
1546 100 1944,912,1224,1224
1547 100 1920,912,1224,1200
1548 100 1920,912,1224,1200
1549 100 1896,888,1224,1224
1550 100 1896,888,1224,1224
1551 100 1896,888,1224,1224
1552 100 1872,864,1224,1224
1553 100 1872,864,1224,1224
1554 100 1872,864,1224,1224
1555 100 1848,864,1224,1224
1556 100 1848,864,1224,1224
1557 100 1824,864,1224,1200
1558 100 1800,840,1224,1224
1559 100 1800,840,1224,1224
1560 100 1776,840,1224,1224
1561 100 1776,840,1224,1224
1562 100 1776,840,1224,1224
1563 100 1752,840,1224,1224
1564 100 1752,840,1224,1200
1565 100 1752,840,1224,1200
1566 100 1752,840,1224,1200
1567 100 1728,816,1224,1224
1568 100 1728,816,1224,1224
1569 100 1728,816,1224,1200
1570 100 1704,816,1224,1200
1571 100 1704,816,1224,1200
1572 100 1704,816,1224,1200
1573 100 1680,792,1224,1224
1574 100 1680,792,1224,1224
1575 100 1680,792,1224,1200
1576 100 1680,792,1224,1200
1577 100 1680,792,1224,1200
1578 100 1656,792,1224,1200
1579 100 1656,792,1224,1200
1580 100 1656,792,1224,1200
1581 100 1632,792,1224,1200
1582 100 1632,792,1224,1200
1583 100 1632,792,1224,1224
1584 100 1608,816,1224,1200
1585 100 1608,816,1224,1200
1586 100 1608,840,1224,1200
1587 100 1608,840,1224,1200
1588 100 1584,840,1224,1224
1589 100 1560,864,1224,1224
1590 100 1560,864,1224,1224
1591 100 1512,912,1224,1200
1592 100 1464,960,1224,1200
1593 100 1464,960,1224,1200
1594 100 1464,984,1224,1176
1595 100 1464,984,1224,1176
1596 100 1464,984,1224,1176
1597 100 1440,984,1224,1176
1598 100 1248,1008,1224,1152
1599 100 1248,1008,1224,1152
1600 100 1104,1008,1224,1152
1601 100 1104,1008,1224,1152
1602 100 888,1008,1224,1152
1603 100 0,1008,1224,1152
1604 100 0,1008,1224,1152
1605 100 0,1008,1224,1152
1606 100 0,1008,1224,1152
1607 100 0,1008,1224,1152
1608 100 768,1008,1224,1152
1609 100 1296,984,1224,1176
1610 100 1296,984,1224,1176
1611 100 1440,960,1224,1200
1612 100 1464,936,1224,1224
1613 100 1464,936,1224,1224
1614 100 1464,912,1224,1224
1615 100 1488,888,1224,1224
1616 100 1488,888,1224,1224
1617 100 1488,864,1224,1200
1618 100 1512,840,1224,1200
1619 100 1512,840,1224,1200
1620 100 1536,792,1224,1200
1621 100 1584,744,1224,1200
1622 100 1584,744,1224,1200
1623 100 1656,672,1224,1200
1624 100 1656,672,1224,1200
1625 100 1704,600,1224,1200
1626 100 1752,552,1224,1200
1627 100 1752,552,1224,1200
1628 100 1752,504,1224,1200
1629 100 1728,456,1224,1200
1630 100 1728,456,1224,1200
1631 100 1728,408,1224,1224
1632 100 1728,384,1224,1224
1633 100 1728,384,1224,1224
1634 100 1728,360,1224,1224
1635 100 1728,336,1224,1224
1636 100 1728,336,1224,1224
1637 100 1728,312,1224,1224
1638 100 1752,288,1224,1224
1639 100 1752,288,1224,1224
1640 100 1752,264,1224,1248
1641 100 1776,264,1224,1224
1642 100 1776,264,1224,1224
1643 100 1776,240,1224,1224
1644 100 1776,192,1224,1248
1645 100 1776,192,1224,1248
1646 100 1824,192,1224,1248
1647 100 1824,192,1224,1248
1648 100 1824,192,1224,1248
1649 100 1848,192,1224,1248
1650 100 1848,192,1224,1248
1651 100 1872,168,1224,1272
1652 100 1872,168,1224,1248
1653 100 1872,168,1224,1248
1654 100 1872,168,1224,1248
1655 100 1872,144,1224,1272
1656 100 1872,144,1224,1272
1657 100 1896,120,1224,1272
1658 100 1896,96,1224,1272
1659 100 1896,96,1224,1272
1660 100 1896,72,1224,1296
1661 100 1896,48,1224,1296
1662 100 1896,48,1224,1296
1663 100 1848,24,1224,1296
1664 100 1872,24,1224,1296
1665 100 1872,24,1224,1296
1666 100 1872,24,1224,1296
1667 100 1872,24,1224,1296
1668 100 1872,24,1224,1296
1669 100 1848,24,1224,1296
1670 100 1848,24,1224,1296
1671 100 1872,24,1224,1296
1672 100 1872,24,1224,1272
1673 100 1872,24,1224,1272
1674 100 1920,24,1224,1272
1675 100 1920,24,1224,1272
1676 100 1920,24,1224,1272
1677 100 1944,24,1224,1272
1678 100 1992,24,1224,1272
1679 100 1992,24,1224,1272
1680 100 2040,24,1224,1272
1681 100 2064,48,1224,1248
1682 100 2064,48,1224,1248
1683 100 2112,48,1224,1248
1684 100 2112,48,1224,1248
1685 100 2160,48,1224,1248
1686 100 2232,72,1224,1224
1687 100 2232,72,1224,1224
1688 100 2376,72,1224,1224
1689 100 2472,72,1224,1224
1690 100 2472,72,1224,1224
1691 100 2568,96,1224,1200
1692 100 2664,96,1224,1224
1693 100 2664,96,1224,1224
1694 100 2736,120,1224,1224
1695 100 2832,144,1224,1200
1696 100 2832,144,1224,1200
1697 100 2880,144,1224,1200
1698 100 2904,168,1224,1200
1699 100 2904,168,1224,1200
1700 100 3048,168,1224,1224
1701 100 3120,192,1224,1200
1702 100 3120,192,1224,1200
1703 100 3144,216,1224,1200
1704 100 3336,240,1224,1200
1705 100 3336,240,1224,1200
1706 100 3264,288,1224,1200
1707 100 3264,288,1224,1200
1708 100 3240,312,1224,1200
1709 100 3360,336,1224,1224
1710 100 3360,336,1224,1224
1711 100 3216,384,1224,1200
1712 100 3384,432,1224,1224
1713 100 3384,432,1224,1224
1714 100 3312,504,1224,1200
1715 100 3360,552,1224,1224
1716 100 3360,552,1224,1224
1717 100 3336,600,1224,1224
1718 100 3312,648,1224,1224
1719 100 3312,648,1224,1224
1720 100 3360,672,1224,1200
1721 100 3408,672,1224,1200
1722 100 3408,672,1224,1200
1723 100 3432,672,1224,1200
1724 100 3384,672,1224,1200
1725 100 3384,672,1224,1200
1726 100 3432,672,1224,1200
1727 100 3384,672,1224,1200
1728 100 3384,672,1224,1200
1729 100 3288,672,1224,1224
1730 100 3264,696,1224,1200
1731 100 3264,696,1224,1200
1732 100 3408,696,1224,1200
1733 100 3312,696,1224,1224
1734 100 3312,696,1224,1224
1735 100 3312,696,1224,1224
1736 100 3432,696,1224,1200
1737 100 3432,696,1224,1200
1738 100 3456,696,1224,1200
1739 100 3480,696,1224,1200
1740 100 3480,696,1224,1200
1741 100 3456,696,1224,1200
1742 100 3480,696,1224,1200
1743 100 3480,696,1224,1200
1744 100 3504,696,1224,1200
1745 100 3528,696,1224,1200
1746 100 3528,696,1224,1200
1747 100 3480,696,1224,1200
1748 100 3480,696,1224,1200
1749 100 3504,696,1224,1200
1750 100 3480,696,1224,1200
1751 100 3480,696,1224,1200
1752 100 3576,672,1224,1224
1753 100 3528,696,1224,1200
1754 100 3528,696,1224,1200
1755 100 3528,696,1224,1200
1756 100 3408,696,1224,1200
1757 100 3408,696,1224,1200
1758 100 3432,696,1224,1200
1759 100 3360,696,1224,1200
1760 100 3360,696,1224,1200
1761 100 3336,696,1224,1200
1762 100 3576,696,1224,1224
1763 100 3576,696,1224,1224
1764 100 3600,696,1224,1224
1765 100 3384,696,1224,1200
1766 100 3384,696,1224,1200
1767 100 3648,672,1224,1224
1768 100 3528,672,1224,1200
1769 100 3528,672,1224,1200
1770 100 3408,648,1224,1200
1771 100 3480,648,1224,1200
1772 100 3480,648,1224,1200
1773 100 3456,648,1224,1200
1774 100 3456,648,1224,1200
1775 100 3384,648,1224,1200
1776 100 3360,648,1224,1200
1777 100 3360,648,1224,1200
1778 100 24,648,1224,1224
1779 100 3456,672,1224,1200
1780 100 3456,672,1224,1200
1781 100 0,696,1224,1200
1782 100 24,720,1224,1200
1783 100 24,720,1224,1200
1784 100 0,744,1224,1200
1785 100 3384,768,1224,1200
1786 100 3384,768,1224,1200
1787 100 0,792,1224,1200
1788 100 144,792,1224,1224
1789 100 144,792,1224,1224
1790 100 24,816,1224,1200
1791 100 3216,816,1224,1200
1792 100 3216,816,1224,1200
1793 100 0,840,1224,1200
1794 100 3168,840,1224,1200
1795 100 3168,840,1224,1200
1796 100 3360,864,1224,1200
1797 100 3120,864,1224,1200
1798 100 3120,864,1224,1200
1799 100 3120,864,1224,1200
