0 100 1944,576,1224,1200
1 100 1944,576,1224,1200
2 100 1944,576,1224,1200
3 100 1944,576,1224,1200
4 100 1920,576,1224,1200
5 100 1920,576,1224,1200
6 100 1920,576,1224,1200
7 100 1920,576,1224,1200
8 100 1920,576,1224,1200
9 100 1920,576,1224,1200
10 100 1920,576,1224,1200
11 100 1920,576,1224,1200
12 100 1920,576,1224,1200
13 100 1920,576,1224,1200
14 100 1920,576,1224,1200
15 100 1920,576,1224,1200
16 100 1920,576,1224,1200
17 100 1920,576,1224,1200
18 100 1920,576,1224,1200
19 100 1920,576,1224,1200
20 100 1920,576,1224,1200
21 100 1920,576,1224,1200
22 100 1920,576,1224,1200
23 100 1920,576,1224,1200
24 100 1920,576,1224,1200
25 100 1920,576,1224,1200
26 100 1920,576,1224,1200
27 100 1920,576,1224,1200
28 100 1920,576,1224,1200
29 100 1920,576,1224,1200
30 100 1920,576,1224,1200
31 100 1920,576,1224,1200
32 100 1920,576,1224,1200
33 100 1920,576,1224,1200
34 100 1920,576,1224,1200
35 100 1920,576,1224,1200
36 100 1920,576,1224,1200
37 100 1920,576,1224,1200
38 100 1920,576,1224,1200
39 100 1920,576,1224,1200
40 100 1920,576,1224,1200
41 100 1920,576,1224,1200
42 100 1920,576,1224,1200
43 100 1920,576,1224,1200
44 100 1920,576,1224,1224
45 100 1920,576,1224,1224
46 100 1896,600,1224,1200
47 100 1896,600,1224,1200
48 100 1896,600,1224,1200
49 100 1896,600,1224,1200
50 100 1896,600,1224,1200
51 100 1896,600,1224,1200
52 100 1896,600,1224,1200
53 100 1896,600,1224,1200
54 100 1896,576,1224,1224
55 100 1896,576,1224,1224
56 100 1920,576,1224,1224
57 100 1920,576,1224,1224
58 100 1920,576,1224,1224
59 100 1920,576,1224,1224
60 100 1920,576,1224,1224
61 100 1920,576,1224,1224
62 100 1920,576,1224,1224
63 100 1920,576,1224,1224
64 100 1920,576,1224,1224
65 100 1920,576,1224,1224
66 100 1896,600,1224,1200
67 100 1896,600,1224,1200
68 100 1896,600,1224,1200
69 100 1896,600,1224,1200
70 100 1896,600,1224,1200
71 100 1896,600,1224,1200
72 100 1896,600,1224,1200
73 100 1848,576,1224,1200
74 100 1848,576,1224,1200
75 100 1848,576,1224,1200
76 100 1776,552,1224,1224
77 100 1776,552,1224,1224
78 100 1776,552,1224,1224
79 100 1776,552,1224,1224
80 100 1704,552,1224,1200
81 100 1704,552,1224,1200
82 100 1704,552,1224,1200
83 100 1704,552,1224,1200
84 100 1632,528,1224,1200
85 100 1632,528,1224,1200
86 100 1632,528,1224,1200
87 100 1584,504,1224,1200
88 100 1584,504,1224,1200
89 100 1584,504,1224,1200
90 100 1512,480,1224,1224
91 100 1512,480,1224,1224
92 100 1512,480,1224,1224
93 100 1440,480,1224,1200
94 100 1440,480,1224,1200
95 100 1440,480,1224,1200
96 100 1440,480,1224,1200
97 100 1368,456,1224,1224
98 100 1368,456,1224,1224
99 100 1368,456,1224,1224
100 100 1344,456,1224,1200
101 100 1320,456,1224,1200
102 100 1320,456,1224,1200
103 100 1320,432,1224,1224
104 100 1320,432,1224,1224
105 100 1320,432,1224,1224
106 100 1320,432,1224,1224
107 100 1296,432,1224,1200
108 100 1296,432,1224,1200
109 100 1296,432,1224,1200
110 100 1296,432,1224,1200
111 100 1272,408,1224,1224
112 100 1272,408,1224,1224
113 100 1272,408,1224,1200
114 100 1272,408,1224,1200
115 100 1272,408,1224,1200
116 100 1272,408,1224,1200
117 100 1272,408,1224,1200
118 100 1272,408,1224,1200
119 100 1272,408,1224,1200
120 100 1272,408,1224,1200
121 100 1248,384,1224,1224
122 100 1248,384,1224,1224
123 100 1248,384,1224,1224
124 100 1248,384,1224,1200
125 100 1248,384,1224,1200
126 100 1248,384,1224,1200
127 100 1224,360,1224,1200
128 100 1224,360,1224,1200
129 100 1224,360,1224,1200
130 100 1224,360,1224,1200
131 100 1224,360,1224,1200
132 100 1224,360,1224,1200
133 100 1200,336,1224,1200
134 100 1200,336,1224,1200
135 100 1200,336,1224,1200
136 100 1200,336,1224,1200
137 100 1200,312,1224,1224
138 100 1200,312,1224,1224
139 100 1200,312,1224,1224
140 100 1200,312,1224,1224
141 100 1176,312,1224,1200
142 100 1176,312,1224,1200
143 100 1176,288,1224,1224
144 100 1176,288,1224,1224
145 100 1176,288,1224,1224
146 100 1176,288,1224,1224
147 100 1176,288,1224,1224
148 100 1176,288,1224,1224
149 100 1176,288,1224,1224
150 100 1176,288,1224,1200
151 100 1176,288,1224,1200
152 100 1176,288,1224,1200
153 100 1176,288,1224,1200
154 100 1176,288,1224,1200
155 100 1176,288,1224,1200
156 100 1176,288,1224,1200
157 100 1176,264,1224,1224
158 100 1176,264,1224,1224
159 100 1176,264,1224,1224
160 100 1176,264,1224,1200
161 100 1176,264,1224,1200
162 100 1176,264,1224,1200
163 100 1176,264,1224,1200
164 100 1176,264,1224,1200
165 100 1176,264,1224,1200
166 100 1176,264,1224,1200
167 100 1176,264,1224,1200
168 100 1176,264,1224,1200
169 100 1176,264,1224,1200
170 100 1176,264,1224,1200
171 100 1200,264,1224,1200
172 100 1200,264,1224,1200
173 100 1200,264,1224,1200
174 100 1200,240,1224,1224
175 100 1200,240,1224,1224
176 100 1200,240,1224,1224
177 100 1200,240,1224,1224
178 100 1200,240,1224,1224
179 100 1200,240,1224,1224
180 100 1200,240,1224,1224
181 100 1224,240,1224,1224
182 100 1224,240,1224,1224
183 100 1224,240,1224,1224
184 100 1224,240,1224,1224
185 100 1224,240,1224,1224
186 100 1224,240,1224,1224
187 100 1224,240,1224,1224
188 100 1224,240,1224,1224
189 100 1224,240,1224,1224
190 100 1248,240,1224,1224
191 100 1248,240,1224,1224
192 100 1248,240,1224,1224
193 100 1248,240,1224,1224
194 100 1248,240,1224,1224
195 100 1248,240,1224,1224
196 100 1248,240,1224,1224
197 100 1248,240,1224,1224
198 100 1272,264,1224,1200
199 100 1272,264,1224,1200
200 100 1296,264,1224,1200
201 100 1296,264,1224,1200
202 100 1296,264,1224,1200
203 100 1296,264,1224,1200
204 100 1296,264,1224,1200
205 100 1296,264,1224,1200
206 100 1296,264,1224,1200
207 100 1320,264,1224,1224
208 100 1320,264,1224,1224
209 100 1320,264,1224,1224
210 100 1320,264,1224,1224
211 100 1320,264,1224,1224
212 100 1320,264,1224,1224
213 100 1320,264,1224,1224
214 100 1344,288,1224,1200
215 100 1344,288,1224,1200
216 100 1344,288,1224,1200
217 100 1344,288,1224,1200
218 100 1344,288,1224,1200
219 100 1344,288,1224,1200
220 100 1368,288,1224,1200
221 100 1368,288,1224,1200
222 100 1368,288,1224,1200
223 100 1368,288,1224,1200
224 100 1368,288,1224,1224
225 100 1368,288,1224,1224
226 100 1368,288,1224,1224
227 100 1392,312,1224,1200
228 100 1392,312,1224,1200
229 100 1392,312,1224,1200
230 100 1392,312,1224,1200
231 100 1392,312,1224,1200
232 100 1392,312,1224,1200
233 100 1392,312,1224,1200
234 100 1416,336,1224,1200
235 100 1416,336,1224,1200
236 100 1416,336,1224,1200
237 100 1416,336,1224,1200
238 100 1416,336,1224,1200
239 100 1416,336,1224,1200
240 100 1416,336,1224,1200
241 100 1440,360,1224,1200
242 100 1440,360,1224,1200
243 100 1440,360,1224,1200
244 100 1440,360,1224,1200
245 100 1464,384,1224,1200
246 100 1464,384,1224,1200
247 100 1464,384,1224,1224
248 100 1464,384,1224,1224
249 100 1464,384,1224,1224
250 100 1464,384,1224,1224
251 100 1464,408,1224,1200
252 100 1464,408,1224,1200
253 100 1464,408,1224,1200
254 100 1464,408,1224,1200
255 100 1464,408,1224,1224
256 100 1464,408,1224,1224
257 100 1440,432,1224,1200
258 100 1440,432,1224,1200
259 100 1440,432,1224,1200
260 100 1440,432,1224,1200
261 100 1464,432,1224,1224
262 100 1464,432,1224,1224
263 100 1464,432,1224,1224
264 100 1464,432,1224,1224
265 100 1464,456,1224,1200
266 100 1464,456,1224,1200
267 100 1464,456,1224,1224
268 100 1464,456,1224,1224
269 100 1464,456,1224,1224
270 100 1464,456,1224,1224
271 100 1464,480,1224,1200
272 100 1464,480,1224,1200
273 100 1464,480,1224,1200
274 100 1464,480,1224,1200
275 100 1464,504,1224,1200
276 100 1464,504,1224,1200
277 100 1464,504,1224,1200
278 100 1464,504,1224,1200
279 100 1464,504,1224,1200
280 100 1464,504,1224,1200
281 100 1464,528,1224,1200
282 100 1464,528,1224,1200
283 100 1464,528,1224,1200
284 100 1464,528,1224,1200
285 100 1464,528,1224,1200
286 100 1464,528,1224,1200
287 100 1464,528,1224,1200
288 100 1440,552,1224,1200
289 100 1440,552,1224,1200
290 100 1440,552,1224,1200
291 100 1440,552,1224,1200
292 100 1440,552,1224,1224
293 100 1440,552,1224,1224
294 100 1416,576,1224,1224
295 100 1416,576,1224,1224
296 100 1416,576,1224,1224
297 100 1416,600,1224,1200
298 100 1416,600,1224,1200
299 100 1416,600,1224,1200
300 100 1416,600,1224,1200
301 100 1416,600,1224,1200
302 100 1416,600,1224,1200
303 100 1416,600,1224,1200
304 100 1392,624,1224,1200
305 100 1392,624,1224,1200
306 100 1392,624,1224,1200
307 100 1392,624,1224,1200
308 100 1392,624,1224,1200
309 100 1392,624,1224,1200
310 100 1392,624,1224,1200
311 100 1368,648,1224,1200
312 100 1368,648,1224,1200
313 100 1368,648,1224,1200
314 100 1368,648,1224,1224
315 100 1368,648,1224,1224
316 100 1368,648,1224,1224
317 100 1320,672,1224,1200
318 100 1320,672,1224,1200
319 100 1320,672,1224,1200
320 100 1320,672,1224,1200
321 100 1272,696,1224,1200
322 100 1272,696,1224,1200
323 100 1272,696,1224,1200
324 100 1200,720,1224,1200
325 100 1200,720,1224,1200
326 100 1200,720,1224,1200
327 100 1200,720,1224,1200
328 100 1152,744,1224,1200
329 100 1152,744,1224,1200
330 100 1152,744,1224,1200
331 100 1152,744,1224,1200
332 100 1104,744,1224,1224
333 100 1104,744,1224,1224
334 100 1104,744,1224,1224
335 100 1056,768,1224,1200
336 100 1056,768,1224,1200
337 100 1056,768,1224,1200
338 100 984,768,1224,1200
339 100 984,768,1224,1200
340 100 984,768,1224,1200
341 100 960,768,1224,1200
342 100 960,768,1224,1200
343 100 960,768,1224,1200
344 100 960,768,1224,1200
345 100 936,768,1224,1200
346 100 936,768,1224,1200
347 100 936,768,1224,1200
348 100 936,768,1224,1200
349 100 912,768,1224,1200
350 100 912,768,1224,1200
351 100 912,768,1224,1200
352 100 912,768,1224,1200
353 100 912,768,1224,1200
354 100 888,744,1224,1224
355 100 888,744,1224,1224
356 100 888,744,1224,1224
357 100 888,744,1224,1224
358 100 888,744,1224,1200
359 100 888,744,1224,1200
360 100 888,744,1224,1200
361 100 864,744,1224,1200
362 100 864,744,1224,1200
363 100 864,744,1224,1200
364 100 816,744,1224,1200
365 100 816,744,1224,1200
366 100 816,744,1224,1200
367 100 816,744,1224,1200
368 100 792,744,1224,1224
369 100 792,744,1224,1224
370 100 792,744,1224,1224
371 100 744,768,1224,1200
372 100 744,768,1224,1200
373 100 744,768,1224,1200
374 100 720,768,1224,1200
375 100 720,768,1224,1200
376 100 720,768,1224,1200
377 100 720,768,1224,1200
378 100 696,768,1224,1200
379 100 696,768,1224,1200
380 100 696,768,1224,1200
381 100 672,768,1224,1200
382 100 672,768,1224,1200
383 100 672,768,1224,1200
384 100 672,768,1224,1200
385 100 648,768,1224,1224
386 100 648,768,1224,1224
387 100 648,768,1224,1224
388 100 648,768,1224,1224
389 100 624,792,1224,1200
390 100 624,792,1224,1200
391 100 600,792,1224,1200
392 100 600,792,1224,1200
393 100 600,792,1224,1200
394 100 600,792,1224,1200
395 100 576,792,1224,1200
396 100 576,792,1224,1200
397 100 576,792,1224,1200
398 100 552,792,1224,1200
399 100 552,792,1224,1200
400 100 552,792,1224,1200
401 100 552,792,1224,1200
402 100 552,792,1224,1200
403 100 552,792,1224,1200
404 100 552,792,1224,1200
405 100 528,792,1224,1224
406 100 528,792,1224,1224
407 100 528,792,1224,1224
408 100 528,792,1224,1224
409 100 504,792,1224,1224
410 100 504,792,1224,1224
411 100 504,792,1224,1224
412 100 456,792,1224,1224
413 100 456,792,1224,1224
414 100 456,792,1224,1224
415 100 432,792,1224,1224
416 100 432,792,1224,1224
417 100 432,792,1224,1224
418 100 432,792,1224,1224
419 100 408,792,1224,1224
420 100 408,792,1224,1224
421 100 408,792,1224,1224
422 100 408,816,1224,1200
423 100 408,816,1224,1200
424 100 408,816,1224,1200
425 100 408,816,1224,1200
426 100 408,792,1224,1224
427 100 408,792,1224,1224
428 100 408,792,1224,1224
429 100 408,792,1224,1224
430 100 408,792,1224,1224
431 100 408,792,1224,1224
432 100 408,816,1224,1200
433 100 408,816,1224,1200
434 100 408,816,1224,1200
435 100 408,816,1224,1200
436 100 408,816,1224,1200
437 100 408,816,1224,1200
438 100 408,816,1224,1200
439 100 408,816,1224,1200
440 100 408,816,1224,1200
441 100 408,816,1224,1200
442 100 408,816,1224,1200
443 100 408,816,1224,1200
444 100 408,816,1224,1200
445 100 408,816,1224,1200
446 100 408,816,1224,1200
447 100 408,816,1224,1200
448 100 432,816,1224,1200
449 100 432,816,1224,1200
450 100 432,816,1224,1200
451 100 432,816,1224,1200
452 100 432,816,1224,1200
453 100 432,816,1224,1200
454 100 432,816,1224,1200
455 100 432,816,1224,1200
456 100 432,816,1224,1200
457 100 432,816,1224,1200
458 100 432,816,1224,1200
459 100 456,816,1224,1200
460 100 456,816,1224,1200
461 100 456,816,1224,1200
462 100 456,816,1224,1200
463 100 456,816,1224,1200
464 100 456,816,1224,1200
465 100 480,816,1224,1200
466 100 480,816,1224,1200
467 100 480,816,1224,1200
468 100 480,816,1224,1200
469 100 624,792,1224,1224
470 100 624,792,1224,1224
471 100 624,792,1224,1224
472 100 768,768,1224,1224
473 100 768,768,1224,1224
474 100 768,768,1224,1224
475 100 864,744,1224,1224
476 100 864,744,1224,1224
477 100 864,744,1224,1224
478 100 864,744,1224,1224
479 100 936,744,1224,1224
480 100 936,744,1224,1224
481 100 936,744,1224,1224
482 100 960,744,1224,1200
483 100 960,744,1224,1200
484 100 960,744,1224,1200
485 100 1008,720,1224,1224
486 100 1008,720,1224,1224
487 100 1008,720,1224,1224
488 100 1008,720,1224,1224
489 100 1032,720,1224,1224
490 100 1032,720,1224,1224
491 100 1032,720,1224,1224
492 100 1056,720,1224,1224
493 100 1056,720,1224,1224
494 100 1056,720,1224,1224
495 100 1104,720,1224,1224
496 100 1104,720,1224,1224
497 100 1104,720,1224,1224
498 100 1104,720,1224,1224
499 100 1104,720,1224,1200
500 100 1104,720,1224,1200
501 100 1104,720,1224,1200
502 100 1128,720,1224,1200
503 100 1128,720,1224,1200
504 100 1128,720,1224,1200
505 100 1152,720,1224,1200
506 100 1152,720,1224,1200
507 100 1152,720,1224,1200
508 100 1152,720,1224,1200
509 100 1176,696,1224,1224
510 100 1176,696,1224,1224
511 100 1176,696,1224,1224
512 100 1176,696,1224,1224
513 100 1200,696,1224,1224
514 100 1200,696,1224,1224
515 100 1200,696,1224,1224
516 100 1200,696,1224,1224
517 100 1200,696,1224,1224
518 100 1200,696,1224,1224
519 100 1200,696,1224,1224
520 100 1200,696,1224,1224
521 100 1200,696,1224,1224
522 100 1200,720,1224,1200
523 100 1200,720,1224,1200
524 100 1200,720,1224,1200
525 100 1200,720,1224,1200
526 100 1200,720,1224,1224
527 100 1200,720,1224,1224
528 100 1200,720,1224,1224
529 100 1200,744,1224,1200
530 100 1200,744,1224,1200
531 100 1200,744,1224,1200
532 100 1176,768,1224,1200
533 100 1176,768,1224,1200
534 100 1176,768,1224,1200
535 100 1176,768,1224,1200
536 100 1200,768,1224,1224
537 100 1200,768,1224,1224
538 100 1200,768,1224,1224
539 100 1224,768,1224,1224
540 100 1224,768,1224,1224
541 100 1224,768,1224,1224
542 100 1296,768,1224,1224
543 100 1296,768,1224,1224
544 100 1296,768,1224,1224
545 100 1296,768,1224,1224
546 100 1344,768,1224,1224
547 100 1344,768,1224,1224
548 100 1344,768,1224,1224
549 100 1416,768,1224,1224
550 100 1416,768,1224,1224
551 100 1416,768,1224,1224
552 100 1464,768,1224,1224
553 100 1464,768,1224,1224
554 100 1464,768,1224,1224
555 100 1464,768,1224,1224
556 100 1512,768,1224,1224
557 100 1512,768,1224,1224
558 100 1512,768,1224,1224
559 100 1560,768,1224,1200
560 100 1560,768,1224,1200
561 100 1560,768,1224,1200
562 100 1608,768,1224,1200
563 100 1608,768,1224,1200
564 100 1608,768,1224,1200
565 100 1608,768,1224,1200
566 100 1632,768,1224,1200
567 100 1632,768,1224,1200
568 100 1632,768,1224,1200
569 100 1680,768,1224,1200
570 100 1680,768,1224,1200
571 100 1680,768,1224,1200
572 100 1728,768,1224,1200
573 100 1728,768,1224,1200
574 100 1728,768,1224,1200
575 100 1728,768,1224,1200
576 100 1752,768,1224,1200
577 100 1752,768,1224,1200
578 100 1752,768,1224,1200
579 100 1776,768,1224,1200
580 100 1776,768,1224,1200
581 100 1776,768,1224,1200
582 100 1776,768,1224,1200
583 100 1800,744,1224,1224
584 100 1800,744,1224,1224
585 100 1800,744,1224,1224
586 100 1800,744,1224,1224
587 100 1800,744,1224,1224
588 100 1800,744,1224,1224
589 100 1800,744,1224,1224
590 100 1800,744,1224,1224
591 100 1800,744,1224,1224
592 100 1800,744,1224,1224
593 100 1800,744,1224,1200
594 100 1800,744,1224,1200
595 100 1800,744,1224,1200
596 100 1824,744,1224,1200
597 100 1824,744,1224,1200
598 100 1824,744,1224,1200
599 100 1848,720,1224,1200
600 100 1848,720,1224,1200
601 100 1848,720,1224,1200
602 100 1848,720,1224,1200
603 100 1872,696,1224,1200
604 100 1872,696,1224,1200
605 100 1872,696,1224,1200
606 100 1920,672,1224,1224
607 100 1920,672,1224,1224
608 100 1920,672,1224,1224
609 100 1992,672,1224,1200
610 100 1992,672,1224,1200
611 100 1992,672,1224,1200
612 100 1992,672,1224,1200
613 100 2064,648,1224,1200
614 100 2064,648,1224,1200
615 100 2064,648,1224,1200
616 100 2112,648,1224,1200
617 100 2112,648,1224,1200
618 100 2112,648,1224,1200
619 100 2112,648,1224,1200
620 100 2160,648,1224,1200
621 100 2160,648,1224,1200
622 100 2160,648,1224,1200
623 100 2160,648,1224,1200
624 100 2160,648,1224,1200
625 100 2184,624,1224,1224
626 100 2232,624,1224,1224
627 100 2232,624,1224,1224
628 100 2232,624,1224,1224
629 100 2232,624,1224,1224
630 100 2280,624,1224,1200
631 100 2280,624,1224,1200
632 100 2280,624,1224,1200
633 100 2352,624,1224,1200
634 100 2352,624,1224,1200
635 100 2352,624,1224,1200
636 100 2352,624,1224,1200
637 100 2400,624,1224,1200
638 100 2400,624,1224,1200
639 100 2400,624,1224,1200
640 100 2424,624,1224,1200
641 100 2424,624,1224,1200
642 100 2424,624,1224,1200
643 100 2472,624,1224,1224
644 100 2472,624,1224,1224
645 100 2472,624,1224,1224
646 100 2472,624,1224,1224
647 100 2496,624,1224,1224
648 100 2496,624,1224,1224
649 100 2496,624,1224,1224
650 100 2520,648,1224,1200
651 100 2520,648,1224,1200
652 100 2520,648,1224,1200
653 100 2568,648,1224,1200
654 100 2568,648,1224,1200
655 100 2568,648,1224,1200
656 100 2568,648,1224,1200
657 100 2616,648,1224,1200
658 100 2616,648,1224,1200
659 100 2616,648,1224,1200
660 100 2664,648,1224,1200
661 100 2664,648,1224,1200
662 100 2664,648,1224,1200
663 100 2712,648,1224,1200
664 100 2712,648,1224,1200
665 100 2712,648,1224,1200
666 100 2712,648,1224,1200
667 100 2760,648,1224,1200
668 100 2760,648,1224,1200
669 100 2760,648,1224,1200
670 100 2760,648,1224,1224
671 100 2760,648,1224,1224
672 100 2760,648,1224,1224
673 100 2808,648,1224,1224
674 100 2808,648,1224,1224
675 100 2808,648,1224,1224
676 100 2808,648,1224,1224
677 100 2856,672,1224,1200
678 100 2856,672,1224,1200
679 100 2856,672,1224,1200
680 100 2832,672,1224,1200
681 100 2832,672,1224,1200
682 100 2832,672,1224,1200
683 100 2904,672,1224,1224
684 100 2904,672,1224,1224
685 100 2904,672,1224,1224
686 100 2904,672,1224,1224
687 100 2952,696,1224,1200
688 100 2952,696,1224,1200
689 100 2952,696,1224,1200
690 100 3024,696,1224,1200
691 100 3024,696,1224,1200
692 100 3024,696,1224,1200
693 100 3000,696,1224,1200
694 100 3000,696,1224,1200
695 100 3000,696,1224,1200
696 100 3000,696,1224,1200
697 100 3096,696,1224,1224
698 100 3096,696,1224,1224
699 100 3096,696,1224,1224
700 100 3192,720,1224,1200
701 100 3192,720,1224,1200
702 100 3192,720,1224,1200
703 100 3192,720,1224,1200
704 100 3144,720,1224,1200
705 100 3144,720,1224,1200
706 100 3144,720,1224,1200
707 100 3144,720,1224,1200
708 100 3144,720,1224,1200
709 100 3144,720,1224,1200
710 100 3312,696,1224,1224
711 100 3312,696,1224,1224
712 100 3312,696,1224,1224
713 100 3312,696,1224,1224
714 100 3288,672,1224,1224
715 100 3288,672,1224,1224
716 100 3288,672,1224,1224
717 100 3240,672,1224,1200
718 100 3240,672,1224,1200
719 100 3240,672,1224,1200
720 100 3240,648,1224,1200
721 100 3240,648,1224,1200
722 100 3240,648,1224,1200
723 100 3240,648,1224,1200
724 100 3312,600,1224,1224
725 100 3312,600,1224,1224
726 100 3312,600,1224,1224
727 100 3216,576,1224,1200
728 100 3216,576,1224,1200
729 100 3216,576,1224,1200
730 100 3312,528,1224,1224
731 100 3312,528,1224,1224
732 100 3312,528,1224,1224
733 100 3312,528,1224,1224
734 100 3360,504,1224,1224
735 100 3360,504,1224,1224
736 100 3360,504,1224,1224
737 100 3384,480,1224,1224
738 100 3384,480,1224,1224
739 100 3384,480,1224,1224
740 100 3240,456,1224,1200
741 100 3240,456,1224,1200
742 100 3240,456,1224,1200
743 100 3240,456,1224,1200
744 100 3240,408,1224,1224
745 100 3240,408,1224,1224
746 100 3240,408,1224,1224
747 100 3288,384,1224,1224
748 100 3288,384,1224,1224
749 100 3288,384,1224,1224
750 100 3312,360,1224,1224
751 100 3312,360,1224,1224
752 100 3312,360,1224,1224
753 100 3312,360,1224,1224
754 100 3240,336,1224,1224
755 100 3240,336,1224,1224
756 100 3240,336,1224,1224
757 100 3240,336,1224,1224
758 100 3408,312,1224,1224
759 100 3408,312,1224,1224
760 100 3408,312,1224,1224
761 100 3408,312,1224,1224
762 100 3384,312,1224,1200
763 100 3384,312,1224,1200
764 100 3336,288,1224,1224
765 100 3336,288,1224,1224
766 100 3336,288,1224,1224
767 100 3336,288,1224,1224
768 100 3336,288,1224,1224
769 100 3288,264,1224,1224
770 100 3264,240,1224,1224
771 100 3264,240,1224,1224
772 100 3264,240,1224,1224
773 100 3264,240,1224,1224
774 100 3336,240,1224,1224
775 100 3336,240,1224,1224
776 100 3336,240,1224,1224
777 100 3336,240,1224,1224
778 100 3336,240,1224,1224
779 100 3312,216,1224,1224
780 100 3312,216,1224,1224
781 100 3360,192,1224,1224
782 100 3360,192,1224,1224
783 100 3360,192,1224,1224
784 100 3288,192,1224,1224
785 100 3288,192,1224,1224
786 100 3288,192,1224,1224
787 100 3288,192,1224,1224
788 100 3360,168,1224,1224
789 100 3360,168,1224,1224
790 100 3360,168,1224,1224
791 100 3456,168,1224,1224
792 100 3456,168,1224,1224
793 100 3456,168,1224,1224
794 100 3456,168,1224,1224
795 100 3456,168,1224,1224
796 100 3288,144,1224,1224
797 100 3288,144,1224,1224
798 100 3288,144,1224,1224
799 100 3336,120,1224,1248
800 100 3336,120,1224,1248
801 100 3288,120,1224,1224
802 100 3288,120,1224,1224
803 100 3288,120,1224,1224
804 100 3288,120,1224,1224
805 100 3288,120,1224,1224
806 100 3120,96,1224,1224
807 100 2952,72,1224,1224
808 100 2952,72,1224,1224
809 100 2952,72,1224,1224
810 100 2952,72,1224,1224
811 100 2952,72,1224,1224
812 100 2952,72,1224,1224
813 100 2952,72,1224,1224
814 100 2856,72,1224,1224
815 100 2856,72,1224,1224
816 100 2856,72,1224,1224
817 100 2856,72,1224,1224
818 100 2856,72,1224,1224
819 100 2856,72,1224,1224
820 100 2856,72,1224,1224
821 100 2856,72,1224,1224
822 100 2856,72,1224,1224
823 100 2856,72,1224,1224
824 100 2856,72,1224,1224
825 100 2856,72,1224,1224
826 100 2856,72,1224,1224
827 100 2856,72,1224,1224
828 100 2856,72,1224,1224
829 100 2856,72,1224,1224
830 100 2856,72,1224,1224
831 100 2856,72,1224,1224
832 100 2856,72,1224,1224
833 100 2856,72,1224,1224
834 100 2856,72,1224,1224
835 100 2856,72,1224,1224
836 100 2856,72,1224,1224
837 100 2832,72,1224,1224
838 100 2832,72,1224,1224
839 100 2832,72,1224,1224
840 100 2832,72,1224,1224
841 100 2832,72,1224,1224
842 100 2832,72,1224,1224
843 100 2832,72,1224,1224
844 100 2832,72,1224,1224
845 100 2832,72,1224,1224
846 100 2832,72,1224,1224
847 100 2832,72,1224,1224
848 100 2832,72,1224,1224
849 100 2832,72,1224,1224
850 100 2832,72,1224,1224
851 100 2808,72,1224,1224
852 100 2808,72,1224,1224
853 100 2808,72,1224,1224
854 100 2808,72,1224,1224
855 100 2808,96,1224,1200
856 100 2808,96,1224,1200
857 100 2808,96,1224,1200
858 100 2808,96,1224,1200
859 100 2808,96,1224,1200
860 100 2808,96,1224,1200
861 100 2808,96,1224,1200
862 100 2808,96,1224,1224
863 100 2808,96,1224,1224
864 100 2808,96,1224,1224
865 100 2808,96,1224,1224
866 100 2784,96,1224,1224
867 100 2784,96,1224,1224
868 100 2784,96,1224,1224
869 100 2784,120,1224,1200
870 100 2784,120,1224,1200
871 100 2784,120,1224,1200
872 100 2784,120,1224,1224
873 100 2784,120,1224,1224
874 100 2784,120,1224,1224
875 100 2784,120,1224,1224
876 100 2760,144,1224,1200
877 100 2760,144,1224,1200
878 100 2760,168,1224,1224
879 100 2760,168,1224,1224
880 100 2760,168,1224,1224
881 100 2760,168,1224,1224
882 100 2760,168,1224,1224
883 100 2760,192,1224,1224
884 100 2760,192,1224,1224
885 100 2760,192,1224,1224
886 100 2760,240,1224,1200
887 100 2760,240,1224,1200
888 100 2760,240,1224,1200
889 100 2760,264,1224,1200
890 100 2760,264,1224,1200
891 100 2760,264,1224,1200
892 100 2784,312,1224,1200
893 100 2784,312,1224,1200
894 100 2784,312,1224,1200
895 100 2784,336,1224,1224
896 100 2784,336,1224,1224
897 100 2784,336,1224,1224
898 100 2880,384,1224,1200
899 100 2880,384,1224,1200
900 100 2880,384,1224,1200
901 100 2832,408,1224,1224
902 100 2832,408,1224,1224
903 100 2832,408,1224,1224
904 100 2928,456,1224,1200
905 100 2928,456,1224,1200
906 100 2928,456,1224,1200
907 100 2928,456,1224,1200
908 100 2928,480,1224,1200
909 100 2928,480,1224,1200
910 100 2928,480,1224,1200
911 100 2928,480,1224,1200
912 100 2928,480,1224,1200
913 100 2904,504,1224,1200
914 100 2904,504,1224,1200
915 100 2904,504,1224,1200
916 100 2928,528,1224,1224
917 100 2928,528,1224,1224
918 100 3000,576,1224,1200
919 100 3000,576,1224,1200
920 100 3000,576,1224,1200
921 100 3000,576,1224,1200
922 100 3000,576,1224,1200
923 100 3072,600,1224,1200
924 100 3072,600,1224,1200
925 100 3072,600,1224,1200
926 100 2976,624,1224,1200
927 100 2976,624,1224,1200
928 100 2976,624,1224,1200
929 100 3072,624,1224,1200
930 100 3072,624,1224,1200
931 100 3072,624,1224,1200
932 100 3072,624,1224,1200
933 100 3000,624,1224,1224
934 100 3000,624,1224,1224
935 100 3000,624,1224,1224
936 100 3072,648,1224,1200
937 100 3072,648,1224,1200
938 100 3072,648,1224,1200
939 100 3192,648,1224,1200
940 100 3192,648,1224,1200
941 100 3192,648,1224,1200
942 100 3144,648,1224,1224
943 100 3144,648,1224,1224
944 100 3144,648,1224,1224
945 100 3144,672,1224,1224
946 100 3144,672,1224,1224
947 100 3144,672,1224,1224
948 100 3168,696,1224,1200
949 100 3168,696,1224,1200
950 100 3168,696,1224,1200
951 100 3168,696,1224,1200
952 100 3312,696,1224,1224
953 100 3312,696,1224,1224
954 100 3312,696,1224,1224
955 100 3216,720,1224,1200
956 100 3216,720,1224,1200
957 100 3216,720,1224,1200
958 100 3312,720,1224,1200
959 100 3312,720,1224,1200
960 100 3312,720,1224,1200
961 100 3312,720,1224,1200
962 100 3216,744,1224,1200
963 100 3216,744,1224,1200
964 100 3216,744,1224,1200
965 100 3168,744,1224,1200
966 100 3168,744,1224,1200
967 100 3168,744,1224,1200
968 100 3168,744,1224,1200
969 100 3168,744,1224,1200
970 100 3120,744,1224,1200
971 100 3120,744,1224,1200
972 100 3120,744,1224,1200
973 100 3312,744,1224,1200
974 100 3312,744,1224,1200
975 100 3312,744,1224,1200
976 100 3312,744,1224,1200
977 100 3312,744,1224,1200
978 100 3312,744,1224,1200
979 100 3312,744,1224,1200
980 100 3312,744,1224,1200
981 100 3312,744,1224,1200
982 100 3312,744,1224,1200
983 100 3312,744,1224,1200
984 100 3312,744,1224,1200
985 100 3312,744,1224,1200
986 100 3312,744,1224,1200
987 100 3312,744,1224,1200
988 100 3288,744,1224,1224
989 100 3288,744,1224,1224
990 100 3288,744,1224,1224
991 100 3288,744,1224,1224
992 100 3288,744,1224,1224
993 100 3264,744,1224,1224
994 100 3264,744,1224,1224
995 100 3264,744,1224,1224
996 100 3240,744,1224,1224
997 100 3240,744,1224,1224
998 100 3240,744,1224,1224
999 100 3240,744,1224,1224
1000 100 3192,768,1224,1200
1001 100 3192,768,1224,1200
1002 100 3168,768,1224,1200
1003 100 3168,768,1224,1200
1004 100 3168,768,1224,1200
1005 100 3384,768,1224,1200
1006 100 3384,768,1224,1200
1007 100 3384,768,1224,1200
1008 100 3384,768,1224,1200
1009 100 3384,768,1224,1200
1010 100 3288,768,1224,1200
1011 100 3288,768,1224,1200
1012 100 3288,768,1224,1200
1013 100 3240,768,1224,1224
1014 100 3240,768,1224,1224
1015 100 3240,768,1224,1224
1016 100 3240,768,1224,1224
1017 100 3072,792,1224,1200
1018 100 3072,792,1224,1200
1019 100 3120,816,1224,1200
1020 100 3120,816,1224,1200
1021 100 3120,816,1224,1200
1022 100 3072,840,1224,1200
1023 100 3072,840,1224,1200
1024 100 3072,840,1224,1200
1025 100 2976,864,1224,1200
1026 100 2976,864,1224,1200
1027 100 2976,864,1224,1200
1028 100 2976,864,1224,1200
1029 100 2976,864,1224,1200
1030 100 2976,888,1224,1200
1031 100 2976,888,1224,1200
1032 100 2976,888,1224,1200
1033 100 3048,888,1224,1200
1034 100 3048,888,1224,1200
1035 100 3048,888,1224,1200
1036 100 3048,888,1224,1200
1037 100 2880,912,1224,1200
1038 100 2880,912,1224,1200
1039 100 2760,912,1224,1200
1040 100 2760,912,1224,1200
1041 100 2760,912,1224,1200
1042 100 3000,912,1224,1200
1043 100 3000,912,1224,1200
1044 100 3000,912,1224,1200
1045 100 3000,912,1224,1200
1046 100 2928,912,1224,1224
1047 100 2928,912,1224,1224
1048 100 2928,912,1224,1224
1049 100 2880,912,1224,1224
1050 100 2880,912,1224,1224
1051 100 2880,912,1224,1224
1052 100 2880,912,1224,1224
1053 100 2880,912,1224,1224
1054 100 2880,912,1224,1224
1055 100 2880,912,1224,1224
1056 100 2880,912,1224,1224
1057 100 2808,936,1224,1200
1058 100 2808,936,1224,1200
1059 100 2808,936,1224,1200
1060 100 2808,936,1224,1200
1061 100 2808,936,1224,1200
1062 100 2808,936,1224,1200
1063 100 2808,936,1224,1200
1064 100 2808,936,1224,1200
1065 100 2808,936,1224,1200
1066 100 2808,936,1224,1200
1067 100 2808,936,1224,1200
1068 100 2808,936,1224,1200
1069 100 2808,936,1224,1200
1070 100 2832,936,1224,1200
1071 100 2832,936,1224,1200
1072 100 2832,936,1224,1200
1073 100 2784,936,1224,1200
1074 100 2784,936,1224,1200
1075 100 2784,936,1224,1200
1076 100 2784,936,1224,1200
1077 100 2688,936,1224,1200
1078 100 2688,936,1224,1200
1079 100 2808,936,1224,1224
1080 100 2808,936,1224,1224
1081 100 2808,936,1224,1224
1082 100 2808,936,1224,1224
1083 100 2808,936,1224,1224
1084 100 2712,936,1224,1224
1085 100 2712,936,1224,1224
1086 100 2712,936,1224,1224
1087 100 2904,960,1224,1200
1088 100 2904,960,1224,1200
1089 100 2712,960,1224,1200
1090 100 2712,960,1224,1200
1091 100 2712,960,1224,1200
1092 100 2712,960,1224,1200
1093 100 2712,960,1224,1200
1094 100 2616,960,1224,1200
1095 100 2616,960,1224,1200
1096 100 2472,960,1224,1200
1097 100 2472,960,1224,1200
1098 100 2472,960,1224,1200
1099 100 2736,960,1224,1200
1100 100 2736,960,1224,1200
1101 100 2736,960,1224,1200
1102 100 2400,984,1224,1176
1103 100 2400,984,1224,1176
1104 100 2400,984,1224,1176
1105 100 2400,984,1224,1176
1106 100 1992,984,1224,1176
1107 100 1992,984,1224,1176
1108 100 1992,984,1224,1176
1109 100 1584,984,1224,1176
1110 100 1584,984,1224,1176
1111 100 1584,984,1224,1176
1112 100 1584,984,1224,1176
1113 100 1584,984,1224,1176
1114 100 1080,984,1224,1176
1115 100 1080,984,1224,1176
1116 100 1080,984,1224,1176
1117 100 696,984,1224,1176
1118 100 696,984,1224,1176
1119 100 696,984,1224,1176
1120 100 0,984,1224,1176
1121 100 0,984,1224,1176
1122 100 0,984,1224,1176
1123 100 0,984,1224,1176
1124 100 0,984,1224,1176
1125 100 0,984,1224,1176
1126 100 0,984,1224,1176
1127 100 0,984,1224,1176
1128 100 0,984,1224,1176
1129 100 0,984,1224,1176
1130 100 0,984,1224,1176
1131 100 0,984,1224,1176
1132 100 0,1008,1224,1152
1133 100 0,1008,1224,1152
1134 100 0,1008,1224,1152
1135 100 0,1008,1224,1152
1136 100 0,1008,1224,1152
1137 100 0,1008,1224,1152
1138 100 0,1008,1224,1152
1139 100 0,1008,1224,1152
1140 100 0,1008,1224,1152
1141 100 0,1008,1224,1152
1142 100 0,1008,1224,1152
1143 100 0,1008,1224,1152
1144 100 0,1008,1224,1152
1145 100 0,1008,1224,1152
1146 100 0,1008,1224,1152
1147 100 0,1008,1224,1152
1148 100 0,1008,1224,1152
1149 100 0,1008,1224,1152
1150 100 0,1032,1224,1128
1151 100 0,1032,1224,1128
1152 100 0,1032,1224,1128
1153 100 0,1056,1224,1104
1154 100 0,1056,1224,1104
1155 100 0,1056,1224,1104
1156 100 0,1056,1224,1104
1157 100 0,1056,1224,1104
1158 100 0,1056,1224,1104
1159 100 0,1056,1224,1104
1160 100 0,1056,1224,1104
1161 100 0,1080,1224,1080
1162 100 0,1080,1224,1080
1163 100 0,1080,1224,1080
1164 100 0,1080,1224,1080
1165 100 0,1080,1224,1080
1166 100 0,1104,1224,1056
1167 100 0,1104,1224,1056
1168 100 0,1104,1224,1056
1169 100 0,1104,1224,1056
1170 100 0,1104,1224,1056
1171 100 0,1104,1224,1056
1172 100 0,1104,1224,1056
1173 100 0,1128,1224,1032
1174 100 0,1128,1224,1032
1175 100 0,1128,1224,1032
1176 100 0,1128,1224,1032
1177 100 0,1128,1224,1032
1178 100 0,1128,1224,1032
1179 100 0,1128,1224,1032
1180 100 0,1128,1224,1032
1181 100 0,1128,1224,1032
1182 100 0,1128,1224,1032
1183 100 0,1128,1224,1032
1184 100 0,1128,1224,1032
1185 100 0,1128,1224,1032
1186 100 0,1128,1224,1032
1187 100 0,1128,1224,1032
1188 100 0,1128,1224,1032
1189 100 0,1128,1224,1032
1190 100 0,1152,1224,1008
1191 100 0,1152,1224,1008
1192 100 0,1152,1224,1008
1193 100 0,1152,1224,1008
1194 100 0,1152,1224,1008
1195 100 0,1152,1224,1008
1196 100 0,1152,1224,1008
1197 100 0,1176,1224,984
1198 100 0,1176,1224,984
1199 100 0,1176,1224,984
1200 100 0,1176,1224,984
1201 100 0,1176,1224,984
1202 100 0,1176,1224,984
1203 100 0,1176,1224,984
1204 100 0,1176,1224,984
1205 100 0,1176,1224,984
1206 100 0,1176,1224,984
1207 100 0,1176,1224,984
1208 100 0,1176,1224,984
1209 100 0,1176,1224,984
1210 100 0,1176,1224,984
1211 100 0,1176,1224,984
1212 100 0,1176,1224,984
1213 100 0,1176,1224,984
1214 100 0,1176,1224,984
1215 100 0,1176,1224,984
1216 100 0,1176,1224,984
1217 100 0,1176,1224,984
1218 100 0,1176,1224,984
1219 100 0,1176,1224,984
1220 100 0,1176,1224,984
1221 100 0,1176,1224,984
1222 100 0,1176,1224,984
1223 100 0,1176,1224,984
1224 100 0,1176,1224,984
1225 100 0,1176,1224,984
1226 100 0,1176,1224,984
1227 100 0,1176,1224,984
1228 100 0,1176,1224,984
1229 100 0,1176,1224,984
1230 100 0,1176,1224,984
1231 100 0,1176,1224,984
1232 100 0,1176,1224,984
1233 100 0,1176,1224,984
1234 100 0,1176,1224,984
1235 100 0,1176,1224,984
1236 100 0,1176,1224,984
1237 100 0,1176,1224,984
1238 100 0,1176,1224,984
1239 100 0,1176,1224,984
1240 100 0,1176,1224,984
1241 100 0,1176,1224,984
1242 100 0,1176,1224,984
1243 100 0,1200,1224,960
1244 100 0,1200,1224,960
1245 100 0,1200,1224,960
1246 100 0,1200,1224,960
1247 100 0,1200,1224,960
1248 100 0,1200,1224,960
1249 100 0,1200,1224,960
1250 100 0,1200,1224,960
1251 100 0,1200,1224,960
1252 100 0,1200,1224,960
1253 100 0,1200,1224,960
1254 100 0,1200,1224,960
1255 100 0,1200,1224,960
1256 100 0,1200,1224,960
1257 100 0,1200,1224,960
1258 100 0,1200,1224,960
1259 100 0,1200,1224,960
1260 100 0,1200,1224,960
1261 100 0,1200,1224,960
1262 100 0,1200,1224,960
1263 100 0,1200,1224,960
1264 100 0,1200,1224,960
1265 100 0,1200,1224,960
1266 100 0,1200,1224,960
1267 100 0,1176,1224,984
1268 100 0,1176,1224,984
1269 100 0,1176,1224,984
1270 100 0,1176,1224,984
1271 100 0,1176,1224,984
1272 100 0,1176,1224,984
1273 100 0,1176,1224,984
1274 100 0,1176,1224,984
1275 100 0,1176,1224,984
1276 100 0,1176,1224,984
1277 100 0,1176,1224,984
1278 100 0,1176,1224,984
1279 100 0,1176,1224,984
1280 100 0,1152,1224,1008
1281 100 0,1152,1224,1008
1282 100 0,1152,1224,1008
1283 100 0,1128,1224,1032
1284 100 0,1128,1224,1032
1285 100 0,1128,1224,1032
1286 100 0,1128,1224,1032
1287 100 0,1128,1224,1032
1288 100 0,1128,1224,1032
1289 100 0,1128,1224,1032
1290 100 0,1104,1224,1056
1291 100 0,1104,1224,1056
1292 100 0,1104,1224,1056
1293 100 0,1128,1224,1032
1294 100 0,1128,1224,1032
1295 100 0,1128,1224,1032
1296 100 0,1128,1224,1032
1297 100 0,1128,1224,1032
1298 100 0,1128,1224,1032
1299 100 0,1128,1224,1032
1300 100 0,1128,1224,1032
1301 100 0,1128,1224,1032
1302 100 0,1128,1224,1032
1303 100 0,1128,1224,1032
1304 100 0,1128,1224,1032
1305 100 0,1128,1224,1032
1306 100 0,1128,1224,1032
1307 100 0,1128,1224,1032
1308 100 0,1128,1224,1032
1309 100 0,1128,1224,1032
1310 100 0,1128,1224,1032
1311 100 0,1128,1224,1032
1312 100 0,1128,1224,1032
1313 100 0,1128,1224,1032
1314 100 0,1128,1224,1032
1315 100 0,1128,1224,1032
1316 100 0,1128,1224,1032
1317 100 0,1128,1224,1032
1318 100 0,1128,1224,1032
1319 100 0,1128,1224,1032
1320 100 0,1128,1224,1032
1321 100 0,1128,1224,1032
1322 100 0,1128,1224,1032
1323 100 0,1152,1224,1008
1324 100 0,1152,1224,1008
1325 100 0,1152,1224,1008
1326 100 0,1152,1224,1008
1327 100 0,1128,1224,1032
1328 100 0,1128,1224,1032
1329 100 0,1128,1224,1032
1330 100 0,1128,1224,1032
1331 100 0,1128,1224,1032
1332 100 0,1128,1224,1032
1333 100 0,1128,1224,1032
1334 100 0,1128,1224,1032
1335 100 0,1128,1224,1032
1336 100 0,1128,1224,1032
1337 100 0,1104,1224,1056
1338 100 0,1104,1224,1056
1339 100 0,1104,1224,1056
1340 100 0,1104,1224,1056
1341 100 0,1104,1224,1056
1342 100 0,1104,1224,1056
1343 100 0,1080,1224,1080
1344 100 0,1080,1224,1080
1345 100 0,1080,1224,1080
1346 100 0,1080,1224,1080
1347 100 0,1080,1224,1080
1348 100 0,1080,1224,1080
1349 100 0,1080,1224,1080
1350 100 0,1080,1224,1080
1351 100 0,1080,1224,1080
1352 100 0,1080,1224,1080
1353 100 0,1080,1224,1080
1354 100 0,1080,1224,1080
1355 100 0,1080,1224,1080
1356 100 0,1080,1224,1080
1357 100 0,1080,1224,1080
1358 100 0,1080,1224,1080
1359 100 0,1080,1224,1080
1360 100 0,1080,1224,1080
1361 100 0,1080,1224,1080
1362 100 0,1080,1224,1080
1363 100 0,1080,1224,1080
1364 100 0,1080,1224,1080
1365 100 0,1080,1224,1080
1366 100 0,1080,1224,1080
1367 100 0,1080,1224,1080
1368 100 0,1056,1224,1104
1369 100 0,1056,1224,1104
1370 100 0,1056,1224,1104
1371 100 0,1056,1224,1104
1372 100 0,1056,1224,1104
1373 100 0,1056,1224,1104
1374 100 0,1056,1224,1104
1375 100 0,1080,1224,1080
1376 100 0,1080,1224,1080
1377 100 0,1080,1224,1080
1378 100 0,1080,1224,1080
1379 100 0,1080,1224,1080
1380 100 0,1080,1224,1080
1381 100 0,1080,1224,1080
1382 100 0,1080,1224,1080
1383 100 0,1080,1224,1080
1384 100 0,1080,1224,1080
1385 100 0,1080,1224,1080
1386 100 0,1080,1224,1080
1387 100 0,1080,1224,1080
1388 100 0,1104,1224,1056
1389 100 0,1104,1224,1056
1390 100 0,1104,1224,1056
1391 100 0,1104,1224,1056
1392 100 0,1104,1224,1056
1393 100 0,1104,1224,1056
1394 100 0,1128,1224,1032
1395 100 0,1128,1224,1032
1396 100 0,1128,1224,1032
1397 100 0,1128,1224,1032
1398 100 0,1128,1224,1032
1399 100 0,1128,1224,1032
1400 100 0,1152,1224,1008
1401 100 0,1152,1224,1008
1402 100 0,1152,1224,1008
1403 100 0,1152,1224,1008
1404 100 0,1152,1224,1008
1405 100 0,1152,1224,1008
1406 100 0,1152,1224,1008
1407 100 0,1152,1224,1008
1408 100 0,1152,1224,1008
1409 100 0,1152,1224,1008
1410 100 0,1152,1224,1008
1411 100 0,1152,1224,1008
1412 100 0,1152,1224,1008
1413 100 0,1152,1224,1008
1414 100 0,1152,1224,1008
1415 100 0,1152,1224,1008
1416 100 0,1152,1224,1008
1417 100 0,1152,1224,1008
1418 100 0,1152,1224,1008
1419 100 0,1152,1224,1008
1420 100 0,1152,1224,1008
1421 100 0,1152,1224,1008
1422 100 0,1152,1224,1008
1423 100 0,1152,1224,1008
1424 100 0,1152,1224,1008
1425 100 0,1152,1224,1008
1426 100 0,1152,1224,1008
1427 100 0,1152,1224,1008
1428 100 0,1152,1224,1008
1429 100 0,1152,1224,1008
1430 100 0,1152,1224,1008
1431 100 0,1152,1224,1008
1432 100 0,1152,1224,1008
1433 100 0,1152,1224,1008
1434 100 0,1152,1224,1008
1435 100 0,1152,1224,1008
1436 100 0,1152,1224,1008
1437 100 0,1152,1224,1008
1438 100 0,1152,1224,1008
1439 100 0,1152,1224,1008
1440 100 0,1152,1224,1008
1441 100 0,1152,1224,1008
1442 100 0,1152,1224,1008
1443 100 0,1152,1224,1008
1444 100 0,1152,1224,1008
1445 100 0,1152,1224,1008
1446 100 0,1152,1224,1008
1447 100 0,1152,1224,1008
1448 100 0,1152,1224,1008
1449 100 0,1152,1224,1008
1450 100 0,1152,1224,1008
1451 100 0,1152,1224,1008
1452 100 0,1152,1224,1008
1453 100 0,1152,1224,1008
1454 100 0,1152,1224,1008
1455 100 0,1152,1224,1008
1456 100 0,1152,1224,1008
1457 100 0,1128,1224,1032
1458 100 0,1128,1224,1032
1459 100 0,1128,1224,1032
1460 100 0,1128,1224,1032
1461 100 0,1128,1224,1032
1462 100 0,1128,1224,1032
1463 100 0,1128,1224,1032
1464 100 0,1128,1224,1032
1465 100 0,1128,1224,1032
1466 100 0,1128,1224,1032
1467 100 0,1128,1224,1032
1468 100 0,1128,1224,1032
1469 100 0,1128,1224,1032
1470 100 0,1104,1224,1056
1471 100 0,1104,1224,1056
1472 100 0,1104,1224,1056
1473 100 0,1104,1224,1056
1474 100 0,1104,1224,1056
1475 100 0,1104,1224,1056
1476 100 0,1080,1224,1080
1477 100 0,1080,1224,1080
1478 100 0,1080,1224,1080
1479 100 0,1080,1224,1080
1480 100 0,1080,1224,1080
1481 100 0,1056,1224,1104
1482 100 0,1056,1224,1104
1483 100 0,1056,1224,1104
1484 100 0,1056,1224,1104
1485 100 0,1056,1224,1104
1486 100 0,1032,1224,1128
1487 100 0,1032,1224,1128
1488 100 0,1032,1224,1128
1489 100 0,1032,1224,1128
1490 100 0,1032,1224,1128
1491 100 0,1032,1224,1128
1492 100 0,1032,1224,1128
1493 100 0,1032,1224,1128
1494 100 624,1008,1224,1152
1495 100 624,1008,1224,1152
1496 100 624,1008,1224,1152
1497 100 1008,984,1224,1176
1498 100 1008,984,1224,1176
1499 100 1008,984,1224,1176
1500 100 1032,960,1224,1200
1501 100 1032,960,1224,1200
1502 100 1032,960,1224,1200
1503 100 1032,960,1224,1200
1504 100 1032,960,1224,1200
1505 100 1056,936,1224,1224
1506 100 1056,936,1224,1224
1507 100 1056,936,1224,1224
1508 100 1080,936,1224,1200
1509 100 1080,936,1224,1200
1510 100 1080,936,1224,1200
1511 100 1080,912,1224,1224
1512 100 1080,912,1224,1224
1513 100 1080,912,1224,1224
1514 100 1080,912,1224,1224
1515 100 1104,912,1224,1200
1516 100 1104,912,1224,1200
1517 100 1128,888,1224,1200
1518 100 1128,888,1224,1200
1519 100 1176,864,1224,1200
1520 100 1176,864,1224,1200
1521 100 1176,864,1224,1200
1522 100 1200,840,1224,1200
1523 100 1200,840,1224,1200
1524 100 1200,840,1224,1200
1525 100 1224,816,1224,1224
1526 100 1224,816,1224,1224
1527 100 1272,816,1224,1200
1528 100 1272,816,1224,1200
1529 100 1272,816,1224,1200
1530 100 1296,792,1224,1200
1531 100 1296,792,1224,1200
1532 100 1344,792,1224,1200
1533 100 1344,792,1224,1200
1534 100 1392,768,1224,1224
1535 100 1392,768,1224,1224
1536 100 1440,768,1224,1200
1537 100 1440,768,1224,1200
1538 100 1488,768,1224,1200
1539 100 1488,768,1224,1200
1540 100 1488,768,1224,1200
1541 100 1536,744,1224,1224
1542 100 1536,744,1224,1224
1543 100 1560,744,1224,1200
1544 100 1560,744,1224,1200
1545 100 1584,744,1224,1200
1546 100 1584,744,1224,1200
1547 100 1584,744,1224,1200
1548 100 1608,720,1224,1224
1549 100 1608,720,1224,1224
1550 100 1608,720,1224,1224
1551 100 1632,720,1224,1200
1552 100 1656,720,1224,1200
1553 100 1656,720,1224,1200
1554 100 1656,720,1224,1200
1555 100 1656,720,1224,1200
1556 100 1656,720,1224,1200
1557 100 1656,720,1224,1200
1558 100 1656,720,1224,1200
1559 100 1656,720,1224,1200
1560 100 1680,720,1224,1200
1561 100 1680,720,1224,1200
1562 100 1680,720,1224,1200
1563 100 1680,696,1224,1224
1564 100 1680,696,1224,1224
1565 100 1704,696,1224,1224
1566 100 1704,696,1224,1224
1567 100 1704,696,1224,1224
1568 100 1704,696,1224,1224
1569 100 1704,696,1224,1200
1570 100 1704,696,1224,1200
1571 100 1704,696,1224,1200
1572 100 1728,696,1224,1200
1573 100 1728,696,1224,1200
1574 100 1752,696,1224,1200
1575 100 1752,696,1224,1200
1576 100 1776,696,1224,1200
1577 100 1776,696,1224,1200
1578 100 1776,696,1224,1200
1579 100 1800,696,1224,1200
1580 100 1800,696,1224,1200
1581 100 1800,696,1224,1200
1582 100 1800,672,1224,1224
1583 100 1800,672,1224,1224
1584 100 1800,672,1224,1224
1585 100 1800,672,1224,1224
1586 100 1800,672,1224,1224
1587 100 1800,672,1224,1224
1588 100 1800,672,1224,1224
1589 100 1800,672,1224,1200
1590 100 1800,672,1224,1200
1591 100 1800,672,1224,1200
1592 100 1824,672,1224,1200
1593 100 1824,672,1224,1200
1594 100 1824,672,1224,1200
1595 100 1824,648,1224,1224
1596 100 1824,648,1224,1224
1597 100 1824,648,1224,1200
1598 100 1824,648,1224,1200
1599 100 1824,648,1224,1200
1600 100 1824,648,1224,1200
1601 100 1824,648,1224,1200
1602 100 1800,648,1224,1200
1603 100 1800,648,1224,1200
1604 100 1800,648,1224,1200
1605 100 1800,648,1224,1224
1606 100 1800,648,1224,1224
1607 100 1800,648,1224,1224
1608 100 1776,648,1224,1224
1609 100 1776,648,1224,1224
1610 100 1776,648,1224,1224
1611 100 1752,648,1224,1224
1612 100 1752,648,1224,1224
1613 100 1752,648,1224,1224
1614 100 1728,672,1224,1200
1615 100 1728,672,1224,1200
1616 100 1704,672,1224,1200
1617 100 1704,672,1224,1200
1618 100 1704,672,1224,1200
1619 100 1608,672,1224,1200
1620 100 1608,672,1224,1200
1621 100 1608,672,1224,1200
1622 100 1536,672,1224,1200
1623 100 1536,672,1224,1200
1624 100 1536,672,1224,1200
1625 100 1488,696,1224,1200
1626 100 1488,696,1224,1200
1627 100 1488,696,1224,1200
1628 100 1488,696,1224,1200
1629 100 1488,696,1224,1200
1630 100 1488,696,1224,1200
1631 100 1488,696,1224,1200
1632 100 1488,696,1224,1200
1633 100 1488,696,1224,1200
1634 100 1464,696,1224,1200
1635 100 1464,696,1224,1200
1636 100 1440,696,1224,1200
1637 100 1440,696,1224,1200
1638 100 1440,696,1224,1200
1639 100 1440,696,1224,1200
1640 100 1440,696,1224,1200
1641 100 1440,696,1224,1200
1642 100 1416,696,1224,1200
1643 100 1416,696,1224,1200
1644 100 1416,696,1224,1200
1645 100 1416,696,1224,1200
1646 100 1416,696,1224,1200
1647 100 1416,696,1224,1200
1648 100 1416,696,1224,1200
1649 100 1416,696,1224,1200
1650 100 1416,696,1224,1200
1651 100 1392,696,1224,1200
1652 100 1392,696,1224,1200
1653 100 1368,696,1224,1224
1654 100 1368,696,1224,1224
1655 100 1368,696,1224,1224
1656 100 1368,696,1224,1224
1657 100 1368,696,1224,1224
1658 100 1368,696,1224,1224
1659 100 1392,696,1224,1200
1660 100 1392,696,1224,1200
1661 100 1368,696,1224,1224
1662 100 1368,696,1224,1224
1663 100 1368,696,1224,1224
1664 100 1368,696,1224,1224
1665 100 1368,696,1224,1224
1666 100 1368,696,1224,1224
1667 100 1368,696,1224,1224
1668 100 1368,696,1224,1224
1669 100 1392,696,1224,1224
1670 100 1392,696,1224,1224
1671 100 1392,696,1224,1224
1672 100 1392,696,1224,1224
1673 100 1392,696,1224,1224
1674 100 1392,696,1224,1224
1675 100 1392,696,1224,1224
1676 100 1392,696,1224,1224
1677 100 1392,696,1224,1224
1678 100 1392,696,1224,1224
1679 100 1392,696,1224,1224
1680 100 1392,696,1224,1224
1681 100 1392,696,1224,1224
1682 100 1392,696,1224,1224
1683 100 1392,696,1224,1224
1684 100 1392,696,1224,1224
1685 100 1392,696,1224,1200
1686 100 1392,696,1224,1200
1687 100 1392,696,1224,1200
1688 100 1392,696,1224,1200
1689 100 1392,696,1224,1200
1690 100 1392,696,1224,1200
1691 100 1392,696,1224,1200
1692 100 1392,696,1224,1200
1693 100 1392,696,1224,1200
1694 100 1416,696,1224,1200
1695 100 1416,696,1224,1200
1696 100 1416,696,1224,1200
1697 100 1416,696,1224,1200
1698 100 1416,696,1224,1200
1699 100 1416,696,1224,1200
1700 100 1416,696,1224,1200
1701 100 1416,696,1224,1200
1702 100 1416,696,1224,1200
1703 100 1416,696,1224,1200
1704 100 1416,696,1224,1200
1705 100 1416,696,1224,1200
1706 100 1416,696,1224,1200
1707 100 1416,696,1224,1200
1708 100 1416,696,1224,1200
1709 100 1416,696,1224,1200
1710 100 1440,696,1224,1200
1711 100 1440,696,1224,1200
1712 100 1440,696,1224,1200
1713 100 1440,696,1224,1200
1714 100 1440,696,1224,1200
1715 100 1440,696,1224,1200
1716 100 1440,696,1224,1200
1717 100 1440,696,1224,1200
1718 100 1440,696,1224,1200
1719 100 1440,696,1224,1200
1720 100 1440,696,1224,1200
1721 100 1440,696,1224,1200
1722 100 1440,696,1224,1200
1723 100 1440,696,1224,1200
1724 100 1440,696,1224,1200
1725 100 1440,696,1224,1200
1726 100 1464,672,1224,1224
1727 100 1464,672,1224,1224
1728 100 1464,672,1224,1224
1729 100 1464,672,1224,1224
1730 100 1464,672,1224,1224
1731 100 1512,672,1224,1200
1732 100 1512,672,1224,1200
1733 100 1512,672,1224,1200
1734 100 1584,624,1224,1200
1735 100 1584,624,1224,1200
1736 100 1584,624,1224,1200
1737 100 1632,576,1224,1200
1738 100 1632,576,1224,1200
1739 100 1632,576,1224,1200
1740 100 1680,504,1224,1200
1741 100 1680,504,1224,1200
1742 100 1656,456,1224,1200
1743 100 1656,456,1224,1200
1744 100 1632,408,1224,1200
1745 100 1632,408,1224,1200
1746 100 1632,408,1224,1200
1747 100 1632,384,1224,1200
1748 100 1632,384,1224,1200
1749 100 1632,384,1224,1200
1750 100 1632,360,1224,1224
1751 100 1632,360,1224,1224
1752 100 1608,336,1224,1224
1753 100 1608,336,1224,1224
1754 100 1608,336,1224,1224
1755 100 1608,336,1224,1200
1756 100 1608,336,1224,1200
1757 100 1608,336,1224,1200
1758 100 1608,336,1224,1200
1759 100 1608,312,1224,1224
1760 100 1608,312,1224,1224
1761 100 1608,312,1224,1224
1762 100 1584,312,1224,1200
1763 100 1584,312,1224,1200
1764 100 1584,312,1224,1200
1765 100 1584,312,1224,1200
1766 100 1584,312,1224,1200
1767 100 1584,312,1224,1200
1768 100 1584,312,1224,1200
1769 100 1584,288,1224,1200
1770 100 1584,288,1224,1200
1771 100 1584,288,1224,1200
1772 100 1560,288,1224,1200
1773 100 1560,288,1224,1200
1774 100 1560,288,1224,1200
1775 100 1560,288,1224,1200
1776 100 1560,288,1224,1200
1777 100 1560,264,1224,1224
1778 100 1560,264,1224,1224
1779 100 1560,264,1224,1224
1780 100 1560,264,1224,1200
1781 100 1560,264,1224,1200
1782 100 1560,264,1224,1200
1783 100 1560,264,1224,1200
1784 100 1560,264,1224,1200
1785 100 1536,240,1224,1200
1786 100 1536,240,1224,1200
1787 100 1536,240,1224,1200
1788 100 1536,216,1224,1224
1789 100 1536,216,1224,1224
1790 100 1536,216,1224,1224
1791 100 1512,216,1224,1200
1792 100 1512,216,1224,1200
1793 100 1512,192,1224,1200
1794 100 1512,192,1224,1200
1795 100 1512,192,1224,1200
1796 100 1488,192,1224,1200
1797 100 1488,192,1224,1200
1798 100 1488,168,1224,1200
1799 100 1488,168,1224,1200
1800 100 1488,168,1224,1200
1801 100 1464,144,1224,1200
1802 100 1464,144,1224,1200
1803 100 1464,144,1224,1200
1804 100 1464,144,1224,1200
1805 100 1464,144,1224,1200
1806 100 1464,144,1224,1200
1807 100 1440,120,1224,1224
1808 100 1440,120,1224,1224
1809 100 1440,120,1224,1224
1810 100 1440,120,1224,1200
1811 100 1440,120,1224,1200
1812 100 1440,120,1224,1200
1813 100 1440,120,1224,1200
1814 100 1440,120,1224,1200
1815 100 1440,120,1224,1200
1816 100 1440,120,1224,1200
1817 100 1440,120,1224,1200
1818 100 1440,120,1224,1200
1819 100 1440,120,1224,1200
1820 100 1440,120,1224,1200
1821 100 1440,120,1224,1200
1822 100 1440,120,1224,1200
1823 100 1440,120,1224,1200
1824 100 1440,120,1224,1200
1825 100 1440,120,1224,1200
1826 100 1440,120,1224,1200
1827 100 1440,120,1224,1200
1828 100 1440,120,1224,1200
1829 100 1440,120,1224,1200
1830 100 1440,120,1224,1200
1831 100 1440,120,1224,1200
1832 100 1440,120,1224,1200
1833 100 1440,120,1224,1224
1834 100 1440,120,1224,1224
1835 100 1440,120,1224,1224
1836 100 1464,120,1224,1224
1837 100 1464,120,1224,1224
1838 100 1464,144,1224,1200
1839 100 1464,144,1224,1200
1840 100 1464,144,1224,1200
1841 100 1464,144,1224,1200
1842 100 1464,144,1224,1200
1843 100 1464,144,1224,1200
1844 100 1464,144,1224,1200
1845 100 1464,144,1224,1200
1846 100 1464,144,1224,1200
1847 100 1464,144,1224,1224
1848 100 1464,144,1224,1224
1849 100 1488,144,1224,1224
1850 100 1488,144,1224,1224
1851 100 1488,144,1224,1224
1852 100 1488,168,1224,1200
1853 100 1488,168,1224,1200
1854 100 1488,168,1224,1200
1855 100 1488,168,1224,1200
1856 100 1488,168,1224,1200
1857 100 1488,168,1224,1200
1858 100 1488,168,1224,1200
1859 100 1488,168,1224,1200
1860 100 1488,168,1224,1200
1861 100 1488,168,1224,1200
1862 100 1488,168,1224,1200
1863 100 1488,168,1224,1200
1864 100 1488,168,1224,1224
1865 100 1488,168,1224,1224
1866 100 1488,192,1224,1200
1867 100 1488,192,1224,1200
1868 100 1488,192,1224,1200
1869 100 1488,192,1224,1200
1870 100 1488,192,1224,1200
1871 100 1488,192,1224,1200
1872 100 1488,192,1224,1200
1873 100 1488,192,1224,1200
1874 100 1488,192,1224,1200
1875 100 1488,192,1224,1200
1876 100 1488,192,1224,1200
1877 100 1488,168,1224,1224
1878 100 1488,168,1224,1224
1879 100 1488,168,1224,1224
1880 100 1488,168,1224,1224
1881 100 1488,168,1224,1224
1882 100 1488,168,1224,1224
1883 100 1488,168,1224,1224
1884 100 1488,168,1224,1224
1885 100 1488,168,1224,1224
1886 100 1488,168,1224,1224
1887 100 1488,168,1224,1224
1888 100 1488,168,1224,1224
1889 100 1488,168,1224,1224
1890 100 1488,168,1224,1224
1891 100 1488,168,1224,1224
1892 100 1488,168,1224,1224
1893 100 1488,168,1224,1224
1894 100 1488,192,1224,1200
1895 100 1488,192,1224,1200
1896 100 1488,192,1224,1200
1897 100 1488,192,1224,1200
1898 100 1488,192,1224,1200
1899 100 1512,192,1224,1224
1900 100 1512,192,1224,1224
1901 100 1512,192,1224,1224
1902 100 1512,192,1224,1224
1903 100 1512,192,1224,1224
1904 100 1512,192,1224,1224
1905 100 1512,192,1224,1224
1906 100 1512,192,1224,1224
1907 100 1512,216,1224,1200
1908 100 1512,216,1224,1200
1909 100 1512,216,1224,1200
1910 100 1512,216,1224,1200
1911 100 1512,216,1224,1200
1912 100 1512,216,1224,1200
1913 100 1512,216,1224,1200
1914 100 1512,216,1224,1200
1915 100 1536,216,1224,1200
1916 100 1536,216,1224,1200
1917 100 1536,216,1224,1200
1918 100 1536,216,1224,1224
1919 100 1536,216,1224,1224
1920 100 1536,240,1224,1200
1921 100 1536,240,1224,1200
1922 100 1536,240,1224,1200
1923 100 1536,240,1224,1200
1924 100 1536,240,1224,1200
1925 100 1536,240,1224,1200
1926 100 1536,264,1224,1200
1927 100 1536,264,1224,1200
1928 100 1560,288,1224,1200
1929 100 1560,288,1224,1200
1930 100 1560,288,1224,1200
1931 100 1584,312,1224,1200
1932 100 1584,312,1224,1200
1933 100 1584,312,1224,1200
1934 100 1608,360,1224,1200
1935 100 1608,360,1224,1200
1936 100 1608,384,1224,1200
1937 100 1608,384,1224,1200
1938 100 1608,384,1224,1200
1939 100 1632,432,1224,1200
1940 100 1632,432,1224,1200
1941 100 1632,432,1224,1200
1942 100 1632,480,1224,1200
1943 100 1632,480,1224,1200
1944 100 1632,528,1224,1224
1945 100 1632,528,1224,1224
1946 100 1632,528,1224,1224
1947 100 1608,576,1224,1224
1948 100 1608,576,1224,1224
1949 100 1608,576,1224,1224
1950 100 1560,624,1224,1200
1951 100 1560,624,1224,1200
1952 100 1560,624,1224,1200
1953 100 1536,648,1224,1224
1954 100 1536,648,1224,1224
1955 100 1536,648,1224,1224
1956 100 1512,672,1224,1224
1957 100 1512,672,1224,1224
1958 100 1464,696,1224,1224
1959 100 1464,696,1224,1224
1960 100 1464,696,1224,1224
1961 100 1440,720,1224,1200
1962 100 1440,720,1224,1200
1963 100 1416,744,1224,1200
1964 100 1416,744,1224,1200
1965 100 1416,744,1224,1200
1966 100 1392,744,1224,1224
1967 100 1392,744,1224,1224
1968 100 1392,744,1224,1224
1969 100 1344,768,1224,1224
1970 100 1344,768,1224,1224
1971 100 1344,768,1224,1224
1972 100 1320,792,1224,1200
1973 100 1320,792,1224,1200
1974 100 1296,792,1224,1224
1975 100 1296,792,1224,1224
1976 100 1296,792,1224,1224
1977 100 1296,816,1224,1200
1978 100 1296,816,1224,1200
1979 100 1296,816,1224,1200
1980 100 1296,816,1224,1200
1981 100 1296,816,1224,1200
1982 100 1296,816,1224,1200
1983 100 1296,816,1224,1200
1984 100 1296,816,1224,1200
1985 100 1296,816,1224,1200
1986 100 1296,816,1224,1224
1987 100 1296,816,1224,1224
1988 100 1296,816,1224,1224
1989 100 1296,816,1224,1224
1990 100 1296,816,1224,1224
1991 100 1296,816,1224,1224
1992 100 1296,816,1224,1224
1993 100 1296,816,1224,1224
1994 100 1272,840,1224,1200
1995 100 1272,840,1224,1200
1996 100 1272,840,1224,1200
1997 100 1272,840,1224,1200
1998 100 1272,840,1224,1200
1999 100 1272,840,1224,1200
2000 100 1248,864,1224,1200
2001 100 1248,864,1224,1200
2002 100 1224,888,1224,1224
2003 100 1224,888,1224,1224
2004 100 1224,888,1224,1224
2005 100 1176,936,1224,1200
2006 100 1176,936,1224,1200
2007 100 1176,936,1224,1200
2008 100 1152,960,1224,1200
2009 100 1152,960,1224,1200
2010 100 1128,984,1224,1176
2011 100 1128,984,1224,1176
2012 100 1128,984,1224,1176
2013 100 960,984,1224,1176
2014 100 960,984,1224,1176
2015 100 672,1008,1224,1152
2016 100 672,1008,1224,1152
2017 100 672,1008,1224,1152
2018 100 480,1008,1224,1152
2019 100 480,1008,1224,1152
2020 100 480,1008,1224,1152
2021 100 0,1032,1224,1128
2022 100 0,1032,1224,1128
2023 100 0,1032,1224,1128
2024 100 0,1032,1224,1128
2025 100 0,1032,1224,1128
2026 100 0,1032,1224,1128
2027 100 0,1032,1224,1128
2028 100 0,1032,1224,1128
2029 100 0,1032,1224,1128
2030 100 0,1032,1224,1128
2031 100 0,1056,1224,1104
2032 100 0,1056,1224,1104
2033 100 0,1056,1224,1104
2034 100 0,1056,1224,1104
2035 100 0,1056,1224,1104
2036 100 0,1056,1224,1104
2037 100 0,1056,1224,1104
2038 100 0,1056,1224,1104
2039 100 0,1056,1224,1104
2040 100 0,1056,1224,1104
2041 100 0,1056,1224,1104
2042 100 0,1056,1224,1104
2043 100 0,1056,1224,1104
2044 100 0,1056,1224,1104
2045 100 0,1056,1224,1104
2046 100 0,1056,1224,1104
2047 100 0,1056,1224,1104
2048 100 0,1056,1224,1104
2049 100 0,1056,1224,1104
2050 100 0,1056,1224,1104
2051 100 0,1056,1224,1104
2052 100 0,1056,1224,1104
2053 100 0,1056,1224,1104
2054 100 0,1056,1224,1104
2055 100 0,1056,1224,1104
2056 100 0,1080,1224,1080
2057 100 0,1080,1224,1080
2058 100 0,1080,1224,1080
2059 100 0,1080,1224,1080
2060 100 0,1080,1224,1080
2061 100 0,1080,1224,1080
2062 100 0,1080,1224,1080
2063 100 0,1080,1224,1080
2064 100 0,1080,1224,1080
2065 100 0,1080,1224,1080
2066 100 0,1080,1224,1080
2067 100 0,1080,1224,1080
2068 100 0,1080,1224,1080
2069 100 0,1080,1224,1080
2070 100 0,1080,1224,1080
2071 100 0,1080,1224,1080
2072 100 0,1080,1224,1080
2073 100 0,1080,1224,1080
2074 100 0,1080,1224,1080
2075 100 0,1080,1224,1080
2076 100 0,1080,1224,1080
2077 100 0,1080,1224,1080
2078 100 0,1080,1224,1080
2079 100 0,1080,1224,1080
2080 100 0,1080,1224,1080
2081 100 0,1080,1224,1080
2082 100 0,1080,1224,1080
2083 100 0,1080,1224,1080
2084 100 0,1080,1224,1080
2085 100 0,1080,1224,1080
2086 100 0,1080,1224,1080
2087 100 0,1080,1224,1080
2088 100 0,1080,1224,1080
2089 100 0,1080,1224,1080
2090 100 0,1080,1224,1080
2091 100 0,1080,1224,1080
2092 100 0,1080,1224,1080
2093 100 0,1080,1224,1080
2094 100 0,1080,1224,1080
2095 100 0,1080,1224,1080
2096 100 0,1080,1224,1080
2097 100 0,1080,1224,1080
2098 100 0,1080,1224,1080
2099 100 0,1080,1224,1080
