0 100 3528,432,1224,1200
1 100 3552,456,1224,1200
2 100 3408,456,1224,1200
3 100 3432,456,1224,1200
4 100 3384,456,1224,1224
5 100 3408,456,1224,1200
6 100 3528,456,1224,1200
7 100 3600,456,1224,1200
8 100 3432,432,1224,1200
9 100 3600,408,1224,1224
10 100 3672,408,1224,1224
11 100 3672,408,1224,1224
12 100 3384,432,1224,1224
13 100 3648,456,1224,1224
14 100 3552,480,1224,1200
15 100 3552,480,1224,1200
16 100 3552,480,1224,1200
17 100 3480,480,1224,1200
18 100 3360,480,1224,1224
19 100 3408,504,1224,1200
20 100 3576,552,1224,1200
21 100 3360,576,1224,1224
22 100 3408,648,1224,1200
23 100 3336,672,1224,1200
24 100 3504,672,1224,1200
25 100 3432,672,1224,1200
26 100 3504,696,1224,1200
27 100 3528,720,1224,1200
28 100 3288,720,1224,1224
29 100 3312,720,1224,1224
30 100 3360,720,1224,1200
31 100 3312,720,1224,1200
32 100 3264,720,1224,1224
33 100 3288,720,1224,1224
34 100 3336,720,1224,1200
35 100 3264,720,1224,1224
36 100 3528,720,1224,1224
37 100 3528,720,1224,1224
38 100 3408,744,1224,1200
39 100 3216,744,1224,1224
40 100 3456,744,1224,1224
41 100 3504,744,1224,1224
42 100 3240,744,1224,1224
43 100 3312,744,1224,1200
44 100 3432,720,1224,1224
45 100 3552,720,1224,1224
46 100 3336,720,1224,1200
47 100 3432,696,1224,1224
48 100 3600,696,1224,1224
49 100 3456,672,1224,1224
50 100 3504,648,1224,1224
51 100 3432,624,1224,1224
52 100 3624,624,1224,1224
53 100 3360,624,1224,1200
54 100 3408,624,1224,1200
55 100 3456,624,1224,1200
56 100 3504,600,1224,1224
57 100 3528,600,1224,1224
58 100 3600,600,1224,1224
59 100 3384,600,1224,1200
60 100 3432,600,1224,1200
61 100 3456,600,1224,1200
62 100 3456,600,1224,1200
63 100 3456,600,1224,1200
64 100 3480,576,1224,1224
65 100 3552,576,1224,1224
66 100 3648,576,1224,1224
67 100 3624,576,1224,1224
68 100 3672,576,1224,1224
69 100 24,576,1224,1224
70 100 3384,576,1224,1200
71 100 3408,576,1224,1200
72 100 3384,576,1224,1200
73 100 3408,576,1224,1200
74 100 3408,576,1224,1200
75 100 3384,576,1224,1200
76 100 3432,576,1224,1200
77 100 3432,576,1224,1200
78 100 3456,576,1224,1200
79 100 3552,552,1224,1224
80 100 3720,552,1224,1224
81 100 3600,528,1224,1224
82 100 3720,504,1224,1224
83 100 3552,456,1224,1224
84 100 3408,432,1224,1200
85 100 3504,408,1224,1200
86 100 3504,384,1224,1200
87 100 3480,360,1224,1200
88 100 3456,336,1224,1200
89 100 3336,312,1224,1224
90 100 3456,312,1224,1200
91 100 3528,288,1224,1224
92 100 3552,288,1224,1224
93 100 3312,288,1224,1224
94 100 3456,288,1224,1200
95 100 3504,288,1224,1200
96 100 3552,264,1224,1224
97 100 3360,264,1224,1200
98 100 3312,264,1224,1224
99 100 3408,264,1224,1200
100 100 3504,240,1224,1224
101 100 3312,240,1224,1224
102 100 3456,240,1224,1200
103 100 3384,216,1224,1200
104 100 3576,192,1224,1224
105 100 3384,192,1224,1200
106 100 3456,168,1224,1224
107 100 3528,168,1224,1224
108 100 3648,168,1224,1224
109 100 3648,168,1224,1224
110 100 3480,192,1224,1200
111 100 3480,168,1224,1224
112 100 24,168,1224,1224
113 100 3600,168,1224,1224
114 100 3288,168,1224,1200
115 100 3336,168,1224,1200
116 100 3312,168,1224,1200
117 100 96,168,1224,1224
118 100 3360,168,1224,1200
119 100 3384,168,1224,1200
120 100 3432,168,1224,1200
121 100 0,168,1224,1200
122 100 0,168,1224,1200
123 100 48,144,1224,1224
124 100 72,144,1224,1224
125 100 96,144,1224,1224
126 100 96,144,1224,1224
127 100 120,144,1224,1224
128 100 144,144,1224,1224
129 100 3312,144,1224,1200
130 100 0,144,1224,1200
131 100 48,144,1224,1200
132 100 72,144,1224,1200
133 100 96,144,1224,1200
134 100 120,144,1224,1200
135 100 144,120,1224,1224
136 100 0,120,1224,1224
137 100 0,120,1224,1224
138 100 0,120,1224,1224
139 100 168,144,1224,1200
140 100 168,120,1224,1224
141 100 168,120,1224,1224
142 100 144,120,1224,1224
143 100 144,120,1224,1224
144 100 168,120,1224,1224
145 100 120,120,1224,1224
146 100 72,120,1224,1224
147 100 0,144,1224,1200
148 100 3360,144,1224,1200
149 100 3312,144,1224,1200
150 100 3528,144,1224,1224
151 100 3360,168,1224,1200
152 100 3288,168,1224,1224
153 100 3264,168,1224,1224
154 100 3240,168,1224,1224
155 100 3240,168,1224,1224
156 100 3072,168,1224,1224
157 100 3072,168,1224,1224
158 100 3096,168,1224,1224
159 100 3000,168,1224,1200
160 100 3000,168,1224,1224
161 100 3000,168,1224,1200
162 100 2904,168,1224,1200
163 100 2904,168,1224,1200
164 100 2904,168,1224,1200
165 100 2904,168,1224,1200
166 100 2856,168,1224,1200
167 100 2856,168,1224,1200
168 100 2832,168,1224,1200
169 100 2808,144,1224,1224
170 100 2784,144,1224,1224
171 100 2760,144,1224,1200
172 100 2736,144,1224,1200
173 100 2736,120,1224,1200
174 100 2712,96,1224,1200
175 100 2688,48,1224,1224
176 100 2664,24,1224,1200
177 100 2640,24,1224,1176
178 100 2616,24,1224,1152
179 100 2592,24,1224,1128
180 100 2568,24,1224,1104
181 100 2544,24,1224,1104
182 100 2520,24,1224,1104
183 100 2520,24,1224,1104
184 100 2520,24,1224,1104
185 100 2496,24,1224,1104
186 100 2496,24,1224,1104
187 100 2448,24,1224,1152
188 100 2400,24,1224,1200
189 100 2352,72,1224,1224
190 100 2280,144,1224,1224
191 100 2328,264,1224,1200
192 100 2376,336,1224,1200
193 100 2400,408,1224,1224
194 100 2424,504,1224,1200
195 100 2424,528,1224,1224
196 100 2400,576,1224,1200
197 100 2376,576,1224,1200
198 100 2352,600,1224,1200
199 100 2328,600,1224,1200
200 100 2328,600,1224,1224
201 100 2328,600,1224,1224
202 100 2328,600,1224,1224
203 100 2304,600,1224,1224
204 100 2304,600,1224,1224
205 100 2280,624,1224,1200
206 100 2256,624,1224,1200
207 100 2256,648,1224,1200
208 100 2232,672,1224,1200
209 100 2208,672,1224,1200
210 100 2184,696,1224,1200
211 100 2160,720,1224,1200
212 100 2112,720,1224,1200
213 100 2088,744,1224,1224
214 100 2064,768,1224,1200
215 100 2040,768,1224,1200
216 100 2016,768,1224,1200
217 100 2016,768,1224,1200
218 100 1968,768,1224,1224
219 100 1944,792,1224,1200
220 100 1920,792,1224,1200
221 100 1920,792,1224,1200
222 100 1896,792,1224,1200
223 100 1872,792,1224,1200
224 100 1872,792,1224,1200
225 100 1872,768,1224,1224
226 100 1848,744,1224,1224
227 100 1848,744,1224,1200
228 100 1824,720,1224,1224
229 100 1824,720,1224,1200
230 100 1824,696,1224,1224
231 100 1800,696,1224,1200
232 100 1800,696,1224,1200
233 100 1800,696,1224,1200
234 100 1800,696,1224,1200
235 100 1800,672,1224,1224
236 100 1800,672,1224,1200
237 100 1800,672,1224,1200
238 100 1800,672,1224,1200
239 100 1776,648,1224,1224
240 100 1776,648,1224,1200
241 100 1800,648,1224,1200
242 100 1800,624,1224,1200
243 100 1800,624,1224,1200
244 100 1800,600,1224,1224
245 100 1824,600,1224,1200
246 100 1824,600,1224,1200
247 100 1824,600,1224,1200
248 100 1824,600,1224,1200
249 100 1824,600,1224,1200
250 100 1824,600,1224,1200
251 100 1824,600,1224,1200
252 100 1824,576,1224,1224
253 100 1824,576,1224,1224
254 100 1824,576,1224,1224
255 100 1824,576,1224,1200
256 100 1824,576,1224,1200
257 100 1824,576,1224,1200
258 100 1824,552,1224,1224
259 100 1824,552,1224,1200
260 100 1824,504,1224,1200
261 100 1776,480,1224,1200
262 100 1728,456,1224,1200
263 100 1704,432,1224,1224
264 100 1656,432,1224,1200
265 100 1632,408,1224,1200
266 100 1608,408,1224,1200
267 100 1584,384,1224,1224
268 100 1560,384,1224,1200
269 100 1536,384,1224,1200
270 100 1536,360,1224,1224
271 100 1512,360,1224,1200
272 100 1512,360,1224,1200
273 100 1488,360,1224,1200
274 100 1488,336,1224,1224
275 100 1488,336,1224,1200
276 100 1464,336,1224,1200
277 100 1464,336,1224,1200
278 100 1464,336,1224,1200
279 100 1464,312,1224,1224
280 100 1440,312,1224,1224
281 100 1440,312,1224,1200
282 100 1440,312,1224,1200
283 100 1416,312,1224,1200
284 100 1392,288,1224,1224
285 100 1368,288,1224,1200
286 100 1320,288,1224,1200
287 100 1296,288,1224,1200
288 100 1272,288,1224,1200
289 100 1248,288,1224,1200
290 100 1224,288,1224,1224
291 100 1200,288,1224,1224
292 100 1200,312,1224,1200
293 100 1200,312,1224,1200
294 100 1176,312,1224,1200
295 100 1152,312,1224,1224
296 100 1152,336,1224,1200
297 100 1152,336,1224,1200
298 100 1128,336,1224,1200
299 100 1128,336,1224,1224
300 100 1128,360,1224,1200
301 100 1128,360,1224,1224
302 100 1128,384,1224,1200
303 100 1128,384,1224,1200
304 100 1104,384,1224,1200
305 100 1104,384,1224,1200
306 100 1104,384,1224,1200
307 100 1080,384,1224,1224
308 100 1080,408,1224,1200
309 100 1080,408,1224,1200
310 100 1080,408,1224,1224
311 100 1080,408,1224,1224
312 100 1056,432,1224,1200
313 100 1056,432,1224,1200
314 100 1056,432,1224,1200
315 100 1032,432,1224,1200
316 100 1032,432,1224,1200
317 100 1032,432,1224,1200
318 100 1008,432,1224,1200
319 100 1008,432,1224,1200
320 100 1008,408,1224,1224
321 100 984,408,1224,1224
322 100 984,408,1224,1200
323 100 984,408,1224,1200
324 100 984,408,1224,1200
325 100 984,408,1224,1200
326 100 960,408,1224,1200
327 100 960,408,1224,1224
328 100 936,408,1224,1224
329 100 912,432,1224,1200
330 100 888,432,1224,1200
331 100 864,456,1224,1200
332 100 864,456,1224,1224
333 100 840,480,1224,1224
334 100 816,504,1224,1224
335 100 768,552,1224,1200
336 100 744,576,1224,1200
337 100 720,576,1224,1224
338 100 696,600,1224,1200
339 100 696,600,1224,1200
340 100 696,600,1224,1200
341 100 672,600,1224,1200
342 100 672,600,1224,1200
343 100 672,600,1224,1200
344 100 672,600,1224,1224
345 100 648,600,1224,1224
346 100 648,600,1224,1224
347 100 648,624,1224,1200
348 100 648,624,1224,1200
349 100 648,624,1224,1200
350 100 624,624,1224,1200
351 100 624,624,1224,1200
352 100 624,624,1224,1200
353 100 624,624,1224,1224
354 100 624,624,1224,1224
355 100 600,624,1224,1224
356 100 600,648,1224,1200
357 100 600,648,1224,1200
358 100 576,648,1224,1200
359 100 576,648,1224,1200
360 100 576,648,1224,1200
361 100 576,648,1224,1200
362 100 576,648,1224,1200
363 100 576,648,1224,1200
364 100 552,648,1224,1200
365 100 552,648,1224,1200
366 100 552,648,1224,1200
367 100 552,648,1224,1200
368 100 552,648,1224,1200
369 100 552,648,1224,1200
370 100 552,648,1224,1200
371 100 552,648,1224,1200
372 100 552,648,1224,1200
373 100 552,648,1224,1200
374 100 552,648,1224,1200
375 100 552,648,1224,1200
376 100 552,648,1224,1200
377 100 552,648,1224,1200
378 100 552,648,1224,1200
379 100 552,648,1224,1200
380 100 552,648,1224,1200
381 100 552,648,1224,1200
382 100 552,648,1224,1200
383 100 552,648,1224,1200
384 100 552,648,1224,1200
385 100 552,624,1224,1224
386 100 552,624,1224,1224
387 100 552,624,1224,1200
388 100 552,624,1224,1200
389 100 552,624,1224,1200
390 100 552,624,1224,1200
391 100 576,600,1224,1224
392 100 576,600,1224,1200
393 100 576,600,1224,1200
394 100 576,600,1224,1200
395 100 576,600,1224,1200
396 100 576,600,1224,1200
397 100 576,600,1224,1200
398 100 576,600,1224,1224
399 100 552,600,1224,1224
400 100 552,600,1224,1224
401 100 528,624,1224,1200
402 100 504,624,1224,1224
403 100 504,648,1224,1200
404 100 480,648,1224,1224
405 100 480,672,1224,1200
406 100 480,672,1224,1200
407 100 480,672,1224,1200
408 100 480,672,1224,1200
409 100 480,648,1224,1224
410 100 456,648,1224,1224
411 100 456,672,1224,1200
412 100 456,672,1224,1200
413 100 456,672,1224,1200
414 100 456,672,1224,1200
415 100 456,672,1224,1200
416 100 456,672,1224,1200
417 100 456,672,1224,1200
418 100 456,672,1224,1200
419 100 456,672,1224,1200
420 100 456,648,1224,1224
421 100 456,672,1224,1200
422 100 456,672,1224,1200
423 100 456,672,1224,1200
424 100 456,672,1224,1200
425 100 456,672,1224,1200
426 100 456,672,1224,1200
427 100 456,648,1224,1224
428 100 456,648,1224,1224
429 100 456,648,1224,1224
430 100 456,648,1224,1224
431 100 456,648,1224,1224
432 100 456,648,1224,1224
433 100 456,648,1224,1224
434 100 456,648,1224,1224
435 100 456,648,1224,1224
436 100 456,648,1224,1224
437 100 456,648,1224,1224
438 100 456,648,1224,1224
439 100 456,648,1224,1224
440 100 456,648,1224,1200
441 100 456,648,1224,1200
442 100 480,624,1224,1224
443 100 480,624,1224,1200
444 100 504,600,1224,1200
445 100 528,576,1224,1200
446 100 552,552,1224,1224
447 100 552,528,1224,1224
448 100 552,504,1224,1224
449 100 528,480,1224,1224
450 100 528,456,1224,1224
451 100 528,432,1224,1224
452 100 504,432,1224,1200
453 100 504,408,1224,1224
454 100 504,384,1224,1224
455 100 504,384,1224,1200
456 100 504,360,1224,1224
457 100 504,360,1224,1200
458 100 480,336,1224,1224
459 100 504,336,1224,1224
460 100 504,312,1224,1224
461 100 504,312,1224,1224
462 100 504,312,1224,1224
463 100 528,288,1224,1224
464 100 528,288,1224,1224
465 100 552,264,1224,1224
466 100 576,264,1224,1224
467 100 600,264,1224,1224
468 100 624,264,1224,1248
469 100 648,264,1224,1248
470 100 648,264,1224,1224
471 100 672,264,1224,1224
472 100 672,264,1224,1224
473 100 696,240,1224,1248
474 100 696,240,1224,1248
475 100 696,240,1224,1248
476 100 720,240,1224,1224
477 100 720,240,1224,1224
478 100 720,240,1224,1224
479 100 720,240,1224,1224
480 100 720,216,1224,1224
481 100 720,216,1224,1224
482 100 720,192,1224,1248
483 100 720,192,1224,1224
484 100 744,192,1224,1224
485 100 744,192,1224,1224
486 100 744,192,1224,1224
487 100 744,192,1224,1224
488 100 744,192,1224,1224
489 100 744,192,1224,1224
490 100 744,168,1224,1224
491 100 744,168,1224,1224
492 100 720,144,1224,1224
493 100 720,120,1224,1248
494 100 720,120,1224,1224
495 100 696,96,1224,1248
496 100 696,72,1224,1248
497 100 696,72,1224,1248
498 100 672,72,1224,1224
499 100 672,48,1224,1248
500 100 648,48,1224,1248
501 100 0,24,1224,1248
502 100 0,24,1224,1248
503 100 0,24,1224,1248
504 100 0,24,1224,1224
505 100 0,24,1224,1224
506 100 0,24,1224,1224
507 100 168,24,1224,1200
508 100 0,24,1224,1200
509 100 168,24,1224,1200
510 100 120,24,1224,1176
511 100 0,24,1224,1176
512 100 0,24,1224,1176
513 100 144,24,1224,1176
514 100 120,24,1224,1176
515 100 96,24,1224,1176
516 100 0,24,1224,1176
517 100 0,24,1224,1152
518 100 0,24,1224,1152
519 100 0,24,1224,1152
520 100 0,24,1224,1152
521 100 144,24,1224,1152
522 100 0,24,1224,1152
523 100 0,24,1224,1152
524 100 0,24,1224,1152
525 100 144,24,1224,1152
526 100 144,24,1224,1152
527 100 0,24,1224,1152
528 100 0,24,1224,1152
529 100 0,24,1224,1152
530 100 0,24,1224,1152
531 100 144,24,1224,1176
532 100 0,24,1224,1176
533 100 0,24,1224,1176
534 100 168,24,1224,1200
535 100 0,24,1224,1224
536 100 0,24,1224,1224
537 100 720,48,1224,1224
538 100 744,72,1224,1248
539 100 768,96,1224,1224
540 100 792,144,1224,1224
541 100 816,168,1224,1224
542 100 840,216,1224,1224
543 100 840,240,1224,1224
544 100 888,288,1224,1200
545 100 912,312,1224,1224
546 100 936,360,1224,1200
547 100 960,384,1224,1224
548 100 984,408,1224,1224
549 100 984,432,1224,1224
550 100 1008,456,1224,1224
551 100 1008,504,1224,1200
552 100 1032,504,1224,1224
553 100 1032,528,1224,1200
554 100 1032,552,1224,1200
555 100 1032,552,1224,1200
556 100 1032,576,1224,1200
557 100 1008,576,1224,1224
558 100 1008,600,1224,1200
559 100 1008,624,1224,1200
560 100 1008,624,1224,1200
561 100 1008,624,1224,1200
562 100 1008,624,1224,1200
563 100 1008,624,1224,1224
564 100 1008,648,1224,1200
565 100 1008,648,1224,1200
566 100 1008,648,1224,1200
567 100 1008,648,1224,1200
568 100 1008,624,1224,1224
569 100 1032,624,1224,1200
570 100 1032,576,1224,1224
571 100 1056,576,1224,1200
572 100 1056,552,1224,1200
573 100 1056,552,1224,1200
574 100 1056,528,1224,1200
575 100 1032,528,1224,1200
576 100 1032,528,1224,1200
577 100 1032,504,1224,1224
578 100 1032,504,1224,1200
579 100 1032,504,1224,1200
580 100 1032,504,1224,1200
581 100 1032,504,1224,1200
582 100 1032,480,1224,1224
583 100 1056,480,1224,1200
584 100 1080,456,1224,1224
585 100 1128,456,1224,1224
586 100 1152,432,1224,1224
587 100 1200,432,1224,1200
588 100 1272,408,1224,1224
589 100 1296,408,1224,1200
590 100 1344,408,1224,1200
591 100 1368,408,1224,1200
592 100 1392,408,1224,1200
593 100 1416,408,1224,1200
594 100 1416,384,1224,1224
595 100 1440,384,1224,1224
596 100 1464,384,1224,1200
597 100 1488,384,1224,1224
598 100 1512,408,1224,1200
599 100 1536,408,1224,1200
600 100 1560,408,1224,1200
601 100 1608,408,1224,1200
602 100 1632,408,1224,1200
603 100 1680,408,1224,1200
604 100 1752,384,1224,1224
605 100 1800,384,1224,1224
606 100 1824,384,1224,1224
607 100 1872,384,1224,1200
608 100 1896,384,1224,1200
609 100 1920,384,1224,1200
610 100 1944,384,1224,1200
611 100 1992,408,1224,1200
612 100 2016,408,1224,1224
613 100 2040,432,1224,1200
614 100 2112,480,1224,1200
615 100 2160,552,1224,1200
616 100 2112,648,1224,1224
617 100 2088,720,1224,1224
618 100 2016,792,1224,1200
619 100 1944,840,1224,1224
620 100 1896,888,1224,1224
621 100 1872,912,1224,1224
622 100 1872,936,1224,1200
623 100 1848,960,1224,1200
624 100 1752,984,1224,1176
625 100 552,1008,1224,1152
626 100 0,1008,1224,1152
627 100 672,1008,1224,1152
628 100 720,1008,1224,1152
629 100 0,1032,1224,1128
630 100 0,1032,1224,1128
631 100 0,1056,1224,1104
632 100 0,1056,1224,1104
633 100 0,1056,1224,1104
634 100 0,1056,1224,1104
635 100 0,1080,1224,1080
636 100 0,1080,1224,1080
637 100 0,1080,1224,1080
638 100 0,1080,1224,1080
639 100 0,1080,1224,1080
640 100 0,1080,1224,1080
641 100 0,1080,1224,1080
642 100 0,1080,1224,1080
643 100 0,1056,1224,1104
644 100 0,1056,1224,1104
645 100 0,1008,1224,1152
646 100 1656,984,1224,1176
647 100 2280,960,1224,1200
648 100 2352,936,1224,1224
649 100 2472,912,1224,1224
650 100 2520,888,1224,1224
651 100 2688,864,1224,1224
652 100 2688,840,1224,1248
653 100 2784,840,1224,1224
654 100 2904,816,1224,1248
655 100 2856,816,1224,1224
656 100 2880,816,1224,1224
657 100 2928,816,1224,1224
658 100 2952,816,1224,1224
659 100 3000,816,1224,1200
660 100 3024,792,1224,1224
661 100 3048,792,1224,1224
662 100 2976,816,1224,1200
663 100 3072,816,1224,1224
664 100 3024,816,1224,1224
665 100 3024,816,1224,1224
666 100 3312,816,1224,1224
667 100 3312,816,1224,1224
668 100 3336,816,1224,1224
669 100 3168,840,1224,1200
670 100 3336,840,1224,1224
671 100 3360,840,1224,1224
672 100 3384,840,1224,1224
673 100 3216,864,1224,1200
674 100 3120,864,1224,1200
675 100 3048,864,1224,1224
676 100 3120,864,1224,1200
677 100 3240,864,1224,1200
678 100 3240,864,1224,1200
679 100 3216,864,1224,1200
680 100 3408,864,1224,1200
681 100 3552,840,1224,1224
682 100 3336,840,1224,1200
683 100 3336,816,1224,1200
684 100 3384,792,1224,1200
685 100 3480,768,1224,1200
686 100 3360,744,1224,1200
687 100 3456,744,1224,1200
688 100 3312,720,1224,1224
689 100 3336,720,1224,1200
690 100 3384,720,1224,1200
691 100 3432,720,1224,1200
692 100 3504,720,1224,1200
693 100 3504,720,1224,1200
694 100 3552,696,1224,1224
695 100 3696,696,1224,1224
696 100 3336,696,1224,1200
697 100 3384,696,1224,1200
698 100 3432,696,1224,1200
699 100 3432,696,1224,1200
700 100 3480,696,1224,1200
701 100 3552,696,1224,1200
702 100 3624,672,1224,1224
703 100 3696,672,1224,1224
704 100 3360,672,1224,1200
705 100 3432,672,1224,1200
706 100 3456,672,1224,1200
707 100 3456,672,1224,1200
708 100 3552,672,1224,1200
709 100 3360,648,1224,1200
710 100 3360,648,1224,1200
711 100 3336,648,1224,1224
712 100 3600,648,1224,1224
713 100 3528,672,1224,1200
714 100 3576,672,1224,1200
715 100 3576,648,1224,1224
716 100 3576,672,1224,1200
717 100 3600,648,1224,1224
718 100 3336,648,1224,1224
719 100 3360,648,1224,1200
720 100 3408,648,1224,1200
721 100 3216,648,1224,1200
722 100 3216,648,1224,1200
723 100 3336,648,1224,1224
724 100 3312,648,1224,1224
725 100 3312,648,1224,1224
726 100 3312,648,1224,1224
727 100 3168,648,1224,1224
728 100 3192,648,1224,1200
729 100 3216,648,1224,1200
730 100 3360,648,1224,1224
731 100 3336,648,1224,1224
732 100 3384,648,1224,1200
733 100 3576,624,1224,1224
734 100 3408,624,1224,1200
735 100 3624,624,1224,1224
736 100 3408,624,1224,1200
737 100 3384,624,1224,1200
738 100 3624,624,1224,1224
739 100 3528,672,1224,1200
740 100 3672,648,1224,1224
741 100 3384,672,1224,1200
742 100 3720,696,1224,1224
743 100 3312,696,1224,1200
744 100 3456,720,1224,1200
745 100 3432,720,1224,1200
746 100 3552,744,1224,1200
747 100 3552,744,1224,1224
748 100 3696,768,1224,1224
749 100 3384,792,1224,1200
750 100 3696,816,1224,1224
751 100 3192,840,1224,1200
752 100 3288,864,1224,1200
753 100 3192,864,1224,1200
754 100 3384,864,1224,1200
755 100 3336,864,1224,1200
756 100 3312,864,1224,1200
757 100 3240,864,1224,1200
758 100 3144,864,1224,1200
759 100 3480,864,1224,1224
760 100 3600,864,1224,1224
761 100 3552,864,1224,1224
762 100 3408,888,1224,1200
763 100 3720,864,1224,1224
764 100 3672,864,1224,1224
765 100 3168,864,1224,1200
766 100 3432,864,1224,1200
767 100 3480,816,1224,1224
768 100 3648,768,1224,1224
769 100 3720,696,1224,1224
770 100 3696,648,1224,1224
771 100 3360,624,1224,1200
772 100 3360,624,1224,1200
773 100 3408,624,1224,1200
774 100 3384,624,1224,1200
775 100 3744,624,1224,1224
776 100 3504,648,1224,1200
777 100 3600,624,1224,1224
778 100 3552,648,1224,1200
779 100 3528,648,1224,1200
780 100 3624,624,1224,1224
781 100 3600,624,1224,1224
782 100 3552,648,1224,1200
783 100 3552,648,1224,1200
784 100 3600,624,1224,1224
785 100 3552,648,1224,1200
786 100 3552,648,1224,1200
787 100 3576,648,1224,1200
788 100 3528,648,1224,1200
789 100 3552,648,1224,1200
790 100 3600,624,1224,1224
791 100 3600,624,1224,1224
792 100 3576,648,1224,1200
793 100 3600,624,1224,1224
794 100 3624,624,1224,1224
795 100 3552,648,1224,1200
796 100 3528,648,1224,1200
797 100 3528,648,1224,1200
798 100 3432,648,1224,1200
799 100 3384,648,1224,1200
800 100 3384,648,1224,1200
801 100 3720,648,1224,1224
802 100 3432,672,1224,1200
803 100 3552,672,1224,1224
804 100 3360,720,1224,1200
805 100 3432,768,1224,1200
806 100 3504,744,1224,1224
807 100 3648,744,1224,1224
808 100 3648,744,1224,1224
809 100 3696,744,1224,1224
810 100 3432,768,1224,1200
811 100 3264,768,1224,1200
812 100 3600,768,1224,1224
813 100 3504,768,1224,1224
814 100 3480,768,1224,1224
815 100 3456,768,1224,1224
816 100 3528,768,1224,1224
817 100 3504,768,1224,1224
818 100 3384,792,1224,1200
819 100 3264,792,1224,1200
820 100 3600,792,1224,1224
821 100 3336,816,1224,1200
822 100 3480,816,1224,1224
823 100 3408,840,1224,1224
824 100 3048,888,1224,1200
825 100 3432,912,1224,1224
826 100 3024,936,1224,1200
827 100 3144,912,1224,1200
828 100 3456,888,1224,1224
829 100 3168,888,1224,1200
830 100 3240,888,1224,1200
831 100 3312,888,1224,1200
832 100 3528,864,1224,1224
833 100 3096,864,1224,1224
834 100 3576,864,1224,1224
835 100 3120,864,1224,1200
836 100 3360,864,1224,1200
837 100 3600,840,1224,1224
838 100 3216,816,1224,1200
839 100 3480,768,1224,1224
840 100 3576,720,1224,1224
841 100 3504,672,1224,1200
842 100 3384,624,1224,1200
843 100 3624,600,1224,1224
844 100 3408,600,1224,1200
845 100 3624,576,1224,1224
846 100 3480,576,1224,1200
847 100 3576,552,1224,1224
848 100 3624,552,1224,1224
849 100 3432,552,1224,1200
850 100 3456,552,1224,1200
851 100 3408,552,1224,1200
852 100 3432,552,1224,1200
853 100 3480,552,1224,1200
854 100 3528,552,1224,1200
855 100 3552,528,1224,1224
856 100 3384,528,1224,1224
857 100 3432,528,1224,1200
858 100 3480,528,1224,1200
859 100 3432,528,1224,1200
860 100 3528,528,1224,1224
861 100 3576,552,1224,1224
862 100 3360,600,1224,1200
863 100 3360,648,1224,1200
864 100 3624,624,1224,1224
865 100 3648,624,1224,1224
866 100 3456,648,1224,1200
867 100 3432,648,1224,1200
868 100 3408,648,1224,1200
869 100 3456,648,1224,1200
870 100 3552,624,1224,1224
871 100 3552,624,1224,1224
872 100 3528,648,1224,1200
873 100 3456,648,1224,1200
874 100 3456,648,1224,1200
875 100 3408,648,1224,1200
876 100 3456,648,1224,1200
877 100 3456,648,1224,1200
878 100 3456,648,1224,1200
879 100 3456,648,1224,1200
880 100 3456,648,1224,1200
881 100 3432,648,1224,1200
882 100 3384,648,1224,1200
883 100 3408,648,1224,1200
884 100 3384,648,1224,1200
885 100 3336,648,1224,1200
886 100 3384,648,1224,1200
887 100 3384,648,1224,1200
888 100 3336,648,1224,1224
889 100 3336,648,1224,1224
890 100 3336,648,1224,1224
891 100 3360,648,1224,1200
892 100 3360,648,1224,1224
893 100 3360,648,1224,1224
894 100 3360,648,1224,1200
895 100 3360,648,1224,1224
896 100 3312,648,1224,1224
897 100 3360,648,1224,1200
898 100 3360,648,1224,1200
899 100 3360,648,1224,1200
900 100 3360,648,1224,1200
901 100 3360,648,1224,1200
902 100 3408,648,1224,1200
903 100 3456,648,1224,1200
904 100 3408,624,1224,1200
905 100 3480,600,1224,1200
906 100 3552,576,1224,1200
907 100 3528,552,1224,1200
908 100 3336,504,1224,1224
909 100 3336,480,1224,1224
910 100 3480,480,1224,1200
911 100 3528,480,1224,1200
912 100 3312,456,1224,1224
913 100 3360,456,1224,1224
914 100 3360,456,1224,1224
915 100 3408,456,1224,1200
916 100 3408,456,1224,1200
917 100 3456,456,1224,1200
918 100 3456,456,1224,1200
919 100 3456,456,1224,1200
920 100 3504,456,1224,1200
921 100 3504,456,1224,1200
922 100 3504,456,1224,1200
923 100 3456,456,1224,1200
924 100 3360,456,1224,1224
925 100 3480,480,1224,1200
926 100 3528,504,1224,1200
927 100 3360,528,1224,1224
928 100 3408,576,1224,1200
929 100 3408,624,1224,1200
930 100 3312,672,1224,1224
931 100 3504,696,1224,1200
932 100 3600,696,1224,1224
933 100 3456,720,1224,1200
934 100 3504,720,1224,1200
935 100 3336,720,1224,1200
936 100 3576,720,1224,1224
937 100 3576,720,1224,1224
938 100 3504,744,1224,1200
939 100 3552,720,1224,1224
940 100 3288,720,1224,1224
941 100 3312,720,1224,1224
942 100 3312,720,1224,1224
943 100 3312,720,1224,1200
944 100 3288,720,1224,1224
945 100 3576,720,1224,1224
946 100 3552,720,1224,1224
947 100 3264,720,1224,1224
948 100 3288,720,1224,1224
949 100 3312,720,1224,1224
950 100 3312,720,1224,1200
951 100 3360,720,1224,1200
952 100 3408,720,1224,1200
953 100 3480,720,1224,1200
954 100 3576,696,1224,1224
955 100 3336,696,1224,1224
956 100 3480,696,1224,1200
957 100 3336,648,1224,1224
958 100 3456,624,1224,1200
959 100 3384,576,1224,1200
960 100 3480,552,1224,1200
961 100 3480,528,1224,1200
962 100 3384,504,1224,1200
963 100 3408,504,1224,1200
964 100 3480,504,1224,1200
965 100 3384,480,1224,1200
966 100 3384,480,1224,1224
967 100 3456,480,1224,1200
968 100 3552,480,1224,1200
969 100 3600,456,1224,1224
970 100 3408,456,1224,1200
971 100 3384,456,1224,1224
972 100 3360,432,1224,1224
973 100 3384,432,1224,1224
974 100 3408,432,1224,1200
975 100 3456,432,1224,1200
976 100 3528,432,1224,1200
977 100 3408,408,1224,1200
978 100 3504,408,1224,1200
979 100 3600,408,1224,1224
980 100 3552,408,1224,1224
981 100 3432,432,1224,1200
982 100 3432,432,1224,1200
983 100 3504,432,1224,1200
984 100 3576,408,1224,1224
985 100 3384,408,1224,1224
986 100 3264,408,1224,1200
987 100 3312,408,1224,1200
988 100 3168,384,1224,1224
989 100 2952,384,1224,1200
990 100 2880,384,1224,1200
991 100 2904,360,1224,1224
992 100 2856,360,1224,1224
993 100 2832,360,1224,1200
994 100 2832,360,1224,1200
995 100 2856,360,1224,1224
996 100 2856,360,1224,1224
997 100 2832,360,1224,1224
998 100 2904,360,1224,1224
999 100 2952,384,1224,1224
1000 100 2976,408,1224,1200
1001 100 3168,408,1224,1224
1002 100 3240,432,1224,1200
1003 100 3480,408,1224,1224
1004 100 3504,384,1224,1224
1005 100 3552,360,1224,1224
1006 100 0,360,1224,1200
1007 100 72,360,1224,1200
1008 100 0,360,1224,1200
1009 100 24,336,1224,1224
1010 100 72,336,1224,1224
1011 100 0,336,1224,1224
1012 100 24,336,1224,1224
1013 100 0,336,1224,1200
1014 100 0,312,1224,1224
1015 100 0,312,1224,1224
1016 100 0,312,1224,1200
1017 100 0,288,1224,1224
1018 100 0,288,1224,1200
1019 100 0,240,1224,1224
1020 100 0,192,1224,1224
1021 100 0,144,1224,1224
1022 100 0,120,1224,1224
1023 100 0,96,1224,1224
1024 100 0,72,1224,1224
1025 100 0,48,1224,1224
1026 100 0,48,1224,1224
1027 100 0,24,1224,1224
1028 100 0,24,1224,1224
1029 100 0,24,1224,1224
1030 100 0,24,1224,1200
1031 100 0,24,1224,1200
1032 100 0,24,1224,1200
1033 100 0,24,1224,1176
1034 100 0,24,1224,1200
1035 100 0,24,1224,1200
1036 100 0,24,1224,1200
1037 100 0,24,1224,1200
1038 100 0,24,1224,1200
1039 100 0,24,1224,1224
1040 100 0,48,1224,1224
1041 100 0,72,1224,1224
1042 100 0,120,1224,1224
1043 100 0,144,1224,1248
1044 100 3456,192,1224,1248
1045 100 3648,264,1224,1248
1046 100 3432,336,1224,1224
1047 100 3408,408,1224,1200
1048 100 3264,456,1224,1200
1049 100 3240,456,1224,1200
1050 100 3072,432,1224,1200
1051 100 2976,432,1224,1224
1052 100 2928,432,1224,1224
1053 100 2928,432,1224,1200
1054 100 2856,408,1224,1224
1055 100 2856,408,1224,1224
1056 100 2832,432,1224,1200
1057 100 2784,432,1224,1200
1058 100 2760,432,1224,1200
1059 100 2736,408,1224,1200
1060 100 2712,408,1224,1200
1061 100 2664,408,1224,1200
1062 100 2616,384,1224,1224
1063 100 2568,384,1224,1200
1064 100 2544,360,1224,1224
1065 100 2520,360,1224,1224
1066 100 2496,360,1224,1200
1067 100 2496,360,1224,1200
1068 100 2496,336,1224,1200
1069 100 2520,312,1224,1200
1070 100 2544,312,1224,1200
1071 100 2544,288,1224,1200
1072 100 2544,288,1224,1200
1073 100 2520,288,1224,1200
1074 100 2496,288,1224,1200
1075 100 2496,288,1224,1200
1076 100 2424,288,1224,1200
1077 100 2376,288,1224,1200
1078 100 2280,264,1224,1224
1079 100 2160,240,1224,1224
1080 100 2064,240,1224,1200
1081 100 1992,216,1224,1200
1082 100 1896,192,1224,1200
1083 100 1848,168,1224,1224
1084 100 1800,144,1224,1224
1085 100 1776,144,1224,1200
1086 100 1752,120,1224,1224
1087 100 1752,120,1224,1200
1088 100 1728,96,1224,1200
1089 100 1728,72,1224,1224
1090 100 1728,48,1224,1224
1091 100 1104,24,1224,1200
1092 100 1512,24,1224,1176
1093 100 1536,24,1224,1152
1094 100 1536,24,1224,1128
1095 100 1536,24,1224,1128
1096 100 1512,24,1224,1104
1097 100 1488,24,1224,1080
1098 100 1464,24,1224,1056
1099 100 1440,24,1224,1056
1100 100 1416,24,1224,1056
1101 100 1392,24,1224,1056
1102 100 1368,24,1224,1056
1103 100 1344,24,1224,1056
1104 100 1248,24,1224,1056
1105 100 1200,24,1224,1080
1106 100 1056,24,1224,1080
1107 100 984,24,1224,1104
1108 100 864,24,1224,1104
1109 100 864,24,1224,1104
1110 100 624,24,1224,1104
1111 100 600,24,1224,1104
1112 100 600,24,1224,1104
1113 100 648,24,1224,1104
1114 100 672,24,1224,1104
1115 100 696,24,1224,1104
1116 100 408,24,1224,1104
1117 100 480,24,1224,1104
1118 100 456,24,1224,1104
1119 100 576,24,1224,1104
1120 100 384,24,1224,1080
1121 100 216,24,1224,1080
1122 100 96,24,1224,1080
1123 100 216,24,1224,1080
1124 100 384,24,1224,1080
1125 100 24,24,1224,1080
1126 100 0,24,1224,1104
1127 100 0,24,1224,1104
1128 100 0,24,1224,1104
1129 100 0,24,1224,1128
1130 100 0,24,1224,1128
1131 100 0,24,1224,1128
1132 100 0,24,1224,1128
1133 100 0,24,1224,1128
1134 100 0,24,1224,1128
1135 100 0,24,1224,1128
1136 100 0,24,1224,1128
1137 100 0,24,1224,1128
1138 100 0,24,1224,1128
1139 100 0,24,1224,1128
1140 100 144,24,1224,1128
1141 100 120,24,1224,1128
1142 100 96,24,1224,1128
1143 100 72,24,1224,1128
1144 100 48,24,1224,1128
1145 100 24,24,1224,1104
1146 100 0,24,1224,1104
1147 100 96,24,1224,1104
1148 100 72,24,1224,1104
1149 100 48,24,1224,1104
1150 100 24,24,1224,1104
1151 100 24,24,1224,1104
1152 100 24,24,1224,1104
1153 100 24,24,1224,1104
1154 100 24,24,1224,1128
1155 100 48,24,1224,1152
1156 100 24,24,1224,1176
1157 100 48,24,1224,1200
1158 100 24,24,1224,1224
1159 100 24,24,1224,1224
1160 100 0,24,1224,1224
1161 100 0,24,1224,1224
1162 100 0,24,1224,1224
1163 100 0,24,1224,1224
1164 100 0,24,1224,1224
1165 100 0,24,1224,1224
1166 100 0,24,1224,1224
1167 100 0,24,1224,1224
1168 100 0,24,1224,1224
1169 100 0,24,1224,1224
1170 100 0,24,1224,1224
1171 100 0,24,1224,1224
1172 100 0,24,1224,1224
1173 100 0,24,1224,1200
1174 100 0,24,1224,1200
1175 100 0,24,1224,1200
1176 100 0,24,1224,1224
1177 100 144,48,1224,1224
1178 100 240,120,1224,1224
1179 100 360,216,1224,1224
1180 100 504,336,1224,1200
1181 100 600,432,1224,1224
1182 100 576,552,1224,1224
1183 100 528,624,1224,1224
1184 100 528,672,1224,1200
1185 100 504,696,1224,1200
1186 100 480,696,1224,1224
1187 100 456,696,1224,1224
1188 100 456,720,1224,1224
1189 100 456,720,1224,1224
1190 100 456,720,1224,1224
1191 100 432,744,1224,1224
1192 100 432,768,1224,1224
1193 100 432,768,1224,1224
1194 100 408,792,1224,1224
1195 100 408,792,1224,1248
1196 100 384,816,1224,1248
1197 100 384,840,1224,1248
1198 100 384,864,1224,1248
1199 100 360,864,1224,1248
1200 100 336,888,1224,1272
1201 100 336,888,1224,1272
1202 100 336,888,1224,1272
1203 100 336,888,1224,1272
1204 100 336,888,1224,1272
1205 100 312,888,1224,1272
1206 100 312,888,1224,1272
1207 100 312,888,1224,1272
1208 100 312,888,1224,1272
1209 100 312,888,1224,1272
1210 100 288,888,1224,1272
1211 100 288,888,1224,1272
1212 100 288,888,1224,1272
1213 100 264,888,1224,1272
1214 100 240,888,1224,1272
1215 100 216,864,1224,1296
1216 100 192,888,1224,1272
1217 100 192,864,1224,1296
1218 100 192,864,1224,1296
1219 100 192,864,1224,1296
1220 100 192,864,1224,1296
1221 100 192,864,1224,1296
1222 100 168,864,1224,1296
1223 100 168,864,1224,1296
1224 100 168,864,1224,1296
1225 100 168,864,1224,1296
1226 100 168,864,1224,1296
1227 100 168,864,1224,1296
1228 100 192,888,1224,1272
1229 100 192,888,1224,1272
1230 100 216,888,1224,1272
1231 100 216,888,1224,1272
1232 100 240,912,1224,1248
1233 100 288,912,1224,1248
1234 100 336,936,1224,1224
1235 100 408,936,1224,1224
1236 100 456,960,1224,1200
1237 100 528,960,1224,1200
1238 100 216,984,1224,1176
1239 100 0,1008,1224,1152
1240 100 0,1008,1224,1152
1241 100 0,1032,1224,1128
1242 100 0,1032,1224,1128
1243 100 0,1032,1224,1128
1244 100 0,1032,1224,1128
1245 100 0,1032,1224,1128
1246 100 0,1032,1224,1128
1247 100 0,1056,1224,1104
1248 100 0,1032,1224,1128
1249 100 0,1032,1224,1128
1250 100 0,1056,1224,1104
1251 100 0,1056,1224,1104
1252 100 0,1032,1224,1128
1253 100 0,1032,1224,1128
1254 100 0,1032,1224,1128
1255 100 0,1056,1224,1104
1256 100 0,1056,1224,1104
1257 100 0,1056,1224,1104
1258 100 0,1032,1224,1128
1259 100 0,1032,1224,1128
1260 100 0,1032,1224,1128
1261 100 0,1032,1224,1128
1262 100 0,1032,1224,1128
1263 100 0,1032,1224,1128
1264 100 0,1032,1224,1128
1265 100 0,1032,1224,1128
1266 100 0,1032,1224,1128
1267 100 0,1032,1224,1128
1268 100 0,1032,1224,1128
1269 100 0,1008,1224,1152
1270 100 0,1008,1224,1152
1271 100 0,1008,1224,1152
1272 100 0,1008,1224,1152
1273 100 0,1008,1224,1152
1274 100 504,1008,1224,1152
1275 100 840,1008,1224,1152
1276 100 936,1008,1224,1152
1277 100 1080,1008,1224,1152
1278 100 1224,984,1224,1176
1279 100 1272,984,1224,1176
1280 100 1368,984,1224,1176
1281 100 1416,984,1224,1176
1282 100 1440,984,1224,1176
1283 100 1440,960,1224,1200
1284 100 1464,960,1224,1200
1285 100 1464,936,1224,1224
1286 100 1512,912,1224,1224
1287 100 1536,912,1224,1200
1288 100 1560,888,1224,1200
1289 100 1608,864,1224,1200
1290 100 1656,840,1224,1200
1291 100 1680,816,1224,1224
1292 100 1728,792,1224,1224
1293 100 1752,768,1224,1224
1294 100 1776,768,1224,1200
1295 100 1824,744,1224,1200
1296 100 1848,720,1224,1200
1297 100 1872,696,1224,1200
1298 100 1896,672,1224,1200
1299 100 1920,648,1224,1200
1300 100 1944,624,1224,1224
1301 100 1968,600,1224,1224
1302 100 1992,600,1224,1200
1303 100 2016,576,1224,1200
1304 100 2040,552,1224,1224
1305 100 2064,552,1224,1200
1306 100 2088,528,1224,1200
1307 100 2088,504,1224,1200
1308 100 2088,480,1224,1200
1309 100 2088,456,1224,1200
1310 100 2088,432,1224,1224
1311 100 2088,432,1224,1200
1312 100 2088,408,1224,1224
1313 100 2088,408,1224,1200
1314 100 2088,384,1224,1224
1315 100 2088,384,1224,1200
1316 100 2088,360,1224,1224
1317 100 2088,360,1224,1224
1318 100 2088,360,1224,1224
1319 100 2112,360,1224,1224
1320 100 2112,360,1224,1200
1321 100 2112,360,1224,1200
1322 100 2136,336,1224,1224
1323 100 2112,336,1224,1200
1324 100 2088,312,1224,1200
1325 100 2040,264,1224,1224
1326 100 1968,240,1224,1200
1327 100 1896,216,1224,1200
1328 100 1824,168,1224,1200
1329 100 1728,120,1224,1224
1330 100 1656,96,1224,1200
1331 100 1584,72,1224,1200
1332 100 1512,48,1224,1200
1333 100 0,24,1224,1224
1334 100 0,24,1224,1200
1335 100 936,24,1224,1176
1336 100 384,24,1224,1176
1337 100 24,24,1224,1176
1338 100 840,24,1224,1176
1339 100 816,24,1224,1176
1340 100 744,24,1224,1176
1341 100 480,24,1224,1152
1342 100 336,24,1224,1152
1343 100 24,24,1224,1152
1344 100 840,24,1224,1152
1345 100 720,24,1224,1152
1346 100 624,24,1224,1152
1347 100 672,24,1224,1152
1348 100 672,24,1224,1152
1349 100 576,24,1224,1152
1350 100 528,24,1224,1152
1351 100 408,24,1224,1152
1352 100 312,24,1224,1152
1353 100 792,24,1224,1152
1354 100 696,24,1224,1152
1355 100 696,24,1224,1152
1356 100 672,24,1224,1152
1357 100 672,24,1224,1152
1358 100 624,24,1224,1152
1359 100 624,24,1224,1152
1360 100 648,24,1224,1152
1361 100 624,24,1224,1152
1362 100 696,24,1224,1152
1363 100 0,24,1224,1152
1364 100 528,24,1224,1128
1365 100 96,24,1224,1152
1366 100 0,24,1224,1176
1367 100 0,24,1224,1200
1368 100 0,24,1224,1200
1369 100 1128,48,1224,1200
1370 100 1128,48,1224,1224
1371 100 1104,48,1224,1224
1372 100 1104,48,1224,1224
1373 100 1104,48,1224,1200
1374 100 1104,48,1224,1200
1375 100 1104,48,1224,1200
1376 100 1080,48,1224,1200
1377 100 1080,48,1224,1200
1378 100 0,24,1224,1224
1379 100 0,24,1224,1224
1380 100 0,24,1224,1224
1381 100 0,24,1224,1224
1382 100 1056,48,1224,1200
1383 100 1056,48,1224,1200
1384 100 1056,48,1224,1200
1385 100 1080,72,1224,1224
1386 100 1104,120,1224,1224
1387 100 1128,216,1224,1200
1388 100 1152,288,1224,1200
1389 100 1200,360,1224,1200
1390 100 1224,408,1224,1200
1391 100 1224,432,1224,1224
1392 100 1224,456,1224,1224
1393 100 1224,480,1224,1200
1394 100 1224,480,1224,1200
1395 100 1224,480,1224,1224
1396 100 1224,504,1224,1200
1397 100 1224,504,1224,1200
1398 100 1224,504,1224,1224
1399 100 1224,528,1224,1200
1400 100 1224,552,1224,1200
1401 100 1224,552,1224,1200
1402 100 1224,552,1224,1200
1403 100 1224,552,1224,1200
1404 100 1224,552,1224,1200
1405 100 1224,552,1224,1200
1406 100 1224,552,1224,1200
1407 100 1224,552,1224,1224
1408 100 1224,552,1224,1224
1409 100 1224,552,1224,1224
1410 100 1224,552,1224,1224
1411 100 1224,552,1224,1224
1412 100 1200,576,1224,1200
1413 100 1128,576,1224,1200
1414 100 1032,600,1224,1224
1415 100 912,648,1224,1200
1416 100 816,648,1224,1224
1417 100 744,648,1224,1224
1418 100 696,648,1224,1224
1419 100 672,648,1224,1224
1420 100 648,648,1224,1200
1421 100 648,648,1224,1200
1422 100 624,648,1224,1200
1423 100 600,648,1224,1224
1424 100 552,672,1224,1200
1425 100 504,696,1224,1200
1426 100 480,720,1224,1200
1427 100 456,720,1224,1224
1428 100 432,720,1224,1224
1429 100 432,720,1224,1224
1430 100 432,696,1224,1224
1431 100 408,720,1224,1224
1432 100 384,744,1224,1200
1433 100 360,768,1224,1224
1434 100 312,840,1224,1224
1435 100 264,888,1224,1248
1436 100 240,936,1224,1224
1437 100 216,936,1224,1224
1438 100 1344,960,1224,1200
1439 100 312,984,1224,1176
1440 100 0,984,1224,1176
1441 100 0,984,1224,1176
1442 100 0,984,1224,1176
1443 100 0,984,1224,1176
1444 100 0,984,1224,1176
1445 100 0,1008,1224,1152
1446 100 0,1008,1224,1152
1447 100 0,1008,1224,1152
1448 100 0,1008,1224,1152
1449 100 0,1008,1224,1152
1450 100 0,1008,1224,1152
1451 100 0,1008,1224,1152
1452 100 0,1008,1224,1152
1453 100 0,1008,1224,1152
1454 100 0,1008,1224,1152
1455 100 0,1032,1224,1128
1456 100 0,1032,1224,1128
1457 100 0,1032,1224,1128
1458 100 0,1032,1224,1128
1459 100 0,1056,1224,1104
1460 100 0,1080,1224,1080
1461 100 0,1080,1224,1080
1462 100 0,1104,1224,1056
1463 100 0,1104,1224,1056
1464 100 0,1104,1224,1056
1465 100 0,1104,1224,1056
1466 100 0,1104,1224,1056
1467 100 0,1104,1224,1056
1468 100 0,1104,1224,1056
1469 100 0,1128,1224,1032
1470 100 0,1128,1224,1032
1471 100 0,1128,1224,1032
1472 100 0,1128,1224,1032
1473 100 0,1128,1224,1032
1474 100 0,1128,1224,1032
1475 100 0,1128,1224,1032
1476 100 0,1152,1224,1008
1477 100 0,1152,1224,1008
1478 100 0,1152,1224,1008
1479 100 0,1152,1224,1008
1480 100 0,1152,1224,1008
1481 100 0,1152,1224,1008
1482 100 0,1176,1224,984
1483 100 0,1176,1224,984
1484 100 0,1176,1224,984
1485 100 0,1200,1224,960
1486 100 0,1200,1224,960
1487 100 0,1200,1224,960
1488 100 0,1224,1224,936
1489 100 0,1224,1224,936
1490 100 0,1248,1224,912
1491 100 0,1248,1224,912
1492 100 0,1248,1224,912
1493 100 0,1248,1224,912
1494 100 0,1248,1224,912
1495 100 0,1272,1224,888
1496 100 0,1248,1224,912
1497 100 0,1248,1224,912
1498 100 0,1248,1224,912
1499 100 0,1248,1224,912
1500 100 0,1248,1224,912
1501 100 0,1248,1224,912
1502 100 0,1248,1224,912
1503 100 0,1248,1224,912
1504 100 0,1248,1224,912
1505 100 0,1248,1224,912
1506 100 0,1248,1224,912
1507 100 0,1248,1224,912
1508 100 0,1248,1224,912
1509 100 0,1248,1224,912
1510 100 0,1248,1224,912
1511 100 0,1248,1224,912
1512 100 0,1248,1224,912
1513 100 0,1248,1224,912
1514 100 0,1248,1224,912
1515 100 0,1248,1224,912
1516 100 0,1248,1224,912
1517 100 0,1248,1224,912
1518 100 0,1224,1224,936
1519 100 0,1224,1224,936
1520 100 0,1224,1224,936
1521 100 0,1224,1224,936
1522 100 0,1200,1224,960
1523 100 0,1200,1224,960
1524 100 0,1176,1224,984
1525 100 0,1176,1224,984
1526 100 0,1176,1224,984
1527 100 0,1176,1224,984
1528 100 0,1176,1224,984
1529 100 0,1176,1224,984
1530 100 0,1176,1224,984
1531 100 0,1176,1224,984
1532 100 0,1152,1224,1008
1533 100 0,1128,1224,1032
1534 100 0,1080,1224,1080
1535 100 0,1008,1224,1152
1536 100 1008,960,1224,1200
1537 100 1104,864,1224,1224
1538 100 1176,792,1224,1224
1539 100 1248,744,1224,1200
1540 100 1296,672,1224,1200
1541 100 1344,624,1224,1200
1542 100 1368,576,1224,1200
1543 100 1392,552,1224,1200
1544 100 1392,528,1224,1200
1545 100 1392,504,1224,1224
1546 100 1392,504,1224,1200
1547 100 1392,504,1224,1200
1548 100 1368,504,1224,1200
1549 100 1368,480,1224,1224
1550 100 1392,480,1224,1224
1551 100 1392,480,1224,1224
1552 100 1392,480,1224,1200
1553 100 1392,480,1224,1224
1554 100 1392,504,1224,1200
1555 100 1368,528,1224,1200
1556 100 1320,552,1224,1224
1557 100 1248,624,1224,1200
1558 100 1152,696,1224,1200
1559 100 1104,720,1224,1200
1560 100 1080,720,1224,1224
1561 100 1056,744,1224,1224
1562 100 1056,768,1224,1200
1563 100 1056,768,1224,1200
1564 100 1056,768,1224,1200
1565 100 1056,768,1224,1200
1566 100 1056,744,1224,1224
1567 100 1056,744,1224,1224
1568 100 1056,744,1224,1224
1569 100 1056,744,1224,1224
1570 100 1056,744,1224,1224
1571 100 1056,744,1224,1224
1572 100 1056,744,1224,1224
1573 100 1080,744,1224,1200
1574 100 1128,744,1224,1200
1575 100 1200,720,1224,1200
1576 100 1320,672,1224,1224
1577 100 1464,648,1224,1200
1578 100 1584,600,1224,1224
1579 100 1704,576,1224,1224
1580 100 1776,552,1224,1224
1581 100 1848,528,1224,1224
1582 100 1920,528,1224,1224
1583 100 1968,528,1224,1224
1584 100 2016,528,1224,1200
1585 100 2064,504,1224,1224
1586 100 2112,504,1224,1224
1587 100 2160,504,1224,1200
1588 100 2208,504,1224,1200
1589 100 2232,504,1224,1224
1590 100 2280,528,1224,1200
1591 100 2328,528,1224,1224
1592 100 2376,552,1224,1200
1593 100 2400,576,1224,1200
1594 100 2424,576,1224,1224
1595 100 2448,600,1224,1200
1596 100 2472,600,1224,1224
1597 100 2472,624,1224,1200
1598 100 2472,648,1224,1200
1599 100 2448,696,1224,1200
1600 100 2376,768,1224,1200
1601 100 2376,744,1224,1224
1602 100 2352,768,1224,1200
1603 100 2304,792,1224,1200
1604 100 2280,792,1224,1200
1605 100 2256,816,1224,1200
1606 100 2232,816,1224,1200
1607 100 2208,816,1224,1224
1608 100 2208,816,1224,1224
1609 100 2208,816,1224,1224
1610 100 2184,840,1224,1200
1611 100 2184,840,1224,1200
1612 100 2160,840,1224,1200
1613 100 2136,864,1224,1200
1614 100 2112,864,1224,1224
1615 100 2088,888,1224,1200
1616 100 2064,888,1224,1200
1617 100 2040,912,1224,1200
1618 100 2016,912,1224,1200
1619 100 1992,912,1224,1200
1620 100 1992,912,1224,1200
1621 100 1992,912,1224,1200
1622 100 1968,912,1224,1200
1623 100 1968,912,1224,1224
1624 100 1968,912,1224,1224
1625 100 1968,912,1224,1200
1626 100 1968,912,1224,1200
1627 100 1944,912,1224,1200
1628 100 1944,912,1224,1200
1629 100 1944,912,1224,1200
1630 100 1944,912,1224,1200
1631 100 1944,912,1224,1200
1632 100 1944,912,1224,1200
1633 100 1968,912,1224,1200
1634 100 1968,912,1224,1200
1635 100 1968,912,1224,1200
1636 100 1944,912,1224,1200
1637 100 1968,912,1224,1200
1638 100 1968,912,1224,1200
1639 100 1968,912,1224,1200
1640 100 1968,912,1224,1200
1641 100 1968,912,1224,1200
1642 100 1968,912,1224,1200
1643 100 1968,912,1224,1200
1644 100 1968,912,1224,1200
1645 100 1968,912,1224,1200
1646 100 1968,912,1224,1200
1647 100 1992,912,1224,1200
1648 100 1992,912,1224,1200
1649 100 1992,912,1224,1200
1650 100 1992,912,1224,1200
1651 100 1992,912,1224,1200
1652 100 1968,912,1224,1224
1653 100 1968,936,1224,1200
1654 100 1944,936,1224,1200
1655 100 1944,936,1224,1200
1656 100 1944,912,1224,1224
1657 100 1944,912,1224,1224
1658 100 1944,912,1224,1224
1659 100 1944,912,1224,1224
1660 100 1944,912,1224,1224
1661 100 1944,912,1224,1224
1662 100 1920,912,1224,1224
1663 100 1896,912,1224,1224
1664 100 1848,912,1224,1224
1665 100 1824,912,1224,1224
1666 100 1800,912,1224,1224
1667 100 1776,912,1224,1224
1668 100 1776,912,1224,1224
1669 100 1752,912,1224,1224
1670 100 1752,912,1224,1224
1671 100 1728,912,1224,1224
1672 100 1704,912,1224,1224
1673 100 1704,912,1224,1224
1674 100 1704,912,1224,1224
1675 100 1680,912,1224,1224
1676 100 1680,912,1224,1224
1677 100 1680,912,1224,1224
1678 100 1656,912,1224,1224
1679 100 1656,912,1224,1200
1680 100 1656,912,1224,1224
1681 100 1632,912,1224,1224
1682 100 1632,912,1224,1224
1683 100 1632,912,1224,1224
1684 100 1632,912,1224,1224
1685 100 1632,912,1224,1200
1686 100 1632,912,1224,1200
1687 100 1608,912,1224,1224
1688 100 1608,912,1224,1200
1689 100 1608,912,1224,1200
1690 100 1608,912,1224,1200
1691 100 1608,912,1224,1200
1692 100 1608,912,1224,1200
1693 100 1608,912,1224,1200
1694 100 1608,912,1224,1200
1695 100 1608,912,1224,1200
1696 100 1608,888,1224,1224
1697 100 1608,888,1224,1224
1698 100 1608,888,1224,1224
1699 100 1608,888,1224,1224
1700 100 1608,888,1224,1224
1701 100 1608,888,1224,1224
1702 100 1632,888,1224,1200
1703 100 1632,888,1224,1200
1704 100 1656,864,1224,1224
1705 100 1680,864,1224,1200
1706 100 1728,816,1224,1224
1707 100 1776,792,1224,1200
1708 100 1824,720,1224,1224
1709 100 1920,648,1224,1224
1710 100 1992,576,1224,1200
1711 100 2016,504,1224,1224
1712 100 1992,456,1224,1224
1713 100 1992,408,1224,1224
1714 100 1992,384,1224,1224
1715 100 1968,360,1224,1200
1716 100 1968,336,1224,1200
1717 100 1968,312,1224,1224
1718 100 1968,288,1224,1224
1719 100 1944,264,1224,1224
1720 100 1944,240,1224,1224
1721 100 1920,240,1224,1200
1722 100 1920,216,1224,1200
1723 100 1896,192,1224,1224
1724 100 1896,192,1224,1200
1725 100 1896,168,1224,1224
1726 100 1872,168,1224,1200
1727 100 1872,168,1224,1200
1728 100 1872,144,1224,1224
1729 100 1848,144,1224,1224
1730 100 1848,144,1224,1224
1731 100 1824,144,1224,1200
1732 100 1824,144,1224,1200
1733 100 1824,144,1224,1200
1734 100 1800,144,1224,1200
1735 100 1800,144,1224,1200
1736 100 1800,144,1224,1200
1737 100 1800,144,1224,1200
1738 100 1800,144,1224,1200
1739 100 1776,144,1224,1200
1740 100 1776,144,1224,1200
1741 100 1776,144,1224,1200
1742 100 1752,144,1224,1200
1743 100 1752,144,1224,1200
1744 100 1728,144,1224,1200
1745 100 1704,144,1224,1200
1746 100 1680,144,1224,1200
1747 100 1680,144,1224,1200
1748 100 1656,144,1224,1200
1749 100 1632,144,1224,1200
1750 100 1608,144,1224,1224
1751 100 1584,144,1224,1224
1752 100 1584,144,1224,1224
1753 100 1560,144,1224,1224
1754 100 1536,144,1224,1224
1755 100 1536,144,1224,1224
1756 100 1512,168,1224,1200
1757 100 1512,168,1224,1200
1758 100 1512,168,1224,1200
1759 100 1488,168,1224,1200
1760 100 1488,168,1224,1200
1761 100 1488,144,1224,1224
1762 100 1488,144,1224,1224
1763 100 1464,144,1224,1200
1764 100 1464,144,1224,1200
1765 100 1464,144,1224,1200
1766 100 1440,144,1224,1200
1767 100 1440,120,1224,1224
1768 100 1416,120,1224,1224
1769 100 1416,120,1224,1224
1770 100 1416,120,1224,1224
1771 100 1416,120,1224,1224
1772 100 1416,120,1224,1224
1773 100 1416,120,1224,1224
1774 100 1392,120,1224,1224
1775 100 1392,120,1224,1224
1776 100 1392,120,1224,1224
1777 100 1392,120,1224,1224
1778 100 1392,120,1224,1200
1779 100 1392,120,1224,1224
1780 100 1392,120,1224,1224
1781 100 1392,120,1224,1224
1782 100 1368,120,1224,1224
1783 100 1368,120,1224,1224
1784 100 1344,120,1224,1224
1785 100 1344,120,1224,1200
1786 100 1320,120,1224,1200
1787 100 1296,120,1224,1200
1788 100 1296,120,1224,1200
1789 100 1272,120,1224,1200
1790 100 1248,120,1224,1200
1791 100 1224,96,1224,1224
1792 100 1224,96,1224,1224
1793 100 1200,96,1224,1224
1794 100 1176,96,1224,1200
1795 100 1176,96,1224,1200
1796 100 1176,96,1224,1200
1797 100 1152,96,1224,1200
1798 100 1152,96,1224,1200
1799 100 1152,96,1224,1200
