0 100 720,528,1224,1200
1 100 720,528,1224,1200
2 100 720,528,1224,1200
3 100 720,528,1224,1200
4 100 720,528,1224,1200
5 100 720,528,1224,1200
6 100 720,528,1224,1200
7 100 720,528,1224,1200
8 100 720,528,1224,1200
9 100 720,528,1224,1200
10 100 720,528,1224,1200
11 100 720,528,1224,1200
12 100 720,528,1224,1200
13 100 720,528,1224,1200
14 100 720,528,1224,1200
15 100 720,528,1224,1200
16 100 720,528,1224,1200
17 100 720,528,1224,1224
18 100 720,528,1224,1224
19 100 696,528,1224,1224
20 100 696,528,1224,1224
21 100 696,528,1224,1224
22 100 696,528,1224,1224
23 100 696,528,1224,1224
24 100 696,552,1224,1200
25 100 696,552,1224,1200
26 100 696,552,1224,1200
27 100 672,552,1224,1224
28 100 672,552,1224,1224
29 100 672,552,1224,1224
30 100 672,576,1224,1200
31 100 672,576,1224,1224
32 100 672,576,1224,1224
33 100 696,600,1224,1200
34 100 696,600,1224,1200
35 100 696,600,1224,1200
36 100 696,600,1224,1224
37 100 696,600,1224,1224
38 100 696,600,1224,1224
39 100 696,600,1224,1224
40 100 696,600,1224,1224
41 100 696,600,1224,1224
42 100 696,624,1224,1200
43 100 696,624,1224,1200
44 100 720,624,1224,1200
45 100 744,624,1224,1224
46 100 744,624,1224,1224
47 100 768,648,1224,1200
48 100 816,648,1224,1200
49 100 816,648,1224,1200
50 100 840,648,1224,1200
51 100 864,648,1224,1200
52 100 864,648,1224,1200
53 100 888,624,1224,1224
54 100 912,624,1224,1224
55 100 912,624,1224,1224
56 100 936,624,1224,1224
57 100 960,624,1224,1224
58 100 960,624,1224,1224
59 100 960,624,1224,1224
60 100 984,624,1224,1224
61 100 984,624,1224,1224
62 100 984,624,1224,1224
63 100 984,624,1224,1224
64 100 1008,624,1224,1224
65 100 1032,624,1224,1200
66 100 1032,624,1224,1200
67 100 1032,624,1224,1200
68 100 1056,624,1224,1200
69 100 1056,624,1224,1200
70 100 1056,600,1224,1224
71 100 1080,600,1224,1224
72 100 1080,600,1224,1224
73 100 1080,600,1224,1224
74 100 1104,600,1224,1224
75 100 1104,600,1224,1224
76 100 1104,600,1224,1200
77 100 1104,600,1224,1200
78 100 1104,600,1224,1200
79 100 1128,600,1224,1200
80 100 1128,600,1224,1200
81 100 1128,600,1224,1200
82 100 1152,576,1224,1224
83 100 1152,576,1224,1224
84 100 1152,576,1224,1224
85 100 1176,576,1224,1200
86 100 1176,576,1224,1200
87 100 1176,552,1224,1224
88 100 1200,552,1224,1224
89 100 1200,552,1224,1224
90 100 1200,552,1224,1200
91 100 1200,552,1224,1200
92 100 1200,552,1224,1200
93 100 1200,552,1224,1200
94 100 1200,528,1224,1224
95 100 1200,528,1224,1224
96 100 1200,528,1224,1224
97 100 1224,528,1224,1224
98 100 1224,528,1224,1224
99 100 1224,528,1224,1200
100 100 1224,528,1224,1200
101 100 1224,528,1224,1200
102 100 1224,504,1224,1224
103 100 1224,504,1224,1224
104 100 1248,504,1224,1224
105 100 1248,504,1224,1224
106 100 1248,504,1224,1224
107 100 1248,504,1224,1224
108 100 1248,528,1224,1200
109 100 1248,528,1224,1200
110 100 1272,504,1224,1224
111 100 1272,504,1224,1224
112 100 1272,504,1224,1224
113 100 1296,504,1224,1200
114 100 1320,504,1224,1224
115 100 1320,504,1224,1224
116 100 1320,504,1224,1224
117 100 1320,504,1224,1224
118 100 1320,504,1224,1224
119 100 1344,504,1224,1224
120 100 1344,504,1224,1224
121 100 1368,504,1224,1224
122 100 1392,504,1224,1200
123 100 1392,504,1224,1200
124 100 1392,504,1224,1200
125 100 1392,480,1224,1224
126 100 1392,480,1224,1224
127 100 1416,480,1224,1224
128 100 1416,480,1224,1224
129 100 1416,480,1224,1224
130 100 1416,480,1224,1224
131 100 1416,480,1224,1200
132 100 1416,480,1224,1200
133 100 1392,480,1224,1200
134 100 1392,480,1224,1200
135 100 1392,480,1224,1200
136 100 1392,480,1224,1200
137 100 1392,480,1224,1200
138 100 1392,480,1224,1200
139 100 1392,480,1224,1200
140 100 1392,480,1224,1200
141 100 1392,480,1224,1200
142 100 1368,480,1224,1200
143 100 1368,480,1224,1200
144 100 1368,480,1224,1200
145 100 1368,480,1224,1200
146 100 1368,480,1224,1200
147 100 1368,480,1224,1200
148 100 1368,480,1224,1200
149 100 1368,480,1224,1200
150 100 1368,456,1224,1224
151 100 1344,456,1224,1200
152 100 1344,456,1224,1200
153 100 1344,456,1224,1200
154 100 1344,432,1224,1224
155 100 1344,432,1224,1224
156 100 1296,408,1224,1224
157 100 1272,384,1224,1224
158 100 1272,384,1224,1224
159 100 1248,360,1224,1224
160 100 1224,336,1224,1224
161 100 1224,336,1224,1224
162 100 1200,312,1224,1224
163 100 1200,312,1224,1224
164 100 1152,288,1224,1224
165 100 1128,288,1224,1200
166 100 1128,288,1224,1200
167 100 1104,264,1224,1200
168 100 1080,240,1224,1224
169 100 1080,240,1224,1224
170 100 1056,216,1224,1224
171 100 1032,216,1224,1200
172 100 1032,216,1224,1200
173 100 1008,192,1224,1224
174 100 984,192,1224,1200
175 100 984,192,1224,1200
176 100 960,168,1224,1200
177 100 936,168,1224,1200
178 100 936,168,1224,1200
179 100 936,144,1224,1224
180 100 912,144,1224,1200
181 100 912,144,1224,1200
182 100 912,144,1224,1200
183 100 888,120,1224,1224
184 100 888,120,1224,1224
185 100 888,120,1224,1224
186 100 888,120,1224,1224
187 100 888,120,1224,1224
188 100 888,144,1224,1200
189 100 888,144,1224,1200
190 100 912,144,1224,1200
191 100 888,144,1224,1200
192 100 888,144,1224,1200
193 100 888,144,1224,1200
194 100 888,144,1224,1200
195 100 888,144,1224,1200
196 100 888,144,1224,1200
197 100 888,144,1224,1224
198 100 888,144,1224,1224
199 100 888,144,1224,1224
200 100 888,168,1224,1200
201 100 888,168,1224,1200
202 100 888,168,1224,1224
203 100 888,168,1224,1224
204 100 912,192,1224,1200
205 100 912,192,1224,1224
206 100 912,192,1224,1224
207 100 912,216,1224,1200
208 100 912,240,1224,1200
209 100 912,240,1224,1200
210 100 912,240,1224,1200
211 100 888,264,1224,1200
212 100 888,264,1224,1200
213 100 912,288,1224,1200
214 100 888,312,1224,1200
215 100 888,312,1224,1200
216 100 888,312,1224,1224
217 100 888,312,1224,1224
218 100 864,336,1224,1200
219 100 864,336,1224,1200
220 100 864,336,1224,1200
221 100 840,336,1224,1224
222 100 816,336,1224,1224
223 100 816,336,1224,1224
224 100 816,360,1224,1200
225 100 792,360,1224,1200
226 100 792,360,1224,1200
227 100 792,360,1224,1224
228 100 768,384,1224,1200
229 100 768,384,1224,1200
230 100 744,384,1224,1200
231 100 720,384,1224,1200
232 100 720,384,1224,1200
233 100 720,384,1224,1200
234 100 720,384,1224,1200
235 100 720,384,1224,1200
236 100 720,408,1224,1200
237 100 720,408,1224,1200
238 100 696,408,1224,1200
239 100 696,408,1224,1200
240 100 696,408,1224,1200
241 100 696,408,1224,1200
242 100 672,408,1224,1200
243 100 672,408,1224,1200
244 100 672,408,1224,1200
245 100 672,408,1224,1200
246 100 672,408,1224,1200
247 100 672,408,1224,1200
248 100 648,408,1224,1224
249 100 648,408,1224,1224
250 100 648,408,1224,1224
251 100 648,408,1224,1224
252 100 648,408,1224,1224
253 100 648,408,1224,1224
254 100 648,408,1224,1224
255 100 624,408,1224,1224
256 100 624,408,1224,1224
257 100 624,408,1224,1224
258 100 624,432,1224,1200
259 100 624,432,1224,1200
260 100 624,432,1224,1200
261 100 600,432,1224,1200
262 100 600,432,1224,1200
263 100 600,432,1224,1200
264 100 576,432,1224,1200
265 100 576,432,1224,1200
266 100 576,432,1224,1200
267 100 576,432,1224,1200
268 100 576,432,1224,1200
269 100 576,432,1224,1200
270 100 552,432,1224,1200
271 100 552,432,1224,1200
272 100 552,432,1224,1200
273 100 528,432,1224,1200
274 100 528,432,1224,1200
275 100 528,432,1224,1200
276 100 528,432,1224,1200
277 100 528,432,1224,1200
278 100 504,432,1224,1200
279 100 504,432,1224,1200
280 100 504,432,1224,1200
281 100 480,432,1224,1200
282 100 456,432,1224,1200
283 100 456,432,1224,1200
284 100 432,432,1224,1224
285 100 408,432,1224,1224
286 100 408,432,1224,1224
287 100 384,432,1224,1224
288 100 360,432,1224,1224
289 100 360,432,1224,1224
290 100 336,456,1224,1200
291 100 312,456,1224,1200
292 100 312,456,1224,1200
293 100 288,456,1224,1224
294 100 288,456,1224,1224
295 100 264,480,1224,1200
296 100 240,456,1224,1224
297 100 240,456,1224,1224
298 100 216,480,1224,1200
299 100 216,480,1224,1200
300 100 216,480,1224,1200
301 100 216,480,1224,1200
302 100 216,480,1224,1200
303 100 216,480,1224,1200
304 100 216,480,1224,1200
305 100 192,480,1224,1200
306 100 192,480,1224,1200
307 100 168,480,1224,1200
308 100 168,480,1224,1200
309 100 168,480,1224,1200
310 100 144,480,1224,1200
311 100 144,480,1224,1200
312 100 144,480,1224,1200
313 100 120,480,1224,1200
314 100 120,480,1224,1200
315 100 120,480,1224,1200
316 100 96,456,1224,1224
317 100 96,480,1224,1200
318 100 96,480,1224,1200
319 100 96,480,1224,1200
320 100 96,480,1224,1200
321 100 96,480,1224,1200
322 100 72,480,1224,1200
323 100 72,480,1224,1200
324 100 48,456,1224,1224
325 100 48,456,1224,1224
326 100 48,456,1224,1224
327 100 24,456,1224,1224
328 100 0,456,1224,1200
329 100 0,456,1224,1200
330 100 0,456,1224,1200
331 100 0,456,1224,1224
332 100 0,456,1224,1224
333 100 0,456,1224,1224
334 100 0,456,1224,1200
335 100 0,456,1224,1200
336 100 0,432,1224,1224
337 100 0,432,1224,1200
338 100 0,432,1224,1200
339 100 0,408,1224,1200
340 100 0,384,1224,1224
341 100 0,384,1224,1224
342 100 0,384,1224,1224
343 100 0,384,1224,1224
344 100 0,384,1224,1200
345 100 0,360,1224,1224
346 100 0,360,1224,1224
347 100 24,360,1224,1200
348 100 24,360,1224,1200
349 100 24,360,1224,1200
350 100 24,336,1224,1200
351 100 0,312,1224,1224
352 100 0,312,1224,1224
353 100 24,312,1224,1200
354 100 24,288,1224,1224
355 100 24,288,1224,1224
356 100 0,312,1224,1200
357 100 0,312,1224,1200
358 100 0,312,1224,1200
359 100 48,312,1224,1200
360 100 24,312,1224,1200
361 100 24,312,1224,1200
362 100 0,312,1224,1200
363 100 0,312,1224,1200
364 100 0,312,1224,1200
365 100 24,312,1224,1200
366 100 24,312,1224,1200
367 100 0,336,1224,1200
368 100 24,336,1224,1200
369 100 24,336,1224,1200
370 100 72,336,1224,1200
371 100 24,336,1224,1224
372 100 24,336,1224,1224
373 100 72,360,1224,1200
374 100 24,360,1224,1224
375 100 24,360,1224,1224
376 100 120,384,1224,1200
377 100 96,384,1224,1200
378 100 96,384,1224,1200
379 100 24,384,1224,1200
380 100 120,384,1224,1224
381 100 120,384,1224,1224
382 100 0,408,1224,1200
383 100 72,408,1224,1224
384 100 72,408,1224,1224
385 100 3408,432,1224,1200
386 100 3432,456,1224,1200
387 100 3432,456,1224,1200
388 100 3432,480,1224,1200
389 100 3432,480,1224,1200
390 100 24,480,1224,1224
391 100 48,504,1224,1224
392 100 48,504,1224,1224
393 100 0,552,1224,1200
394 100 72,552,1224,1224
395 100 72,552,1224,1224
396 100 3432,576,1224,1200
397 100 72,576,1224,1224
398 100 72,576,1224,1224
399 100 0,600,1224,1200
400 100 0,600,1224,1200
401 100 0,600,1224,1200
402 100 24,576,1224,1224
403 100 24,576,1224,1224
404 100 24,576,1224,1224
405 100 0,576,1224,1224
406 100 0,576,1224,1224
407 100 0,576,1224,1224
408 100 24,576,1224,1224
409 100 0,576,1224,1224
410 100 0,576,1224,1224
411 100 0,600,1224,1200
412 100 0,600,1224,1200
413 100 3504,600,1224,1200
414 100 3456,600,1224,1200
415 100 3456,600,1224,1200
416 100 3504,600,1224,1200
417 100 3504,600,1224,1200
418 100 3504,600,1224,1200
419 100 3504,600,1224,1200
420 100 0,600,1224,1200
421 100 0,600,1224,1200
422 100 48,576,1224,1224
423 100 3384,576,1224,1200
424 100 3384,576,1224,1200
425 100 3408,576,1224,1200
426 100 96,576,1224,1224
427 100 96,576,1224,1224
428 100 24,576,1224,1224
429 100 24,576,1224,1224
430 100 24,576,1224,1224
431 100 72,576,1224,1224
432 100 72,576,1224,1224
433 100 3480,576,1224,1200
434 100 48,552,1224,1224
435 100 48,552,1224,1224
436 100 3408,552,1224,1200
437 100 3408,552,1224,1200
438 100 3408,552,1224,1200
439 100 120,552,1224,1224
440 100 96,552,1224,1224
441 100 96,552,1224,1224
442 100 96,552,1224,1224
443 100 144,552,1224,1224
444 100 144,552,1224,1224
445 100 3408,552,1224,1200
446 100 3432,552,1224,1200
447 100 3432,552,1224,1200
448 100 3528,552,1224,1200
449 100 0,528,1224,1224
450 100 0,528,1224,1224
451 100 3576,552,1224,1200
452 100 3576,552,1224,1200
453 100 3504,552,1224,1200
454 100 3456,552,1224,1200
455 100 3456,552,1224,1200
456 100 3432,552,1224,1200
457 100 3432,552,1224,1200
458 100 3432,552,1224,1200
459 100 3456,552,1224,1200
460 100 3552,552,1224,1200
461 100 3552,552,1224,1200
462 100 3384,528,1224,1200
463 100 24,528,1224,1224
464 100 24,528,1224,1224
465 100 3480,552,1224,1200
466 100 3408,552,1224,1200
467 100 3408,552,1224,1200
468 100 3408,552,1224,1200
469 100 3456,552,1224,1200
470 100 3456,552,1224,1200
471 100 3504,552,1224,1200
472 100 3528,552,1224,1200
473 100 3528,552,1224,1200
474 100 3480,552,1224,1200
475 100 3504,552,1224,1200
476 100 3504,552,1224,1200
477 100 3480,552,1224,1200
478 100 3480,552,1224,1200
479 100 3504,552,1224,1200
480 100 3504,552,1224,1200
481 100 3504,552,1224,1200
482 100 0,552,1224,1200
483 100 0,552,1224,1200
484 100 0,552,1224,1200
485 100 24,528,1224,1224
486 100 24,528,1224,1224
487 100 24,528,1224,1224
488 100 24,552,1224,1200
489 100 72,528,1224,1224
490 100 72,528,1224,1224
491 100 3384,528,1224,1200
492 100 3384,528,1224,1200
493 100 3384,528,1224,1200
494 100 120,528,1224,1224
495 100 120,528,1224,1224
496 100 120,528,1224,1224
497 100 3408,528,1224,1200
498 100 3432,528,1224,1200
499 100 3432,528,1224,1200
500 100 24,528,1224,1200
501 100 24,528,1224,1200
502 100 24,528,1224,1200
503 100 24,528,1224,1200
504 100 24,528,1224,1200
505 100 48,528,1224,1200
506 100 48,528,1224,1200
507 100 48,528,1224,1200
508 100 72,528,1224,1200
509 100 96,528,1224,1200
510 100 96,528,1224,1200
511 100 120,528,1224,1200
512 100 0,528,1224,1200
513 100 0,528,1224,1200
514 100 96,528,1224,1200
515 100 96,528,1224,1200
516 100 96,528,1224,1200
517 100 96,528,1224,1200
518 100 0,528,1224,1200
519 100 0,528,1224,1200
520 100 24,528,1224,1200
521 100 24,528,1224,1200
522 100 24,528,1224,1200
523 100 48,528,1224,1200
524 100 48,528,1224,1200
525 100 0,528,1224,1200
526 100 0,528,1224,1224
527 100 0,528,1224,1224
528 100 0,528,1224,1224
529 100 0,528,1224,1200
530 100 0,528,1224,1200
531 100 24,528,1224,1200
532 100 0,528,1224,1200
533 100 0,528,1224,1200
534 100 24,528,1224,1200
535 100 0,528,1224,1200
536 100 0,528,1224,1200
537 100 0,528,1224,1200
538 100 24,528,1224,1200
539 100 24,528,1224,1200
540 100 0,504,1224,1224
541 100 0,504,1224,1224
542 100 24,504,1224,1224
543 100 24,504,1224,1224
544 100 24,504,1224,1224
545 100 48,504,1224,1224
546 100 48,504,1224,1224
547 100 48,504,1224,1224
548 100 72,504,1224,1224
549 100 96,504,1224,1224
550 100 96,504,1224,1224
551 100 96,504,1224,1224
552 100 120,528,1224,1200
553 100 120,528,1224,1200
554 100 120,528,1224,1200
555 100 120,528,1224,1200
556 100 144,528,1224,1200
557 100 168,528,1224,1200
558 100 168,528,1224,1200
559 100 168,504,1224,1224
560 100 192,504,1224,1224
561 100 192,504,1224,1224
562 100 192,504,1224,1224
563 100 216,504,1224,1224
564 100 216,504,1224,1224
565 100 216,504,1224,1224
566 100 216,504,1224,1224
567 100 216,504,1224,1224
568 100 240,504,1224,1224
569 100 240,504,1224,1224
570 100 240,504,1224,1224
571 100 264,504,1224,1224
572 100 264,504,1224,1224
573 100 264,504,1224,1224
574 100 288,504,1224,1224
575 100 288,528,1224,1200
576 100 288,528,1224,1200
577 100 288,528,1224,1200
578 100 312,528,1224,1200
579 100 312,528,1224,1200
580 100 312,528,1224,1200
581 100 312,528,1224,1200
582 100 312,528,1224,1200
583 100 312,528,1224,1200
584 100 312,528,1224,1200
585 100 312,528,1224,1200
586 100 336,528,1224,1200
587 100 336,528,1224,1200
588 100 336,528,1224,1200
589 100 336,528,1224,1200
590 100 336,528,1224,1200
591 100 336,528,1224,1200
592 100 360,528,1224,1200
593 100 360,528,1224,1200
594 100 360,528,1224,1224
595 100 384,528,1224,1224
596 100 384,528,1224,1224
597 100 384,528,1224,1224
598 100 408,528,1224,1224
599 100 408,528,1224,1224
600 100 408,528,1224,1224
601 100 408,528,1224,1224
602 100 408,528,1224,1224
603 100 384,528,1224,1224
604 100 384,528,1224,1224
605 100 384,528,1224,1224
606 100 384,528,1224,1224
607 100 384,528,1224,1224
608 100 360,528,1224,1224
609 100 336,528,1224,1200
610 100 336,528,1224,1200
611 100 288,528,1224,1200
612 100 240,528,1224,1200
613 100 240,528,1224,1200
614 100 192,528,1224,1200
615 100 144,528,1224,1200
616 100 144,528,1224,1200
617 100 120,528,1224,1200
618 100 72,528,1224,1200
619 100 72,528,1224,1200
620 100 48,528,1224,1200
621 100 48,528,1224,1200
622 100 24,528,1224,1200
623 100 0,528,1224,1200
624 100 0,528,1224,1200
625 100 0,528,1224,1200
626 100 0,528,1224,1200
627 100 0,528,1224,1200
628 100 24,528,1224,1200
629 100 0,528,1224,1200
630 100 0,528,1224,1200
631 100 24,528,1224,1200
632 100 0,528,1224,1200
633 100 0,528,1224,1200
634 100 24,528,1224,1200
635 100 0,528,1224,1200
636 100 0,528,1224,1200
637 100 0,528,1224,1200
638 100 0,504,1224,1224
639 100 0,504,1224,1224
640 100 48,504,1224,1200
641 100 48,504,1224,1200
642 100 0,480,1224,1224
643 100 0,480,1224,1224
644 100 0,480,1224,1224
645 100 0,480,1224,1224
646 100 0,480,1224,1200
647 100 0,480,1224,1200
648 100 48,480,1224,1200
649 100 24,480,1224,1200
650 100 24,480,1224,1200
651 100 0,480,1224,1200
652 100 0,480,1224,1200
653 100 48,480,1224,1200
654 100 0,480,1224,1224
655 100 0,480,1224,1224
656 100 48,504,1224,1200
657 100 3432,504,1224,1200
658 100 3432,504,1224,1200
659 100 48,504,1224,1224
660 100 3408,528,1224,1200
661 100 3408,528,1224,1200
662 100 3432,528,1224,1200
663 100 3432,528,1224,1200
664 100 3432,528,1224,1200
665 100 0,528,1224,1224
666 100 3672,528,1224,1224
667 100 3672,528,1224,1224
668 100 3672,528,1224,1224
669 100 3600,528,1224,1224
670 100 3600,528,1224,1224
671 100 3504,552,1224,1200
672 100 3432,552,1224,1200
673 100 3432,552,1224,1200
674 100 3648,552,1224,1224
675 100 3552,552,1224,1224
676 100 3552,552,1224,1224
677 100 3312,552,1224,1224
678 100 3312,552,1224,1224
679 100 3288,552,1224,1224
680 100 3288,576,1224,1200
681 100 3288,576,1224,1200
682 100 3288,576,1224,1200
683 100 3264,576,1224,1200
684 100 3264,576,1224,1200
685 100 3264,576,1224,1200
686 100 3264,576,1224,1200
687 100 3264,576,1224,1200
688 100 3240,576,1224,1200
689 100 3120,576,1224,1200
690 100 3120,576,1224,1200
691 100 3120,576,1224,1200
692 100 3144,576,1224,1200
693 100 3144,576,1224,1200
694 100 3048,552,1224,1224
695 100 3072,552,1224,1200
696 100 3072,552,1224,1200
697 100 2952,552,1224,1200
698 100 2952,552,1224,1200
699 100 3000,576,1224,1200
700 100 2952,576,1224,1200
701 100 2952,576,1224,1200
702 100 2952,576,1224,1200
703 100 2880,576,1224,1200
704 100 2880,576,1224,1200
705 100 2880,576,1224,1200
706 100 2832,576,1224,1224
707 100 2832,576,1224,1224
708 100 2832,576,1224,1224
709 100 2784,576,1224,1224
710 100 2784,576,1224,1224
711 100 2736,576,1224,1200
712 100 2616,576,1224,1200
713 100 2616,576,1224,1200
714 100 2592,576,1224,1224
715 100 2568,576,1224,1200
716 100 2568,576,1224,1200
717 100 2568,576,1224,1200
718 100 2544,576,1224,1200
719 100 2544,576,1224,1200
720 100 2544,552,1224,1224
721 100 2544,552,1224,1224
722 100 2544,552,1224,1224
723 100 2520,552,1224,1224
724 100 2520,552,1224,1224
725 100 2520,552,1224,1224
726 100 2520,552,1224,1200
727 100 2520,552,1224,1200
728 100 2544,528,1224,1224
729 100 2544,528,1224,1200
730 100 2544,528,1224,1200
731 100 2568,504,1224,1224
732 100 2568,504,1224,1200
733 100 2568,504,1224,1200
734 100 2568,480,1224,1200
735 100 2544,456,1224,1224
736 100 2544,456,1224,1224
737 100 2544,456,1224,1200
738 100 2544,432,1224,1224
739 100 2544,432,1224,1224
740 100 2544,408,1224,1224
741 100 2544,408,1224,1200
742 100 2544,408,1224,1200
743 100 2544,384,1224,1224
744 100 2520,384,1224,1200
745 100 2520,384,1224,1200
746 100 2568,384,1224,1200
747 100 2568,360,1224,1224
748 100 2568,360,1224,1224
749 100 2592,360,1224,1200
750 100 2592,360,1224,1200
751 100 2592,360,1224,1200
752 100 2616,360,1224,1200
753 100 2616,360,1224,1200
754 100 2640,360,1224,1200
755 100 2640,360,1224,1200
756 100 2640,360,1224,1200
757 100 2664,360,1224,1200
758 100 2688,360,1224,1200
759 100 2688,360,1224,1200
760 100 2688,360,1224,1200
761 100 2712,360,1224,1200
762 100 2712,360,1224,1200
763 100 2760,360,1224,1200
764 100 2784,360,1224,1200
765 100 2784,360,1224,1200
766 100 2928,360,1224,1224
767 100 2928,360,1224,1224
768 100 2928,360,1224,1224
769 100 3000,360,1224,1224
770 100 3024,360,1224,1224
771 100 3024,360,1224,1224
772 100 3000,360,1224,1224
773 100 3000,360,1224,1224
774 100 2976,384,1224,1200
775 100 2976,384,1224,1200
776 100 2976,384,1224,1200
777 100 3096,384,1224,1200
778 100 3072,384,1224,1200
779 100 3072,384,1224,1200
780 100 3072,384,1224,1200
781 100 3048,384,1224,1224
782 100 3048,384,1224,1224
783 100 3048,384,1224,1224
784 100 3048,384,1224,1224
785 100 3048,384,1224,1224
786 100 3072,384,1224,1200
787 100 3072,384,1224,1224
788 100 3072,384,1224,1224
789 100 3072,384,1224,1224
790 100 3072,384,1224,1200
791 100 3072,384,1224,1200
792 100 3072,384,1224,1200
793 100 3096,384,1224,1200
794 100 3096,384,1224,1200
795 100 3096,384,1224,1200
796 100 3096,384,1224,1200
797 100 3144,360,1224,1224
798 100 3096,360,1224,1200
799 100 3096,360,1224,1200
800 100 3192,336,1224,1200
801 100 3336,312,1224,1224
802 100 3336,312,1224,1224
803 100 3264,312,1224,1200
804 100 3432,288,1224,1200
805 100 3432,288,1224,1200
806 100 3336,264,1224,1224
807 100 3456,264,1224,1200
808 100 3456,264,1224,1200
809 100 3312,240,1224,1224
810 100 3504,240,1224,1200
811 100 3504,240,1224,1200
812 100 3432,216,1224,1200
813 100 3288,192,1224,1224
814 100 3288,192,1224,1224
815 100 3360,192,1224,1200
816 100 3456,192,1224,1200
817 100 3456,192,1224,1200
818 100 3528,168,1224,1224
819 100 3528,168,1224,1224
820 100 3576,168,1224,1224
821 100 3288,168,1224,1224
822 100 3288,168,1224,1224
823 100 3288,168,1224,1200
824 100 3264,168,1224,1224
825 100 3264,168,1224,1224
826 100 3288,168,1224,1224
827 100 3288,168,1224,1224
828 100 3288,168,1224,1224
829 100 3288,168,1224,1224
830 100 3624,168,1224,1224
831 100 3624,168,1224,1224
832 100 3600,168,1224,1224
833 100 3600,168,1224,1224
834 100 3600,168,1224,1224
835 100 3576,168,1224,1224
836 100 3576,168,1224,1224
837 100 3528,168,1224,1224
838 100 3480,168,1224,1224
839 100 3480,168,1224,1224
840 100 3456,192,1224,1200
841 100 3408,192,1224,1200
842 100 3408,192,1224,1200
843 100 3384,192,1224,1200
844 100 3336,192,1224,1200
845 100 3336,192,1224,1200
846 100 3264,192,1224,1224
847 100 3456,216,1224,1200
848 100 3456,216,1224,1200
849 100 3336,216,1224,1200
850 100 3336,216,1224,1200
851 100 3240,240,1224,1200
852 100 3144,240,1224,1224
853 100 3144,240,1224,1224
854 100 3072,264,1224,1200
855 100 3024,264,1224,1200
856 100 3024,264,1224,1200
857 100 3000,264,1224,1200
858 100 2904,264,1224,1224
859 100 2904,264,1224,1224
860 100 2808,288,1224,1200
861 100 2736,312,1224,1200
862 100 2736,312,1224,1200
863 100 2616,312,1224,1224
864 100 2544,336,1224,1224
865 100 2544,336,1224,1224
866 100 2496,360,1224,1200
867 100 2496,360,1224,1200
868 100 2496,384,1224,1200
869 100 2496,384,1224,1224
870 100 2496,384,1224,1224
871 100 2496,408,1224,1200
872 100 2472,432,1224,1200
873 100 2472,432,1224,1200
874 100 2472,432,1224,1200
875 100 2448,432,1224,1224
876 100 2448,432,1224,1224
877 100 2448,456,1224,1200
878 100 2424,456,1224,1200
879 100 2424,456,1224,1200
880 100 2424,456,1224,1200
881 100 2424,456,1224,1200
882 100 2424,456,1224,1200
883 100 2400,480,1224,1200
884 100 2400,480,1224,1200
885 100 2400,480,1224,1200
886 100 2400,480,1224,1200
887 100 2400,480,1224,1200
888 100 2400,480,1224,1200
889 100 2376,480,1224,1200
890 100 2376,480,1224,1200
891 100 2376,480,1224,1200
892 100 2376,480,1224,1200
893 100 2376,480,1224,1200
894 100 2376,480,1224,1200
895 100 2376,480,1224,1200
896 100 2376,480,1224,1200
897 100 2352,480,1224,1200
898 100 2352,480,1224,1200
899 100 2352,480,1224,1200
900 100 2352,480,1224,1200
901 100 2352,480,1224,1224
902 100 2352,480,1224,1224
903 100 2352,480,1224,1224
904 100 2352,480,1224,1224
905 100 2352,504,1224,1200
906 100 2352,504,1224,1200
907 100 2352,504,1224,1200
908 100 2352,504,1224,1200
909 100 2328,504,1224,1200
910 100 2328,504,1224,1200
911 100 2352,504,1224,1200
912 100 2352,504,1224,1200
913 100 2352,504,1224,1200
914 100 2352,504,1224,1200
915 100 2352,504,1224,1200
916 100 2352,504,1224,1200
917 100 2352,504,1224,1200
918 100 2352,504,1224,1200
919 100 2352,504,1224,1200
920 100 2352,504,1224,1200
921 100 2352,504,1224,1200
922 100 2352,504,1224,1200
923 100 2352,504,1224,1200
924 100 2328,504,1224,1200
925 100 2328,504,1224,1200
926 100 2304,504,1224,1224
927 100 2304,504,1224,1224
928 100 2304,504,1224,1224
929 100 2280,504,1224,1224
930 100 2280,504,1224,1224
931 100 2280,528,1224,1200
932 100 2280,528,1224,1200
933 100 2280,528,1224,1200
934 100 2280,528,1224,1200
935 100 2280,528,1224,1200
936 100 2280,528,1224,1200
937 100 2280,504,1224,1224
938 100 2280,504,1224,1224
939 100 2280,504,1224,1224
940 100 2280,504,1224,1224
941 100 2280,528,1224,1200
942 100 2280,528,1224,1200
943 100 2280,528,1224,1200
944 100 2280,528,1224,1200
945 100 2280,528,1224,1200
946 100 2256,552,1224,1200
947 100 2256,552,1224,1200
948 100 2232,576,1224,1200
949 100 2208,624,1224,1224
950 100 2208,624,1224,1224
951 100 2160,696,1224,1200
952 100 2136,720,1224,1200
953 100 2136,720,1224,1200
954 100 2136,744,1224,1200
955 100 2136,768,1224,1200
956 100 2136,768,1224,1200
957 100 2112,792,1224,1200
958 100 2088,792,1224,1224
959 100 2088,792,1224,1224
960 100 2088,792,1224,1224
961 100 2088,816,1224,1200
962 100 2088,816,1224,1200
963 100 2088,816,1224,1200
964 100 2088,816,1224,1200
965 100 2088,816,1224,1200
966 100 2088,816,1224,1224
967 100 2064,816,1224,1224
968 100 2064,816,1224,1224
969 100 2088,816,1224,1224
970 100 2088,816,1224,1224
971 100 2088,840,1224,1224
972 100 2088,840,1224,1224
973 100 2088,840,1224,1224
974 100 2088,864,1224,1224
975 100 2088,888,1224,1200
976 100 2088,888,1224,1200
977 100 2112,888,1224,1224
978 100 2088,888,1224,1224
979 100 2088,888,1224,1224
980 100 2112,912,1224,1224
981 100 2160,936,1224,1200
982 100 2160,936,1224,1200
983 100 2160,960,1224,1200
984 100 408,1008,1224,1152
985 100 408,1008,1224,1152
986 100 0,1032,1224,1128
987 100 0,1032,1224,1128
988 100 0,1032,1224,1128
989 100 0,1032,1224,1128
990 100 0,1056,1224,1104
991 100 0,1056,1224,1104
992 100 0,1056,1224,1104
993 100 0,1056,1224,1104
994 100 0,1056,1224,1104
995 100 0,1056,1224,1104
996 100 0,1056,1224,1104
997 100 0,1056,1224,1104
998 100 0,1056,1224,1104
999 100 0,1056,1224,1104
1000 100 0,1056,1224,1104
1001 100 0,1080,1224,1080
1002 100 0,1080,1224,1080
1003 100 0,1080,1224,1080
1004 100 0,1104,1224,1056
1005 100 0,1104,1224,1056
1006 100 0,1104,1224,1056
1007 100 0,1104,1224,1056
1008 100 0,1104,1224,1056
1009 100 0,1128,1224,1032
1010 100 0,1128,1224,1032
1011 100 0,1128,1224,1032
1012 100 0,1128,1224,1032
1013 100 0,1128,1224,1032
1014 100 0,1128,1224,1032
1015 100 0,1128,1224,1032
1016 100 0,1128,1224,1032
1017 100 0,1128,1224,1032
1018 100 0,1152,1224,1008
1019 100 0,1152,1224,1008
1020 100 0,1152,1224,1008
1021 100 0,1176,1224,984
1022 100 0,1176,1224,984
1023 100 0,1176,1224,984
1024 100 0,1176,1224,984
1025 100 0,1176,1224,984
1026 100 0,1176,1224,984
1027 100 0,1200,1224,960
1028 100 0,1200,1224,960
1029 100 0,1200,1224,960
1030 100 0,1176,1224,984
1031 100 0,1176,1224,984
1032 100 0,1152,1224,1008
1033 100 0,1152,1224,1008
1034 100 0,1152,1224,1008
1035 100 0,1152,1224,1008
1036 100 0,1152,1224,1008
1037 100 0,1152,1224,1008
1038 100 0,1176,1224,984
1039 100 0,1152,1224,1008
1040 100 0,1152,1224,1008
1041 100 0,1152,1224,1008
1042 100 0,1152,1224,1008
1043 100 0,1152,1224,1008
1044 100 0,1128,1224,1032
1045 100 0,1128,1224,1032
1046 100 0,1128,1224,1032
1047 100 0,1128,1224,1032
1048 100 0,1128,1224,1032
1049 100 0,1128,1224,1032
1050 100 0,1128,1224,1032
1051 100 0,1128,1224,1032
1052 100 0,1128,1224,1032
1053 100 0,1128,1224,1032
1054 100 0,1128,1224,1032
1055 100 0,1128,1224,1032
1056 100 0,1128,1224,1032
1057 100 0,1128,1224,1032
1058 100 0,1128,1224,1032
1059 100 0,1128,1224,1032
1060 100 0,1104,1224,1056
1061 100 0,1104,1224,1056
1062 100 0,1104,1224,1056
1063 100 0,1104,1224,1056
1064 100 0,1128,1224,1032
1065 100 0,1128,1224,1032
1066 100 0,1128,1224,1032
1067 100 0,1128,1224,1032
1068 100 0,1128,1224,1032
1069 100 0,1104,1224,1056
1070 100 0,1104,1224,1056
1071 100 0,1104,1224,1056
1072 100 0,1104,1224,1056
1073 100 0,1128,1224,1032
1074 100 0,1128,1224,1032
1075 100 0,1128,1224,1032
1076 100 0,1128,1224,1032
1077 100 0,1128,1224,1032
1078 100 0,1128,1224,1032
1079 100 0,1128,1224,1032
1080 100 0,1128,1224,1032
1081 100 0,1128,1224,1032
1082 100 0,1128,1224,1032
1083 100 0,1128,1224,1032
1084 100 0,1128,1224,1032
1085 100 0,1128,1224,1032
1086 100 0,1128,1224,1032
1087 100 0,1128,1224,1032
1088 100 0,1128,1224,1032
1089 100 0,1128,1224,1032
1090 100 0,1104,1224,1056
1091 100 0,1104,1224,1056
1092 100 0,1104,1224,1056
1093 100 0,1104,1224,1056
1094 100 0,1104,1224,1056
1095 100 0,1104,1224,1056
1096 100 0,1104,1224,1056
1097 100 0,1104,1224,1056
1098 100 0,1080,1224,1080
1099 100 0,1080,1224,1080
1100 100 0,1080,1224,1080
1101 100 0,1080,1224,1080
1102 100 0,1080,1224,1080
1103 100 0,1080,1224,1080
1104 100 0,1056,1224,1104
1105 100 0,1056,1224,1104
1106 100 0,1056,1224,1104
1107 100 0,1056,1224,1104
1108 100 0,1032,1224,1128
1109 100 0,1032,1224,1128
1110 100 0,1032,1224,1128
1111 100 0,1032,1224,1128
1112 100 0,1008,1224,1152
1113 100 0,984,1224,1176
1114 100 0,984,1224,1176
1115 100 1800,960,1224,1200
1116 100 2016,936,1224,1224
1117 100 2016,936,1224,1224
1118 100 2016,912,1224,1224
1119 100 2040,888,1224,1224
1120 100 2040,888,1224,1224
1121 100 2040,864,1224,1224
1122 100 2040,864,1224,1224
1123 100 2040,864,1224,1224
1124 100 2040,864,1224,1200
1125 100 2040,840,1224,1224
1126 100 2040,840,1224,1224
1127 100 2040,816,1224,1224
1128 100 2040,816,1224,1224
1129 100 2040,816,1224,1224
1130 100 2040,816,1224,1200
1131 100 2016,792,1224,1224
1132 100 2016,792,1224,1224
1133 100 1992,768,1224,1224
1134 100 1992,768,1224,1200
1135 100 1992,768,1224,1200
1136 100 1992,744,1224,1224
1137 100 1992,744,1224,1224
1138 100 1968,744,1224,1200
1139 100 1968,720,1224,1224
1140 100 1968,720,1224,1224
1141 100 1968,720,1224,1224
1142 100 1944,720,1224,1224
1143 100 1944,720,1224,1224
1144 100 1944,720,1224,1200
1145 100 1944,696,1224,1224
1146 100 1944,696,1224,1224
1147 100 1920,696,1224,1224
1148 100 1896,696,1224,1224
1149 100 1896,696,1224,1224
1150 100 1896,696,1224,1224
1151 100 1872,696,1224,1224
1152 100 1872,696,1224,1224
1153 100 1848,696,1224,1224
1154 100 1848,696,1224,1224
1155 100 1848,696,1224,1224
1156 100 1824,696,1224,1200
1157 100 1824,696,1224,1200
1158 100 1824,696,1224,1200
1159 100 1800,696,1224,1200
1160 100 1800,696,1224,1200
1161 100 1800,672,1224,1224
1162 100 1776,672,1224,1224
1163 100 1776,672,1224,1224
1164 100 1776,672,1224,1200
1165 100 1776,648,1224,1224
1166 100 1776,648,1224,1224
1167 100 1752,648,1224,1224
1168 100 1752,648,1224,1224
1169 100 1752,648,1224,1224
1170 100 1752,648,1224,1224
1171 100 1752,648,1224,1224
1172 100 1752,648,1224,1224
1173 100 1728,648,1224,1224
1174 100 1728,648,1224,1224
1175 100 1728,648,1224,1224
1176 100 1728,648,1224,1200
1177 100 1728,648,1224,1200
1178 100 1704,648,1224,1200
1179 100 1704,648,1224,1200
1180 100 1704,648,1224,1200
1181 100 1704,624,1224,1224
1182 100 1704,600,1224,1200
1183 100 1704,600,1224,1200
1184 100 1728,552,1224,1224
1185 100 1752,552,1224,1200
1186 100 1752,552,1224,1200
1187 100 1752,528,1224,1224
1188 100 1752,528,1224,1224
1189 100 1776,528,1224,1200
1190 100 1776,528,1224,1200
1191 100 1776,528,1224,1200
1192 100 1776,504,1224,1200
1193 100 1776,504,1224,1200
1194 100 1776,504,1224,1200
1195 100 1776,480,1224,1200
1196 100 1776,480,1224,1200
1197 100 1776,480,1224,1200
1198 100 1800,480,1224,1200
1199 100 1800,480,1224,1200
1200 100 1800,480,1224,1200
1201 100 1800,456,1224,1224
1202 100 1800,456,1224,1200
1203 100 1800,456,1224,1200
1204 100 1824,456,1224,1200
1205 100 1824,456,1224,1200
1206 100 1824,456,1224,1200
1207 100 1824,456,1224,1200
1208 100 1824,456,1224,1200
1209 100 1848,456,1224,1200
1210 100 1848,432,1224,1224
1211 100 1848,432,1224,1224
1212 100 1824,432,1224,1224
1213 100 1824,432,1224,1200
1214 100 1824,432,1224,1200
1215 100 1824,432,1224,1200
1216 100 1824,432,1224,1224
1217 100 1824,432,1224,1224
1218 100 1800,432,1224,1200
1219 100 1800,432,1224,1200
1220 100 1800,432,1224,1200
1221 100 1824,432,1224,1200
1222 100 1824,432,1224,1200
1223 100 1824,432,1224,1200
1224 100 1824,432,1224,1200
1225 100 1824,432,1224,1200
1226 100 1824,408,1224,1224
1227 100 1824,408,1224,1200
1228 100 1824,408,1224,1200
1229 100 1824,408,1224,1200
1230 100 1824,384,1224,1224
1231 100 1824,384,1224,1224
1232 100 1824,384,1224,1200
1233 100 1824,384,1224,1200
1234 100 1824,384,1224,1200
1235 100 1848,384,1224,1200
1236 100 1848,360,1224,1200
1237 100 1848,360,1224,1200
1238 100 1848,360,1224,1200
1239 100 1848,360,1224,1200
1240 100 1848,360,1224,1200
1241 100 1848,336,1224,1200
1242 100 1848,336,1224,1200
1243 100 1848,336,1224,1200
1244 100 1848,288,1224,1224
1245 100 1848,288,1224,1224
1246 100 1824,264,1224,1224
1247 100 1824,264,1224,1200
1248 100 1824,264,1224,1200
1249 100 1824,264,1224,1200
1250 100 1824,240,1224,1224
1251 100 1824,240,1224,1224
1252 100 1800,240,1224,1200
1253 100 1800,240,1224,1200
1254 100 1800,240,1224,1200
1255 100 1776,240,1224,1200
1256 100 1776,240,1224,1200
1257 100 1776,240,1224,1200
1258 100 1776,240,1224,1200
1259 100 1776,240,1224,1200
1260 100 1776,240,1224,1200
1261 100 1776,240,1224,1200
1262 100 1752,240,1224,1200
1263 100 1752,240,1224,1200
1264 100 1776,240,1224,1200
1265 100 1776,240,1224,1200
1266 100 1752,240,1224,1200
1267 100 1752,240,1224,1200
1268 100 1752,240,1224,1200
1269 100 1752,240,1224,1200
1270 100 1752,240,1224,1200
1271 100 1752,240,1224,1200
1272 100 1752,240,1224,1200
1273 100 1752,240,1224,1200
1274 100 1752,240,1224,1200
1275 100 1752,240,1224,1200
1276 100 1752,240,1224,1224
1277 100 1752,240,1224,1224
1278 100 1776,240,1224,1224
1279 100 1776,264,1224,1200
1280 100 1776,264,1224,1200
1281 100 1776,264,1224,1200
1282 100 1776,264,1224,1200
1283 100 1776,264,1224,1200
1284 100 1800,264,1224,1200
1285 100 1800,264,1224,1200
1286 100 1800,288,1224,1200
1287 100 1824,288,1224,1200
1288 100 1824,288,1224,1200
1289 100 1848,312,1224,1200
1290 100 1872,312,1224,1200
1291 100 1872,312,1224,1200
1292 100 1896,312,1224,1224
1293 100 1896,312,1224,1224
1294 100 1896,312,1224,1224
1295 100 1920,312,1224,1224
1296 100 1944,312,1224,1200
1297 100 1944,312,1224,1200
1298 100 1944,312,1224,1200
1299 100 1968,312,1224,1200
1300 100 1968,312,1224,1200
1301 100 1968,312,1224,1200
1302 100 1992,312,1224,1200
1303 100 1992,312,1224,1200
1304 100 1992,312,1224,1224
1305 100 1992,312,1224,1224
1306 100 2016,336,1224,1200
1307 100 2016,336,1224,1200
1308 100 2016,336,1224,1200
1309 100 2016,312,1224,1200
1310 100 2016,288,1224,1200
1311 100 2016,288,1224,1200
1312 100 2016,288,1224,1200
1313 100 1992,288,1224,1200
1314 100 1992,288,1224,1200
1315 100 1992,264,1224,1224
1316 100 1968,264,1224,1200
1317 100 1968,264,1224,1200
1318 100 1944,240,1224,1200
1319 100 1920,216,1224,1224
1320 100 1920,216,1224,1224
1321 100 1896,216,1224,1200
1322 100 1872,192,1224,1200
1323 100 1872,192,1224,1200
1324 100 1848,192,1224,1200
1325 100 1848,192,1224,1200
1326 100 1848,168,1224,1224
1327 100 1824,168,1224,1200
1328 100 1824,168,1224,1200
1329 100 1776,144,1224,1200
1330 100 1752,120,1224,1224
1331 100 1752,120,1224,1224
1332 100 1728,120,1224,1200
1333 100 1704,120,1224,1200
1334 100 1704,120,1224,1200
1335 100 1704,120,1224,1200
1336 100 1680,96,1224,1224
1337 100 1680,96,1224,1224
1338 100 1680,96,1224,1224
1339 100 1680,96,1224,1200
1340 100 1680,96,1224,1200
1341 100 1656,96,1224,1200
1342 100 1656,96,1224,1200
1343 100 1656,96,1224,1200
1344 100 1632,96,1224,1200
1345 100 1632,96,1224,1200
1346 100 1632,72,1224,1224
1347 100 1632,72,1224,1224
1348 100 1632,72,1224,1224
1349 100 1632,96,1224,1200
1350 100 1632,96,1224,1200
1351 100 1632,96,1224,1200
1352 100 1632,96,1224,1224
1353 100 1632,120,1224,1200
1354 100 1632,120,1224,1200
1355 100 1608,120,1224,1200
1356 100 1608,120,1224,1224
1357 100 1608,120,1224,1224
1358 100 1608,144,1224,1200
1359 100 1608,144,1224,1200
1360 100 1608,144,1224,1200
1361 100 1608,144,1224,1224
1362 100 1608,168,1224,1200
1363 100 1608,168,1224,1200
1364 100 1608,168,1224,1224
1365 100 1608,168,1224,1224
1366 100 1608,192,1224,1200
1367 100 1608,192,1224,1224
1368 100 1608,192,1224,1224
1369 100 1632,216,1224,1200
1370 100 1632,216,1224,1224
1371 100 1632,216,1224,1224
1372 100 1632,240,1224,1224
1373 100 1632,264,1224,1200
1374 100 1632,264,1224,1200
1375 100 1632,264,1224,1224
1376 100 1632,288,1224,1200
1377 100 1632,288,1224,1200
1378 100 1632,312,1224,1200
1379 100 1656,312,1224,1224
1380 100 1656,312,1224,1224
1381 100 1656,336,1224,1224
1382 100 1680,384,1224,1200
1383 100 1680,384,1224,1200
1384 100 1680,408,1224,1200
1385 100 1680,408,1224,1200
1386 100 1704,432,1224,1200
1387 100 1704,432,1224,1224
1388 100 1704,432,1224,1224
1389 100 1704,456,1224,1200
1390 100 1704,456,1224,1200
1391 100 1704,456,1224,1200
1392 100 1704,456,1224,1224
1393 100 1728,480,1224,1200
1394 100 1728,480,1224,1200
1395 100 1728,480,1224,1224
1396 100 1728,504,1224,1200
1397 100 1728,504,1224,1200
1398 100 1728,504,1224,1200
1399 100 1704,504,1224,1200
1400 100 1704,504,1224,1200
1401 100 1704,504,1224,1200
1402 100 1704,504,1224,1224
1403 100 1704,504,1224,1224
1404 100 1704,528,1224,1200
1405 100 1704,528,1224,1200
1406 100 1704,528,1224,1200
1407 100 1680,528,1224,1200
1408 100 1680,528,1224,1200
1409 100 1680,528,1224,1200
1410 100 1680,528,1224,1224
1411 100 1680,528,1224,1224
1412 100 1656,552,1224,1200
1413 100 1656,552,1224,1200
1414 100 1656,552,1224,1200
1415 100 1656,552,1224,1200
1416 100 1632,552,1224,1224
1417 100 1632,552,1224,1224
1418 100 1632,576,1224,1200
1419 100 1632,576,1224,1200
1420 100 1632,576,1224,1200
1421 100 1608,576,1224,1224
1422 100 1608,576,1224,1224
1423 100 1608,576,1224,1224
1424 100 1608,600,1224,1200
1425 100 1608,600,1224,1200
1426 100 1608,600,1224,1200
1427 100 1608,600,1224,1200
1428 100 1608,600,1224,1200
1429 100 1608,600,1224,1200
1430 100 1608,600,1224,1224
1431 100 1608,600,1224,1224
1432 100 1584,624,1224,1200
1433 100 1584,624,1224,1200
1434 100 1584,624,1224,1200
1435 100 1584,648,1224,1200
1436 100 1584,648,1224,1224
1437 100 1584,648,1224,1224
1438 100 1560,672,1224,1200
1439 100 1560,672,1224,1224
1440 100 1560,672,1224,1224
1441 100 1584,672,1224,1224
1442 100 1584,696,1224,1200
1443 100 1584,696,1224,1200
1444 100 1584,696,1224,1224
1445 100 1608,696,1224,1224
1446 100 1608,696,1224,1224
1447 100 1608,720,1224,1200
1448 100 1608,720,1224,1200
1449 100 1608,720,1224,1224
1450 100 1608,744,1224,1200
1451 100 1608,744,1224,1200
1452 100 1632,744,1224,1200
1453 100 1656,744,1224,1224
1454 100 1656,744,1224,1224
1455 100 1680,744,1224,1224
1456 100 1704,768,1224,1200
1457 100 1704,768,1224,1200
1458 100 1728,768,1224,1200
1459 100 1752,768,1224,1224
1460 100 1752,768,1224,1224
1461 100 1776,768,1224,1224
1462 100 1800,792,1224,1200
1463 100 1800,792,1224,1200
1464 100 1824,768,1224,1224
1465 100 1872,792,1224,1200
1466 100 1872,792,1224,1200
1467 100 1896,792,1224,1200
1468 100 1896,792,1224,1200
1469 100 1944,792,1224,1224
1470 100 1992,792,1224,1200
1471 100 1992,792,1224,1200
1472 100 2040,792,1224,1200
1473 100 2088,792,1224,1200
1474 100 2088,792,1224,1200
1475 100 2136,792,1224,1200
1476 100 2184,792,1224,1200
1477 100 2184,792,1224,1200
1478 100 2256,768,1224,1224
1479 100 2304,768,1224,1200
1480 100 2304,768,1224,1200
1481 100 2352,744,1224,1224
1482 100 2448,744,1224,1200
1483 100 2448,744,1224,1200
1484 100 2520,720,1224,1224
1485 100 2640,720,1224,1224
1486 100 2640,720,1224,1224
1487 100 2712,696,1224,1224
1488 100 2712,696,1224,1224
1489 100 2784,672,1224,1224
1490 100 3024,648,1224,1200
1491 100 3024,648,1224,1200
1492 100 3144,624,1224,1224
1493 100 3168,624,1224,1224
1494 100 3168,624,1224,1224
1495 100 3288,600,1224,1224
1496 100 3360,600,1224,1200
1497 100 3360,600,1224,1200
1498 100 3456,576,1224,1224
1499 100 3528,576,1224,1224
1500 100 3528,576,1224,1224
1501 100 3600,576,1224,1224
1502 100 3624,576,1224,1224
1503 100 3624,576,1224,1224
1504 100 3624,576,1224,1224
1505 100 3624,576,1224,1224
1506 100 3528,576,1224,1224
1507 100 3528,576,1224,1224
1508 100 3528,576,1224,1224
1509 100 3504,576,1224,1224
1510 100 3504,576,1224,1224
1511 100 3504,576,1224,1224
1512 100 3456,576,1224,1224
1513 100 3456,576,1224,1224
1514 100 3456,576,1224,1224
1515 100 3408,600,1224,1200
1516 100 3792,600,1224,1224
1517 100 3792,600,1224,1224
1518 100 3600,600,1224,1224
1519 100 3576,600,1224,1224
1520 100 3576,600,1224,1224
1521 100 3480,600,1224,1224
1522 100 3432,600,1224,1224
1523 100 3432,600,1224,1224
1524 100 3432,600,1224,1224
1525 100 3432,600,1224,1224
1526 100 3432,600,1224,1224
1527 100 3408,624,1224,1200
1528 100 3408,624,1224,1200
1529 100 3792,624,1224,1224
1530 100 3480,624,1224,1224
1531 100 3480,624,1224,1224
1532 100 3552,648,1224,1224
1533 100 3408,672,1224,1200
1534 100 3408,672,1224,1200
1535 100 3360,672,1224,1200
1536 100 3456,672,1224,1224
1537 100 3456,672,1224,1224
1538 100 3672,696,1224,1224
1539 100 3696,696,1224,1224
1540 100 3696,696,1224,1224
1541 100 3576,696,1224,1224
1542 100 3360,720,1224,1200
1543 100 3360,720,1224,1200
1544 100 0,720,1224,1224
1545 100 0,720,1224,1224
1546 100 3336,720,1224,1200
1547 100 3360,720,1224,1200
1548 100 3360,720,1224,1200
1549 100 3624,720,1224,1224
1550 100 3504,720,1224,1224
1551 100 3504,720,1224,1224
1552 100 3312,720,1224,1200
1553 100 3384,720,1224,1200
1554 100 3384,720,1224,1200
1555 100 3432,720,1224,1200
1556 100 96,696,1224,1224
1557 100 96,696,1224,1224
1558 100 0,696,1224,1200
1559 100 144,672,1224,1224
1560 100 144,672,1224,1224
1561 100 192,672,1224,1224
1562 100 0,672,1224,1224
1563 100 0,672,1224,1224
1564 100 48,672,1224,1200
1565 100 48,672,1224,1200
1566 100 24,648,1224,1224
1567 100 0,648,1224,1200
1568 100 0,648,1224,1200
1569 100 0,624,1224,1200
1570 100 0,600,1224,1224
1571 100 0,600,1224,1224
1572 100 0,576,1224,1224
1573 100 24,576,1224,1200
1574 100 24,576,1224,1200
1575 100 24,552,1224,1200
1576 100 48,528,1224,1200
1577 100 48,528,1224,1200
1578 100 0,504,1224,1224
1579 100 24,480,1224,1224
1580 100 24,480,1224,1224
1581 100 0,456,1224,1224
1582 100 0,432,1224,1224
1583 100 0,432,1224,1224
1584 100 0,432,1224,1200
1585 100 0,432,1224,1200
1586 100 0,432,1224,1200
1587 100 0,432,1224,1200
1588 100 0,432,1224,1200
1589 100 0,432,1224,1200
1590 100 0,432,1224,1200
1591 100 0,432,1224,1200
1592 100 0,432,1224,1200
1593 100 0,432,1224,1224
1594 100 0,432,1224,1224
1595 100 0,432,1224,1200
1596 100 24,432,1224,1224
1597 100 24,432,1224,1224
1598 100 24,432,1224,1224
1599 100 24,432,1224,1224
1600 100 24,432,1224,1224
1601 100 0,456,1224,1200
1602 100 0,456,1224,1200
1603 100 0,456,1224,1200
1604 100 0,456,1224,1200
1605 100 0,456,1224,1200
1606 100 0,456,1224,1200
1607 100 0,456,1224,1200
1608 100 0,456,1224,1200
1609 100 0,456,1224,1200
1610 100 24,456,1224,1200
1611 100 24,456,1224,1200
1612 100 24,456,1224,1200
1613 100 0,456,1224,1200
1614 100 0,456,1224,1200
1615 100 0,456,1224,1200
1616 100 0,456,1224,1200
1617 100 0,456,1224,1200
1618 100 24,456,1224,1200
1619 100 0,456,1224,1200
1620 100 0,456,1224,1200
1621 100 0,456,1224,1200
1622 100 0,456,1224,1200
1623 100 0,456,1224,1200
1624 100 0,456,1224,1224
1625 100 0,456,1224,1224
1626 100 0,456,1224,1224
1627 100 0,456,1224,1224
1628 100 0,456,1224,1224
1629 100 0,480,1224,1200
1630 100 0,480,1224,1200
1631 100 0,480,1224,1200
1632 100 24,480,1224,1200
1633 100 24,456,1224,1224
1634 100 24,456,1224,1224
1635 100 0,456,1224,1200
1636 100 0,432,1224,1224
1637 100 0,432,1224,1224
1638 100 24,432,1224,1224
1639 100 24,432,1224,1200
1640 100 24,432,1224,1200
1641 100 24,432,1224,1200
1642 100 24,432,1224,1200
1643 100 48,432,1224,1224
1644 100 48,432,1224,1200
1645 100 48,432,1224,1200
1646 100 48,432,1224,1200
1647 100 48,432,1224,1200
1648 100 48,432,1224,1200
1649 100 48,432,1224,1224
1650 100 72,456,1224,1200
1651 100 72,456,1224,1200
1652 100 96,456,1224,1224
1653 100 96,456,1224,1224
1654 100 96,456,1224,1224
1655 100 120,480,1224,1200
1656 100 120,480,1224,1224
1657 100 120,480,1224,1224
1658 100 120,504,1224,1200
1659 100 144,504,1224,1200
1660 100 144,504,1224,1200
1661 100 144,504,1224,1200
1662 100 144,504,1224,1200
1663 100 144,504,1224,1224
1664 100 144,528,1224,1200
1665 100 144,528,1224,1200
1666 100 144,528,1224,1224
1667 100 144,528,1224,1224
1668 100 144,528,1224,1224
1669 100 144,552,1224,1200
1670 100 144,576,1224,1200
1671 100 144,576,1224,1200
1672 100 144,576,1224,1224
1673 100 168,576,1224,1224
1674 100 168,576,1224,1224
1675 100 168,576,1224,1224
1676 100 168,600,1224,1200
1677 100 168,600,1224,1200
1678 100 168,600,1224,1224
1679 100 168,624,1224,1200
1680 100 168,624,1224,1200
1681 100 168,648,1224,1200
1682 100 168,648,1224,1200
1683 100 192,648,1224,1224
1684 100 192,672,1224,1200
1685 100 192,672,1224,1200
1686 100 192,672,1224,1224
1687 100 192,696,1224,1200
1688 100 192,696,1224,1200
1689 100 192,696,1224,1200
1690 100 192,696,1224,1200
1691 100 192,696,1224,1200
1692 100 192,696,1224,1200
1693 100 192,696,1224,1200
1694 100 192,696,1224,1200
1695 100 192,696,1224,1224
1696 100 192,696,1224,1224
1697 100 192,696,1224,1224
1698 100 192,696,1224,1224
1699 100 192,720,1224,1200
1700 100 192,720,1224,1200
1701 100 192,720,1224,1200
1702 100 192,720,1224,1200
1703 100 192,720,1224,1200
1704 100 168,720,1224,1200
1705 100 168,720,1224,1200
1706 100 168,720,1224,1200
1707 100 168,720,1224,1200
1708 100 168,720,1224,1200
1709 100 168,720,1224,1200
1710 100 192,720,1224,1200
1711 100 192,720,1224,1200
1712 100 192,720,1224,1200
1713 100 168,720,1224,1200
1714 100 168,720,1224,1200
1715 100 168,720,1224,1200
1716 100 168,696,1224,1224
1717 100 168,696,1224,1224
1718 100 168,696,1224,1224
1719 100 168,696,1224,1224
1720 100 168,696,1224,1224
1721 100 168,696,1224,1224
1722 100 168,696,1224,1224
1723 100 168,696,1224,1224
1724 100 168,696,1224,1224
1725 100 168,696,1224,1224
1726 100 168,696,1224,1224
1727 100 168,696,1224,1224
1728 100 168,696,1224,1224
1729 100 168,696,1224,1224
1730 100 168,696,1224,1224
1731 100 168,696,1224,1224
1732 100 168,696,1224,1224
1733 100 168,720,1224,1200
1734 100 168,720,1224,1200
1735 100 168,720,1224,1200
1736 100 168,720,1224,1200
1737 100 168,720,1224,1200
1738 100 192,696,1224,1224
1739 100 192,696,1224,1224
1740 100 192,696,1224,1224
1741 100 192,696,1224,1200
1742 100 216,696,1224,1224
1743 100 216,696,1224,1224
1744 100 216,720,1224,1200
1745 100 192,720,1224,1200
1746 100 192,720,1224,1200
1747 100 192,720,1224,1224
1748 100 192,720,1224,1224
1749 100 192,720,1224,1224
1750 100 192,744,1224,1200
1751 100 192,744,1224,1200
1752 100 192,744,1224,1200
1753 100 216,720,1224,1224
1754 100 216,720,1224,1224
1755 100 216,720,1224,1224
1756 100 216,720,1224,1224
1757 100 192,720,1224,1224
1758 100 192,720,1224,1224
1759 100 192,720,1224,1224
1760 100 192,720,1224,1224
1761 100 192,720,1224,1200
1762 100 216,720,1224,1200
1763 100 216,720,1224,1200
1764 100 216,720,1224,1200
1765 100 192,720,1224,1224
1766 100 192,720,1224,1224
1767 100 192,744,1224,1200
1768 100 168,744,1224,1200
1769 100 168,744,1224,1200
1770 100 168,744,1224,1224
1771 100 168,744,1224,1224
1772 100 168,744,1224,1224
1773 100 144,768,1224,1200
1774 100 120,768,1224,1200
1775 100 120,768,1224,1200
1776 100 120,768,1224,1200
1777 100 96,792,1224,1200
1778 100 96,792,1224,1200
1779 100 96,792,1224,1224
1780 100 48,840,1224,1200
1781 100 48,840,1224,1200
1782 100 24,864,1224,1200
1783 100 0,864,1224,1224
1784 100 0,864,1224,1224
1785 100 0,888,1224,1200
1786 100 0,912,1224,1224
1787 100 0,912,1224,1224
1788 100 0,936,1224,1224
1789 100 0,936,1224,1224
1790 100 24,960,1224,1200
1791 100 24,984,1224,1176
1792 100 24,984,1224,1176
1793 100 24,984,1224,1176
1794 100 1824,984,1224,1176
1795 100 1824,984,1224,1176
1796 100 1464,984,1224,1176
1797 100 1200,1008,1224,1152
1798 100 1200,1008,1224,1152
1799 100 1200,1008,1224,1152
