0 100 2520,504,1224,1200
1 100 2520,504,1224,1200
2 100 2520,504,1224,1200
3 100 2520,504,1224,1200
4 100 2496,504,1224,1200
5 100 2496,504,1224,1200
6 100 2496,504,1224,1200
7 100 2496,504,1224,1224
8 100 2496,504,1224,1224
9 100 2472,504,1224,1224
10 100 2472,504,1224,1224
11 100 2472,528,1224,1200
12 100 2472,528,1224,1200
13 100 2472,528,1224,1200
14 100 2472,528,1224,1200
15 100 2448,528,1224,1224
16 100 2448,552,1224,1200
17 100 2448,552,1224,1200
18 100 2400,648,1224,1200
19 100 2376,648,1224,1200
20 100 2328,720,1224,1200
21 100 2328,720,1224,1200
22 100 2280,768,1224,1200
23 100 2280,768,1224,1200
24 100 2280,792,1224,1200
25 100 2280,792,1224,1200
26 100 2328,792,1224,1200
27 100 2328,792,1224,1200
28 100 2520,768,1224,1200
29 100 2544,768,1224,1200
30 100 2688,768,1224,1200
31 100 2712,744,1224,1224
32 100 2784,744,1224,1224
33 100 2784,744,1224,1224
34 100 2784,768,1224,1200
35 100 2784,768,1224,1200
36 100 2808,768,1224,1200
37 100 2808,768,1224,1224
38 100 2904,768,1224,1224
39 100 2928,768,1224,1200
40 100 2928,768,1224,1200
41 100 2904,744,1224,1224
42 100 2904,744,1224,1224
43 100 2928,744,1224,1224
44 100 2952,744,1224,1200
45 100 2952,744,1224,1200
46 100 2952,744,1224,1200
47 100 2952,744,1224,1224
48 100 2928,744,1224,1224
49 100 2928,744,1224,1224
50 100 2976,768,1224,1200
51 100 2952,768,1224,1200
52 100 2784,816,1224,1200
53 100 2832,816,1224,1224
54 100 2664,864,1224,1224
55 100 2616,888,1224,1200
56 100 2472,912,1224,1200
57 100 2520,912,1224,1224
58 100 2376,960,1224,1200
59 100 2184,960,1224,1200
60 100 2232,960,1224,1200
61 100 2088,984,1224,1176
62 100 2064,984,1224,1176
63 100 1944,984,1224,1176
64 100 1920,984,1224,1176
65 100 1896,984,1224,1176
66 100 1896,984,1224,1176
67 100 1824,960,1224,1200
68 100 1800,936,1224,1224
69 100 1800,936,1224,1224
70 100 1728,936,1224,1224
71 100 1704,912,1224,1224
72 100 1680,912,1224,1224
73 100 1632,888,1224,1224
74 100 1608,864,1224,1224
75 100 1560,864,1224,1224
76 100 1536,840,1224,1224
77 100 1464,816,1224,1248
78 100 1440,816,1224,1224
79 100 1392,816,1224,1224
80 100 1368,816,1224,1224
81 100 1344,816,1224,1224
82 100 1320,792,1224,1224
83 100 1296,792,1224,1224
84 100 1296,768,1224,1200
85 100 1296,720,1224,1224
86 100 1296,696,1224,1224
87 100 1296,672,1224,1224
88 100 1296,672,1224,1200
89 100 1320,648,1224,1200
90 100 1320,624,1224,1200
91 100 1320,600,1224,1224
92 100 1320,600,1224,1200
93 100 1320,576,1224,1200
94 100 1320,576,1224,1200
95 100 1320,576,1224,1200
96 100 1320,576,1224,1200
97 100 1320,576,1224,1200
98 100 1296,576,1224,1224
99 100 1296,576,1224,1224
100 100 1272,576,1224,1224
101 100 1272,600,1224,1200
102 100 1248,600,1224,1200
103 100 1248,600,1224,1224
104 100 1224,624,1224,1200
105 100 1152,648,1224,1224
106 100 1104,696,1224,1224
107 100 1080,720,1224,1200
108 100 1032,720,1224,1200
109 100 1008,720,1224,1224
110 100 984,744,1224,1200
111 100 984,744,1224,1200
112 100 960,744,1224,1200
113 100 936,744,1224,1224
114 100 936,768,1224,1200
115 100 936,768,1224,1200
116 100 912,768,1224,1200
117 100 912,768,1224,1224
118 100 912,792,1224,1200
119 100 888,840,1224,1200
120 100 912,840,1224,1224
121 100 912,864,1224,1200
122 100 888,888,1224,1200
123 100 864,888,1224,1224
124 100 840,888,1224,1224
125 100 840,888,1224,1224
126 100 816,888,1224,1224
127 100 792,888,1224,1224
128 100 768,864,1224,1224
129 100 720,864,1224,1224
130 100 696,864,1224,1224
131 100 672,864,1224,1224
132 100 672,864,1224,1224
133 100 672,864,1224,1224
134 100 648,864,1224,1224
135 100 648,864,1224,1224
136 100 648,864,1224,1224
137 100 648,864,1224,1224
138 100 648,840,1224,1224
139 100 672,840,1224,1224
140 100 672,840,1224,1200
141 100 648,840,1224,1200
142 100 648,840,1224,1200
143 100 648,816,1224,1224
144 100 672,816,1224,1224
145 100 672,816,1224,1224
146 100 672,816,1224,1224
147 100 696,816,1224,1224
148 100 696,816,1224,1200
149 100 720,816,1224,1200
150 100 720,792,1224,1224
151 100 720,792,1224,1224
152 100 744,792,1224,1224
153 100 744,792,1224,1224
154 100 792,792,1224,1224
155 100 792,792,1224,1224
156 100 864,768,1224,1224
157 100 888,768,1224,1224
158 100 1032,744,1224,1200
159 100 1104,720,1224,1200
160 100 1176,696,1224,1224
161 100 1224,696,1224,1200
162 100 1224,696,1224,1200
163 100 1248,672,1224,1200
164 100 1248,672,1224,1200
165 100 1272,648,1224,1200
166 100 1272,648,1224,1200
167 100 1272,648,1224,1200
168 100 1272,648,1224,1200
169 100 1272,624,1224,1200
170 100 1272,624,1224,1200
171 100 1296,624,1224,1200
172 100 1296,624,1224,1200
173 100 1296,624,1224,1200
174 100 1320,624,1224,1200
175 100 1344,648,1224,1200
176 100 1392,672,1224,1200
177 100 1464,696,1224,1200
178 100 1512,696,1224,1200
179 100 1560,696,1224,1200
180 100 1584,696,1224,1200
181 100 1608,696,1224,1200
182 100 1608,672,1224,1224
183 100 1608,696,1224,1200
184 100 1608,696,1224,1200
185 100 1608,696,1224,1200
186 100 1632,696,1224,1200
187 100 1608,696,1224,1200
188 100 1608,696,1224,1224
189 100 1608,720,1224,1200
190 100 1560,744,1224,1200
191 100 1512,792,1224,1200
192 100 1440,840,1224,1200
193 100 1392,864,1224,1200
194 100 1368,864,1224,1224
195 100 1296,912,1224,1224
196 100 1224,936,1224,1200
197 100 1176,960,1224,1200
198 100 1128,960,1224,1200
199 100 1104,960,1224,1200
200 100 1080,960,1224,1200
201 100 1080,960,1224,1200
202 100 1056,960,1224,1200
203 100 1056,960,1224,1200
204 100 1080,960,1224,1200
205 100 1104,936,1224,1224
206 100 1128,960,1224,1200
207 100 1152,960,1224,1200
208 100 1200,960,1224,1200
209 100 1224,960,1224,1200
210 100 1224,984,1224,1176
211 100 768,1008,1224,1152
212 100 0,1056,1224,1104
213 100 0,1056,1224,1104
214 100 0,1032,1224,1128
215 100 0,1032,1224,1128
216 100 1080,984,1224,1176
217 100 1608,936,1224,1224
218 100 1776,888,1224,1248
219 100 1944,864,1224,1224
220 100 2136,792,1224,1224
221 100 2256,768,1224,1224
222 100 2376,744,1224,1224
223 100 2448,720,1224,1224
224 100 2496,696,1224,1248
225 100 2520,696,1224,1248
226 100 2544,696,1224,1224
227 100 2544,696,1224,1224
228 100 2592,672,1224,1248
229 100 2640,672,1224,1224
230 100 2664,672,1224,1224
231 100 2664,672,1224,1224
232 100 2688,672,1224,1224
233 100 2688,672,1224,1224
234 100 2736,696,1224,1224
235 100 2808,696,1224,1200
236 100 2808,672,1224,1224
237 100 2808,672,1224,1224
238 100 2880,672,1224,1224
239 100 2880,672,1224,1224
240 100 2976,672,1224,1224
241 100 2952,672,1224,1224
242 100 3072,672,1224,1224
243 100 3072,672,1224,1224
244 100 3024,672,1224,1224
245 100 3096,672,1224,1248
246 100 3072,672,1224,1248
247 100 3216,672,1224,1248
248 100 3120,672,1224,1248
249 100 3168,672,1224,1224
250 100 3216,672,1224,1224
251 100 3216,672,1224,1224
252 100 3144,648,1224,1248
253 100 3288,648,1224,1248
254 100 3264,648,1224,1248
255 100 3264,648,1224,1248
256 100 3168,648,1224,1224
257 100 3264,624,1224,1248
258 100 3168,624,1224,1224
259 100 3144,600,1224,1248
260 100 3168,600,1224,1224
261 100 3144,600,1224,1248
262 100 3240,600,1224,1248
263 100 3264,600,1224,1248
264 100 3336,600,1224,1248
265 100 3192,600,1224,1224
266 100 3192,600,1224,1224
267 100 3192,600,1224,1224
268 100 3192,600,1224,1224
269 100 3216,600,1224,1224
270 100 3312,600,1224,1248
271 100 3312,600,1224,1248
272 100 3192,600,1224,1224
273 100 3216,600,1224,1224
274 100 3192,600,1224,1224
275 100 3192,600,1224,1224
276 100 3192,600,1224,1224
277 100 3312,600,1224,1248
278 100 3264,624,1224,1224
279 100 3192,624,1224,1224
280 100 3168,648,1224,1224
281 100 3168,648,1224,1224
282 100 3192,648,1224,1224
283 100 3240,648,1224,1224
284 100 3264,648,1224,1224
285 100 3240,648,1224,1224
286 100 3240,648,1224,1224
287 100 3240,648,1224,1224
288 100 3216,648,1224,1224
289 100 3216,648,1224,1224
290 100 3192,648,1224,1224
291 100 3120,672,1224,1224
292 100 3120,672,1224,1224
293 100 3072,672,1224,1224
294 100 2928,696,1224,1200
295 100 2808,696,1224,1200
296 100 2664,696,1224,1200
297 100 2472,696,1224,1200
298 100 2352,696,1224,1224
299 100 2184,720,1224,1200
300 100 2040,720,1224,1200
301 100 1872,720,1224,1200
302 100 1752,720,1224,1224
303 100 1608,720,1224,1200
304 100 1536,720,1224,1200
305 100 1440,720,1224,1200
306 100 1368,720,1224,1200
307 100 1320,720,1224,1200
308 100 1272,696,1224,1224
309 100 1248,696,1224,1224
310 100 1248,696,1224,1200
311 100 1248,696,1224,1200
312 100 1248,696,1224,1200
313 100 1248,672,1224,1224
314 100 1272,672,1224,1200
315 100 1272,648,1224,1200
316 100 1272,648,1224,1200
317 100 1272,624,1224,1200
318 100 1272,624,1224,1200
319 100 1248,624,1224,1200
320 100 1248,624,1224,1200
321 100 1248,600,1224,1224
322 100 1248,600,1224,1224
323 100 1224,624,1224,1200
324 100 1224,624,1224,1200
325 100 1224,624,1224,1200
326 100 1224,624,1224,1200
327 100 1200,624,1224,1200
328 100 1200,624,1224,1224
329 100 1176,648,1224,1200
330 100 1152,672,1224,1200
331 100 1080,696,1224,1200
332 100 984,744,1224,1200
333 100 936,768,1224,1200
334 100 912,768,1224,1200
335 100 864,768,1224,1224
336 100 864,768,1224,1224
337 100 840,768,1224,1224
338 100 816,792,1224,1200
339 100 816,792,1224,1200
340 100 792,792,1224,1200
341 100 792,792,1224,1200
342 100 768,792,1224,1200
343 100 744,792,1224,1224
344 100 696,792,1224,1224
345 100 672,792,1224,1224
346 100 624,792,1224,1224
347 100 600,816,1224,1200
348 100 576,816,1224,1200
349 100 528,816,1224,1224
350 100 528,816,1224,1224
351 100 504,816,1224,1224
352 100 504,816,1224,1224
353 100 456,816,1224,1248
354 100 432,840,1224,1224
355 100 408,864,1224,1224
356 100 384,864,1224,1224
357 100 360,864,1224,1224
358 100 360,864,1224,1248
359 100 336,888,1224,1224
360 100 336,888,1224,1224
361 100 312,888,1224,1224
362 100 312,888,1224,1248
363 100 288,912,1224,1224
364 100 288,912,1224,1224
365 100 288,912,1224,1224
366 100 288,912,1224,1248
367 100 264,912,1224,1248
368 100 264,936,1224,1224
369 100 240,936,1224,1224
370 100 240,936,1224,1224
371 100 216,936,1224,1224
372 100 1416,960,1224,1200
373 100 360,960,1224,1200
374 100 0,960,1224,1200
375 100 0,960,1224,1200
376 100 0,960,1224,1200
377 100 0,984,1224,1176
378 100 0,984,1224,1176
379 100 0,984,1224,1176
380 100 0,984,1224,1176
381 100 0,984,1224,1176
382 100 0,984,1224,1176
383 100 0,984,1224,1176
384 100 0,984,1224,1176
385 100 0,984,1224,1176
386 100 0,984,1224,1176
387 100 0,984,1224,1176
388 100 0,984,1224,1176
389 100 0,984,1224,1176
390 100 408,984,1224,1176
391 100 552,984,1224,1176
392 100 384,984,1224,1176
393 100 432,960,1224,1200
394 100 456,960,1224,1200
395 100 696,888,1224,1224
396 100 816,840,1224,1248
397 100 864,816,1224,1248
398 100 960,816,1224,1224
399 100 984,792,1224,1224
400 100 1008,792,1224,1224
401 100 1032,768,1224,1224
402 100 1056,768,1224,1224
403 100 1056,768,1224,1224
404 100 1080,768,1224,1224
405 100 1104,744,1224,1224
406 100 1104,744,1224,1224
407 100 1104,744,1224,1200
408 100 1128,744,1224,1200
409 100 1128,744,1224,1200
410 100 1152,720,1224,1200
411 100 1152,696,1224,1224
412 100 1152,696,1224,1224
413 100 1176,696,1224,1200
414 100 1176,696,1224,1200
415 100 1176,696,1224,1200
416 100 1200,672,1224,1224
417 100 1200,672,1224,1200
418 100 1200,672,1224,1200
419 100 1200,672,1224,1200
420 100 1200,672,1224,1200
421 100 1200,672,1224,1200
422 100 1224,672,1224,1200
423 100 1224,672,1224,1200
424 100 1224,672,1224,1200
425 100 1224,648,1224,1224
426 100 1224,648,1224,1224
427 100 1200,648,1224,1224
428 100 1200,672,1224,1200
429 100 1200,672,1224,1200
430 100 1200,672,1224,1200
431 100 1200,672,1224,1200
432 100 1200,672,1224,1200
433 100 1200,672,1224,1200
434 100 1224,672,1224,1200
435 100 1224,672,1224,1200
436 100 1224,672,1224,1200
437 100 1224,672,1224,1200
438 100 1224,672,1224,1200
439 100 1224,648,1224,1224
440 100 1224,672,1224,1200
441 100 1224,672,1224,1200
442 100 1224,672,1224,1200
443 100 1224,672,1224,1200
444 100 1224,672,1224,1200
445 100 1224,672,1224,1200
446 100 1224,672,1224,1200
447 100 1224,672,1224,1200
448 100 1224,672,1224,1200
449 100 1224,672,1224,1200
450 100 1224,672,1224,1200
451 100 1272,672,1224,1224
452 100 1320,696,1224,1200
453 100 1416,696,1224,1224
454 100 1488,696,1224,1200
455 100 1536,696,1224,1224
456 100 1584,720,1224,1200
457 100 1608,720,1224,1200
458 100 1608,720,1224,1224
459 100 1608,744,1224,1200
460 100 1608,744,1224,1200
461 100 1584,744,1224,1200
462 100 1560,744,1224,1200
463 100 1560,744,1224,1224
464 100 1536,768,1224,1200
465 100 1536,768,1224,1200
466 100 1512,744,1224,1224
467 100 1512,744,1224,1224
468 100 1512,744,1224,1224
469 100 1488,744,1224,1224
470 100 1464,768,1224,1200
471 100 1416,768,1224,1200
472 100 1392,768,1224,1200
473 100 1344,768,1224,1200
474 100 1320,768,1224,1200
475 100 1296,768,1224,1200
476 100 1272,768,1224,1224
477 100 1248,792,1224,1200
478 100 1248,792,1224,1200
479 100 1224,792,1224,1200
480 100 1224,768,1224,1200
481 100 1200,768,1224,1200
482 100 1200,768,1224,1224
483 100 1200,792,1224,1200
484 100 1176,792,1224,1200
485 100 1176,792,1224,1200
486 100 1176,792,1224,1200
487 100 1152,792,1224,1200
488 100 1176,792,1224,1200
489 100 1176,768,1224,1200
490 100 1176,768,1224,1200
491 100 1176,768,1224,1200
492 100 1176,768,1224,1200
493 100 1176,744,1224,1224
494 100 1176,744,1224,1200
495 100 1176,744,1224,1200
496 100 1176,744,1224,1200
497 100 1176,744,1224,1200
498 100 1152,744,1224,1200
499 100 1152,744,1224,1200
500 100 1128,744,1224,1200
501 100 1128,744,1224,1200
502 100 1128,744,1224,1200
503 100 1104,744,1224,1224
504 100 1104,744,1224,1200
505 100 1104,744,1224,1200
506 100 1104,744,1224,1200
507 100 1128,744,1224,1200
508 100 1128,744,1224,1200
509 100 1128,744,1224,1200
510 100 1128,744,1224,1200
511 100 1128,744,1224,1200
512 100 1128,744,1224,1200
513 100 1104,768,1224,1200
514 100 1104,768,1224,1200
515 100 1080,768,1224,1200
516 100 1056,768,1224,1200
517 100 1032,768,1224,1224
518 100 1008,792,1224,1200
519 100 960,792,1224,1224
520 100 936,816,1224,1200
521 100 912,816,1224,1200
522 100 912,816,1224,1200
523 100 912,816,1224,1200
524 100 912,816,1224,1200
525 100 912,816,1224,1200
526 100 912,816,1224,1200
527 100 912,816,1224,1200
528 100 912,816,1224,1200
529 100 912,816,1224,1200
530 100 912,816,1224,1200
531 100 912,816,1224,1200
532 100 912,816,1224,1200
533 100 912,816,1224,1200
534 100 912,816,1224,1200
535 100 912,816,1224,1200
536 100 936,816,1224,1200
537 100 936,816,1224,1224
538 100 960,816,1224,1224
539 100 960,816,1224,1224
540 100 984,816,1224,1224
541 100 984,816,1224,1224
542 100 984,816,1224,1224
543 100 1008,816,1224,1224
544 100 1008,816,1224,1200
545 100 1008,816,1224,1200
546 100 1032,816,1224,1200
547 100 1032,816,1224,1200
548 100 1032,816,1224,1200
549 100 1032,816,1224,1200
550 100 1032,816,1224,1200
551 100 1032,816,1224,1200
552 100 1056,816,1224,1200
553 100 1056,816,1224,1200
554 100 1056,792,1224,1224
555 100 1056,792,1224,1224
556 100 1056,792,1224,1224
557 100 1056,792,1224,1224
558 100 1056,792,1224,1224
559 100 1056,792,1224,1224
560 100 1080,792,1224,1224
561 100 1080,792,1224,1224
562 100 1080,792,1224,1224
563 100 1080,816,1224,1200
564 100 1080,816,1224,1200
565 100 1080,816,1224,1200
566 100 1080,816,1224,1200
567 100 1080,816,1224,1200
568 100 1080,816,1224,1200
569 100 1080,816,1224,1200
570 100 1080,816,1224,1200
571 100 1080,816,1224,1200
572 100 1080,816,1224,1200
573 100 1080,816,1224,1200
574 100 1080,816,1224,1224
575 100 1080,816,1224,1224
576 100 1080,816,1224,1224
577 100 1080,840,1224,1200
578 100 1080,840,1224,1200
579 100 1056,840,1224,1224
580 100 1008,912,1224,1200
581 100 984,936,1224,1200
582 100 984,936,1224,1200
583 100 0,1056,1224,1104
584 100 0,1056,1224,1104
585 100 0,1128,1224,1032
586 100 0,1128,1224,1032
587 100 0,1128,1224,1032
588 100 0,1200,1224,960
589 100 0,1200,1224,960
590 100 0,1200,1224,960
591 100 0,1200,1224,960
592 100 0,1224,1224,936
593 100 0,1248,1224,912
594 100 0,1272,1224,888
595 100 0,1296,1224,864
596 100 0,1272,1224,888
597 100 0,1272,1224,888
598 100 0,1272,1224,888
599 100 0,1296,1224,864
600 100 0,1296,1224,864
601 100 0,1296,1224,864
602 100 0,1296,1224,864
603 100 0,1296,1224,864
604 100 0,1296,1224,864
605 100 0,1296,1224,864
606 100 0,1296,1224,864
607 100 0,1248,1224,912
608 100 0,1248,1224,912
609 100 0,1200,1224,960
610 100 0,1200,1224,960
611 100 0,1200,1224,960
612 100 0,1200,1224,960
613 100 0,1200,1224,960
614 100 0,1200,1224,960
615 100 0,1200,1224,960
616 100 0,1200,1224,960
617 100 0,1200,1224,960
618 100 0,1200,1224,960
619 100 0,1224,1224,936
620 100 0,1200,1224,960
621 100 0,1200,1224,960
622 100 0,1200,1224,960
623 100 0,1200,1224,960
624 100 0,1152,1224,1008
625 100 0,1152,1224,1008
626 100 0,1152,1224,1008
627 100 0,1104,1224,1056
628 100 0,1104,1224,1056
629 100 0,1056,1224,1104
630 100 0,1032,1224,1128
631 100 0,1032,1224,1128
632 100 912,960,1224,1200
633 100 912,960,1224,1200
634 100 936,936,1224,1224
635 100 936,936,1224,1200
636 100 936,936,1224,1200
637 100 960,912,1224,1224
638 100 960,912,1224,1224
639 100 1008,888,1224,1200
640 100 1008,888,1224,1200
641 100 1008,888,1224,1200
642 100 1032,864,1224,1224
643 100 1032,864,1224,1200
644 100 1056,864,1224,1200
645 100 1056,864,1224,1200
646 100 1056,864,1224,1200
647 100 1056,864,1224,1200
648 100 1056,864,1224,1200
649 100 1056,864,1224,1200
650 100 1056,864,1224,1200
651 100 1032,864,1224,1200
652 100 1032,864,1224,1200
653 100 1032,864,1224,1200
654 100 1032,864,1224,1200
655 100 1032,864,1224,1200
656 100 1032,864,1224,1200
657 100 1032,864,1224,1200
658 100 1032,864,1224,1200
659 100 1032,864,1224,1200
660 100 1032,864,1224,1200
661 100 1032,864,1224,1200
662 100 1032,864,1224,1224
663 100 1032,864,1224,1224
664 100 1032,864,1224,1224
665 100 1032,864,1224,1224
666 100 1032,864,1224,1224
667 100 1032,864,1224,1224
668 100 1032,888,1224,1200
669 100 1032,888,1224,1200
670 100 1032,888,1224,1200
671 100 1008,888,1224,1200
672 100 1008,888,1224,1200
673 100 1008,888,1224,1200
674 100 1008,888,1224,1200
675 100 1008,888,1224,1200
676 100 1008,888,1224,1200
677 100 1008,888,1224,1200
678 100 1008,888,1224,1200
679 100 1008,888,1224,1200
680 100 1008,888,1224,1200
681 100 1008,888,1224,1200
682 100 1008,888,1224,1200
683 100 1008,888,1224,1200
684 100 1008,888,1224,1200
685 100 1008,888,1224,1200
686 100 1008,888,1224,1200
687 100 1008,888,1224,1200
688 100 1008,888,1224,1200
689 100 1008,888,1224,1224
690 100 1008,888,1224,1224
691 100 1008,888,1224,1224
692 100 984,888,1224,1224
693 100 984,888,1224,1224
694 100 984,888,1224,1224
695 100 984,888,1224,1224
696 100 984,888,1224,1224
697 100 984,888,1224,1224
698 100 984,888,1224,1224
699 100 984,888,1224,1224
700 100 984,888,1224,1200
701 100 984,888,1224,1200
702 100 984,888,1224,1200
703 100 960,864,1224,1224
704 100 960,864,1224,1200
705 100 960,864,1224,1200
706 100 960,864,1224,1200
707 100 912,840,1224,1224
708 100 912,840,1224,1200
709 100 912,840,1224,1200
710 100 912,840,1224,1200
711 100 912,840,1224,1200
712 100 936,840,1224,1200
713 100 936,840,1224,1200
714 100 960,816,1224,1224
715 100 984,816,1224,1200
716 100 1008,816,1224,1200
717 100 1008,816,1224,1200
718 100 1008,816,1224,1200
719 100 1032,792,1224,1224
720 100 1032,792,1224,1224
721 100 1032,792,1224,1224
722 100 1056,792,1224,1200
723 100 1056,792,1224,1200
724 100 1056,792,1224,1200
725 100 1056,792,1224,1200
726 100 1056,792,1224,1224
727 100 1056,792,1224,1224
728 100 1056,792,1224,1224
729 100 1056,792,1224,1224
730 100 1056,792,1224,1224
731 100 1056,792,1224,1224
732 100 1056,792,1224,1224
733 100 1056,792,1224,1200
734 100 1056,792,1224,1200
735 100 1056,792,1224,1200
736 100 1056,792,1224,1224
737 100 1056,792,1224,1224
738 100 1056,792,1224,1224
739 100 1056,792,1224,1224
740 100 1056,816,1224,1200
741 100 1056,816,1224,1200
742 100 1080,816,1224,1200
743 100 1080,816,1224,1200
744 100 1080,816,1224,1200
745 100 1080,816,1224,1200
746 100 1080,840,1224,1200
747 100 1080,840,1224,1200
748 100 1080,840,1224,1200
749 100 1080,840,1224,1200
750 100 1080,840,1224,1224
751 100 1080,840,1224,1224
752 100 1080,840,1224,1224
753 100 1080,840,1224,1224
754 100 1080,840,1224,1224
755 100 1080,840,1224,1224
756 100 1080,840,1224,1224
757 100 1080,840,1224,1224
758 100 1080,840,1224,1224
759 100 1080,840,1224,1224
760 100 1080,840,1224,1224
761 100 1080,840,1224,1224
762 100 1080,840,1224,1200
763 100 1080,840,1224,1200
764 100 1080,840,1224,1200
765 100 1080,840,1224,1200
766 100 1080,840,1224,1200
767 100 1080,840,1224,1200
768 100 1080,840,1224,1200
769 100 1080,840,1224,1200
770 100 1080,840,1224,1200
771 100 1104,816,1224,1224
772 100 1104,816,1224,1224
773 100 1104,816,1224,1224
774 100 1104,816,1224,1224
775 100 1104,816,1224,1200
776 100 1104,816,1224,1200
777 100 1104,816,1224,1200
778 100 1104,816,1224,1200
779 100 1104,816,1224,1200
780 100 1104,816,1224,1200
781 100 1080,792,1224,1224
782 100 1080,792,1224,1200
783 100 1080,792,1224,1200
784 100 1080,792,1224,1200
785 100 1056,768,1224,1200
786 100 1056,768,1224,1200
787 100 1056,768,1224,1200
788 100 984,744,1224,1200
789 100 960,720,1224,1224
790 100 960,720,1224,1224
791 100 936,696,1224,1224
792 100 888,672,1224,1224
793 100 888,672,1224,1224
794 100 888,672,1224,1224
795 100 864,648,1224,1224
796 100 864,648,1224,1200
797 100 864,648,1224,1200
798 100 864,648,1224,1200
799 100 840,648,1224,1224
800 100 840,648,1224,1200
801 100 840,648,1224,1200
802 100 840,648,1224,1224
803 100 840,648,1224,1224
804 100 864,696,1224,1200
805 100 960,720,1224,1224
806 100 960,744,1224,1200
807 100 960,744,1224,1200
808 100 1032,768,1224,1200
809 100 1080,768,1224,1200
810 100 1080,768,1224,1200
811 100 1080,768,1224,1200
812 100 1104,768,1224,1200
813 100 1128,768,1224,1224
814 100 1128,768,1224,1224
815 100 1128,768,1224,1224
816 100 1128,768,1224,1224
817 100 1104,768,1224,1224
818 100 1104,768,1224,1224
819 100 1104,768,1224,1224
820 100 1104,768,1224,1224
821 100 1104,792,1224,1200
822 100 1104,792,1224,1200
823 100 1104,792,1224,1200
824 100 1104,792,1224,1200
825 100 1104,792,1224,1200
826 100 1104,792,1224,1200
827 100 1104,792,1224,1200
828 100 1104,792,1224,1200
829 100 1104,792,1224,1200
830 100 1128,792,1224,1200
831 100 1128,792,1224,1200
832 100 1128,792,1224,1200
833 100 1128,792,1224,1200
834 100 1128,792,1224,1200
835 100 1128,792,1224,1200
836 100 1128,792,1224,1200
837 100 1128,792,1224,1200
838 100 1128,792,1224,1200
839 100 1128,792,1224,1200
840 100 1128,792,1224,1200
841 100 1128,792,1224,1200
842 100 1128,792,1224,1200
843 100 1128,792,1224,1200
844 100 1128,792,1224,1200
845 100 1128,792,1224,1200
846 100 1128,792,1224,1200
847 100 1128,792,1224,1200
848 100 1128,792,1224,1200
849 100 1128,792,1224,1200
850 100 1128,792,1224,1200
851 100 1128,792,1224,1200
852 100 1152,792,1224,1200
853 100 1152,768,1224,1224
854 100 1152,768,1224,1224
855 100 1152,768,1224,1200
856 100 1152,768,1224,1200
857 100 1152,768,1224,1200
858 100 1152,768,1224,1200
859 100 1152,744,1224,1224
860 100 1176,744,1224,1224
861 100 1176,744,1224,1224
862 100 1176,744,1224,1224
863 100 1176,744,1224,1200
864 100 1176,744,1224,1200
865 100 1176,744,1224,1200
866 100 1176,744,1224,1200
867 100 1176,744,1224,1200
868 100 1176,720,1224,1224
869 100 1176,720,1224,1224
870 100 1176,720,1224,1224
871 100 1176,720,1224,1200
872 100 1200,696,1224,1200
873 100 1200,672,1224,1224
874 100 1200,672,1224,1224
875 100 1224,648,1224,1200
876 100 1224,648,1224,1200
877 100 1248,624,1224,1200
878 100 1248,600,1224,1224
879 100 1248,600,1224,1224
880 100 1272,576,1224,1224
881 100 1272,576,1224,1200
882 100 1272,576,1224,1200
883 100 1272,576,1224,1200
884 100 1272,552,1224,1224
885 100 1272,552,1224,1200
886 100 1272,552,1224,1200
887 100 1272,552,1224,1200
888 100 1272,552,1224,1200
889 100 1272,552,1224,1200
890 100 1272,552,1224,1200
891 100 1272,552,1224,1200
892 100 1272,552,1224,1200
893 100 1272,552,1224,1200
894 100 1272,552,1224,1200
895 100 1272,552,1224,1200
896 100 1272,552,1224,1200
897 100 1272,552,1224,1224
898 100 1272,552,1224,1224
899 100 1272,552,1224,1224
900 100 1272,552,1224,1224
901 100 1272,552,1224,1224
902 100 1272,552,1224,1224
903 100 1272,576,1224,1200
904 100 1272,576,1224,1200
905 100 1272,576,1224,1200
906 100 1272,576,1224,1224
907 100 1248,600,1224,1200
908 100 1248,600,1224,1200
909 100 1176,696,1224,1224
910 100 1176,720,1224,1224
911 100 1176,720,1224,1224
912 100 1152,744,1224,1200
913 100 1152,744,1224,1200
914 100 1152,744,1224,1200
915 100 1152,744,1224,1200
916 100 1152,744,1224,1224
917 100 1152,744,1224,1224
918 100 1152,744,1224,1224
919 100 1152,744,1224,1200
920 100 1152,744,1224,1200
921 100 1152,744,1224,1200
922 100 1152,744,1224,1224
923 100 1152,744,1224,1224
924 100 1152,744,1224,1224
925 100 1152,744,1224,1200
926 100 1152,744,1224,1200
927 100 1152,744,1224,1200
928 100 1152,744,1224,1224
929 100 1152,744,1224,1200
930 100 1152,744,1224,1200
931 100 1152,744,1224,1200
932 100 1152,744,1224,1224
933 100 1152,744,1224,1224
934 100 1152,744,1224,1224
935 100 1152,744,1224,1200
936 100 1152,744,1224,1200
937 100 1152,744,1224,1200
938 100 1152,744,1224,1200
939 100 1152,744,1224,1200
940 100 1152,744,1224,1200
941 100 1152,744,1224,1200
942 100 1152,744,1224,1200
943 100 1152,744,1224,1224
944 100 1128,744,1224,1224
945 100 1128,744,1224,1224
946 100 1128,744,1224,1224
947 100 1128,744,1224,1224
948 100 1128,744,1224,1224
949 100 1128,744,1224,1224
950 100 1128,744,1224,1224
951 100 1128,744,1224,1224
952 100 1128,768,1224,1200
953 100 1128,768,1224,1200
954 100 1128,768,1224,1200
955 100 1128,768,1224,1200
956 100 1104,768,1224,1224
957 100 1104,768,1224,1224
958 100 1104,792,1224,1200
959 100 1104,792,1224,1200
960 100 1104,792,1224,1200
961 100 1104,768,1224,1224
962 100 1104,768,1224,1224
963 100 1104,768,1224,1224
964 100 1104,768,1224,1224
965 100 1128,768,1224,1200
966 100 1128,744,1224,1224
967 100 1128,744,1224,1224
968 100 1176,696,1224,1200
969 100 1176,696,1224,1200
970 100 1176,696,1224,1200
971 100 1200,648,1224,1200
972 100 1200,648,1224,1200
973 100 1200,648,1224,1200
974 100 1200,624,1224,1200
975 100 1200,624,1224,1200
976 100 1200,624,1224,1200
977 100 1200,624,1224,1200
978 100 1224,600,1224,1224
979 100 1224,600,1224,1224
980 100 1224,600,1224,1224
981 100 1224,600,1224,1224
982 100 1224,600,1224,1200
983 100 1224,600,1224,1200
984 100 1224,600,1224,1200
985 100 1224,600,1224,1200
986 100 1224,600,1224,1200
987 100 1224,600,1224,1200
988 100 1224,600,1224,1200
989 100 1224,600,1224,1200
990 100 1224,600,1224,1200
991 100 1224,600,1224,1200
992 100 1224,600,1224,1200
993 100 1248,600,1224,1200
994 100 1248,576,1224,1224
995 100 1248,576,1224,1224
996 100 1272,528,1224,1200
997 100 1272,528,1224,1200
998 100 1272,528,1224,1200
999 100 1272,504,1224,1200
1000 100 1248,504,1224,1200
1001 100 1248,504,1224,1200
1002 100 1248,504,1224,1200
1003 100 1200,504,1224,1200
1004 100 1200,504,1224,1200
1005 100 1200,504,1224,1200
1006 100 1104,504,1224,1200
1007 100 1080,504,1224,1200
1008 100 1080,504,1224,1200
1009 100 984,480,1224,1200
1010 100 960,480,1224,1200
1011 100 960,480,1224,1200
1012 100 888,480,1224,1200
1013 100 888,480,1224,1200
1014 100 888,480,1224,1200
1015 100 792,480,1224,1200
1016 100 768,480,1224,1200
1017 100 768,480,1224,1200
1018 100 696,480,1224,1200
1019 100 696,480,1224,1224
1020 100 696,480,1224,1224
1021 100 648,504,1224,1200
1022 100 648,504,1224,1200
1023 100 648,504,1224,1200
1024 100 600,504,1224,1224
1025 100 576,504,1224,1224
1026 100 576,504,1224,1224
1027 100 528,528,1224,1200
1028 100 552,528,1224,1224
1029 100 552,528,1224,1224
1030 100 528,528,1224,1200
1031 100 528,528,1224,1200
1032 100 528,528,1224,1200
1033 100 504,528,1224,1200
1034 100 504,528,1224,1200
1035 100 504,528,1224,1200
1036 100 504,528,1224,1200
1037 100 480,528,1224,1200
1038 100 456,528,1224,1200
1039 100 456,528,1224,1200
1040 100 432,528,1224,1224
1041 100 432,528,1224,1224
1042 100 432,528,1224,1224
1043 100 384,528,1224,1224
1044 100 384,528,1224,1224
1045 100 384,528,1224,1224
1046 100 360,552,1224,1200
1047 100 336,552,1224,1200
1048 100 336,552,1224,1200
1049 100 312,552,1224,1224
1050 100 312,552,1224,1224
1051 100 312,552,1224,1224
1052 100 288,576,1224,1224
1053 100 264,576,1224,1224
1054 100 264,576,1224,1224
1055 100 264,576,1224,1224
1056 100 264,576,1224,1224
1057 100 264,576,1224,1224
1058 100 288,576,1224,1224
1059 100 288,600,1224,1200
1060 100 288,600,1224,1200
1061 100 360,600,1224,1224
1062 100 408,624,1224,1200
1063 100 408,624,1224,1200
1064 100 600,648,1224,1224
1065 100 624,672,1224,1200
1066 100 624,672,1224,1200
1067 100 840,696,1224,1200
1068 100 864,696,1224,1200
1069 100 984,672,1224,1200
1070 100 1008,672,1224,1200
1071 100 1080,672,1224,1200
1072 100 1080,648,1224,1224
1073 100 1080,648,1224,1224
1074 100 1104,648,1224,1200
1075 100 1104,648,1224,1200
1076 100 1104,648,1224,1200
1077 100 1104,648,1224,1200
1078 100 1104,648,1224,1200
1079 100 1104,648,1224,1200
1080 100 1104,648,1224,1200
1081 100 1104,648,1224,1200
1082 100 1128,648,1224,1200
1083 100 1152,648,1224,1200
1084 100 1176,624,1224,1200
1085 100 1176,624,1224,1200
1086 100 1176,624,1224,1200
1087 100 1200,624,1224,1200
1088 100 1200,624,1224,1200
1089 100 1200,624,1224,1200
1090 100 1176,624,1224,1200
1091 100 1176,624,1224,1200
1092 100 1176,624,1224,1200
1093 100 1152,624,1224,1200
1094 100 1152,600,1224,1224
1095 100 1152,600,1224,1224
1096 100 1128,600,1224,1224
1097 100 1128,600,1224,1224
1098 100 1128,600,1224,1224
1099 100 1104,600,1224,1224
1100 100 1104,600,1224,1224
1101 100 1104,600,1224,1224
1102 100 1080,624,1224,1200
1103 100 1080,624,1224,1200
1104 100 1080,624,1224,1200
1105 100 1056,624,1224,1200
1106 100 1056,624,1224,1200
1107 100 1056,624,1224,1200
1108 100 1032,624,1224,1200
1109 100 1032,624,1224,1200
1110 100 1032,624,1224,1200
1111 100 1032,624,1224,1200
1112 100 1008,624,1224,1200
1113 100 1008,624,1224,1200
1114 100 1008,624,1224,1200
1115 100 1008,624,1224,1200
1116 100 1008,624,1224,1200
1117 100 1008,624,1224,1200
1118 100 1008,624,1224,1200
1119 100 1008,624,1224,1200
1120 100 1008,624,1224,1200
1121 100 1008,600,1224,1224
1122 100 1008,600,1224,1224
1123 100 1008,600,1224,1224
1124 100 1008,600,1224,1200
1125 100 1008,600,1224,1200
1126 100 1008,600,1224,1200
1127 100 1008,600,1224,1200
1128 100 1008,576,1224,1224
1129 100 1008,576,1224,1224
1130 100 1008,576,1224,1224
1131 100 1008,576,1224,1200
1132 100 1008,576,1224,1200
1133 100 1008,576,1224,1200
1134 100 984,576,1224,1200
1135 100 984,576,1224,1200
1136 100 960,576,1224,1200
1137 100 960,576,1224,1200
1138 100 960,576,1224,1200
1139 100 960,576,1224,1200
1140 100 960,576,1224,1200
1141 100 960,576,1224,1200
1142 100 960,600,1224,1200
1143 100 960,600,1224,1200
1144 100 960,600,1224,1200
1145 100 984,624,1224,1200
1146 100 960,624,1224,1200
1147 100 960,624,1224,1200
1148 100 960,648,1224,1200
1149 100 936,648,1224,1200
1150 100 936,648,1224,1200
1151 100 912,696,1224,1200
1152 100 840,744,1224,1200
1153 100 840,744,1224,1224
1154 100 840,744,1224,1224
1155 100 792,768,1224,1200
1156 100 792,768,1224,1200
1157 100 744,792,1224,1200
1158 100 720,792,1224,1224
1159 100 720,792,1224,1224
1160 100 720,792,1224,1224
1161 100 696,816,1224,1200
1162 100 672,816,1224,1200
1163 100 672,816,1224,1200
1164 100 672,816,1224,1200
1165 100 672,816,1224,1200
1166 100 672,816,1224,1200
1167 100 672,816,1224,1200
1168 100 648,792,1224,1200
1169 100 648,792,1224,1200
1170 100 648,792,1224,1200
1171 100 600,768,1224,1224
1172 100 600,768,1224,1224
1173 100 600,768,1224,1224
1174 100 528,768,1224,1200
1175 100 528,768,1224,1200
1176 100 528,768,1224,1200
1177 100 504,744,1224,1224
1178 100 504,744,1224,1224
1179 100 504,744,1224,1224
1180 100 504,744,1224,1224
1181 100 504,744,1224,1200
1182 100 504,744,1224,1200
1183 100 504,744,1224,1200
1184 100 504,744,1224,1200
1185 100 504,744,1224,1200
1186 100 504,744,1224,1200
1187 100 504,744,1224,1200
1188 100 528,720,1224,1224
1189 100 528,720,1224,1224
1190 100 528,720,1224,1224
1191 100 504,720,1224,1200
1192 100 504,720,1224,1200
1193 100 504,720,1224,1200
1194 100 504,720,1224,1200
1195 100 504,720,1224,1200
1196 100 504,720,1224,1200
1197 100 504,720,1224,1200
1198 100 504,720,1224,1200
1199 100 504,696,1224,1224
1200 100 504,696,1224,1224
1201 100 504,696,1224,1224
1202 100 528,696,1224,1200
1203 100 528,696,1224,1200
1204 100 528,696,1224,1200
1205 100 552,696,1224,1200
1206 100 552,696,1224,1200
1207 100 552,696,1224,1200
1208 100 552,696,1224,1200
1209 100 552,672,1224,1224
1210 100 552,672,1224,1200
1211 100 576,672,1224,1200
1212 100 576,672,1224,1200
1213 100 648,648,1224,1200
1214 100 672,648,1224,1200
1215 100 696,624,1224,1200
1216 100 720,624,1224,1200
1217 100 720,624,1224,1200
1218 100 744,600,1224,1200
1219 100 768,600,1224,1200
1220 100 768,600,1224,1200
1221 100 792,600,1224,1200
1222 100 792,576,1224,1224
1223 100 792,576,1224,1224
1224 100 816,576,1224,1224
1225 100 816,576,1224,1224
1226 100 816,576,1224,1224
1227 100 840,576,1224,1224
1228 100 840,576,1224,1224
1229 100 840,576,1224,1224
1230 100 840,576,1224,1224
1231 100 840,576,1224,1224
1232 100 864,576,1224,1200
1233 100 864,576,1224,1200
1234 100 864,576,1224,1200
1235 100 864,576,1224,1200
1236 100 888,576,1224,1200
1237 100 888,576,1224,1200
1238 100 912,576,1224,1200
1239 100 936,576,1224,1200
1240 100 960,552,1224,1224
1241 100 960,552,1224,1224
1242 100 984,552,1224,1200
1243 100 984,552,1224,1200
1244 100 1008,552,1224,1224
1245 100 1008,552,1224,1224
1246 100 1008,552,1224,1224
1247 100 1032,552,1224,1224
1248 100 1032,552,1224,1224
1249 100 1032,552,1224,1224
1250 100 1056,552,1224,1224
1251 100 1056,552,1224,1224
1252 100 1056,552,1224,1224
1253 100 1056,576,1224,1200
1254 100 1056,576,1224,1200
1255 100 1056,576,1224,1200
1256 100 1080,576,1224,1200
1257 100 1080,576,1224,1200
1258 100 1080,576,1224,1200
1259 100 1080,600,1224,1200
1260 100 1080,600,1224,1200
1261 100 1080,600,1224,1200
1262 100 1104,600,1224,1224
1263 100 1104,600,1224,1224
1264 100 1104,600,1224,1224
1265 100 1128,624,1224,1200
1266 100 1128,624,1224,1224
1267 100 1128,624,1224,1224
1268 100 1128,648,1224,1200
1269 100 1152,648,1224,1200
1270 100 1152,648,1224,1200
1271 100 1152,672,1224,1200
1272 100 1152,672,1224,1200
1273 100 1152,672,1224,1200
1274 100 1152,672,1224,1224
1275 100 1152,672,1224,1224
1276 100 1152,696,1224,1200
1277 100 1152,696,1224,1200
1278 100 1152,696,1224,1200
1279 100 1176,696,1224,1224
1280 100 1176,696,1224,1224
1281 100 1176,696,1224,1224
1282 100 1176,696,1224,1224
1283 100 1176,696,1224,1224
1284 100 1176,720,1224,1200
1285 100 1176,720,1224,1200
1286 100 1176,720,1224,1200
1287 100 1176,720,1224,1224
1288 100 1176,744,1224,1200
1289 100 1176,744,1224,1200
1290 100 1176,744,1224,1200
1291 100 1176,744,1224,1200
1292 100 1176,744,1224,1200
1293 100 1176,744,1224,1200
1294 100 1176,744,1224,1200
1295 100 1176,744,1224,1200
1296 100 1176,744,1224,1200
1297 100 1152,744,1224,1200
1298 100 1152,744,1224,1200
1299 100 1152,744,1224,1200
1300 100 1152,744,1224,1224
1301 100 1152,744,1224,1224
1302 100 1152,744,1224,1224
1303 100 1152,744,1224,1224
1304 100 1152,744,1224,1224
1305 100 1152,768,1224,1200
1306 100 1152,768,1224,1200
1307 100 1152,768,1224,1200
1308 100 1152,768,1224,1200
1309 100 1152,768,1224,1200
1310 100 1152,768,1224,1200
1311 100 1152,768,1224,1200
1312 100 1152,768,1224,1200
1313 100 1152,768,1224,1200
1314 100 1152,768,1224,1200
1315 100 1152,768,1224,1200
1316 100 1152,768,1224,1200
1317 100 1152,768,1224,1200
1318 100 1152,768,1224,1200
1319 100 1152,768,1224,1200
1320 100 1152,768,1224,1200
1321 100 1152,768,1224,1200
1322 100 1152,768,1224,1200
1323 100 1152,768,1224,1200
1324 100 1176,744,1224,1224
1325 100 1176,744,1224,1224
1326 100 1176,744,1224,1224
1327 100 1176,744,1224,1200
1328 100 1200,744,1224,1200
1329 100 1200,744,1224,1200
1330 100 1224,744,1224,1200
1331 100 1224,720,1224,1224
1332 100 1224,720,1224,1224
1333 100 1272,720,1224,1200
1334 100 1296,720,1224,1200
1335 100 1296,720,1224,1200
1336 100 1344,720,1224,1200
1337 100 1344,720,1224,1200
1338 100 1344,720,1224,1200
1339 100 1368,696,1224,1224
1340 100 1368,696,1224,1200
1341 100 1368,696,1224,1200
1342 100 1368,696,1224,1200
1343 100 1368,696,1224,1200
1344 100 1368,696,1224,1200
1345 100 1392,696,1224,1200
1346 100 1416,696,1224,1200
1347 100 1440,672,1224,1224
1348 100 1440,672,1224,1224
1349 100 1512,672,1224,1200
1350 100 1512,672,1224,1200
1351 100 1512,672,1224,1200
1352 100 1584,648,1224,1224
1353 100 1584,648,1224,1224
1354 100 1584,648,1224,1224
1355 100 1608,648,1224,1200
1356 100 1608,648,1224,1224
1357 100 1608,648,1224,1224
1358 100 1608,648,1224,1200
1359 100 1608,648,1224,1224
1360 100 1608,648,1224,1224
1361 100 1632,648,1224,1200
1362 100 1632,648,1224,1200
1363 100 1632,648,1224,1200
1364 100 1632,648,1224,1200
1365 100 1632,648,1224,1200
1366 100 1656,648,1224,1200
1367 100 1656,648,1224,1200
1368 100 1680,648,1224,1224
1369 100 1680,648,1224,1224
1370 100 1680,648,1224,1224
1371 100 1704,648,1224,1224
1372 100 1680,648,1224,1200
1373 100 1680,648,1224,1200
1374 100 1632,600,1224,1224
1375 100 1632,600,1224,1200
1376 100 1584,552,1224,1200
1377 100 1584,552,1224,1200
1378 100 1536,528,1224,1200
1379 100 1536,528,1224,1200
1380 100 1536,528,1224,1200
1381 100 1512,504,1224,1224
1382 100 1512,504,1224,1200
1383 100 1512,504,1224,1200
1384 100 1488,504,1224,1200
1385 100 1488,504,1224,1200
1386 100 1488,504,1224,1200
1387 100 1464,504,1224,1200
1388 100 1464,504,1224,1200
1389 100 1464,504,1224,1200
1390 100 1440,504,1224,1200
1391 100 1440,480,1224,1224
1392 100 1440,480,1224,1224
1393 100 1416,480,1224,1200
1394 100 1416,480,1224,1200
1395 100 1416,480,1224,1200
1396 100 1368,456,1224,1200
1397 100 1368,456,1224,1200
1398 100 1344,432,1224,1200
1399 100 1344,432,1224,1200
1400 100 1320,408,1224,1200
1401 100 1320,408,1224,1200
1402 100 1296,408,1224,1200
1403 100 1296,408,1224,1200
1404 100 1296,384,1224,1224
1405 100 1296,384,1224,1224
1406 100 1296,408,1224,1200
1407 100 1296,408,1224,1200
1408 100 1296,408,1224,1200
1409 100 1296,408,1224,1200
1410 100 1296,408,1224,1200
1411 100 1296,408,1224,1200
1412 100 1296,384,1224,1224
1413 100 1296,384,1224,1224
1414 100 1296,384,1224,1224
1415 100 1296,384,1224,1224
1416 100 1296,384,1224,1200
1417 100 1296,384,1224,1200
1418 100 1296,384,1224,1200
1419 100 1320,384,1224,1200
1420 100 1320,384,1224,1200
1421 100 1320,384,1224,1200
1422 100 1320,384,1224,1200
1423 100 1320,360,1224,1224
1424 100 1320,360,1224,1224
1425 100 1320,360,1224,1224
1426 100 1320,360,1224,1224
1427 100 1320,384,1224,1200
1428 100 1320,384,1224,1200
1429 100 1320,384,1224,1200
1430 100 1320,384,1224,1200
1431 100 1344,384,1224,1200
1432 100 1344,384,1224,1200
1433 100 1344,384,1224,1200
1434 100 1368,384,1224,1224
1435 100 1368,384,1224,1224
1436 100 1392,408,1224,1200
1437 100 1416,408,1224,1200
1438 100 1416,408,1224,1200
1439 100 1416,408,1224,1200
1440 100 1416,408,1224,1224
1441 100 1416,408,1224,1224
1442 100 1416,408,1224,1224
1443 100 1440,432,1224,1200
1444 100 1440,432,1224,1200
1445 100 1440,432,1224,1200
1446 100 1440,432,1224,1200
1447 100 1440,432,1224,1200
1448 100 1440,432,1224,1200
1449 100 1440,432,1224,1200
1450 100 1440,432,1224,1200
1451 100 1440,432,1224,1200
1452 100 1464,432,1224,1200
1453 100 1464,432,1224,1200
1454 100 1464,432,1224,1200
1455 100 1464,432,1224,1200
1456 100 1464,408,1224,1224
1457 100 1464,408,1224,1224
1458 100 1488,408,1224,1200
1459 100 1488,408,1224,1200
1460 100 1488,408,1224,1200
1461 100 1488,384,1224,1224
1462 100 1488,384,1224,1200
1463 100 1488,384,1224,1200
1464 100 1512,384,1224,1200
1465 100 1512,384,1224,1200
1466 100 1512,384,1224,1200
1467 100 1536,384,1224,1200
1468 100 1536,384,1224,1200
1469 100 1536,384,1224,1200
1470 100 1536,384,1224,1200
1471 100 1560,384,1224,1200
1472 100 1584,384,1224,1200
1473 100 1584,384,1224,1200
1474 100 1608,384,1224,1200
1475 100 1608,384,1224,1200
1476 100 1608,384,1224,1200
1477 100 1632,384,1224,1200
1478 100 1632,384,1224,1200
1479 100 1632,384,1224,1200
1480 100 1656,384,1224,1224
1481 100 1656,384,1224,1224
1482 100 1656,384,1224,1224
1483 100 1656,408,1224,1200
1484 100 1656,408,1224,1200
1485 100 1632,432,1224,1200
1486 100 1632,432,1224,1200
1487 100 1632,432,1224,1224
1488 100 1632,456,1224,1200
1489 100 1608,456,1224,1200
1490 100 1608,456,1224,1200
1491 100 1584,480,1224,1200
1492 100 1584,480,1224,1224
1493 100 1584,480,1224,1224
1494 100 1536,528,1224,1200
1495 100 1512,528,1224,1224
1496 100 1512,528,1224,1224
1497 100 1464,552,1224,1200
1498 100 1464,552,1224,1200
1499 100 1464,552,1224,1200
1500 100 1440,576,1224,1200
1501 100 1440,576,1224,1200
1502 100 1440,576,1224,1200
1503 100 1416,576,1224,1224
1504 100 1416,576,1224,1224
1505 100 1416,576,1224,1224
1506 100 1392,600,1224,1200
1507 100 1392,600,1224,1200
1508 100 1392,600,1224,1200
1509 100 1368,624,1224,1200
1510 100 1368,624,1224,1200
1511 100 1368,624,1224,1200
1512 100 1368,624,1224,1200
1513 100 1368,624,1224,1200
1514 100 1320,648,1224,1200
1515 100 1320,648,1224,1200
1516 100 1320,648,1224,1200
1517 100 1320,648,1224,1200
1518 100 1320,648,1224,1200
1519 100 1320,648,1224,1200
1520 100 1296,648,1224,1200
1521 100 1296,648,1224,1200
1522 100 1296,648,1224,1200
1523 100 1272,648,1224,1200
1524 100 1272,648,1224,1200
1525 100 1272,648,1224,1200
1526 100 1248,648,1224,1200
1527 100 1248,648,1224,1200
1528 100 1248,648,1224,1200
1529 100 1224,648,1224,1224
1530 100 1224,648,1224,1224
1531 100 1224,648,1224,1224
1532 100 1200,672,1224,1200
1533 100 1200,672,1224,1200
1534 100 1200,672,1224,1200
1535 100 1200,672,1224,1200
1536 100 1200,672,1224,1200
1537 100 1200,672,1224,1200
1538 100 1200,672,1224,1200
1539 100 1224,648,1224,1224
1540 100 1224,648,1224,1224
1541 100 1224,648,1224,1224
1542 100 1248,648,1224,1200
1543 100 1248,648,1224,1200
1544 100 1272,648,1224,1200
1545 100 1272,624,1224,1224
1546 100 1272,624,1224,1200
1547 100 1272,624,1224,1200
1548 100 1296,600,1224,1200
1549 100 1296,600,1224,1200
1550 100 1320,552,1224,1224
1551 100 1320,552,1224,1224
1552 100 1320,552,1224,1200
1553 100 1320,552,1224,1200
1554 100 1320,528,1224,1200
1555 100 1320,528,1224,1200
1556 100 1320,504,1224,1200
1557 100 1320,504,1224,1200
1558 100 1320,504,1224,1200
1559 100 1272,408,1224,1224
1560 100 1272,408,1224,1200
1561 100 1248,384,1224,1200
1562 100 1248,384,1224,1200
1563 100 1248,384,1224,1200
1564 100 1248,360,1224,1224
1565 100 1248,360,1224,1200
1566 100 1248,360,1224,1200
1567 100 1224,360,1224,1200
1568 100 1224,360,1224,1200
1569 100 1224,336,1224,1224
1570 100 1224,336,1224,1200
1571 100 1224,336,1224,1200
1572 100 1224,336,1224,1200
1573 100 1200,312,1224,1200
1574 100 1200,312,1224,1200
1575 100 1200,312,1224,1200
1576 100 1200,312,1224,1200
1577 100 1200,312,1224,1200
1578 100 1200,312,1224,1200
1579 100 1200,312,1224,1200
1580 100 1200,312,1224,1200
1581 100 1200,312,1224,1200
1582 100 1200,312,1224,1200
1583 100 1176,312,1224,1200
1584 100 1176,312,1224,1200
1585 100 1176,312,1224,1200
1586 100 1176,312,1224,1200
1587 100 1176,288,1224,1224
1588 100 1176,288,1224,1224
1589 100 1176,288,1224,1200
1590 100 1176,288,1224,1200
1591 100 1176,288,1224,1200
1592 100 1176,288,1224,1200
1593 100 1176,288,1224,1200
1594 100 1176,288,1224,1200
1595 100 1176,288,1224,1200
1596 100 1176,288,1224,1200
1597 100 1152,264,1224,1224
1598 100 1176,264,1224,1224
1599 100 1176,288,1224,1200
1600 100 1176,288,1224,1200
1601 100 1176,288,1224,1200
1602 100 1176,288,1224,1200
1603 100 1176,288,1224,1200
1604 100 1176,288,1224,1200
1605 100 1176,288,1224,1224
1606 100 1200,288,1224,1224
1607 100 1200,312,1224,1200
1608 100 1224,312,1224,1200
1609 100 1248,336,1224,1200
1610 100 1248,336,1224,1200
1611 100 1272,360,1224,1200
1612 100 1272,360,1224,1200
1613 100 1296,384,1224,1200
1614 100 1296,384,1224,1200
1615 100 1296,384,1224,1224
1616 100 1320,408,1224,1200
1617 100 1320,432,1224,1200
1618 100 1344,432,1224,1224
1619 100 1368,504,1224,1200
1620 100 1368,504,1224,1200
1621 100 1344,528,1224,1224
1622 100 1344,552,1224,1200
1623 100 1320,576,1224,1200
1624 100 1320,576,1224,1200
1625 100 1296,600,1224,1200
1626 100 1296,600,1224,1200
1627 100 1296,600,1224,1224
1628 100 1296,600,1224,1224
1629 100 1296,624,1224,1200
1630 100 1272,624,1224,1200
1631 100 1296,624,1224,1200
1632 100 1296,624,1224,1200
1633 100 1272,624,1224,1224
1634 100 1272,624,1224,1224
1635 100 1272,648,1224,1200
1636 100 1272,648,1224,1200
1637 100 1296,648,1224,1200
1638 100 1296,648,1224,1200
1639 100 1320,648,1224,1200
1640 100 1320,648,1224,1200
1641 100 1320,648,1224,1200
1642 100 1320,648,1224,1200
1643 100 1320,648,1224,1224
1644 100 1320,648,1224,1224
1645 100 1344,648,1224,1224
1646 100 1344,648,1224,1224
1647 100 1344,648,1224,1224
1648 100 1344,648,1224,1200
1649 100 1368,648,1224,1200
1650 100 1368,648,1224,1200
1651 100 1392,648,1224,1200
1652 100 1392,648,1224,1200
1653 100 1392,648,1224,1200
1654 100 1416,624,1224,1224
1655 100 1416,624,1224,1224
1656 100 1440,624,1224,1200
1657 100 1440,624,1224,1200
1658 100 1464,600,1224,1224
1659 100 1464,600,1224,1224
1660 100 1488,600,1224,1200
1661 100 1488,600,1224,1200
1662 100 1488,600,1224,1200
1663 100 1512,576,1224,1224
1664 100 1512,576,1224,1200
1665 100 1512,576,1224,1200
1666 100 1536,552,1224,1224
1667 100 1560,552,1224,1224
1668 100 1560,552,1224,1200
1669 100 1560,552,1224,1200
1670 100 1584,528,1224,1200
1671 100 1584,528,1224,1200
1672 100 1560,504,1224,1224
1673 100 1560,504,1224,1200
1674 100 1560,480,1224,1200
1675 100 1560,480,1224,1200
1676 100 1536,432,1224,1224
1677 100 1536,432,1224,1200
1678 100 1536,408,1224,1200
1679 100 1536,384,1224,1224
1680 100 1536,360,1224,1224
1681 100 1536,360,1224,1224
1682 100 1512,336,1224,1224
1683 100 1512,336,1224,1200
1684 100 1488,312,1224,1224
1685 100 1488,312,1224,1224
1686 100 1488,312,1224,1200
1687 100 1488,288,1224,1224
1688 100 1464,288,1224,1200
1689 100 1464,288,1224,1200
1690 100 1464,264,1224,1224
1691 100 1464,264,1224,1224
1692 100 1464,264,1224,1200
1693 100 1464,264,1224,1200
1694 100 1440,264,1224,1200
1695 100 1440,264,1224,1200
1696 100 1464,264,1224,1224
1697 100 1464,264,1224,1224
1698 100 1440,264,1224,1200
1699 100 1440,264,1224,1200
1700 100 1416,240,1224,1224
1701 100 1416,240,1224,1200
1702 100 1392,240,1224,1200
1703 100 1368,240,1224,1200
1704 100 1344,240,1224,1200
1705 100 1344,240,1224,1200
1706 100 1320,240,1224,1200
1707 100 1320,240,1224,1200
1708 100 1296,240,1224,1200
1709 100 1296,240,1224,1200
1710 100 1272,240,1224,1200
1711 100 1272,240,1224,1200
1712 100 1272,240,1224,1200
1713 100 1272,240,1224,1200
1714 100 1248,240,1224,1200
1715 100 1248,240,1224,1200
1716 100 1224,216,1224,1224
1717 100 1224,216,1224,1200
1718 100 1200,216,1224,1200
1719 100 1200,216,1224,1200
1720 100 1176,216,1224,1200
1721 100 1176,216,1224,1200
1722 100 1152,192,1224,1224
1723 100 1152,192,1224,1224
1724 100 1128,192,1224,1200
1725 100 1128,192,1224,1200
1726 100 1128,192,1224,1224
1727 100 1128,216,1224,1200
1728 100 1128,216,1224,1200
1729 100 1128,216,1224,1200
1730 100 1152,216,1224,1224
1731 100 1152,216,1224,1224
1732 100 1152,240,1224,1200
1733 100 1152,240,1224,1200
1734 100 1176,240,1224,1224
1735 100 1176,240,1224,1224
1736 100 1176,264,1224,1200
1737 100 1176,264,1224,1200
1738 100 1176,264,1224,1200
1739 100 1176,264,1224,1224
1740 100 1176,288,1224,1200
1741 100 1176,288,1224,1200
1742 100 1200,336,1224,1200
1743 100 1224,336,1224,1200
1744 100 1272,408,1224,1200
1745 100 1272,408,1224,1224
1746 100 1272,432,1224,1224
1747 100 1272,432,1224,1224
1748 100 1272,456,1224,1200
1749 100 1272,456,1224,1200
1750 100 1296,456,1224,1224
1751 100 1272,456,1224,1200
1752 100 1296,480,1224,1200
1753 100 1296,480,1224,1200
1754 100 1272,480,1224,1200
1755 100 1272,480,1224,1200
1756 100 1272,480,1224,1200
1757 100 1272,456,1224,1224
1758 100 1248,456,1224,1224
1759 100 1248,432,1224,1224
1760 100 1248,432,1224,1200
1761 100 1224,408,1224,1224
1762 100 1224,408,1224,1224
1763 100 1224,384,1224,1200
1764 100 1224,384,1224,1200
1765 100 1200,336,1224,1224
1766 100 1200,336,1224,1200
1767 100 1176,312,1224,1224
1768 100 1176,312,1224,1200
1769 100 1176,288,1224,1224
1770 100 1176,288,1224,1200
1771 100 1152,288,1224,1200
1772 100 1152,288,1224,1200
1773 100 1152,264,1224,1200
1774 100 1152,264,1224,1200
1775 100 1152,264,1224,1200
1776 100 1152,264,1224,1200
1777 100 1152,240,1224,1224
1778 100 1152,240,1224,1224
1779 100 1152,240,1224,1200
1780 100 1152,240,1224,1200
1781 100 1152,240,1224,1200
1782 100 1152,240,1224,1200
1783 100 1152,240,1224,1200
1784 100 1152,240,1224,1200
1785 100 1176,240,1224,1200
1786 100 1176,240,1224,1200
1787 100 1200,240,1224,1200
1788 100 1200,240,1224,1200
1789 100 1200,240,1224,1200
1790 100 1200,216,1224,1224
1791 100 1224,240,1224,1200
1792 100 1248,216,1224,1224
1793 100 1248,216,1224,1224
1794 100 1248,216,1224,1224
1795 100 1272,240,1224,1200
1796 100 1272,240,1224,1200
1797 100 1272,240,1224,1200
1798 100 1272,216,1224,1224
1799 100 1272,216,1224,1224
1800 100 1272,216,1224,1224
1801 100 1272,216,1224,1224
1802 100 1272,216,1224,1224
1803 100 1272,216,1224,1200
1804 100 1272,216,1224,1200
1805 100 1272,216,1224,1200
1806 100 1272,216,1224,1200
1807 100 1272,216,1224,1200
1808 100 1272,216,1224,1200
1809 100 1272,216,1224,1200
1810 100 1272,216,1224,1200
1811 100 1296,216,1224,1200
1812 100 1296,216,1224,1224
1813 100 1272,216,1224,1200
1814 100 1272,216,1224,1200
1815 100 1272,216,1224,1200
1816 100 1248,216,1224,1200
1817 100 1248,192,1224,1224
1818 100 1224,192,1224,1224
1819 100 1224,192,1224,1224
1820 100 1224,192,1224,1224
1821 100 1200,192,1224,1224
1822 100 1200,192,1224,1224
1823 100 1200,192,1224,1200
1824 100 1200,192,1224,1200
1825 100 1200,192,1224,1200
1826 100 1200,192,1224,1200
1827 100 1200,192,1224,1200
1828 100 1200,192,1224,1200
1829 100 1200,192,1224,1200
1830 100 1176,192,1224,1200
1831 100 1176,192,1224,1200
1832 100 1176,168,1224,1224
1833 100 1176,168,1224,1224
1834 100 1176,168,1224,1200
1835 100 1176,168,1224,1200
1836 100 1176,168,1224,1200
1837 100 1176,168,1224,1200
1838 100 1176,168,1224,1200
1839 100 1176,168,1224,1200
1840 100 1176,168,1224,1200
1841 100 1176,168,1224,1200
1842 100 1200,168,1224,1224
1843 100 1200,168,1224,1224
1844 100 1200,192,1224,1200
1845 100 1224,192,1224,1200
1846 100 1224,192,1224,1224
1847 100 1224,192,1224,1224
1848 100 1224,216,1224,1200
1849 100 1224,216,1224,1200
1850 100 1200,216,1224,1200
1851 100 1224,216,1224,1200
1852 100 1200,216,1224,1224
1853 100 1200,216,1224,1224
1854 100 1200,216,1224,1224
1855 100 1200,216,1224,1224
1856 100 1200,216,1224,1224
1857 100 1200,216,1224,1224
1858 100 1200,216,1224,1224
1859 100 1200,216,1224,1224
1860 100 1200,240,1224,1224
1861 100 1200,240,1224,1224
1862 100 1200,240,1224,1224
1863 100 1200,240,1224,1224
1864 100 1176,216,1224,1248
1865 100 1176,216,1224,1248
1866 100 1152,216,1224,1248
1867 100 1152,216,1224,1248
1868 100 1152,216,1224,1248
1869 100 1152,216,1224,1248
1870 100 1152,216,1224,1248
1871 100 1152,216,1224,1248
1872 100 1176,240,1224,1224
1873 100 1176,240,1224,1224
1874 100 1200,240,1224,1224
1875 100 1200,240,1224,1224
1876 100 1200,240,1224,1224
1877 100 1200,240,1224,1224
1878 100 1200,240,1224,1224
1879 100 1200,240,1224,1248
1880 100 1200,240,1224,1248
1881 100 1200,240,1224,1224
1882 100 1200,240,1224,1224
1883 100 1200,240,1224,1224
1884 100 1200,240,1224,1224
1885 100 1200,240,1224,1224
1886 100 1200,240,1224,1224
1887 100 1224,240,1224,1248
1888 100 1224,240,1224,1248
1889 100 1224,240,1224,1248
1890 100 1224,240,1224,1248
1891 100 1224,240,1224,1248
1892 100 1224,240,1224,1248
1893 100 1224,240,1224,1248
1894 100 1224,240,1224,1248
1895 100 1248,240,1224,1248
1896 100 1248,240,1224,1248
1897 100 1248,264,1224,1224
1898 100 1248,264,1224,1224
1899 100 1248,264,1224,1224
1900 100 1248,264,1224,1224
1901 100 1272,288,1224,1248
1902 100 1272,288,1224,1248
1903 100 1320,336,1224,1272
1904 100 1320,336,1224,1296
1905 100 1272,384,1224,1320
1906 100 1272,384,1224,1320
1907 100 1248,432,1224,1368
1908 100 1248,432,1224,1368
1909 100 1296,480,1224,1320
1910 100 1296,456,1224,1320
1911 100 1344,456,1224,1272
1912 100 1344,456,1224,1272
1913 100 1392,456,1224,1224
1914 100 1392,456,1224,1224
1915 100 1344,432,1224,1224
1916 100 1344,432,1224,1200
1917 100 1272,432,1224,1224
1918 100 1272,432,1224,1224
1919 100 1248,432,1224,1248
1920 100 1248,432,1224,1248
1921 100 1248,456,1224,1248
1922 100 1248,456,1224,1248
1923 100 1248,456,1224,1224
1924 100 1248,456,1224,1224
1925 100 1272,456,1224,1200
1926 100 1296,432,1224,1224
1927 100 1320,432,1224,1224
1928 100 1320,432,1224,1224
1929 100 1368,432,1224,1200
1930 100 1368,432,1224,1200
1931 100 1416,432,1224,1200
1932 100 1440,432,1224,1200
1933 100 1464,432,1224,1200
1934 100 1464,432,1224,1200
1935 100 1440,408,1224,1200
1936 100 1440,408,1224,1200
1937 100 1440,384,1224,1200
1938 100 1440,384,1224,1200
1939 100 1440,360,1224,1200
1940 100 1440,360,1224,1200
1941 100 1488,336,1224,1224
1942 100 1488,336,1224,1224
1943 100 1536,360,1224,1200
1944 100 1536,360,1224,1200
1945 100 1584,360,1224,1200
1946 100 1608,360,1224,1200
1947 100 1632,360,1224,1200
1948 100 1632,360,1224,1200
1949 100 1608,360,1224,1200
1950 100 1608,360,1224,1200
1951 100 1608,360,1224,1200
1952 100 1608,360,1224,1200
1953 100 1608,360,1224,1200
1954 100 1632,336,1224,1224
1955 100 1632,336,1224,1200
1956 100 1632,336,1224,1200
1957 100 1632,312,1224,1200
1958 100 1656,312,1224,1200
1959 100 1656,312,1224,1200
1960 100 1632,288,1224,1224
1961 100 1632,312,1224,1200
1962 100 1632,312,1224,1200
1963 100 1584,312,1224,1200
1964 100 1536,336,1224,1200
1965 100 1512,336,1224,1200
1966 100 1488,336,1224,1224
1967 100 1440,336,1224,1200
1968 100 1440,336,1224,1200
1969 100 1416,336,1224,1200
1970 100 1416,336,1224,1200
1971 100 1416,336,1224,1200
1972 100 1416,312,1224,1224
1973 100 1416,312,1224,1200
1974 100 1392,312,1224,1200
1975 100 1392,312,1224,1200
1976 100 1392,312,1224,1200
1977 100 1416,312,1224,1200
1978 100 1392,312,1224,1200
1979 100 1392,312,1224,1200
1980 100 1392,312,1224,1200
1981 100 1392,288,1224,1224
1982 100 1392,288,1224,1200
1983 100 1392,288,1224,1200
1984 100 1392,288,1224,1200
1985 100 1392,288,1224,1200
1986 100 1392,288,1224,1200
1987 100 1392,264,1224,1224
1988 100 1392,264,1224,1200
1989 100 1392,264,1224,1200
1990 100 1392,264,1224,1200
1991 100 1392,264,1224,1200
1992 100 1392,264,1224,1200
1993 100 1392,264,1224,1200
1994 100 1392,240,1224,1224
1995 100 1392,240,1224,1200
1996 100 1392,240,1224,1200
1997 100 1416,240,1224,1200
1998 100 1416,240,1224,1200
1999 100 1416,240,1224,1200
2000 100 1392,216,1224,1224
2001 100 1392,216,1224,1224
2002 100 1416,216,1224,1224
2003 100 1416,216,1224,1224
2004 100 1416,216,1224,1224
2005 100 1416,216,1224,1224
2006 100 1416,216,1224,1224
2007 100 1416,216,1224,1200
2008 100 1440,216,1224,1200
2009 100 1440,216,1224,1200
2010 100 1440,192,1224,1224
2011 100 1440,192,1224,1224
2012 100 1440,192,1224,1200
2013 100 1440,192,1224,1200
2014 100 1440,192,1224,1200
2015 100 1440,192,1224,1200
2016 100 1440,192,1224,1200
2017 100 1440,168,1224,1224
2018 100 1440,168,1224,1224
2019 100 1440,168,1224,1224
2020 100 1440,168,1224,1200
2021 100 1440,168,1224,1200
2022 100 1440,168,1224,1200
2023 100 1440,168,1224,1200
2024 100 1440,168,1224,1200
2025 100 1440,144,1224,1224
2026 100 1440,144,1224,1224
2027 100 1440,144,1224,1224
2028 100 1440,144,1224,1224
2029 100 1440,144,1224,1224
2030 100 1440,144,1224,1224
2031 100 1440,144,1224,1224
2032 100 1464,144,1224,1224
2033 100 1464,144,1224,1224
2034 100 1464,144,1224,1224
2035 100 1464,144,1224,1224
2036 100 1464,144,1224,1224
2037 100 1464,144,1224,1224
2038 100 1464,144,1224,1224
2039 100 1464,144,1224,1200
2040 100 1464,144,1224,1224
2041 100 1464,144,1224,1224
2042 100 1464,144,1224,1224
2043 100 1464,144,1224,1224
2044 100 1464,144,1224,1224
2045 100 1464,144,1224,1224
2046 100 1464,144,1224,1224
2047 100 1464,144,1224,1224
2048 100 1464,144,1224,1224
2049 100 1488,144,1224,1224
2050 100 1488,144,1224,1224
2051 100 1512,168,1224,1200
2052 100 1560,168,1224,1224
2053 100 1560,168,1224,1224
2054 100 1560,192,1224,1200
2055 100 1584,192,1224,1200
2056 100 1584,192,1224,1200
2057 100 1584,192,1224,1200
2058 100 1584,192,1224,1224
2059 100 1584,192,1224,1224
2060 100 1584,216,1224,1200
2061 100 1584,216,1224,1200
2062 100 1584,216,1224,1200
2063 100 1584,216,1224,1224
2064 100 1584,240,1224,1200
2065 100 1560,264,1224,1200
2066 100 1536,264,1224,1224
2067 100 1512,264,1224,1224
2068 100 1512,264,1224,1224
2069 100 1536,288,1224,1200
2070 100 1536,288,1224,1200
2071 100 1536,288,1224,1224
2072 100 1512,288,1224,1224
2073 100 1512,288,1224,1224
2074 100 1512,312,1224,1200
2075 100 1488,312,1224,1200
2076 100 1488,312,1224,1224
2077 100 1464,336,1224,1200
2078 100 1464,336,1224,1200
2079 100 1440,336,1224,1224
2080 100 1440,360,1224,1200
2081 100 1416,360,1224,1200
2082 100 1416,360,1224,1224
2083 100 1392,384,1224,1200
2084 100 1392,408,1224,1200
2085 100 1392,408,1224,1200
2086 100 1392,432,1224,1200
2087 100 1392,456,1224,1200
2088 100 1392,456,1224,1224
2089 100 1416,504,1224,1200
2090 100 1416,504,1224,1224
2091 100 1416,528,1224,1200
2092 100 1416,552,1224,1224
2093 100 1416,576,1224,1224
2094 100 1392,600,1224,1200
2095 100 1392,624,1224,1200
2096 100 1392,624,1224,1200
2097 100 1392,648,1224,1200
2098 100 1368,648,1224,1200
2099 100 1368,648,1224,1200
