0 100 168,504,1224,1224
1 100 168,504,1224,1224
2 100 168,504,1224,1224
3 100 168,528,1224,1200
4 100 168,504,1224,1224
5 100 168,504,1224,1224
6 100 168,504,1224,1224
7 100 168,504,1224,1224
8 100 168,504,1224,1224
9 100 168,528,1224,1200
10 100 168,528,1224,1200
11 100 168,528,1224,1200
12 100 168,528,1224,1200
13 100 168,528,1224,1200
14 100 168,528,1224,1200
15 100 168,528,1224,1200
16 100 168,528,1224,1200
17 100 168,528,1224,1200
18 100 168,528,1224,1200
19 100 168,528,1224,1200
20 100 144,528,1224,1224
21 100 144,552,1224,1200
22 100 144,552,1224,1200
23 100 144,576,1224,1200
24 100 120,600,1224,1200
25 100 96,624,1224,1200
26 100 48,672,1224,1200
27 100 0,720,1224,1224
28 100 0,792,1224,1200
29 100 0,840,1224,1200
30 100 0,864,1224,1224
31 100 0,912,1224,1200
32 100 0,936,1224,1200
33 100 72,960,1224,1200
34 100 0,984,1224,1176
35 100 1632,984,1224,1176
36 100 1440,984,1224,1176
37 100 1008,1008,1224,1152
38 100 0,1008,1224,1152
39 100 0,1008,1224,1152
40 100 0,1008,1224,1152
41 100 0,1008,1224,1152
42 100 0,1008,1224,1152
43 100 0,1008,1224,1152
44 100 480,1008,1224,1152
45 100 1344,984,1224,1176
46 100 2088,960,1224,1200
47 100 96,960,1224,1200
48 100 24,936,1224,1224
49 100 24,912,1224,1224
50 100 2952,888,1224,1224
51 100 72,888,1224,1224
52 100 216,864,1224,1248
53 100 0,864,1224,1224
54 100 264,864,1224,1224
55 100 72,840,1224,1224
56 100 3312,816,1224,1224
57 100 3216,816,1224,1200
58 100 96,792,1224,1224
59 100 3480,768,1224,1224
60 100 3336,768,1224,1200
61 100 48,744,1224,1224
62 100 3552,720,1224,1224
63 100 3408,720,1224,1200
64 100 48,696,1224,1224
65 100 3576,672,1224,1224
66 100 3576,648,1224,1224
67 100 3384,648,1224,1200
68 100 3432,648,1224,1200
69 100 3480,648,1224,1200
70 100 3480,648,1224,1200
71 100 3576,648,1224,1200
72 100 0,624,1224,1224
73 100 3432,624,1224,1200
74 100 3552,624,1224,1200
75 100 3600,600,1224,1224
76 100 3600,600,1224,1224
77 100 3552,624,1224,1200
78 100 3504,624,1224,1200
79 100 3480,624,1224,1200
80 100 3408,624,1224,1200
81 100 3384,624,1224,1200
82 100 120,624,1224,1224
83 100 96,648,1224,1200
84 100 72,648,1224,1200
85 100 0,672,1224,1200
86 100 24,672,1224,1200
87 100 24,696,1224,1200
88 100 24,696,1224,1200
89 100 24,696,1224,1224
90 100 0,696,1224,1224
91 100 48,696,1224,1224
92 100 96,720,1224,1200
93 100 144,720,1224,1200
94 100 216,696,1224,1224
95 100 264,696,1224,1224
96 100 336,696,1224,1200
97 100 384,696,1224,1200
98 100 432,696,1224,1200
99 100 480,696,1224,1200
100 100 528,696,1224,1200
101 100 576,696,1224,1200
102 100 624,696,1224,1200
103 100 648,696,1224,1200
104 100 672,696,1224,1224
105 100 720,696,1224,1224
106 100 744,696,1224,1224
107 100 792,720,1224,1200
108 100 816,720,1224,1200
109 100 840,720,1224,1200
110 100 888,720,1224,1224
111 100 912,720,1224,1224
112 100 960,720,1224,1224
113 100 984,720,1224,1224
114 100 1032,720,1224,1200
115 100 1056,720,1224,1200
116 100 1080,720,1224,1200
117 100 1080,720,1224,1200
118 100 1104,696,1224,1224
119 100 1128,696,1224,1200
120 100 1152,696,1224,1200
121 100 1152,696,1224,1200
122 100 1176,696,1224,1200
123 100 1176,720,1224,1200
124 100 1176,720,1224,1200
125 100 1200,720,1224,1200
126 100 1200,720,1224,1200
127 100 1224,696,1224,1224
128 100 1248,696,1224,1200
129 100 1248,696,1224,1200
130 100 1248,696,1224,1224
131 100 1248,696,1224,1224
132 100 1248,720,1224,1200
133 100 1248,720,1224,1224
134 100 1248,744,1224,1200
135 100 1248,744,1224,1200
136 100 1248,744,1224,1200
137 100 1248,744,1224,1200
138 100 1248,744,1224,1200
139 100 1248,744,1224,1200
140 100 1272,744,1224,1224
141 100 1272,744,1224,1200
142 100 1296,744,1224,1200
143 100 1296,744,1224,1200
144 100 1272,744,1224,1200
145 100 1272,744,1224,1224
146 100 1272,768,1224,1200
147 100 1272,768,1224,1200
148 100 1272,744,1224,1224
149 100 1272,744,1224,1200
150 100 1272,744,1224,1200
151 100 1272,744,1224,1200
152 100 1248,744,1224,1224
153 100 1248,744,1224,1224
154 100 1248,744,1224,1224
155 100 1248,768,1224,1200
156 100 1248,768,1224,1200
157 100 1248,744,1224,1224
158 100 1272,744,1224,1224
159 100 1272,744,1224,1200
160 100 1296,744,1224,1200
161 100 1320,744,1224,1200
162 100 1320,744,1224,1224
163 100 1344,768,1224,1200
164 100 1368,768,1224,1200
165 100 1392,768,1224,1200
166 100 1416,768,1224,1200
167 100 1416,768,1224,1200
168 100 1440,768,1224,1200
169 100 1464,744,1224,1224
170 100 1464,768,1224,1200
171 100 1464,768,1224,1200
172 100 1488,768,1224,1200
173 100 1512,768,1224,1200
174 100 1512,768,1224,1200
175 100 1512,768,1224,1200
176 100 1536,768,1224,1200
177 100 1536,744,1224,1224
178 100 1536,744,1224,1224
179 100 1560,744,1224,1224
180 100 1560,744,1224,1224
181 100 1560,768,1224,1200
182 100 1584,744,1224,1224
183 100 1584,744,1224,1224
184 100 1584,744,1224,1224
185 100 1584,744,1224,1224
186 100 1584,744,1224,1224
187 100 1584,744,1224,1224
188 100 1584,768,1224,1200
189 100 1560,768,1224,1200
190 100 1536,768,1224,1200
191 100 1488,768,1224,1200
192 100 1440,768,1224,1224
193 100 1392,792,1224,1200
194 100 1344,792,1224,1200
195 100 1296,792,1224,1224
196 100 1272,792,1224,1224
197 100 1224,816,1224,1200
198 100 1200,816,1224,1200
199 100 1152,816,1224,1200
200 100 1128,816,1224,1224
201 100 1080,840,1224,1200
202 100 1056,840,1224,1200
203 100 1032,840,1224,1224
204 100 1008,840,1224,1224
205 100 984,864,1224,1200
206 100 960,864,1224,1200
207 100 936,864,1224,1200
208 100 912,864,1224,1224
209 100 912,864,1224,1224
210 100 888,864,1224,1200
211 100 888,864,1224,1200
212 100 888,864,1224,1200
213 100 888,864,1224,1200
214 100 888,864,1224,1200
215 100 888,864,1224,1200
216 100 888,864,1224,1200
217 100 888,840,1224,1224
218 100 888,864,1224,1200
219 100 888,864,1224,1200
220 100 888,864,1224,1200
221 100 888,840,1224,1224
222 100 912,840,1224,1200
223 100 936,816,1224,1200
224 100 936,816,1224,1200
225 100 936,816,1224,1200
226 100 960,816,1224,1200
227 100 960,816,1224,1200
228 100 960,792,1224,1224
229 100 984,792,1224,1224
230 100 960,816,1224,1200
231 100 960,816,1224,1200
232 100 960,816,1224,1224
233 100 960,816,1224,1224
234 100 984,816,1224,1200
235 100 984,792,1224,1224
236 100 984,816,1224,1200
237 100 984,816,1224,1200
238 100 984,816,1224,1200
239 100 984,792,1224,1224
240 100 1008,792,1224,1200
241 100 1008,792,1224,1200
242 100 1008,816,1224,1200
243 100 1008,816,1224,1224
244 100 1008,816,1224,1200
245 100 1032,816,1224,1200
246 100 1032,792,1224,1224
247 100 1032,816,1224,1200
248 100 1032,816,1224,1200
249 100 1032,816,1224,1200
250 100 1056,816,1224,1200
251 100 1056,792,1224,1224
252 100 1056,792,1224,1200
253 100 1080,792,1224,1200
254 100 1080,792,1224,1200
255 100 1080,792,1224,1200
256 100 1080,792,1224,1200
257 100 1104,792,1224,1200
258 100 1104,768,1224,1224
259 100 1128,768,1224,1200
260 100 1128,768,1224,1200
261 100 1128,768,1224,1200
262 100 1128,768,1224,1200
263 100 1128,768,1224,1200
264 100 1128,768,1224,1200
265 100 1128,768,1224,1200
266 100 1128,768,1224,1200
267 100 1128,768,1224,1200
268 100 1128,768,1224,1224
269 100 1128,768,1224,1224
270 100 1128,768,1224,1224
271 100 1128,768,1224,1224
272 100 1128,768,1224,1224
273 100 1128,768,1224,1224
274 100 1128,792,1224,1200
275 100 1128,792,1224,1200
276 100 1128,792,1224,1200
277 100 1128,792,1224,1200
278 100 1128,792,1224,1200
279 100 1128,792,1224,1224
280 100 1128,816,1224,1200
281 100 1104,840,1224,1200
282 100 1080,864,1224,1224
283 100 1056,912,1224,1200
284 100 1032,936,1224,1200
285 100 1008,960,1224,1200
286 100 888,984,1224,1176
287 100 0,1008,1224,1152
288 100 0,1032,1224,1128
289 100 0,1056,1224,1104
290 100 0,1080,1224,1080
291 100 0,1104,1224,1056
292 100 0,1104,1224,1056
293 100 0,1104,1224,1056
294 100 0,1128,1224,1032
295 100 0,1128,1224,1032
296 100 0,1152,1224,1008
297 100 0,1176,1224,984
298 100 0,1176,1224,984
299 100 0,1176,1224,984
300 100 0,1176,1224,984
301 100 0,1176,1224,984
302 100 0,1176,1224,984
303 100 0,1176,1224,984
304 100 0,1176,1224,984
305 100 0,1176,1224,984
306 100 0,1176,1224,984
307 100 0,1152,1224,1008
308 100 0,1152,1224,1008
309 100 0,1152,1224,1008
310 100 0,1152,1224,1008
311 100 0,1128,1224,1032
312 100 0,1128,1224,1032
313 100 0,1104,1224,1056
314 100 0,1080,1224,1080
315 100 0,1056,1224,1104
316 100 0,1032,1224,1128
317 100 792,984,1224,1176
318 100 1200,960,1224,1200
319 100 1296,936,1224,1200
320 100 1368,912,1224,1224
321 100 1440,888,1224,1224
322 100 1512,864,1224,1224
323 100 1584,840,1224,1224
324 100 1656,816,1224,1224
325 100 1704,816,1224,1200
326 100 1752,816,1224,1200
327 100 1800,816,1224,1200
328 100 1824,816,1224,1200
329 100 1872,816,1224,1200
330 100 1872,816,1224,1200
331 100 1896,816,1224,1200
332 100 1920,816,1224,1200
333 100 1944,816,1224,1200
334 100 1944,816,1224,1200
335 100 1968,816,1224,1200
336 100 1968,816,1224,1200
337 100 1968,816,1224,1200
338 100 1968,816,1224,1200
339 100 1968,816,1224,1200
340 100 1992,816,1224,1200
341 100 1992,816,1224,1200
342 100 1992,816,1224,1200
343 100 1968,816,1224,1200
344 100 1968,816,1224,1200
345 100 1944,816,1224,1200
346 100 1920,816,1224,1224
347 100 1920,816,1224,1224
348 100 1896,816,1224,1224
349 100 1896,816,1224,1224
350 100 1872,816,1224,1224
351 100 1872,840,1224,1200
352 100 1848,816,1224,1224
353 100 1824,816,1224,1224
354 100 1824,840,1224,1200
355 100 1776,840,1224,1224
356 100 1776,840,1224,1224
357 100 1776,840,1224,1224
358 100 1752,840,1224,1224
359 100 1776,840,1224,1224
360 100 1776,840,1224,1224
361 100 1776,840,1224,1224
362 100 1752,864,1224,1200
363 100 1752,864,1224,1224
364 100 1752,864,1224,1224
365 100 1752,864,1224,1200
366 100 1776,840,1224,1224
367 100 1776,840,1224,1224
368 100 1752,864,1224,1200
369 100 1776,864,1224,1200
370 100 1800,840,1224,1224
371 100 1824,840,1224,1200
372 100 1848,840,1224,1200
373 100 1848,840,1224,1200
374 100 1896,840,1224,1200
375 100 1920,816,1224,1200
376 100 1920,816,1224,1224
377 100 1920,816,1224,1224
378 100 1944,840,1224,1200
379 100 1944,840,1224,1200
380 100 1944,840,1224,1200
381 100 1920,840,1224,1200
382 100 1920,840,1224,1200
383 100 1920,840,1224,1200
384 100 1896,840,1224,1200
385 100 1896,816,1224,1224
386 100 1848,816,1224,1200
387 100 1776,816,1224,1200
388 100 1728,816,1224,1200
389 100 1656,816,1224,1200
390 100 1632,816,1224,1200
391 100 1584,816,1224,1224
392 100 1560,816,1224,1200
393 100 1512,816,1224,1200
394 100 1440,816,1224,1224
395 100 1392,816,1224,1224
396 100 1392,816,1224,1200
397 100 1368,792,1224,1200
398 100 1344,792,1224,1200
399 100 1320,792,1224,1200
400 100 1272,792,1224,1200
401 100 1248,768,1224,1224
402 100 1248,768,1224,1200
403 100 1200,768,1224,1200
404 100 1176,768,1224,1224
405 100 1152,792,1224,1200
406 100 1128,816,1224,1200
407 100 1104,816,1224,1200
408 100 1080,816,1224,1224
409 100 1080,816,1224,1200
410 100 1056,816,1224,1200
411 100 1032,840,1224,1200
412 100 1008,840,1224,1200
413 100 1008,816,1224,1224
414 100 984,816,1224,1224
415 100 960,816,1224,1224
416 100 960,840,1224,1200
417 100 936,840,1224,1200
418 100 936,840,1224,1200
419 100 936,816,1224,1224
420 100 912,816,1224,1224
421 100 888,840,1224,1200
422 100 864,840,1224,1200
423 100 840,840,1224,1224
424 100 840,840,1224,1224
425 100 840,840,1224,1200
426 100 816,840,1224,1200
427 100 816,816,1224,1224
428 100 792,816,1224,1200
429 100 768,816,1224,1224
430 100 744,840,1224,1200
431 100 720,840,1224,1200
432 100 696,840,1224,1200
433 100 648,840,1224,1224
434 100 600,840,1224,1224
435 100 552,864,1224,1200
436 100 504,864,1224,1224
437 100 456,864,1224,1224
438 100 408,864,1224,1224
439 100 360,888,1224,1224
440 100 312,888,1224,1224
441 100 264,912,1224,1224
442 100 216,888,1224,1248
443 100 192,888,1224,1224
444 100 168,888,1224,1224
445 100 144,888,1224,1224
446 100 144,888,1224,1224
447 100 144,888,1224,1224
448 100 120,888,1224,1224
449 100 144,864,1224,1224
450 100 120,864,1224,1224
451 100 120,864,1224,1224
452 100 120,864,1224,1224
453 100 120,864,1224,1224
454 100 120,864,1224,1224
455 100 120,864,1224,1224
456 100 120,864,1224,1224
457 100 120,864,1224,1224
458 100 96,864,1224,1224
459 100 96,864,1224,1224
460 100 120,864,1224,1224
461 100 96,864,1224,1224
462 100 96,864,1224,1224
463 100 120,864,1224,1224
464 100 120,864,1224,1224
465 100 96,864,1224,1224
466 100 96,864,1224,1224
467 100 96,864,1224,1224
468 100 96,864,1224,1224
469 100 96,840,1224,1224
470 100 120,840,1224,1224
471 100 120,864,1224,1224
472 100 96,864,1224,1224
473 100 96,864,1224,1224
474 100 72,840,1224,1224
475 100 72,840,1224,1224
476 100 48,840,1224,1224
477 100 48,840,1224,1224
478 100 48,840,1224,1224
479 100 24,840,1224,1224
480 100 0,864,1224,1248
481 100 0,864,1224,1248
482 100 0,864,1224,1224
483 100 0,840,1224,1248
484 100 0,864,1224,1248
485 100 0,888,1224,1224
486 100 0,864,1224,1248
487 100 0,864,1224,1248
488 100 0,888,1224,1224
489 100 0,888,1224,1224
490 100 0,888,1224,1248
491 100 0,888,1224,1224
492 100 0,864,1224,1248
493 100 0,864,1224,1248
494 100 0,864,1224,1224
495 100 0,864,1224,1224
496 100 0,864,1224,1224
497 100 0,864,1224,1224
498 100 0,864,1224,1224
499 100 0,864,1224,1248
500 100 0,864,1224,1248
501 100 0,864,1224,1224
502 100 0,864,1224,1224
503 100 0,864,1224,1224
504 100 0,864,1224,1224
505 100 24,840,1224,1224
506 100 24,840,1224,1224
507 100 48,840,1224,1224
508 100 72,816,1224,1224
509 100 96,816,1224,1224
510 100 120,816,1224,1200
511 100 144,792,1224,1224
512 100 168,792,1224,1224
513 100 168,792,1224,1224
514 100 192,792,1224,1224
515 100 216,792,1224,1224
516 100 240,816,1224,1200
517 100 288,816,1224,1200
518 100 312,792,1224,1224
519 100 336,792,1224,1200
520 100 384,768,1224,1224
521 100 408,768,1224,1200
522 100 432,768,1224,1200
523 100 480,744,1224,1224
524 100 504,744,1224,1224
525 100 528,744,1224,1200
526 100 552,720,1224,1224
527 100 576,720,1224,1224
528 100 600,720,1224,1224
529 100 648,720,1224,1224
530 100 672,720,1224,1200
531 100 720,696,1224,1200
532 100 744,696,1224,1200
533 100 792,672,1224,1200
534 100 840,648,1224,1224
535 100 888,624,1224,1224
536 100 960,600,1224,1200
537 100 984,576,1224,1200
538 100 1032,552,1224,1200
539 100 1056,552,1224,1200
540 100 1080,528,1224,1200
541 100 1080,504,1224,1200
542 100 1104,480,1224,1224
543 100 1080,480,1224,1200
544 100 1104,480,1224,1200
545 100 1104,504,1224,1200
546 100 1128,528,1224,1200
547 100 1128,528,1224,1200
548 100 1128,528,1224,1200
549 100 1104,504,1224,1224
550 100 1104,528,1224,1200
551 100 1104,528,1224,1224
552 100 1080,576,1224,1200
553 100 1056,600,1224,1200
554 100 1032,624,1224,1200
555 100 1032,648,1224,1200
556 100 1008,672,1224,1200
557 100 960,720,1224,1200
558 100 936,744,1224,1200
559 100 912,768,1224,1200
560 100 912,768,1224,1200
561 100 888,768,1224,1224
562 100 864,792,1224,1200
563 100 816,816,1224,1200
564 100 792,840,1224,1200
565 100 744,864,1224,1200
566 100 696,888,1224,1200
567 100 624,888,1224,1200
568 100 576,888,1224,1200
569 100 504,888,1224,1224
570 100 456,888,1224,1224
571 100 408,888,1224,1224
572 100 360,912,1224,1200
573 100 312,912,1224,1200
574 100 264,888,1224,1224
575 100 240,888,1224,1224
576 100 216,888,1224,1224
577 100 192,888,1224,1224
578 100 168,888,1224,1224
579 100 144,888,1224,1224
580 100 144,888,1224,1224
581 100 144,888,1224,1200
582 100 120,864,1224,1224
583 100 120,864,1224,1224
584 100 120,864,1224,1224
585 100 96,864,1224,1224
586 100 96,864,1224,1224
587 100 96,864,1224,1224
588 100 96,864,1224,1224
589 100 72,864,1224,1224
590 100 72,864,1224,1224
591 100 48,864,1224,1224
592 100 48,864,1224,1224
593 100 48,864,1224,1224
594 100 48,864,1224,1224
595 100 48,864,1224,1224
596 100 48,864,1224,1224
597 100 24,864,1224,1224
598 100 48,864,1224,1224
599 100 48,864,1224,1224
600 100 24,864,1224,1224
601 100 24,864,1224,1224
602 100 24,864,1224,1200
603 100 24,864,1224,1224
604 100 24,864,1224,1224
605 100 24,864,1224,1224
606 100 24,864,1224,1224
607 100 24,864,1224,1224
608 100 48,864,1224,1224
609 100 48,864,1224,1224
610 100 48,864,1224,1224
611 100 48,864,1224,1224
612 100 48,864,1224,1224
613 100 24,864,1224,1224
614 100 24,864,1224,1200
615 100 24,864,1224,1200
616 100 24,840,1224,1224
617 100 0,840,1224,1224
618 100 0,840,1224,1200
619 100 0,816,1224,1224
620 100 0,816,1224,1224
621 100 0,816,1224,1224
622 100 0,816,1224,1200
623 100 0,792,1224,1224
624 100 24,792,1224,1224
625 100 0,792,1224,1224
626 100 24,792,1224,1224
627 100 24,792,1224,1224
628 100 24,792,1224,1224
629 100 0,792,1224,1224
630 100 48,792,1224,1224
631 100 48,792,1224,1224
632 100 24,792,1224,1224
633 100 72,792,1224,1224
634 100 48,792,1224,1224
635 100 48,792,1224,1224
636 100 0,792,1224,1224
637 100 120,816,1224,1200
638 100 0,792,1224,1224
639 100 0,792,1224,1224
640 100 0,792,1224,1224
641 100 0,792,1224,1224
642 100 168,792,1224,1224
643 100 168,792,1224,1224
644 100 144,792,1224,1224
645 100 192,792,1224,1224
646 100 192,792,1224,1224
647 100 168,792,1224,1224
648 100 120,792,1224,1224
649 100 72,792,1224,1224
650 100 72,792,1224,1224
651 100 48,792,1224,1224
652 100 3384,816,1224,1200
653 100 3336,816,1224,1200
654 100 3312,816,1224,1200
655 100 3312,816,1224,1200
656 100 3336,816,1224,1200
657 100 3288,816,1224,1200
658 100 3264,816,1224,1200
659 100 3240,816,1224,1200
660 100 3240,816,1224,1200
661 100 3216,816,1224,1200
662 100 3648,816,1224,1224
663 100 3624,816,1224,1224
664 100 3624,816,1224,1224
665 100 3648,816,1224,1224
666 100 3672,816,1224,1224
667 100 48,816,1224,1224
668 100 3672,816,1224,1224
669 100 0,816,1224,1224
670 100 0,816,1224,1224
671 100 48,816,1224,1224
672 100 3240,816,1224,1200
673 100 3216,816,1224,1200
674 100 3216,816,1224,1200
675 100 3288,816,1224,1200
676 100 3336,816,1224,1200
677 100 3408,816,1224,1200
678 100 3432,816,1224,1200
679 100 3504,816,1224,1200
680 100 0,792,1224,1224
681 100 3312,792,1224,1200
682 100 3336,792,1224,1200
683 100 0,768,1224,1224
684 100 3384,768,1224,1200
685 100 96,768,1224,1200
686 100 24,744,1224,1224
687 100 96,744,1224,1200
688 100 0,744,1224,1200
689 100 0,744,1224,1200
690 100 72,744,1224,1224
691 100 0,768,1224,1200
692 100 48,768,1224,1200
693 100 0,768,1224,1200
694 100 72,768,1224,1224
695 100 0,792,1224,1200
696 100 3432,792,1224,1200
697 100 3384,792,1224,1200
698 100 3432,792,1224,1200
699 100 24,792,1224,1200
700 100 48,792,1224,1200
701 100 48,792,1224,1200
702 100 24,792,1224,1200
703 100 0,792,1224,1200
704 100 0,792,1224,1200
705 100 0,792,1224,1200
706 100 24,792,1224,1200
707 100 0,792,1224,1200
708 100 24,792,1224,1200
709 100 0,792,1224,1200
710 100 0,792,1224,1200
711 100 24,792,1224,1200
712 100 72,792,1224,1200
713 100 0,768,1224,1224
714 100 0,768,1224,1200
715 100 24,768,1224,1200
716 100 0,768,1224,1200
717 100 0,768,1224,1224
718 100 120,768,1224,1224
719 100 192,768,1224,1224
720 100 312,768,1224,1224
721 100 384,792,1224,1200
722 100 456,792,1224,1200
723 100 528,792,1224,1200
724 100 600,792,1224,1200
725 100 648,792,1224,1200
726 100 696,792,1224,1200
727 100 768,792,1224,1224
728 100 792,792,1224,1224
729 100 816,816,1224,1200
730 100 864,816,1224,1224
731 100 864,840,1224,1200
732 100 888,840,1224,1224
733 100 912,864,1224,1200
734 100 936,864,1224,1200
735 100 960,864,1224,1224
736 100 984,864,1224,1200
737 100 1008,864,1224,1224
738 100 1008,864,1224,1224
739 100 1008,864,1224,1224
740 100 1008,888,1224,1200
741 100 1032,888,1224,1200
742 100 1032,888,1224,1200
743 100 1008,888,1224,1224
744 100 1032,888,1224,1200
745 100 1032,888,1224,1200
746 100 1008,888,1224,1224
747 100 1008,888,1224,1224
748 100 1008,888,1224,1224
749 100 1008,888,1224,1224
750 100 1032,888,1224,1224
751 100 1032,888,1224,1200
752 100 1032,888,1224,1224
753 100 1032,888,1224,1200
754 100 1032,888,1224,1200
755 100 1032,888,1224,1200
756 100 1032,888,1224,1200
757 100 1032,888,1224,1200
758 100 1032,888,1224,1200
759 100 1032,888,1224,1200
760 100 1032,888,1224,1200
761 100 1032,888,1224,1200
762 100 1032,888,1224,1200
763 100 1032,888,1224,1200
764 100 1032,864,1224,1224
765 100 1008,864,1224,1224
766 100 1008,864,1224,1224
767 100 1008,864,1224,1224
768 100 1008,864,1224,1224
769 100 1008,864,1224,1224
770 100 1008,864,1224,1224
771 100 1032,864,1224,1200
772 100 1032,864,1224,1200
773 100 1032,864,1224,1200
774 100 1032,864,1224,1200
775 100 1032,864,1224,1200
776 100 1032,864,1224,1200
777 100 1032,864,1224,1200
778 100 1032,864,1224,1200
779 100 1032,864,1224,1200
780 100 1032,864,1224,1200
781 100 1032,864,1224,1200
782 100 1032,864,1224,1200
783 100 1032,864,1224,1200
784 100 1032,864,1224,1200
785 100 1032,840,1224,1224
786 100 1032,840,1224,1224
787 100 1032,840,1224,1224
788 100 1032,840,1224,1224
789 100 1032,840,1224,1224
790 100 1032,840,1224,1224
791 100 1032,840,1224,1224
792 100 1032,840,1224,1224
793 100 1056,840,1224,1200
794 100 1056,840,1224,1200
795 100 1056,840,1224,1200
796 100 1056,840,1224,1200
797 100 1032,840,1224,1200
798 100 1056,840,1224,1200
799 100 1056,816,1224,1224
800 100 1056,816,1224,1224
801 100 1056,816,1224,1200
802 100 1056,816,1224,1200
803 100 1080,816,1224,1200
804 100 1080,816,1224,1200
805 100 1080,816,1224,1200
806 100 1080,816,1224,1200
807 100 1080,816,1224,1200
808 100 1080,816,1224,1200
809 100 1080,792,1224,1224
810 100 1080,792,1224,1224
811 100 1080,792,1224,1200
812 100 1080,792,1224,1200
813 100 1080,792,1224,1200
814 100 1080,792,1224,1200
815 100 1080,792,1224,1200
816 100 1080,768,1224,1224
817 100 1080,768,1224,1224
818 100 1080,768,1224,1224
819 100 1080,768,1224,1224
820 100 1080,768,1224,1224
821 100 1104,768,1224,1200
822 100 1104,768,1224,1200
823 100 1104,768,1224,1200
824 100 1104,768,1224,1200
825 100 1104,768,1224,1200
826 100 1104,744,1224,1224
827 100 1104,744,1224,1224
828 100 1104,744,1224,1224
829 100 1104,744,1224,1200
830 100 1104,744,1224,1200
831 100 1104,744,1224,1200
832 100 1128,744,1224,1200
833 100 1128,744,1224,1200
834 100 1128,720,1224,1224
835 100 1128,720,1224,1224
836 100 1128,720,1224,1224
837 100 1104,720,1224,1224
838 100 1104,720,1224,1224
839 100 1128,720,1224,1224
840 100 1128,720,1224,1200
841 100 1128,720,1224,1200
842 100 1128,720,1224,1200
843 100 1128,720,1224,1200
844 100 1128,720,1224,1200
845 100 1128,696,1224,1224
846 100 1128,696,1224,1224
847 100 1128,696,1224,1200
848 100 1128,696,1224,1200
849 100 1128,696,1224,1200
850 100 1128,672,1224,1224
851 100 1104,672,1224,1224
852 100 1104,672,1224,1224
853 100 1104,672,1224,1200
854 100 1104,672,1224,1200
855 100 1104,648,1224,1224
856 100 1128,648,1224,1200
857 100 1128,648,1224,1200
858 100 1128,648,1224,1200
859 100 1128,648,1224,1200
860 100 1128,624,1224,1224
861 100 1128,624,1224,1224
862 100 1152,624,1224,1200
863 100 1152,624,1224,1200
864 100 1152,624,1224,1200
865 100 1152,624,1224,1200
866 100 1152,624,1224,1200
867 100 1152,600,1224,1224
868 100 1152,624,1224,1200
869 100 1176,624,1224,1200
870 100 1176,624,1224,1200
871 100 1176,624,1224,1200
872 100 1176,624,1224,1200
873 100 1176,624,1224,1200
874 100 1176,624,1224,1200
875 100 1176,624,1224,1200
876 100 1200,624,1224,1200
877 100 1200,600,1224,1224
878 100 1200,600,1224,1200
879 100 1200,600,1224,1200
880 100 1224,600,1224,1200
881 100 1224,576,1224,1224
882 100 1224,576,1224,1200
883 100 1248,576,1224,1200
884 100 1248,576,1224,1200
885 100 1248,552,1224,1224
886 100 1248,552,1224,1224
887 100 1248,552,1224,1224
888 100 1248,552,1224,1224
889 100 1248,552,1224,1200
890 100 1248,552,1224,1200
891 100 1272,552,1224,1200
892 100 1272,552,1224,1200
893 100 1272,528,1224,1224
894 100 1272,528,1224,1224
895 100 1296,528,1224,1200
896 100 1296,528,1224,1200
897 100 1296,504,1224,1224
898 100 1296,504,1224,1200
899 100 1296,504,1224,1200
900 100 1296,480,1224,1224
901 100 1296,504,1224,1200
902 100 1296,504,1224,1200
903 100 1296,504,1224,1200
904 100 1296,504,1224,1200
905 100 1296,504,1224,1200
906 100 1296,504,1224,1200
907 100 1296,480,1224,1224
908 100 1296,504,1224,1200
909 100 1296,504,1224,1200
910 100 1296,480,1224,1224
911 100 1296,480,1224,1224
912 100 1296,480,1224,1224
913 100 1296,480,1224,1200
914 100 1296,480,1224,1200
915 100 1296,480,1224,1200
916 100 1296,480,1224,1200
917 100 1296,480,1224,1200
918 100 1296,480,1224,1200
919 100 1296,480,1224,1200
920 100 1296,480,1224,1200
921 100 1272,480,1224,1200
922 100 1272,480,1224,1200
923 100 1296,480,1224,1200
924 100 1296,480,1224,1200
925 100 1272,480,1224,1200
926 100 1296,480,1224,1200
927 100 1296,480,1224,1200
928 100 1296,480,1224,1200
929 100 1296,480,1224,1200
930 100 1296,480,1224,1200
931 100 1296,480,1224,1200
932 100 1296,480,1224,1200
933 100 1296,480,1224,1200
934 100 1296,480,1224,1200
935 100 1320,480,1224,1200
936 100 1344,480,1224,1200
937 100 1344,480,1224,1200
938 100 1368,480,1224,1200
939 100 1368,480,1224,1200
940 100 1368,480,1224,1200
941 100 1392,480,1224,1200
942 100 1392,480,1224,1200
943 100 1392,480,1224,1200
944 100 1392,480,1224,1200
945 100 1392,480,1224,1200
946 100 1392,480,1224,1200
947 100 1416,480,1224,1200
948 100 1392,480,1224,1200
949 100 1392,480,1224,1200
950 100 1392,480,1224,1200
951 100 1392,480,1224,1200
952 100 1392,480,1224,1200
953 100 1392,480,1224,1200
954 100 1392,480,1224,1200
955 100 1392,480,1224,1200
956 100 1392,480,1224,1224
957 100 1368,480,1224,1224
958 100 1368,480,1224,1200
959 100 1368,480,1224,1200
960 100 1368,480,1224,1200
961 100 1368,480,1224,1224
962 100 1368,480,1224,1224
963 100 1368,480,1224,1224
964 100 1368,504,1224,1200
965 100 1368,480,1224,1224
966 100 1368,504,1224,1200
967 100 1368,504,1224,1200
968 100 1368,504,1224,1200
969 100 1344,504,1224,1200
970 100 1344,504,1224,1200
971 100 1344,504,1224,1200
972 100 1344,504,1224,1200
973 100 1344,504,1224,1200
974 100 1344,504,1224,1200
975 100 1344,504,1224,1200
976 100 1344,504,1224,1200
977 100 1320,504,1224,1200
978 100 1320,504,1224,1200
979 100 1320,504,1224,1200
980 100 1320,504,1224,1200
981 100 1320,504,1224,1200
982 100 1320,504,1224,1200
983 100 1296,504,1224,1200
984 100 1296,504,1224,1200
985 100 1296,504,1224,1200
986 100 1296,504,1224,1200
987 100 1296,504,1224,1200
988 100 1296,504,1224,1200
989 100 1296,504,1224,1200
990 100 1296,504,1224,1200
991 100 1296,504,1224,1224
992 100 1272,504,1224,1224
993 100 1272,504,1224,1224
994 100 1272,504,1224,1224
995 100 1272,504,1224,1224
996 100 1272,504,1224,1224
997 100 1272,528,1224,1200
998 100 1272,528,1224,1200
999 100 1272,528,1224,1200
1000 100 1272,528,1224,1200
1001 100 1272,528,1224,1200
1002 100 1248,528,1224,1200
1003 100 1248,528,1224,1200
1004 100 1248,528,1224,1200
1005 100 1248,528,1224,1200
1006 100 1248,528,1224,1224
1007 100 1248,528,1224,1224
1008 100 1248,528,1224,1224
1009 100 1224,528,1224,1224
1010 100 1224,528,1224,1224
1011 100 1224,552,1224,1200
1012 100 1224,552,1224,1200
1013 100 1200,552,1224,1200
1014 100 1200,552,1224,1200
1015 100 1200,552,1224,1200
1016 100 1176,552,1224,1224
1017 100 1176,576,1224,1200
1018 100 1176,576,1224,1200
1019 100 1152,576,1224,1200
1020 100 1152,576,1224,1200
1021 100 1128,600,1224,1200
1022 100 1104,600,1224,1200
1023 100 1104,600,1224,1200
1024 100 1080,600,1224,1224
1025 100 1080,624,1224,1200
1026 100 1056,624,1224,1200
1027 100 1032,624,1224,1200
1028 100 1032,624,1224,1200
1029 100 1032,624,1224,1224
1030 100 1032,648,1224,1200
1031 100 1008,648,1224,1200
1032 100 1008,648,1224,1200
1033 100 1008,648,1224,1200
1034 100 984,648,1224,1200
1035 100 984,648,1224,1200
1036 100 984,648,1224,1200
1037 100 984,648,1224,1200
1038 100 960,648,1224,1200
1039 100 960,648,1224,1200
1040 100 960,648,1224,1200
1041 100 960,648,1224,1200
1042 100 960,624,1224,1224
1043 100 960,624,1224,1224
1044 100 960,624,1224,1224
1045 100 960,624,1224,1200
1046 100 960,624,1224,1200
1047 100 960,624,1224,1200
1048 100 960,624,1224,1200
1049 100 960,624,1224,1200
1050 100 960,624,1224,1200
1051 100 960,624,1224,1200
1052 100 960,624,1224,1224
1053 100 960,624,1224,1224
1054 100 984,624,1224,1200
1055 100 984,624,1224,1200
1056 100 984,624,1224,1224
1057 100 984,624,1224,1224
1058 100 984,624,1224,1224
1059 100 984,648,1224,1200
1060 100 984,648,1224,1200
1061 100 984,648,1224,1200
1062 100 984,648,1224,1200
1063 100 984,648,1224,1224
1064 100 984,672,1224,1200
1065 100 984,672,1224,1200
1066 100 984,672,1224,1224
1067 100 960,696,1224,1200
1068 100 960,696,1224,1224
1069 100 960,720,1224,1200
1070 100 960,720,1224,1224
1071 100 960,744,1224,1200
1072 100 960,744,1224,1200
1073 100 936,744,1224,1224
1074 100 936,744,1224,1224
1075 100 936,768,1224,1200
1076 100 936,768,1224,1200
1077 100 936,768,1224,1200
1078 100 936,768,1224,1200
1079 100 936,768,1224,1200
1080 100 936,768,1224,1200
1081 100 936,768,1224,1224
1082 100 936,768,1224,1224
1083 100 936,768,1224,1200
1084 100 936,768,1224,1200
1085 100 936,768,1224,1200
1086 100 936,768,1224,1200
1087 100 936,768,1224,1200
1088 100 936,768,1224,1200
1089 100 936,768,1224,1200
1090 100 936,744,1224,1224
1091 100 936,744,1224,1224
1092 100 936,744,1224,1224
1093 100 936,744,1224,1224
1094 100 936,744,1224,1224
1095 100 936,744,1224,1200
1096 100 936,744,1224,1200
1097 100 936,744,1224,1200
1098 100 936,744,1224,1200
1099 100 936,744,1224,1200
1100 100 936,720,1224,1224
1101 100 936,720,1224,1224
1102 100 936,720,1224,1224
1103 100 936,720,1224,1224
1104 100 936,720,1224,1224
1105 100 936,720,1224,1224
1106 100 936,720,1224,1224
1107 100 936,720,1224,1224
1108 100 936,720,1224,1224
1109 100 936,720,1224,1224
1110 100 936,720,1224,1224
1111 100 960,720,1224,1200
1112 100 960,720,1224,1200
1113 100 960,720,1224,1200
1114 100 960,720,1224,1224
1115 100 960,720,1224,1224
1116 100 960,720,1224,1224
1117 100 960,720,1224,1224
1118 100 960,720,1224,1224
1119 100 960,720,1224,1224
1120 100 960,720,1224,1224
1121 100 960,720,1224,1224
1122 100 960,720,1224,1224
1123 100 960,720,1224,1224
1124 100 960,720,1224,1224
1125 100 984,720,1224,1224
1126 100 984,720,1224,1200
1127 100 984,720,1224,1200
1128 100 984,720,1224,1200
1129 100 984,720,1224,1200
1130 100 984,720,1224,1200
1131 100 984,720,1224,1224
1132 100 984,720,1224,1200
1133 100 984,720,1224,1200
1134 100 984,720,1224,1200
1135 100 984,720,1224,1200
1136 100 1008,720,1224,1200
1137 100 1008,720,1224,1200
1138 100 1008,720,1224,1200
1139 100 1008,720,1224,1200
1140 100 1008,720,1224,1200
1141 100 1008,720,1224,1200
1142 100 1008,720,1224,1200
1143 100 1008,720,1224,1200
1144 100 1008,720,1224,1200
1145 100 1008,720,1224,1200
1146 100 1008,720,1224,1200
1147 100 1008,720,1224,1200
1148 100 1008,696,1224,1224
1149 100 1008,696,1224,1224
1150 100 984,696,1224,1224
1151 100 984,696,1224,1200
1152 100 984,696,1224,1200
1153 100 984,696,1224,1200
1154 100 984,696,1224,1200
1155 100 984,696,1224,1200
1156 100 984,672,1224,1224
1157 100 984,672,1224,1224
1158 100 984,672,1224,1224
1159 100 960,672,1224,1224
1160 100 960,672,1224,1200
1161 100 960,672,1224,1200
1162 100 960,672,1224,1200
1163 100 936,672,1224,1200
1164 100 936,672,1224,1200
1165 100 936,672,1224,1200
1166 100 912,672,1224,1200
1167 100 912,672,1224,1200
1168 100 888,672,1224,1200
1169 100 888,672,1224,1200
1170 100 888,672,1224,1200
1171 100 888,672,1224,1200
1172 100 888,672,1224,1200
1173 100 864,672,1224,1200
1174 100 864,672,1224,1200
1175 100 864,672,1224,1200
1176 100 864,672,1224,1200
1177 100 864,672,1224,1200
1178 100 864,648,1224,1224
1179 100 864,648,1224,1224
1180 100 864,648,1224,1224
1181 100 864,648,1224,1200
1182 100 864,648,1224,1200
1183 100 864,648,1224,1200
1184 100 864,648,1224,1200
1185 100 864,648,1224,1200
1186 100 864,648,1224,1200
1187 100 864,648,1224,1200
1188 100 864,648,1224,1200
1189 100 888,648,1224,1200
1190 100 888,648,1224,1200
1191 100 888,648,1224,1200
1192 100 888,648,1224,1200
1193 100 888,648,1224,1200
1194 100 888,648,1224,1200
1195 100 912,648,1224,1200
1196 100 912,648,1224,1200
1197 100 912,648,1224,1200
1198 100 936,648,1224,1200
1199 100 936,648,1224,1200
1200 100 936,648,1224,1200
1201 100 960,648,1224,1200
1202 100 960,648,1224,1200
1203 100 960,648,1224,1200
1204 100 984,648,1224,1224
1205 100 984,648,1224,1224
1206 100 984,648,1224,1224
1207 100 1008,648,1224,1224
1208 100 1008,672,1224,1200
1209 100 1008,672,1224,1200
1210 100 1008,672,1224,1200
1211 100 1008,672,1224,1200
1212 100 1032,672,1224,1200
1213 100 1032,672,1224,1200
1214 100 1032,672,1224,1200
1215 100 1032,672,1224,1200
1216 100 1032,672,1224,1200
1217 100 1032,672,1224,1200
1218 100 1032,672,1224,1200
1219 100 1032,672,1224,1200
1220 100 1056,672,1224,1200
1221 100 1056,672,1224,1200
1222 100 1056,672,1224,1224
1223 100 1056,672,1224,1224
1224 100 1056,672,1224,1224
1225 100 1056,672,1224,1224
1226 100 1080,672,1224,1224
1227 100 1080,672,1224,1200
1228 100 1080,672,1224,1200
1229 100 1080,672,1224,1200
1230 100 1080,672,1224,1200
1231 100 1080,672,1224,1200
1232 100 1080,672,1224,1200
1233 100 1080,672,1224,1200
1234 100 1080,672,1224,1200
1235 100 1080,672,1224,1200
1236 100 1080,672,1224,1200
1237 100 1080,672,1224,1200
1238 100 1080,672,1224,1200
1239 100 1080,672,1224,1200
1240 100 1080,672,1224,1200
1241 100 1104,672,1224,1200
1242 100 1104,672,1224,1200
1243 100 1104,672,1224,1200
1244 100 1104,672,1224,1200
1245 100 1104,672,1224,1224
1246 100 1104,672,1224,1200
1247 100 1104,672,1224,1200
1248 100 1104,672,1224,1200
1249 100 1104,672,1224,1200
1250 100 1104,672,1224,1200
1251 100 1104,672,1224,1200
1252 100 1128,672,1224,1200
1253 100 1128,672,1224,1200
1254 100 1128,672,1224,1200
1255 100 1128,672,1224,1200
1256 100 1128,672,1224,1200
1257 100 1128,672,1224,1200
1258 100 1152,672,1224,1200
1259 100 1152,672,1224,1224
1260 100 1152,672,1224,1224
1261 100 1152,696,1224,1200
1262 100 1152,696,1224,1200
1263 100 1152,696,1224,1224
1264 100 1152,696,1224,1224
1265 100 1152,720,1224,1200
1266 100 1152,720,1224,1224
1267 100 1152,720,1224,1224
1268 100 1152,720,1224,1224
1269 100 1152,720,1224,1224
1270 100 1176,720,1224,1224
1271 100 1176,744,1224,1200
1272 100 1176,744,1224,1200
1273 100 1176,744,1224,1200
1274 100 1176,744,1224,1200
1275 100 1176,744,1224,1224
1276 100 1176,744,1224,1224
1277 100 1176,768,1224,1200
1278 100 1176,768,1224,1200
1279 100 1176,768,1224,1200
1280 100 1176,768,1224,1200
1281 100 1176,768,1224,1200
1282 100 1176,768,1224,1200
1283 100 1176,768,1224,1200
1284 100 1176,768,1224,1224
1285 100 1176,768,1224,1200
1286 100 1176,768,1224,1200
1287 100 1176,768,1224,1200
1288 100 1200,768,1224,1200
1289 100 1200,768,1224,1200
1290 100 1200,768,1224,1200
1291 100 1200,768,1224,1200
1292 100 1176,768,1224,1200
1293 100 1176,768,1224,1200
1294 100 1176,768,1224,1200
1295 100 1176,768,1224,1200
1296 100 1176,768,1224,1200
1297 100 1176,768,1224,1200
1298 100 1176,768,1224,1200
1299 100 1176,744,1224,1224
1300 100 1176,744,1224,1224
1301 100 1176,744,1224,1224
1302 100 1176,744,1224,1224
1303 100 1176,744,1224,1224
1304 100 1176,744,1224,1224
1305 100 1176,744,1224,1224
1306 100 1176,744,1224,1224
1307 100 1176,744,1224,1224
1308 100 1176,744,1224,1224
1309 100 1176,744,1224,1224
1310 100 1176,744,1224,1224
1311 100 1176,744,1224,1200
1312 100 1176,744,1224,1224
1313 100 1176,744,1224,1200
1314 100 1176,744,1224,1200
1315 100 1176,744,1224,1200
1316 100 1176,744,1224,1200
1317 100 1176,744,1224,1200
1318 100 1176,744,1224,1200
1319 100 1176,744,1224,1200
1320 100 1176,744,1224,1200
1321 100 1176,744,1224,1200
1322 100 1176,744,1224,1200
1323 100 1176,744,1224,1200
1324 100 1176,744,1224,1200
1325 100 1176,744,1224,1200
1326 100 1176,744,1224,1200
1327 100 1176,744,1224,1200
1328 100 1200,744,1224,1200
1329 100 1200,744,1224,1200
1330 100 1200,744,1224,1200
1331 100 1200,744,1224,1200
1332 100 1200,744,1224,1200
1333 100 1200,744,1224,1200
1334 100 1200,744,1224,1200
1335 100 1200,744,1224,1200
1336 100 1200,720,1224,1224
1337 100 1200,720,1224,1224
1338 100 1200,720,1224,1224
1339 100 1200,720,1224,1224
1340 100 1200,720,1224,1224
1341 100 1200,720,1224,1224
1342 100 1200,720,1224,1224
1343 100 1200,720,1224,1200
1344 100 1200,720,1224,1200
1345 100 1200,720,1224,1200
1346 100 1200,720,1224,1200
1347 100 1200,720,1224,1200
1348 100 1200,720,1224,1200
1349 100 1200,720,1224,1200
1350 100 1200,720,1224,1200
1351 100 1200,696,1224,1224
1352 100 1224,696,1224,1200
1353 100 1224,696,1224,1200
1354 100 1224,696,1224,1200
1355 100 1224,672,1224,1224
1356 100 1248,672,1224,1200
1357 100 1248,648,1224,1200
1358 100 1272,624,1224,1200
1359 100 1296,600,1224,1200
1360 100 1296,576,1224,1200
1361 100 1320,552,1224,1200
1362 100 1320,528,1224,1224
1363 100 1320,528,1224,1200
1364 100 1320,504,1224,1200
1365 100 1320,504,1224,1200
1366 100 1320,480,1224,1224
1367 100 1320,480,1224,1224
1368 100 1320,480,1224,1224
1369 100 1320,480,1224,1200
1370 100 1320,480,1224,1200
1371 100 1320,480,1224,1200
1372 100 1320,456,1224,1200
1373 100 1296,456,1224,1200
1374 100 1296,432,1224,1200
1375 100 1272,408,1224,1224
1376 100 1272,408,1224,1200
1377 100 1248,384,1224,1200
1378 100 1248,384,1224,1200
1379 100 1248,360,1224,1200
1380 100 1224,336,1224,1224
1381 100 1224,336,1224,1200
1382 100 1224,336,1224,1200
1383 100 1224,336,1224,1200
1384 100 1224,336,1224,1200
1385 100 1224,336,1224,1200
1386 100 1224,312,1224,1224
1387 100 1200,312,1224,1200
1388 100 1200,312,1224,1200
1389 100 1200,312,1224,1200
1390 100 1200,288,1224,1224
1391 100 1200,288,1224,1224
1392 100 1200,288,1224,1224
1393 100 1200,288,1224,1200
1394 100 1176,288,1224,1200
1395 100 1176,288,1224,1200
1396 100 1176,288,1224,1200
1397 100 1176,288,1224,1200
1398 100 1176,264,1224,1224
1399 100 1176,264,1224,1224
1400 100 1176,264,1224,1224
1401 100 1176,264,1224,1224
1402 100 1176,264,1224,1200
1403 100 1176,264,1224,1224
1404 100 1176,264,1224,1224
1405 100 1176,264,1224,1224
1406 100 1176,288,1224,1200
1407 100 1176,288,1224,1200
1408 100 1200,288,1224,1200
1409 100 1200,288,1224,1200
1410 100 1200,288,1224,1224
1411 100 1224,312,1224,1200
1412 100 1224,312,1224,1224
1413 100 1248,336,1224,1200
1414 100 1248,360,1224,1200
1415 100 1248,360,1224,1200
1416 100 1272,384,1224,1200
1417 100 1296,384,1224,1200
1418 100 1296,408,1224,1200
1419 100 1296,408,1224,1200
1420 100 1320,408,1224,1200
1421 100 1320,408,1224,1224
1422 100 1320,432,1224,1200
1423 100 1344,432,1224,1224
1424 100 1344,456,1224,1200
1425 100 1344,456,1224,1200
1426 100 1368,456,1224,1224
1427 100 1368,480,1224,1200
1428 100 1368,480,1224,1224
1429 100 1392,480,1224,1224
1430 100 1392,504,1224,1200
1431 100 1392,504,1224,1200
1432 100 1392,504,1224,1224
1433 100 1392,528,1224,1200
1434 100 1392,528,1224,1200
1435 100 1392,528,1224,1224
1436 100 1416,528,1224,1224
1437 100 1416,552,1224,1200
1438 100 1416,552,1224,1200
1439 100 1416,552,1224,1200
1440 100 1416,552,1224,1200
1441 100 1416,552,1224,1224
1442 100 1416,552,1224,1200
1443 100 1416,552,1224,1200
1444 100 1416,552,1224,1200
1445 100 1416,552,1224,1200
1446 100 1416,552,1224,1200
1447 100 1440,552,1224,1200
1448 100 1440,552,1224,1200
1449 100 1440,552,1224,1200
1450 100 1440,552,1224,1200
1451 100 1440,552,1224,1200
1452 100 1440,528,1224,1224
1453 100 1440,528,1224,1224
1454 100 1440,528,1224,1224
1455 100 1440,528,1224,1224
1456 100 1440,528,1224,1200
1457 100 1440,528,1224,1200
1458 100 1440,528,1224,1200
1459 100 1440,528,1224,1200
1460 100 1464,528,1224,1200
1461 100 1464,528,1224,1200
1462 100 1464,528,1224,1200
1463 100 1464,528,1224,1200
1464 100 1464,528,1224,1200
1465 100 1464,528,1224,1200
1466 100 1464,528,1224,1200
1467 100 1464,528,1224,1200
1468 100 1464,528,1224,1200
1469 100 1488,528,1224,1200
1470 100 1488,528,1224,1200
1471 100 1488,528,1224,1200
1472 100 1488,528,1224,1200
1473 100 1512,528,1224,1200
1474 100 1512,528,1224,1200
1475 100 1512,528,1224,1224
1476 100 1512,528,1224,1224
1477 100 1512,528,1224,1224
1478 100 1536,528,1224,1224
1479 100 1536,552,1224,1200
1480 100 1536,552,1224,1200
1481 100 1536,552,1224,1200
1482 100 1536,552,1224,1224
1483 100 1536,552,1224,1224
1484 100 1512,576,1224,1200
1485 100 1512,576,1224,1200
1486 100 1512,576,1224,1224
1487 100 1488,600,1224,1200
1488 100 1488,600,1224,1200
1489 100 1488,600,1224,1200
1490 100 1488,600,1224,1224
1491 100 1464,624,1224,1200
1492 100 1464,624,1224,1200
1493 100 1464,624,1224,1200
1494 100 1440,624,1224,1224
1495 100 1440,648,1224,1200
1496 100 1440,648,1224,1200
1497 100 1440,648,1224,1200
1498 100 1416,648,1224,1224
1499 100 1416,672,1224,1200
1500 100 1416,672,1224,1200
1501 100 1416,672,1224,1200
1502 100 1416,672,1224,1200
1503 100 1416,672,1224,1224
1504 100 1416,672,1224,1224
1505 100 1392,696,1224,1200
1506 100 1368,696,1224,1200
1507 100 1368,696,1224,1224
1508 100 1344,696,1224,1224
1509 100 1344,696,1224,1224
1510 100 1344,696,1224,1224
1511 100 1320,720,1224,1200
1512 100 1320,720,1224,1200
1513 100 1320,720,1224,1200
1514 100 1320,720,1224,1200
1515 100 1320,720,1224,1200
1516 100 1296,720,1224,1200
1517 100 1296,720,1224,1200
1518 100 1296,720,1224,1200
1519 100 1296,720,1224,1200
1520 100 1296,696,1224,1224
1521 100 1296,696,1224,1224
1522 100 1296,696,1224,1224
1523 100 1272,696,1224,1224
1524 100 1272,696,1224,1224
1525 100 1272,720,1224,1200
1526 100 1272,720,1224,1200
1527 100 1272,720,1224,1200
1528 100 1272,720,1224,1200
1529 100 1272,720,1224,1200
1530 100 1272,720,1224,1200
1531 100 1272,696,1224,1224
1532 100 1272,696,1224,1224
1533 100 1272,696,1224,1224
1534 100 1272,696,1224,1224
1535 100 1272,696,1224,1224
1536 100 1272,696,1224,1224
1537 100 1272,696,1224,1224
1538 100 1272,696,1224,1224
1539 100 1248,696,1224,1200
1540 100 1248,696,1224,1200
1541 100 1248,696,1224,1200
1542 100 1248,672,1224,1224
1543 100 1272,672,1224,1224
1544 100 1272,672,1224,1224
1545 100 1272,672,1224,1224
1546 100 1272,672,1224,1224
1547 100 1272,672,1224,1224
1548 100 1272,672,1224,1224
1549 100 1272,672,1224,1224
1550 100 1248,672,1224,1224
1551 100 1248,672,1224,1224
1552 100 1248,672,1224,1200
1553 100 1248,648,1224,1224
1554 100 1248,648,1224,1224
1555 100 1248,648,1224,1224
1556 100 1248,648,1224,1200
1557 100 1272,624,1224,1224
1558 100 1272,624,1224,1200
1559 100 1272,624,1224,1200
1560 100 1272,600,1224,1224
1561 100 1296,600,1224,1224
1562 100 1296,600,1224,1200
1563 100 1296,576,1224,1224
1564 100 1296,576,1224,1224
1565 100 1296,576,1224,1200
1566 100 1296,576,1224,1200
1567 100 1296,552,1224,1224
1568 100 1296,552,1224,1200
1569 100 1296,552,1224,1200
1570 100 1296,528,1224,1224
1571 100 1296,528,1224,1200
1572 100 1296,528,1224,1200
1573 100 1296,504,1224,1224
1574 100 1296,504,1224,1224
1575 100 1272,504,1224,1200
1576 100 1272,504,1224,1200
1577 100 1272,480,1224,1224
1578 100 1272,480,1224,1200
1579 100 1272,480,1224,1200
1580 100 1272,480,1224,1200
1581 100 1272,456,1224,1224
1582 100 1272,456,1224,1200
1583 100 1272,456,1224,1200
1584 100 1272,432,1224,1224
1585 100 1248,432,1224,1200
1586 100 1248,432,1224,1200
1587 100 1248,408,1224,1224
1588 100 1248,408,1224,1200
1589 100 1248,408,1224,1200
1590 100 1248,384,1224,1200
1591 100 1248,384,1224,1200
1592 100 1248,360,1224,1224
1593 100 1248,360,1224,1200
1594 100 1248,360,1224,1200
1595 100 1248,360,1224,1200
1596 100 1248,360,1224,1200
1597 100 1248,336,1224,1224
1598 100 1248,336,1224,1224
1599 100 1248,336,1224,1200
1600 100 1248,336,1224,1224
1601 100 1248,336,1224,1224
1602 100 1248,336,1224,1224
1603 100 1248,336,1224,1224
1604 100 1248,360,1224,1200
1605 100 1248,360,1224,1200
1606 100 1248,360,1224,1224
1607 100 1272,384,1224,1200
1608 100 1272,384,1224,1200
1609 100 1272,384,1224,1200
1610 100 1272,384,1224,1224
1611 100 1272,408,1224,1200
1612 100 1296,408,1224,1200
1613 100 1296,408,1224,1224
1614 100 1296,432,1224,1200
1615 100 1296,432,1224,1200
1616 100 1296,432,1224,1224
1617 100 1320,456,1224,1200
1618 100 1320,456,1224,1200
1619 100 1320,480,1224,1200
1620 100 1344,480,1224,1224
1621 100 1344,504,1224,1200
1622 100 1344,504,1224,1224
1623 100 1344,528,1224,1200
1624 100 1344,528,1224,1224
1625 100 1320,552,1224,1200
1626 100 1320,552,1224,1224
1627 100 1320,576,1224,1200
1628 100 1320,576,1224,1200
1629 100 1320,576,1224,1224
1630 100 1320,600,1224,1200
1631 100 1320,600,1224,1200
1632 100 1320,600,1224,1224
1633 100 1320,624,1224,1200
1634 100 1320,624,1224,1200
1635 100 1320,624,1224,1200
1636 100 1320,624,1224,1224
1637 100 1320,648,1224,1200
1638 100 1344,648,1224,1200
1639 100 1344,648,1224,1200
1640 100 1344,648,1224,1200
1641 100 1368,648,1224,1200
1642 100 1368,648,1224,1224
1643 100 1368,648,1224,1224
1644 100 1392,648,1224,1224
1645 100 1392,648,1224,1224
1646 100 1416,648,1224,1224
1647 100 1416,648,1224,1224
1648 100 1416,648,1224,1224
1649 100 1440,648,1224,1200
1650 100 1440,648,1224,1200
1651 100 1440,648,1224,1200
1652 100 1488,624,1224,1224
1653 100 1512,624,1224,1200
1654 100 1512,624,1224,1200
1655 100 1512,624,1224,1200
1656 100 1536,624,1224,1200
1657 100 1536,600,1224,1224
1658 100 1536,600,1224,1224
1659 100 1560,600,1224,1224
1660 100 1560,600,1224,1224
1661 100 1584,600,1224,1224
1662 100 1584,600,1224,1224
1663 100 1584,600,1224,1224
1664 100 1584,600,1224,1224
1665 100 1584,576,1224,1224
1666 100 1608,576,1224,1224
1667 100 1608,576,1224,1224
1668 100 1608,576,1224,1224
1669 100 1608,576,1224,1224
1670 100 1608,552,1224,1224
1671 100 1608,552,1224,1224
1672 100 1632,552,1224,1224
1673 100 1632,552,1224,1224
1674 100 1632,528,1224,1248
1675 100 1632,528,1224,1224
1676 100 1632,528,1224,1224
1677 100 1632,528,1224,1224
1678 100 1632,528,1224,1224
1679 100 1632,528,1224,1224
1680 100 1632,528,1224,1224
1681 100 1632,504,1224,1224
1682 100 1656,504,1224,1224
1683 100 1656,504,1224,1224
1684 100 1656,504,1224,1224
1685 100 1656,504,1224,1224
1686 100 1656,504,1224,1224
1687 100 1680,480,1224,1224
1688 100 1680,480,1224,1224
1689 100 1680,480,1224,1224
1690 100 1680,480,1224,1224
1691 100 1704,456,1224,1224
1692 100 1704,456,1224,1224
1693 100 1704,456,1224,1224
1694 100 1704,432,1224,1224
1695 100 1680,432,1224,1224
1696 100 1680,432,1224,1200
1697 100 1656,408,1224,1224
1698 100 1632,408,1224,1224
1699 100 1632,408,1224,1200
1700 100 1608,408,1224,1200
1701 100 1608,384,1224,1224
1702 100 1584,384,1224,1200
1703 100 1560,384,1224,1200
1704 100 1560,360,1224,1224
1705 100 1536,360,1224,1200
1706 100 1512,360,1224,1200
1707 100 1512,336,1224,1224
1708 100 1488,336,1224,1200
1709 100 1464,312,1224,1224
1710 100 1440,312,1224,1200
1711 100 1416,312,1224,1200
1712 100 1392,288,1224,1224
1713 100 1368,288,1224,1200
1714 100 1344,288,1224,1200
1715 100 1320,264,1224,1224
1716 100 1296,264,1224,1200
1717 100 1248,240,1224,1224
1718 100 1224,216,1224,1224
1719 100 1176,192,1224,1224
1720 100 1152,192,1224,1224
1721 100 1104,168,1224,1224
1722 100 1080,144,1224,1224
1723 100 1056,120,1224,1224
1724 100 1008,96,1224,1224
1725 100 960,72,1224,1224
1726 100 912,48,1224,1224
1727 100 0,24,1224,1200
1728 100 0,24,1224,1176
1729 100 0,24,1224,1152
1730 100 0,24,1224,1152
1731 100 0,24,1224,1128
1732 100 0,24,1224,1128
1733 100 0,24,1224,1128
1734 100 0,24,1224,1128
1735 100 0,24,1224,1128
1736 100 0,24,1224,1152
1737 100 0,24,1224,1152
1738 100 0,24,1224,1176
1739 100 0,24,1224,1200
1740 100 0,24,1224,1200
1741 100 192,24,1224,1224
1742 100 0,24,1224,1248
1743 100 0,24,1224,1272
1744 100 0,24,1224,1296
1745 100 0,24,1224,1320
1746 100 0,24,1224,1320
1747 100 0,24,1224,1320
1748 100 0,24,1224,1320
1749 100 0,24,1224,1344
1750 100 0,24,1224,1368
1751 100 168,24,1224,1368
1752 100 0,24,1224,1368
1753 100 0,24,1224,1392
1754 100 0,24,1224,1392
1755 100 384,24,1224,1392
1756 100 528,24,1224,1392
1757 100 0,24,1224,1392
1758 100 0,24,1224,1392
1759 100 0,24,1224,1392
1760 100 0,24,1224,1392
1761 100 144,24,1224,1392
1762 100 456,24,1224,1416
1763 100 0,24,1224,1416
1764 100 0,24,1224,1416
1765 100 0,24,1224,1416
1766 100 0,24,1224,1440
1767 100 0,24,1224,1440
1768 100 0,24,1224,1440
1769 100 768,48,1224,1416
1770 100 792,48,1224,1416
1771 100 0,24,1224,1440
1772 100 0,24,1224,1440
1773 100 0,24,1224,1416
1774 100 0,24,1224,1416
1775 100 0,24,1224,1416
1776 100 0,24,1224,1416
1777 100 0,24,1224,1416
1778 100 0,24,1224,1416
1779 100 0,24,1224,1440
1780 100 0,24,1224,1440
1781 100 0,24,1224,1440
1782 100 0,24,1224,1416
1783 100 0,24,1224,1416
1784 100 0,24,1224,1416
1785 100 984,72,1224,1392
1786 100 1104,96,1224,1392
1787 100 1224,144,1224,1368
1788 100 1248,144,1224,1368
1789 100 1248,168,1224,1344
1790 100 1272,168,1224,1368
1791 100 1296,192,1224,1344
1792 100 1320,192,1224,1344
1793 100 1320,216,1224,1344
1794 100 1296,192,1224,1344
1795 100 1272,192,1224,1344
1796 100 1272,216,1224,1320
1797 100 1272,216,1224,1320
1798 100 1320,240,1224,1320
1799 100 1296,216,1224,1344
1800 100 1224,192,1224,1320
1801 100 1200,192,1224,1320
1802 100 1224,192,1224,1320
1803 100 1248,216,1224,1320
1804 100 1272,240,1224,1320
1805 100 1248,216,1224,1320
1806 100 1200,192,1224,1320
1807 100 1176,168,1224,1344
1808 100 1176,168,1224,1344
1809 100 1176,192,1224,1320
1810 100 1176,168,1224,1344
1811 100 1128,144,1224,1344
1812 100 1080,144,1224,1344
1813 100 1056,144,1224,1320
1814 100 1056,144,1224,1344
1815 100 1080,144,1224,1344
1816 100 1056,144,1224,1344
1817 100 1032,120,1224,1344
1818 100 984,120,1224,1320
1819 100 984,120,1224,1320
1820 100 1008,120,1224,1320
1821 100 1032,120,1224,1344
1822 100 1008,120,1224,1344
1823 100 984,96,1224,1344
1824 100 960,96,1224,1344
1825 100 936,96,1224,1344
1826 100 912,72,1224,1368
1827 100 912,72,1224,1344
1828 100 888,72,1224,1368
1829 100 864,48,1224,1368
1830 100 864,48,1224,1392
1831 100 864,48,1224,1392
1832 100 840,48,1224,1368
1833 100 0,24,1224,1392
1834 100 0,24,1224,1392
1835 100 0,24,1224,1392
1836 100 864,48,1224,1368
1837 100 888,48,1224,1392
1838 100 888,48,1224,1368
1839 100 912,48,1224,1392
1840 100 936,48,1224,1392
1841 100 960,48,1224,1392
1842 100 960,48,1224,1392
1843 100 936,48,1224,1392
1844 100 936,48,1224,1392
1845 100 936,48,1224,1368
1846 100 936,48,1224,1368
1847 100 936,48,1224,1368
1848 100 936,48,1224,1368
1849 100 984,72,1224,1368
1850 100 1008,72,1224,1368
1851 100 1008,72,1224,1368
1852 100 1008,72,1224,1368
1853 100 1032,96,1224,1344
1854 100 1056,96,1224,1344
1855 100 1056,120,1224,1320
1856 100 1080,120,1224,1320
1857 100 1080,120,1224,1344
1858 100 1104,144,1224,1320
1859 100 1128,144,1224,1320
1860 100 1152,168,1224,1320
1861 100 1152,168,1224,1320
1862 100 1176,192,1224,1296
1863 100 1176,192,1224,1320
1864 100 1200,216,1224,1296
1865 100 1224,240,1224,1272
1866 100 1248,240,1224,1296
1867 100 1272,288,1224,1272
1868 100 1296,288,1224,1296
1869 100 1320,312,1224,1272
1870 100 1320,336,1224,1272
1871 100 1320,336,1224,1272
1872 100 1320,336,1224,1272
1873 100 1344,336,1224,1272
1874 100 1344,336,1224,1272
1875 100 1344,336,1224,1272
1876 100 1344,336,1224,1272
1877 100 1344,336,1224,1272
1878 100 1344,336,1224,1272
1879 100 1344,312,1224,1272
1880 100 1344,312,1224,1272
1881 100 1344,312,1224,1272
1882 100 1344,312,1224,1272
1883 100 1344,312,1224,1272
1884 100 1320,288,1224,1296
1885 100 1320,288,1224,1272
1886 100 1320,288,1224,1272
1887 100 1320,288,1224,1272
1888 100 1320,288,1224,1272
1889 100 1320,264,1224,1296
1890 100 1296,264,1224,1296
1891 100 1296,240,1224,1296
1892 100 1248,216,1224,1296
1893 100 1224,216,1224,1296
1894 100 1224,216,1224,1296
