0 100 2688,528,1224,1224
1 100 2688,528,1224,1224
2 100 2688,528,1224,1224
3 100 2688,528,1224,1224
4 100 2688,528,1224,1224
5 100 2688,528,1224,1224
6 100 2688,552,1224,1200
7 100 2688,552,1224,1200
8 100 2688,552,1224,1200
9 100 2688,552,1224,1200
10 100 2688,552,1224,1200
11 100 2688,552,1224,1200
12 100 2688,552,1224,1200
13 100 2688,552,1224,1200
14 100 2688,552,1224,1200
15 100 2688,552,1224,1200
16 100 2664,552,1224,1200
17 100 2664,552,1224,1200
18 100 2664,552,1224,1200
19 100 2664,552,1224,1200
20 100 2712,552,1224,1224
21 100 2712,552,1224,1224
22 100 2712,552,1224,1224
23 100 2712,552,1224,1224
24 100 2736,552,1224,1224
25 100 2736,552,1224,1224
26 100 2808,552,1224,1200
27 100 2808,552,1224,1200
28 100 2808,552,1224,1200
29 100 2808,552,1224,1200
30 100 2856,552,1224,1224
31 100 2856,552,1224,1224
32 100 2856,552,1224,1224
33 100 2952,552,1224,1224
34 100 2952,552,1224,1224
35 100 2952,552,1224,1224
36 100 2952,552,1224,1224
37 100 3072,552,1224,1224
38 100 3072,552,1224,1224
39 100 3072,552,1224,1224
40 100 3048,552,1224,1224
41 100 3048,552,1224,1224
42 100 3048,552,1224,1224
43 100 3048,552,1224,1224
44 100 3096,552,1224,1200
45 100 3096,552,1224,1200
46 100 3096,552,1224,1200
47 100 3192,552,1224,1224
48 100 3192,552,1224,1224
49 100 3192,552,1224,1224
50 100 3192,552,1224,1224
51 100 3288,576,1224,1224
52 100 3288,576,1224,1224
53 100 3288,576,1224,1224
54 100 3384,600,1224,1200
55 100 3384,600,1224,1200
56 100 3384,600,1224,1200
57 100 3384,600,1224,1200
58 100 3384,600,1224,1200
59 100 3384,600,1224,1200
60 100 3384,600,1224,1200
61 100 3336,600,1224,1224
62 100 3336,600,1224,1224
63 100 3336,600,1224,1224
64 100 3360,600,1224,1200
65 100 3360,600,1224,1200
66 100 3360,600,1224,1200
67 100 3360,600,1224,1200
68 100 3504,600,1224,1224
69 100 3504,600,1224,1224
70 100 3504,600,1224,1224
71 100 3360,600,1224,1224
72 100 3360,600,1224,1224
73 100 3360,600,1224,1224
74 100 3408,624,1224,1200
75 100 3408,624,1224,1200
76 100 3408,624,1224,1200
77 100 3408,624,1224,1200
78 100 3360,600,1224,1224
79 100 3360,600,1224,1224
80 100 3360,600,1224,1224
81 100 3432,576,1224,1200
82 100 3432,576,1224,1200
83 100 3432,576,1224,1200
84 100 3576,576,1224,1224
85 100 3576,576,1224,1224
86 100 3576,576,1224,1224
87 100 3576,576,1224,1224
88 100 3360,576,1224,1224
89 100 3360,576,1224,1224
90 100 3360,576,1224,1224
91 100 3528,552,1224,1224
92 100 3528,552,1224,1224
93 100 3528,552,1224,1224
94 100 3528,552,1224,1224
95 100 3456,576,1224,1200
96 100 3456,576,1224,1200
97 100 3456,576,1224,1200
98 100 3672,552,1224,1224
99 100 3672,552,1224,1224
100 100 3672,552,1224,1224
101 100 3672,552,1224,1224
102 100 3432,552,1224,1200
103 100 3432,552,1224,1200
104 100 3432,552,1224,1200
105 100 3432,552,1224,1200
106 100 3432,552,1224,1200
107 100 3432,552,1224,1200
108 100 3504,552,1224,1200
109 100 3504,552,1224,1200
110 100 3504,552,1224,1200
111 100 3384,552,1224,1200
112 100 3384,552,1224,1200
113 100 3384,552,1224,1200
114 100 3384,552,1224,1200
115 100 3384,552,1224,1200
116 100 3504,576,1224,1200
117 100 3504,576,1224,1200
118 100 3504,576,1224,1200
119 100 3432,600,1224,1200
120 100 3432,600,1224,1200
121 100 3432,600,1224,1200
122 100 3168,624,1224,1224
123 100 3168,624,1224,1224
124 100 3168,624,1224,1224
125 100 2856,648,1224,1200
126 100 2856,648,1224,1200
127 100 2856,648,1224,1200
128 100 2856,648,1224,1200
129 100 2616,648,1224,1224
130 100 2616,648,1224,1224
131 100 2616,648,1224,1224
132 100 2544,648,1224,1200
133 100 2544,648,1224,1200
134 100 2544,648,1224,1200
135 100 2472,624,1224,1224
136 100 2472,624,1224,1224
137 100 2472,624,1224,1224
138 100 2472,624,1224,1224
139 100 2424,624,1224,1200
140 100 2424,624,1224,1200
141 100 2424,624,1224,1200
142 100 2424,624,1224,1200
143 100 2352,600,1224,1224
144 100 2352,600,1224,1224
145 100 2328,600,1224,1200
146 100 2328,600,1224,1200
147 100 2328,600,1224,1200
148 100 2328,600,1224,1200
149 100 2328,576,1224,1224
150 100 2328,576,1224,1224
151 100 2328,576,1224,1224
152 100 2328,576,1224,1224
153 100 2328,576,1224,1224
154 100 2328,576,1224,1224
155 100 2328,576,1224,1224
156 100 2328,552,1224,1224
157 100 2328,552,1224,1224
158 100 2328,552,1224,1224
159 100 2328,552,1224,1224
160 100 2328,528,1224,1224
161 100 2328,528,1224,1224
162 100 2304,504,1224,1224
163 100 2304,504,1224,1224
164 100 2304,504,1224,1224
165 100 2304,504,1224,1224
166 100 2304,504,1224,1224
167 100 2232,504,1224,1224
168 100 2232,504,1224,1224
169 100 2232,504,1224,1224
170 100 2160,528,1224,1224
171 100 2160,528,1224,1224
172 100 2088,576,1224,1200
173 100 2088,576,1224,1200
174 100 2088,576,1224,1200
175 100 2088,576,1224,1200
176 100 2016,600,1224,1200
177 100 2016,600,1224,1200
178 100 2016,600,1224,1200
179 100 1920,624,1224,1224
180 100 1920,624,1224,1224
181 100 1920,624,1224,1224
182 100 1920,624,1224,1224
183 100 1896,624,1224,1224
184 100 1896,624,1224,1224
185 100 1896,624,1224,1224
186 100 1848,648,1224,1200
187 100 1848,648,1224,1200
188 100 1848,648,1224,1200
189 100 1800,648,1224,1224
190 100 1800,648,1224,1224
191 100 1800,648,1224,1224
192 100 1800,648,1224,1224
193 100 1704,648,1224,1224
194 100 1704,648,1224,1224
195 100 1704,648,1224,1224
196 100 1656,648,1224,1224
197 100 1656,648,1224,1224
198 100 1656,648,1224,1224
199 100 1656,648,1224,1224
200 100 1560,648,1224,1200
201 100 1560,648,1224,1200
202 100 1560,648,1224,1200
203 100 1536,648,1224,1200
204 100 1536,648,1224,1200
205 100 1536,648,1224,1200
206 100 1488,648,1224,1200
207 100 1488,648,1224,1200
208 100 1488,648,1224,1200
209 100 1488,648,1224,1200
210 100 1488,648,1224,1200
211 100 1488,648,1224,1200
212 100 1488,648,1224,1200
213 100 1488,648,1224,1200
214 100 1488,648,1224,1200
215 100 1488,648,1224,1200
216 100 1488,648,1224,1200
217 100 1512,648,1224,1200
218 100 1512,648,1224,1200
219 100 1512,648,1224,1200
220 100 1536,648,1224,1200
221 100 1536,648,1224,1200
222 100 1536,648,1224,1200
223 100 1536,648,1224,1200
224 100 1560,624,1224,1224
225 100 1560,624,1224,1224
226 100 1560,624,1224,1224
227 100 1560,624,1224,1224
228 100 1560,624,1224,1224
229 100 1560,624,1224,1224
230 100 1560,624,1224,1224
231 100 1560,624,1224,1224
232 100 1560,624,1224,1224
233 100 1560,648,1224,1200
234 100 1560,648,1224,1200
235 100 1560,648,1224,1200
236 100 1560,648,1224,1200
237 100 1560,648,1224,1200
238 100 1560,648,1224,1200
239 100 1560,648,1224,1200
240 100 1536,648,1224,1224
241 100 1536,648,1224,1224
242 100 1536,648,1224,1224
243 100 1536,672,1224,1200
244 100 1536,672,1224,1200
245 100 1536,672,1224,1200
246 100 1536,672,1224,1200
247 100 1536,672,1224,1200
248 100 1536,672,1224,1200
249 100 1536,672,1224,1200
250 100 1536,672,1224,1224
251 100 1536,672,1224,1224
252 100 1536,672,1224,1224
253 100 1536,696,1224,1200
254 100 1536,696,1224,1200
255 100 1536,696,1224,1200
256 100 1536,696,1224,1200
257 100 1536,672,1224,1224
258 100 1536,672,1224,1224
259 100 1536,672,1224,1224
260 100 1536,672,1224,1224
261 100 1536,672,1224,1224
262 100 1536,672,1224,1224
263 100 1560,648,1224,1200
264 100 1560,648,1224,1200
265 100 1560,648,1224,1200
266 100 1560,648,1224,1200
267 100 1560,648,1224,1224
268 100 1560,648,1224,1224
269 100 1560,648,1224,1224
270 100 1536,648,1224,1224
271 100 1536,648,1224,1224
272 100 1536,648,1224,1224
273 100 1512,648,1224,1224
274 100 1512,648,1224,1224
275 100 1512,648,1224,1224
276 100 1512,648,1224,1224
277 100 1464,672,1224,1200
278 100 1464,672,1224,1200
279 100 1464,672,1224,1200
280 100 1416,672,1224,1224
281 100 1416,672,1224,1224
282 100 1416,672,1224,1224
283 100 1416,672,1224,1224
284 100 1344,672,1224,1224
285 100 1344,672,1224,1224
286 100 1344,672,1224,1224
287 100 1320,672,1224,1224
288 100 1320,672,1224,1224
289 100 1320,672,1224,1224
290 100 1296,696,1224,1200
291 100 1296,696,1224,1200
292 100 1296,696,1224,1200
293 100 1296,696,1224,1200
294 100 1272,696,1224,1224
295 100 1272,696,1224,1224
296 100 1272,696,1224,1224
297 100 1248,696,1224,1200
298 100 1248,696,1224,1200
299 100 1248,696,1224,1200
300 100 1248,696,1224,1200
301 100 1224,696,1224,1224
302 100 1224,696,1224,1224
303 100 1224,696,1224,1224
304 100 1176,696,1224,1224
305 100 1176,696,1224,1224
306 100 1176,696,1224,1224
307 100 1104,720,1224,1200
308 100 1104,720,1224,1200
309 100 1104,720,1224,1200
310 100 1104,720,1224,1200
311 100 1080,720,1224,1224
312 100 1080,720,1224,1224
313 100 1080,720,1224,1224
314 100 1056,744,1224,1200
315 100 1056,744,1224,1200
316 100 1056,744,1224,1200
317 100 1056,744,1224,1200
318 100 1032,768,1224,1200
319 100 1032,768,1224,1200
320 100 1032,768,1224,1200
321 100 1032,768,1224,1224
322 100 1032,768,1224,1224
323 100 1032,768,1224,1224
324 100 1032,768,1224,1224
325 100 1032,792,1224,1200
326 100 1032,792,1224,1200
327 100 1032,792,1224,1200
328 100 1032,792,1224,1200
329 100 1056,792,1224,1224
330 100 1056,792,1224,1224
331 100 1080,816,1224,1200
332 100 1080,816,1224,1200
333 100 1080,816,1224,1200
334 100 1080,816,1224,1200
335 100 1128,816,1224,1200
336 100 1128,816,1224,1200
337 100 1128,816,1224,1200
338 100 1176,816,1224,1200
339 100 1176,816,1224,1200
340 100 1176,816,1224,1200
341 100 1176,816,1224,1200
342 100 1200,816,1224,1224
343 100 1200,816,1224,1224
344 100 1200,816,1224,1224
345 100 1224,816,1224,1224
346 100 1224,816,1224,1224
347 100 1224,816,1224,1224
348 100 1224,816,1224,1224
349 100 1224,816,1224,1224
350 100 1224,816,1224,1224
351 100 1224,816,1224,1224
352 100 1248,840,1224,1200
353 100 1248,840,1224,1200
354 100 1248,840,1224,1200
355 100 1248,840,1224,1200
356 100 1272,840,1224,1200
357 100 1272,840,1224,1200
358 100 1272,840,1224,1200
359 100 1320,840,1224,1200
360 100 1320,840,1224,1200
361 100 1320,840,1224,1200
362 100 1368,840,1224,1200
363 100 1368,840,1224,1200
364 100 1368,840,1224,1200
365 100 1368,840,1224,1200
366 100 1416,816,1224,1224
367 100 1416,816,1224,1224
368 100 1416,816,1224,1224
369 100 1464,816,1224,1200
370 100 1464,816,1224,1200
371 100 1464,816,1224,1200
372 100 1488,816,1224,1200
373 100 1488,816,1224,1200
374 100 1488,816,1224,1200
375 100 1488,816,1224,1200
376 100 1512,792,1224,1200
377 100 1512,792,1224,1200
378 100 1512,792,1224,1200
379 100 1560,768,1224,1224
380 100 1560,768,1224,1224
381 100 1560,768,1224,1224
382 100 1560,768,1224,1224
383 100 1584,768,1224,1200
384 100 1584,768,1224,1200
385 100 1584,768,1224,1200
386 100 1680,720,1224,1224
387 100 1680,720,1224,1224
388 100 1680,720,1224,1224
389 100 1728,720,1224,1200
390 100 1728,720,1224,1200
391 100 1728,720,1224,1200
392 100 1728,720,1224,1200
393 100 1728,696,1224,1224
394 100 1728,696,1224,1224
395 100 1728,696,1224,1224
396 100 1728,696,1224,1200
397 100 1728,696,1224,1200
398 100 1728,696,1224,1200
399 100 1728,696,1224,1200
400 100 1752,672,1224,1224
401 100 1752,672,1224,1224
402 100 1752,672,1224,1224
403 100 1776,672,1224,1200
404 100 1776,672,1224,1200
405 100 1776,672,1224,1200
406 100 1776,648,1224,1224
407 100 1776,648,1224,1224
408 100 1776,648,1224,1224
409 100 1776,648,1224,1224
410 100 1776,648,1224,1224
411 100 1776,648,1224,1224
412 100 1776,648,1224,1224
413 100 1776,648,1224,1224
414 100 1776,648,1224,1224
415 100 1776,648,1224,1224
416 100 1776,648,1224,1224
417 100 1776,648,1224,1224
418 100 1776,648,1224,1224
419 100 1776,648,1224,1224
420 100 1776,648,1224,1224
421 100 1776,648,1224,1224
422 100 1776,648,1224,1224
423 100 1800,648,1224,1224
424 100 1800,648,1224,1224
425 100 1800,648,1224,1224
426 100 1800,648,1224,1224
427 100 1824,648,1224,1200
428 100 1824,648,1224,1200
429 100 1824,648,1224,1200
430 100 1824,648,1224,1200
431 100 1824,648,1224,1200
432 100 1824,648,1224,1200
433 100 1824,624,1224,1224
434 100 1824,624,1224,1224
435 100 1824,624,1224,1224
436 100 1824,624,1224,1224
437 100 1824,624,1224,1224
438 100 1824,624,1224,1224
439 100 1824,624,1224,1224
440 100 1824,624,1224,1224
441 100 1824,624,1224,1224
442 100 1824,624,1224,1224
443 100 1824,624,1224,1224
444 100 1800,624,1224,1224
445 100 1800,624,1224,1224
446 100 1800,624,1224,1224
447 100 1800,624,1224,1200
448 100 1800,624,1224,1200
449 100 1800,624,1224,1200
450 100 1800,624,1224,1200
451 100 1800,624,1224,1200
452 100 1800,624,1224,1200
453 100 1800,624,1224,1200
454 100 1824,624,1224,1200
455 100 1824,624,1224,1200
456 100 1824,624,1224,1200
457 100 1824,624,1224,1200
458 100 1824,624,1224,1200
459 100 1824,624,1224,1200
460 100 1824,624,1224,1200
461 100 1824,624,1224,1200
462 100 1824,624,1224,1200
463 100 1824,624,1224,1200
464 100 1824,624,1224,1200
465 100 1824,624,1224,1200
466 100 1824,624,1224,1200
467 100 1824,624,1224,1224
468 100 1824,624,1224,1224
469 100 1824,624,1224,1224
470 100 1824,624,1224,1224
471 100 1848,624,1224,1200
472 100 1848,624,1224,1200
473 100 1848,624,1224,1200
474 100 1848,624,1224,1224
475 100 1848,624,1224,1224
476 100 1848,624,1224,1224
477 100 1848,624,1224,1224
478 100 1848,624,1224,1200
479 100 1848,624,1224,1200
480 100 1848,624,1224,1200
481 100 1872,624,1224,1200
482 100 1872,624,1224,1200
483 100 1872,624,1224,1200
484 100 1824,600,1224,1224
485 100 1824,600,1224,1224
486 100 1824,600,1224,1224
487 100 1824,600,1224,1224
488 100 1824,600,1224,1224
489 100 1776,600,1224,1200
490 100 1776,600,1224,1200
491 100 1776,600,1224,1200
492 100 1752,576,1224,1224
493 100 1752,576,1224,1224
494 100 1752,576,1224,1224
495 100 1752,576,1224,1224
496 100 1728,576,1224,1224
497 100 1728,576,1224,1224
498 100 1704,576,1224,1200
499 100 1704,576,1224,1200
500 100 1704,576,1224,1200
501 100 1704,576,1224,1200
502 100 1704,576,1224,1200
503 100 1680,552,1224,1224
504 100 1680,552,1224,1224
505 100 1656,552,1224,1224
506 100 1656,552,1224,1224
507 100 1656,552,1224,1224
508 100 1656,552,1224,1224
509 100 1632,552,1224,1224
510 100 1632,552,1224,1224
511 100 1632,552,1224,1224
512 100 1608,576,1224,1200
513 100 1608,576,1224,1200
514 100 1608,576,1224,1200
515 100 1608,576,1224,1200
516 100 1608,576,1224,1200
517 100 1560,576,1224,1224
518 100 1560,576,1224,1224
519 100 1560,576,1224,1224
520 100 1512,600,1224,1200
521 100 1512,600,1224,1200
522 100 1488,600,1224,1224
523 100 1488,600,1224,1224
524 100 1488,600,1224,1224
525 100 1488,600,1224,1224
526 100 1488,600,1224,1224
527 100 1464,624,1224,1200
528 100 1464,624,1224,1200
529 100 1464,624,1224,1200
530 100 1464,624,1224,1200
531 100 1464,624,1224,1200
532 100 1464,624,1224,1200
533 100 1440,624,1224,1200
534 100 1440,624,1224,1200
535 100 1440,624,1224,1200
536 100 1392,648,1224,1200
537 100 1392,648,1224,1200
538 100 1392,648,1224,1200
539 100 1392,648,1224,1200
540 100 1392,648,1224,1200
541 100 1392,648,1224,1200
542 100 1392,648,1224,1200
543 100 1392,648,1224,1200
544 100 1392,648,1224,1200
545 100 1392,648,1224,1200
546 100 1392,648,1224,1200
547 100 1392,648,1224,1200
548 100 1392,648,1224,1200
549 100 1392,648,1224,1200
550 100 1416,648,1224,1200
551 100 1416,648,1224,1200
552 100 1416,648,1224,1200
553 100 1440,648,1224,1200
554 100 1440,648,1224,1200
555 100 1440,648,1224,1200
556 100 1464,648,1224,1200
557 100 1464,648,1224,1200
558 100 1464,648,1224,1200
559 100 1464,648,1224,1200
560 100 1488,648,1224,1200
561 100 1488,648,1224,1200
562 100 1488,648,1224,1200
563 100 1488,648,1224,1200
564 100 1488,648,1224,1224
565 100 1488,648,1224,1224
566 100 1512,648,1224,1224
567 100 1512,648,1224,1224
568 100 1512,648,1224,1224
569 100 1512,648,1224,1224
570 100 1512,648,1224,1224
571 100 1512,648,1224,1224
572 100 1512,648,1224,1224
573 100 1536,672,1224,1200
574 100 1536,672,1224,1200
575 100 1536,672,1224,1200
576 100 1536,672,1224,1200
577 100 1560,648,1224,1224
578 100 1560,648,1224,1224
579 100 1560,648,1224,1224
580 100 1560,648,1224,1224
581 100 1584,648,1224,1224
582 100 1584,648,1224,1224
583 100 1584,648,1224,1224
584 100 1584,648,1224,1224
585 100 1584,648,1224,1224
586 100 1584,648,1224,1224
587 100 1608,648,1224,1224
588 100 1608,648,1224,1224
589 100 1608,648,1224,1224
590 100 1632,648,1224,1224
591 100 1632,648,1224,1224
592 100 1632,648,1224,1224
593 100 1632,648,1224,1224
594 100 1632,648,1224,1224
595 100 1632,672,1224,1200
596 100 1656,672,1224,1200
597 100 1656,672,1224,1200
598 100 1656,672,1224,1200
599 100 1656,672,1224,1200
600 100 1656,672,1224,1200
601 100 1656,672,1224,1200
602 100 1656,672,1224,1200
603 100 1656,672,1224,1200
604 100 1680,672,1224,1200
605 100 1680,672,1224,1200
606 100 1680,672,1224,1200
607 100 1680,672,1224,1200
608 100 1680,672,1224,1200
609 100 1680,672,1224,1200
610 100 1680,672,1224,1200
611 100 1680,672,1224,1200
612 100 1680,672,1224,1200
613 100 1680,672,1224,1200
614 100 1680,672,1224,1200
615 100 1680,672,1224,1200
616 100 1680,672,1224,1200
617 100 1680,672,1224,1200
618 100 1680,672,1224,1200
619 100 1680,672,1224,1200
620 100 1680,672,1224,1200
621 100 1680,648,1224,1224
622 100 1680,648,1224,1224
623 100 1680,648,1224,1224
624 100 1680,672,1224,1200
625 100 1680,672,1224,1200
626 100 1680,672,1224,1200
627 100 1680,672,1224,1200
628 100 1680,672,1224,1200
629 100 1680,672,1224,1200
630 100 1680,672,1224,1200
631 100 1680,672,1224,1200
632 100 1680,672,1224,1200
633 100 1680,672,1224,1200
634 100 1680,672,1224,1200
635 100 1704,672,1224,1200
636 100 1704,672,1224,1200
637 100 1704,672,1224,1200
638 100 1704,696,1224,1200
639 100 1704,696,1224,1200
640 100 1704,696,1224,1200
641 100 1704,696,1224,1200
642 100 1752,696,1224,1200
643 100 1752,696,1224,1200
644 100 1752,696,1224,1200
645 100 1800,696,1224,1200
646 100 1800,696,1224,1200
647 100 1800,696,1224,1200
648 100 1848,696,1224,1224
649 100 1848,696,1224,1224
650 100 1848,696,1224,1224
651 100 1848,696,1224,1224
652 100 1896,720,1224,1200
653 100 1896,720,1224,1200
654 100 1944,720,1224,1224
655 100 1944,720,1224,1224
656 100 1944,720,1224,1224
657 100 1944,720,1224,1224
658 100 1944,720,1224,1224
659 100 1992,720,1224,1224
660 100 1992,720,1224,1224
661 100 1992,720,1224,1224
662 100 1968,744,1224,1224
663 100 1968,744,1224,1224
664 100 1968,744,1224,1224
665 100 1968,744,1224,1224
666 100 1968,768,1224,1224
667 100 1968,768,1224,1224
668 100 1968,792,1224,1200
669 100 1968,792,1224,1200
670 100 1968,792,1224,1200
671 100 1968,792,1224,1200
672 100 1968,792,1224,1200
673 100 1944,792,1224,1224
674 100 1944,792,1224,1224
675 100 1944,792,1224,1224
676 100 1944,816,1224,1200
677 100 1944,816,1224,1200
678 100 1944,816,1224,1224
679 100 1944,816,1224,1224
680 100 1944,816,1224,1224
681 100 1944,816,1224,1224
682 100 1968,816,1224,1224
683 100 1968,816,1224,1224
684 100 1968,816,1224,1224
685 100 1944,840,1224,1224
686 100 1944,840,1224,1224
687 100 1944,840,1224,1224
688 100 1944,840,1224,1224
689 100 1968,864,1224,1224
690 100 1968,864,1224,1224
691 100 1968,864,1224,1224
692 100 1968,864,1224,1224
693 100 1992,864,1224,1224
694 100 1992,864,1224,1224
695 100 2016,864,1224,1224
696 100 2016,864,1224,1224
697 100 2016,864,1224,1224
698 100 2088,864,1224,1224
699 100 2088,864,1224,1224
700 100 2088,864,1224,1224
701 100 2088,864,1224,1224
702 100 2136,864,1224,1224
703 100 2136,864,1224,1224
704 100 2136,864,1224,1224
705 100 2136,864,1224,1224
706 100 2184,840,1224,1224
707 100 2184,840,1224,1224
708 100 2184,840,1224,1224
709 100 2232,840,1224,1224
710 100 2232,840,1224,1224
711 100 2232,840,1224,1224
712 100 2232,840,1224,1224
713 100 2280,816,1224,1224
714 100 2280,816,1224,1224
715 100 2280,816,1224,1224
716 100 2280,816,1224,1224
717 100 2328,792,1224,1248
718 100 2328,792,1224,1248
719 100 2400,768,1224,1248
720 100 2400,768,1224,1248
721 100 2400,768,1224,1248
722 100 2400,768,1224,1248
723 100 2448,768,1224,1224
724 100 2448,768,1224,1224
725 100 2448,768,1224,1224
726 100 2472,744,1224,1248
727 100 2472,744,1224,1248
728 100 2472,744,1224,1248
729 100 2520,744,1224,1224
730 100 2520,744,1224,1224
731 100 2520,744,1224,1224
732 100 2520,744,1224,1224
733 100 2568,744,1224,1224
734 100 2568,744,1224,1224
735 100 2568,744,1224,1224
736 100 2568,744,1224,1224
737 100 2568,744,1224,1224
738 100 2568,744,1224,1224
739 100 2544,744,1224,1224
740 100 2544,744,1224,1224
741 100 2544,744,1224,1224
742 100 2544,744,1224,1224
743 100 2568,720,1224,1224
744 100 2568,720,1224,1224
745 100 2568,720,1224,1224
746 100 2592,720,1224,1224
747 100 2592,720,1224,1224
748 100 2592,720,1224,1224
749 100 2592,720,1224,1224
750 100 2640,720,1224,1224
751 100 2640,720,1224,1224
752 100 2640,720,1224,1224
753 100 2640,720,1224,1224
754 100 2664,720,1224,1224
755 100 2664,720,1224,1224
756 100 2664,720,1224,1224
757 100 2664,720,1224,1224
758 100 2664,720,1224,1224
759 100 2688,720,1224,1224
760 100 2688,720,1224,1224
761 100 2688,720,1224,1224
762 100 2688,720,1224,1224
763 100 2688,720,1224,1224
764 100 2688,720,1224,1224
765 100 2688,720,1224,1224
766 100 2688,720,1224,1224
767 100 2712,696,1224,1224
768 100 2712,696,1224,1224
769 100 2712,696,1224,1224
770 100 2736,696,1224,1224
771 100 2736,696,1224,1224
772 100 2736,696,1224,1224
773 100 2736,696,1224,1224
774 100 2760,696,1224,1224
775 100 2760,696,1224,1224
776 100 2760,696,1224,1224
777 100 2760,696,1224,1224
778 100 2784,696,1224,1224
779 100 2784,696,1224,1224
780 100 2808,672,1224,1224
781 100 2808,672,1224,1224
782 100 2808,672,1224,1224
783 100 2856,672,1224,1224
784 100 2856,672,1224,1224
785 100 2856,672,1224,1224
786 100 2832,672,1224,1224
787 100 2832,672,1224,1224
788 100 2832,672,1224,1224
789 100 2832,672,1224,1224
790 100 2832,672,1224,1224
791 100 2832,672,1224,1224
792 100 2832,672,1224,1224
793 100 2832,672,1224,1224
794 100 2832,672,1224,1224
795 100 2832,672,1224,1224
796 100 2832,672,1224,1224
797 100 2832,672,1224,1224
798 100 2856,672,1224,1224
799 100 2856,672,1224,1224
800 100 2856,672,1224,1224
801 100 2784,672,1224,1224
802 100 2784,672,1224,1224
803 100 2784,672,1224,1224
804 100 2784,672,1224,1224
805 100 2784,672,1224,1224
806 100 2784,672,1224,1224
807 100 2784,672,1224,1224
808 100 2784,672,1224,1224
809 100 2784,672,1224,1224
810 100 2784,672,1224,1224
811 100 2784,672,1224,1224
812 100 2784,672,1224,1224
813 100 2784,672,1224,1224
814 100 2784,672,1224,1224
815 100 2784,672,1224,1224
816 100 2784,672,1224,1224
817 100 2784,672,1224,1224
818 100 2760,672,1224,1224
819 100 2760,672,1224,1224
820 100 2760,672,1224,1224
821 100 2808,672,1224,1224
822 100 2808,672,1224,1224
823 100 2808,672,1224,1224
824 100 2808,672,1224,1224
825 100 2808,672,1224,1224
826 100 2808,672,1224,1224
827 100 2808,672,1224,1224
828 100 2856,672,1224,1224
829 100 2856,672,1224,1224
830 100 2856,672,1224,1224
831 100 2856,672,1224,1224
832 100 2880,672,1224,1224
833 100 2880,672,1224,1224
834 100 2952,672,1224,1224
835 100 2952,672,1224,1224
836 100 2952,672,1224,1224
837 100 2952,672,1224,1224
838 100 2952,672,1224,1224
839 100 2952,672,1224,1224
840 100 2952,672,1224,1224
841 100 2952,672,1224,1224
842 100 2952,672,1224,1224
843 100 2952,672,1224,1224
844 100 3000,672,1224,1224
845 100 3000,672,1224,1224
846 100 3000,672,1224,1224
847 100 3000,672,1224,1224
848 100 3024,672,1224,1200
849 100 3024,672,1224,1200
850 100 3024,672,1224,1200
851 100 3048,672,1224,1200
852 100 3048,672,1224,1200
853 100 3048,672,1224,1200
854 100 3048,672,1224,1200
855 100 3048,648,1224,1224
856 100 3048,648,1224,1224
857 100 3048,648,1224,1224
858 100 3096,648,1224,1224
859 100 3096,648,1224,1224
860 100 3096,648,1224,1224
861 100 3144,648,1224,1224
862 100 3144,648,1224,1224
863 100 3144,648,1224,1224
864 100 3048,648,1224,1200
865 100 3048,648,1224,1200
866 100 3048,648,1224,1200
867 100 3048,648,1224,1200
868 100 3144,624,1224,1224
869 100 3144,624,1224,1224
870 100 3144,624,1224,1224
871 100 3144,624,1224,1224
872 100 3144,624,1224,1224
873 100 3048,624,1224,1200
874 100 3048,624,1224,1200
875 100 3048,624,1224,1200
876 100 3072,624,1224,1200
877 100 3072,624,1224,1200
878 100 3072,624,1224,1200
879 100 3096,600,1224,1224
880 100 3096,600,1224,1224
881 100 3096,600,1224,1224
882 100 3144,600,1224,1224
883 100 3144,600,1224,1224
884 100 3144,600,1224,1224
885 100 3120,576,1224,1224
886 100 3120,576,1224,1224
887 100 3120,576,1224,1224
888 100 3024,576,1224,1224
889 100 3024,576,1224,1224
890 100 3024,576,1224,1224
891 100 3048,576,1224,1224
892 100 3048,576,1224,1224
893 100 3048,576,1224,1224
894 100 3048,576,1224,1224
895 100 3048,576,1224,1224
896 100 3048,576,1224,1224
897 100 3048,576,1224,1224
898 100 3048,576,1224,1224
899 100 3048,576,1224,1224
900 100 3072,576,1224,1224
901 100 3072,576,1224,1224
902 100 3072,576,1224,1224
903 100 3048,576,1224,1200
904 100 3048,576,1224,1200
905 100 3072,576,1224,1200
906 100 3072,576,1224,1200
907 100 3072,576,1224,1200
908 100 3024,552,1224,1224
909 100 3024,552,1224,1224
910 100 3024,552,1224,1224
911 100 3024,552,1224,1224
912 100 3096,552,1224,1200
913 100 3096,552,1224,1200
914 100 3096,552,1224,1200
915 100 3096,552,1224,1200
916 100 3096,552,1224,1200
917 100 3096,552,1224,1200
918 100 3096,552,1224,1200
919 100 3096,552,1224,1200
920 100 3096,552,1224,1200
921 100 3096,552,1224,1200
922 100 3024,528,1224,1224
923 100 3024,528,1224,1224
924 100 3024,528,1224,1224
925 100 3024,528,1224,1224
926 100 3024,528,1224,1224
927 100 3024,528,1224,1224
928 100 3024,528,1224,1224
929 100 3048,528,1224,1224
930 100 3048,528,1224,1224
931 100 3048,528,1224,1224
932 100 3048,528,1224,1224
933 100 3024,528,1224,1224
934 100 3024,528,1224,1224
935 100 3024,528,1224,1224
936 100 3024,528,1224,1224
937 100 3024,528,1224,1224
938 100 3024,528,1224,1224
939 100 3024,528,1224,1224
940 100 3024,528,1224,1224
941 100 3024,528,1224,1224
942 100 3024,528,1224,1224
943 100 3072,528,1224,1224
944 100 3072,528,1224,1224
945 100 3072,528,1224,1224
946 100 3024,528,1224,1200
947 100 3024,528,1224,1200
948 100 3024,528,1224,1200
949 100 3024,528,1224,1200
950 100 3000,528,1224,1200
951 100 3000,528,1224,1200
952 100 3096,528,1224,1200
953 100 3096,528,1224,1200
954 100 3096,528,1224,1200
955 100 3096,528,1224,1200
956 100 3096,528,1224,1200
957 100 3096,528,1224,1200
958 100 3096,528,1224,1200
959 100 3096,528,1224,1200
960 100 3096,528,1224,1200
961 100 3096,528,1224,1200
962 100 3096,528,1224,1200
963 100 3120,528,1224,1200
964 100 3120,528,1224,1200
965 100 3120,528,1224,1200
966 100 3120,528,1224,1200
967 100 3096,528,1224,1200
968 100 3096,528,1224,1200
969 100 3096,528,1224,1200
970 100 3096,528,1224,1200
971 100 3072,528,1224,1200
972 100 3072,528,1224,1200
973 100 3192,528,1224,1200
974 100 3192,528,1224,1200
975 100 3192,528,1224,1200
976 100 3192,528,1224,1200
977 100 3192,528,1224,1200
978 100 3168,528,1224,1224
979 100 3168,528,1224,1224
980 100 3168,528,1224,1224
981 100 3168,528,1224,1224
982 100 3168,528,1224,1224
983 100 3144,528,1224,1224
984 100 3144,528,1224,1224
985 100 3144,528,1224,1224
986 100 3144,528,1224,1224
987 100 3144,528,1224,1224
988 100 3144,528,1224,1224
989 100 3144,528,1224,1224
990 100 3144,528,1224,1224
991 100 3264,552,1224,1200
992 100 3264,552,1224,1200
993 100 3264,552,1224,1200
994 100 3336,552,1224,1224
995 100 3336,552,1224,1224
996 100 3336,552,1224,1224
997 100 3288,576,1224,1200
998 100 3288,576,1224,1200
999 100 3288,576,1224,1200
1000 100 3240,576,1224,1200
1001 100 3240,576,1224,1200
1002 100 3240,576,1224,1200
1003 100 3336,576,1224,1224
1004 100 3336,576,1224,1224
1005 100 3336,576,1224,1224
1006 100 3336,576,1224,1224
1007 100 3336,576,1224,1224
1008 100 3336,576,1224,1224
1009 100 3336,576,1224,1224
1010 100 3336,576,1224,1224
1011 100 3336,576,1224,1224
1012 100 3336,576,1224,1224
1013 100 3336,576,1224,1224
1014 100 3336,576,1224,1224
1015 100 3336,576,1224,1224
1016 100 3336,576,1224,1224
1017 100 3336,576,1224,1224
1018 100 3312,576,1224,1224
1019 100 3312,576,1224,1224
1020 100 3312,576,1224,1224
1021 100 3312,576,1224,1224
1022 100 3312,576,1224,1224
1023 100 3312,576,1224,1224
1024 100 3336,576,1224,1224
1025 100 3336,576,1224,1224
1026 100 3336,576,1224,1224
1027 100 3192,576,1224,1224
1028 100 3192,576,1224,1224
1029 100 3192,576,1224,1224
1030 100 3216,576,1224,1200
1031 100 3216,576,1224,1200
1032 100 3216,576,1224,1200
1033 100 3216,576,1224,1200
1034 100 3240,576,1224,1200
1035 100 3240,576,1224,1200
1036 100 3240,576,1224,1200
1037 100 3240,576,1224,1200
1038 100 3240,576,1224,1200
1039 100 3216,576,1224,1200
1040 100 3216,576,1224,1200
1041 100 3216,576,1224,1200
1042 100 3120,576,1224,1200
1043 100 3120,576,1224,1200
1044 100 3120,576,1224,1200
1045 100 3120,576,1224,1200
1046 100 3120,576,1224,1200
1047 100 3096,576,1224,1200
1048 100 3096,576,1224,1200
1049 100 3096,576,1224,1200
1050 100 3096,576,1224,1200
1051 100 3096,576,1224,1200
1052 100 3096,576,1224,1200
1053 100 3096,576,1224,1200
1054 100 3096,576,1224,1200
1055 100 3096,576,1224,1200
1056 100 3096,576,1224,1200
1057 100 2976,576,1224,1200
1058 100 2976,576,1224,1200
1059 100 2976,576,1224,1200
1060 100 2976,576,1224,1200
1061 100 2928,576,1224,1224
1062 100 2928,576,1224,1224
1063 100 2928,576,1224,1224
1064 100 2928,576,1224,1224
1065 100 2928,576,1224,1224
1066 100 2832,576,1224,1224
1067 100 2832,576,1224,1224
1068 100 2736,576,1224,1224
1069 100 2736,576,1224,1224
1070 100 2736,576,1224,1224
1071 100 2736,600,1224,1200
1072 100 2736,600,1224,1200
1073 100 2736,600,1224,1200
1074 100 2688,600,1224,1200
1075 100 2688,600,1224,1200
1076 100 2688,600,1224,1200
1077 100 2688,600,1224,1200
1078 100 2640,600,1224,1200
1079 100 2640,600,1224,1200
1080 100 2640,600,1224,1200
1081 100 2640,600,1224,1200
1082 100 2640,600,1224,1200
1083 100 2640,600,1224,1200
1084 100 2640,600,1224,1200
1085 100 2640,600,1224,1200
1086 100 2640,600,1224,1200
1087 100 2640,600,1224,1200
1088 100 2640,600,1224,1200
1089 100 2640,600,1224,1200
1090 100 2640,600,1224,1200
1091 100 2640,600,1224,1200
1092 100 2592,576,1224,1224
1093 100 2592,576,1224,1224
1094 100 2592,576,1224,1224
1095 100 2592,576,1224,1224
1096 100 2592,576,1224,1224
1097 100 2592,576,1224,1224
1098 100 2592,576,1224,1224
1099 100 2568,576,1224,1224
1100 100 2568,576,1224,1224
1101 100 2568,576,1224,1224
1102 100 2544,576,1224,1224
1103 100 2544,576,1224,1224
1104 100 2544,576,1224,1224
1105 100 2544,576,1224,1224
1106 100 2544,576,1224,1224
1107 100 2544,576,1224,1224
1108 100 2544,576,1224,1224
1109 100 2544,576,1224,1224
1110 100 2544,576,1224,1224
1111 100 2544,576,1224,1224
1112 100 2520,600,1224,1200
1113 100 2520,600,1224,1200
1114 100 2520,600,1224,1200
1115 100 2520,600,1224,1200
1116 100 2520,600,1224,1200
1117 100 2496,600,1224,1200
1118 100 2496,600,1224,1200
1119 100 2496,600,1224,1200
1120 100 2472,600,1224,1224
1121 100 2472,600,1224,1224
1122 100 2448,600,1224,1224
1123 100 2448,600,1224,1224
1124 100 2448,600,1224,1224
1125 100 2448,624,1224,1200
1126 100 2448,624,1224,1200
1127 100 2448,624,1224,1200
1128 100 2448,624,1224,1200
1129 100 2424,624,1224,1224
1130 100 2424,624,1224,1224
1131 100 2424,624,1224,1224
1132 100 2400,648,1224,1200
1133 100 2400,648,1224,1200
1134 100 2400,648,1224,1200
1135 100 2352,648,1224,1224
1136 100 2352,648,1224,1224
1137 100 2352,648,1224,1224
1138 100 2352,648,1224,1224
1139 100 2328,672,1224,1200
1140 100 2328,672,1224,1200
1141 100 2328,672,1224,1200
1142 100 2328,672,1224,1200
1143 100 2304,672,1224,1224
1144 100 2304,672,1224,1224
1145 100 2304,672,1224,1224
1146 100 2304,696,1224,1200
1147 100 2304,696,1224,1200
1148 100 2304,696,1224,1200
1149 100 2304,696,1224,1200
1150 100 2280,696,1224,1224
1151 100 2280,696,1224,1224
1152 100 2280,696,1224,1224
1153 100 2280,696,1224,1224
1154 100 2280,696,1224,1224
1155 100 2280,696,1224,1224
1156 100 2280,720,1224,1200
1157 100 2280,720,1224,1200
1158 100 2280,720,1224,1200
1159 100 2256,720,1224,1224
1160 100 2256,720,1224,1224
1161 100 2256,720,1224,1224
1162 100 2256,720,1224,1224
1163 100 2232,744,1224,1224
1164 100 2232,744,1224,1224
1165 100 2232,744,1224,1224
1166 100 2232,768,1224,1224
1167 100 2232,768,1224,1224
1168 100 2232,768,1224,1224
1169 100 2232,768,1224,1224
1170 100 2232,768,1224,1224
1171 100 2208,792,1224,1200
1172 100 2208,792,1224,1200
1173 100 2208,792,1224,1224
1174 100 2208,792,1224,1224
1175 100 2208,792,1224,1224
1176 100 2208,792,1224,1224
1177 100 2208,792,1224,1224
1178 100 2184,816,1224,1224
1179 100 2184,816,1224,1224
1180 100 2136,840,1224,1224
1181 100 2136,840,1224,1224
1182 100 2136,840,1224,1224
1183 100 2136,840,1224,1224
1184 100 2136,840,1224,1224
1185 100 2064,888,1224,1248
1186 100 2064,888,1224,1248
1187 100 2064,888,1224,1248
1188 100 2064,912,1224,1224
1189 100 2064,912,1224,1224
1190 100 2064,912,1224,1224
1191 100 2040,912,1224,1248
1192 100 2040,912,1224,1248
1193 100 2040,912,1224,1248
1194 100 2016,936,1224,1224
1195 100 2016,936,1224,1224
1196 100 2016,936,1224,1224
1197 100 2016,936,1224,1224
1198 100 2016,936,1224,1224
1199 100 2016,936,1224,1224
1200 100 1992,936,1224,1224
1201 100 1992,936,1224,1224
1202 100 1992,936,1224,1224
1203 100 1968,960,1224,1200
1204 100 1968,960,1224,1200
1205 100 1968,960,1224,1200
1206 100 1968,960,1224,1200
1207 100 2064,936,1224,1224
1208 100 2064,936,1224,1224
1209 100 2064,936,1224,1224
1210 100 2256,888,1224,1272
1211 100 2256,888,1224,1272
1212 100 2256,888,1224,1272
1213 100 2352,864,1224,1296
1214 100 2352,864,1224,1296
1215 100 2352,864,1224,1296
1216 100 2352,864,1224,1296
1217 100 2376,864,1224,1272
1218 100 2376,864,1224,1272
1219 100 2376,864,1224,1272
1220 100 2376,864,1224,1272
1221 100 2376,864,1224,1272
1222 100 2448,864,1224,1272
1223 100 2448,864,1224,1272
1224 100 2448,864,1224,1272
1225 100 2496,840,1224,1272
1226 100 2496,840,1224,1272
1227 100 2496,840,1224,1272
1228 100 2544,816,1224,1272
1229 100 2544,816,1224,1272
1230 100 2544,816,1224,1272
1231 100 2568,792,1224,1272
1232 100 2568,792,1224,1272
1233 100 2568,792,1224,1272
1234 100 2616,768,1224,1272
1235 100 2616,768,1224,1272
1236 100 2616,768,1224,1272
1237 100 2616,768,1224,1272
1238 100 2664,744,1224,1272
1239 100 2664,744,1224,1272
1240 100 2664,744,1224,1272
1241 100 2664,744,1224,1272
1242 100 2664,744,1224,1272
1243 100 2664,744,1224,1272
1244 100 2664,744,1224,1272
1245 100 2736,744,1224,1248
1246 100 2736,744,1224,1248
1247 100 2736,744,1224,1248
1248 100 2808,720,1224,1272
1249 100 2808,720,1224,1272
1250 100 2808,720,1224,1272
1251 100 2784,720,1224,1248
1252 100 2784,720,1224,1248
1253 100 2784,720,1224,1248
1254 100 2808,720,1224,1248
1255 100 2808,720,1224,1248
1256 100 2808,720,1224,1248
1257 100 2808,720,1224,1248
1258 100 2808,720,1224,1248
1259 100 2904,696,1224,1248
1260 100 2904,696,1224,1248
1261 100 2904,696,1224,1248
1262 100 2952,696,1224,1248
1263 100 2952,696,1224,1248
1264 100 2952,696,1224,1248
1265 100 2880,672,1224,1248
1266 100 2880,672,1224,1248
1267 100 2880,672,1224,1248
1268 100 2904,672,1224,1248
1269 100 2904,672,1224,1248
1270 100 2904,672,1224,1248
1271 100 2904,672,1224,1248
1272 100 2952,672,1224,1248
1273 100 2952,672,1224,1248
1274 100 2952,672,1224,1248
1275 100 3000,672,1224,1248
1276 100 3000,672,1224,1248
1277 100 3000,672,1224,1248
1278 100 3000,672,1224,1224
1279 100 3000,672,1224,1224
1280 100 3000,672,1224,1224
1281 100 3000,672,1224,1224
1282 100 3000,672,1224,1224
1283 100 2904,672,1224,1224
1284 100 2904,672,1224,1224
1285 100 2904,672,1224,1224
1286 100 2904,672,1224,1224
1287 100 2904,672,1224,1224
1288 100 2904,672,1224,1224
1289 100 2952,648,1224,1248
1290 100 2952,648,1224,1248
1291 100 2952,648,1224,1248
1292 100 2952,672,1224,1224
1293 100 2952,672,1224,1224
1294 100 2952,672,1224,1224
1295 100 3000,648,1224,1248
1296 100 3000,648,1224,1248
1297 100 3000,648,1224,1248
1298 100 2928,648,1224,1224
1299 100 2928,648,1224,1224
1300 100 2928,648,1224,1224
1301 100 2928,648,1224,1224
1302 100 2928,648,1224,1224
1303 100 2928,648,1224,1224
1304 100 2928,648,1224,1224
1305 100 2928,648,1224,1224
1306 100 2928,648,1224,1224
1307 100 2928,648,1224,1224
1308 100 2928,648,1224,1224
1309 100 2928,648,1224,1224
1310 100 2952,648,1224,1224
1311 100 2952,648,1224,1224
1312 100 2952,648,1224,1224
1313 100 2952,648,1224,1224
1314 100 2952,648,1224,1224
1315 100 2952,648,1224,1224
1316 100 2952,648,1224,1224
1317 100 3048,648,1224,1224
1318 100 3072,648,1224,1224
1319 100 3072,648,1224,1224
1320 100 3072,648,1224,1224
1321 100 3072,648,1224,1224
1322 100 3072,648,1224,1224
1323 100 3072,648,1224,1224
1324 100 3072,648,1224,1224
1325 100 3072,648,1224,1224
1326 100 3072,648,1224,1224
1327 100 3024,648,1224,1224
1328 100 3024,648,1224,1224
1329 100 3024,624,1224,1224
1330 100 3024,624,1224,1224
1331 100 3024,624,1224,1224
1332 100 3072,600,1224,1224
1333 100 3072,600,1224,1224
1334 100 3072,600,1224,1224
1335 100 3120,600,1224,1224
1336 100 3120,600,1224,1224
1337 100 3120,600,1224,1224
1338 100 3120,600,1224,1224
1339 100 3120,600,1224,1224
1340 100 3120,600,1224,1224
1341 100 3072,600,1224,1200
1342 100 3072,600,1224,1200
1343 100 3072,600,1224,1200
1344 100 3120,576,1224,1224
1345 100 3120,576,1224,1224
1346 100 3144,576,1224,1224
1347 100 3144,576,1224,1224
1348 100 3144,576,1224,1224
1349 100 3120,576,1224,1200
1350 100 3120,576,1224,1200
1351 100 3120,576,1224,1200
1352 100 3048,552,1224,1224
1353 100 3072,552,1224,1224
1354 100 3072,552,1224,1224
1355 100 3072,552,1224,1224
1356 100 3072,552,1224,1224
1357 100 3048,528,1224,1224
1358 100 3048,528,1224,1224
1359 100 3048,528,1224,1224
1360 100 3024,528,1224,1200
1361 100 3024,528,1224,1200
1362 100 3024,528,1224,1200
1363 100 3024,528,1224,1200
1364 100 3024,528,1224,1200
1365 100 3024,528,1224,1200
1366 100 3024,528,1224,1200
1367 100 3024,528,1224,1200
1368 100 3072,528,1224,1200
1369 100 3072,528,1224,1200
1370 100 3072,528,1224,1200
1371 100 3072,528,1224,1200
1372 100 3072,528,1224,1200
1373 100 3072,528,1224,1200
1374 100 3048,528,1224,1224
1375 100 3048,528,1224,1224
1376 100 3048,528,1224,1224
1377 100 3048,528,1224,1224
1378 100 3048,528,1224,1224
1379 100 3048,528,1224,1224
1380 100 3000,528,1224,1224
1381 100 3000,528,1224,1224
1382 100 3000,528,1224,1224
1383 100 3000,528,1224,1224
1384 100 3000,528,1224,1224
1385 100 3000,552,1224,1200
1386 100 3000,552,1224,1200
1387 100 2976,552,1224,1200
1388 100 2976,552,1224,1200
1389 100 2976,552,1224,1200
1390 100 3024,552,1224,1224
1391 100 3024,552,1224,1224
1392 100 3024,552,1224,1224
1393 100 3096,576,1224,1224
1394 100 3096,576,1224,1224
1395 100 3096,576,1224,1224
1396 100 3096,576,1224,1224
1397 100 3096,576,1224,1224
1398 100 3192,600,1224,1200
1399 100 3192,600,1224,1200
1400 100 3192,600,1224,1200
1401 100 3144,600,1224,1224
1402 100 3144,600,1224,1224
1403 100 3144,600,1224,1224
1404 100 3264,600,1224,1224
1405 100 3264,600,1224,1224
1406 100 3264,600,1224,1224
1407 100 3264,600,1224,1224
1408 100 3192,624,1224,1200
1409 100 3192,624,1224,1200
1410 100 3192,624,1224,1200
1411 100 3360,624,1224,1224
1412 100 3360,624,1224,1224
1413 100 3360,624,1224,1224
1414 100 3360,624,1224,1224
1415 100 3336,624,1224,1224
1416 100 3336,624,1224,1224
1417 100 3336,624,1224,1224
1418 100 3336,624,1224,1224
1419 100 3336,624,1224,1224
1420 100 3336,624,1224,1224
1421 100 3312,624,1224,1224
1422 100 3312,624,1224,1224
1423 100 3312,624,1224,1224
1424 100 3288,624,1224,1224
1425 100 3288,624,1224,1224
1426 100 3288,624,1224,1224
1427 100 3264,624,1224,1224
1428 100 3264,624,1224,1224
1429 100 3264,624,1224,1224
1430 100 3264,624,1224,1224
1431 100 3264,624,1224,1224
1432 100 3264,624,1224,1224
1433 100 3264,624,1224,1224
1434 100 3264,624,1224,1224
1435 100 3264,624,1224,1224
1436 100 3264,624,1224,1224
1437 100 3264,624,1224,1224
1438 100 3288,624,1224,1224
1439 100 3288,624,1224,1224
1440 100 3288,624,1224,1224
1441 100 3360,624,1224,1224
1442 100 3360,624,1224,1224
1443 100 3360,624,1224,1224
1444 100 3360,624,1224,1224
1445 100 3360,624,1224,1224
1446 100 3360,624,1224,1224
1447 100 3360,624,1224,1224
1448 100 3384,624,1224,1200
1449 100 3384,624,1224,1200
1450 100 3384,624,1224,1200
1451 100 3216,624,1224,1200
1452 100 3216,624,1224,1200
1453 100 3216,624,1224,1200
1454 100 3216,624,1224,1200
1455 100 3216,624,1224,1200
1456 100 3216,624,1224,1200
1457 100 3216,624,1224,1200
1458 100 3264,600,1224,1224
1459 100 3264,600,1224,1224
1460 100 3264,600,1224,1224
1461 100 3288,600,1224,1224
1462 100 3288,600,1224,1224
1463 100 3288,600,1224,1224
1464 100 3264,600,1224,1224
1465 100 3264,600,1224,1224
1466 100 3264,600,1224,1224
1467 100 3264,600,1224,1224
1468 100 3288,600,1224,1224
1469 100 3288,600,1224,1224
1470 100 3288,600,1224,1224
1471 100 3288,600,1224,1224
1472 100 3288,600,1224,1224
1473 100 3144,600,1224,1224
1474 100 3144,600,1224,1224
1475 100 3144,600,1224,1224
1476 100 3144,600,1224,1224
1477 100 3144,600,1224,1224
1478 100 3144,600,1224,1224
1479 100 3144,600,1224,1224
1480 100 3144,600,1224,1224
1481 100 3144,600,1224,1224
1482 100 3144,600,1224,1224
1483 100 3192,600,1224,1224
1484 100 3192,600,1224,1224
1485 100 3192,600,1224,1224
1486 100 3168,600,1224,1224
1487 100 3168,600,1224,1224
1488 100 3168,600,1224,1224
1489 100 3192,600,1224,1200
1490 100 3192,600,1224,1200
1491 100 3192,600,1224,1200
1492 100 3216,600,1224,1200
1493 100 3216,600,1224,1200
1494 100 3216,600,1224,1200
1495 100 3216,600,1224,1200
1496 100 3096,600,1224,1200
1497 100 3096,600,1224,1200
1498 100 3096,600,1224,1200
1499 100 3096,600,1224,1200
1500 100 3096,600,1224,1200
1501 100 3096,600,1224,1200
1502 100 3072,600,1224,1200
1503 100 3072,600,1224,1200
1504 100 3072,600,1224,1200
1505 100 3072,600,1224,1200
1506 100 3096,600,1224,1200
1507 100 3096,600,1224,1200
1508 100 3096,576,1224,1224
1509 100 3096,576,1224,1224
1510 100 3096,576,1224,1224
1511 100 3096,576,1224,1224
1512 100 3096,576,1224,1224
1513 100 3072,576,1224,1224
1514 100 3072,576,1224,1224
1515 100 3096,576,1224,1224
1516 100 3096,576,1224,1224
1517 100 3096,576,1224,1224
1518 100 3096,576,1224,1224
1519 100 3096,576,1224,1224
1520 100 3096,600,1224,1200
1521 100 3096,600,1224,1200
1522 100 3096,600,1224,1200
1523 100 3072,600,1224,1200
1524 100 3072,600,1224,1200
1525 100 3072,600,1224,1200
1526 100 3072,600,1224,1200
1527 100 3072,600,1224,1200
1528 100 3072,600,1224,1200
1529 100 3048,600,1224,1200
1530 100 3048,600,1224,1200
1531 100 3048,600,1224,1200
1532 100 3048,600,1224,1200
1533 100 2952,600,1224,1200
1534 100 2952,600,1224,1200
1535 100 2952,600,1224,1200
1536 100 2952,600,1224,1200
1537 100 2952,600,1224,1200
1538 100 2952,600,1224,1200
1539 100 2952,600,1224,1200
1540 100 2952,600,1224,1200
1541 100 2952,600,1224,1200
1542 100 2952,600,1224,1200
1543 100 2856,600,1224,1200
1544 100 2856,600,1224,1200
1545 100 2856,600,1224,1200
1546 100 2832,600,1224,1224
1547 100 2832,600,1224,1224
1548 100 2832,600,1224,1224
1549 100 2832,600,1224,1224
1550 100 2832,600,1224,1224
1551 100 2832,600,1224,1224
1552 100 2832,600,1224,1224
1553 100 2808,600,1224,1224
1554 100 2808,600,1224,1224
1555 100 2808,600,1224,1224
1556 100 2808,600,1224,1224
1557 100 2808,600,1224,1224
1558 100 2808,600,1224,1224
1559 100 2784,624,1224,1200
1560 100 2784,624,1224,1200
1561 100 2784,624,1224,1200
1562 100 2784,624,1224,1200
1563 100 2640,648,1224,1200
1564 100 2640,648,1224,1200
1565 100 2640,648,1224,1200
1566 100 2640,648,1224,1200
1567 100 2592,648,1224,1200
1568 100 2592,648,1224,1200
1569 100 2568,648,1224,1224
1570 100 2568,648,1224,1224
1571 100 2568,648,1224,1224
1572 100 2568,648,1224,1224
1573 100 2568,648,1224,1200
1574 100 2568,648,1224,1200
1575 100 2568,648,1224,1200
1576 100 2568,648,1224,1200
1577 100 2568,648,1224,1200
1578 100 2568,648,1224,1200
1579 100 2568,648,1224,1200
1580 100 2568,648,1224,1200
1581 100 2568,648,1224,1200
1582 100 2568,648,1224,1200
1583 100 2568,648,1224,1200
1584 100 2568,648,1224,1200
1585 100 2568,648,1224,1200
1586 100 2568,648,1224,1200
1587 100 2568,648,1224,1224
1588 100 2568,648,1224,1224
1589 100 2568,648,1224,1224
1590 100 2568,648,1224,1224
1591 100 2568,648,1224,1224
1592 100 2568,648,1224,1224
1593 100 2568,648,1224,1224
1594 100 2568,648,1224,1224
1595 100 2568,648,1224,1224
1596 100 2568,648,1224,1224
1597 100 2568,648,1224,1224
1598 100 2568,648,1224,1224
1599 100 2568,648,1224,1224
1600 100 2568,648,1224,1224
1601 100 2568,648,1224,1224
1602 100 2568,648,1224,1224
1603 100 2568,648,1224,1224
1604 100 2568,648,1224,1224
1605 100 2568,648,1224,1224
1606 100 2568,648,1224,1224
1607 100 2568,648,1224,1224
1608 100 2544,648,1224,1224
1609 100 2544,648,1224,1224
1610 100 2544,648,1224,1224
1611 100 2544,648,1224,1224
1612 100 2544,648,1224,1224
1613 100 2544,648,1224,1224
1614 100 2544,648,1224,1224
1615 100 2544,648,1224,1224
1616 100 2544,648,1224,1224
1617 100 2520,648,1224,1224
1618 100 2520,648,1224,1224
1619 100 2520,648,1224,1224
1620 100 2520,648,1224,1224
1621 100 2520,648,1224,1224
1622 100 2520,672,1224,1200
1623 100 2520,672,1224,1200
1624 100 2520,648,1224,1224
1625 100 2520,648,1224,1224
1626 100 2520,648,1224,1224
1627 100 2520,648,1224,1224
1628 100 2496,672,1224,1200
1629 100 2496,672,1224,1200
1630 100 2496,672,1224,1200
1631 100 2496,672,1224,1200
1632 100 2496,672,1224,1200
1633 100 2496,672,1224,1200
1634 100 2472,648,1224,1224
1635 100 2472,648,1224,1224
1636 100 2472,648,1224,1224
1637 100 2472,648,1224,1224
1638 100 2448,672,1224,1200
1639 100 2448,672,1224,1200
1640 100 2448,648,1224,1224
1641 100 2448,648,1224,1224
1642 100 2448,648,1224,1224
1643 100 2448,648,1224,1224
1644 100 2448,648,1224,1224
1645 100 2448,648,1224,1224
1646 100 2448,648,1224,1224
1647 100 2448,648,1224,1224
1648 100 2448,648,1224,1224
1649 100 2448,648,1224,1224
1650 100 2448,648,1224,1224
1651 100 2424,648,1224,1224
1652 100 2424,648,1224,1224
1653 100 2424,648,1224,1224
1654 100 2424,648,1224,1224
1655 100 2424,648,1224,1224
1656 100 2424,648,1224,1224
1657 100 2424,648,1224,1224
1658 100 2424,648,1224,1224
1659 100 2424,648,1224,1224
1660 100 2424,648,1224,1224
1661 100 2424,648,1224,1224
1662 100 2424,648,1224,1224
1663 100 2424,648,1224,1224
1664 100 2424,648,1224,1224
1665 100 2424,648,1224,1224
1666 100 2424,648,1224,1224
1667 100 2424,648,1224,1224
1668 100 2424,648,1224,1224
1669 100 2424,648,1224,1224
1670 100 2424,648,1224,1224
1671 100 2424,648,1224,1224
1672 100 2424,648,1224,1224
1673 100 2424,648,1224,1224
1674 100 2424,648,1224,1224
1675 100 2424,648,1224,1224
1676 100 2424,648,1224,1224
1677 100 2424,648,1224,1224
1678 100 2424,648,1224,1224
1679 100 2424,648,1224,1224
1680 100 2424,648,1224,1224
1681 100 2424,648,1224,1224
1682 100 2400,672,1224,1200
1683 100 2400,672,1224,1200
1684 100 2400,672,1224,1200
1685 100 2400,672,1224,1200
1686 100 2400,672,1224,1200
1687 100 2400,672,1224,1200
1688 100 2400,672,1224,1224
1689 100 2400,672,1224,1224
1690 100 2400,672,1224,1224
1691 100 2400,672,1224,1224
1692 100 2400,672,1224,1224
1693 100 2400,672,1224,1224
1694 100 2400,672,1224,1224
1695 100 2400,672,1224,1200
1696 100 2400,672,1224,1200
1697 100 2400,672,1224,1200
1698 100 2400,672,1224,1200
1699 100 2400,672,1224,1200
1700 100 2400,672,1224,1200
1701 100 2400,672,1224,1200
1702 100 2400,672,1224,1200
1703 100 2400,672,1224,1200
1704 100 2400,672,1224,1200
1705 100 2400,672,1224,1200
1706 100 2424,672,1224,1200
1707 100 2424,672,1224,1200
1708 100 2424,672,1224,1200
1709 100 2424,672,1224,1200
1710 100 2424,672,1224,1200
1711 100 2424,672,1224,1200
1712 100 2424,672,1224,1200
1713 100 2424,672,1224,1200
1714 100 2424,672,1224,1200
1715 100 2424,672,1224,1200
1716 100 2424,672,1224,1200
1717 100 2424,672,1224,1200
1718 100 2424,672,1224,1200
1719 100 2424,672,1224,1200
1720 100 2424,672,1224,1200
1721 100 2424,672,1224,1200
1722 100 2424,672,1224,1200
1723 100 2424,672,1224,1200
1724 100 2424,672,1224,1200
1725 100 2424,672,1224,1200
1726 100 2424,672,1224,1200
1727 100 2424,672,1224,1200
1728 100 2424,672,1224,1200
1729 100 2400,672,1224,1200
1730 100 2400,672,1224,1200
1731 100 2400,672,1224,1200
1732 100 2400,672,1224,1200
1733 100 2400,672,1224,1200
1734 100 2400,672,1224,1200
1735 100 2352,672,1224,1200
1736 100 2352,672,1224,1200
1737 100 2352,672,1224,1200
1738 100 2352,672,1224,1200
1739 100 2328,672,1224,1200
1740 100 2328,672,1224,1200
1741 100 2328,672,1224,1200
1742 100 2328,672,1224,1200
1743 100 2304,672,1224,1200
1744 100 2304,672,1224,1200
1745 100 2304,672,1224,1200
1746 100 2280,648,1224,1224
1747 100 2280,648,1224,1224
1748 100 2280,648,1224,1224
1749 100 2280,624,1224,1224
1750 100 2280,624,1224,1224
1751 100 2280,624,1224,1224
1752 100 2280,624,1224,1224
1753 100 2256,600,1224,1224
1754 100 2256,600,1224,1224
1755 100 2256,600,1224,1224
1756 100 2256,600,1224,1224
1757 100 2256,600,1224,1224
1758 100 2232,600,1224,1200
1759 100 2232,600,1224,1200
1760 100 2232,600,1224,1200
1761 100 2232,576,1224,1224
1762 100 2232,576,1224,1224
1763 100 2232,576,1224,1224
1764 100 2208,576,1224,1224
1765 100 2208,576,1224,1224
1766 100 2208,576,1224,1200
1767 100 2208,576,1224,1200
1768 100 2208,576,1224,1200
1769 100 2208,576,1224,1200
1770 100 2208,576,1224,1200
1771 100 2208,552,1224,1224
1772 100 2208,552,1224,1224
1773 100 2208,552,1224,1224
1774 100 2160,552,1224,1224
1775 100 2160,552,1224,1224
1776 100 2160,576,1224,1200
1777 100 2160,576,1224,1200
1778 100 2160,576,1224,1200
1779 100 2160,576,1224,1200
1780 100 2136,576,1224,1200
1781 100 2136,576,1224,1200
1782 100 2136,576,1224,1200
1783 100 2136,576,1224,1200
1784 100 2136,576,1224,1200
1785 100 2136,576,1224,1200
1786 100 2136,576,1224,1200
1787 100 2112,552,1224,1224
1788 100 2112,552,1224,1224
1789 100 2112,552,1224,1224
1790 100 2088,552,1224,1200
1791 100 2088,552,1224,1200
1792 100 2088,552,1224,1200
1793 100 2088,552,1224,1200
1794 100 2088,552,1224,1200
1795 100 2088,552,1224,1200
1796 100 2088,552,1224,1200
1797 100 2088,552,1224,1200
1798 100 2064,552,1224,1200
1799 100 2064,552,1224,1200
1800 100 2064,552,1224,1200
1801 100 2064,552,1224,1200
1802 100 2064,552,1224,1200
1803 100 2088,552,1224,1200
1804 100 2088,552,1224,1200
1805 100 2088,552,1224,1200
1806 100 2088,552,1224,1200
1807 100 2088,552,1224,1224
1808 100 2088,552,1224,1224
1809 100 2088,552,1224,1224
1810 100 2088,552,1224,1224
1811 100 2088,576,1224,1200
1812 100 2088,576,1224,1200
1813 100 2064,576,1224,1200
1814 100 2064,576,1224,1200
1815 100 2064,576,1224,1200
1816 100 2064,576,1224,1200
1817 100 2040,576,1224,1224
1818 100 2040,576,1224,1224
1819 100 2040,576,1224,1224
1820 100 2040,576,1224,1224
1821 100 2016,600,1224,1200
1822 100 2016,600,1224,1200
1823 100 2016,600,1224,1200
1824 100 2016,600,1224,1200
1825 100 2016,600,1224,1200
1826 100 2016,600,1224,1200
1827 100 2016,600,1224,1200
1828 100 2016,600,1224,1200
1829 100 2016,600,1224,1200
1830 100 1992,600,1224,1200
1831 100 1992,600,1224,1200
1832 100 1992,600,1224,1200
1833 100 1992,600,1224,1200
1834 100 1968,600,1224,1224
1835 100 1968,600,1224,1224
1836 100 1968,600,1224,1224
1837 100 1968,600,1224,1224
1838 100 1968,624,1224,1200
1839 100 1968,624,1224,1200
1840 100 1968,624,1224,1200
1841 100 1968,624,1224,1200
1842 100 1968,624,1224,1200
1843 100 1968,624,1224,1200
1844 100 1968,624,1224,1200
1845 100 1968,624,1224,1200
1846 100 1968,624,1224,1200
1847 100 1968,624,1224,1200
1848 100 1968,624,1224,1200
1849 100 1968,624,1224,1200
1850 100 1968,624,1224,1200
1851 100 1968,624,1224,1200
1852 100 1968,624,1224,1200
1853 100 1968,624,1224,1200
1854 100 1968,624,1224,1200
1855 100 1968,624,1224,1200
1856 100 1968,624,1224,1200
1857 100 1968,624,1224,1200
1858 100 1968,624,1224,1200
1859 100 1968,624,1224,1200
1860 100 1968,624,1224,1200
1861 100 1968,624,1224,1200
1862 100 1968,624,1224,1200
1863 100 1968,624,1224,1200
1864 100 1968,624,1224,1200
1865 100 1968,624,1224,1200
1866 100 1968,624,1224,1200
1867 100 1968,624,1224,1200
1868 100 1968,624,1224,1224
1869 100 1968,624,1224,1224
1870 100 1968,624,1224,1224
1871 100 1968,624,1224,1224
1872 100 1968,624,1224,1224
1873 100 1968,624,1224,1224
1874 100 1968,624,1224,1224
1875 100 1968,624,1224,1224
1876 100 1968,624,1224,1224
1877 100 1968,624,1224,1224
1878 100 1968,624,1224,1224
1879 100 1968,624,1224,1224
1880 100 1968,624,1224,1224
1881 100 1968,624,1224,1224
1882 100 1968,624,1224,1224
1883 100 1968,624,1224,1224
1884 100 1968,624,1224,1224
1885 100 1968,624,1224,1224
1886 100 1968,624,1224,1224
1887 100 1968,624,1224,1224
1888 100 1968,624,1224,1224
1889 100 1968,624,1224,1224
1890 100 1968,624,1224,1224
1891 100 1968,624,1224,1224
1892 100 1968,624,1224,1224
1893 100 1968,624,1224,1224
1894 100 1968,624,1224,1224
1895 100 1944,624,1224,1224
1896 100 1944,624,1224,1224
1897 100 1944,624,1224,1224
1898 100 1944,624,1224,1224
1899 100 1944,624,1224,1224
1900 100 1944,624,1224,1224
1901 100 1944,624,1224,1224
1902 100 1968,624,1224,1200
1903 100 1968,624,1224,1200
1904 100 1968,624,1224,1200
1905 100 1968,624,1224,1200
1906 100 1968,624,1224,1224
1907 100 1968,624,1224,1224
1908 100 1968,624,1224,1224
1909 100 1968,624,1224,1224
1910 100 1968,624,1224,1224
1911 100 1968,624,1224,1224
1912 100 1944,624,1224,1224
1913 100 1944,624,1224,1224
1914 100 1944,624,1224,1224
1915 100 1944,624,1224,1224
1916 100 1944,624,1224,1224
1917 100 1944,624,1224,1224
1918 100 1944,624,1224,1224
1919 100 1944,648,1224,1200
1920 100 1944,648,1224,1200
1921 100 1944,648,1224,1200
1922 100 1920,648,1224,1200
1923 100 1920,648,1224,1200
1924 100 1920,648,1224,1200
1925 100 1920,648,1224,1200
1926 100 1920,648,1224,1200
1927 100 1920,648,1224,1200
1928 100 1920,648,1224,1200
1929 100 1896,648,1224,1200
1930 100 1896,648,1224,1200
1931 100 1896,648,1224,1200
1932 100 1896,648,1224,1200
1933 100 1896,624,1224,1224
1934 100 1896,624,1224,1224
1935 100 1896,624,1224,1224
1936 100 1896,648,1224,1200
1937 100 1896,648,1224,1200
1938 100 1896,648,1224,1200
1939 100 1896,648,1224,1200
1940 100 1896,648,1224,1200
1941 100 1896,648,1224,1200
1942 100 1896,648,1224,1200
1943 100 1896,648,1224,1200
1944 100 1896,648,1224,1200
1945 100 1896,648,1224,1200
1946 100 1896,648,1224,1200
1947 100 1896,648,1224,1200
1948 100 1896,648,1224,1200
1949 100 1896,624,1224,1224
1950 100 1896,624,1224,1224
1951 100 1896,624,1224,1224
1952 100 1896,624,1224,1224
1953 100 1896,648,1224,1200
1954 100 1896,648,1224,1200
1955 100 1896,648,1224,1200
1956 100 1896,648,1224,1200
1957 100 1896,648,1224,1200
1958 100 1896,648,1224,1200
1959 100 1920,624,1224,1224
1960 100 1920,624,1224,1224
1961 100 1920,624,1224,1224
1962 100 1920,624,1224,1224
1963 100 1920,624,1224,1224
1964 100 1920,624,1224,1224
1965 100 1920,624,1224,1224
1966 100 1920,624,1224,1224
1967 100 1920,624,1224,1224
1968 100 1920,624,1224,1224
1969 100 1920,624,1224,1224
1970 100 1920,624,1224,1224
1971 100 1920,624,1224,1224
1972 100 1920,624,1224,1224
1973 100 1920,624,1224,1224
1974 100 1920,624,1224,1224
1975 100 1920,624,1224,1224
1976 100 1920,624,1224,1224
1977 100 1920,624,1224,1224
1978 100 1920,624,1224,1224
1979 100 1920,624,1224,1224
1980 100 1944,624,1224,1224
1981 100 1944,624,1224,1224
1982 100 1944,624,1224,1224
1983 100 1944,624,1224,1224
1984 100 1920,624,1224,1224
1985 100 1920,624,1224,1224
1986 100 1920,624,1224,1224
1987 100 1944,624,1224,1200
1988 100 1944,624,1224,1200
1989 100 1944,624,1224,1200
1990 100 1944,600,1224,1224
1991 100 1944,600,1224,1224
1992 100 1944,600,1224,1224
1993 100 1968,576,1224,1224
1994 100 1968,576,1224,1224
1995 100 1968,576,1224,1224
1996 100 1992,552,1224,1224
1997 100 1992,552,1224,1224
1998 100 1992,552,1224,1224
1999 100 1992,552,1224,1224
2000 100 1992,552,1224,1224
2001 100 1992,528,1224,1224
2002 100 1992,528,1224,1224
2003 100 1992,528,1224,1224
2004 100 1968,528,1224,1200
2005 100 1968,528,1224,1200
2006 100 1968,528,1224,1200
2007 100 1968,504,1224,1224
2008 100 1968,504,1224,1224
2009 100 1968,504,1224,1224
2010 100 1944,480,1224,1224
2011 100 1944,480,1224,1224
2012 100 1944,480,1224,1224
2013 100 1944,480,1224,1224
2014 100 1944,480,1224,1224
2015 100 1944,480,1224,1224
2016 100 1944,480,1224,1224
2017 100 1944,504,1224,1200
2018 100 1944,504,1224,1200
2019 100 1944,504,1224,1200
2020 100 1944,504,1224,1200
2021 100 1944,504,1224,1224
2022 100 1944,504,1224,1224
2023 100 1944,504,1224,1224
2024 100 1968,504,1224,1224
2025 100 1968,504,1224,1224
2026 100 1968,504,1224,1224
2027 100 1968,504,1224,1224
2028 100 1968,504,1224,1224
2029 100 1968,504,1224,1224
2030 100 1968,504,1224,1224
2031 100 1968,504,1224,1224
2032 100 1968,504,1224,1224
2033 100 1968,504,1224,1224
2034 100 1968,528,1224,1200
2035 100 1968,528,1224,1200
2036 100 1968,528,1224,1200
2037 100 1968,528,1224,1200
2038 100 1968,528,1224,1200
2039 100 1968,528,1224,1200
2040 100 1968,528,1224,1200
2041 100 1968,528,1224,1200
2042 100 1968,528,1224,1200
2043 100 1968,528,1224,1200
2044 100 1968,528,1224,1200
2045 100 1968,528,1224,1200
2046 100 1968,528,1224,1200
2047 100 1968,528,1224,1200
2048 100 1968,528,1224,1200
2049 100 1968,528,1224,1200
2050 100 1968,528,1224,1200
2051 100 1968,528,1224,1200
2052 100 1968,528,1224,1200
2053 100 1968,528,1224,1200
2054 100 1968,528,1224,1200
2055 100 1968,528,1224,1224
2056 100 1968,528,1224,1224
2057 100 1968,528,1224,1224
2058 100 1968,528,1224,1224
2059 100 1968,528,1224,1224
2060 100 1968,528,1224,1224
2061 100 1968,528,1224,1224
2062 100 1968,528,1224,1224
2063 100 1968,528,1224,1224
2064 100 1968,528,1224,1224
2065 100 1968,528,1224,1224
2066 100 1968,528,1224,1224
2067 100 1968,528,1224,1224
2068 100 1968,528,1224,1224
2069 100 1968,528,1224,1224
2070 100 1968,528,1224,1224
2071 100 1968,528,1224,1224
2072 100 1968,528,1224,1224
2073 100 1968,528,1224,1224
2074 100 1968,528,1224,1224
2075 100 1968,528,1224,1224
2076 100 1968,528,1224,1224
2077 100 1968,528,1224,1224
2078 100 1968,528,1224,1224
2079 100 1944,528,1224,1200
2080 100 1944,528,1224,1200
2081 100 1944,528,1224,1200
2082 100 1944,528,1224,1200
2083 100 1944,528,1224,1200
2084 100 1944,528,1224,1200
2085 100 1944,528,1224,1200
2086 100 1944,528,1224,1200
2087 100 1944,528,1224,1200
2088 100 1944,528,1224,1200
2089 100 1944,504,1224,1224
2090 100 1944,504,1224,1224
2091 100 1944,504,1224,1224
2092 100 1944,504,1224,1224
2093 100 1944,504,1224,1224
2094 100 1944,504,1224,1224
2095 100 1944,504,1224,1224
2096 100 1944,504,1224,1224
2097 100 1944,504,1224,1224
2098 100 1944,504,1224,1224
2099 100 1944,504,1224,1224
