0 100 1104,504,1224,1224
1 100 1104,504,1224,1224
2 100 1104,504,1224,1224
3 100 1104,504,1224,1224
4 100 1104,504,1224,1224
5 100 1104,504,1224,1224
6 100 1104,504,1224,1224
7 100 1104,504,1224,1224
8 100 1104,504,1224,1224
9 100 1104,504,1224,1224
10 100 1128,528,1224,1200
11 100 1128,528,1224,1200
12 100 1152,552,1224,1200
13 100 1176,552,1224,1200
14 100 1176,552,1224,1200
15 100 1200,552,1224,1200
16 100 1200,552,1224,1224
17 100 1200,552,1224,1224
18 100 1224,576,1224,1200
19 100 1224,576,1224,1200
20 100 1224,576,1224,1200
21 100 1224,576,1224,1200
22 100 1248,576,1224,1200
23 100 1272,576,1224,1224
24 100 1272,576,1224,1224
25 100 1272,576,1224,1224
26 100 1272,600,1224,1200
27 100 1272,600,1224,1200
28 100 1272,600,1224,1200
29 100 1272,600,1224,1200
30 100 1272,600,1224,1200
31 100 1272,600,1224,1200
32 100 1272,600,1224,1200
33 100 1272,600,1224,1200
34 100 1272,600,1224,1200
35 100 1272,600,1224,1200
36 100 1272,600,1224,1200
37 100 1272,600,1224,1200
38 100 1272,600,1224,1200
39 100 1272,600,1224,1200
40 100 1272,600,1224,1200
41 100 1272,600,1224,1200
42 100 1272,600,1224,1224
43 100 1272,600,1224,1224
44 100 1272,600,1224,1224
45 100 1272,624,1224,1200
46 100 1272,624,1224,1200
47 100 1296,624,1224,1200
48 100 1296,624,1224,1200
49 100 1296,624,1224,1200
50 100 1296,648,1224,1200
51 100 1296,648,1224,1200
52 100 1296,648,1224,1200
53 100 1296,648,1224,1200
54 100 1296,648,1224,1200
55 100 1296,648,1224,1200
56 100 1296,648,1224,1200
57 100 1296,648,1224,1200
58 100 1296,624,1224,1224
59 100 1296,624,1224,1224
60 100 1296,624,1224,1224
61 100 1296,624,1224,1224
62 100 1296,624,1224,1224
63 100 1320,624,1224,1224
64 100 1320,624,1224,1224
65 100 1368,624,1224,1224
66 100 1368,624,1224,1224
67 100 1416,648,1224,1200
68 100 1464,648,1224,1224
69 100 1464,648,1224,1224
70 100 1464,648,1224,1224
71 100 1512,648,1224,1200
72 100 1512,648,1224,1200
73 100 1512,624,1224,1224
74 100 1512,624,1224,1224
75 100 1512,624,1224,1224
76 100 1512,624,1224,1224
77 100 1512,648,1224,1200
78 100 1512,648,1224,1200
79 100 1512,648,1224,1200
80 100 1536,648,1224,1200
81 100 1536,648,1224,1200
82 100 1536,648,1224,1200
83 100 1536,648,1224,1200
84 100 1536,624,1224,1224
85 100 1536,624,1224,1224
86 100 1560,624,1224,1224
87 100 1560,624,1224,1224
88 100 1584,624,1224,1224
89 100 1584,624,1224,1224
90 100 1584,624,1224,1224
91 100 1584,624,1224,1224
92 100 1584,624,1224,1224
93 100 1584,624,1224,1224
94 100 1584,624,1224,1224
95 100 1584,624,1224,1224
96 100 1584,624,1224,1224
97 100 1584,624,1224,1224
98 100 1584,624,1224,1224
99 100 1584,624,1224,1224
100 100 1608,624,1224,1224
101 100 1608,624,1224,1224
102 100 1608,624,1224,1224
103 100 1608,624,1224,1224
104 100 1608,624,1224,1224
105 100 1608,624,1224,1224
106 100 1608,624,1224,1224
107 100 1632,624,1224,1224
108 100 1632,624,1224,1224
109 100 1632,624,1224,1224
110 100 1656,648,1224,1200
111 100 1656,648,1224,1200
112 100 1704,672,1224,1200
113 100 1728,672,1224,1200
114 100 1728,672,1224,1200
115 100 1752,672,1224,1200
116 100 1752,672,1224,1200
117 100 1800,672,1224,1200
118 100 1800,672,1224,1200
119 100 1800,672,1224,1200
120 100 1800,672,1224,1200
121 100 1800,672,1224,1200
122 100 1824,672,1224,1200
123 100 1824,672,1224,1200
124 100 1824,672,1224,1200
125 100 1848,672,1224,1200
126 100 1848,672,1224,1200
127 100 1848,672,1224,1200
128 100 1848,672,1224,1200
129 100 1872,672,1224,1200
130 100 1872,672,1224,1200
131 100 1872,672,1224,1200
132 100 1872,672,1224,1200
133 100 1872,672,1224,1200
134 100 1872,672,1224,1200
135 100 1848,672,1224,1200
136 100 1848,672,1224,1200
137 100 1848,672,1224,1200
138 100 1848,672,1224,1200
139 100 1848,672,1224,1200
140 100 1824,672,1224,1200
141 100 1824,672,1224,1200
142 100 1824,672,1224,1200
143 100 1848,672,1224,1224
144 100 1848,672,1224,1200
145 100 1848,672,1224,1200
146 100 1848,672,1224,1200
147 100 1848,672,1224,1200
148 100 1824,672,1224,1224
149 100 1824,672,1224,1224
150 100 1824,672,1224,1224
151 100 1776,672,1224,1200
152 100 1728,672,1224,1200
153 100 1728,672,1224,1200
154 100 1728,672,1224,1200
155 100 1680,672,1224,1200
156 100 1656,648,1224,1224
157 100 1632,648,1224,1224
158 100 1632,648,1224,1224
159 100 1584,648,1224,1224
160 100 1560,648,1224,1224
161 100 1560,648,1224,1224
162 100 1512,672,1224,1200
163 100 1512,672,1224,1200
164 100 1512,672,1224,1200
165 100 1464,672,1224,1200
166 100 1464,672,1224,1200
167 100 1416,672,1224,1200
168 100 1392,672,1224,1200
169 100 1392,672,1224,1200
170 100 1368,672,1224,1200
171 100 1368,672,1224,1200
172 100 1344,672,1224,1200
173 100 1320,672,1224,1200
174 100 1320,672,1224,1200
175 100 1320,672,1224,1200
176 100 1296,672,1224,1200
177 100 1296,672,1224,1200
178 100 1272,672,1224,1200
179 100 1272,672,1224,1200
180 100 1248,672,1224,1224
181 100 1224,672,1224,1224
182 100 1200,672,1224,1224
183 100 1200,672,1224,1224
184 100 1176,672,1224,1200
185 100 1176,672,1224,1200
186 100 1128,672,1224,1200
187 100 1128,672,1224,1200
188 100 1080,672,1224,1224
189 100 1080,672,1224,1224
190 100 1032,672,1224,1224
191 100 1032,672,1224,1224
192 100 984,696,1224,1200
193 100 936,696,1224,1200
194 100 912,696,1224,1200
195 100 912,696,1224,1200
196 100 888,672,1224,1224
197 100 864,672,1224,1224
198 100 864,672,1224,1224
199 100 864,672,1224,1224
200 100 840,696,1224,1200
201 100 840,696,1224,1200
202 100 792,696,1224,1224
203 100 768,696,1224,1224
204 100 768,696,1224,1224
205 100 768,696,1224,1200
206 100 768,696,1224,1200
207 100 744,672,1224,1200
208 100 744,672,1224,1200
209 100 744,672,1224,1200
210 100 696,672,1224,1224
211 100 696,672,1224,1224
212 100 672,696,1224,1200
213 100 672,696,1224,1200
214 100 648,696,1224,1200
215 100 648,696,1224,1200
216 100 648,696,1224,1200
217 100 648,672,1224,1224
218 100 648,672,1224,1224
219 100 648,696,1224,1200
220 100 648,696,1224,1200
221 100 648,696,1224,1200
222 100 600,720,1224,1200
223 100 600,720,1224,1200
224 100 552,720,1224,1224
225 100 504,744,1224,1200
226 100 504,744,1224,1224
227 100 504,744,1224,1224
228 100 456,768,1224,1200
229 100 456,768,1224,1200
230 100 432,792,1224,1224
231 100 432,792,1224,1224
232 100 384,840,1224,1200
233 100 384,840,1224,1200
234 100 360,864,1224,1200
235 100 360,864,1224,1200
236 100 336,888,1224,1200
237 100 336,888,1224,1200
238 100 288,912,1224,1200
239 100 264,912,1224,1200
240 100 264,912,1224,1224
241 100 264,912,1224,1224
242 100 240,936,1224,1200
243 100 240,936,1224,1200
244 100 216,960,1224,1200
245 100 216,960,1224,1200
246 100 192,960,1224,1200
247 100 192,960,1224,1200
248 100 192,960,1224,1200
249 100 192,960,1224,1200
250 100 192,960,1224,1200
251 100 192,960,1224,1200
252 100 192,960,1224,1200
253 100 168,960,1224,1200
254 100 168,960,1224,1200
255 100 168,960,1224,1200
256 100 168,960,1224,1200
257 100 72,984,1224,1176
258 100 0,1008,1224,1152
259 100 0,1008,1224,1152
260 100 0,1032,1224,1128
261 100 0,1032,1224,1128
262 100 0,1032,1224,1128
263 100 0,1032,1224,1128
264 100 0,1032,1224,1128
265 100 0,1032,1224,1128
266 100 0,1032,1224,1128
267 100 0,1032,1224,1128
268 100 0,1032,1224,1128
269 100 0,1032,1224,1128
270 100 0,1032,1224,1128
271 100 0,1032,1224,1128
272 100 0,1032,1224,1128
273 100 0,1032,1224,1128
274 100 0,1032,1224,1128
275 100 0,1032,1224,1128
276 100 0,1032,1224,1128
277 100 0,1032,1224,1128
278 100 0,1032,1224,1128
279 100 0,1032,1224,1128
280 100 0,1032,1224,1128
281 100 0,1032,1224,1128
282 100 0,1032,1224,1128
283 100 0,1008,1224,1152
284 100 384,1008,1224,1152
285 100 384,1008,1224,1152
286 100 96,984,1224,1176
287 100 120,936,1224,1224
288 100 120,936,1224,1224
289 100 120,936,1224,1224
290 100 168,936,1224,1200
291 100 216,912,1224,1200
292 100 216,888,1224,1224
293 100 216,888,1224,1224
294 100 216,888,1224,1200
295 100 216,888,1224,1224
296 100 216,888,1224,1224
297 100 192,888,1224,1224
298 100 192,888,1224,1224
299 100 192,888,1224,1224
300 100 192,888,1224,1224
301 100 192,888,1224,1200
302 100 192,888,1224,1224
303 100 192,888,1224,1224
304 100 144,888,1224,1224
305 100 144,888,1224,1224
306 100 96,912,1224,1248
307 100 48,936,1224,1224
308 100 48,936,1224,1224
309 100 48,936,1224,1224
310 100 48,936,1224,1224
311 100 48,936,1224,1224
312 100 24,936,1224,1224
313 100 0,936,1224,1224
314 100 0,936,1224,1224
315 100 0,936,1224,1224
316 100 0,936,1224,1224
317 100 0,936,1224,1224
318 100 24,936,1224,1224
319 100 24,936,1224,1224
320 100 1632,936,1224,1224
321 100 1536,936,1224,1224
322 100 1536,936,1224,1224
323 100 1224,960,1224,1200
324 100 1488,960,1224,1200
325 100 1512,960,1224,1200
326 100 1824,936,1224,1224
327 100 1848,936,1224,1224
328 100 1968,936,1224,1224
329 100 2040,936,1224,1224
330 100 0,936,1224,1224
331 100 0,936,1224,1224
332 100 24,936,1224,1224
333 100 24,936,1224,1224
334 100 0,936,1224,1224
335 100 0,936,1224,1224
336 100 0,936,1224,1224
337 100 0,936,1224,1224
338 100 0,936,1224,1224
339 100 0,936,1224,1224
340 100 0,936,1224,1224
341 100 0,936,1224,1224
342 100 0,936,1224,1224
343 100 0,960,1224,1200
344 100 0,960,1224,1200
345 100 0,960,1224,1200
346 100 0,936,1224,1224
347 100 0,936,1224,1224
348 100 0,936,1224,1224
349 100 0,936,1224,1224
350 100 24,960,1224,1200
351 100 24,960,1224,1200
352 100 24,960,1224,1200
353 100 24,960,1224,1200
354 100 24,960,1224,1200
355 100 24,960,1224,1200
356 100 48,960,1224,1200
357 100 48,960,1224,1200
358 100 72,960,1224,1200
359 100 72,960,1224,1200
360 100 120,960,1224,1200
361 100 120,960,1224,1200
362 100 192,936,1224,1224
363 100 216,936,1224,1200
364 100 264,912,1224,1224
365 100 288,912,1224,1224
366 100 384,888,1224,1224
367 100 384,864,1224,1248
368 100 456,864,1224,1224
369 100 456,864,1224,1224
370 100 504,840,1224,1224
371 100 528,840,1224,1224
372 100 552,840,1224,1224
373 100 576,840,1224,1224
374 100 600,816,1224,1224
375 100 624,816,1224,1224
376 100 648,816,1224,1224
377 100 648,816,1224,1224
378 100 672,816,1224,1224
379 100 696,816,1224,1200
380 100 744,792,1224,1224
381 100 744,792,1224,1224
382 100 792,792,1224,1200
383 100 816,792,1224,1200
384 100 864,768,1224,1224
385 100 864,768,1224,1224
386 100 912,768,1224,1200
387 100 912,768,1224,1200
388 100 960,744,1224,1224
389 100 960,744,1224,1224
390 100 1008,744,1224,1200
391 100 1008,744,1224,1200
392 100 1056,720,1224,1224
393 100 1056,720,1224,1224
394 100 1080,720,1224,1200
395 100 1104,720,1224,1200
396 100 1128,720,1224,1200
397 100 1128,720,1224,1200
398 100 1176,696,1224,1200
399 100 1176,696,1224,1200
400 100 1200,696,1224,1200
401 100 1200,696,1224,1200
402 100 1200,696,1224,1200
403 100 1200,696,1224,1200
404 100 1200,696,1224,1200
405 100 1200,696,1224,1200
406 100 1200,696,1224,1200
407 100 1224,696,1224,1200
408 100 1224,696,1224,1200
409 100 1224,696,1224,1200
410 100 1224,672,1224,1224
411 100 1224,672,1224,1224
412 100 1224,672,1224,1200
413 100 1224,672,1224,1200
414 100 1224,672,1224,1200
415 100 1224,672,1224,1200
416 100 1248,672,1224,1200
417 100 1248,672,1224,1200
418 100 1248,672,1224,1200
419 100 1248,672,1224,1200
420 100 1248,672,1224,1200
421 100 1248,672,1224,1200
422 100 1248,672,1224,1200
423 100 1248,672,1224,1200
424 100 1248,648,1224,1224
425 100 1272,648,1224,1224
426 100 1272,648,1224,1200
427 100 1272,648,1224,1200
428 100 1272,648,1224,1200
429 100 1272,648,1224,1200
430 100 1272,648,1224,1200
431 100 1272,648,1224,1200
432 100 1272,648,1224,1200
433 100 1272,648,1224,1200
434 100 1272,648,1224,1200
435 100 1272,648,1224,1200
436 100 1248,648,1224,1200
437 100 1248,648,1224,1200
438 100 1248,648,1224,1224
439 100 1248,648,1224,1224
440 100 1248,648,1224,1224
441 100 1248,648,1224,1224
442 100 1248,648,1224,1224
443 100 1248,672,1224,1200
444 100 1224,672,1224,1200
445 100 1224,672,1224,1224
446 100 1200,696,1224,1200
447 100 1200,696,1224,1200
448 100 1200,696,1224,1200
449 100 1176,720,1224,1200
450 100 1176,720,1224,1200
451 100 1152,744,1224,1200
452 100 1152,744,1224,1200
453 100 1128,768,1224,1200
454 100 1128,768,1224,1200
455 100 1104,768,1224,1200
456 100 1104,768,1224,1200
457 100 1080,792,1224,1200
458 100 1080,792,1224,1200
459 100 1080,792,1224,1200
460 100 1080,792,1224,1200
461 100 1080,792,1224,1200
462 100 1080,792,1224,1200
463 100 1080,792,1224,1200
464 100 1080,792,1224,1200
465 100 1080,792,1224,1200
466 100 1080,792,1224,1200
467 100 1080,792,1224,1200
468 100 1080,792,1224,1200
469 100 1080,768,1224,1224
470 100 1080,768,1224,1224
471 100 1080,768,1224,1200
472 100 1080,768,1224,1224
473 100 1080,768,1224,1200
474 100 1056,768,1224,1200
475 100 1032,768,1224,1200
476 100 1032,768,1224,1200
477 100 1008,768,1224,1200
478 100 1008,768,1224,1200
479 100 984,768,1224,1200
480 100 984,768,1224,1200
481 100 960,768,1224,1200
482 100 960,768,1224,1200
483 100 936,768,1224,1200
484 100 936,744,1224,1224
485 100 912,744,1224,1224
486 100 912,744,1224,1224
487 100 912,744,1224,1200
488 100 912,744,1224,1200
489 100 912,744,1224,1200
490 100 936,744,1224,1200
491 100 936,744,1224,1200
492 100 936,744,1224,1200
493 100 936,744,1224,1200
494 100 936,744,1224,1200
495 100 936,744,1224,1200
496 100 936,744,1224,1200
497 100 936,744,1224,1200
498 100 936,744,1224,1200
499 100 936,744,1224,1200
500 100 960,720,1224,1224
501 100 960,720,1224,1200
502 100 960,720,1224,1200
503 100 960,720,1224,1200
504 100 984,696,1224,1200
505 100 984,696,1224,1200
506 100 1008,696,1224,1200
507 100 1032,696,1224,1200
508 100 1032,672,1224,1224
509 100 1056,672,1224,1224
510 100 1056,672,1224,1224
511 100 1080,672,1224,1200
512 100 1080,672,1224,1200
513 100 1104,672,1224,1200
514 100 1104,672,1224,1200
515 100 1128,672,1224,1200
516 100 1128,672,1224,1200
517 100 1128,672,1224,1200
518 100 1128,672,1224,1200
519 100 1152,672,1224,1200
520 100 1152,672,1224,1200
521 100 1152,672,1224,1200
522 100 1152,672,1224,1200
523 100 1152,672,1224,1200
524 100 1152,672,1224,1200
525 100 1176,672,1224,1200
526 100 1176,672,1224,1200
527 100 1176,672,1224,1200
528 100 1176,672,1224,1200
529 100 1200,672,1224,1200
530 100 1200,672,1224,1200
531 100 1200,672,1224,1200
532 100 1200,672,1224,1200
533 100 1200,672,1224,1200
534 100 1200,672,1224,1200
535 100 1224,648,1224,1200
536 100 1224,624,1224,1224
537 100 1248,624,1224,1224
538 100 1248,624,1224,1224
539 100 1248,624,1224,1200
540 100 1272,600,1224,1200
541 100 1272,600,1224,1200
542 100 1272,600,1224,1200
543 100 1272,600,1224,1200
544 100 1272,600,1224,1200
545 100 1272,576,1224,1224
546 100 1272,576,1224,1224
547 100 1296,576,1224,1200
548 100 1296,576,1224,1200
549 100 1296,552,1224,1224
550 100 1296,552,1224,1224
551 100 1296,552,1224,1200
552 100 1296,552,1224,1200
553 100 1320,528,1224,1200
554 100 1320,528,1224,1200
555 100 1320,528,1224,1200
556 100 1320,528,1224,1200
557 100 1320,504,1224,1200
558 100 1320,504,1224,1200
559 100 1320,504,1224,1200
560 100 1320,504,1224,1200
561 100 1320,504,1224,1200
562 100 1320,504,1224,1200
563 100 1320,504,1224,1200
564 100 1320,504,1224,1200
565 100 1320,504,1224,1200
566 100 1320,504,1224,1200
567 100 1320,504,1224,1200
568 100 1320,504,1224,1200
569 100 1320,504,1224,1200
570 100 1320,504,1224,1200
571 100 1320,504,1224,1200
572 100 1320,504,1224,1200
573 100 1320,504,1224,1200
574 100 1320,504,1224,1200
575 100 1320,504,1224,1224
576 100 1320,528,1224,1200
577 100 1320,528,1224,1200
578 100 1320,528,1224,1200
579 100 1320,528,1224,1200
580 100 1320,528,1224,1200
581 100 1320,528,1224,1200
582 100 1320,528,1224,1200
583 100 1320,528,1224,1200
584 100 1320,528,1224,1200
585 100 1296,528,1224,1200
586 100 1296,552,1224,1200
587 100 1296,552,1224,1200
588 100 1296,552,1224,1200
589 100 1296,552,1224,1200
590 100 1296,552,1224,1224
591 100 1296,552,1224,1224
592 100 1272,576,1224,1200
593 100 1272,576,1224,1200
594 100 1272,600,1224,1224
595 100 1248,624,1224,1200
596 100 1200,696,1224,1200
597 100 1176,720,1224,1200
598 100 1176,720,1224,1224
599 100 1176,720,1224,1224
600 100 1152,744,1224,1200
601 100 1152,744,1224,1200
602 100 1128,768,1224,1200
603 100 1104,792,1224,1200
604 100 1104,792,1224,1224
605 100 1080,816,1224,1200
606 100 1080,816,1224,1200
607 100 1080,816,1224,1224
608 100 1080,816,1224,1224
609 100 1080,816,1224,1224
610 100 1080,816,1224,1224
611 100 1080,816,1224,1200
612 100 1080,816,1224,1200
613 100 1080,816,1224,1200
614 100 1080,816,1224,1224
615 100 1080,816,1224,1224
616 100 1080,816,1224,1224
617 100 1080,816,1224,1200
618 100 1080,816,1224,1200
619 100 1080,816,1224,1200
620 100 1080,816,1224,1200
621 100 1080,816,1224,1200
622 100 1080,816,1224,1200
623 100 1080,816,1224,1200
624 100 1080,816,1224,1200
625 100 1080,816,1224,1200
626 100 1080,816,1224,1200
627 100 1104,792,1224,1224
628 100 1104,792,1224,1224
629 100 1104,792,1224,1224
630 100 1104,792,1224,1224
631 100 1104,792,1224,1224
632 100 1104,792,1224,1200
633 100 1104,792,1224,1200
634 100 1128,792,1224,1200
635 100 1128,792,1224,1200
636 100 1128,768,1224,1224
637 100 1128,768,1224,1224
638 100 1152,768,1224,1200
639 100 1152,768,1224,1200
640 100 1152,744,1224,1224
641 100 1152,744,1224,1224
642 100 1176,744,1224,1200
643 100 1176,744,1224,1200
644 100 1200,720,1224,1200
645 100 1200,720,1224,1200
646 100 1224,648,1224,1200
647 100 1224,648,1224,1200
648 100 1248,624,1224,1200
649 100 1248,624,1224,1200
650 100 1248,624,1224,1200
651 100 1248,624,1224,1200
652 100 1248,624,1224,1200
653 100 1248,624,1224,1200
654 100 1248,624,1224,1200
655 100 1248,624,1224,1200
656 100 1248,624,1224,1200
657 100 1248,624,1224,1200
658 100 1248,624,1224,1200
659 100 1248,624,1224,1200
660 100 1248,624,1224,1200
661 100 1248,624,1224,1200
662 100 1248,624,1224,1224
663 100 1248,624,1224,1224
664 100 1248,648,1224,1200
665 100 1248,648,1224,1200
666 100 1224,648,1224,1200
667 100 1224,648,1224,1200
668 100 1224,648,1224,1200
669 100 1224,648,1224,1200
670 100 1248,648,1224,1200
671 100 1248,648,1224,1200
672 100 1224,648,1224,1200
673 100 1224,648,1224,1200
674 100 1224,648,1224,1200
675 100 1224,648,1224,1200
676 100 1224,648,1224,1200
677 100 1224,648,1224,1200
678 100 1224,648,1224,1200
679 100 1224,648,1224,1200
680 100 1224,648,1224,1200
681 100 1224,648,1224,1200
682 100 1224,648,1224,1200
683 100 1224,648,1224,1200
684 100 1224,648,1224,1200
685 100 1224,648,1224,1224
686 100 1224,648,1224,1224
687 100 1224,648,1224,1224
688 100 1224,648,1224,1224
689 100 1224,648,1224,1224
690 100 1224,648,1224,1224
691 100 1224,648,1224,1200
692 100 1224,648,1224,1200
693 100 1224,648,1224,1200
694 100 1224,648,1224,1224
695 100 1224,648,1224,1224
696 100 1224,648,1224,1224
697 100 1224,648,1224,1224
698 100 1224,648,1224,1224
699 100 1224,648,1224,1224
700 100 1224,648,1224,1224
701 100 1224,648,1224,1224
702 100 1224,648,1224,1224
703 100 1224,648,1224,1224
704 100 1224,648,1224,1224
705 100 1224,648,1224,1224
706 100 1224,672,1224,1200
707 100 1224,672,1224,1200
708 100 1224,672,1224,1200
709 100 1224,672,1224,1200
710 100 1224,672,1224,1200
711 100 1224,672,1224,1200
712 100 1224,672,1224,1200
713 100 1224,672,1224,1200
714 100 1224,672,1224,1200
715 100 1224,672,1224,1200
716 100 1224,672,1224,1200
717 100 1224,672,1224,1200
718 100 1224,672,1224,1200
719 100 1224,672,1224,1200
720 100 1200,672,1224,1224
721 100 1200,672,1224,1224
722 100 1200,672,1224,1224
723 100 1200,696,1224,1200
724 100 1200,696,1224,1200
725 100 1200,696,1224,1200
726 100 1200,696,1224,1200
727 100 1200,696,1224,1200
728 100 1200,696,1224,1200
729 100 1200,696,1224,1200
730 100 1200,696,1224,1200
731 100 1200,696,1224,1224
732 100 1200,696,1224,1224
733 100 1200,720,1224,1200
734 100 1200,720,1224,1200
735 100 1200,720,1224,1200
736 100 1176,720,1224,1200
737 100 1176,720,1224,1200
738 100 1176,720,1224,1200
739 100 1176,720,1224,1224
740 100 1176,720,1224,1224
741 100 1176,744,1224,1200
742 100 1176,744,1224,1200
743 100 1176,744,1224,1200
744 100 1176,744,1224,1200
745 100 1176,744,1224,1200
746 100 1152,744,1224,1200
747 100 1152,744,1224,1224
748 100 1152,744,1224,1224
749 100 1152,768,1224,1200
750 100 1152,768,1224,1200
751 100 1152,768,1224,1200
752 100 1128,768,1224,1200
753 100 1128,768,1224,1200
754 100 1128,768,1224,1200
755 100 1128,768,1224,1224
756 100 1128,768,1224,1224
757 100 1128,768,1224,1224
758 100 1104,768,1224,1224
759 100 1104,768,1224,1224
760 100 1104,768,1224,1224
761 100 1104,768,1224,1224
762 100 1104,768,1224,1224
763 100 1104,768,1224,1224
764 100 1104,768,1224,1224
765 100 1104,768,1224,1224
766 100 1104,768,1224,1224
767 100 1104,768,1224,1224
768 100 1104,768,1224,1224
769 100 1104,768,1224,1224
770 100 1104,768,1224,1224
771 100 1104,768,1224,1224
772 100 1104,768,1224,1224
773 100 1104,768,1224,1224
774 100 1128,768,1224,1224
775 100 1128,768,1224,1224
776 100 1128,768,1224,1200
777 100 1128,768,1224,1200
778 100 1128,768,1224,1200
779 100 1104,768,1224,1200
780 100 1104,768,1224,1200
781 100 1104,768,1224,1200
782 100 1104,768,1224,1200
783 100 1104,768,1224,1200
784 100 1104,768,1224,1200
785 100 1104,768,1224,1200
786 100 1104,768,1224,1200
787 100 1104,768,1224,1200
788 100 1104,768,1224,1200
789 100 1104,768,1224,1200
790 100 1104,768,1224,1200
791 100 1104,768,1224,1200
792 100 1104,768,1224,1200
793 100 1104,768,1224,1200
794 100 1104,768,1224,1200
795 100 1104,768,1224,1200
796 100 1104,768,1224,1200
797 100 1104,768,1224,1200
798 100 1104,768,1224,1200
799 100 1104,768,1224,1200
800 100 1104,768,1224,1200
801 100 1104,768,1224,1200
802 100 1104,768,1224,1200
803 100 1104,768,1224,1200
804 100 1104,768,1224,1200
805 100 1104,744,1224,1224
806 100 1128,744,1224,1224
807 100 1128,744,1224,1224
808 100 1128,744,1224,1224
809 100 1128,744,1224,1224
810 100 1128,744,1224,1224
811 100 1128,744,1224,1224
812 100 1128,744,1224,1224
813 100 1128,744,1224,1224
814 100 1128,744,1224,1224
815 100 1128,744,1224,1224
816 100 1128,744,1224,1224
817 100 1128,744,1224,1224
818 100 1128,744,1224,1224
819 100 1128,744,1224,1224
820 100 1128,744,1224,1224
821 100 1128,744,1224,1224
822 100 1128,744,1224,1224
823 100 1128,768,1224,1200
824 100 1128,768,1224,1200
825 100 1128,768,1224,1200
826 100 1128,744,1224,1224
827 100 1128,744,1224,1224
828 100 1128,744,1224,1224
829 100 1128,744,1224,1224
830 100 1128,744,1224,1224
831 100 1128,744,1224,1224
832 100 1152,744,1224,1200
833 100 1152,744,1224,1200
834 100 1152,744,1224,1200
835 100 1152,744,1224,1200
836 100 1152,720,1224,1224
837 100 1152,720,1224,1224
838 100 1152,720,1224,1224
839 100 1176,720,1224,1200
840 100 1176,720,1224,1200
841 100 1176,720,1224,1200
842 100 1176,720,1224,1200
843 100 1176,720,1224,1200
844 100 1176,720,1224,1200
845 100 1176,720,1224,1200
846 100 1176,720,1224,1200
847 100 1176,696,1224,1224
848 100 1176,696,1224,1224
849 100 1176,696,1224,1224
850 100 1176,696,1224,1200
851 100 1176,696,1224,1200
852 100 1176,696,1224,1200
853 100 1176,696,1224,1200
854 100 1176,696,1224,1200
855 100 1152,696,1224,1200
856 100 1152,696,1224,1200
857 100 1152,696,1224,1224
858 100 1152,696,1224,1224
859 100 1152,720,1224,1200
860 100 1152,720,1224,1200
861 100 1152,720,1224,1200
862 100 1152,720,1224,1200
863 100 1152,720,1224,1200
864 100 1152,720,1224,1200
865 100 1152,720,1224,1200
866 100 1152,720,1224,1200
867 100 1152,720,1224,1200
868 100 1152,720,1224,1200
869 100 1152,720,1224,1200
870 100 1152,720,1224,1200
871 100 1152,720,1224,1200
872 100 1152,720,1224,1200
873 100 1152,720,1224,1200
874 100 1152,720,1224,1200
875 100 1152,720,1224,1200
876 100 1152,720,1224,1200
877 100 1152,720,1224,1200
878 100 1152,720,1224,1200
879 100 1152,720,1224,1200
880 100 1152,720,1224,1200
881 100 1152,720,1224,1200
882 100 1152,720,1224,1200
883 100 1152,720,1224,1200
884 100 1152,720,1224,1200
885 100 1152,720,1224,1200
886 100 1152,720,1224,1200
887 100 1152,720,1224,1200
888 100 1152,720,1224,1200
889 100 1152,720,1224,1200
890 100 1152,720,1224,1200
891 100 1152,720,1224,1200
892 100 1152,720,1224,1200
893 100 1152,720,1224,1200
894 100 1152,720,1224,1200
895 100 1152,720,1224,1200
896 100 1152,720,1224,1200
897 100 1152,696,1224,1224
898 100 1152,696,1224,1224
899 100 1152,696,1224,1224
900 100 1152,696,1224,1224
901 100 1176,696,1224,1224
902 100 1176,696,1224,1200
903 100 1176,696,1224,1200
904 100 1176,696,1224,1200
905 100 1176,696,1224,1200
906 100 1176,696,1224,1200
907 100 1176,696,1224,1200
908 100 1176,696,1224,1200
909 100 1176,696,1224,1200
910 100 1176,696,1224,1200
911 100 1176,696,1224,1200
912 100 1176,696,1224,1200
913 100 1176,696,1224,1200
914 100 1176,696,1224,1200
915 100 1176,672,1224,1224
916 100 1176,672,1224,1224
917 100 1176,672,1224,1200
918 100 1176,672,1224,1200
919 100 1176,672,1224,1200
920 100 1176,672,1224,1200
921 100 1200,672,1224,1200
922 100 1200,672,1224,1200
923 100 1200,648,1224,1224
924 100 1200,648,1224,1224
925 100 1200,648,1224,1200
926 100 1200,648,1224,1200
927 100 1200,648,1224,1200
928 100 1200,648,1224,1200
929 100 1200,648,1224,1200
930 100 1200,648,1224,1200
931 100 1200,648,1224,1200
932 100 1224,624,1224,1224
933 100 1224,624,1224,1224
934 100 1224,624,1224,1224
935 100 1224,624,1224,1224
936 100 1224,624,1224,1224
937 100 1224,624,1224,1200
938 100 1224,624,1224,1200
939 100 1224,624,1224,1200
940 100 1224,624,1224,1200
941 100 1224,624,1224,1200
942 100 1224,624,1224,1200
943 100 1224,624,1224,1200
944 100 1224,624,1224,1200
945 100 1224,624,1224,1200
946 100 1224,624,1224,1224
947 100 1200,624,1224,1224
948 100 1224,624,1224,1224
949 100 1224,624,1224,1224
950 100 1224,624,1224,1224
951 100 1200,624,1224,1224
952 100 1224,624,1224,1224
953 100 1200,648,1224,1200
954 100 1200,648,1224,1200
955 100 1200,648,1224,1200
956 100 1200,648,1224,1200
957 100 1200,648,1224,1200
958 100 1176,648,1224,1224
959 100 1176,672,1224,1200
960 100 1152,672,1224,1200
961 100 1152,672,1224,1200
962 100 1152,672,1224,1200
963 100 1152,672,1224,1200
964 100 1152,672,1224,1224
965 100 1128,696,1224,1200
966 100 1128,696,1224,1200
967 100 1128,696,1224,1200
968 100 1128,696,1224,1200
969 100 1104,696,1224,1224
970 100 1104,696,1224,1224
971 100 1104,696,1224,1224
972 100 1104,696,1224,1224
973 100 1104,696,1224,1224
974 100 1104,696,1224,1224
975 100 1104,696,1224,1224
976 100 1104,720,1224,1200
977 100 1104,720,1224,1200
978 100 1104,720,1224,1200
979 100 1104,720,1224,1200
980 100 1104,720,1224,1200
981 100 1104,720,1224,1200
982 100 1104,720,1224,1200
983 100 1080,720,1224,1200
984 100 1080,696,1224,1224
985 100 1080,696,1224,1224
986 100 1080,696,1224,1224
987 100 1080,696,1224,1224
988 100 1080,696,1224,1224
989 100 1080,696,1224,1200
990 100 1080,696,1224,1200
991 100 1080,696,1224,1200
992 100 1080,696,1224,1200
993 100 1080,696,1224,1200
994 100 1080,696,1224,1200
995 100 1080,696,1224,1200
996 100 1080,696,1224,1200
997 100 1104,672,1224,1224
998 100 1104,672,1224,1224
999 100 1104,672,1224,1224
1000 100 1128,672,1224,1200
1001 100 1128,672,1224,1200
1002 100 1128,672,1224,1200
1003 100 1152,672,1224,1200
1004 100 1152,672,1224,1200
1005 100 1152,672,1224,1200
1006 100 1152,648,1224,1224
1007 100 1152,648,1224,1224
1008 100 1152,648,1224,1200
1009 100 1152,648,1224,1200
1010 100 1152,648,1224,1200
1011 100 1152,648,1224,1200
1012 100 1152,648,1224,1200
1013 100 1152,648,1224,1200
1014 100 1152,648,1224,1200
1015 100 1152,648,1224,1200
1016 100 1152,648,1224,1200
1017 100 1176,624,1224,1224
1018 100 1176,624,1224,1224
1019 100 1176,624,1224,1224
1020 100 1176,624,1224,1224
1021 100 1176,624,1224,1224
1022 100 1152,624,1224,1224
1023 100 1152,624,1224,1224
1024 100 1152,624,1224,1224
1025 100 1128,624,1224,1224
1026 100 1128,624,1224,1224
1027 100 1128,624,1224,1224
1028 100 1128,624,1224,1224
1029 100 1128,624,1224,1224
1030 100 1128,624,1224,1224
1031 100 1128,624,1224,1224
1032 100 1128,624,1224,1224
1033 100 1128,624,1224,1224
1034 100 1128,624,1224,1224
1035 100 1152,624,1224,1224
1036 100 1152,624,1224,1224
1037 100 1152,600,1224,1248
1038 100 1152,600,1224,1248
1039 100 1152,576,1224,1272
1040 100 1152,576,1224,1272
1041 100 1176,552,1224,1296
1042 100 1152,552,1224,1296
1043 100 1152,552,1224,1296
1044 100 1152,552,1224,1296
1045 100 1152,552,1224,1296
1046 100 1152,552,1224,1296
1047 100 1128,552,1224,1320
1048 100 1128,528,1224,1344
1049 100 1128,528,1224,1344
1050 100 1128,552,1224,1320
1051 100 1128,552,1224,1320
1052 100 1104,552,1224,1320
1053 100 1104,552,1224,1320
1054 100 1104,552,1224,1320
1055 100 1104,552,1224,1320
1056 100 1104,552,1224,1320
1057 100 1104,552,1224,1320
1058 100 1104,528,1224,1344
1059 100 1128,552,1224,1320
1060 100 1128,552,1224,1320
1061 100 1128,552,1224,1320
1062 100 1128,552,1224,1320
1063 100 1128,552,1224,1320
1064 100 1128,552,1224,1320
1065 100 1128,552,1224,1320
1066 100 1128,552,1224,1320
1067 100 1128,552,1224,1320
1068 100 1128,552,1224,1320
1069 100 1152,552,1224,1320
1070 100 1152,552,1224,1320
1071 100 1152,552,1224,1320
1072 100 1152,552,1224,1320
1073 100 1152,576,1224,1296
1074 100 1152,576,1224,1296
1075 100 1152,576,1224,1296
1076 100 1152,576,1224,1296
1077 100 1152,552,1224,1320
1078 100 1152,552,1224,1320
1079 100 1152,576,1224,1296
1080 100 1152,576,1224,1296
1081 100 1152,576,1224,1296
1082 100 1128,576,1224,1296
1083 100 1128,576,1224,1296
1084 100 1128,576,1224,1296
1085 100 1128,576,1224,1296
1086 100 1128,576,1224,1296
1087 100 1128,576,1224,1296
1088 100 1128,576,1224,1296
1089 100 1128,576,1224,1296
1090 100 1128,576,1224,1296
1091 100 1128,576,1224,1296
1092 100 1128,576,1224,1272
1093 100 1128,576,1224,1272
1094 100 1104,576,1224,1272
1095 100 1104,576,1224,1272
1096 100 1104,576,1224,1272
1097 100 1104,576,1224,1272
1098 100 1104,576,1224,1272
1099 100 1104,576,1224,1272
1100 100 1080,576,1224,1272
1101 100 1080,576,1224,1272
1102 100 1080,576,1224,1272
1103 100 1080,576,1224,1272
1104 100 1080,576,1224,1272
1105 100 1080,576,1224,1272
1106 100 1080,600,1224,1248
1107 100 1080,600,1224,1248
1108 100 1080,600,1224,1248
1109 100 1080,600,1224,1248
1110 100 1080,600,1224,1248
1111 100 1080,600,1224,1248
1112 100 1080,600,1224,1248
1113 100 1080,600,1224,1248
1114 100 1104,600,1224,1248
1115 100 1104,600,1224,1248
1116 100 1104,600,1224,1248
1117 100 1104,600,1224,1248
1118 100 1104,600,1224,1248
1119 100 1104,600,1224,1248
1120 100 1104,600,1224,1248
1121 100 1104,600,1224,1248
1122 100 1104,600,1224,1248
1123 100 1104,624,1224,1224
1124 100 1104,624,1224,1224
1125 100 1104,624,1224,1224
1126 100 1104,624,1224,1224
1127 100 1104,624,1224,1224
1128 100 1104,624,1224,1224
1129 100 1104,624,1224,1224
1130 100 1104,624,1224,1224
1131 100 1104,624,1224,1224
1132 100 1128,624,1224,1224
1133 100 1104,624,1224,1224
1134 100 1128,624,1224,1224
1135 100 1128,624,1224,1224
1136 100 1128,624,1224,1224
1137 100 1128,624,1224,1224
1138 100 1128,624,1224,1224
1139 100 1128,624,1224,1224
1140 100 1128,624,1224,1224
1141 100 1128,624,1224,1224
1142 100 1128,624,1224,1224
1143 100 1128,624,1224,1224
1144 100 1128,624,1224,1224
1145 100 1128,624,1224,1224
1146 100 1128,624,1224,1224
1147 100 1128,624,1224,1224
1148 100 1128,624,1224,1200
1149 100 1128,624,1224,1200
1150 100 1128,624,1224,1200
1151 100 1128,600,1224,1224
1152 100 1128,600,1224,1224
1153 100 1128,600,1224,1224
1154 100 1128,600,1224,1200
1155 100 1128,600,1224,1200
1156 100 1128,576,1224,1224
1157 100 1128,576,1224,1224
1158 100 1128,576,1224,1224
1159 100 1152,576,1224,1224
1160 100 1152,576,1224,1224
1161 100 1152,576,1224,1224
1162 100 1152,576,1224,1224
1163 100 1152,576,1224,1224
1164 100 1152,576,1224,1224
1165 100 1176,576,1224,1224
1166 100 1176,576,1224,1224
1167 100 1176,576,1224,1224
1168 100 1200,576,1224,1224
1169 100 1224,576,1224,1224
1170 100 1224,576,1224,1224
1171 100 1248,576,1224,1224
1172 100 1248,576,1224,1224
1173 100 1248,576,1224,1224
1174 100 1272,576,1224,1224
1175 100 1272,576,1224,1224
1176 100 1272,576,1224,1224
1177 100 1272,576,1224,1224
1178 100 1272,576,1224,1224
1179 100 1272,576,1224,1224
1180 100 1272,600,1224,1200
1181 100 1272,600,1224,1200
1182 100 1272,600,1224,1200
1183 100 1272,600,1224,1200
1184 100 1272,600,1224,1200
1185 100 1272,600,1224,1200
1186 100 1272,600,1224,1200
1187 100 1272,600,1224,1200
1188 100 1272,600,1224,1200
1189 100 1296,600,1224,1200
1190 100 1296,600,1224,1200
1191 100 1296,600,1224,1200
1192 100 1320,600,1224,1200
1193 100 1320,600,1224,1224
1194 100 1344,600,1224,1224
1195 100 1344,600,1224,1224
1196 100 1368,600,1224,1224
1197 100 1392,600,1224,1224
1198 100 1392,600,1224,1224
1199 100 1416,600,1224,1224
1200 100 1440,600,1224,1224
1201 100 1440,600,1224,1224
1202 100 1440,600,1224,1224
1203 100 1464,600,1224,1224
1204 100 1464,600,1224,1224
1205 100 1488,600,1224,1224
1206 100 1488,600,1224,1224
1207 100 1512,624,1224,1200
1208 100 1512,624,1224,1200
1209 100 1536,624,1224,1200
1210 100 1536,624,1224,1200
1211 100 1536,624,1224,1224
1212 100 1560,624,1224,1224
1213 100 1560,624,1224,1224
1214 100 1560,624,1224,1224
1215 100 1560,624,1224,1224
1216 100 1560,624,1224,1224
1217 100 1560,624,1224,1224
1218 100 1560,624,1224,1200
1219 100 1560,624,1224,1200
1220 100 1560,624,1224,1200
1221 100 1560,624,1224,1200
1222 100 1560,624,1224,1200
1223 100 1560,624,1224,1200
1224 100 1560,624,1224,1200
1225 100 1560,624,1224,1200
1226 100 1536,600,1224,1224
1227 100 1536,600,1224,1224
1228 100 1536,600,1224,1224
1229 100 1512,600,1224,1224
1230 100 1512,600,1224,1224
1231 100 1488,600,1224,1224
1232 100 1488,600,1224,1224
1233 100 1488,600,1224,1224
1234 100 1464,600,1224,1224
1235 100 1464,600,1224,1224
1236 100 1464,600,1224,1224
1237 100 1440,600,1224,1224
1238 100 1440,600,1224,1224
1239 100 1416,600,1224,1224
1240 100 1392,600,1224,1224
1241 100 1392,600,1224,1224
1242 100 1368,600,1224,1224
1243 100 1344,600,1224,1224
1244 100 1320,600,1224,1224
1245 100 1320,600,1224,1224
1246 100 1296,600,1224,1224
1247 100 1296,600,1224,1224
1248 100 1272,600,1224,1224
1249 100 1272,600,1224,1224
1250 100 1248,600,1224,1224
1251 100 1248,624,1224,1200
1252 100 1248,600,1224,1224
1253 100 1224,624,1224,1200
1254 100 1224,624,1224,1200
1255 100 1224,624,1224,1200
1256 100 1224,624,1224,1200
1257 100 1224,624,1224,1200
1258 100 1224,624,1224,1200
1259 100 1224,624,1224,1200
1260 100 1224,624,1224,1200
1261 100 1224,624,1224,1200
1262 100 1224,624,1224,1200
1263 100 1224,624,1224,1200
1264 100 1224,624,1224,1200
1265 100 1224,624,1224,1200
1266 100 1224,624,1224,1200
1267 100 1224,624,1224,1200
1268 100 1224,624,1224,1200
1269 100 1224,624,1224,1224
1270 100 1248,624,1224,1224
1271 100 1248,648,1224,1200
1272 100 1248,648,1224,1200
1273 100 1248,648,1224,1200
1274 100 1248,648,1224,1200
1275 100 1272,648,1224,1200
1276 100 1272,648,1224,1200
1277 100 1272,648,1224,1200
1278 100 1272,648,1224,1200
1279 100 1272,648,1224,1200
1280 100 1272,648,1224,1200
1281 100 1272,648,1224,1200
1282 100 1272,648,1224,1200
1283 100 1272,648,1224,1200
1284 100 1272,648,1224,1200
1285 100 1296,624,1224,1224
1286 100 1296,624,1224,1224
1287 100 1296,624,1224,1200
1288 100 1296,624,1224,1200
1289 100 1296,624,1224,1200
1290 100 1296,624,1224,1200
1291 100 1272,624,1224,1200
1292 100 1272,624,1224,1200
1293 100 1272,624,1224,1200
1294 100 1272,624,1224,1200
1295 100 1272,624,1224,1200
1296 100 1272,624,1224,1200
1297 100 1272,624,1224,1200
1298 100 1272,624,1224,1200
1299 100 1272,624,1224,1200
1300 100 1272,624,1224,1200
1301 100 1272,600,1224,1224
1302 100 1272,600,1224,1224
1303 100 1272,600,1224,1224
1304 100 1272,600,1224,1224
1305 100 1272,600,1224,1224
1306 100 1272,600,1224,1224
1307 100 1272,600,1224,1224
1308 100 1272,600,1224,1224
1309 100 1272,600,1224,1200
1310 100 1272,600,1224,1200
1311 100 1272,600,1224,1200
1312 100 1296,600,1224,1200
1313 100 1296,576,1224,1224
1314 100 1296,576,1224,1224
1315 100 1296,576,1224,1224
1316 100 1296,576,1224,1224
1317 100 1296,600,1224,1200
1318 100 1296,600,1224,1200
1319 100 1296,600,1224,1200
1320 100 1296,600,1224,1200
1321 100 1272,600,1224,1200
1322 100 1272,600,1224,1200
1323 100 1272,600,1224,1200
1324 100 1272,600,1224,1200
1325 100 1272,600,1224,1200
1326 100 1272,600,1224,1200
1327 100 1272,600,1224,1224
1328 100 1272,600,1224,1224
1329 100 1272,600,1224,1224
1330 100 1272,600,1224,1224
1331 100 1272,600,1224,1224
1332 100 1272,600,1224,1224
1333 100 1272,600,1224,1224
1334 100 1272,600,1224,1224
1335 100 1272,600,1224,1224
1336 100 1272,600,1224,1224
1337 100 1272,600,1224,1224
1338 100 1272,600,1224,1224
1339 100 1248,624,1224,1200
1340 100 1248,600,1224,1224
1341 100 1248,624,1224,1200
1342 100 1248,624,1224,1200
1343 100 1248,600,1224,1224
1344 100 1248,600,1224,1224
1345 100 1248,600,1224,1224
1346 100 1248,600,1224,1224
1347 100 1248,600,1224,1224
1348 100 1224,624,1224,1200
1349 100 1224,624,1224,1200
1350 100 1224,624,1224,1200
1351 100 1224,624,1224,1200
1352 100 1224,624,1224,1200
1353 100 1224,624,1224,1200
1354 100 1224,624,1224,1200
1355 100 1224,624,1224,1200
1356 100 1224,624,1224,1200
1357 100 1224,624,1224,1200
1358 100 1224,600,1224,1224
1359 100 1224,600,1224,1224
1360 100 1224,600,1224,1224
1361 100 1224,600,1224,1224
1362 100 1224,624,1224,1200
1363 100 1224,624,1224,1200
1364 100 1224,624,1224,1200
1365 100 1224,600,1224,1224
1366 100 1224,600,1224,1200
1367 100 1248,600,1224,1200
1368 100 1248,600,1224,1200
1369 100 1248,600,1224,1200
1370 100 1248,600,1224,1200
1371 100 1248,600,1224,1200
1372 100 1248,600,1224,1200
1373 100 1248,600,1224,1200
1374 100 1248,600,1224,1200
1375 100 1248,600,1224,1200
1376 100 1248,600,1224,1200
1377 100 1272,600,1224,1200
1378 100 1272,600,1224,1200
1379 100 1272,600,1224,1200
1380 100 1248,600,1224,1200
1381 100 1248,600,1224,1200
1382 100 1248,600,1224,1200
1383 100 1248,600,1224,1200
1384 100 1248,600,1224,1200
1385 100 1248,600,1224,1200
1386 100 1248,600,1224,1200
1387 100 1248,600,1224,1200
1388 100 1248,600,1224,1200
1389 100 1248,600,1224,1200
1390 100 1248,600,1224,1200
1391 100 1272,576,1224,1224
1392 100 1272,576,1224,1224
1393 100 1272,576,1224,1224
1394 100 1272,576,1224,1224
1395 100 1272,576,1224,1224
1396 100 1272,576,1224,1200
1397 100 1272,576,1224,1200
1398 100 1272,576,1224,1200
1399 100 1272,576,1224,1200
1400 100 1272,576,1224,1200
1401 100 1272,576,1224,1200
1402 100 1272,576,1224,1200
1403 100 1272,576,1224,1200
1404 100 1272,576,1224,1200
1405 100 1272,576,1224,1200
1406 100 1272,576,1224,1200
1407 100 1272,576,1224,1200
1408 100 1272,576,1224,1200
1409 100 1272,576,1224,1200
1410 100 1296,576,1224,1200
1411 100 1296,576,1224,1200
1412 100 1296,576,1224,1200
1413 100 1296,552,1224,1224
1414 100 1296,552,1224,1224
1415 100 1296,552,1224,1224
1416 100 1296,552,1224,1224
1417 100 1296,552,1224,1224
1418 100 1296,552,1224,1200
1419 100 1296,552,1224,1200
1420 100 1320,552,1224,1200
1421 100 1320,552,1224,1200
1422 100 1320,552,1224,1200
1423 100 1320,552,1224,1200
1424 100 1320,552,1224,1200
1425 100 1320,552,1224,1200
1426 100 1320,552,1224,1200
1427 100 1320,552,1224,1200
1428 100 1320,552,1224,1200
1429 100 1344,552,1224,1200
1430 100 1344,552,1224,1200
1431 100 1344,552,1224,1200
1432 100 1344,552,1224,1224
1433 100 1344,576,1224,1200
1434 100 1344,576,1224,1200
1435 100 1344,576,1224,1200
1436 100 1368,576,1224,1200
1437 100 1368,576,1224,1200
1438 100 1368,576,1224,1200
1439 100 1368,576,1224,1200
1440 100 1392,576,1224,1200
1441 100 1392,576,1224,1200
1442 100 1392,576,1224,1200
1443 100 1392,576,1224,1200
1444 100 1392,576,1224,1200
1445 100 1392,552,1224,1224
1446 100 1392,552,1224,1224
1447 100 1392,552,1224,1224
1448 100 1392,552,1224,1224
1449 100 1392,552,1224,1224
1450 100 1392,552,1224,1224
1451 100 1392,552,1224,1200
1452 100 1392,552,1224,1200
1453 100 1344,504,1224,1248
1454 100 1344,504,1224,1248
1455 100 1344,504,1224,1248
1456 100 1320,480,1224,1272
1457 100 1320,480,1224,1272
1458 100 1344,456,1224,1320
1459 100 1368,456,1224,1320
1460 100 1368,456,1224,1320
1461 100 1368,456,1224,1344
1462 100 1368,456,1224,1344
1463 100 1368,456,1224,1368
1464 100 1368,456,1224,1368
1465 100 1368,456,1224,1368
1466 100 1392,432,1224,1392
1467 100 1392,432,1224,1392
1468 100 1392,432,1224,1392
1469 100 1392,432,1224,1392
1470 100 1392,432,1224,1392
1471 100 1392,432,1224,1392
1472 100 1416,432,1224,1392
1473 100 1416,432,1224,1392
1474 100 1416,432,1224,1392
1475 100 1416,432,1224,1392
1476 100 1416,432,1224,1392
1477 100 1416,432,1224,1392
1478 100 1416,432,1224,1392
1479 100 1416,432,1224,1392
1480 100 1416,432,1224,1392
1481 100 1440,432,1224,1392
1482 100 1440,432,1224,1392
1483 100 1440,432,1224,1392
1484 100 1440,432,1224,1392
1485 100 1440,432,1224,1392
1486 100 1440,432,1224,1392
1487 100 1440,432,1224,1392
1488 100 1440,432,1224,1392
1489 100 1440,432,1224,1392
1490 100 1440,432,1224,1416
1491 100 1440,432,1224,1392
1492 100 1440,432,1224,1392
1493 100 1440,432,1224,1416
1494 100 1440,432,1224,1416
1495 100 1464,432,1224,1416
1496 100 1464,432,1224,1416
1497 100 1464,432,1224,1416
1498 100 1464,456,1224,1392
1499 100 1464,456,1224,1392
1500 100 1440,456,1224,1392
1501 100 1440,456,1224,1392
1502 100 1440,456,1224,1392
1503 100 1440,480,1224,1368
1504 100 1440,480,1224,1368
1505 100 1440,480,1224,1368
1506 100 1440,480,1224,1368
1507 100 1440,504,1224,1344
1508 100 1440,504,1224,1344
1509 100 1440,504,1224,1344
1510 100 1440,504,1224,1344
1511 100 1416,528,1224,1296
1512 100 1416,528,1224,1296
1513 100 1416,552,1224,1272
1514 100 1416,552,1224,1272
1515 100 1416,552,1224,1272
1516 100 1392,576,1224,1248
1517 100 1392,576,1224,1248
1518 100 1392,576,1224,1248
1519 100 1368,600,1224,1224
1520 100 1368,600,1224,1224
1521 100 1368,600,1224,1224
1522 100 1368,600,1224,1224
1523 100 1344,624,1224,1200
1524 100 1344,624,1224,1200
1525 100 1344,624,1224,1200
1526 100 1344,624,1224,1200
1527 100 1344,600,1224,1224
1528 100 1344,624,1224,1200
1529 100 1344,624,1224,1200
1530 100 1344,624,1224,1200
1531 100 1344,624,1224,1224
1532 100 1320,624,1224,1224
1533 100 1320,624,1224,1224
1534 100 1320,624,1224,1224
1535 100 1320,624,1224,1224
1536 100 1320,624,1224,1224
1537 100 1320,624,1224,1224
1538 100 1320,624,1224,1224
1539 100 1320,624,1224,1224
1540 100 1320,624,1224,1224
1541 100 1320,624,1224,1224
1542 100 1320,624,1224,1224
1543 100 1320,624,1224,1200
1544 100 1320,624,1224,1200
1545 100 1320,624,1224,1200
1546 100 1320,624,1224,1200
1547 100 1320,600,1224,1224
1548 100 1320,600,1224,1200
1549 100 1344,600,1224,1200
1550 100 1344,600,1224,1200
1551 100 1344,576,1224,1224
1552 100 1344,576,1224,1224
1553 100 1344,576,1224,1224
1554 100 1344,576,1224,1224
1555 100 1320,576,1224,1224
1556 100 1320,576,1224,1224
1557 100 1320,576,1224,1224
1558 100 1320,576,1224,1224
1559 100 1320,600,1224,1200
1560 100 1320,576,1224,1224
1561 100 1320,576,1224,1200
1562 100 1320,576,1224,1200
1563 100 1320,576,1224,1200
1564 100 1320,576,1224,1200
1565 100 1320,576,1224,1200
1566 100 1320,576,1224,1200
1567 100 1320,576,1224,1200
1568 100 1320,576,1224,1200
1569 100 1320,576,1224,1200
1570 100 1320,576,1224,1200
1571 100 1320,576,1224,1200
1572 100 1320,552,1224,1200
1573 100 1344,552,1224,1200
1574 100 1344,528,1224,1224
1575 100 1344,528,1224,1224
1576 100 1344,528,1224,1200
1577 100 1344,528,1224,1200
1578 100 1344,528,1224,1200
1579 100 1344,528,1224,1200
1580 100 1344,528,1224,1200
1581 100 1344,528,1224,1200
1582 100 1344,504,1224,1224
1583 100 1344,504,1224,1224
1584 100 1344,504,1224,1224
1585 100 1344,504,1224,1200
1586 100 1320,504,1224,1200
1587 100 1320,480,1224,1224
1588 100 1320,480,1224,1224
1589 100 1320,480,1224,1200
1590 100 1320,480,1224,1200
1591 100 1320,456,1224,1224
1592 100 1320,456,1224,1224
1593 100 1320,456,1224,1224
1594 100 1320,456,1224,1200
1595 100 1320,456,1224,1200
1596 100 1320,456,1224,1200
1597 100 1320,456,1224,1200
1598 100 1320,456,1224,1200
1599 100 1320,432,1224,1224
1600 100 1320,432,1224,1224
1601 100 1320,432,1224,1200
1602 100 1320,432,1224,1200
1603 100 1320,432,1224,1200
1604 100 1296,408,1224,1224
1605 100 1296,408,1224,1224
1606 100 1296,384,1224,1224
1607 100 1296,384,1224,1224
1608 100 1296,384,1224,1224
1609 100 1296,384,1224,1224
1610 100 1320,408,1224,1200
1611 100 1320,408,1224,1200
1612 100 1320,408,1224,1200
1613 100 1320,408,1224,1200
1614 100 1320,408,1224,1224
1615 100 1320,432,1224,1200
1616 100 1320,432,1224,1200
1617 100 1344,432,1224,1224
1618 100 1368,456,1224,1224
1619 100 1368,480,1224,1200
1620 100 1368,480,1224,1200
1621 100 1368,504,1224,1224
1622 100 1368,552,1224,1200
1623 100 1368,576,1224,1200
1624 100 1368,576,1224,1200
1625 100 1320,624,1224,1224
1626 100 1320,648,1224,1200
1627 100 1320,648,1224,1200
1628 100 1320,648,1224,1224
1629 100 1320,672,1224,1200
1630 100 1320,672,1224,1200
1631 100 1320,672,1224,1200
1632 100 1320,696,1224,1200
1633 100 1320,696,1224,1200
1634 100 1296,696,1224,1224
1635 100 1296,696,1224,1224
1636 100 1296,720,1224,1200
1637 100 1296,720,1224,1200
1638 100 1296,744,1224,1200
1639 100 1296,744,1224,1200
1640 100 1296,744,1224,1200
1641 100 1296,744,1224,1200
1642 100 1272,768,1224,1200
1643 100 1272,768,1224,1200
1644 100 1272,768,1224,1200
1645 100 1272,768,1224,1200
1646 100 1296,768,1224,1200
1647 100 1296,768,1224,1200
1648 100 1296,768,1224,1200
1649 100 1296,744,1224,1224
1650 100 1320,720,1224,1224
1651 100 1320,720,1224,1224
1652 100 1320,720,1224,1224
1653 100 1344,720,1224,1200
1654 100 1344,696,1224,1224
1655 100 1344,696,1224,1224
1656 100 1344,696,1224,1224
1657 100 1368,696,1224,1224
1658 100 1368,672,1224,1224
1659 100 1392,672,1224,1224
1660 100 1392,672,1224,1224
1661 100 1392,672,1224,1224
1662 100 1416,648,1224,1248
1663 100 1416,648,1224,1248
1664 100 1416,648,1224,1248
1665 100 1440,648,1224,1248
1666 100 1440,624,1224,1248
1667 100 1464,624,1224,1248
1668 100 1464,624,1224,1248
1669 100 1464,624,1224,1248
1670 100 1464,600,1224,1272
1671 100 1464,600,1224,1272
1672 100 1512,576,1224,1272
1673 100 1512,576,1224,1272
1674 100 1512,576,1224,1272
1675 100 1512,576,1224,1272
1676 100 1512,576,1224,1272
1677 100 1512,552,1224,1272
1678 100 1512,552,1224,1272
1679 100 1512,552,1224,1272
1680 100 1512,552,1224,1272
1681 100 1536,552,1224,1272
1682 100 1536,552,1224,1272
1683 100 1536,552,1224,1272
1684 100 1536,552,1224,1272
1685 100 1536,552,1224,1248
1686 100 1536,552,1224,1248
1687 100 1536,552,1224,1248
1688 100 1536,528,1224,1272
1689 100 1536,528,1224,1272
1690 100 1536,528,1224,1272
1691 100 1536,528,1224,1272
1692 100 1512,528,1224,1272
1693 100 1512,528,1224,1272
1694 100 1512,528,1224,1272
1695 100 1512,528,1224,1272
1696 100 1512,528,1224,1272
1697 100 1512,528,1224,1272
1698 100 1512,528,1224,1272
1699 100 1512,528,1224,1272
1700 100 1512,528,1224,1272
1701 100 1512,528,1224,1272
1702 100 1512,528,1224,1272
1703 100 1512,528,1224,1272
1704 100 1512,528,1224,1272
1705 100 1512,528,1224,1272
1706 100 1512,528,1224,1272
1707 100 1512,528,1224,1272
1708 100 1512,528,1224,1248
1709 100 1512,528,1224,1248
1710 100 1512,528,1224,1248
1711 100 1512,528,1224,1248
1712 100 1512,504,1224,1248
1713 100 1488,504,1224,1248
1714 100 1488,504,1224,1248
1715 100 1488,504,1224,1248
1716 100 1488,504,1224,1248
1717 100 1488,504,1224,1248
1718 100 1464,504,1224,1248
1719 100 1464,504,1224,1224
1720 100 1464,504,1224,1224
1721 100 1464,480,1224,1248
1722 100 1464,480,1224,1248
1723 100 1464,480,1224,1248
1724 100 1440,480,1224,1224
1725 100 1440,480,1224,1224
1726 100 1440,480,1224,1224
1727 100 1440,480,1224,1224
1728 100 1440,480,1224,1224
1729 100 1440,480,1224,1224
1730 100 1440,480,1224,1224
1731 100 1440,480,1224,1224
1732 100 1440,480,1224,1224
1733 100 1440,480,1224,1224
1734 100 1440,480,1224,1224
1735 100 1416,456,1224,1224
1736 100 1416,456,1224,1224
1737 100 1416,456,1224,1224
1738 100 1416,456,1224,1224
1739 100 1416,456,1224,1200
1740 100 1416,456,1224,1200
1741 100 1392,432,1224,1224
1742 100 1368,432,1224,1200
1743 100 1368,432,1224,1200
1744 100 1368,432,1224,1200
1745 100 1344,408,1224,1224
1746 100 1320,408,1224,1224
1747 100 1320,408,1224,1224
1748 100 1320,408,1224,1200
1749 100 1320,408,1224,1200
1750 100 1320,408,1224,1200
1751 100 1296,384,1224,1224
1752 100 1320,384,1224,1224
1753 100 1320,384,1224,1224
1754 100 1320,384,1224,1224
1755 100 1296,360,1224,1224
1756 100 1296,360,1224,1224
1757 100 1296,360,1224,1224
1758 100 1296,360,1224,1224
1759 100 1296,336,1224,1224
1760 100 1296,336,1224,1224
1761 100 1296,336,1224,1224
1762 100 1296,312,1224,1248
1763 100 1296,312,1224,1248
1764 100 1296,312,1224,1248
1765 100 1296,312,1224,1248
1766 100 1296,288,1224,1272
1767 100 1320,288,1224,1272
1768 100 1320,288,1224,1272
1769 100 1320,288,1224,1272
1770 100 1320,288,1224,1272
1771 100 1320,288,1224,1272
1772 100 1344,288,1224,1272
1773 100 1344,288,1224,1272
1774 100 1344,288,1224,1272
1775 100 1344,288,1224,1272
1776 100 1344,288,1224,1272
1777 100 1344,288,1224,1296
1778 100 1344,288,1224,1296
1779 100 1344,288,1224,1296
1780 100 1368,288,1224,1296
1781 100 1344,288,1224,1296
1782 100 1344,288,1224,1296
1783 100 1344,288,1224,1296
1784 100 1368,288,1224,1296
1785 100 1368,288,1224,1296
1786 100 1368,288,1224,1296
1787 100 1392,288,1224,1296
1788 100 1392,312,1224,1272
1789 100 1392,312,1224,1272
1790 100 1392,312,1224,1272
1791 100 1416,288,1224,1296
1792 100 1416,288,1224,1296
1793 100 1416,288,1224,1296
1794 100 1416,288,1224,1296
1795 100 1416,288,1224,1296
1796 100 1440,288,1224,1296
1797 100 1440,288,1224,1296
1798 100 1440,288,1224,1296
1799 100 1440,288,1224,1296
1800 100 1440,288,1224,1320
1801 100 1440,288,1224,1320
1802 100 1440,288,1224,1320
1803 100 1440,288,1224,1320
1804 100 1440,288,1224,1320
1805 100 1440,288,1224,1320
1806 100 1440,288,1224,1320
1807 100 1440,288,1224,1320
1808 100 1440,288,1224,1320
1809 100 1440,288,1224,1320
1810 100 1440,288,1224,1320
1811 100 1440,288,1224,1320
1812 100 1416,264,1224,1344
1813 100 1416,264,1224,1344
1814 100 1416,264,1224,1344
1815 100 1416,264,1224,1344
1816 100 1440,264,1224,1344
1817 100 1440,264,1224,1344
1818 100 1440,264,1224,1344
1819 100 1440,264,1224,1344
1820 100 1440,264,1224,1344
1821 100 1440,264,1224,1344
1822 100 1440,264,1224,1344
1823 100 1440,264,1224,1368
1824 100 1440,264,1224,1368
1825 100 1440,264,1224,1368
1826 100 1464,288,1224,1344
1827 100 1464,288,1224,1344
1828 100 1464,288,1224,1344
1829 100 1464,288,1224,1344
1830 100 1464,288,1224,1344
1831 100 1464,288,1224,1344
1832 100 1464,288,1224,1320
1833 100 1464,288,1224,1320
1834 100 1464,288,1224,1320
1835 100 1464,264,1224,1320
1836 100 1464,264,1224,1320
1837 100 1464,264,1224,1320
1838 100 1416,264,1224,1296
1839 100 1392,264,1224,1296
1840 100 1392,264,1224,1296
1841 100 1368,240,1224,1296
1842 100 1368,240,1224,1296
1843 100 1368,240,1224,1296
1844 100 1368,240,1224,1296
1845 100 1368,240,1224,1296
1846 100 1368,240,1224,1296
1847 100 1392,264,1224,1272
1848 100 1392,264,1224,1272
1849 100 1392,264,1224,1272
1850 100 1392,264,1224,1296
1851 100 1392,264,1224,1296
1852 100 1392,264,1224,1296
1853 100 1392,264,1224,1296
1854 100 1392,264,1224,1296
1855 100 1392,264,1224,1296
1856 100 1416,264,1224,1296
1857 100 1416,264,1224,1296
1858 100 1416,264,1224,1296
1859 100 1416,264,1224,1296
1860 100 1392,288,1224,1272
1861 100 1392,288,1224,1272
1862 100 1392,288,1224,1272
1863 100 1392,288,1224,1272
1864 100 1392,288,1224,1272
1865 100 1392,288,1224,1272
1866 100 1392,288,1224,1272
1867 100 1392,288,1224,1272
1868 100 1392,288,1224,1272
1869 100 1416,288,1224,1272
1870 100 1416,288,1224,1272
1871 100 1416,288,1224,1272
1872 100 1416,288,1224,1272
1873 100 1416,288,1224,1272
1874 100 1416,288,1224,1272
1875 100 1416,288,1224,1272
1876 100 1416,312,1224,1272
1877 100 1416,312,1224,1272
1878 100 1416,312,1224,1272
1879 100 1416,312,1224,1272
1880 100 1416,312,1224,1272
1881 100 1416,312,1224,1272
1882 100 1440,312,1224,1272
1883 100 1440,336,1224,1248
1884 100 1440,336,1224,1248
1885 100 1440,336,1224,1248
1886 100 1440,336,1224,1248
1887 100 1416,336,1224,1248
1888 100 1416,336,1224,1248
1889 100 1416,336,1224,1248
1890 100 1392,336,1224,1248
1891 100 1392,336,1224,1248
1892 100 1392,336,1224,1248
1893 100 1368,336,1224,1248
1894 100 1368,336,1224,1248
1895 100 1368,336,1224,1248
1896 100 1368,336,1224,1248
1897 100 1368,336,1224,1248
1898 100 1368,336,1224,1248
1899 100 1344,336,1224,1248
1900 100 1344,336,1224,1248
1901 100 1344,336,1224,1248
1902 100 1320,312,1224,1248
1903 100 1320,312,1224,1248
1904 100 1320,312,1224,1248
1905 100 1296,312,1224,1248
1906 100 1296,312,1224,1248
1907 100 1296,312,1224,1248
1908 100 1296,312,1224,1248
1909 100 1296,312,1224,1248
1910 100 1320,312,1224,1248
1911 100 1320,312,1224,1248
1912 100 1320,312,1224,1248
1913 100 1320,336,1224,1248
1914 100 1368,360,1224,1248
1915 100 1368,360,1224,1248
1916 100 1368,360,1224,1248
1917 100 1416,408,1224,1224
1918 100 1416,432,1224,1224
1919 100 1416,432,1224,1224
1920 100 1416,432,1224,1224
1921 100 1416,456,1224,1224
1922 100 1416,456,1224,1224
1923 100 1416,456,1224,1224
1924 100 1416,456,1224,1224
1925 100 1440,480,1224,1224
1926 100 1440,480,1224,1224
1927 100 1440,480,1224,1224
1928 100 1440,504,1224,1200
1929 100 1440,504,1224,1200
1930 100 1440,504,1224,1200
1931 100 1440,504,1224,1224
1932 100 1440,504,1224,1224
1933 100 1440,504,1224,1224
1934 100 1440,504,1224,1224
1935 100 1464,504,1224,1224
1936 100 1464,504,1224,1224
1937 100 1464,504,1224,1224
1938 100 1464,504,1224,1224
1939 100 1488,504,1224,1224
1940 100 1488,504,1224,1224
1941 100 1488,504,1224,1224
1942 100 1488,504,1224,1224
1943 100 1512,504,1224,1200
1944 100 1512,504,1224,1200
1945 100 1512,504,1224,1200
1946 100 1512,504,1224,1200
1947 100 1512,504,1224,1200
1948 100 1512,504,1224,1200
1949 100 1512,480,1224,1224
1950 100 1512,480,1224,1224
1951 100 1512,480,1224,1224
1952 100 1536,480,1224,1224
1953 100 1536,480,1224,1224
1954 100 1536,480,1224,1224
1955 100 1536,480,1224,1200
1956 100 1536,480,1224,1200
1957 100 1536,480,1224,1200
1958 100 1536,480,1224,1200
1959 100 1560,480,1224,1200
1960 100 1560,480,1224,1200
1961 100 1560,480,1224,1200
1962 100 1560,480,1224,1200
1963 100 1560,480,1224,1200
1964 100 1560,480,1224,1200
1965 100 1560,480,1224,1200
1966 100 1560,456,1224,1224
1967 100 1560,456,1224,1224
1968 100 1560,456,1224,1224
1969 100 1560,456,1224,1200
1970 100 1560,456,1224,1200
1971 100 1584,456,1224,1200
1972 100 1584,456,1224,1200
1973 100 1584,456,1224,1200
1974 100 1584,432,1224,1224
1975 100 1584,432,1224,1200
1976 100 1584,432,1224,1200
1977 100 1584,432,1224,1200
1978 100 1584,432,1224,1200
1979 100 1584,432,1224,1200
1980 100 1560,432,1224,1200
1981 100 1560,408,1224,1224
1982 100 1560,408,1224,1224
1983 100 1560,408,1224,1224
1984 100 1560,408,1224,1200
1985 100 1560,408,1224,1200
1986 100 1560,384,1224,1224
1987 100 1560,384,1224,1224
1988 100 1560,384,1224,1224
1989 100 1536,384,1224,1200
1990 100 1536,384,1224,1200
1991 100 1536,384,1224,1200
1992 100 1536,384,1224,1200
1993 100 1536,360,1224,1224
1994 100 1536,360,1224,1224
1995 100 1536,360,1224,1224
1996 100 1536,360,1224,1224
1997 100 1536,360,1224,1200
1998 100 1536,360,1224,1200
1999 100 1536,360,1224,1200
2000 100 1536,360,1224,1200
2001 100 1536,360,1224,1224
2002 100 1536,360,1224,1224
2003 100 1536,360,1224,1224
2004 100 1536,360,1224,1224
2005 100 1536,360,1224,1224
2006 100 1536,360,1224,1224
2007 100 1536,360,1224,1224
2008 100 1512,360,1224,1224
2009 100 1512,360,1224,1224
2010 100 1512,360,1224,1224
2011 100 1512,360,1224,1224
2012 100 1512,384,1224,1200
2013 100 1512,384,1224,1200
2014 100 1512,384,1224,1200
2015 100 1512,384,1224,1200
2016 100 1488,384,1224,1200
2017 100 1488,384,1224,1200
2018 100 1464,384,1224,1200
2019 100 1464,384,1224,1200
2020 100 1464,384,1224,1200
2021 100 1464,384,1224,1200
2022 100 1464,384,1224,1200
2023 100 1464,384,1224,1200
2024 100 1464,360,1224,1224
2025 100 1464,360,1224,1200
2026 100 1464,360,1224,1200
2027 100 1464,360,1224,1200
2028 100 1440,360,1224,1200
2029 100 1416,360,1224,1200
2030 100 1416,360,1224,1200
2031 100 1416,336,1224,1200
2032 100 1392,336,1224,1200
2033 100 1368,336,1224,1200
2034 100 1368,336,1224,1200
2035 100 1344,312,1224,1224
2036 100 1344,312,1224,1224
2037 100 1344,312,1224,1224
2038 100 1320,312,1224,1200
2039 100 1296,312,1224,1200
2040 100 1296,312,1224,1200
2041 100 1296,312,1224,1200
2042 100 1272,288,1224,1200
2043 100 1272,288,1224,1200
2044 100 1272,288,1224,1200
2045 100 1272,288,1224,1200
2046 100 1272,288,1224,1200
2047 100 1272,288,1224,1200
2048 100 1272,288,1224,1200
2049 100 1272,288,1224,1224
2050 100 1272,312,1224,1200
2051 100 1272,312,1224,1200
2052 100 1272,312,1224,1200
2053 100 1320,336,1224,1200
2054 100 1320,336,1224,1200
2055 100 1320,336,1224,1200
2056 100 1368,336,1224,1224
2057 100 1368,360,1224,1200
2058 100 1368,360,1224,1200
2059 100 1392,360,1224,1224
2060 100 1416,384,1224,1200
2061 100 1416,384,1224,1200
2062 100 1440,408,1224,1200
2063 100 1440,408,1224,1224
2064 100 1440,408,1224,1224
2065 100 1440,432,1224,1200
2066 100 1440,432,1224,1200
2067 100 1440,432,1224,1200
2068 100 1440,432,1224,1200
2069 100 1440,456,1224,1200
2070 100 1440,456,1224,1200
2071 100 1440,456,1224,1200
2072 100 1440,456,1224,1200
2073 100 1440,456,1224,1200
2074 100 1440,456,1224,1200
2075 100 1392,456,1224,1224
2076 100 1392,456,1224,1200
2077 100 1392,456,1224,1200
2078 100 1368,456,1224,1224
2079 100 1344,456,1224,1224
2080 100 1344,456,1224,1224
2081 100 1344,456,1224,1224
2082 100 1320,456,1224,1224
2083 100 1296,480,1224,1200
2084 100 1296,480,1224,1200
2085 100 1296,480,1224,1200
2086 100 1272,480,1224,1224
2087 100 1272,480,1224,1224
2088 100 1272,480,1224,1224
2089 100 1272,504,1224,1200
2090 100 1272,504,1224,1200
2091 100 1272,504,1224,1200
2092 100 1272,504,1224,1200
2093 100 1272,504,1224,1224
2094 100 1272,504,1224,1224
2095 100 1272,504,1224,1224
2096 100 1272,528,1224,1200
2097 100 1296,528,1224,1200
