0 100 2232,576,1224,1224
1 100 2232,576,1224,1224
2 100 2232,576,1224,1224
3 100 2232,576,1224,1224
4 100 2184,576,1224,1224
5 100 2184,576,1224,1224
6 100 2112,600,1224,1200
7 100 2088,600,1224,1200
8 100 2064,576,1224,1224
9 100 2064,576,1224,1224
10 100 2064,600,1224,1200
11 100 2040,600,1224,1200
12 100 2040,600,1224,1200
13 100 2040,600,1224,1200
14 100 2016,600,1224,1200
15 100 2016,600,1224,1224
16 100 2016,600,1224,1224
17 100 2016,600,1224,1224
18 100 2016,624,1224,1200
19 100 2016,624,1224,1200
20 100 2040,624,1224,1200
21 100 2040,624,1224,1200
22 100 2016,624,1224,1224
23 100 2016,624,1224,1200
24 100 2016,624,1224,1224
25 100 2016,624,1224,1224
26 100 2016,624,1224,1224
27 100 2016,648,1224,1200
28 100 2016,648,1224,1200
29 100 2016,648,1224,1200
30 100 2016,648,1224,1200
31 100 2016,648,1224,1200
32 100 2016,648,1224,1200
33 100 2016,648,1224,1200
34 100 2016,648,1224,1200
35 100 2040,648,1224,1200
36 100 2064,648,1224,1200
37 100 2088,648,1224,1224
38 100 2136,672,1224,1200
39 100 2184,696,1224,1200
40 100 2232,696,1224,1200
41 100 2328,696,1224,1224
42 100 2424,696,1224,1224
43 100 2496,696,1224,1224
44 100 2640,720,1224,1200
45 100 2784,720,1224,1200
46 100 2832,720,1224,1224
47 100 2880,744,1224,1200
48 100 2952,744,1224,1200
49 100 3048,744,1224,1224
50 100 3048,744,1224,1224
51 100 3048,744,1224,1224
52 100 3072,744,1224,1224
53 100 3144,744,1224,1200
54 100 3168,744,1224,1200
55 100 3216,744,1224,1200
56 100 3192,744,1224,1200
57 100 3168,744,1224,1200
58 100 3168,744,1224,1200
59 100 3120,744,1224,1200
60 100 3288,744,1224,1200
61 100 3264,744,1224,1224
62 100 3216,768,1224,1200
63 100 3168,768,1224,1200
64 100 3384,768,1224,1200
65 100 3384,768,1224,1200
66 100 3384,768,1224,1200
67 100 3384,768,1224,1200
68 100 3384,768,1224,1200
69 100 3384,768,1224,1200
70 100 3408,768,1224,1200
71 100 3432,768,1224,1200
72 100 3408,768,1224,1200
73 100 3360,768,1224,1200
74 100 3288,768,1224,1200
75 100 3648,768,1224,1224
76 100 3504,768,1224,1224
77 100 3384,792,1224,1200
78 100 3360,792,1224,1200
79 100 3336,792,1224,1200
80 100 3384,792,1224,1200
81 100 3408,792,1224,1200
82 100 3456,792,1224,1200
83 100 3504,792,1224,1200
84 100 3552,768,1224,1224
85 100 3600,768,1224,1224
86 100 3576,768,1224,1224
87 100 3600,768,1224,1224
88 100 3672,768,1224,1224
89 100 3648,768,1224,1224
90 100 3624,768,1224,1224
91 100 3552,768,1224,1224
92 100 3504,792,1224,1200
93 100 3504,792,1224,1200
94 100 3480,792,1224,1200
95 100 3528,768,1224,1224
96 100 3528,768,1224,1224
97 100 3576,768,1224,1224
98 100 3600,768,1224,1224
99 100 3600,768,1224,1224
100 100 3624,768,1224,1224
101 100 3624,768,1224,1224
102 100 3624,768,1224,1224
103 100 3552,768,1224,1224
104 100 3552,768,1224,1224
105 100 3528,768,1224,1224
106 100 3600,768,1224,1224
107 100 3264,768,1224,1224
108 100 3360,768,1224,1200
109 100 3360,768,1224,1200
110 100 3120,768,1224,1200
111 100 3096,768,1224,1200
112 100 3120,768,1224,1200
113 100 2976,768,1224,1200
114 100 2880,768,1224,1200
115 100 2760,768,1224,1200
116 100 2688,768,1224,1200
117 100 2544,744,1224,1224
118 100 2448,744,1224,1200
119 100 2328,744,1224,1200
120 100 2256,744,1224,1200
121 100 2208,720,1224,1224
122 100 2160,720,1224,1224
123 100 2112,720,1224,1224
124 100 2040,720,1224,1224
125 100 2016,720,1224,1224
126 100 1968,720,1224,1224
127 100 1944,720,1224,1224
128 100 1896,720,1224,1224
129 100 1872,720,1224,1224
130 100 1872,720,1224,1224
131 100 1824,720,1224,1200
132 100 1800,720,1224,1200
133 100 1776,720,1224,1200
134 100 1752,720,1224,1200
135 100 1728,696,1224,1224
136 100 1728,696,1224,1224
137 100 1704,696,1224,1224
138 100 1656,696,1224,1224
139 100 1656,696,1224,1224
140 100 1656,696,1224,1224
141 100 1608,696,1224,1224
142 100 1584,696,1224,1224
143 100 1560,696,1224,1224
144 100 1560,696,1224,1224
145 100 1536,696,1224,1200
146 100 1536,696,1224,1200
147 100 1512,672,1224,1224
148 100 1512,672,1224,1224
149 100 1512,672,1224,1224
150 100 1464,672,1224,1224
151 100 1464,672,1224,1224
152 100 1440,672,1224,1224
153 100 1440,672,1224,1224
154 100 1368,672,1224,1224
155 100 1368,672,1224,1224
156 100 1344,672,1224,1224
157 100 1344,672,1224,1224
158 100 1320,672,1224,1200
159 100 1320,672,1224,1200
160 100 1296,648,1224,1224
161 100 1296,648,1224,1224
162 100 1272,648,1224,1224
163 100 1272,648,1224,1224
164 100 1248,648,1224,1200
165 100 1248,648,1224,1200
166 100 1248,624,1224,1224
167 100 1248,624,1224,1224
168 100 1248,624,1224,1224
169 100 1248,624,1224,1224
170 100 1248,624,1224,1224
171 100 1248,624,1224,1224
172 100 1248,624,1224,1224
173 100 1248,624,1224,1224
174 100 1248,624,1224,1224
175 100 1248,624,1224,1224
176 100 1224,624,1224,1224
177 100 1224,624,1224,1224
178 100 1224,624,1224,1224
179 100 1224,624,1224,1224
180 100 1224,624,1224,1224
181 100 1200,624,1224,1224
182 100 1200,624,1224,1224
183 100 1200,624,1224,1224
184 100 1200,624,1224,1224
185 100 1200,624,1224,1200
186 100 1200,624,1224,1200
187 100 1200,624,1224,1200
188 100 1200,624,1224,1200
189 100 1200,624,1224,1224
190 100 1200,624,1224,1224
191 100 1200,648,1224,1200
192 100 1200,648,1224,1200
193 100 1224,648,1224,1224
194 100 1224,648,1224,1224
195 100 1200,672,1224,1200
196 100 1200,672,1224,1200
197 100 1200,672,1224,1224
198 100 1176,696,1224,1200
199 100 1176,696,1224,1200
200 100 1176,696,1224,1200
201 100 1152,696,1224,1224
202 100 1152,720,1224,1200
203 100 1128,720,1224,1200
204 100 1128,720,1224,1224
205 100 1104,720,1224,1224
206 100 1056,744,1224,1200
207 100 1008,744,1224,1224
208 100 960,744,1224,1224
209 100 912,768,1224,1224
210 100 864,768,1224,1224
211 100 840,768,1224,1248
212 100 816,792,1224,1224
213 100 792,792,1224,1224
214 100 792,792,1224,1248
215 100 768,816,1224,1224
216 100 768,816,1224,1224
217 100 768,816,1224,1224
218 100 744,816,1224,1224
219 100 744,816,1224,1224
220 100 720,816,1224,1224
221 100 696,816,1224,1224
222 100 696,792,1224,1248
223 100 672,792,1224,1248
224 100 648,792,1224,1248
225 100 648,792,1224,1248
226 100 600,816,1224,1224
227 100 600,816,1224,1248
228 100 600,816,1224,1248
229 100 576,840,1224,1248
230 100 576,840,1224,1248
231 100 576,864,1224,1248
232 100 552,864,1224,1248
233 100 552,864,1224,1248
234 100 552,864,1224,1248
235 100 552,864,1224,1248
236 100 552,864,1224,1248
237 100 528,864,1224,1248
238 100 528,864,1224,1248
239 100 528,864,1224,1248
240 100 528,864,1224,1248
241 100 528,864,1224,1248
242 100 528,864,1224,1248
243 100 528,864,1224,1248
244 100 528,864,1224,1248
245 100 504,864,1224,1248
246 100 504,864,1224,1248
247 100 504,864,1224,1248
248 100 504,864,1224,1248
249 100 504,864,1224,1248
250 100 504,864,1224,1248
251 100 528,864,1224,1224
252 100 528,864,1224,1224
253 100 528,864,1224,1224
254 100 528,864,1224,1224
255 100 528,840,1224,1248
256 100 504,840,1224,1248
257 100 504,840,1224,1248
258 100 504,816,1224,1248
259 100 480,792,1224,1248
260 100 456,768,1224,1248
261 100 432,768,1224,1248
262 100 432,768,1224,1248
263 100 408,768,1224,1224
264 100 408,768,1224,1224
265 100 408,768,1224,1224
266 100 408,768,1224,1224
267 100 408,768,1224,1224
268 100 408,768,1224,1224
269 100 408,768,1224,1224
270 100 408,768,1224,1224
271 100 408,768,1224,1224
272 100 432,768,1224,1224
273 100 432,768,1224,1224
274 100 432,768,1224,1224
275 100 432,768,1224,1224
276 100 432,768,1224,1224
277 100 432,768,1224,1224
278 100 432,768,1224,1224
279 100 432,768,1224,1224
280 100 432,768,1224,1224
281 100 432,768,1224,1224
282 100 432,768,1224,1224
283 100 432,768,1224,1224
284 100 432,768,1224,1224
285 100 432,768,1224,1224
286 100 432,768,1224,1224
287 100 456,768,1224,1224
288 100 456,768,1224,1224
289 100 456,744,1224,1224
290 100 456,744,1224,1224
291 100 456,768,1224,1200
292 100 456,768,1224,1200
293 100 456,744,1224,1224
294 100 456,744,1224,1224
295 100 456,744,1224,1224
296 100 456,744,1224,1224
297 100 456,744,1224,1224
298 100 456,744,1224,1224
299 100 456,744,1224,1224
300 100 456,744,1224,1224
301 100 456,720,1224,1224
302 100 432,696,1224,1224
303 100 432,696,1224,1224
304 100 432,696,1224,1224
305 100 408,696,1224,1224
306 100 408,696,1224,1224
307 100 408,696,1224,1224
308 100 384,696,1224,1224
309 100 384,696,1224,1224
310 100 384,696,1224,1224
311 100 384,696,1224,1224
312 100 384,696,1224,1224
313 100 384,696,1224,1224
314 100 360,696,1224,1224
315 100 360,696,1224,1224
316 100 360,696,1224,1224
317 100 360,696,1224,1224
318 100 360,696,1224,1224
319 100 360,696,1224,1224
320 100 360,696,1224,1224
321 100 360,696,1224,1224
322 100 360,696,1224,1224
323 100 360,696,1224,1224
324 100 360,696,1224,1224
325 100 360,696,1224,1224
326 100 360,696,1224,1224
327 100 360,696,1224,1224
328 100 360,696,1224,1224
329 100 384,720,1224,1200
330 100 384,720,1224,1200
331 100 408,720,1224,1224
332 100 432,720,1224,1224
333 100 480,744,1224,1200
334 100 480,744,1224,1224
335 100 552,768,1224,1224
336 100 576,768,1224,1224
337 100 624,792,1224,1200
338 100 672,792,1224,1200
339 100 672,792,1224,1200
340 100 672,792,1224,1200
341 100 768,792,1224,1200
342 100 768,792,1224,1200
343 100 768,792,1224,1200
344 100 840,768,1224,1224
345 100 840,768,1224,1224
346 100 840,768,1224,1224
347 100 912,792,1224,1200
348 100 912,768,1224,1224
349 100 912,768,1224,1224
350 100 960,768,1224,1224
351 100 984,768,1224,1224
352 100 984,768,1224,1224
353 100 1008,768,1224,1224
354 100 1032,768,1224,1200
355 100 1056,768,1224,1200
356 100 1056,768,1224,1200
357 100 1104,744,1224,1200
358 100 1128,744,1224,1200
359 100 1128,744,1224,1200
360 100 1176,720,1224,1224
361 100 1176,720,1224,1200
362 100 1176,720,1224,1200
363 100 1224,696,1224,1200
364 100 1224,672,1224,1224
365 100 1224,672,1224,1224
366 100 1272,648,1224,1224
367 100 1272,648,1224,1200
368 100 1272,648,1224,1200
369 100 1272,648,1224,1200
370 100 1272,624,1224,1224
371 100 1272,624,1224,1224
372 100 1272,624,1224,1224
373 100 1272,624,1224,1224
374 100 1272,624,1224,1224
375 100 1272,624,1224,1224
376 100 1272,624,1224,1224
377 100 1272,624,1224,1224
378 100 1272,624,1224,1224
379 100 1296,624,1224,1224
380 100 1296,624,1224,1224
381 100 1296,648,1224,1200
382 100 1296,648,1224,1200
383 100 1296,648,1224,1200
384 100 1296,648,1224,1200
385 100 1296,648,1224,1200
386 100 1296,648,1224,1200
387 100 1320,648,1224,1200
388 100 1320,648,1224,1200
389 100 1320,648,1224,1200
390 100 1320,648,1224,1200
391 100 1320,648,1224,1200
392 100 1320,648,1224,1200
393 100 1344,648,1224,1200
394 100 1344,648,1224,1200
395 100 1344,648,1224,1200
396 100 1392,648,1224,1224
397 100 1440,672,1224,1200
398 100 1464,672,1224,1224
399 100 1464,672,1224,1224
400 100 1560,696,1224,1200
401 100 1656,720,1224,1200
402 100 1656,720,1224,1200
403 100 1656,720,1224,1200
404 100 1680,720,1224,1200
405 100 1680,720,1224,1200
406 100 1728,720,1224,1224
407 100 1728,720,1224,1224
408 100 1728,720,1224,1224
409 100 1752,720,1224,1224
410 100 1752,720,1224,1224
411 100 1800,720,1224,1200
412 100 1800,720,1224,1200
413 100 1848,720,1224,1200
414 100 1848,720,1224,1200
415 100 1872,720,1224,1200
416 100 1872,720,1224,1200
417 100 1896,720,1224,1200
418 100 1896,720,1224,1200
419 100 1920,720,1224,1200
420 100 1944,720,1224,1200
421 100 1944,720,1224,1200
422 100 1968,720,1224,1200
423 100 1968,720,1224,1200
424 100 1968,720,1224,1200
425 100 1968,696,1224,1224
426 100 1968,696,1224,1224
427 100 1968,696,1224,1224
428 100 1968,696,1224,1224
429 100 1968,696,1224,1224
430 100 1968,696,1224,1224
431 100 1968,696,1224,1224
432 100 1968,696,1224,1224
433 100 1968,696,1224,1224
434 100 1968,696,1224,1224
435 100 1944,696,1224,1224
436 100 1944,696,1224,1224
437 100 1920,696,1224,1200
438 100 1896,696,1224,1200
439 100 1896,696,1224,1200
440 100 1848,696,1224,1224
441 100 1728,720,1224,1200
442 100 1728,720,1224,1200
443 100 1584,696,1224,1224
444 100 1536,696,1224,1224
445 100 1536,696,1224,1224
446 100 1368,672,1224,1224
447 100 1344,672,1224,1224
448 100 1344,672,1224,1224
449 100 1224,648,1224,1224
450 100 1200,648,1224,1224
451 100 1200,648,1224,1224
452 100 1152,648,1224,1224
453 100 1152,648,1224,1224
454 100 1152,648,1224,1224
455 100 1128,648,1224,1224
456 100 1128,648,1224,1224
457 100 1128,648,1224,1224
458 100 1152,672,1224,1224
459 100 1176,672,1224,1224
460 100 1176,672,1224,1224
461 100 1200,672,1224,1224
462 100 1200,672,1224,1224
463 100 1200,672,1224,1224
464 100 1200,672,1224,1224
465 100 1176,672,1224,1224
466 100 1176,672,1224,1224
467 100 1176,672,1224,1224
468 100 1176,672,1224,1224
469 100 1176,672,1224,1224
470 100 1176,672,1224,1224
471 100 1176,672,1224,1224
472 100 1176,672,1224,1224
473 100 1176,696,1224,1200
474 100 1176,696,1224,1200
475 100 1176,696,1224,1200
476 100 1176,696,1224,1200
477 100 1176,696,1224,1200
478 100 1176,696,1224,1200
479 100 1176,696,1224,1200
480 100 1176,696,1224,1200
481 100 1176,696,1224,1200
482 100 1176,696,1224,1200
483 100 1176,696,1224,1200
484 100 1176,696,1224,1200
485 100 1176,696,1224,1200
486 100 1176,696,1224,1200
487 100 1176,696,1224,1200
488 100 1176,696,1224,1200
489 100 1176,696,1224,1200
490 100 1176,696,1224,1200
491 100 1176,696,1224,1200
492 100 1176,696,1224,1200
493 100 1176,696,1224,1200
494 100 1176,696,1224,1200
495 100 1176,696,1224,1200
496 100 1176,696,1224,1200
497 100 1176,696,1224,1200
498 100 1176,696,1224,1200
499 100 1176,696,1224,1200
500 100 1176,696,1224,1200
501 100 1176,696,1224,1200
502 100 1176,696,1224,1200
503 100 1176,696,1224,1224
504 100 1176,696,1224,1224
505 100 1176,696,1224,1224
506 100 1176,696,1224,1224
507 100 1176,696,1224,1224
508 100 1176,696,1224,1224
509 100 1176,696,1224,1224
510 100 1176,696,1224,1224
511 100 1176,696,1224,1224
512 100 1176,696,1224,1224
513 100 1176,696,1224,1224
514 100 1176,696,1224,1224
515 100 1176,696,1224,1224
516 100 1176,696,1224,1224
517 100 1176,696,1224,1224
518 100 1176,696,1224,1224
519 100 1176,696,1224,1224
520 100 1176,696,1224,1224
521 100 1176,696,1224,1224
522 100 1176,696,1224,1224
523 100 1176,696,1224,1224
524 100 1176,696,1224,1224
525 100 1176,696,1224,1224
526 100 1176,696,1224,1224
527 100 1176,696,1224,1224
528 100 1176,696,1224,1224
529 100 1176,696,1224,1224
530 100 1176,696,1224,1224
531 100 1176,696,1224,1224
532 100 1176,696,1224,1224
533 100 1176,696,1224,1224
534 100 1176,696,1224,1224
535 100 1176,696,1224,1224
536 100 1176,696,1224,1224
537 100 1176,696,1224,1224
538 100 1176,696,1224,1224
539 100 1176,696,1224,1224
540 100 1176,696,1224,1224
541 100 1176,696,1224,1224
542 100 1176,696,1224,1224
543 100 1176,696,1224,1224
544 100 1176,696,1224,1224
545 100 1176,696,1224,1224
546 100 1176,696,1224,1224
547 100 1176,720,1224,1200
548 100 1176,720,1224,1200
549 100 1176,720,1224,1200
550 100 1176,720,1224,1200
551 100 1152,720,1224,1200
552 100 1152,720,1224,1200
553 100 1152,720,1224,1224
554 100 1080,744,1224,1224
555 100 1056,744,1224,1224
556 100 1056,744,1224,1224
557 100 960,768,1224,1224
558 100 960,768,1224,1224
559 100 960,768,1224,1224
560 100 888,792,1224,1224
561 100 864,792,1224,1224
562 100 864,792,1224,1224
563 100 792,792,1224,1224
564 100 792,792,1224,1224
565 100 792,792,1224,1224
566 100 744,816,1224,1224
567 100 720,816,1224,1224
568 100 720,816,1224,1224
569 100 720,840,1224,1224
570 100 720,840,1224,1224
571 100 720,840,1224,1224
572 100 720,840,1224,1224
573 100 696,840,1224,1224
574 100 696,840,1224,1224
575 100 696,840,1224,1224
576 100 696,840,1224,1224
577 100 696,840,1224,1248
578 100 696,840,1224,1248
579 100 696,864,1224,1224
580 100 696,864,1224,1224
581 100 696,864,1224,1224
582 100 696,864,1224,1224
583 100 696,888,1224,1224
584 100 696,888,1224,1224
585 100 696,888,1224,1248
586 100 696,912,1224,1224
587 100 720,912,1224,1224
588 100 720,936,1224,1224
589 100 744,960,1224,1200
590 100 744,960,1224,1200
591 100 0,1008,1224,1152
592 100 0,1008,1224,1152
593 100 0,1032,1224,1128
594 100 0,1032,1224,1128
595 100 0,1032,1224,1128
596 100 0,1032,1224,1128
597 100 0,1032,1224,1128
598 100 0,1032,1224,1128
599 100 0,1032,1224,1128
600 100 0,1032,1224,1128
601 100 0,1056,1224,1104
602 100 0,1056,1224,1104
603 100 0,1056,1224,1104
604 100 0,1104,1224,1056
605 100 0,1104,1224,1056
606 100 0,1104,1224,1056
607 100 0,1104,1224,1056
608 100 0,1104,1224,1056
609 100 0,1104,1224,1056
610 100 0,1128,1224,1032
611 100 0,1128,1224,1032
612 100 0,1128,1224,1032
613 100 0,1104,1224,1056
614 100 0,1104,1224,1056
615 100 0,1104,1224,1056
616 100 0,1104,1224,1056
617 100 0,1104,1224,1056
618 100 0,1104,1224,1056
619 100 0,1104,1224,1056
620 100 0,1104,1224,1056
621 100 0,1104,1224,1056
622 100 0,1104,1224,1056
623 100 0,1104,1224,1056
624 100 0,1104,1224,1056
625 100 0,1104,1224,1056
626 100 0,1128,1224,1032
627 100 0,1128,1224,1032
628 100 0,1128,1224,1032
629 100 0,1128,1224,1032
630 100 0,1128,1224,1032
631 100 0,1128,1224,1032
632 100 0,1104,1224,1056
633 100 0,1104,1224,1056
634 100 0,1104,1224,1056
635 100 0,1104,1224,1056
636 100 0,1104,1224,1056
637 100 0,1104,1224,1056
638 100 0,1104,1224,1056
639 100 0,1104,1224,1056
640 100 0,1104,1224,1056
641 100 0,1104,1224,1056
642 100 0,1104,1224,1056
643 100 0,1104,1224,1056
644 100 0,1128,1224,1032
645 100 0,1128,1224,1032
646 100 0,1128,1224,1032
647 100 0,1104,1224,1056
648 100 0,1104,1224,1056
649 100 0,1104,1224,1056
650 100 0,1080,1224,1080
651 100 0,1080,1224,1080
652 100 0,1056,1224,1104
653 100 0,1056,1224,1104
654 100 0,1032,1224,1128
655 100 0,1032,1224,1128
656 100 0,1008,1224,1152
657 100 0,1008,1224,1152
658 100 0,1008,1224,1152
659 100 0,1032,1224,1128
660 100 0,1056,1224,1104
661 100 0,1056,1224,1104
662 100 0,1056,1224,1104
663 100 0,1032,1224,1128
664 100 984,984,1224,1176
665 100 1272,960,1224,1200
666 100 1200,912,1224,1248
667 100 1176,912,1224,1224
668 100 1128,888,1224,1224
669 100 1104,864,1224,1248
670 100 1056,864,1224,1248
671 100 1056,864,1224,1224
672 100 1008,840,1224,1248
673 100 1008,840,1224,1224
674 100 1032,816,1224,1248
675 100 1032,816,1224,1248
676 100 1032,816,1224,1248
677 100 1080,816,1224,1224
678 100 1080,816,1224,1200
679 100 1080,816,1224,1200
680 100 1152,792,1224,1200
681 100 1152,768,1224,1224
682 100 1152,768,1224,1224
683 100 1152,768,1224,1224
684 100 1128,768,1224,1224
685 100 1128,768,1224,1224
686 100 1128,768,1224,1224
687 100 1128,792,1224,1200
688 100 1104,792,1224,1224
689 100 1104,792,1224,1224
690 100 1104,792,1224,1224
691 100 1104,816,1224,1200
692 100 1104,816,1224,1200
693 100 1104,816,1224,1200
694 100 1080,816,1224,1224
695 100 1080,816,1224,1224
696 100 1080,816,1224,1224
697 100 1080,840,1224,1200
698 100 1080,840,1224,1200
699 100 1080,840,1224,1200
700 100 1080,840,1224,1224
701 100 1080,840,1224,1224
702 100 1080,864,1224,1200
703 100 1080,864,1224,1200
704 100 1080,864,1224,1200
705 100 1056,888,1224,1200
706 100 1056,888,1224,1200
707 100 1056,888,1224,1200
708 100 1032,888,1224,1200
709 100 1032,888,1224,1224
710 100 1032,888,1224,1224
711 100 1032,888,1224,1224
712 100 1032,888,1224,1224
713 100 1032,888,1224,1224
714 100 1032,888,1224,1224
715 100 1032,888,1224,1224
716 100 1032,888,1224,1224
717 100 1032,888,1224,1224
718 100 1032,888,1224,1224
719 100 1032,888,1224,1224
720 100 1032,888,1224,1224
721 100 1032,888,1224,1200
722 100 1032,888,1224,1200
723 100 1032,888,1224,1200
724 100 1032,888,1224,1200
725 100 1032,888,1224,1200
726 100 1032,888,1224,1200
727 100 1032,864,1224,1224
728 100 1032,864,1224,1224
729 100 1032,864,1224,1224
730 100 1032,864,1224,1200
731 100 1032,864,1224,1200
732 100 1032,864,1224,1200
733 100 1032,864,1224,1200
734 100 1032,840,1224,1224
735 100 1032,840,1224,1200
736 100 1032,840,1224,1200
737 100 1032,816,1224,1224
738 100 1032,816,1224,1224
739 100 1032,816,1224,1224
740 100 1032,816,1224,1224
741 100 1032,792,1224,1224
742 100 1008,792,1224,1224
743 100 984,792,1224,1224
744 100 984,792,1224,1200
745 100 984,792,1224,1200
746 100 984,792,1224,1200
747 100 984,768,1224,1224
748 100 984,768,1224,1224
749 100 984,768,1224,1224
750 100 1008,768,1224,1224
751 100 1008,768,1224,1224
752 100 1008,768,1224,1224
753 100 1008,768,1224,1200
754 100 1032,768,1224,1200
755 100 1032,768,1224,1200
756 100 1008,744,1224,1224
757 100 1008,744,1224,1200
758 100 1008,744,1224,1200
759 100 960,720,1224,1224
760 100 936,720,1224,1200
761 100 936,720,1224,1200
762 100 888,696,1224,1224
763 100 888,696,1224,1224
764 100 888,696,1224,1224
765 100 936,720,1224,1200
766 100 936,720,1224,1224
767 100 936,720,1224,1224
768 100 984,720,1224,1224
769 100 984,720,1224,1224
770 100 984,720,1224,1224
771 100 1008,720,1224,1224
772 100 1008,720,1224,1200
773 100 1008,720,1224,1200
774 100 1056,720,1224,1200
775 100 1080,720,1224,1200
776 100 1080,720,1224,1200
777 100 1104,720,1224,1200
778 100 1104,720,1224,1200
779 100 1104,720,1224,1200
780 100 1104,720,1224,1200
781 100 1128,696,1224,1224
782 100 1128,696,1224,1224
783 100 1128,696,1224,1224
784 100 1128,696,1224,1224
785 100 1128,696,1224,1200
786 100 1128,696,1224,1200
787 100 1128,696,1224,1200
788 100 1152,696,1224,1200
789 100 1152,696,1224,1200
790 100 1152,696,1224,1200
791 100 1152,696,1224,1200
792 100 1152,696,1224,1200
793 100 1152,696,1224,1200
794 100 1152,696,1224,1200
795 100 1152,696,1224,1200
796 100 1152,696,1224,1200
797 100 1152,696,1224,1200
798 100 1152,696,1224,1200
799 100 1152,696,1224,1200
800 100 1152,696,1224,1200
801 100 1152,696,1224,1200
802 100 1152,696,1224,1200
803 100 1152,696,1224,1200
804 100 1152,696,1224,1200
805 100 1152,696,1224,1200
806 100 1152,696,1224,1200
807 100 1152,696,1224,1200
808 100 1152,696,1224,1200
809 100 1152,696,1224,1200
810 100 1152,696,1224,1200
811 100 1152,696,1224,1200
812 100 1152,696,1224,1200
813 100 1152,696,1224,1200
814 100 1152,696,1224,1200
815 100 1152,696,1224,1200
816 100 1152,696,1224,1200
817 100 1152,696,1224,1200
818 100 1152,696,1224,1200
819 100 1152,696,1224,1200
820 100 1152,696,1224,1200
821 100 1152,696,1224,1200
822 100 1152,696,1224,1200
823 100 1152,696,1224,1200
824 100 1152,696,1224,1200
825 100 1152,696,1224,1200
826 100 1152,696,1224,1200
827 100 1152,696,1224,1200
828 100 1152,696,1224,1200
829 100 1176,696,1224,1200
830 100 1176,696,1224,1200
831 100 1176,696,1224,1200
832 100 1176,672,1224,1200
833 100 1176,672,1224,1200
834 100 1176,672,1224,1200
835 100 1200,648,1224,1200
836 100 1200,648,1224,1200
837 100 1200,648,1224,1200
838 100 1224,624,1224,1200
839 100 1224,600,1224,1224
840 100 1224,600,1224,1200
841 100 1224,600,1224,1200
842 100 1248,576,1224,1224
843 100 1248,552,1224,1224
844 100 1248,552,1224,1224
845 100 1248,552,1224,1224
846 100 1272,552,1224,1200
847 100 1272,552,1224,1200
848 100 1272,552,1224,1200
849 100 1272,552,1224,1200
850 100 1272,552,1224,1200
851 100 1272,552,1224,1200
852 100 1272,552,1224,1200
853 100 1272,552,1224,1200
854 100 1272,528,1224,1224
855 100 1272,528,1224,1224
856 100 1272,528,1224,1224
857 100 1272,528,1224,1224
858 100 1272,528,1224,1224
859 100 1272,528,1224,1200
860 100 1272,528,1224,1200
861 100 1272,528,1224,1200
862 100 1272,528,1224,1200
863 100 1272,528,1224,1200
864 100 1272,528,1224,1200
865 100 1272,528,1224,1200
866 100 1272,528,1224,1200
867 100 1272,528,1224,1200
868 100 1272,528,1224,1200
869 100 1272,528,1224,1200
870 100 1272,528,1224,1200
871 100 1272,528,1224,1200
872 100 1272,528,1224,1200
873 100 1272,528,1224,1200
874 100 1272,528,1224,1200
875 100 1272,528,1224,1200
876 100 1272,528,1224,1200
877 100 1272,528,1224,1200
878 100 1272,528,1224,1200
879 100 1272,528,1224,1200
880 100 1272,528,1224,1200
881 100 1272,528,1224,1200
882 100 1272,528,1224,1224
883 100 1272,528,1224,1224
884 100 1272,528,1224,1224
885 100 1272,528,1224,1224
886 100 1272,528,1224,1224
887 100 1272,528,1224,1224
888 100 1272,528,1224,1224
889 100 1272,528,1224,1224
890 100 1272,528,1224,1224
891 100 1272,528,1224,1224
892 100 1272,528,1224,1224
893 100 1272,528,1224,1224
894 100 1272,528,1224,1224
895 100 1272,528,1224,1224
896 100 1272,528,1224,1224
897 100 1272,528,1224,1224
898 100 1272,528,1224,1224
899 100 1272,528,1224,1224
900 100 1272,528,1224,1224
901 100 1272,528,1224,1224
902 100 1272,528,1224,1224
903 100 1272,528,1224,1224
904 100 1272,552,1224,1200
905 100 1272,552,1224,1200
906 100 1272,552,1224,1200
907 100 1272,552,1224,1200
908 100 1272,552,1224,1200
909 100 1272,552,1224,1200
910 100 1272,552,1224,1200
911 100 1272,552,1224,1200
912 100 1272,552,1224,1200
913 100 1272,552,1224,1200
914 100 1272,552,1224,1200
915 100 1272,552,1224,1200
916 100 1272,552,1224,1200
917 100 1272,552,1224,1200
918 100 1272,552,1224,1200
919 100 1272,552,1224,1200
920 100 1272,552,1224,1200
921 100 1272,552,1224,1200
922 100 1272,552,1224,1200
923 100 1272,552,1224,1200
924 100 1272,552,1224,1200
925 100 1272,552,1224,1200
926 100 1272,552,1224,1200
927 100 1272,552,1224,1200
928 100 1272,552,1224,1200
929 100 1272,552,1224,1200
930 100 1272,552,1224,1200
931 100 1296,552,1224,1200
932 100 1296,552,1224,1200
933 100 1320,552,1224,1200
934 100 1344,552,1224,1200
935 100 1344,552,1224,1200
936 100 1392,528,1224,1200
937 100 1392,528,1224,1200
938 100 1440,504,1224,1200
939 100 1440,480,1224,1200
940 100 1440,480,1224,1200
941 100 1440,480,1224,1200
942 100 1416,456,1224,1200
943 100 1416,456,1224,1200
944 100 1416,456,1224,1200
945 100 1416,456,1224,1200
946 100 1416,456,1224,1200
947 100 1416,432,1224,1224
948 100 1416,432,1224,1224
949 100 1392,432,1224,1200
950 100 1392,432,1224,1200
951 100 1392,432,1224,1200
952 100 1392,408,1224,1200
953 100 1392,384,1224,1224
954 100 1392,384,1224,1224
955 100 1392,384,1224,1200
956 100 1416,384,1224,1200
957 100 1416,384,1224,1200
958 100 1416,360,1224,1224
959 100 1416,360,1224,1224
960 100 1416,360,1224,1224
961 100 1416,360,1224,1224
962 100 1392,360,1224,1200
963 100 1392,360,1224,1200
964 100 1392,360,1224,1200
965 100 1392,336,1224,1224
966 100 1392,336,1224,1224
967 100 1392,336,1224,1224
968 100 1392,336,1224,1224
969 100 1392,336,1224,1200
970 100 1392,336,1224,1200
971 100 1392,336,1224,1200
972 100 1392,336,1224,1200
973 100 1392,336,1224,1200
974 100 1392,336,1224,1200
975 100 1392,336,1224,1200
976 100 1392,336,1224,1200
977 100 1392,336,1224,1200
978 100 1392,336,1224,1200
979 100 1392,336,1224,1200
980 100 1392,336,1224,1200
981 100 1392,336,1224,1200
982 100 1392,336,1224,1200
983 100 1392,336,1224,1200
984 100 1392,336,1224,1200
985 100 1392,336,1224,1224
986 100 1392,336,1224,1224
987 100 1392,336,1224,1224
988 100 1368,336,1224,1224
989 100 1368,336,1224,1224
990 100 1368,336,1224,1224
991 100 1368,336,1224,1224
992 100 1368,336,1224,1224
993 100 1368,336,1224,1224
994 100 1368,336,1224,1224
995 100 1368,336,1224,1224
996 100 1368,336,1224,1224
997 100 1368,336,1224,1224
998 100 1368,360,1224,1200
999 100 1368,360,1224,1200
1000 100 1368,360,1224,1200
1001 100 1368,360,1224,1200
1002 100 1368,360,1224,1200
1003 100 1368,360,1224,1200
1004 100 1368,360,1224,1200
1005 100 1368,360,1224,1224
1006 100 1368,360,1224,1224
1007 100 1368,360,1224,1224
1008 100 1368,384,1224,1200
1009 100 1368,384,1224,1200
1010 100 1368,384,1224,1200
1011 100 1368,384,1224,1200
1012 100 1368,408,1224,1224
1013 100 1368,408,1224,1224
1014 100 1368,408,1224,1224
1015 100 1392,432,1224,1224
1016 100 1392,480,1224,1200
1017 100 1392,480,1224,1200
1018 100 1392,480,1224,1200
1019 100 1392,528,1224,1200
1020 100 1368,528,1224,1200
1021 100 1368,528,1224,1200
1022 100 1320,576,1224,1200
1023 100 1320,576,1224,1200
1024 100 1320,576,1224,1200
1025 100 1248,600,1224,1200
1026 100 1248,600,1224,1200
1027 100 1248,600,1224,1200
1028 100 1200,600,1224,1200
1029 100 1200,600,1224,1224
1030 100 1200,600,1224,1224
1031 100 1152,624,1224,1200
1032 100 1152,624,1224,1200
1033 100 1152,624,1224,1200
1034 100 1104,624,1224,1200
1035 100 1104,624,1224,1200
1036 100 1104,624,1224,1200
1037 100 1056,624,1224,1200
1038 100 1056,624,1224,1200
1039 100 1056,624,1224,1200
1040 100 1008,624,1224,1200
1041 100 1008,624,1224,1200
1042 100 1008,624,1224,1200
1043 100 1008,600,1224,1224
1044 100 1008,600,1224,1224
1045 100 1008,600,1224,1224
1046 100 1032,600,1224,1200
1047 100 1032,600,1224,1200
1048 100 1032,600,1224,1200
1049 100 1032,600,1224,1200
1050 100 1032,600,1224,1200
1051 100 1032,600,1224,1200
1052 100 1008,600,1224,1200
1053 100 1008,600,1224,1200
1054 100 1008,600,1224,1200
1055 100 1008,600,1224,1200
1056 100 1008,600,1224,1200
1057 100 1008,600,1224,1200
1058 100 1008,600,1224,1200
1059 100 1008,600,1224,1200
1060 100 1008,600,1224,1200
1061 100 1008,600,1224,1200
1062 100 1008,600,1224,1200
1063 100 1008,600,1224,1200
1064 100 1008,600,1224,1200
1065 100 1008,600,1224,1200
1066 100 1008,600,1224,1200
1067 100 1008,600,1224,1200
1068 100 1032,600,1224,1200
1069 100 1032,600,1224,1200
1070 100 1008,600,1224,1200
1071 100 1008,600,1224,1200
1072 100 1008,600,1224,1200
1073 100 1008,600,1224,1200
1074 100 1008,600,1224,1200
1075 100 1008,600,1224,1200
1076 100 1008,600,1224,1200
1077 100 1008,600,1224,1200
1078 100 984,600,1224,1200
1079 100 984,600,1224,1200
1080 100 984,600,1224,1200
1081 100 984,600,1224,1200
1082 100 960,600,1224,1200
1083 100 960,576,1224,1224
1084 100 960,576,1224,1224
1085 100 960,576,1224,1224
1086 100 960,576,1224,1224
1087 100 960,576,1224,1224
1088 100 960,576,1224,1224
1089 100 960,576,1224,1224
1090 100 960,576,1224,1224
1091 100 960,576,1224,1224
1092 100 960,576,1224,1224
1093 100 960,576,1224,1224
1094 100 960,576,1224,1224
1095 100 960,576,1224,1224
1096 100 936,576,1224,1224
1097 100 936,576,1224,1224
1098 100 936,576,1224,1224
1099 100 936,576,1224,1224
1100 100 936,576,1224,1224
1101 100 936,576,1224,1224
1102 100 936,576,1224,1224
1103 100 912,576,1224,1224
1104 100 912,576,1224,1224
1105 100 912,576,1224,1224
1106 100 912,576,1224,1224
1107 100 888,576,1224,1224
1108 100 888,576,1224,1224
1109 100 888,576,1224,1224
1110 100 888,576,1224,1224
1111 100 888,576,1224,1224
1112 100 888,576,1224,1224
1113 100 888,576,1224,1224
1114 100 888,576,1224,1224
1115 100 888,576,1224,1224
1116 100 888,576,1224,1224
1117 100 888,576,1224,1224
1118 100 888,576,1224,1224
1119 100 888,576,1224,1224
1120 100 888,576,1224,1224
1121 100 888,576,1224,1224
1122 100 888,576,1224,1224
1123 100 888,576,1224,1224
1124 100 888,576,1224,1224
1125 100 888,600,1224,1200
1126 100 888,600,1224,1200
1127 100 888,600,1224,1200
1128 100 888,600,1224,1200
1129 100 888,576,1224,1224
1130 100 888,576,1224,1224
1131 100 888,576,1224,1224
1132 100 888,576,1224,1224
1133 100 888,576,1224,1224
1134 100 888,576,1224,1224
1135 100 888,576,1224,1224
1136 100 888,576,1224,1224
1137 100 888,576,1224,1224
1138 100 888,576,1224,1224
1139 100 888,576,1224,1224
1140 100 888,576,1224,1200
1141 100 888,576,1224,1200
1142 100 888,576,1224,1200
1143 100 888,576,1224,1200
1144 100 888,576,1224,1200
1145 100 888,576,1224,1200
1146 100 888,576,1224,1200
1147 100 888,576,1224,1200
1148 100 888,576,1224,1200
1149 100 888,576,1224,1200
1150 100 888,576,1224,1200
1151 100 888,576,1224,1200
1152 100 888,576,1224,1224
1153 100 888,576,1224,1224
1154 100 888,576,1224,1224
1155 100 888,576,1224,1224
1156 100 888,576,1224,1224
1157 100 888,576,1224,1224
1158 100 888,576,1224,1224
1159 100 888,576,1224,1224
1160 100 888,576,1224,1224
1161 100 888,576,1224,1224
1162 100 888,600,1224,1200
1163 100 888,600,1224,1200
1164 100 888,576,1224,1224
1165 100 888,600,1224,1200
1166 100 888,576,1224,1224
1167 100 888,576,1224,1224
1168 100 888,600,1224,1200
1169 100 888,600,1224,1200
1170 100 888,600,1224,1200
1171 100 888,600,1224,1200
1172 100 888,600,1224,1200
1173 100 888,600,1224,1200
1174 100 864,600,1224,1200
1175 100 864,600,1224,1200
1176 100 864,600,1224,1200
1177 100 864,600,1224,1200
1178 100 840,600,1224,1200
1179 100 840,600,1224,1200
1180 100 840,600,1224,1200
1181 100 840,600,1224,1200
1182 100 840,600,1224,1200
1183 100 840,600,1224,1200
1184 100 840,600,1224,1200
1185 100 840,600,1224,1200
1186 100 840,600,1224,1200
1187 100 840,600,1224,1200
1188 100 840,600,1224,1200
1189 100 840,600,1224,1224
1190 100 840,600,1224,1224
1191 100 840,600,1224,1224
1192 100 840,600,1224,1224
1193 100 840,600,1224,1224
1194 100 840,600,1224,1224
1195 100 840,600,1224,1224
1196 100 840,600,1224,1224
1197 100 840,600,1224,1224
1198 100 840,600,1224,1224
1199 100 840,600,1224,1224
1200 100 840,624,1224,1200
1201 100 840,624,1224,1200
1202 100 840,624,1224,1200
1203 100 840,624,1224,1200
1204 100 864,600,1224,1224
1205 100 864,624,1224,1200
1206 100 864,624,1224,1200
1207 100 864,624,1224,1200
1208 100 864,624,1224,1200
1209 100 864,600,1224,1224
1210 100 864,600,1224,1224
1211 100 864,624,1224,1200
1212 100 864,600,1224,1224
1213 100 864,600,1224,1224
1214 100 864,600,1224,1224
1215 100 864,600,1224,1224
1216 100 864,600,1224,1224
1217 100 864,624,1224,1200
1218 100 888,600,1224,1224
1219 100 888,600,1224,1224
1220 100 888,600,1224,1224
1221 100 888,600,1224,1224
1222 100 888,600,1224,1224
1223 100 888,600,1224,1224
1224 100 912,600,1224,1224
1225 100 888,600,1224,1224
1226 100 912,600,1224,1224
1227 100 912,600,1224,1224
1228 100 912,600,1224,1224
1229 100 912,600,1224,1224
1230 100 936,600,1224,1224
1231 100 936,600,1224,1224
1232 100 936,600,1224,1224
1233 100 936,600,1224,1224
1234 100 936,600,1224,1224
1235 100 960,624,1224,1200
1236 100 960,600,1224,1224
1237 100 960,600,1224,1224
1238 100 984,600,1224,1224
1239 100 984,624,1224,1200
1240 100 984,624,1224,1200
1241 100 1008,624,1224,1200
1242 100 1008,624,1224,1200
1243 100 1032,624,1224,1200
1244 100 1032,624,1224,1200
1245 100 1032,624,1224,1200
1246 100 1056,624,1224,1200
1247 100 1056,624,1224,1224
1248 100 1056,624,1224,1224
1249 100 1080,624,1224,1224
1250 100 1080,624,1224,1224
1251 100 1080,648,1224,1200
1252 100 1080,648,1224,1200
1253 100 1104,648,1224,1200
1254 100 1104,648,1224,1200
1255 100 1128,648,1224,1200
1256 100 1128,648,1224,1200
1257 100 1128,648,1224,1200
1258 100 1128,648,1224,1200
1259 100 1152,648,1224,1224
1260 100 1152,648,1224,1224
1261 100 1152,648,1224,1224
1262 100 1128,648,1224,1224
1263 100 1128,648,1224,1224
1264 100 1128,672,1224,1200
1265 100 1128,672,1224,1200
1266 100 1128,672,1224,1200
1267 100 1128,672,1224,1200
1268 100 1128,672,1224,1200
1269 100 1152,672,1224,1224
1270 100 1152,672,1224,1224
1271 100 1152,696,1224,1200
1272 100 1152,696,1224,1200
1273 100 1152,696,1224,1200
1274 100 1152,696,1224,1200
1275 100 1152,696,1224,1200
1276 100 1152,696,1224,1200
1277 100 1152,696,1224,1200
1278 100 1152,696,1224,1200
1279 100 1152,696,1224,1200
1280 100 1152,696,1224,1200
1281 100 1152,696,1224,1224
1282 100 1152,696,1224,1224
1283 100 1152,696,1224,1224
1284 100 1152,720,1224,1200
1285 100 1152,720,1224,1200
1286 100 1152,720,1224,1200
1287 100 1152,720,1224,1200
1288 100 1152,720,1224,1224
1289 100 1152,720,1224,1224
1290 100 1128,744,1224,1200
1291 100 1128,744,1224,1200
1292 100 1128,768,1224,1200
1293 100 1104,768,1224,1200
1294 100 1104,792,1224,1200
1295 100 1104,792,1224,1200
1296 100 1104,792,1224,1224
1297 100 1104,792,1224,1224
1298 100 1104,792,1224,1224
1299 100 1104,816,1224,1200
1300 100 1104,816,1224,1200
1301 100 1104,816,1224,1200
1302 100 1104,792,1224,1224
1303 100 1104,792,1224,1224
1304 100 1104,792,1224,1224
1305 100 1104,792,1224,1224
1306 100 1104,792,1224,1224
1307 100 1104,792,1224,1224
1308 100 1104,792,1224,1224
1309 100 1104,792,1224,1224
1310 100 1104,792,1224,1224
1311 100 1104,792,1224,1224
1312 100 1104,792,1224,1200
1313 100 1104,792,1224,1200
1314 100 1104,792,1224,1200
1315 100 1104,792,1224,1200
1316 100 1104,792,1224,1200
1317 100 1104,792,1224,1200
1318 100 1104,768,1224,1224
1319 100 1104,768,1224,1224
1320 100 1104,768,1224,1224
1321 100 1104,768,1224,1200
1322 100 1104,768,1224,1200
1323 100 1104,768,1224,1200
1324 100 1104,768,1224,1200
1325 100 1104,768,1224,1200
1326 100 1104,768,1224,1200
1327 100 1104,768,1224,1200
1328 100 1104,744,1224,1224
1329 100 1080,744,1224,1200
1330 100 1080,744,1224,1200
1331 100 1104,720,1224,1224
1332 100 1104,720,1224,1200
1333 100 1080,696,1224,1224
1334 100 1080,696,1224,1224
1335 100 1032,696,1224,1224
1336 100 1032,696,1224,1224
1337 100 984,696,1224,1200
1338 100 984,696,1224,1200
1339 100 936,696,1224,1200
1340 100 936,696,1224,1200
1341 100 912,672,1224,1224
1342 100 912,672,1224,1224
1343 100 912,672,1224,1224
1344 100 912,672,1224,1224
1345 100 936,672,1224,1200
1346 100 936,672,1224,1200
1347 100 960,672,1224,1200
1348 100 960,672,1224,1200
1349 100 960,672,1224,1200
1350 100 960,672,1224,1200
1351 100 960,672,1224,1200
1352 100 960,672,1224,1200
1353 100 960,672,1224,1200
1354 100 960,672,1224,1200
1355 100 1008,648,1224,1224
1356 100 1008,648,1224,1224
1357 100 1008,648,1224,1224
1358 100 1056,648,1224,1200
1359 100 1056,648,1224,1200
1360 100 1152,624,1224,1224
1361 100 1152,624,1224,1224
1362 100 1152,624,1224,1224
1363 100 1224,624,1224,1200
1364 100 1224,624,1224,1200
1365 100 1272,600,1224,1200
1366 100 1296,600,1224,1200
1367 100 1296,600,1224,1200
1368 100 1296,600,1224,1200
1369 100 1296,576,1224,1224
1370 100 1296,576,1224,1224
1371 100 1296,576,1224,1200
1372 100 1296,576,1224,1200
1373 100 1296,576,1224,1200
1374 100 1296,552,1224,1200
1375 100 1296,552,1224,1200
1376 100 1296,552,1224,1200
1377 100 1296,528,1224,1224
1378 100 1296,528,1224,1200
1379 100 1296,528,1224,1200
1380 100 1296,528,1224,1200
1381 100 1320,504,1224,1200
1382 100 1320,504,1224,1200
1383 100 1320,504,1224,1200
1384 100 1320,456,1224,1200
1385 100 1320,456,1224,1200
1386 100 1320,456,1224,1200
1387 100 1296,432,1224,1224
1388 100 1296,432,1224,1200
1389 100 1296,432,1224,1200
1390 100 1296,408,1224,1200
1391 100 1296,408,1224,1200
1392 100 1296,408,1224,1200
1393 100 1272,384,1224,1224
1394 100 1272,384,1224,1224
1395 100 1272,384,1224,1224
1396 100 1248,384,1224,1200
1397 100 1248,384,1224,1200
1398 100 1248,384,1224,1200
1399 100 1248,384,1224,1200
1400 100 1248,360,1224,1224
1401 100 1248,360,1224,1224
1402 100 1272,360,1224,1224
1403 100 1248,360,1224,1200
1404 100 1248,360,1224,1200
1405 100 1248,360,1224,1200
1406 100 1248,360,1224,1200
1407 100 1248,360,1224,1200
1408 100 1248,336,1224,1200
1409 100 1248,336,1224,1200
1410 100 1248,336,1224,1200
1411 100 1272,336,1224,1224
1412 100 1272,336,1224,1224
1413 100 1272,336,1224,1224
1414 100 1296,360,1224,1200
1415 100 1296,360,1224,1200
1416 100 1320,384,1224,1200
1417 100 1320,384,1224,1200
1418 100 1344,408,1224,1200
1419 100 1344,408,1224,1200
1420 100 1368,408,1224,1200
1421 100 1392,408,1224,1224
1422 100 1392,408,1224,1224
1423 100 1392,408,1224,1224
1424 100 1392,432,1224,1200
1425 100 1416,432,1224,1224
1426 100 1416,432,1224,1224
1427 100 1440,456,1224,1224
1428 100 1440,456,1224,1224
1429 100 1440,456,1224,1224
1430 100 1464,480,1224,1224
1431 100 1464,480,1224,1224
1432 100 1488,504,1224,1224
1433 100 1488,504,1224,1224
1434 100 1512,552,1224,1200
1435 100 1512,552,1224,1200
1436 100 1512,576,1224,1200
1437 100 1536,576,1224,1200
1438 100 1536,576,1224,1224
1439 100 1560,600,1224,1200
1440 100 1560,600,1224,1200
1441 100 1560,600,1224,1200
1442 100 1560,600,1224,1200
1443 100 1584,600,1224,1200
1444 100 1584,600,1224,1200
1445 100 1584,600,1224,1200
1446 100 1584,600,1224,1200
1447 100 1584,576,1224,1224
1448 100 1584,576,1224,1224
1449 100 1584,576,1224,1224
1450 100 1584,576,1224,1200
1451 100 1584,576,1224,1200
1452 100 1584,576,1224,1200
1453 100 1584,576,1224,1200
1454 100 1584,576,1224,1200
1455 100 1584,576,1224,1200
1456 100 1560,576,1224,1200
1457 100 1560,576,1224,1200
1458 100 1560,576,1224,1200
1459 100 1560,552,1224,1200
1460 100 1584,552,1224,1200
1461 100 1584,528,1224,1224
1462 100 1584,528,1224,1224
1463 100 1584,552,1224,1200
1464 100 1584,552,1224,1200
1465 100 1560,552,1224,1200
1466 100 1560,552,1224,1200
1467 100 1560,552,1224,1200
1468 100 1560,528,1224,1224
1469 100 1560,528,1224,1224
1470 100 1560,528,1224,1224
1471 100 1560,528,1224,1224
1472 100 1560,552,1224,1200
1473 100 1560,552,1224,1200
1474 100 1560,528,1224,1224
1475 100 1536,528,1224,1224
1476 100 1560,528,1224,1200
1477 100 1560,528,1224,1200
1478 100 1560,528,1224,1224
1479 100 1560,528,1224,1224
1480 100 1560,552,1224,1200
1481 100 1560,552,1224,1200
1482 100 1560,552,1224,1200
1483 100 1584,576,1224,1200
1484 100 1584,576,1224,1200
1485 100 1584,576,1224,1200
1486 100 1632,576,1224,1200
1487 100 1632,576,1224,1200
1488 100 1632,576,1224,1200
1489 100 1632,576,1224,1224
1490 100 1632,576,1224,1224
1491 100 1632,576,1224,1224
1492 100 1632,576,1224,1224
1493 100 1632,576,1224,1224
1494 100 1632,576,1224,1224
1495 100 1632,576,1224,1224
1496 100 1632,576,1224,1224
1497 100 1608,576,1224,1224
1498 100 1608,576,1224,1224
1499 100 1608,576,1224,1224
1500 100 1608,576,1224,1224
1501 100 1584,576,1224,1224
1502 100 1584,576,1224,1224
1503 100 1536,600,1224,1200
1504 100 1536,600,1224,1200
1505 100 1536,600,1224,1200
1506 100 1464,600,1224,1224
1507 100 1464,600,1224,1224
1508 100 1416,624,1224,1200
1509 100 1416,624,1224,1200
1510 100 1368,624,1224,1200
1511 100 1368,624,1224,1200
1512 100 1344,624,1224,1200
1513 100 1344,624,1224,1200
1514 100 1320,624,1224,1224
1515 100 1320,624,1224,1224
1516 100 1296,624,1224,1224
1517 100 1296,624,1224,1200
1518 100 1296,624,1224,1200
1519 100 1296,624,1224,1200
1520 100 1296,624,1224,1200
1521 100 1296,624,1224,1200
1522 100 1296,624,1224,1200
1523 100 1296,624,1224,1200
1524 100 1296,624,1224,1200
1525 100 1296,624,1224,1200
1526 100 1296,624,1224,1200
1527 100 1296,624,1224,1200
1528 100 1296,624,1224,1200
1529 100 1296,624,1224,1200
1530 100 1296,624,1224,1200
1531 100 1296,624,1224,1200
1532 100 1272,624,1224,1200
1533 100 1272,624,1224,1200
1534 100 1272,624,1224,1200
1535 100 1272,624,1224,1200
1536 100 1272,624,1224,1200
1537 100 1296,624,1224,1200
1538 100 1272,624,1224,1200
1539 100 1272,624,1224,1200
1540 100 1272,624,1224,1200
1541 100 1296,600,1224,1224
1542 100 1272,624,1224,1200
1543 100 1272,624,1224,1200
1544 100 1272,600,1224,1224
1545 100 1272,600,1224,1224
1546 100 1272,600,1224,1224
1547 100 1272,600,1224,1224
1548 100 1296,600,1224,1200
1549 100 1296,600,1224,1200
1550 100 1296,600,1224,1200
1551 100 1296,600,1224,1200
1552 100 1296,600,1224,1200
1553 100 1296,600,1224,1200
1554 100 1296,600,1224,1200
1555 100 1296,576,1224,1224
1556 100 1296,576,1224,1224
1557 100 1320,576,1224,1200
1558 100 1320,576,1224,1200
1559 100 1320,552,1224,1224
1560 100 1320,552,1224,1224
1561 100 1320,552,1224,1200
1562 100 1320,552,1224,1200
1563 100 1344,528,1224,1200
1564 100 1344,528,1224,1200
1565 100 1344,528,1224,1200
1566 100 1344,504,1224,1200
1567 100 1344,504,1224,1200
1568 100 1344,480,1224,1224
1569 100 1344,480,1224,1200
1570 100 1344,480,1224,1200
1571 100 1344,480,1224,1200
1572 100 1320,480,1224,1200
1573 100 1320,480,1224,1200
1574 100 1320,480,1224,1200
1575 100 1320,456,1224,1200
1576 100 1320,456,1224,1200
1577 100 1320,456,1224,1200
1578 100 1320,456,1224,1200
1579 100 1320,456,1224,1200
1580 100 1320,432,1224,1224
1581 100 1320,432,1224,1224
1582 100 1320,432,1224,1224
1583 100 1320,432,1224,1200
1584 100 1320,432,1224,1200
1585 100 1320,432,1224,1200
1586 100 1320,432,1224,1200
1587 100 1320,432,1224,1200
1588 100 1320,432,1224,1200
1589 100 1320,432,1224,1200
1590 100 1320,432,1224,1200
1591 100 1320,432,1224,1200
1592 100 1320,432,1224,1200
1593 100 1320,432,1224,1200
1594 100 1320,432,1224,1200
1595 100 1320,432,1224,1200
1596 100 1320,432,1224,1200
1597 100 1320,432,1224,1200
1598 100 1320,432,1224,1200
1599 100 1320,432,1224,1224
1600 100 1320,432,1224,1224
1601 100 1320,456,1224,1200
1602 100 1320,456,1224,1200
1603 100 1344,480,1224,1200
1604 100 1344,480,1224,1200
1605 100 1344,504,1224,1200
1606 100 1344,528,1224,1200
1607 100 1344,528,1224,1200
1608 100 1296,600,1224,1200
1609 100 1296,600,1224,1200
1610 100 1272,648,1224,1200
1611 100 1272,648,1224,1200
1612 100 1248,672,1224,1200
1613 100 1248,672,1224,1200
1614 100 1248,696,1224,1200
1615 100 1248,696,1224,1200
1616 100 1248,696,1224,1200
1617 100 1248,696,1224,1200
1618 100 1248,696,1224,1200
1619 100 1248,696,1224,1200
1620 100 1248,696,1224,1224
1621 100 1248,696,1224,1224
1622 100 1248,720,1224,1200
1623 100 1248,720,1224,1200
1624 100 1248,720,1224,1200
1625 100 1248,720,1224,1200
1626 100 1224,744,1224,1200
1627 100 1224,744,1224,1200
1628 100 1224,744,1224,1200
1629 100 1224,744,1224,1200
1630 100 1224,744,1224,1200
1631 100 1224,744,1224,1200
1632 100 1224,744,1224,1200
1633 100 1224,744,1224,1200
1634 100 1248,744,1224,1200
1635 100 1248,744,1224,1200
1636 100 1272,744,1224,1200
1637 100 1272,744,1224,1200
1638 100 1296,744,1224,1200
1639 100 1296,744,1224,1200
1640 100 1320,744,1224,1200
1641 100 1320,744,1224,1200
1642 100 1344,744,1224,1200
1643 100 1344,744,1224,1200
1644 100 1368,720,1224,1224
1645 100 1368,720,1224,1224
1646 100 1392,720,1224,1200
1647 100 1392,720,1224,1200
1648 100 1440,720,1224,1200
1649 100 1440,720,1224,1200
1650 100 1464,720,1224,1200
1651 100 1464,720,1224,1200
1652 100 1488,696,1224,1200
1653 100 1488,696,1224,1200
1654 100 1488,696,1224,1200
1655 100 1488,696,1224,1200
1656 100 1488,672,1224,1224
1657 100 1488,672,1224,1224
1658 100 1488,672,1224,1200
1659 100 1488,672,1224,1200
1660 100 1488,648,1224,1224
1661 100 1488,648,1224,1224
1662 100 1488,648,1224,1200
1663 100 1488,648,1224,1200
1664 100 1512,624,1224,1200
1665 100 1512,624,1224,1200
1666 100 1536,600,1224,1200
1667 100 1536,600,1224,1200
1668 100 1560,576,1224,1200
1669 100 1560,552,1224,1224
1670 100 1584,528,1224,1224
1671 100 1584,528,1224,1224
1672 100 1584,528,1224,1200
1673 100 1584,504,1224,1224
1674 100 1584,504,1224,1200
1675 100 1584,504,1224,1200
1676 100 1584,504,1224,1200
1677 100 1584,504,1224,1200
1678 100 1560,480,1224,1224
1679 100 1560,480,1224,1200
1680 100 1560,480,1224,1200
1681 100 1560,456,1224,1224
1682 100 1560,456,1224,1200
1683 100 1560,456,1224,1200
1684 100 1560,456,1224,1200
1685 100 1560,432,1224,1224
1686 100 1560,432,1224,1224
1687 100 1536,432,1224,1200
1688 100 1536,432,1224,1200
1689 100 1536,432,1224,1200
1690 100 1512,408,1224,1200
1691 100 1512,408,1224,1200
1692 100 1512,408,1224,1200
1693 100 1512,408,1224,1200
1694 100 1512,408,1224,1224
1695 100 1488,408,1224,1200
1696 100 1488,408,1224,1200
1697 100 1488,408,1224,1200
1698 100 1488,408,1224,1200
1699 100 1488,408,1224,1200
1700 100 1464,384,1224,1224
1701 100 1464,384,1224,1224
1702 100 1464,384,1224,1200
1703 100 1464,384,1224,1200
1704 100 1464,384,1224,1200
1705 100 1464,384,1224,1200
1706 100 1440,360,1224,1224
1707 100 1440,360,1224,1224
1708 100 1440,360,1224,1224
1709 100 1416,360,1224,1200
1710 100 1416,360,1224,1200
1711 100 1392,360,1224,1200
1712 100 1392,360,1224,1200
1713 100 1392,360,1224,1200
1714 100 1368,360,1224,1200
1715 100 1368,360,1224,1200
1716 100 1344,360,1224,1200
1717 100 1344,360,1224,1200
1718 100 1344,336,1224,1200
1719 100 1320,336,1224,1200
1720 100 1320,336,1224,1200
1721 100 1296,312,1224,1224
1722 100 1296,312,1224,1224
1723 100 1272,312,1224,1200
1724 100 1272,312,1224,1200
1725 100 1248,288,1224,1200
1726 100 1248,288,1224,1200
1727 100 1248,288,1224,1200
1728 100 1248,288,1224,1200
1729 100 1224,288,1224,1224
1730 100 1224,312,1224,1200
1731 100 1224,312,1224,1200
1732 100 1224,312,1224,1200
1733 100 1224,312,1224,1224
1734 100 1200,336,1224,1200
1735 100 1200,336,1224,1200
1736 100 1200,336,1224,1224
1737 100 1200,336,1224,1224
1738 100 1200,336,1224,1224
1739 100 1200,336,1224,1224
1740 100 1200,336,1224,1224
1741 100 1200,336,1224,1224
1742 100 1224,336,1224,1224
1743 100 1224,336,1224,1224
1744 100 1224,336,1224,1224
1745 100 1224,336,1224,1200
1746 100 1224,336,1224,1200
1747 100 1224,336,1224,1200
1748 100 1224,312,1224,1224
1749 100 1224,312,1224,1200
1750 100 1224,312,1224,1200
1751 100 1224,312,1224,1200
1752 100 1200,312,1224,1200
1753 100 1200,288,1224,1224
1754 100 1200,288,1224,1200
1755 100 1200,288,1224,1200
1756 100 1200,288,1224,1200
1757 100 1224,264,1224,1224
1758 100 1224,264,1224,1224
1759 100 1224,264,1224,1200
1760 100 1224,264,1224,1200
1761 100 1224,240,1224,1224
1762 100 1224,240,1224,1224
1763 100 1224,240,1224,1200
1764 100 1224,240,1224,1200
1765 100 1224,240,1224,1200
1766 100 1224,240,1224,1200
1767 100 1224,240,1224,1200
1768 100 1224,240,1224,1200
1769 100 1224,240,1224,1200
1770 100 1224,240,1224,1200
1771 100 1200,240,1224,1200
1772 100 1200,216,1224,1224
1773 100 1200,216,1224,1224
1774 100 1200,240,1224,1200
1775 100 1200,216,1224,1224
1776 100 1200,216,1224,1224
1777 100 1200,216,1224,1224
1778 100 1200,216,1224,1224
1779 100 1200,216,1224,1224
1780 100 1200,216,1224,1224
1781 100 1200,216,1224,1224
1782 100 1224,240,1224,1200
1783 100 1224,240,1224,1200
1784 100 1224,240,1224,1200
1785 100 1224,240,1224,1200
1786 100 1224,240,1224,1200
1787 100 1248,240,1224,1224
1788 100 1248,264,1224,1200
1789 100 1272,264,1224,1200
1790 100 1272,264,1224,1200
1791 100 1272,264,1224,1224
1792 100 1272,264,1224,1224
1793 100 1296,288,1224,1200
1794 100 1296,288,1224,1200
1795 100 1296,288,1224,1200
1796 100 1296,288,1224,1200
1797 100 1296,288,1224,1200
1798 100 1296,288,1224,1200
1799 100 1320,288,1224,1200
1800 100 1320,288,1224,1200
1801 100 1320,288,1224,1200
1802 100 1320,288,1224,1200
1803 100 1320,288,1224,1200
1804 100 1320,288,1224,1224
1805 100 1320,288,1224,1224
1806 100 1320,288,1224,1224
1807 100 1320,288,1224,1224
1808 100 1320,288,1224,1224
1809 100 1320,288,1224,1224
1810 100 1344,288,1224,1224
1811 100 1320,288,1224,1200
1812 100 1320,288,1224,1200
1813 100 1320,288,1224,1200
1814 100 1320,288,1224,1200
1815 100 1344,264,1224,1224
1816 100 1344,264,1224,1224
1817 100 1344,288,1224,1200
1818 100 1344,288,1224,1200
1819 100 1344,288,1224,1200
1820 100 1344,288,1224,1200
1821 100 1344,288,1224,1200
1822 100 1368,288,1224,1224
1823 100 1368,288,1224,1224
1824 100 1368,288,1224,1224
1825 100 1392,288,1224,1224
1826 100 1392,312,1224,1200
1827 100 1416,312,1224,1200
1828 100 1416,312,1224,1200
1829 100 1416,312,1224,1200
1830 100 1440,312,1224,1200
1831 100 1440,312,1224,1224
1832 100 1464,312,1224,1224
1833 100 1488,336,1224,1200
1834 100 1488,336,1224,1200
1835 100 1488,336,1224,1200
1836 100 1488,336,1224,1200
1837 100 1464,336,1224,1200
1838 100 1464,336,1224,1200
1839 100 1464,336,1224,1200
1840 100 1464,336,1224,1200
1841 100 1464,336,1224,1200
1842 100 1464,336,1224,1200
1843 100 1440,336,1224,1200
1844 100 1440,312,1224,1224
1845 100 1416,312,1224,1224
1846 100 1416,312,1224,1200
1847 100 1392,312,1224,1200
1848 100 1392,312,1224,1200
1849 100 1368,312,1224,1200
1850 100 1368,312,1224,1200
1851 100 1344,312,1224,1200
1852 100 1344,312,1224,1200
1853 100 1320,312,1224,1200
1854 100 1320,312,1224,1200
1855 100 1296,312,1224,1200
1856 100 1296,312,1224,1200
1857 100 1272,312,1224,1224
1858 100 1272,336,1224,1200
1859 100 1248,336,1224,1200
1860 100 1248,336,1224,1224
1861 100 1224,360,1224,1200
1862 100 1224,360,1224,1200
1863 100 1224,360,1224,1200
1864 100 1224,336,1224,1224
1865 100 1224,336,1224,1200
1866 100 1224,336,1224,1200
1867 100 1224,336,1224,1200
1868 100 1224,336,1224,1200
1869 100 1224,336,1224,1200
1870 100 1224,312,1224,1224
1871 100 1224,312,1224,1224
1872 100 1248,312,1224,1224
1873 100 1248,312,1224,1224
1874 100 1248,336,1224,1200
1875 100 1248,336,1224,1200
1876 100 1248,336,1224,1200
1877 100 1248,336,1224,1200
1878 100 1248,336,1224,1200
1879 100 1248,336,1224,1200
1880 100 1248,336,1224,1200
1881 100 1272,336,1224,1200
1882 100 1272,336,1224,1200
1883 100 1272,336,1224,1200
1884 100 1272,336,1224,1200
1885 100 1272,336,1224,1200
1886 100 1272,336,1224,1200
1887 100 1272,336,1224,1200
1888 100 1272,336,1224,1200
1889 100 1272,336,1224,1200
1890 100 1272,336,1224,1200
1891 100 1296,336,1224,1224
1892 100 1320,360,1224,1200
1893 100 1368,360,1224,1200
1894 100 1368,360,1224,1200
1895 100 1416,360,1224,1224
1896 100 1440,384,1224,1200
1897 100 1440,384,1224,1200
1898 100 1488,384,1224,1200
1899 100 1488,384,1224,1200
1900 100 1464,384,1224,1200
1901 100 1464,384,1224,1200
1902 100 1464,384,1224,1200
1903 100 1440,384,1224,1200
1904 100 1464,384,1224,1224
1905 100 1464,384,1224,1224
1906 100 1488,408,1224,1200
1907 100 1488,408,1224,1200
1908 100 1512,408,1224,1224
1909 100 1536,408,1224,1224
1910 100 1560,432,1224,1224
1911 100 1584,456,1224,1200
1912 100 1608,480,1224,1224
1913 100 1608,504,1224,1224
1914 100 1608,528,1224,1200
1915 100 1608,552,1224,1200
1916 100 1584,552,1224,1200
1917 100 1584,552,1224,1200
1918 100 1584,552,1224,1200
1919 100 1584,552,1224,1200
1920 100 1584,552,1224,1200
1921 100 1584,552,1224,1200
1922 100 1560,552,1224,1200
1923 100 1560,552,1224,1200
1924 100 1560,528,1224,1224
1925 100 1560,528,1224,1224
1926 100 1560,528,1224,1224
1927 100 1560,528,1224,1200
1928 100 1560,528,1224,1200
1929 100 1536,528,1224,1200
1930 100 1536,528,1224,1200
1931 100 1536,528,1224,1224
1932 100 1536,552,1224,1200
1933 100 1536,528,1224,1224
1934 100 1536,528,1224,1224
1935 100 1536,528,1224,1224
1936 100 1536,528,1224,1224
1937 100 1536,528,1224,1200
1938 100 1512,528,1224,1200
1939 100 1512,528,1224,1200
1940 100 1512,528,1224,1200
1941 100 1512,528,1224,1200
1942 100 1512,504,1224,1224
1943 100 1512,528,1224,1200
1944 100 1512,528,1224,1200
1945 100 1488,504,1224,1224
1946 100 1488,504,1224,1200
1947 100 1488,504,1224,1200
1948 100 1464,504,1224,1200
1949 100 1440,504,1224,1200
1950 100 1440,504,1224,1200
1951 100 1440,504,1224,1200
1952 100 1440,504,1224,1224
1953 100 1440,504,1224,1224
1954 100 1440,504,1224,1224
1955 100 1464,528,1224,1200
1956 100 1464,528,1224,1200
1957 100 1464,504,1224,1224
1958 100 1464,504,1224,1224
1959 100 1488,504,1224,1224
1960 100 1488,504,1224,1224
1961 100 1512,504,1224,1224
1962 100 1512,504,1224,1200
1963 100 1512,504,1224,1200
1964 100 1512,504,1224,1200
1965 100 1536,480,1224,1224
1966 100 1536,480,1224,1224
1967 100 1512,480,1224,1200
1968 100 1512,456,1224,1224
1969 100 1512,456,1224,1224
1970 100 1512,456,1224,1200
1971 100 1488,456,1224,1200
1972 100 1488,432,1224,1224
1973 100 1488,432,1224,1200
1974 100 1488,432,1224,1200
1975 100 1488,432,1224,1200
1976 100 1464,408,1224,1200
1977 100 1464,408,1224,1200
1978 100 1464,408,1224,1200
1979 100 1464,384,1224,1224
1980 100 1464,384,1224,1224
1981 100 1464,384,1224,1200
1982 100 1464,384,1224,1200
1983 100 1464,384,1224,1200
1984 100 1464,384,1224,1200
1985 100 1464,384,1224,1200
1986 100 1464,360,1224,1224
1987 100 1464,360,1224,1200
1988 100 1464,360,1224,1200
1989 100 1464,360,1224,1200
1990 100 1464,360,1224,1200
1991 100 1464,360,1224,1200
1992 100 1488,360,1224,1200
1993 100 1488,360,1224,1200
1994 100 1488,360,1224,1200
1995 100 1488,336,1224,1224
1996 100 1488,336,1224,1224
1997 100 1488,360,1224,1200
1998 100 1488,360,1224,1200
1999 100 1488,360,1224,1200
2000 100 1488,360,1224,1200
2001 100 1488,360,1224,1200
2002 100 1488,360,1224,1200
2003 100 1488,360,1224,1200
2004 100 1488,360,1224,1200
2005 100 1488,360,1224,1200
2006 100 1488,360,1224,1200
2007 100 1488,360,1224,1200
2008 100 1488,360,1224,1200
2009 100 1488,360,1224,1200
2010 100 1488,360,1224,1200
2011 100 1488,360,1224,1200
2012 100 1488,360,1224,1200
2013 100 1464,360,1224,1200
2014 100 1464,360,1224,1224
2015 100 1464,360,1224,1224
2016 100 1464,360,1224,1224
2017 100 1464,360,1224,1224
2018 100 1464,360,1224,1224
2019 100 1464,360,1224,1224
2020 100 1464,360,1224,1224
2021 100 1464,360,1224,1224
2022 100 1440,360,1224,1224
2023 100 1440,384,1224,1200
2024 100 1440,384,1224,1200
2025 100 1440,384,1224,1200
2026 100 1440,384,1224,1200
2027 100 1440,384,1224,1200
2028 100 1440,384,1224,1200
2029 100 1440,384,1224,1200
2030 100 1440,384,1224,1200
2031 100 1440,384,1224,1200
2032 100 1440,384,1224,1200
2033 100 1440,384,1224,1200
2034 100 1440,384,1224,1200
2035 100 1440,384,1224,1200
2036 100 1440,384,1224,1200
2037 100 1440,384,1224,1200
2038 100 1440,384,1224,1200
2039 100 1440,384,1224,1200
2040 100 1440,384,1224,1200
2041 100 1440,384,1224,1200
2042 100 1464,384,1224,1200
2043 100 1464,384,1224,1200
2044 100 1464,384,1224,1200
2045 100 1464,384,1224,1200
2046 100 1464,384,1224,1200
2047 100 1464,384,1224,1200
2048 100 1440,384,1224,1200
2049 100 1440,384,1224,1200
2050 100 1440,384,1224,1200
2051 100 1440,384,1224,1200
2052 100 1440,384,1224,1200
2053 100 1440,384,1224,1200
2054 100 1440,384,1224,1200
2055 100 1440,384,1224,1224
2056 100 1416,384,1224,1224
2057 100 1416,384,1224,1224
2058 100 1416,408,1224,1200
2059 100 1416,408,1224,1200
2060 100 1416,408,1224,1224
2061 100 1416,408,1224,1224
2062 100 1416,432,1224,1200
2063 100 1416,432,1224,1200
2064 100 1416,432,1224,1200
2065 100 1416,432,1224,1200
2066 100 1416,432,1224,1224
2067 100 1416,432,1224,1200
2068 100 1416,432,1224,1200
2069 100 1416,432,1224,1224
2070 100 1416,432,1224,1224
2071 100 1416,456,1224,1200
2072 100 1416,456,1224,1200
2073 100 1392,456,1224,1200
2074 100 1392,456,1224,1200
2075 100 1392,456,1224,1200
2076 100 1392,456,1224,1200
2077 100 1392,456,1224,1200
2078 100 1392,456,1224,1200
2079 100 1392,456,1224,1200
2080 100 1368,456,1224,1200
2081 100 1368,456,1224,1224
2082 100 1368,480,1224,1200
2083 100 1368,480,1224,1200
2084 100 1344,480,1224,1224
2085 100 1344,480,1224,1224
2086 100 1344,504,1224,1200
2087 100 1344,504,1224,1200
2088 100 1344,504,1224,1200
2089 100 1344,504,1224,1200
2090 100 1344,504,1224,1200
2091 100 1344,504,1224,1200
2092 100 1344,504,1224,1200
2093 100 1344,504,1224,1200
