0 100 504,816,1224,1224
1 100 480,840,1224,1224
2 100 480,864,1224,1200
3 100 480,840,1224,1224
4 100 480,864,1224,1200
5 100 456,864,1224,1224
6 100 432,864,1224,1224
7 100 384,888,1224,1224
8 100 336,936,1224,1200
9 100 288,960,1224,1200
10 100 264,984,1224,1176
11 100 240,960,1224,1200
12 100 264,960,1224,1200
13 100 240,960,1224,1200
14 100 192,984,1224,1176
15 100 0,984,1224,1176
16 100 792,1008,1224,1152
17 100 0,1032,1224,1128
18 100 0,1056,1224,1104
19 100 0,1056,1224,1104
20 100 0,1056,1224,1104
21 100 0,1080,1224,1080
22 100 0,1080,1224,1080
23 100 0,1056,1224,1104
24 100 0,1080,1224,1080
25 100 0,1080,1224,1080
26 100 0,1080,1224,1080
27 100 0,1056,1224,1104
28 100 0,1056,1224,1104
29 100 0,1056,1224,1104
30 100 0,1032,1224,1128
31 100 0,1032,1224,1128
32 100 0,1008,1224,1152
33 100 0,1008,1224,1152
34 100 0,1008,1224,1152
35 100 0,1032,1224,1128
36 100 0,1032,1224,1128
37 100 0,1008,1224,1152
38 100 1128,984,1224,1176
39 100 1944,960,1224,1200
40 100 0,960,1224,1200
41 100 0,936,1224,1224
42 100 0,936,1224,1224
43 100 0,936,1224,1224
44 100 0,912,1224,1248
45 100 0,888,1224,1248
46 100 0,864,1224,1248
47 100 0,864,1224,1224
48 100 0,840,1224,1224
49 100 0,816,1224,1224
50 100 0,792,1224,1248
51 100 0,768,1224,1224
52 100 0,744,1224,1248
53 100 0,720,1224,1248
54 100 0,696,1224,1248
55 100 0,696,1224,1224
56 100 0,672,1224,1248
57 100 0,672,1224,1224
58 100 0,672,1224,1224
59 100 0,648,1224,1224
60 100 0,624,1224,1248
61 100 24,624,1224,1248
62 100 0,624,1224,1248
63 100 0,624,1224,1248
64 100 0,600,1224,1248
65 100 0,600,1224,1248
66 100 0,600,1224,1248
67 100 0,600,1224,1248
68 100 0,600,1224,1248
69 100 48,600,1224,1248
70 100 0,600,1224,1248
71 100 48,624,1224,1224
72 100 24,600,1224,1224
73 100 48,600,1224,1224
74 100 0,600,1224,1224
75 100 24,600,1224,1224
76 100 0,600,1224,1224
77 100 24,600,1224,1248
78 100 24,600,1224,1248
79 100 24,600,1224,1248
80 100 24,624,1224,1224
81 100 24,624,1224,1224
82 100 0,624,1224,1224
83 100 48,624,1224,1224
84 100 48,624,1224,1224
85 100 96,648,1224,1224
86 100 24,648,1224,1248
87 100 48,648,1224,1248
88 100 24,648,1224,1248
89 100 24,648,1224,1248
90 100 72,648,1224,1224
91 100 24,648,1224,1224
92 100 48,648,1224,1224
93 100 72,624,1224,1224
94 100 0,600,1224,1224
95 100 0,576,1224,1248
96 100 24,552,1224,1224
97 100 48,528,1224,1224
98 100 24,480,1224,1224
99 100 48,456,1224,1224
100 100 24,432,1224,1224
101 100 24,432,1224,1224
102 100 24,432,1224,1224
103 100 0,456,1224,1224
104 100 24,480,1224,1200
105 100 24,480,1224,1224
106 100 0,456,1224,1224
107 100 0,456,1224,1224
108 100 24,456,1224,1224
109 100 24,456,1224,1224
110 100 0,456,1224,1224
111 100 0,480,1224,1200
112 100 24,480,1224,1224
113 100 24,528,1224,1224
114 100 48,552,1224,1224
115 100 48,552,1224,1224
116 100 72,576,1224,1224
117 100 0,576,1224,1224
118 100 24,600,1224,1224
119 100 24,600,1224,1224
120 100 3480,600,1224,1224
121 100 3360,600,1224,1224
122 100 48,600,1224,1248
123 100 3480,600,1224,1248
124 100 3384,624,1224,1224
125 100 96,624,1224,1248
126 100 3384,624,1224,1224
127 100 72,600,1224,1248
128 100 3384,600,1224,1224
129 100 72,600,1224,1248
130 100 72,600,1224,1248
131 100 48,600,1224,1248
132 100 3480,600,1224,1248
133 100 24,624,1224,1248
134 100 3432,624,1224,1224
135 100 3432,624,1224,1224
136 100 24,600,1224,1248
137 100 3432,600,1224,1224
138 100 96,576,1224,1248
139 100 72,576,1224,1248
140 100 48,600,1224,1224
141 100 48,600,1224,1224
142 100 72,576,1224,1248
143 100 120,576,1224,1248
144 100 192,576,1224,1248
145 100 48,576,1224,1224
146 100 168,552,1224,1248
147 100 24,552,1224,1224
148 100 48,552,1224,1224
149 100 72,552,1224,1224
150 100 3384,528,1224,1224
151 100 96,528,1224,1224
152 100 48,504,1224,1224
153 100 120,504,1224,1224
154 100 48,504,1224,1200
155 100 0,480,1224,1224
156 100 72,480,1224,1200
157 100 48,456,1224,1224
158 100 24,456,1224,1224
159 100 24,456,1224,1224
160 100 24,456,1224,1224
161 100 48,456,1224,1224
162 100 0,456,1224,1224
163 100 0,456,1224,1224
164 100 24,456,1224,1224
165 100 48,456,1224,1200
166 100 0,432,1224,1224
167 100 0,432,1224,1224
168 100 24,432,1224,1224
169 100 0,432,1224,1224
170 100 48,432,1224,1224
171 100 24,456,1224,1200
172 100 24,456,1224,1200
173 100 24,456,1224,1224
174 100 0,504,1224,1200
175 100 0,504,1224,1224
176 100 24,528,1224,1224
177 100 24,552,1224,1224
178 100 48,552,1224,1224
179 100 0,576,1224,1224
180 100 48,576,1224,1224
181 100 48,576,1224,1224
182 100 0,600,1224,1224
183 100 48,600,1224,1224
184 100 24,600,1224,1224
185 100 0,600,1224,1224
186 100 48,624,1224,1224
187 100 72,624,1224,1224
188 100 72,624,1224,1224
189 100 48,624,1224,1224
190 100 48,624,1224,1224
191 100 0,600,1224,1224
192 100 48,624,1224,1224
193 100 24,624,1224,1224
194 100 0,624,1224,1224
195 100 0,624,1224,1224
196 100 96,624,1224,1224
197 100 48,648,1224,1224
198 100 96,624,1224,1224
199 100 48,648,1224,1224
200 100 48,672,1224,1224
201 100 24,720,1224,1224
202 100 24,768,1224,1224
203 100 72,792,1224,1248
204 100 72,816,1224,1224
205 100 0,840,1224,1224
206 100 96,864,1224,1200
207 100 96,864,1224,1224
208 100 96,840,1224,1224
209 100 96,840,1224,1248
210 100 48,864,1224,1224
211 100 0,864,1224,1248
212 100 24,888,1224,1224
213 100 72,912,1224,1224
214 100 0,936,1224,1224
215 100 1800,984,1224,1176
216 100 312,1008,1224,1152
217 100 0,1032,1224,1128
218 100 984,1008,1224,1152
219 100 168,984,1224,1176
220 100 288,936,1224,1224
221 100 360,912,1224,1224
222 100 456,888,1224,1224
223 100 528,888,1224,1224
224 100 576,864,1224,1224
225 100 648,864,1224,1224
226 100 696,840,1224,1224
227 100 744,840,1224,1200
228 100 792,840,1224,1200
229 100 816,840,1224,1200
230 100 864,816,1224,1224
231 100 888,816,1224,1200
232 100 912,792,1224,1224
233 100 936,792,1224,1200
234 100 984,768,1224,1224
235 100 1008,744,1224,1224
236 100 1032,720,1224,1224
237 100 1080,696,1224,1200
238 100 1104,648,1224,1224
239 100 1152,648,1224,1200
240 100 1152,648,1224,1200
241 100 1200,624,1224,1224
242 100 1224,624,1224,1200
243 100 1248,600,1224,1224
244 100 1272,600,1224,1224
245 100 1272,600,1224,1224
246 100 1296,600,1224,1200
247 100 1296,600,1224,1200
248 100 1272,600,1224,1200
249 100 1272,600,1224,1200
250 100 1272,600,1224,1200
251 100 1272,600,1224,1200
252 100 1248,600,1224,1200
253 100 1248,576,1224,1200
254 100 1248,576,1224,1200
255 100 1248,552,1224,1224
256 100 1248,576,1224,1200
257 100 1248,576,1224,1200
258 100 1248,576,1224,1200
259 100 1224,576,1224,1200
260 100 1224,576,1224,1200
261 100 1248,576,1224,1200
262 100 1248,576,1224,1200
263 100 1248,576,1224,1200
264 100 1248,576,1224,1200
265 100 1248,552,1224,1224
266 100 1248,552,1224,1224
267 100 1248,552,1224,1224
268 100 1248,552,1224,1224
269 100 1248,552,1224,1224
270 100 1272,552,1224,1200
271 100 1272,528,1224,1224
272 100 1272,552,1224,1200
273 100 1272,552,1224,1224
274 100 1272,576,1224,1200
275 100 1272,576,1224,1224
276 100 1272,576,1224,1224
277 100 1272,576,1224,1224
278 100 1272,576,1224,1224
279 100 1272,600,1224,1200
280 100 1272,600,1224,1200
281 100 1248,600,1224,1224
282 100 1248,600,1224,1224
283 100 1248,624,1224,1224
284 100 1224,648,1224,1224
285 100 1200,672,1224,1224
286 100 1200,696,1224,1200
287 100 1200,696,1224,1224
288 100 1200,696,1224,1200
289 100 1200,696,1224,1200
290 100 1200,696,1224,1224
291 100 1200,720,1224,1200
292 100 1200,720,1224,1200
293 100 1224,720,1224,1200
294 100 1224,696,1224,1224
295 100 1224,672,1224,1224
296 100 1224,648,1224,1224
297 100 1248,624,1224,1224
298 100 1248,600,1224,1224
299 100 1272,600,1224,1200
300 100 1296,576,1224,1224
301 100 1296,576,1224,1200
302 100 1296,576,1224,1224
303 100 1296,576,1224,1224
304 100 1296,576,1224,1224
305 100 1272,576,1224,1200
306 100 1272,576,1224,1200
307 100 1272,552,1224,1224
308 100 1272,552,1224,1224
309 100 1296,552,1224,1224
310 100 1296,552,1224,1200
311 100 1272,552,1224,1224
312 100 1272,552,1224,1224
313 100 1272,552,1224,1224
314 100 1272,552,1224,1200
315 100 1248,552,1224,1224
316 100 1248,552,1224,1224
317 100 1248,552,1224,1224
318 100 1248,552,1224,1224
319 100 1248,576,1224,1200
320 100 1248,576,1224,1200
321 100 1248,576,1224,1200
322 100 1248,576,1224,1224
323 100 1248,600,1224,1200
324 100 1248,600,1224,1200
325 100 1248,600,1224,1200
326 100 1248,600,1224,1200
327 100 1248,576,1224,1224
328 100 1248,576,1224,1224
329 100 1248,600,1224,1224
330 100 1224,648,1224,1200
331 100 1224,672,1224,1200
332 100 1224,672,1224,1200
333 100 1224,672,1224,1200
334 100 1248,648,1224,1224
335 100 1248,648,1224,1224
336 100 1248,648,1224,1200
337 100 1248,648,1224,1200
338 100 1248,648,1224,1200
339 100 1272,624,1224,1200
340 100 1272,600,1224,1224
341 100 1296,600,1224,1200
342 100 1296,576,1224,1224
343 100 1296,576,1224,1224
344 100 1296,600,1224,1200
345 100 1320,576,1224,1224
346 100 1320,576,1224,1200
347 100 1320,552,1224,1224
348 100 1320,552,1224,1224
349 100 1320,552,1224,1224
350 100 1320,552,1224,1224
351 100 1320,552,1224,1224
352 100 1320,552,1224,1224
353 100 1320,576,1224,1200
354 100 1320,576,1224,1200
355 100 1320,576,1224,1200
356 100 1320,576,1224,1200
357 100 1320,576,1224,1200
358 100 1320,576,1224,1200
359 100 1296,576,1224,1200
360 100 1296,576,1224,1224
361 100 1296,576,1224,1224
362 100 1296,576,1224,1224
363 100 1296,576,1224,1224
364 100 1272,600,1224,1200
365 100 1224,600,1224,1200
366 100 1176,624,1224,1200
367 100 1104,624,1224,1224
368 100 1056,624,1224,1224
369 100 1008,624,1224,1224
370 100 960,624,1224,1224
371 100 960,648,1224,1200
372 100 936,648,1224,1200
373 100 888,648,1224,1200
374 100 864,648,1224,1200
375 100 864,648,1224,1200
376 100 840,648,1224,1200
377 100 840,648,1224,1200
378 100 840,648,1224,1200
379 100 816,648,1224,1200
380 100 816,648,1224,1200
381 100 816,648,1224,1200
382 100 792,648,1224,1200
383 100 792,648,1224,1200
384 100 768,648,1224,1224
385 100 768,648,1224,1224
386 100 744,672,1224,1200
387 100 720,672,1224,1224
388 100 720,672,1224,1224
389 100 696,672,1224,1224
390 100 696,672,1224,1224
391 100 696,672,1224,1224
392 100 696,672,1224,1224
393 100 696,672,1224,1224
394 100 672,672,1224,1224
395 100 672,648,1224,1224
396 100 672,648,1224,1224
397 100 672,648,1224,1224
398 100 672,648,1224,1224
399 100 672,648,1224,1224
400 100 672,648,1224,1224
401 100 672,672,1224,1224
402 100 720,672,1224,1224
403 100 744,672,1224,1224
404 100 816,672,1224,1224
405 100 864,696,1224,1200
406 100 912,696,1224,1224
407 100 960,696,1224,1224
408 100 984,696,1224,1224
409 100 984,696,1224,1224
410 100 1008,696,1224,1224
411 100 1008,696,1224,1224
412 100 1008,696,1224,1224
413 100 1032,696,1224,1224
414 100 1032,696,1224,1224
415 100 1032,696,1224,1224
416 100 1032,696,1224,1224
417 100 1032,696,1224,1224
418 100 1056,696,1224,1224
419 100 1056,696,1224,1224
420 100 1056,696,1224,1224
421 100 1056,696,1224,1224
422 100 1056,720,1224,1200
423 100 1056,696,1224,1224
424 100 1080,696,1224,1224
425 100 1104,696,1224,1224
426 100 1128,720,1224,1200
427 100 1152,720,1224,1200
428 100 1152,720,1224,1200
429 100 1176,720,1224,1200
430 100 1200,720,1224,1200
431 100 1224,720,1224,1200
432 100 1248,696,1224,1224
433 100 1272,696,1224,1224
434 100 1320,696,1224,1200
435 100 1344,696,1224,1224
436 100 1368,696,1224,1224
437 100 1368,696,1224,1200
438 100 1392,696,1224,1200
439 100 1416,696,1224,1200
440 100 1440,696,1224,1200
441 100 1440,696,1224,1200
442 100 1464,672,1224,1224
443 100 1488,672,1224,1224
444 100 1512,672,1224,1200
445 100 1512,672,1224,1200
446 100 1536,672,1224,1200
447 100 1536,672,1224,1200
448 100 1560,672,1224,1200
449 100 1560,672,1224,1200
450 100 1584,672,1224,1200
451 100 1584,672,1224,1200
452 100 1608,672,1224,1200
453 100 1608,672,1224,1200
454 100 1608,672,1224,1200
455 100 1608,672,1224,1200
456 100 1608,672,1224,1200
457 100 1608,672,1224,1200
458 100 1608,672,1224,1200
459 100 1608,672,1224,1200
460 100 1608,672,1224,1200
461 100 1584,672,1224,1200
462 100 1584,672,1224,1200
463 100 1584,672,1224,1200
464 100 1584,672,1224,1200
465 100 1584,672,1224,1200
466 100 1584,672,1224,1200
467 100 1584,672,1224,1200
468 100 1584,672,1224,1200
469 100 1584,672,1224,1200
470 100 1584,672,1224,1200
471 100 1584,672,1224,1200
472 100 1584,672,1224,1200
473 100 1560,672,1224,1200
474 100 1560,672,1224,1200
475 100 1536,672,1224,1200
476 100 1536,672,1224,1200
477 100 1488,672,1224,1200
478 100 1464,672,1224,1200
479 100 1464,672,1224,1200
480 100 1440,672,1224,1200
481 100 1416,648,1224,1224
482 100 1392,648,1224,1224
483 100 1368,648,1224,1224
484 100 1368,648,1224,1224
485 100 1344,648,1224,1224
486 100 1344,648,1224,1224
487 100 1344,648,1224,1200
488 100 1344,648,1224,1200
489 100 1320,648,1224,1200
490 100 1320,648,1224,1200
491 100 1320,648,1224,1200
492 100 1320,648,1224,1200
493 100 1320,648,1224,1200
494 100 1320,648,1224,1200
495 100 1320,648,1224,1200
496 100 1320,648,1224,1200
497 100 1320,648,1224,1200
498 100 1296,648,1224,1200
499 100 1296,648,1224,1200
500 100 1296,624,1224,1224
501 100 1296,624,1224,1224
502 100 1296,624,1224,1224
503 100 1296,624,1224,1224
504 100 1296,624,1224,1224
505 100 1296,624,1224,1224
506 100 1296,624,1224,1224
507 100 1296,624,1224,1224
508 100 1296,624,1224,1224
509 100 1296,624,1224,1224
510 100 1296,624,1224,1224
511 100 1296,624,1224,1224
512 100 1296,624,1224,1224
513 100 1296,624,1224,1224
514 100 1296,624,1224,1224
515 100 1296,648,1224,1200
516 100 1296,648,1224,1200
517 100 1296,648,1224,1200
518 100 1296,648,1224,1200
519 100 1296,648,1224,1200
520 100 1296,648,1224,1200
521 100 1272,648,1224,1200
522 100 1272,648,1224,1200
523 100 1272,648,1224,1200
524 100 1272,648,1224,1200
525 100 1272,648,1224,1200
526 100 1272,648,1224,1200
527 100 1272,648,1224,1200
528 100 1272,648,1224,1200
529 100 1272,648,1224,1200
530 100 1272,648,1224,1200
531 100 1272,648,1224,1200
532 100 1272,648,1224,1200
533 100 1272,648,1224,1200
534 100 1272,648,1224,1200
535 100 1272,648,1224,1200
536 100 1272,648,1224,1200
537 100 1272,648,1224,1200
538 100 1272,648,1224,1200
539 100 1272,648,1224,1200
540 100 1272,648,1224,1200
541 100 1272,648,1224,1224
542 100 1272,648,1224,1224
543 100 1272,648,1224,1224
544 100 1272,648,1224,1224
545 100 1272,648,1224,1224
546 100 1272,648,1224,1224
547 100 1272,648,1224,1224
548 100 1272,648,1224,1224
549 100 1272,648,1224,1224
550 100 1272,648,1224,1224
551 100 1272,648,1224,1224
552 100 1272,648,1224,1200
553 100 1272,648,1224,1200
554 100 1272,648,1224,1200
555 100 1272,648,1224,1200
556 100 1272,648,1224,1200
557 100 1272,648,1224,1200
558 100 1272,648,1224,1200
559 100 1272,648,1224,1200
560 100 1272,648,1224,1200
561 100 1272,648,1224,1200
562 100 1272,648,1224,1200
563 100 1272,648,1224,1200
564 100 1272,648,1224,1200
565 100 1248,648,1224,1200
566 100 1224,648,1224,1224
567 100 1176,648,1224,1224
568 100 1152,672,1224,1200
569 100 1128,672,1224,1200
570 100 1128,672,1224,1200
571 100 1104,672,1224,1200
572 100 1080,672,1224,1224
573 100 1056,672,1224,1224
574 100 1056,672,1224,1224
575 100 1032,672,1224,1224
576 100 1008,672,1224,1224
577 100 1008,672,1224,1224
578 100 984,672,1224,1224
579 100 984,672,1224,1224
580 100 960,696,1224,1200
581 100 960,696,1224,1200
582 100 960,696,1224,1224
583 100 960,696,1224,1224
584 100 960,696,1224,1224
585 100 960,696,1224,1224
586 100 960,696,1224,1224
587 100 960,696,1224,1224
588 100 960,696,1224,1224
589 100 960,696,1224,1224
590 100 960,696,1224,1224
591 100 960,696,1224,1224
592 100 960,696,1224,1224
593 100 960,696,1224,1224
594 100 960,696,1224,1224
595 100 960,696,1224,1224
596 100 960,696,1224,1224
597 100 984,696,1224,1224
598 100 984,696,1224,1224
599 100 1008,696,1224,1224
600 100 1008,720,1224,1200
601 100 1008,720,1224,1200
602 100 1032,720,1224,1200
603 100 1032,720,1224,1200
604 100 1056,720,1224,1200
605 100 1056,720,1224,1200
606 100 1080,720,1224,1200
607 100 1080,720,1224,1200
608 100 1104,720,1224,1200
609 100 1104,720,1224,1200
610 100 1128,720,1224,1200
611 100 1152,720,1224,1200
612 100 1152,720,1224,1200
613 100 1152,720,1224,1200
614 100 1176,720,1224,1200
615 100 1176,720,1224,1200
616 100 1176,720,1224,1200
617 100 1176,696,1224,1224
618 100 1176,696,1224,1224
619 100 1176,696,1224,1224
620 100 1176,696,1224,1224
621 100 1176,696,1224,1224
622 100 1200,696,1224,1224
623 100 1200,696,1224,1224
624 100 1200,696,1224,1224
625 100 1200,696,1224,1224
626 100 1200,696,1224,1200
627 100 1224,696,1224,1200
628 100 1224,696,1224,1200
629 100 1224,696,1224,1200
630 100 1248,696,1224,1200
631 100 1248,696,1224,1200
632 100 1248,696,1224,1200
633 100 1248,696,1224,1200
634 100 1248,696,1224,1200
635 100 1248,696,1224,1200
636 100 1248,696,1224,1200
637 100 1248,696,1224,1200
638 100 1248,696,1224,1200
639 100 1248,696,1224,1200
640 100 1248,696,1224,1200
641 100 1248,696,1224,1200
642 100 1248,696,1224,1200
643 100 1248,696,1224,1200
644 100 1248,696,1224,1200
645 100 1248,696,1224,1200
646 100 1248,696,1224,1200
647 100 1248,696,1224,1200
648 100 1248,696,1224,1200
649 100 1248,696,1224,1200
650 100 1248,696,1224,1200
651 100 1248,696,1224,1200
652 100 1248,696,1224,1200
653 100 1248,696,1224,1200
654 100 1248,696,1224,1200
655 100 1248,696,1224,1200
656 100 1224,696,1224,1200
657 100 1248,696,1224,1224
658 100 1248,696,1224,1224
659 100 1224,696,1224,1224
660 100 1224,720,1224,1200
661 100 1224,720,1224,1200
662 100 1224,720,1224,1200
663 100 1224,720,1224,1224
664 100 1224,744,1224,1200
665 100 1224,744,1224,1200
666 100 1224,744,1224,1200
667 100 1200,744,1224,1200
668 100 1200,744,1224,1200
669 100 1200,744,1224,1200
670 100 1200,744,1224,1200
671 100 1200,744,1224,1200
672 100 1200,744,1224,1200
673 100 1200,744,1224,1224
674 100 1200,744,1224,1224
675 100 1200,744,1224,1224
676 100 1200,744,1224,1224
677 100 1200,744,1224,1224
678 100 1200,744,1224,1224
679 100 1200,744,1224,1224
680 100 1200,744,1224,1224
681 100 1200,744,1224,1224
682 100 1200,744,1224,1224
683 100 1200,768,1224,1200
684 100 1200,768,1224,1200
685 100 1176,768,1224,1200
686 100 1176,768,1224,1200
687 100 1176,768,1224,1200
688 100 1176,768,1224,1200
689 100 1176,768,1224,1200
690 100 1176,768,1224,1200
691 100 1176,768,1224,1200
692 100 1176,768,1224,1200
693 100 1176,768,1224,1200
694 100 1176,768,1224,1200
695 100 1176,744,1224,1224
696 100 1176,744,1224,1224
697 100 1176,744,1224,1224
698 100 1176,744,1224,1224
699 100 1176,744,1224,1224
700 100 1176,744,1224,1224
701 100 1176,744,1224,1224
702 100 1176,744,1224,1224
703 100 1176,744,1224,1224
704 100 1176,744,1224,1224
705 100 1176,744,1224,1224
706 100 1176,744,1224,1200
707 100 1176,744,1224,1200
708 100 1176,744,1224,1200
709 100 1176,744,1224,1200
710 100 1176,744,1224,1200
711 100 1176,744,1224,1200
712 100 1176,744,1224,1224
713 100 1176,744,1224,1224
714 100 1176,744,1224,1200
715 100 1176,744,1224,1200
716 100 1176,744,1224,1224
717 100 1176,744,1224,1224
718 100 1176,744,1224,1224
719 100 1176,744,1224,1224
720 100 1176,768,1224,1200
721 100 1176,768,1224,1200
722 100 1176,768,1224,1200
723 100 1176,768,1224,1224
724 100 1176,768,1224,1224
725 100 1176,768,1224,1224
726 100 1152,792,1224,1200
727 100 1152,792,1224,1200
728 100 1152,792,1224,1200
729 100 1152,792,1224,1224
730 100 1152,816,1224,1200
731 100 1176,816,1224,1200
732 100 1176,816,1224,1200
733 100 1200,792,1224,1224
734 100 1224,792,1224,1224
735 100 1248,792,1224,1200
736 100 1272,792,1224,1200
737 100 1272,792,1224,1200
738 100 1272,792,1224,1224
739 100 1272,792,1224,1224
740 100 1296,792,1224,1224
741 100 1320,792,1224,1200
742 100 1344,792,1224,1200
743 100 1344,792,1224,1200
744 100 1368,792,1224,1200
745 100 1368,792,1224,1200
746 100 1344,792,1224,1200
747 100 1320,792,1224,1224
748 100 1296,816,1224,1200
749 100 1296,816,1224,1200
750 100 1296,816,1224,1200
751 100 1296,816,1224,1200
752 100 1272,816,1224,1224
753 100 1272,816,1224,1224
754 100 1248,816,1224,1200
755 100 1248,816,1224,1200
756 100 1248,816,1224,1224
757 100 1248,816,1224,1224
758 100 1224,816,1224,1224
759 100 1224,816,1224,1224
760 100 1224,816,1224,1224
761 100 1224,816,1224,1224
762 100 1224,816,1224,1224
763 100 1224,816,1224,1224
764 100 1224,816,1224,1224
765 100 1200,840,1224,1200
766 100 1200,840,1224,1200
767 100 1200,840,1224,1200
768 100 1200,840,1224,1200
769 100 1200,840,1224,1200
770 100 1200,840,1224,1200
771 100 1200,840,1224,1200
772 100 1176,840,1224,1200
773 100 1176,840,1224,1200
774 100 1176,840,1224,1200
775 100 1176,840,1224,1200
776 100 1176,816,1224,1224
777 100 1176,816,1224,1224
778 100 1176,816,1224,1224
779 100 1176,816,1224,1200
780 100 1200,816,1224,1200
781 100 1200,816,1224,1200
782 100 1200,792,1224,1224
783 100 1200,792,1224,1200
784 100 1200,792,1224,1200
785 100 1200,792,1224,1200
786 100 1200,792,1224,1200
787 100 1224,768,1224,1224
788 100 1224,768,1224,1224
789 100 1224,768,1224,1200
790 100 1224,768,1224,1200
791 100 1224,768,1224,1200
792 100 1224,768,1224,1200
793 100 1224,768,1224,1200
794 100 1224,768,1224,1200
795 100 1224,768,1224,1200
796 100 1224,768,1224,1200
797 100 1224,744,1224,1224
798 100 1248,744,1224,1224
799 100 1248,744,1224,1200
800 100 1248,744,1224,1200
801 100 1248,744,1224,1200
802 100 1248,720,1224,1224
803 100 1272,720,1224,1224
804 100 1272,720,1224,1224
805 100 1272,720,1224,1200
806 100 1272,720,1224,1200
807 100 1272,696,1224,1224
808 100 1272,696,1224,1200
809 100 1296,672,1224,1224
810 100 1296,672,1224,1200
811 100 1296,672,1224,1200
812 100 1296,648,1224,1224
813 100 1296,648,1224,1224
814 100 1320,648,1224,1200
815 100 1320,648,1224,1200
816 100 1320,624,1224,1224
817 100 1320,624,1224,1200
818 100 1320,624,1224,1200
819 100 1344,600,1224,1224
820 100 1344,600,1224,1200
821 100 1344,576,1224,1224
822 100 1368,576,1224,1200
823 100 1368,552,1224,1224
824 100 1368,552,1224,1200
825 100 1392,552,1224,1200
826 100 1392,528,1224,1224
827 100 1392,528,1224,1200
828 100 1392,528,1224,1200
829 100 1392,528,1224,1200
830 100 1392,528,1224,1200
831 100 1368,528,1224,1200
832 100 1368,528,1224,1200
833 100 1368,528,1224,1200
834 100 1368,528,1224,1200
835 100 1368,504,1224,1224
836 100 1368,504,1224,1224
837 100 1368,504,1224,1200
838 100 1368,504,1224,1200
839 100 1368,480,1224,1224
840 100 1392,480,1224,1224
841 100 1392,480,1224,1200
842 100 1368,456,1224,1200
843 100 1368,432,1224,1224
844 100 1368,432,1224,1224
845 100 1344,432,1224,1200
846 100 1344,432,1224,1200
847 100 1344,432,1224,1200
848 100 1344,432,1224,1200
849 100 1344,432,1224,1200
850 100 1344,432,1224,1200
851 100 1344,432,1224,1200
852 100 1344,432,1224,1200
853 100 1344,408,1224,1224
854 100 1344,408,1224,1200
855 100 1344,408,1224,1200
856 100 1368,408,1224,1200
857 100 1392,408,1224,1200
858 100 1392,384,1224,1224
859 100 1392,384,1224,1224
860 100 1416,384,1224,1224
861 100 1416,384,1224,1200
862 100 1416,384,1224,1200
863 100 1416,384,1224,1200
864 100 1416,360,1224,1224
865 100 1416,384,1224,1200
866 100 1416,384,1224,1200
867 100 1392,384,1224,1200
868 100 1368,384,1224,1224
869 100 1344,408,1224,1200
870 100 1320,408,1224,1200
871 100 1296,408,1224,1200
872 100 1296,408,1224,1200
873 100 1296,408,1224,1200
874 100 1296,408,1224,1200
875 100 1320,408,1224,1224
876 100 1320,408,1224,1224
877 100 1320,408,1224,1224
878 100 1320,432,1224,1200
879 100 1296,408,1224,1224
880 100 1296,408,1224,1224
881 100 1296,408,1224,1224
882 100 1296,408,1224,1224
883 100 1320,432,1224,1200
884 100 1320,432,1224,1200
885 100 1320,432,1224,1200
886 100 1320,432,1224,1200
887 100 1320,432,1224,1200
888 100 1320,432,1224,1200
889 100 1320,432,1224,1200
890 100 1320,408,1224,1224
891 100 1344,408,1224,1224
892 100 1344,408,1224,1200
893 100 1368,408,1224,1200
894 100 1368,408,1224,1200
895 100 1392,408,1224,1200
896 100 1392,384,1224,1224
897 100 1392,384,1224,1224
898 100 1368,384,1224,1224
899 100 1368,384,1224,1224
900 100 1368,408,1224,1200
901 100 1368,408,1224,1200
902 100 1368,408,1224,1200
903 100 1344,408,1224,1200
904 100 1368,408,1224,1224
905 100 1368,408,1224,1224
906 100 1368,432,1224,1200
907 100 1368,432,1224,1200
908 100 1368,432,1224,1200
909 100 1368,432,1224,1200
910 100 1368,432,1224,1200
911 100 1368,432,1224,1200
912 100 1392,408,1224,1224
913 100 1416,408,1224,1200
914 100 1416,408,1224,1200
915 100 1416,408,1224,1200
916 100 1440,384,1224,1224
917 100 1440,384,1224,1224
918 100 1440,384,1224,1224
919 100 1464,384,1224,1224
920 100 1464,384,1224,1200
921 100 1464,384,1224,1200
922 100 1464,384,1224,1200
923 100 1464,384,1224,1200
924 100 1464,360,1224,1224
925 100 1464,360,1224,1200
926 100 1464,360,1224,1200
927 100 1464,336,1224,1224
928 100 1464,336,1224,1200
929 100 1440,312,1224,1224
930 100 1440,312,1224,1200
931 100 1440,288,1224,1224
932 100 1464,288,1224,1224
933 100 1464,288,1224,1224
934 100 1464,288,1224,1224
935 100 1464,288,1224,1224
936 100 1464,288,1224,1224
937 100 1464,288,1224,1224
938 100 1464,288,1224,1224
939 100 1464,288,1224,1224
940 100 1464,288,1224,1224
941 100 1440,288,1224,1224
942 100 1416,312,1224,1200
943 100 1416,336,1224,1200
944 100 1392,336,1224,1224
945 100 1368,336,1224,1224
946 100 1344,360,1224,1200
947 100 1320,360,1224,1224
948 100 1296,384,1224,1200
949 100 1272,384,1224,1200
950 100 1248,384,1224,1224
951 100 1224,384,1224,1224
952 100 1200,384,1224,1224
953 100 1152,384,1224,1224
954 100 1128,408,1224,1200
955 100 1104,408,1224,1200
956 100 1080,408,1224,1224
957 100 1056,408,1224,1224
958 100 1056,432,1224,1200
959 100 1032,432,1224,1224
960 100 1008,432,1224,1224
961 100 984,432,1224,1224
962 100 960,432,1224,1224
963 100 960,456,1224,1200
964 100 936,456,1224,1200
965 100 936,456,1224,1200
966 100 936,456,1224,1200
967 100 936,456,1224,1200
968 100 912,456,1224,1200
969 100 912,456,1224,1200
970 100 912,456,1224,1224
971 100 912,456,1224,1224
972 100 888,456,1224,1224
973 100 888,456,1224,1224
974 100 888,456,1224,1200
975 100 864,456,1224,1200
976 100 864,456,1224,1200
977 100 864,456,1224,1200
978 100 864,456,1224,1200
979 100 864,456,1224,1200
980 100 864,456,1224,1200
981 100 840,456,1224,1200
982 100 840,456,1224,1200
983 100 840,456,1224,1200
984 100 840,456,1224,1200
985 100 840,456,1224,1200
986 100 840,456,1224,1200
987 100 840,456,1224,1200
988 100 864,456,1224,1200
989 100 864,456,1224,1200
990 100 864,456,1224,1200
991 100 864,456,1224,1200
992 100 864,456,1224,1200
993 100 864,456,1224,1200
994 100 864,432,1224,1224
995 100 888,432,1224,1200
996 100 888,432,1224,1200
997 100 912,432,1224,1200
998 100 936,408,1224,1224
999 100 960,408,1224,1200
1000 100 984,384,1224,1200
1001 100 984,360,1224,1224
1002 100 1008,360,1224,1200
1003 100 1032,360,1224,1200
1004 100 1056,360,1224,1224
1005 100 1080,360,1224,1224
1006 100 1104,360,1224,1224
1007 100 1104,360,1224,1224
1008 100 1128,360,1224,1224
1009 100 1128,360,1224,1224
1010 100 1128,360,1224,1224
1011 100 1152,360,1224,1224
1012 100 1152,360,1224,1224
1013 100 1152,360,1224,1224
1014 100 1152,360,1224,1224
1015 100 1176,360,1224,1224
1016 100 1176,360,1224,1224
1017 100 1176,360,1224,1224
1018 100 1200,360,1224,1224
1019 100 1200,384,1224,1200
1020 100 1200,384,1224,1224
1021 100 1224,384,1224,1224
1022 100 1224,384,1224,1224
1023 100 1224,384,1224,1224
1024 100 1224,384,1224,1224
1025 100 1224,408,1224,1200
1026 100 1248,408,1224,1224
1027 100 1248,408,1224,1224
1028 100 1248,432,1224,1200
1029 100 1224,432,1224,1200
1030 100 1224,432,1224,1200
1031 100 1224,432,1224,1224
1032 100 1224,432,1224,1224
1033 100 1224,432,1224,1224
1034 100 1200,432,1224,1224
1035 100 1200,456,1224,1200
1036 100 1176,456,1224,1224
1037 100 1176,456,1224,1224
1038 100 1176,456,1224,1224
1039 100 1152,456,1224,1224
1040 100 1152,456,1224,1224
1041 100 1152,456,1224,1224
1042 100 1128,456,1224,1224
1043 100 1104,456,1224,1224
1044 100 1104,456,1224,1224
1045 100 1104,456,1224,1224
1046 100 1080,456,1224,1224
1047 100 1056,456,1224,1224
1048 100 1056,456,1224,1224
1049 100 1056,456,1224,1224
1050 100 1056,456,1224,1224
1051 100 1056,456,1224,1224
1052 100 1056,456,1224,1224
1053 100 1056,456,1224,1224
1054 100 1056,456,1224,1224
1055 100 1056,456,1224,1224
1056 100 1032,432,1224,1248
1057 100 1032,432,1224,1248
1058 100 1032,432,1224,1248
1059 100 1032,432,1224,1248
1060 100 1032,432,1224,1248
1061 100 1032,432,1224,1248
1062 100 1032,432,1224,1248
1063 100 1008,432,1224,1224
1064 100 1008,432,1224,1224
1065 100 1008,432,1224,1224
1066 100 1008,432,1224,1224
1067 100 984,432,1224,1224
1068 100 984,432,1224,1224
1069 100 984,432,1224,1224
1070 100 984,432,1224,1224
1071 100 960,432,1224,1224
1072 100 960,432,1224,1224
1073 100 960,432,1224,1224
1074 100 960,432,1224,1224
1075 100 960,432,1224,1224
1076 100 960,432,1224,1224
1077 100 960,432,1224,1224
1078 100 936,432,1224,1224
1079 100 936,432,1224,1224
1080 100 936,408,1224,1224
1081 100 936,408,1224,1224
1082 100 936,408,1224,1224
1083 100 936,408,1224,1224
1084 100 912,408,1224,1224
1085 100 912,408,1224,1224
1086 100 912,408,1224,1224
1087 100 888,408,1224,1224
1088 100 888,408,1224,1224
1089 100 888,408,1224,1224
1090 100 888,408,1224,1224
1091 100 864,408,1224,1224
1092 100 864,408,1224,1224
1093 100 864,408,1224,1224
1094 100 864,408,1224,1224
1095 100 864,408,1224,1224
1096 100 864,384,1224,1224
1097 100 864,384,1224,1224
1098 100 840,384,1224,1224
1099 100 864,384,1224,1224
1100 100 864,384,1224,1224
1101 100 864,384,1224,1224
1102 100 864,384,1224,1224
1103 100 888,384,1224,1248
1104 100 912,384,1224,1248
1105 100 912,384,1224,1248
1106 100 912,384,1224,1248
1107 100 936,384,1224,1248
1108 100 936,408,1224,1224
1109 100 936,408,1224,1224
1110 100 936,408,1224,1224
1111 100 912,408,1224,1224
1112 100 912,408,1224,1224
1113 100 912,408,1224,1224
1114 100 912,408,1224,1224
1115 100 888,408,1224,1224
1116 100 888,408,1224,1224
1117 100 888,408,1224,1224
1118 100 864,408,1224,1224
1119 100 864,408,1224,1224
1120 100 864,408,1224,1224
1121 100 864,408,1224,1224
1122 100 840,408,1224,1224
1123 100 840,432,1224,1224
1124 100 840,432,1224,1224
1125 100 840,432,1224,1224
1126 100 840,432,1224,1224
1127 100 816,456,1224,1200
1128 100 816,456,1224,1224
1129 100 816,456,1224,1200
1130 100 816,456,1224,1200
1131 100 816,456,1224,1224
1132 100 792,456,1224,1224
1133 100 792,456,1224,1224
1134 100 792,456,1224,1224
1135 100 768,456,1224,1224
1136 100 768,480,1224,1200
1137 100 768,480,1224,1200
1138 100 768,480,1224,1224
1139 100 744,480,1224,1224
1140 100 720,504,1224,1200
1141 100 696,504,1224,1224
1142 100 696,504,1224,1224
1143 100 672,504,1224,1224
1144 100 672,528,1224,1200
1145 100 672,528,1224,1200
1146 100 648,528,1224,1200
1147 100 648,528,1224,1200
1148 100 624,528,1224,1200
1149 100 624,528,1224,1200
1150 100 600,528,1224,1200
1151 100 576,528,1224,1224
1152 100 576,528,1224,1224
1153 100 552,528,1224,1224
1154 100 552,528,1224,1224
1155 100 552,528,1224,1224
1156 100 552,528,1224,1200
1157 100 552,504,1224,1224
1158 100 552,528,1224,1200
1159 100 552,528,1224,1200
1160 100 552,528,1224,1224
1161 100 552,528,1224,1224
1162 100 552,528,1224,1224
1163 100 552,528,1224,1224
1164 100 552,528,1224,1224
1165 100 552,528,1224,1224
1166 100 528,528,1224,1224
1167 100 528,552,1224,1200
1168 100 528,552,1224,1200
1169 100 504,552,1224,1200
1170 100 504,552,1224,1224
1171 100 504,552,1224,1224
1172 100 504,552,1224,1224
1173 100 480,552,1224,1224
1174 100 480,552,1224,1224
1175 100 480,552,1224,1224
1176 100 456,576,1224,1200
1177 100 456,576,1224,1200
1178 100 456,552,1224,1224
1179 100 456,552,1224,1224
1180 100 456,552,1224,1224
1181 100 456,552,1224,1224
1182 100 456,552,1224,1224
1183 100 456,552,1224,1224
1184 100 456,552,1224,1224
1185 100 456,552,1224,1224
1186 100 456,552,1224,1224
1187 100 456,552,1224,1224
1188 100 456,552,1224,1224
1189 100 456,552,1224,1224
1190 100 456,552,1224,1224
1191 100 456,552,1224,1224
1192 100 480,552,1224,1224
1193 100 480,552,1224,1224
1194 100 480,552,1224,1224
1195 100 480,552,1224,1224
1196 100 480,552,1224,1224
1197 100 480,552,1224,1224
1198 100 480,552,1224,1224
1199 100 504,552,1224,1224
1200 100 504,552,1224,1224
1201 100 504,552,1224,1224
1202 100 528,552,1224,1224
1203 100 528,552,1224,1224
1204 100 528,552,1224,1224
1205 100 552,552,1224,1224
1206 100 552,552,1224,1224
1207 100 576,552,1224,1224
1208 100 576,552,1224,1224
1209 100 600,552,1224,1224
1210 100 600,552,1224,1224
1211 100 600,552,1224,1224
1212 100 624,552,1224,1200
1213 100 624,552,1224,1200
1214 100 648,528,1224,1224
1215 100 648,552,1224,1200
1216 100 672,528,1224,1224
1217 100 696,528,1224,1224
1218 100 720,528,1224,1224
1219 100 720,528,1224,1224
1220 100 744,552,1224,1200
1221 100 768,552,1224,1224
1222 100 792,552,1224,1224
1223 100 840,552,1224,1224
1224 100 864,552,1224,1224
1225 100 888,552,1224,1224
1226 100 936,552,1224,1224
1227 100 960,552,1224,1224
1228 100 984,552,1224,1224
1229 100 1008,552,1224,1224
1230 100 1032,552,1224,1224
1231 100 1032,528,1224,1248
1232 100 1056,528,1224,1248
1233 100 1080,528,1224,1224
1234 100 1080,528,1224,1248
1235 100 1104,528,1224,1248
1236 100 1104,528,1224,1248
1237 100 1128,528,1224,1224
1238 100 1128,528,1224,1224
1239 100 1128,528,1224,1224
1240 100 1128,528,1224,1224
1241 100 1152,528,1224,1224
1242 100 1152,528,1224,1224
1243 100 1152,528,1224,1224
1244 100 1152,528,1224,1224
1245 100 1152,528,1224,1224
1246 100 1152,528,1224,1224
1247 100 1152,528,1224,1224
1248 100 1152,528,1224,1224
1249 100 1176,528,1224,1224
1250 100 1176,528,1224,1224
1251 100 1176,528,1224,1224
1252 100 1200,528,1224,1224
1253 100 1200,528,1224,1224
1254 100 1224,528,1224,1224
1255 100 1224,528,1224,1224
1256 100 1224,528,1224,1224
1257 100 1224,528,1224,1248
1258 100 1224,528,1224,1248
1259 100 1248,528,1224,1248
1260 100 1248,552,1224,1224
1261 100 1248,552,1224,1224
1262 100 1248,552,1224,1224
1263 100 1248,552,1224,1224
1264 100 1248,552,1224,1224
1265 100 1272,552,1224,1224
1266 100 1272,576,1224,1224
1267 100 1272,576,1224,1224
1268 100 1272,576,1224,1224
1269 100 1272,600,1224,1224
1270 100 1272,600,1224,1224
1271 100 1272,600,1224,1224
1272 100 1272,600,1224,1224
1273 100 1272,600,1224,1224
1274 100 1296,600,1224,1248
1275 100 1296,624,1224,1224
1276 100 1296,624,1224,1224
1277 100 1296,624,1224,1224
1278 100 1296,624,1224,1224
1279 100 1296,624,1224,1248
1280 100 1296,624,1224,1248
1281 100 1296,648,1224,1224
1282 100 1296,648,1224,1224
1283 100 1296,648,1224,1224
1284 100 1296,648,1224,1224
1285 100 1296,648,1224,1224
1286 100 1296,648,1224,1224
1287 100 1296,648,1224,1224
1288 100 1296,648,1224,1224
1289 100 1296,648,1224,1200
1290 100 1296,624,1224,1224
1291 100 1296,624,1224,1224
1292 100 1272,624,1224,1224
1293 100 1272,624,1224,1224
1294 100 1248,624,1224,1224
1295 100 1272,624,1224,1224
1296 100 1272,624,1224,1224
1297 100 1272,624,1224,1224
1298 100 1272,624,1224,1224
1299 100 1296,624,1224,1224
1300 100 1272,624,1224,1200
1301 100 1272,624,1224,1200
1302 100 1296,624,1224,1200
1303 100 1296,624,1224,1200
1304 100 1296,600,1224,1224
1305 100 1296,600,1224,1224
1306 100 1296,600,1224,1224
1307 100 1296,600,1224,1224
1308 100 1296,600,1224,1224
1309 100 1296,600,1224,1200
1310 100 1296,600,1224,1200
1311 100 1320,600,1224,1200
1312 100 1320,600,1224,1200
1313 100 1320,600,1224,1200
1314 100 1296,600,1224,1200
1315 100 1296,600,1224,1200
1316 100 1296,576,1224,1224
1317 100 1296,576,1224,1200
1318 100 1296,576,1224,1200
1319 100 1296,576,1224,1200
1320 100 1320,552,1224,1224
1321 100 1320,552,1224,1224
1322 100 1320,552,1224,1200
1323 100 1320,552,1224,1200
1324 100 1320,552,1224,1200
1325 100 1320,552,1224,1200
1326 100 1320,552,1224,1200
1327 100 1320,552,1224,1200
1328 100 1320,552,1224,1200
1329 100 1320,528,1224,1224
1330 100 1320,528,1224,1224
1331 100 1320,528,1224,1224
1332 100 1344,528,1224,1224
1333 100 1320,528,1224,1224
1334 100 1344,528,1224,1224
1335 100 1320,528,1224,1224
1336 100 1344,528,1224,1224
1337 100 1344,528,1224,1224
1338 100 1344,528,1224,1224
1339 100 1368,528,1224,1200
1340 100 1368,528,1224,1200
1341 100 1392,528,1224,1200
1342 100 1392,504,1224,1224
1343 100 1392,504,1224,1200
1344 100 1416,504,1224,1200
1345 100 1416,480,1224,1224
1346 100 1416,480,1224,1200
1347 100 1440,456,1224,1224
1348 100 1440,456,1224,1200
1349 100 1440,456,1224,1200
1350 100 1440,432,1224,1224
1351 100 1440,432,1224,1200
1352 100 1440,432,1224,1200
1353 100 1440,408,1224,1224
1354 100 1416,408,1224,1224
1355 100 1416,408,1224,1200
1356 100 1416,384,1224,1224
1357 100 1392,384,1224,1224
1358 100 1392,384,1224,1200
1359 100 1368,360,1224,1224
1360 100 1368,360,1224,1224
1361 100 1368,360,1224,1200
1362 100 1368,360,1224,1200
1363 100 1368,360,1224,1200
1364 100 1368,336,1224,1224
1365 100 1368,336,1224,1224
1366 100 1344,336,1224,1224
1367 100 1344,336,1224,1224
1368 100 1344,336,1224,1224
1369 100 1320,336,1224,1200
1370 100 1320,336,1224,1200
1371 100 1320,312,1224,1224
1372 100 1320,312,1224,1224
1373 100 1320,312,1224,1224
1374 100 1296,312,1224,1224
1375 100 1296,312,1224,1224
1376 100 1296,312,1224,1224
1377 100 1296,312,1224,1200
1378 100 1296,312,1224,1200
1379 100 1296,312,1224,1200
1380 100 1272,312,1224,1200
1381 100 1272,288,1224,1224
1382 100 1272,288,1224,1224
1383 100 1272,288,1224,1224
1384 100 1272,288,1224,1224
1385 100 1272,288,1224,1224
1386 100 1272,288,1224,1224
1387 100 1272,312,1224,1200
1388 100 1296,312,1224,1200
1389 100 1296,312,1224,1224
1390 100 1296,312,1224,1224
1391 100 1272,312,1224,1224
1392 100 1272,312,1224,1224
1393 100 1272,336,1224,1200
1394 100 1272,336,1224,1200
1395 100 1272,336,1224,1200
1396 100 1272,336,1224,1200
1397 100 1272,336,1224,1200
1398 100 1272,336,1224,1200
1399 100 1272,336,1224,1200
1400 100 1272,336,1224,1224
1401 100 1272,336,1224,1224
1402 100 1272,336,1224,1224
1403 100 1272,336,1224,1224
1404 100 1272,336,1224,1224
1405 100 1272,360,1224,1200
1406 100 1272,360,1224,1224
1407 100 1272,360,1224,1224
1408 100 1296,384,1224,1200
1409 100 1296,384,1224,1200
1410 100 1296,360,1224,1224
1411 100 1296,360,1224,1224
1412 100 1296,384,1224,1200
1413 100 1296,360,1224,1224
1414 100 1296,384,1224,1200
1415 100 1296,384,1224,1224
1416 100 1296,384,1224,1224
1417 100 1296,384,1224,1224
1418 100 1296,384,1224,1224
1419 100 1320,408,1224,1200
1420 100 1320,408,1224,1224
1421 100 1320,432,1224,1200
1422 100 1320,432,1224,1200
1423 100 1320,432,1224,1224
1424 100 1344,432,1224,1224
1425 100 1344,456,1224,1200
1426 100 1344,456,1224,1200
1427 100 1344,456,1224,1200
1428 100 1368,456,1224,1224
1429 100 1368,480,1224,1200
1430 100 1392,480,1224,1200
1431 100 1392,480,1224,1200
1432 100 1392,504,1224,1200
1433 100 1392,504,1224,1200
1434 100 1416,504,1224,1224
1435 100 1416,528,1224,1200
1436 100 1416,528,1224,1200
1437 100 1440,528,1224,1200
1438 100 1440,528,1224,1200
1439 100 1440,528,1224,1200
1440 100 1440,528,1224,1200
1441 100 1440,528,1224,1200
1442 100 1440,528,1224,1200
1443 100 1440,528,1224,1200
1444 100 1416,504,1224,1224
1445 100 1416,528,1224,1200
1446 100 1416,528,1224,1200
1447 100 1416,528,1224,1200
1448 100 1440,528,1224,1200
1449 100 1440,528,1224,1200
1450 100 1440,528,1224,1200
1451 100 1440,528,1224,1200
1452 100 1440,528,1224,1200
1453 100 1440,528,1224,1200
1454 100 1440,528,1224,1200
1455 100 1440,504,1224,1224
1456 100 1440,504,1224,1224
1457 100 1440,504,1224,1200
1458 100 1440,504,1224,1200
1459 100 1440,480,1224,1224
1460 100 1416,480,1224,1200
1461 100 1416,480,1224,1200
1462 100 1416,480,1224,1200
1463 100 1416,456,1224,1224
1464 100 1416,456,1224,1224
1465 100 1416,456,1224,1224
1466 100 1440,456,1224,1200
1467 100 1440,456,1224,1200
1468 100 1440,432,1224,1224
1469 100 1464,432,1224,1224
1470 100 1464,432,1224,1200
1471 100 1464,432,1224,1200
1472 100 1464,432,1224,1200
1473 100 1464,432,1224,1200
1474 100 1464,432,1224,1200
1475 100 1464,432,1224,1200
1476 100 1464,432,1224,1200
1477 100 1488,432,1224,1200
1478 100 1488,432,1224,1200
1479 100 1488,432,1224,1200
1480 100 1488,432,1224,1200
1481 100 1488,432,1224,1200
1482 100 1512,432,1224,1224
1483 100 1512,432,1224,1224
1484 100 1512,432,1224,1224
1485 100 1512,456,1224,1200
1486 100 1536,432,1224,1224
1487 100 1536,456,1224,1200
1488 100 1536,456,1224,1200
1489 100 1512,456,1224,1200
1490 100 1512,456,1224,1200
1491 100 1512,456,1224,1200
1492 100 1512,456,1224,1200
1493 100 1512,456,1224,1200
1494 100 1512,456,1224,1224
1495 100 1512,456,1224,1224
1496 100 1512,456,1224,1224
1497 100 1512,456,1224,1224
1498 100 1512,480,1224,1200
1499 100 1512,480,1224,1200
1500 100 1512,480,1224,1200
1501 100 1512,480,1224,1200
1502 100 1512,480,1224,1200
1503 100 1512,480,1224,1200
1504 100 1512,480,1224,1200
1505 100 1488,480,1224,1224
1506 100 1488,480,1224,1224
1507 100 1488,480,1224,1224
1508 100 1464,480,1224,1224
1509 100 1464,504,1224,1200
1510 100 1464,504,1224,1200
1511 100 1440,504,1224,1224
1512 100 1440,504,1224,1224
1513 100 1416,528,1224,1200
1514 100 1416,528,1224,1200
1515 100 1392,528,1224,1200
1516 100 1392,528,1224,1200
1517 100 1368,528,1224,1224
1518 100 1368,528,1224,1224
1519 100 1368,528,1224,1200
1520 100 1368,504,1224,1224
1521 100 1344,504,1224,1224
1522 100 1344,504,1224,1224
1523 100 1344,528,1224,1200
1524 100 1344,528,1224,1200
1525 100 1368,528,1224,1200
1526 100 1344,504,1224,1224
1527 100 1344,504,1224,1224
1528 100 1344,528,1224,1200
1529 100 1344,528,1224,1224
1530 100 1344,528,1224,1224
1531 100 1344,528,1224,1200
1532 100 1344,528,1224,1200
1533 100 1344,504,1224,1224
1534 100 1344,504,1224,1224
1535 100 1344,504,1224,1224
1536 100 1344,504,1224,1224
1537 100 1344,504,1224,1224
1538 100 1344,504,1224,1224
1539 100 1344,504,1224,1224
1540 100 1344,504,1224,1224
1541 100 1344,528,1224,1200
1542 100 1344,528,1224,1200
1543 100 1344,528,1224,1200
1544 100 1344,528,1224,1200
1545 100 1344,528,1224,1200
1546 100 1344,504,1224,1224
1547 100 1344,504,1224,1224
1548 100 1344,504,1224,1224
1549 100 1344,504,1224,1224
1550 100 1344,504,1224,1224
1551 100 1344,504,1224,1200
1552 100 1344,504,1224,1200
1553 100 1344,504,1224,1200
1554 100 1344,504,1224,1200
1555 100 1344,504,1224,1200
1556 100 1344,480,1224,1224
1557 100 1320,480,1224,1200
1558 100 1320,480,1224,1200
1559 100 1320,480,1224,1200
1560 100 1320,480,1224,1200
1561 100 1320,480,1224,1200
1562 100 1320,456,1224,1224
1563 100 1320,456,1224,1200
1564 100 1320,456,1224,1200
1565 100 1320,456,1224,1200
1566 100 1296,432,1224,1224
1567 100 1296,432,1224,1200
1568 100 1296,432,1224,1200
1569 100 1296,408,1224,1224
1570 100 1296,408,1224,1200
1571 100 1272,408,1224,1200
1572 100 1272,384,1224,1224
1573 100 1272,384,1224,1200
1574 100 1248,384,1224,1200
1575 100 1248,360,1224,1200
1576 100 1248,360,1224,1200
1577 100 1248,360,1224,1200
1578 100 1248,336,1224,1224
1579 100 1248,336,1224,1200
1580 100 1224,336,1224,1200
1581 100 1224,312,1224,1224
1582 100 1224,312,1224,1200
1583 100 1224,312,1224,1200
1584 100 1224,312,1224,1200
1585 100 1224,312,1224,1200
1586 100 1224,288,1224,1224
1587 100 1224,288,1224,1200
1588 100 1224,288,1224,1200
1589 100 1200,264,1224,1224
1590 100 1200,264,1224,1224
1591 100 1224,264,1224,1224
1592 100 1224,288,1224,1200
1593 100 1224,288,1224,1200
1594 100 1224,288,1224,1200
1595 100 1248,288,1224,1224
1596 100 1248,288,1224,1224
1597 100 1224,288,1224,1224
1598 100 1248,288,1224,1224
1599 100 1248,312,1224,1200
1600 100 1248,312,1224,1224
1601 100 1248,336,1224,1200
1602 100 1248,336,1224,1200
1603 100 1248,336,1224,1200
1604 100 1248,336,1224,1224
1605 100 1248,336,1224,1224
1606 100 1272,360,1224,1200
1607 100 1296,384,1224,1200
1608 100 1296,384,1224,1200
1609 100 1320,408,1224,1200
1610 100 1344,432,1224,1200
1611 100 1368,456,1224,1200
1612 100 1392,456,1224,1224
1613 100 1392,480,1224,1224
1614 100 1392,504,1224,1200
1615 100 1392,504,1224,1200
1616 100 1392,528,1224,1200
1617 100 1392,528,1224,1200
1618 100 1368,528,1224,1224
1619 100 1368,528,1224,1224
1620 100 1368,552,1224,1200
1621 100 1368,552,1224,1224
1622 100 1344,552,1224,1224
1623 100 1344,576,1224,1200
1624 100 1344,576,1224,1200
1625 100 1344,576,1224,1200
1626 100 1368,576,1224,1200
1627 100 1368,576,1224,1200
1628 100 1368,576,1224,1200
1629 100 1368,576,1224,1200
1630 100 1368,576,1224,1224
1631 100 1368,600,1224,1200
1632 100 1368,600,1224,1200
1633 100 1392,600,1224,1200
1634 100 1392,600,1224,1200
1635 100 1392,600,1224,1200
1636 100 1392,600,1224,1200
1637 100 1416,600,1224,1200
1638 100 1416,600,1224,1200
1639 100 1416,600,1224,1200
1640 100 1440,600,1224,1200
1641 100 1440,600,1224,1200
1642 100 1464,600,1224,1200
1643 100 1464,600,1224,1200
1644 100 1488,600,1224,1200
1645 100 1488,600,1224,1200
1646 100 1512,576,1224,1224
1647 100 1512,576,1224,1224
1648 100 1512,576,1224,1224
1649 100 1512,576,1224,1224
1650 100 1536,576,1224,1200
1651 100 1536,576,1224,1200
1652 100 1536,576,1224,1200
1653 100 1560,552,1224,1224
1654 100 1560,552,1224,1224
1655 100 1560,552,1224,1224
1656 100 1560,552,1224,1224
1657 100 1560,552,1224,1200
1658 100 1560,552,1224,1200
1659 100 1560,552,1224,1200
1660 100 1560,528,1224,1224
1661 100 1560,552,1224,1200
1662 100 1560,528,1224,1200
1663 100 1560,528,1224,1200
1664 100 1560,528,1224,1200
1665 100 1560,528,1224,1200
1666 100 1560,504,1224,1224
1667 100 1560,504,1224,1200
1668 100 1560,504,1224,1200
1669 100 1560,480,1224,1224
1670 100 1560,480,1224,1200
1671 100 1536,480,1224,1200
1672 100 1536,456,1224,1224
1673 100 1512,456,1224,1200
1674 100 1512,432,1224,1224
1675 100 1512,432,1224,1200
1676 100 1512,432,1224,1200
1677 100 1512,408,1224,1224
1678 100 1512,408,1224,1200
1679 100 1488,408,1224,1200
1680 100 1488,384,1224,1224
1681 100 1488,384,1224,1224
1682 100 1488,408,1224,1200
1683 100 1488,384,1224,1224
1684 100 1488,384,1224,1224
1685 100 1488,384,1224,1224
1686 100 1488,384,1224,1224
1687 100 1488,384,1224,1200
1688 100 1464,384,1224,1200
1689 100 1464,384,1224,1200
1690 100 1464,384,1224,1224
1691 100 1464,384,1224,1224
1692 100 1464,384,1224,1224
1693 100 1464,384,1224,1224
1694 100 1464,384,1224,1224
1695 100 1464,384,1224,1200
1696 100 1464,384,1224,1200
1697 100 1464,384,1224,1224
1698 100 1464,384,1224,1224
1699 100 1464,384,1224,1200
1700 100 1464,384,1224,1200
1701 100 1464,384,1224,1200
1702 100 1440,384,1224,1200
1703 100 1440,384,1224,1200
1704 100 1440,384,1224,1200
1705 100 1440,384,1224,1200
1706 100 1440,360,1224,1224
1707 100 1440,360,1224,1224
1708 100 1440,360,1224,1200
1709 100 1416,360,1224,1200
1710 100 1416,360,1224,1200
1711 100 1416,360,1224,1200
1712 100 1416,360,1224,1200
1713 100 1416,360,1224,1200
1714 100 1416,360,1224,1200
1715 100 1416,360,1224,1200
1716 100 1392,360,1224,1200
1717 100 1392,336,1224,1224
1718 100 1392,360,1224,1200
1719 100 1368,360,1224,1200
1720 100 1368,360,1224,1200
1721 100 1344,360,1224,1200
1722 100 1344,360,1224,1200
1723 100 1320,360,1224,1200
1724 100 1320,360,1224,1200
1725 100 1296,360,1224,1224
1726 100 1296,360,1224,1224
1727 100 1296,360,1224,1224
1728 100 1296,360,1224,1224
1729 100 1296,384,1224,1200
1730 100 1272,384,1224,1200
1731 100 1272,384,1224,1200
1732 100 1272,384,1224,1200
1733 100 1272,384,1224,1200
1734 100 1248,384,1224,1200
1735 100 1248,384,1224,1200
1736 100 1248,384,1224,1200
1737 100 1248,384,1224,1200
1738 100 1248,384,1224,1200
1739 100 1224,384,1224,1200
1740 100 1224,384,1224,1200
1741 100 1224,384,1224,1200
1742 100 1224,360,1224,1224
1743 100 1224,360,1224,1224
1744 100 1200,360,1224,1200
1745 100 1200,360,1224,1200
1746 100 1200,360,1224,1200
1747 100 1200,360,1224,1224
1748 100 1200,360,1224,1224
1749 100 1200,360,1224,1224
1750 100 1200,360,1224,1224
1751 100 1200,360,1224,1224
1752 100 1200,360,1224,1224
1753 100 1200,360,1224,1224
1754 100 1224,360,1224,1200
1755 100 1224,360,1224,1200
1756 100 1224,360,1224,1200
1757 100 1224,360,1224,1200
1758 100 1224,360,1224,1200
1759 100 1248,360,1224,1200
1760 100 1248,360,1224,1200
1761 100 1248,360,1224,1200
1762 100 1248,360,1224,1200
1763 100 1248,360,1224,1200
1764 100 1272,360,1224,1200
1765 100 1272,360,1224,1200
1766 100 1296,360,1224,1200
1767 100 1296,360,1224,1200
1768 100 1296,360,1224,1200
1769 100 1296,360,1224,1200
1770 100 1296,360,1224,1200
1771 100 1296,360,1224,1200
1772 100 1272,360,1224,1200
1773 100 1296,360,1224,1200
1774 100 1272,360,1224,1200
1775 100 1272,360,1224,1200
1776 100 1272,360,1224,1200
1777 100 1272,360,1224,1200
1778 100 1272,360,1224,1200
1779 100 1272,360,1224,1200
1780 100 1272,360,1224,1200
1781 100 1272,360,1224,1200
1782 100 1272,336,1224,1224
1783 100 1248,336,1224,1224
1784 100 1248,336,1224,1200
1785 100 1248,336,1224,1200
1786 100 1248,336,1224,1200
1787 100 1224,336,1224,1200
1788 100 1224,336,1224,1200
1789 100 1248,336,1224,1200
1790 100 1248,336,1224,1200
1791 100 1224,336,1224,1200
1792 100 1224,336,1224,1200
1793 100 1224,336,1224,1200
1794 100 1224,336,1224,1200
1795 100 1224,336,1224,1200
1796 100 1224,312,1224,1224
1797 100 1224,312,1224,1224
1798 100 1248,312,1224,1224
1799 100 1248,312,1224,1224
1800 100 1248,336,1224,1200
1801 100 1248,336,1224,1200
1802 100 1248,336,1224,1200
1803 100 1248,336,1224,1200
1804 100 1248,336,1224,1200
1805 100 1248,336,1224,1200
1806 100 1248,336,1224,1200
1807 100 1248,336,1224,1200
1808 100 1248,336,1224,1200
1809 100 1248,336,1224,1200
1810 100 1248,336,1224,1200
1811 100 1272,336,1224,1200
1812 100 1248,336,1224,1200
1813 100 1248,336,1224,1200
1814 100 1248,336,1224,1200
1815 100 1248,336,1224,1200
1816 100 1248,336,1224,1200
1817 100 1272,312,1224,1224
1818 100 1248,312,1224,1224
1819 100 1248,312,1224,1224
1820 100 1248,312,1224,1224
1821 100 1248,312,1224,1224
1822 100 1248,312,1224,1224
1823 100 1248,312,1224,1224
1824 100 1248,312,1224,1224
1825 100 1248,312,1224,1224
1826 100 1248,312,1224,1224
1827 100 1248,312,1224,1224
1828 100 1248,312,1224,1224
1829 100 1248,312,1224,1224
1830 100 1248,312,1224,1224
1831 100 1248,312,1224,1224
1832 100 1248,312,1224,1224
1833 100 1248,312,1224,1224
1834 100 1248,312,1224,1224
1835 100 1248,312,1224,1224
1836 100 1248,312,1224,1200
1837 100 1248,312,1224,1200
1838 100 1248,312,1224,1200
1839 100 1248,312,1224,1200
1840 100 1248,312,1224,1200
1841 100 1248,288,1224,1224
1842 100 1248,288,1224,1224
1843 100 1248,288,1224,1224
1844 100 1248,288,1224,1224
1845 100 1248,288,1224,1224
1846 100 1248,312,1224,1200
1847 100 1248,312,1224,1200
1848 100 1248,312,1224,1200
1849 100 1248,312,1224,1200
1850 100 1248,312,1224,1200
1851 100 1224,312,1224,1200
1852 100 1224,312,1224,1200
1853 100 1224,312,1224,1200
1854 100 1224,312,1224,1200
1855 100 1224,312,1224,1200
1856 100 1224,312,1224,1200
1857 100 1224,288,1224,1224
1858 100 1224,288,1224,1224
1859 100 1200,288,1224,1224
1860 100 1200,288,1224,1200
1861 100 1200,288,1224,1200
1862 100 1200,264,1224,1224
1863 100 1200,288,1224,1200
1864 100 1200,288,1224,1200
1865 100 1200,288,1224,1200
1866 100 1200,288,1224,1200
1867 100 1200,288,1224,1200
1868 100 1200,288,1224,1200
1869 100 1200,288,1224,1224
1870 100 1200,288,1224,1224
1871 100 1200,288,1224,1224
1872 100 1200,288,1224,1224
1873 100 1200,288,1224,1224
1874 100 1224,288,1224,1224
1875 100 1200,288,1224,1224
1876 100 1200,288,1224,1224
1877 100 1200,288,1224,1224
1878 100 1200,288,1224,1200
1879 100 1200,288,1224,1200
1880 100 1200,288,1224,1224
1881 100 1224,288,1224,1224
1882 100 1224,288,1224,1200
1883 100 1224,288,1224,1200
1884 100 1224,288,1224,1200
1885 100 1224,288,1224,1200
1886 100 1224,288,1224,1200
1887 100 1224,288,1224,1200
1888 100 1224,288,1224,1200
1889 100 1224,288,1224,1224
1890 100 1224,288,1224,1224
1891 100 1248,288,1224,1224
1892 100 1248,288,1224,1224
1893 100 1224,288,1224,1224
1894 100 1224,288,1224,1224
1895 100 1224,288,1224,1200
1896 100 1224,288,1224,1200
1897 100 1224,288,1224,1200
1898 100 1224,288,1224,1200
1899 100 1224,288,1224,1200
