0 100 312,960,1224,1200
1 100 312,960,1224,1200
2 100 312,960,1224,1200
3 100 312,960,1224,1200
4 100 456,912,1224,1224
5 100 456,912,1224,1224
6 100 456,912,1224,1224
7 100 456,912,1224,1224
8 100 456,912,1224,1224
9 100 528,936,1224,1200
10 100 528,936,1224,1200
11 100 528,936,1224,1200
12 100 528,936,1224,1200
13 100 528,936,1224,1200
14 100 456,960,1224,1200
15 100 456,960,1224,1200
16 100 456,960,1224,1200
17 100 456,960,1224,1200
18 100 456,960,1224,1200
19 100 0,1080,1224,1080
20 100 0,1080,1224,1080
21 100 0,1080,1224,1080
22 100 0,1080,1224,1080
23 100 0,1080,1224,1080
24 100 0,1128,1224,1032
25 100 0,1128,1224,1032
26 100 0,1128,1224,1032
27 100 0,1128,1224,1032
28 100 0,1128,1224,1032
29 100 0,1128,1224,1032
30 100 0,1128,1224,1032
31 100 0,1128,1224,1032
32 100 0,1128,1224,1032
33 100 0,1128,1224,1032
34 100 0,1176,1224,984
35 100 0,1176,1224,984
36 100 0,1176,1224,984
37 100 0,1176,1224,984
38 100 0,1176,1224,984
39 100 0,1224,1224,936
40 100 0,1224,1224,936
41 100 0,1224,1224,936
42 100 0,1224,1224,936
43 100 0,1224,1224,936
44 100 0,1248,1224,912
45 100 0,1248,1224,912
46 100 0,1248,1224,912
47 100 0,1248,1224,912
48 100 0,1248,1224,912
49 100 0,1248,1224,912
50 100 0,1248,1224,912
51 100 0,1248,1224,912
52 100 0,1248,1224,912
53 100 0,1248,1224,912
54 100 0,1296,1224,864
55 100 0,1296,1224,864
56 100 0,1296,1224,864
57 100 0,1296,1224,864
58 100 0,1296,1224,864
59 100 0,1296,1224,864
60 100 0,1320,1224,840
61 100 0,1320,1224,840
62 100 0,1320,1224,840
63 100 0,1320,1224,840
64 100 0,1296,1224,864
65 100 0,1296,1224,864
66 100 0,1296,1224,864
67 100 0,1296,1224,864
68 100 0,1296,1224,864
69 100 0,1296,1224,864
70 100 0,1272,1224,888
71 100 0,1272,1224,888
72 100 0,1272,1224,888
73 100 0,1272,1224,888
74 100 0,1272,1224,888
75 100 0,1272,1224,888
76 100 0,1272,1224,888
77 100 0,1272,1224,888
78 100 0,1272,1224,888
79 100 0,1272,1224,888
80 100 0,1248,1224,912
81 100 0,1248,1224,912
82 100 0,1248,1224,912
83 100 0,1248,1224,912
84 100 0,1248,1224,912
85 100 0,1152,1224,1008
86 100 0,1152,1224,1008
87 100 0,1152,1224,1008
88 100 0,1152,1224,1008
89 100 0,1152,1224,1008
90 100 0,1152,1224,1008
91 100 0,1152,1224,1008
92 100 0,1152,1224,1008
93 100 0,1152,1224,1008
94 100 0,1152,1224,1008
95 100 0,1128,1224,1032
96 100 0,1128,1224,1032
97 100 0,1128,1224,1032
98 100 0,1128,1224,1032
99 100 0,1128,1224,1032
100 100 0,1176,1224,984
101 100 0,1176,1224,984
102 100 0,1176,1224,984
103 100 0,1176,1224,984
104 100 0,1176,1224,984
105 100 0,1248,1224,912
106 100 0,1248,1224,912
107 100 0,1248,1224,912
108 100 0,1248,1224,912
109 100 0,1248,1224,912
110 100 0,1296,1224,864
111 100 0,1296,1224,864
112 100 0,1296,1224,864
113 100 0,1296,1224,864
114 100 0,1296,1224,864
115 100 0,1272,1224,888
116 100 0,1272,1224,888
117 100 0,1272,1224,888
118 100 0,1272,1224,888
119 100 0,1272,1224,888
120 100 0,1176,1224,984
121 100 0,1176,1224,984
122 100 0,1176,1224,984
123 100 0,1176,1224,984
124 100 0,1176,1224,984
125 100 0,1176,1224,984
126 100 0,1176,1224,984
127 100 0,1176,1224,984
128 100 0,1176,1224,984
129 100 0,1176,1224,984
130 100 0,1200,1224,960
131 100 0,1200,1224,960
132 100 0,1200,1224,960
133 100 0,1200,1224,960
134 100 0,1200,1224,960
135 100 0,1248,1224,912
136 100 0,1248,1224,912
137 100 0,1248,1224,912
138 100 0,1248,1224,912
139 100 0,1248,1224,912
140 100 0,1224,1224,936
141 100 0,1224,1224,936
142 100 0,1224,1224,936
143 100 0,1224,1224,936
144 100 0,1224,1224,936
145 100 0,1224,1224,936
146 100 0,1224,1224,936
147 100 0,1224,1224,936
148 100 0,1224,1224,936
149 100 0,1224,1224,936
150 100 0,1104,1224,1056
151 100 0,1104,1224,1056
152 100 0,1104,1224,1056
153 100 0,1104,1224,1056
154 100 0,1104,1224,1056
155 100 0,1080,1224,1080
156 100 0,1080,1224,1080
157 100 0,1080,1224,1080
158 100 0,1080,1224,1080
159 100 0,1080,1224,1080
160 100 0,1008,1224,1152
161 100 0,1008,1224,1152
162 100 0,1008,1224,1152
163 100 0,1008,1224,1152
164 100 0,1008,1224,1152
165 100 72,888,1224,1248
166 100 72,888,1224,1248
167 100 72,888,1224,1248
168 100 72,888,1224,1248
169 100 72,888,1224,1248
170 100 24,864,1224,1248
171 100 24,864,1224,1248
172 100 24,864,1224,1248
173 100 24,864,1224,1248
174 100 24,864,1224,1248
175 100 0,888,1224,1272
176 100 0,888,1224,1272
177 100 0,888,1224,1272
178 100 0,888,1224,1272
179 100 0,888,1224,1272
180 100 0,960,1224,1200
181 100 0,960,1224,1200
182 100 0,960,1224,1200
183 100 0,960,1224,1200
184 100 0,960,1224,1200
185 100 0,1032,1224,1128
186 100 0,1032,1224,1128
187 100 0,1032,1224,1128
188 100 0,1032,1224,1128
189 100 0,1032,1224,1128
190 100 0,1080,1224,1080
191 100 0,1080,1224,1080
192 100 0,1080,1224,1080
193 100 0,1080,1224,1080
194 100 0,1080,1224,1080
195 100 0,1080,1224,1080
196 100 0,1080,1224,1080
197 100 0,1080,1224,1080
198 100 0,1080,1224,1080
199 100 0,1080,1224,1080
200 100 0,1080,1224,1080
201 100 0,1080,1224,1080
202 100 0,1080,1224,1080
203 100 0,1080,1224,1080
204 100 0,1080,1224,1080
205 100 0,1080,1224,1080
206 100 0,1080,1224,1080
207 100 0,1080,1224,1080
208 100 0,1080,1224,1080
209 100 0,1080,1224,1080
210 100 0,1080,1224,1080
211 100 0,1104,1224,1056
212 100 0,1104,1224,1056
213 100 0,1104,1224,1056
214 100 0,1104,1224,1056
215 100 0,1104,1224,1056
216 100 0,1104,1224,1056
217 100 0,1104,1224,1056
218 100 0,1104,1224,1056
219 100 0,1104,1224,1056
220 100 0,1104,1224,1056
221 100 0,1104,1224,1056
222 100 0,1104,1224,1056
223 100 0,1104,1224,1056
224 100 0,1104,1224,1056
225 100 0,1032,1224,1128
226 100 0,1032,1224,1128
227 100 0,1032,1224,1128
228 100 0,1032,1224,1128
229 100 0,1032,1224,1128
230 100 0,1032,1224,1128
231 100 48,984,1224,1176
232 100 48,984,1224,1176
233 100 48,984,1224,1176
234 100 48,984,1224,1176
235 100 48,984,1224,1176
236 100 72,912,1224,1200
237 100 72,912,1224,1200
238 100 72,912,1224,1200
239 100 72,912,1224,1200
240 100 144,840,1224,1200
241 100 144,840,1224,1200
242 100 144,840,1224,1200
243 100 144,840,1224,1200
244 100 144,840,1224,1200
245 100 120,792,1224,1224
246 100 120,792,1224,1224
247 100 120,792,1224,1224
248 100 120,792,1224,1224
249 100 120,792,1224,1224
250 100 96,816,1224,1200
251 100 96,816,1224,1200
252 100 96,816,1224,1200
253 100 96,816,1224,1200
254 100 96,816,1224,1200
255 100 96,768,1224,1224
256 100 96,768,1224,1224
257 100 96,768,1224,1224
258 100 96,768,1224,1224
259 100 96,768,1224,1224
260 100 48,744,1224,1224
261 100 48,744,1224,1224
262 100 48,744,1224,1224
263 100 48,744,1224,1224
264 100 48,744,1224,1224
265 100 24,744,1224,1200
266 100 24,744,1224,1200
267 100 24,744,1224,1200
268 100 24,744,1224,1200
269 100 24,744,1224,1200
270 100 0,744,1224,1224
271 100 0,744,1224,1224
272 100 0,744,1224,1224
273 100 0,744,1224,1224
274 100 0,744,1224,1224
275 100 0,792,1224,1224
276 100 0,792,1224,1224
277 100 0,792,1224,1224
278 100 0,792,1224,1224
279 100 0,792,1224,1224
280 100 0,816,1224,1224
281 100 0,816,1224,1224
282 100 0,816,1224,1224
283 100 0,816,1224,1224
284 100 0,816,1224,1224
285 100 0,816,1224,1224
286 100 0,816,1224,1224
287 100 0,816,1224,1224
288 100 0,816,1224,1224
289 100 0,816,1224,1224
290 100 72,888,1224,1200
291 100 72,888,1224,1200
292 100 72,888,1224,1200
293 100 72,888,1224,1200
294 100 72,888,1224,1200
295 100 3168,864,1224,1224
296 100 3168,864,1224,1224
297 100 3168,864,1224,1224
298 100 3168,864,1224,1224
299 100 3168,864,1224,1224
300 100 0,792,1224,1200
301 100 0,792,1224,1200
302 100 0,792,1224,1200
303 100 0,792,1224,1200
304 100 0,792,1224,1200
305 100 24,720,1224,1224
306 100 24,720,1224,1224
307 100 24,720,1224,1224
308 100 24,720,1224,1224
309 100 24,720,1224,1224
310 100 48,672,1224,1200
311 100 48,672,1224,1200
312 100 48,672,1224,1200
313 100 48,672,1224,1200
314 100 48,672,1224,1200
315 100 24,648,1224,1200
316 100 24,648,1224,1200
317 100 24,648,1224,1200
318 100 24,648,1224,1200
319 100 24,648,1224,1200
320 100 0,624,1224,1200
321 100 0,624,1224,1200
322 100 0,624,1224,1200
323 100 0,624,1224,1200
324 100 0,624,1224,1200
325 100 0,624,1224,1224
326 100 0,624,1224,1224
327 100 0,624,1224,1224
328 100 0,624,1224,1224
329 100 0,624,1224,1224
330 100 0,600,1224,1224
331 100 0,600,1224,1224
332 100 0,600,1224,1224
333 100 0,600,1224,1224
334 100 0,600,1224,1224
335 100 72,576,1224,1224
336 100 72,576,1224,1224
337 100 72,576,1224,1224
338 100 72,576,1224,1224
339 100 72,576,1224,1224
340 100 216,552,1224,1224
341 100 216,552,1224,1224
342 100 216,552,1224,1224
343 100 216,552,1224,1224
344 100 216,552,1224,1224
345 100 360,528,1224,1224
346 100 360,528,1224,1224
347 100 360,528,1224,1224
348 100 360,528,1224,1224
349 100 360,528,1224,1224
350 100 456,528,1224,1224
351 100 456,528,1224,1224
352 100 456,528,1224,1224
353 100 456,528,1224,1224
354 100 456,528,1224,1224
355 100 552,576,1224,1200
356 100 552,576,1224,1200
357 100 552,576,1224,1200
358 100 552,576,1224,1200
359 100 552,576,1224,1200
360 100 552,672,1224,1200
361 100 552,672,1224,1200
362 100 552,672,1224,1200
363 100 552,672,1224,1200
364 100 552,672,1224,1200
365 100 552,672,1224,1200
366 100 528,744,1224,1224
367 100 528,744,1224,1224
368 100 528,744,1224,1224
369 100 528,744,1224,1224
370 100 528,744,1224,1224
371 100 528,744,1224,1224
372 100 528,744,1224,1224
373 100 528,744,1224,1224
374 100 528,744,1224,1224
375 100 432,720,1224,1200
376 100 432,720,1224,1200
377 100 432,720,1224,1200
378 100 432,720,1224,1200
379 100 432,720,1224,1200
380 100 432,720,1224,1200
381 100 312,672,1224,1224
382 100 312,672,1224,1224
383 100 312,672,1224,1224
384 100 312,672,1224,1224
385 100 312,672,1224,1224
386 100 192,624,1224,1224
387 100 192,624,1224,1224
388 100 192,624,1224,1224
389 100 192,624,1224,1224
390 100 48,600,1224,1200
391 100 48,600,1224,1200
392 100 48,600,1224,1200
393 100 48,600,1224,1200
394 100 48,600,1224,1200
395 100 0,600,1224,1200
396 100 0,600,1224,1200
397 100 0,600,1224,1200
398 100 0,600,1224,1200
399 100 0,600,1224,1200
400 100 0,672,1224,1200
401 100 0,672,1224,1200
402 100 0,672,1224,1200
403 100 0,672,1224,1200
404 100 0,672,1224,1200
405 100 0,720,1224,1224
406 100 0,720,1224,1224
407 100 0,720,1224,1224
408 100 0,720,1224,1224
409 100 0,720,1224,1224
410 100 0,768,1224,1200
411 100 0,768,1224,1200
412 100 0,768,1224,1200
413 100 0,768,1224,1200
414 100 0,768,1224,1200
415 100 0,768,1224,1200
416 100 0,768,1224,1200
417 100 0,768,1224,1200
418 100 0,768,1224,1200
419 100 0,768,1224,1200
420 100 0,768,1224,1200
421 100 0,768,1224,1224
422 100 0,768,1224,1224
423 100 0,768,1224,1224
424 100 0,768,1224,1224
425 100 0,768,1224,1224
426 100 0,768,1224,1224
427 100 0,768,1224,1224
428 100 0,768,1224,1224
429 100 0,768,1224,1224
430 100 0,768,1224,1224
431 100 0,768,1224,1224
432 100 0,768,1224,1224
433 100 0,768,1224,1224
434 100 0,768,1224,1224
435 100 0,768,1224,1224
436 100 0,744,1224,1224
437 100 0,744,1224,1224
438 100 0,744,1224,1224
439 100 0,744,1224,1224
440 100 0,744,1224,1224
441 100 0,744,1224,1224
442 100 72,672,1224,1224
443 100 72,672,1224,1224
444 100 72,672,1224,1224
445 100 48,672,1224,1224
446 100 48,672,1224,1224
447 100 48,672,1224,1224
448 100 48,672,1224,1224
449 100 48,672,1224,1224
450 100 48,672,1224,1224
451 100 48,672,1224,1224
452 100 72,624,1224,1200
453 100 72,624,1224,1200
454 100 72,624,1224,1200
455 100 72,624,1224,1200
456 100 48,504,1224,1200
457 100 48,504,1224,1200
458 100 48,504,1224,1200
459 100 48,504,1224,1200
460 100 0,432,1224,1224
461 100 0,432,1224,1224
462 100 0,432,1224,1224
463 100 0,432,1224,1224
464 100 0,432,1224,1224
465 100 0,432,1224,1224
466 100 0,408,1224,1224
467 100 0,408,1224,1224
468 100 0,408,1224,1224
469 100 0,408,1224,1224
470 100 0,408,1224,1224
471 100 0,408,1224,1224
472 100 24,408,1224,1200
473 100 24,408,1224,1200
474 100 24,408,1224,1200
475 100 24,408,1224,1224
476 100 24,408,1224,1224
477 100 24,408,1224,1224
478 100 24,408,1224,1224
479 100 24,408,1224,1224
480 100 24,408,1224,1224
481 100 24,408,1224,1224
482 100 0,432,1224,1224
483 100 0,432,1224,1224
484 100 0,432,1224,1224
485 100 0,432,1224,1224
486 100 0,480,1224,1224
487 100 0,480,1224,1224
488 100 0,480,1224,1224
489 100 0,480,1224,1224
490 100 0,504,1224,1224
491 100 0,504,1224,1224
492 100 0,504,1224,1224
493 100 0,504,1224,1224
494 100 0,504,1224,1224
495 100 24,480,1224,1248
496 100 24,480,1224,1248
497 100 24,480,1224,1248
498 100 24,480,1224,1248
499 100 24,480,1224,1248
500 100 24,480,1224,1248
501 100 0,456,1224,1224
502 100 0,456,1224,1224
503 100 0,456,1224,1224
504 100 0,456,1224,1224
505 100 72,432,1224,1224
506 100 72,432,1224,1224
507 100 72,432,1224,1224
508 100 72,432,1224,1224
509 100 72,432,1224,1224
510 100 72,432,1224,1224
511 100 0,384,1224,1248
512 100 0,384,1224,1248
513 100 0,384,1224,1248
514 100 0,384,1224,1248
515 100 96,360,1224,1248
516 100 96,360,1224,1248
517 100 96,360,1224,1248
518 100 96,360,1224,1248
519 100 96,360,1224,1248
520 100 96,360,1224,1248
521 100 96,360,1224,1248
522 100 0,360,1224,1224
523 100 0,360,1224,1224
524 100 0,360,1224,1224
525 100 0,360,1224,1224
526 100 3720,312,1224,1248
527 100 3720,312,1224,1248
528 100 3720,312,1224,1248
529 100 3720,312,1224,1248
530 100 3384,288,1224,1224
531 100 3384,288,1224,1224
532 100 3384,288,1224,1224
533 100 3384,288,1224,1224
534 100 3384,288,1224,1224
535 100 3408,288,1224,1200
536 100 3408,288,1224,1200
537 100 3408,288,1224,1200
538 100 3408,288,1224,1200
539 100 3408,288,1224,1200
540 100 3408,288,1224,1200
541 100 3408,288,1224,1200
542 100 3144,288,1224,1224
543 100 3144,288,1224,1224
544 100 3144,288,1224,1224
545 100 3144,288,1224,1224
546 100 2976,336,1224,1200
547 100 2976,336,1224,1200
548 100 2976,336,1224,1200
549 100 2976,336,1224,1200
550 100 2976,336,1224,1200
551 100 2976,336,1224,1200
552 100 2952,384,1224,1224
553 100 2952,384,1224,1224
554 100 2952,384,1224,1224
555 100 2952,384,1224,1224
556 100 2952,384,1224,1224
557 100 2952,408,1224,1224
558 100 2952,408,1224,1224
559 100 2952,408,1224,1224
560 100 2952,408,1224,1224
561 100 3000,432,1224,1224
562 100 3000,432,1224,1224
563 100 3000,432,1224,1224
564 100 3000,432,1224,1224
565 100 3000,432,1224,1224
566 100 3048,480,1224,1224
567 100 3048,480,1224,1224
568 100 3048,480,1224,1224
569 100 3048,480,1224,1224
570 100 3048,480,1224,1224
571 100 3048,480,1224,1224
572 100 3216,552,1224,1224
573 100 3216,552,1224,1224
574 100 3216,552,1224,1224
575 100 3216,552,1224,1224
576 100 3432,624,1224,1224
577 100 3432,624,1224,1224
578 100 3432,624,1224,1224
579 100 3432,624,1224,1224
580 100 3432,624,1224,1224
581 100 3432,624,1224,1224
582 100 3408,672,1224,1224
583 100 3408,672,1224,1224
584 100 3408,672,1224,1224
585 100 3552,720,1224,1248
586 100 3552,720,1224,1248
587 100 3552,720,1224,1248
588 100 3552,720,1224,1248
589 100 3552,720,1224,1248
590 100 3552,720,1224,1248
591 100 168,792,1224,1248
592 100 168,792,1224,1248
593 100 168,792,1224,1248
594 100 168,792,1224,1248
595 100 168,792,1224,1248
596 100 168,792,1224,1248
597 100 72,816,1224,1224
598 100 72,816,1224,1224
599 100 72,816,1224,1224
600 100 72,816,1224,1224
601 100 24,792,1224,1224
602 100 24,792,1224,1224
603 100 24,792,1224,1224
604 100 24,792,1224,1224
605 100 3432,768,1224,1224
606 100 3432,768,1224,1224
607 100 3432,768,1224,1224
608 100 3432,768,1224,1224
609 100 3432,768,1224,1224
610 100 3312,720,1224,1224
611 100 3312,720,1224,1224
612 100 3312,720,1224,1224
613 100 3312,720,1224,1224
614 100 3312,720,1224,1224
615 100 3360,672,1224,1224
616 100 3360,672,1224,1224
617 100 3360,672,1224,1224
618 100 3360,672,1224,1224
619 100 3360,672,1224,1224
620 100 3144,648,1224,1248
621 100 3144,648,1224,1248
622 100 3144,648,1224,1248
623 100 3144,648,1224,1248
624 100 3144,648,1224,1248
625 100 3240,672,1224,1224
626 100 3240,672,1224,1224
627 100 3240,672,1224,1224
628 100 3240,672,1224,1224
629 100 3240,672,1224,1224
630 100 3192,672,1224,1224
631 100 3192,672,1224,1224
632 100 3192,672,1224,1224
633 100 3192,672,1224,1224
634 100 3192,672,1224,1224
635 100 3192,672,1224,1224
636 100 3192,696,1224,1224
637 100 3192,696,1224,1224
638 100 3192,696,1224,1224
639 100 3192,696,1224,1224
640 100 3192,696,1224,1224
641 100 3312,720,1224,1200
642 100 3312,720,1224,1200
643 100 3312,720,1224,1200
644 100 3312,720,1224,1200
645 100 3480,720,1224,1224
646 100 3480,720,1224,1224
647 100 3480,720,1224,1224
648 100 3480,720,1224,1224
649 100 3480,720,1224,1224
650 100 3480,720,1224,1224
651 100 3480,720,1224,1224
652 100 3576,744,1224,1224
653 100 3576,744,1224,1224
654 100 3576,744,1224,1224
655 100 3576,744,1224,1224
656 100 3552,744,1224,1224
657 100 3552,744,1224,1224
658 100 3552,744,1224,1224
659 100 3552,744,1224,1224
660 100 3552,744,1224,1224
661 100 3552,744,1224,1224
662 100 3720,744,1224,1224
663 100 3720,744,1224,1224
664 100 3720,744,1224,1224
665 100 3720,744,1224,1224
666 100 3408,624,1224,1224
667 100 3408,624,1224,1224
668 100 3408,624,1224,1224
669 100 3408,624,1224,1224
670 100 3408,624,1224,1224
671 100 3360,672,1224,1224
672 100 3360,672,1224,1224
673 100 3360,672,1224,1224
674 100 3360,672,1224,1224
675 100 3360,672,1224,1224
676 100 3360,672,1224,1224
677 100 3360,672,1224,1224
678 100 3360,672,1224,1224
679 100 3360,672,1224,1224
680 100 3624,720,1224,1224
681 100 3624,720,1224,1224
682 100 3624,720,1224,1224
683 100 3624,720,1224,1224
684 100 3624,720,1224,1224
685 100 3624,720,1224,1224
686 100 3576,744,1224,1224
687 100 3576,744,1224,1224
688 100 3576,744,1224,1224
689 100 3576,744,1224,1224
690 100 3576,744,1224,1224
691 100 3432,744,1224,1224
692 100 3432,744,1224,1224
693 100 3432,744,1224,1224
694 100 3432,744,1224,1224
695 100 3432,744,1224,1224
696 100 3408,744,1224,1224
697 100 3408,744,1224,1224
698 100 3408,744,1224,1224
699 100 3408,744,1224,1224
700 100 3408,744,1224,1224
701 100 96,744,1224,1224
702 100 96,744,1224,1224
703 100 96,744,1224,1224
704 100 96,744,1224,1224
705 100 96,744,1224,1224
706 100 0,720,1224,1224
707 100 0,720,1224,1224
708 100 0,720,1224,1224
709 100 0,720,1224,1224
710 100 0,696,1224,1224
711 100 0,696,1224,1224
712 100 0,696,1224,1224
713 100 0,696,1224,1224
714 100 0,696,1224,1224
715 100 0,696,1224,1224
716 100 0,672,1224,1224
717 100 0,672,1224,1224
718 100 0,672,1224,1224
719 100 0,672,1224,1224
720 100 48,648,1224,1200
721 100 48,648,1224,1200
722 100 48,648,1224,1200
723 100 48,648,1224,1200
724 100 48,648,1224,1200
725 100 48,648,1224,1200
726 100 192,624,1224,1200
727 100 192,624,1224,1200
728 100 192,624,1224,1200
729 100 192,624,1224,1200
730 100 192,624,1224,1200
731 100 360,600,1224,1224
732 100 360,600,1224,1224
733 100 360,600,1224,1224
734 100 360,600,1224,1224
735 100 360,600,1224,1224
736 100 528,600,1224,1200
737 100 528,600,1224,1200
738 100 528,600,1224,1200
739 100 528,600,1224,1200
740 100 648,600,1224,1200
741 100 648,600,1224,1200
742 100 648,600,1224,1200
743 100 648,600,1224,1200
744 100 648,600,1224,1200
745 100 792,624,1224,1200
746 100 792,624,1224,1200
747 100 792,624,1224,1200
748 100 792,624,1224,1200
749 100 792,624,1224,1200
750 100 792,624,1224,1200
751 100 912,672,1224,1200
752 100 912,672,1224,1200
753 100 912,672,1224,1200
754 100 912,672,1224,1200
755 100 912,672,1224,1200
756 100 912,672,1224,1200
757 100 960,744,1224,1200
758 100 960,744,1224,1200
759 100 960,744,1224,1200
760 100 1008,768,1224,1224
761 100 1008,768,1224,1224
762 100 1008,768,1224,1224
763 100 1008,768,1224,1224
764 100 1008,768,1224,1224
765 100 1008,768,1224,1224
766 100 1056,840,1224,1200
767 100 1056,840,1224,1200
768 100 1056,840,1224,1200
769 100 1056,840,1224,1200
770 100 984,912,1224,1200
771 100 984,912,1224,1200
772 100 984,912,1224,1200
773 100 984,912,1224,1200
774 100 984,912,1224,1200
775 100 936,960,1224,1200
776 100 936,960,1224,1200
777 100 936,960,1224,1200
778 100 936,960,1224,1200
779 100 936,960,1224,1200
780 100 936,960,1224,1200
781 100 912,984,1224,1176
782 100 912,984,1224,1176
783 100 912,984,1224,1176
784 100 912,984,1224,1176
785 100 912,984,1224,1176
786 100 912,984,1224,1176
787 100 912,984,1224,1176
788 100 912,984,1224,1176
789 100 912,984,1224,1176
790 100 912,984,1224,1176
791 100 912,984,1224,1176
792 100 912,984,1224,1176
793 100 912,984,1224,1176
794 100 912,984,1224,1176
795 100 912,984,1224,1176
796 100 936,936,1224,1224
797 100 936,936,1224,1224
798 100 936,936,1224,1224
799 100 936,936,1224,1224
800 100 960,888,1224,1224
801 100 960,888,1224,1224
802 100 960,888,1224,1224
803 100 960,888,1224,1224
804 100 960,888,1224,1224
805 100 984,840,1224,1224
806 100 984,840,1224,1224
807 100 984,840,1224,1224
808 100 984,840,1224,1224
809 100 984,840,1224,1224
810 100 1008,792,1224,1224
811 100 1008,792,1224,1224
812 100 1008,792,1224,1224
813 100 1008,792,1224,1224
814 100 1008,792,1224,1224
815 100 1008,792,1224,1224
816 100 1080,768,1224,1200
817 100 1080,768,1224,1200
818 100 1080,768,1224,1200
819 100 1080,768,1224,1200
820 100 1080,768,1224,1200
821 100 1152,744,1224,1200
822 100 1152,744,1224,1200
823 100 1152,744,1224,1200
824 100 1152,744,1224,1200
825 100 1200,696,1224,1200
826 100 1200,696,1224,1200
827 100 1200,696,1224,1200
828 100 1200,696,1224,1200
829 100 1200,696,1224,1200
830 100 1200,696,1224,1200
831 100 1272,648,1224,1224
832 100 1272,648,1224,1224
833 100 1272,648,1224,1224
834 100 1272,648,1224,1224
835 100 1320,624,1224,1224
836 100 1320,624,1224,1224
837 100 1320,624,1224,1224
838 100 1320,624,1224,1224
839 100 1320,624,1224,1224
840 100 1320,624,1224,1200
841 100 1320,624,1224,1200
842 100 1320,624,1224,1200
843 100 1320,624,1224,1200
844 100 1320,624,1224,1200
845 100 1320,600,1224,1200
846 100 1320,600,1224,1200
847 100 1320,600,1224,1200
848 100 1320,600,1224,1200
849 100 1320,600,1224,1200
850 100 1272,576,1224,1224
851 100 1272,576,1224,1224
852 100 1272,576,1224,1224
853 100 1272,576,1224,1224
854 100 1272,576,1224,1224
855 100 1272,576,1224,1224
856 100 1152,576,1224,1200
857 100 1152,576,1224,1200
858 100 1152,576,1224,1200
859 100 1152,576,1224,1200
860 100 1032,576,1224,1200
861 100 1032,576,1224,1200
862 100 1032,576,1224,1200
863 100 1032,576,1224,1200
864 100 1032,576,1224,1200
865 100 1032,576,1224,1200
866 100 936,576,1224,1200
867 100 936,576,1224,1200
868 100 936,576,1224,1200
869 100 936,576,1224,1200
870 100 936,576,1224,1200
871 100 936,576,1224,1224
872 100 936,576,1224,1224
873 100 936,576,1224,1224
874 100 936,576,1224,1224
875 100 984,576,1224,1224
876 100 984,576,1224,1224
877 100 984,576,1224,1224
878 100 984,576,1224,1224
879 100 984,576,1224,1224
880 100 984,576,1224,1224
881 100 1080,576,1224,1200
882 100 1080,576,1224,1200
883 100 1080,576,1224,1200
884 100 1080,576,1224,1200
885 100 1080,576,1224,1200
886 100 1200,576,1224,1224
887 100 1200,576,1224,1224
888 100 1200,576,1224,1224
889 100 1200,576,1224,1224
890 100 1296,576,1224,1200
891 100 1296,576,1224,1200
892 100 1296,576,1224,1200
893 100 1296,576,1224,1200
894 100 1296,576,1224,1200
895 100 1416,576,1224,1200
896 100 1416,576,1224,1200
897 100 1416,576,1224,1200
898 100 1416,576,1224,1200
899 100 1416,576,1224,1200
900 100 1416,576,1224,1200
901 100 1416,576,1224,1200
902 100 1416,576,1224,1200
903 100 1416,576,1224,1200
904 100 1416,576,1224,1200
905 100 1392,576,1224,1224
906 100 1392,576,1224,1224
907 100 1392,576,1224,1224
908 100 1392,576,1224,1224
909 100 1392,576,1224,1224
910 100 1392,576,1224,1224
911 100 1344,576,1224,1224
912 100 1344,576,1224,1224
913 100 1344,576,1224,1224
914 100 1344,576,1224,1224
915 100 1344,576,1224,1224
916 100 1320,600,1224,1200
917 100 1320,600,1224,1200
918 100 1320,600,1224,1200
919 100 1320,600,1224,1200
920 100 1296,600,1224,1200
921 100 1296,600,1224,1200
922 100 1296,600,1224,1200
923 100 1296,600,1224,1200
924 100 1296,600,1224,1200
925 100 1272,576,1224,1224
926 100 1272,576,1224,1224
927 100 1272,576,1224,1224
928 100 1272,576,1224,1224
929 100 1272,576,1224,1224
930 100 1272,576,1224,1224
931 100 1272,552,1224,1200
932 100 1272,552,1224,1200
933 100 1272,552,1224,1200
934 100 1272,552,1224,1200
935 100 1272,552,1224,1200
936 100 1248,528,1224,1200
937 100 1248,528,1224,1200
938 100 1248,528,1224,1200
939 100 1248,528,1224,1200
940 100 1248,528,1224,1200
941 100 1224,480,1224,1224
942 100 1224,480,1224,1224
943 100 1224,480,1224,1224
944 100 1224,480,1224,1224
945 100 1176,456,1224,1200
946 100 1176,456,1224,1200
947 100 1176,456,1224,1200
948 100 1176,456,1224,1200
949 100 1176,456,1224,1200
950 100 1104,432,1224,1224
951 100 1104,432,1224,1224
952 100 1104,432,1224,1224
953 100 1104,432,1224,1224
954 100 1104,432,1224,1224
955 100 1056,432,1224,1224
956 100 1056,432,1224,1224
957 100 1056,432,1224,1224
958 100 1056,432,1224,1224
959 100 1056,432,1224,1224
960 100 1056,432,1224,1224
961 100 1008,432,1224,1224
962 100 1008,432,1224,1224
963 100 1008,432,1224,1224
964 100 1008,432,1224,1224
965 100 1008,432,1224,1224
966 100 936,456,1224,1224
967 100 936,456,1224,1224
968 100 936,456,1224,1224
969 100 936,456,1224,1224
970 100 888,480,1224,1224
971 100 888,480,1224,1224
972 100 888,480,1224,1224
973 100 888,480,1224,1224
974 100 888,480,1224,1224
975 100 840,480,1224,1248
976 100 840,480,1224,1248
977 100 840,480,1224,1248
978 100 840,480,1224,1248
979 100 840,480,1224,1248
980 100 816,504,1224,1224
981 100 816,504,1224,1224
982 100 816,504,1224,1224
983 100 816,504,1224,1224
984 100 816,504,1224,1224
985 100 792,504,1224,1224
986 100 792,504,1224,1224
987 100 792,504,1224,1224
988 100 792,504,1224,1224
989 100 792,504,1224,1224
990 100 744,504,1224,1224
991 100 744,504,1224,1224
992 100 744,504,1224,1224
993 100 744,504,1224,1224
994 100 744,504,1224,1224
995 100 720,504,1224,1224
996 100 720,504,1224,1224
997 100 720,504,1224,1224
998 100 720,504,1224,1224
999 100 720,504,1224,1224
1000 100 672,504,1224,1224
1001 100 672,504,1224,1224
1002 100 672,504,1224,1224
1003 100 672,504,1224,1224
1004 100 672,504,1224,1224
1005 100 672,504,1224,1224
1006 100 672,504,1224,1224
1007 100 672,504,1224,1224
1008 100 672,504,1224,1224
1009 100 672,504,1224,1224
1010 100 720,504,1224,1224
1011 100 720,504,1224,1224
1012 100 720,504,1224,1224
1013 100 720,504,1224,1224
1014 100 720,504,1224,1224
1015 100 720,504,1224,1224
1016 100 696,528,1224,1224
1017 100 696,528,1224,1224
1018 100 696,528,1224,1224
1019 100 696,528,1224,1224
1020 100 672,528,1224,1224
1021 100 672,528,1224,1224
1022 100 672,528,1224,1224
1023 100 672,528,1224,1224
1024 100 672,528,1224,1224
1025 100 672,528,1224,1224
1026 100 648,552,1224,1200
1027 100 648,552,1224,1200
1028 100 648,552,1224,1200
1029 100 648,552,1224,1200
1030 100 648,552,1224,1200
1031 100 600,552,1224,1224
1032 100 600,552,1224,1224
1033 100 600,552,1224,1224
1034 100 600,552,1224,1224
1035 100 600,552,1224,1224
1036 100 528,576,1224,1200
1037 100 528,576,1224,1200
1038 100 528,576,1224,1200
1039 100 528,576,1224,1200
1040 100 504,576,1224,1200
1041 100 504,576,1224,1200
1042 100 504,576,1224,1200
1043 100 504,576,1224,1200
1044 100 504,576,1224,1200
1045 100 504,576,1224,1200
1046 100 480,576,1224,1200
1047 100 480,576,1224,1200
1048 100 480,576,1224,1200
1049 100 480,576,1224,1200
1050 100 456,552,1224,1224
1051 100 456,552,1224,1224
1052 100 456,552,1224,1224
1053 100 456,552,1224,1224
1054 100 456,552,1224,1224
1055 100 456,552,1224,1224
1056 100 456,528,1224,1224
1057 100 456,528,1224,1224
1058 100 456,528,1224,1224
1059 100 456,528,1224,1224
1060 100 480,528,1224,1224
1061 100 480,528,1224,1224
1062 100 480,528,1224,1224
1063 100 480,528,1224,1224
1064 100 480,528,1224,1224
1065 100 480,528,1224,1200
1066 100 480,528,1224,1200
1067 100 480,528,1224,1200
1068 100 480,528,1224,1200
1069 100 480,528,1224,1200
1070 100 480,528,1224,1200
1071 100 480,528,1224,1200
1072 100 480,528,1224,1200
1073 100 480,528,1224,1200
1074 100 480,528,1224,1200
1075 100 480,528,1224,1200
1076 100 480,528,1224,1200
1077 100 480,528,1224,1200
1078 100 480,528,1224,1200
1079 100 480,528,1224,1200
1080 100 480,528,1224,1200
1081 100 480,528,1224,1200
1082 100 480,528,1224,1200
1083 100 480,528,1224,1200
1084 100 480,528,1224,1200
1085 100 480,528,1224,1200
1086 100 480,528,1224,1200
1087 100 480,528,1224,1200
1088 100 480,528,1224,1200
1089 100 480,528,1224,1200
1090 100 480,528,1224,1200
1091 100 480,528,1224,1224
1092 100 480,528,1224,1224
1093 100 480,528,1224,1224
1094 100 480,528,1224,1224
1095 100 480,552,1224,1200
1096 100 480,552,1224,1200
1097 100 480,552,1224,1200
1098 100 480,552,1224,1200
1099 100 480,552,1224,1200
1100 100 480,552,1224,1200
1101 100 480,552,1224,1200
1102 100 480,552,1224,1200
1103 100 480,552,1224,1200
1104 100 480,552,1224,1200
1105 100 504,552,1224,1200
1106 100 504,552,1224,1200
1107 100 504,552,1224,1200
1108 100 504,552,1224,1200
1109 100 504,552,1224,1200
1110 100 504,552,1224,1224
1111 100 504,552,1224,1224
1112 100 504,552,1224,1224
1113 100 504,552,1224,1224
1114 100 504,552,1224,1224
1115 100 504,552,1224,1224
1116 100 504,552,1224,1224
1117 100 504,552,1224,1224
1118 100 504,552,1224,1224
1119 100 504,552,1224,1224
1120 100 504,576,1224,1200
1121 100 504,576,1224,1200
1122 100 504,576,1224,1200
1123 100 504,576,1224,1200
1124 100 504,576,1224,1200
1125 100 504,576,1224,1200
1126 100 504,576,1224,1224
1127 100 504,576,1224,1224
1128 100 504,576,1224,1224
1129 100 504,576,1224,1224
1130 100 504,576,1224,1224
1131 100 504,576,1224,1224
1132 100 504,576,1224,1224
1133 100 504,576,1224,1224
1134 100 504,576,1224,1224
1135 100 504,576,1224,1224
1136 100 504,600,1224,1200
1137 100 504,600,1224,1200
1138 100 504,600,1224,1200
1139 100 504,600,1224,1200
1140 100 504,600,1224,1200
1141 100 504,600,1224,1200
1142 100 504,600,1224,1200
1143 100 504,600,1224,1200
1144 100 504,600,1224,1200
1145 100 480,600,1224,1224
1146 100 480,600,1224,1224
1147 100 480,600,1224,1224
1148 100 480,600,1224,1224
1149 100 480,600,1224,1224
1150 100 480,600,1224,1224
1151 100 480,600,1224,1224
1152 100 480,600,1224,1224
1153 100 480,600,1224,1224
1154 100 480,600,1224,1224
1155 100 504,600,1224,1224
1156 100 504,600,1224,1224
1157 100 504,600,1224,1224
1158 100 504,600,1224,1224
1159 100 504,600,1224,1224
1160 100 504,624,1224,1200
1161 100 504,624,1224,1200
1162 100 504,624,1224,1200
1163 100 504,624,1224,1200
1164 100 504,624,1224,1200
1165 100 528,624,1224,1200
1166 100 528,624,1224,1200
1167 100 528,624,1224,1200
1168 100 528,624,1224,1200
1169 100 528,624,1224,1200
1170 100 552,624,1224,1200
1171 100 552,624,1224,1200
1172 100 552,624,1224,1200
1173 100 552,624,1224,1200
1174 100 552,624,1224,1200
1175 100 576,624,1224,1200
1176 100 576,624,1224,1200
1177 100 576,624,1224,1200
1178 100 576,624,1224,1200
1179 100 576,624,1224,1200
1180 100 600,624,1224,1200
1181 100 600,624,1224,1200
1182 100 600,624,1224,1200
1183 100 600,624,1224,1200
1184 100 600,624,1224,1200
1185 100 624,624,1224,1224
1186 100 624,624,1224,1224
1187 100 624,624,1224,1224
1188 100 624,624,1224,1224
1189 100 624,624,1224,1224
1190 100 672,624,1224,1224
1191 100 672,624,1224,1224
1192 100 672,624,1224,1224
1193 100 672,624,1224,1224
1194 100 672,624,1224,1224
1195 100 696,624,1224,1224
1196 100 696,624,1224,1224
1197 100 696,624,1224,1224
1198 100 696,624,1224,1224
1199 100 696,624,1224,1224
1200 100 744,648,1224,1200
1201 100 744,648,1224,1200
1202 100 744,648,1224,1200
1203 100 744,648,1224,1200
1204 100 744,648,1224,1200
1205 100 792,648,1224,1200
1206 100 792,648,1224,1200
1207 100 792,648,1224,1200
1208 100 792,648,1224,1200
1209 100 792,648,1224,1200
1210 100 816,648,1224,1200
1211 100 816,648,1224,1200
1212 100 816,648,1224,1200
1213 100 816,648,1224,1200
1214 100 816,648,1224,1200
1215 100 864,648,1224,1224
1216 100 864,648,1224,1224
1217 100 864,648,1224,1224
1218 100 864,648,1224,1224
1219 100 864,648,1224,1224
1220 100 936,648,1224,1224
1221 100 936,648,1224,1224
1222 100 936,648,1224,1224
1223 100 936,648,1224,1224
1224 100 936,648,1224,1224
1225 100 984,648,1224,1224
1226 100 984,648,1224,1224
1227 100 984,648,1224,1224
1228 100 984,648,1224,1224
1229 100 984,648,1224,1224
1230 100 1056,672,1224,1200
1231 100 1056,672,1224,1200
1232 100 1056,672,1224,1200
1233 100 1056,672,1224,1200
1234 100 1056,672,1224,1200
1235 100 1104,672,1224,1200
1236 100 1104,672,1224,1200
1237 100 1104,672,1224,1200
1238 100 1104,672,1224,1200
1239 100 1104,672,1224,1200
1240 100 1128,648,1224,1224
1241 100 1128,648,1224,1224
1242 100 1128,648,1224,1224
1243 100 1128,648,1224,1224
1244 100 1152,648,1224,1224
1245 100 1152,648,1224,1224
1246 100 1152,648,1224,1224
1247 100 1152,648,1224,1224
1248 100 1152,648,1224,1224
1249 100 1128,672,1224,1200
1250 100 1128,672,1224,1200
1251 100 1128,672,1224,1200
1252 100 1128,672,1224,1200
1253 100 1128,672,1224,1200
1254 100 1104,672,1224,1224
1255 100 1104,672,1224,1224
1256 100 1104,672,1224,1224
1257 100 1104,672,1224,1224
1258 100 1104,672,1224,1224
1259 100 1056,696,1224,1200
1260 100 1056,696,1224,1200
1261 100 1056,696,1224,1200
1262 100 1056,696,1224,1200
1263 100 1056,696,1224,1200
1264 100 1032,720,1224,1224
1265 100 1032,720,1224,1224
1266 100 1032,720,1224,1224
1267 100 1032,720,1224,1224
1268 100 1032,720,1224,1224
1269 100 1008,768,1224,1224
1270 100 1008,768,1224,1224
1271 100 1008,768,1224,1224
1272 100 1008,768,1224,1224
1273 100 1008,768,1224,1224
1274 100 1032,816,1224,1224
1275 100 1032,816,1224,1224
1276 100 1032,816,1224,1224
1277 100 1032,816,1224,1224
1278 100 1032,816,1224,1224
1279 100 1104,840,1224,1248
1280 100 1104,840,1224,1248
1281 100 1104,840,1224,1248
1282 100 1104,840,1224,1248
1283 100 1104,840,1224,1248
1284 100 1152,864,1224,1248
1285 100 1152,864,1224,1248
1286 100 1152,864,1224,1248
1287 100 1152,864,1224,1248
1288 100 1152,864,1224,1248
1289 100 1224,864,1224,1248
1290 100 1224,864,1224,1248
1291 100 1224,864,1224,1248
1292 100 1224,864,1224,1248
1293 100 1224,864,1224,1248
1294 100 1272,864,1224,1248
1295 100 1272,864,1224,1248
1296 100 1272,864,1224,1248
1297 100 1272,864,1224,1248
1298 100 1272,864,1224,1248
1299 100 1320,816,1224,1272
1300 100 1320,816,1224,1272
1301 100 1320,816,1224,1272
1302 100 1320,816,1224,1272
1303 100 1320,816,1224,1272
1304 100 1320,816,1224,1272
1305 100 1296,792,1224,1248
1306 100 1296,792,1224,1248
1307 100 1296,792,1224,1248
1308 100 1296,792,1224,1248
1309 100 1296,792,1224,1248
1310 100 1296,768,1224,1248
1311 100 1296,768,1224,1248
1312 100 1296,768,1224,1248
1313 100 1296,768,1224,1248
1314 100 1248,720,1224,1248
1315 100 1248,720,1224,1248
1316 100 1248,720,1224,1248
1317 100 1248,720,1224,1248
1318 100 1248,720,1224,1248
1319 100 1224,720,1224,1224
1320 100 1224,720,1224,1224
1321 100 1224,720,1224,1224
1322 100 1224,720,1224,1224
1323 100 1224,720,1224,1224
1324 100 1224,696,1224,1248
1325 100 1224,696,1224,1248
1326 100 1224,696,1224,1248
1327 100 1224,696,1224,1248
1328 100 1224,696,1224,1248
1329 100 1224,672,1224,1248
1330 100 1224,672,1224,1248
1331 100 1224,672,1224,1248
1332 100 1224,672,1224,1248
1333 100 1224,672,1224,1248
1334 100 1248,648,1224,1248
1335 100 1248,648,1224,1248
1336 100 1248,648,1224,1248
1337 100 1248,648,1224,1248
1338 100 1248,648,1224,1248
1339 100 1272,648,1224,1224
1340 100 1272,648,1224,1224
1341 100 1272,648,1224,1224
1342 100 1272,648,1224,1224
1343 100 1272,648,1224,1224
1344 100 1320,624,1224,1224
1345 100 1320,624,1224,1224
1346 100 1320,624,1224,1224
1347 100 1320,624,1224,1224
1348 100 1320,624,1224,1224
1349 100 1344,600,1224,1224
1350 100 1344,600,1224,1224
1351 100 1344,600,1224,1224
1352 100 1344,600,1224,1224
1353 100 1344,600,1224,1224
1354 100 1368,576,1224,1224
1355 100 1368,576,1224,1224
1356 100 1368,576,1224,1224
1357 100 1368,576,1224,1224
1358 100 1368,576,1224,1224
1359 100 1368,528,1224,1248
1360 100 1368,528,1224,1248
1361 100 1368,528,1224,1248
1362 100 1368,528,1224,1248
1363 100 1368,528,1224,1248
1364 100 1368,504,1224,1248
1365 100 1368,504,1224,1248
1366 100 1368,504,1224,1248
1367 100 1368,504,1224,1248
1368 100 1368,504,1224,1248
1369 100 1368,480,1224,1224
1370 100 1368,480,1224,1224
1371 100 1368,480,1224,1224
1372 100 1368,480,1224,1224
1373 100 1368,480,1224,1224
1374 100 1344,456,1224,1224
1375 100 1344,456,1224,1224
1376 100 1344,456,1224,1224
1377 100 1344,456,1224,1224
1378 100 1344,456,1224,1224
1379 100 1320,432,1224,1224
1380 100 1320,432,1224,1224
1381 100 1320,432,1224,1224
1382 100 1320,432,1224,1224
1383 100 1320,432,1224,1224
1384 100 1272,408,1224,1200
1385 100 1272,408,1224,1200
1386 100 1272,408,1224,1200
1387 100 1272,408,1224,1200
1388 100 1272,408,1224,1200
1389 100 1224,384,1224,1200
1390 100 1224,384,1224,1200
1391 100 1224,384,1224,1200
1392 100 1224,384,1224,1200
1393 100 1224,384,1224,1200
1394 100 1200,360,1224,1200
1395 100 1200,360,1224,1200
1396 100 1200,360,1224,1200
1397 100 1200,360,1224,1200
1398 100 1200,360,1224,1200
1399 100 1200,336,1224,1224
1400 100 1200,336,1224,1224
1401 100 1200,336,1224,1224
1402 100 1200,336,1224,1224
1403 100 1200,336,1224,1224
1404 100 1224,336,1224,1224
1405 100 1224,336,1224,1224
1406 100 1224,336,1224,1224
1407 100 1224,336,1224,1224
1408 100 1224,336,1224,1224
1409 100 1272,336,1224,1224
1410 100 1272,336,1224,1224
1411 100 1272,336,1224,1224
1412 100 1272,336,1224,1224
1413 100 1272,336,1224,1224
1414 100 1320,360,1224,1200
1415 100 1320,360,1224,1200
1416 100 1320,360,1224,1200
1417 100 1320,360,1224,1200
1418 100 1320,360,1224,1200
1419 100 1392,384,1224,1200
1420 100 1392,384,1224,1200
1421 100 1392,384,1224,1200
1422 100 1392,384,1224,1200
1423 100 1392,384,1224,1200
1424 100 1440,408,1224,1200
1425 100 1440,408,1224,1200
1426 100 1440,408,1224,1200
1427 100 1440,408,1224,1200
1428 100 1440,408,1224,1200
1429 100 1512,432,1224,1200
1430 100 1512,432,1224,1200
1431 100 1512,432,1224,1200
1432 100 1512,432,1224,1200
1433 100 1512,432,1224,1200
1434 100 1608,456,1224,1200
1435 100 1608,456,1224,1200
1436 100 1608,456,1224,1200
1437 100 1608,456,1224,1200
1438 100 1608,456,1224,1200
1439 100 1728,480,1224,1224
1440 100 1728,480,1224,1224
1441 100 1728,480,1224,1224
1442 100 1728,480,1224,1224
1443 100 1728,480,1224,1224
1444 100 1728,480,1224,1224
1445 100 1824,504,1224,1224
1446 100 1824,504,1224,1224
1447 100 1824,504,1224,1224
1448 100 1824,504,1224,1224
1449 100 1920,504,1224,1224
1450 100 1920,504,1224,1224
1451 100 1920,504,1224,1224
1452 100 1920,504,1224,1224
1453 100 1920,504,1224,1224
1454 100 1920,504,1224,1224
1455 100 1992,480,1224,1224
1456 100 1992,480,1224,1224
1457 100 1992,480,1224,1224
1458 100 1992,480,1224,1224
1459 100 2016,432,1224,1224
1460 100 2016,432,1224,1224
1461 100 2016,432,1224,1224
1462 100 2016,432,1224,1224
1463 100 2016,432,1224,1224
1464 100 1944,408,1224,1224
1465 100 1944,408,1224,1224
1466 100 1944,408,1224,1224
1467 100 1944,408,1224,1224
1468 100 1944,408,1224,1224
1469 100 1944,408,1224,1224
1470 100 1920,408,1224,1224
1471 100 1920,408,1224,1224
1472 100 1920,408,1224,1224
1473 100 1920,408,1224,1224
1474 100 1920,408,1224,1224
1475 100 1920,408,1224,1224
1476 100 1896,432,1224,1200
1477 100 1896,432,1224,1200
1478 100 1896,432,1224,1200
1479 100 1896,432,1224,1200
1480 100 1872,480,1224,1200
1481 100 1872,480,1224,1200
1482 100 1872,480,1224,1200
1483 100 1872,480,1224,1200
1484 100 1872,480,1224,1200
1485 100 1872,480,1224,1200
1486 100 1824,552,1224,1200
1487 100 1824,552,1224,1200
1488 100 1824,552,1224,1200
1489 100 1824,552,1224,1200
1490 100 1680,624,1224,1224
1491 100 1680,624,1224,1224
1492 100 1680,624,1224,1224
1493 100 1680,624,1224,1224
1494 100 1680,624,1224,1224
1495 100 1512,720,1224,1200
1496 100 1512,720,1224,1200
1497 100 1512,720,1224,1200
1498 100 1512,720,1224,1200
1499 100 1512,720,1224,1200
1500 100 1344,768,1224,1200
1501 100 1344,768,1224,1200
1502 100 1344,768,1224,1200
1503 100 1344,768,1224,1200
1504 100 1344,768,1224,1200
1505 100 1344,768,1224,1200
1506 100 1296,768,1224,1200
1507 100 1296,768,1224,1200
1508 100 1296,768,1224,1200
1509 100 1296,768,1224,1200
1510 100 1272,768,1224,1200
1511 100 1272,768,1224,1200
1512 100 1272,768,1224,1200
1513 100 1272,768,1224,1200
1514 100 1272,744,1224,1224
1515 100 1272,744,1224,1224
1516 100 1272,744,1224,1224
1517 100 1272,744,1224,1224
1518 100 1272,744,1224,1224
1519 100 1272,744,1224,1224
1520 100 1272,744,1224,1224
1521 100 1296,720,1224,1224
1522 100 1296,720,1224,1224
1523 100 1296,720,1224,1224
1524 100 1296,720,1224,1224
1525 100 1296,720,1224,1224
1526 100 1296,720,1224,1224
1527 100 1296,720,1224,1224
1528 100 1296,720,1224,1224
1529 100 1296,720,1224,1224
1530 100 1296,720,1224,1224
1531 100 1296,720,1224,1200
1532 100 1296,720,1224,1200
1533 100 1296,720,1224,1200
1534 100 1296,720,1224,1200
1535 100 1296,720,1224,1200
1536 100 1320,696,1224,1224
1537 100 1320,696,1224,1224
1538 100 1320,696,1224,1224
1539 100 1320,696,1224,1224
1540 100 1320,696,1224,1224
1541 100 1320,696,1224,1224
1542 100 1320,696,1224,1224
1543 100 1320,696,1224,1224
1544 100 1320,696,1224,1224
1545 100 1320,696,1224,1200
1546 100 1320,696,1224,1200
1547 100 1320,696,1224,1200
1548 100 1320,696,1224,1200
1549 100 1320,696,1224,1200
1550 100 1320,672,1224,1200
1551 100 1320,672,1224,1200
1552 100 1320,672,1224,1200
1553 100 1320,672,1224,1200
1554 100 1320,672,1224,1200
1555 100 1320,672,1224,1200
1556 100 1320,648,1224,1200
1557 100 1320,648,1224,1200
1558 100 1320,648,1224,1200
1559 100 1320,648,1224,1200
1560 100 1320,648,1224,1200
1561 100 1320,600,1224,1224
1562 100 1320,600,1224,1224
1563 100 1320,600,1224,1224
1564 100 1320,600,1224,1224
1565 100 1320,600,1224,1224
1566 100 1320,600,1224,1224
1567 100 1320,552,1224,1224
1568 100 1320,552,1224,1224
1569 100 1320,552,1224,1224
1570 100 1344,504,1224,1224
1571 100 1344,504,1224,1224
1572 100 1344,504,1224,1224
1573 100 1344,504,1224,1224
1574 100 1344,504,1224,1224
1575 100 1344,480,1224,1200
1576 100 1344,480,1224,1200
1577 100 1344,480,1224,1200
1578 100 1344,480,1224,1200
1579 100 1344,480,1224,1200
1580 100 1344,480,1224,1200
1581 100 1344,480,1224,1200
1582 100 1344,456,1224,1200
1583 100 1344,456,1224,1200
1584 100 1344,456,1224,1200
1585 100 1344,456,1224,1200
1586 100 1368,456,1224,1200
1587 100 1368,456,1224,1200
1588 100 1368,456,1224,1200
1589 100 1368,456,1224,1200
1590 100 1368,456,1224,1200
1591 100 1392,480,1224,1224
1592 100 1392,480,1224,1224
1593 100 1392,480,1224,1224
1594 100 1392,480,1224,1224
1595 100 1392,480,1224,1224
1596 100 1392,480,1224,1224
1597 100 1368,576,1224,1200
1598 100 1368,576,1224,1200
1599 100 1368,576,1224,1200
1600 100 1368,576,1224,1200
1601 100 1368,528,1224,1224
1602 100 1368,528,1224,1224
1603 100 1368,528,1224,1224
1604 100 1368,528,1224,1224
1605 100 1368,528,1224,1224
1606 100 1368,528,1224,1224
1607 100 1368,504,1224,1200
1608 100 1368,504,1224,1200
1609 100 1368,504,1224,1200
1610 100 1368,504,1224,1200
1611 100 1368,456,1224,1224
1612 100 1368,456,1224,1224
1613 100 1368,456,1224,1224
1614 100 1368,456,1224,1224
1615 100 1368,456,1224,1224
1616 100 1320,432,1224,1200
1617 100 1320,432,1224,1200
1618 100 1320,432,1224,1200
1619 100 1320,432,1224,1200
1620 100 1320,432,1224,1200
1621 100 1320,432,1224,1200
1622 100 1296,408,1224,1224
1623 100 1296,408,1224,1224
1624 100 1296,408,1224,1224
1625 100 1296,408,1224,1224
1626 100 1344,504,1224,1224
1627 100 1344,504,1224,1224
1628 100 1344,504,1224,1224
1629 100 1344,504,1224,1224
1630 100 1344,504,1224,1224
1631 100 1320,600,1224,1224
1632 100 1320,600,1224,1224
1633 100 1320,600,1224,1224
1634 100 1320,600,1224,1224
1635 100 1320,600,1224,1224
1636 100 1320,600,1224,1224
1637 100 1344,672,1224,1224
1638 100 1344,672,1224,1224
1639 100 1344,672,1224,1224
1640 100 1344,672,1224,1224
1641 100 1416,696,1224,1272
1642 100 1416,696,1224,1272
1643 100 1416,696,1224,1272
1644 100 1416,696,1224,1272
1645 100 1416,696,1224,1272
1646 100 1416,696,1224,1272
1647 100 1488,720,1224,1272
1648 100 1488,720,1224,1272
1649 100 1488,720,1224,1272
1650 100 1536,720,1224,1296
1651 100 1536,720,1224,1296
1652 100 1536,720,1224,1296
1653 100 1536,720,1224,1296
1654 100 1536,720,1224,1296
1655 100 1584,720,1224,1296
1656 100 1584,720,1224,1296
1657 100 1584,720,1224,1296
1658 100 1584,720,1224,1296
1659 100 1584,720,1224,1296
1660 100 1584,720,1224,1296
1661 100 1632,696,1224,1296
1662 100 1632,696,1224,1296
1663 100 1632,696,1224,1296
1664 100 1632,696,1224,1296
1665 100 1656,672,1224,1296
1666 100 1656,672,1224,1296
1667 100 1656,672,1224,1296
1668 100 1656,672,1224,1296
1669 100 1656,672,1224,1296
1670 100 1656,672,1224,1296
1671 100 1656,624,1224,1296
1672 100 1656,624,1224,1296
1673 100 1656,624,1224,1296
1674 100 1656,624,1224,1296
1675 100 1656,624,1224,1296
1676 100 1680,576,1224,1296
1677 100 1680,576,1224,1296
1678 100 1680,576,1224,1296
1679 100 1680,576,1224,1296
1680 100 1680,528,1224,1272
1681 100 1680,528,1224,1272
1682 100 1680,528,1224,1272
1683 100 1680,528,1224,1272
1684 100 1656,480,1224,1272
1685 100 1656,480,1224,1272
1686 100 1656,480,1224,1272
1687 100 1656,480,1224,1272
1688 100 1656,456,1224,1248
1689 100 1656,456,1224,1248
1690 100 1656,456,1224,1248
1691 100 1656,456,1224,1248
1692 100 1656,456,1224,1248
1693 100 1632,432,1224,1248
1694 100 1632,432,1224,1248
1695 100 1632,432,1224,1248
1696 100 1632,432,1224,1248
1697 100 1632,432,1224,1248
1698 100 1632,408,1224,1248
1699 100 1632,408,1224,1248
1700 100 1632,408,1224,1248
1701 100 1632,408,1224,1248
1702 100 1632,408,1224,1248
1703 100 1632,384,1224,1248
1704 100 1632,384,1224,1248
1705 100 1632,384,1224,1248
1706 100 1632,384,1224,1248
1707 100 1608,360,1224,1248
1708 100 1608,360,1224,1248
1709 100 1608,360,1224,1248
1710 100 1608,360,1224,1248
1711 100 1536,336,1224,1224
1712 100 1536,336,1224,1224
1713 100 1536,336,1224,1224
1714 100 1536,336,1224,1224
1715 100 1464,288,1224,1224
1716 100 1464,288,1224,1224
1717 100 1464,288,1224,1224
1718 100 1464,288,1224,1224
1719 100 1464,288,1224,1224
1720 100 1416,264,1224,1224
1721 100 1416,264,1224,1224
1722 100 1416,264,1224,1224
1723 100 1416,264,1224,1224
1724 100 1296,264,1224,1200
1725 100 1296,264,1224,1200
1726 100 1296,264,1224,1200
1727 100 1296,264,1224,1200
1728 100 1128,264,1224,1200
1729 100 1128,264,1224,1200
1730 100 1128,264,1224,1200
1731 100 1128,264,1224,1200
1732 100 984,288,1224,1224
1733 100 984,288,1224,1224
1734 100 984,288,1224,1224
1735 100 984,288,1224,1224
1736 100 864,336,1224,1224
1737 100 864,336,1224,1224
1738 100 864,336,1224,1224
1739 100 864,336,1224,1224
1740 100 840,360,1224,1224
1741 100 840,360,1224,1224
1742 100 840,360,1224,1224
1743 100 840,360,1224,1224
1744 100 840,360,1224,1224
1745 100 840,360,1224,1224
1746 100 840,360,1224,1224
1747 100 840,360,1224,1224
1748 100 840,360,1224,1224
1749 100 888,312,1224,1224
1750 100 888,312,1224,1224
1751 100 888,312,1224,1224
1752 100 888,312,1224,1224
1753 100 960,264,1224,1224
1754 100 960,264,1224,1224
1755 100 960,264,1224,1224
1756 100 1080,264,1224,1200
1757 100 1080,264,1224,1200
1758 100 1080,264,1224,1200
1759 100 1152,240,1224,1224
1760 100 1152,240,1224,1224
1761 100 1152,240,1224,1224
1762 100 1152,240,1224,1224
1763 100 1200,240,1224,1224
1764 100 1200,240,1224,1224
1765 100 1200,240,1224,1224
1766 100 1200,240,1224,1224
1767 100 1248,240,1224,1224
1768 100 1248,240,1224,1224
1769 100 1248,240,1224,1224
1770 100 1248,240,1224,1224
1771 100 1248,240,1224,1224
1772 100 1248,240,1224,1200
1773 100 1248,240,1224,1200
1774 100 1248,240,1224,1200
1775 100 1248,240,1224,1200
1776 100 1248,240,1224,1200
1777 100 1248,240,1224,1200
1778 100 1248,240,1224,1200
1779 100 1248,240,1224,1200
1780 100 1248,240,1224,1224
1781 100 1248,240,1224,1224
1782 100 1248,240,1224,1224
1783 100 1248,240,1224,1224
1784 100 1248,240,1224,1224
1785 100 1272,240,1224,1224
1786 100 1272,240,1224,1224
1787 100 1272,240,1224,1224
1788 100 1272,240,1224,1224
1789 100 1296,240,1224,1224
1790 100 1296,240,1224,1224
1791 100 1296,240,1224,1224
1792 100 1296,240,1224,1224
1793 100 1296,240,1224,1224
1794 100 1296,240,1224,1224
1795 100 1296,216,1224,1248
1796 100 1296,216,1224,1248
1797 100 1296,216,1224,1248
1798 100 1344,216,1224,1248
1799 100 1344,216,1224,1248
1800 100 1344,216,1224,1248
1801 100 1344,216,1224,1248
1802 100 1344,216,1224,1248
1803 100 1368,216,1224,1272
1804 100 1368,216,1224,1272
1805 100 1368,216,1224,1272
1806 100 1368,216,1224,1272
1807 100 1368,216,1224,1272
1808 100 1368,216,1224,1272
1809 100 1392,216,1224,1272
1810 100 1392,216,1224,1272
1811 100 1392,216,1224,1272
1812 100 1392,216,1224,1272
1813 100 1392,216,1224,1272
1814 100 1392,216,1224,1272
1815 100 1392,216,1224,1272
1816 100 1392,216,1224,1272
1817 100 1392,216,1224,1272
1818 100 1368,216,1224,1272
1819 100 1368,216,1224,1272
1820 100 1368,216,1224,1272
1821 100 1368,216,1224,1272
1822 100 1320,192,1224,1272
1823 100 1320,192,1224,1272
1824 100 1320,192,1224,1272
1825 100 1320,192,1224,1272
1826 100 1320,192,1224,1272
1827 100 1320,192,1224,1272
1828 100 1296,192,1224,1272
1829 100 1296,192,1224,1272
1830 100 1296,192,1224,1272
1831 100 1296,192,1224,1272
1832 100 1296,192,1224,1272
1833 100 1296,192,1224,1272
1834 100 1296,192,1224,1272
1835 100 1296,192,1224,1272
1836 100 1320,192,1224,1272
1837 100 1320,192,1224,1272
1838 100 1320,192,1224,1272
1839 100 1344,192,1224,1272
1840 100 1344,192,1224,1272
1841 100 1344,192,1224,1272
1842 100 1344,192,1224,1272
1843 100 1344,192,1224,1272
1844 100 1344,192,1224,1272
1845 100 1344,192,1224,1272
1846 100 1344,192,1224,1272
1847 100 1344,192,1224,1272
1848 100 1344,168,1224,1296
1849 100 1344,168,1224,1296
1850 100 1344,168,1224,1296
1851 100 1320,168,1224,1296
1852 100 1320,168,1224,1296
1853 100 1320,168,1224,1296
1854 100 1320,168,1224,1296
1855 100 1320,168,1224,1296
1856 100 1320,168,1224,1296
1857 100 1320,168,1224,1296
1858 100 1320,168,1224,1296
1859 100 1320,168,1224,1296
1860 100 1296,144,1224,1320
1861 100 1296,144,1224,1320
1862 100 1296,144,1224,1320
1863 100 1296,144,1224,1320
1864 100 1296,144,1224,1320
1865 100 1296,144,1224,1320
1866 100 1296,144,1224,1320
1867 100 1296,144,1224,1320
1868 100 1320,168,1224,1296
1869 100 1320,168,1224,1296
1870 100 1320,168,1224,1296
1871 100 1320,168,1224,1296
1872 100 1344,168,1224,1296
1873 100 1344,168,1224,1296
1874 100 1344,168,1224,1296
1875 100 1344,168,1224,1296
1876 100 1392,168,1224,1320
1877 100 1392,168,1224,1320
1878 100 1392,168,1224,1320
1879 100 1392,168,1224,1320
1880 100 1416,192,1224,1296
1881 100 1416,192,1224,1296
1882 100 1416,192,1224,1296
1883 100 1416,192,1224,1296
1884 100 1416,192,1224,1296
1885 100 1440,192,1224,1320
1886 100 1440,192,1224,1320
1887 100 1440,192,1224,1320
1888 100 1440,192,1224,1320
1889 100 1440,192,1224,1320
1890 100 1416,192,1224,1320
1891 100 1416,192,1224,1320
1892 100 1416,192,1224,1320
1893 100 1416,192,1224,1320
1894 100 1416,192,1224,1320
1895 100 1416,192,1224,1320
1896 100 1416,192,1224,1320
1897 100 1416,192,1224,1320
1898 100 1416,192,1224,1320
1899 100 1416,192,1224,1320
1900 100 1440,192,1224,1320
1901 100 1440,192,1224,1320
1902 100 1440,192,1224,1320
1903 100 1440,192,1224,1320
1904 100 1440,192,1224,1320
1905 100 1440,192,1224,1320
1906 100 1440,192,1224,1320
1907 100 1440,192,1224,1320
1908 100 1440,192,1224,1320
1909 100 1440,192,1224,1320
1910 100 1488,216,1224,1320
1911 100 1488,216,1224,1320
1912 100 1488,216,1224,1320
1913 100 1488,216,1224,1320
1914 100 1536,240,1224,1320
1915 100 1536,240,1224,1320
1916 100 1536,240,1224,1320
1917 100 1536,240,1224,1320
1918 100 1584,264,1224,1344
1919 100 1584,264,1224,1344
1920 100 1584,264,1224,1344
1921 100 1584,264,1224,1344
1922 100 1584,360,1224,1320
1923 100 1584,360,1224,1320
1924 100 1584,360,1224,1320
1925 100 1584,360,1224,1320
1926 100 1632,480,1224,1320
1927 100 1632,480,1224,1320
1928 100 1632,480,1224,1320
1929 100 1632,480,1224,1320
1930 100 1632,480,1224,1320
1931 100 1632,480,1224,1320
1932 100 1632,576,1224,1296
1933 100 1632,576,1224,1296
1934 100 1632,576,1224,1296
1935 100 1632,648,1224,1272
1936 100 1632,648,1224,1272
1937 100 1632,648,1224,1272
1938 100 1632,648,1224,1272
1939 100 1608,672,1224,1248
1940 100 1608,672,1224,1248
1941 100 1608,672,1224,1248
1942 100 1608,672,1224,1248
1943 100 1608,672,1224,1248
1944 100 1608,648,1224,1224
1945 100 1608,648,1224,1224
1946 100 1608,648,1224,1224
1947 100 1608,648,1224,1224
1948 100 1608,648,1224,1224
1949 100 1584,600,1224,1224
1950 100 1584,600,1224,1224
1951 100 1584,600,1224,1224
1952 100 1584,600,1224,1224
1953 100 1560,576,1224,1224
1954 100 1560,576,1224,1224
1955 100 1560,576,1224,1224
1956 100 1560,576,1224,1224
1957 100 1560,576,1224,1224
1958 100 1560,576,1224,1224
1959 100 1560,576,1224,1224
1960 100 1560,576,1224,1224
1961 100 1560,576,1224,1224
1962 100 1536,576,1224,1224
1963 100 1536,576,1224,1224
1964 100 1536,576,1224,1224
1965 100 1536,576,1224,1224
1966 100 1560,576,1224,1224
1967 100 1560,576,1224,1224
1968 100 1560,576,1224,1224
1969 100 1560,576,1224,1224
1970 100 1560,576,1224,1224
1971 100 1584,576,1224,1224
1972 100 1584,576,1224,1224
1973 100 1584,576,1224,1224
1974 100 1584,576,1224,1224
1975 100 1608,552,1224,1224
1976 100 1608,552,1224,1224
1977 100 1608,552,1224,1224
1978 100 1608,552,1224,1224
1979 100 1608,552,1224,1224
1980 100 1632,552,1224,1224
1981 100 1632,552,1224,1224
1982 100 1632,552,1224,1224
1983 100 1632,552,1224,1224
1984 100 1680,528,1224,1224
1985 100 1680,528,1224,1224
1986 100 1680,528,1224,1224
1987 100 1680,528,1224,1224
1988 100 1704,480,1224,1224
1989 100 1704,480,1224,1224
1990 100 1704,480,1224,1224
1991 100 1704,480,1224,1224
1992 100 1704,480,1224,1224
1993 100 1728,432,1224,1248
1994 100 1728,432,1224,1248
1995 100 1728,432,1224,1248
1996 100 1728,432,1224,1248
1997 100 1752,384,1224,1248
1998 100 1752,384,1224,1248
1999 100 1752,384,1224,1248
2000 100 1752,384,1224,1248
2001 100 1752,336,1224,1248
2002 100 1752,336,1224,1248
2003 100 1752,336,1224,1248
2004 100 1752,336,1224,1248
2005 100 1728,312,1224,1248
2006 100 1728,312,1224,1248
2007 100 1728,312,1224,1248
2008 100 1728,312,1224,1248
2009 100 1728,312,1224,1248
2010 100 1728,288,1224,1272
2011 100 1728,288,1224,1272
2012 100 1728,288,1224,1272
2013 100 1728,288,1224,1272
2014 100 1752,288,1224,1272
2015 100 1752,288,1224,1272
2016 100 1752,288,1224,1272
2017 100 1752,288,1224,1272
2018 100 1752,288,1224,1272
2019 100 1776,264,1224,1272
2020 100 1776,264,1224,1272
2021 100 1776,264,1224,1272
2022 100 1776,264,1224,1272
2023 100 1776,264,1224,1272
2024 100 1776,264,1224,1272
2025 100 1776,264,1224,1272
2026 100 1776,264,1224,1272
2027 100 1776,264,1224,1272
2028 100 1776,264,1224,1272
2029 100 1776,264,1224,1272
2030 100 1776,264,1224,1272
2031 100 1776,264,1224,1272
2032 100 1776,264,1224,1272
2033 100 1776,264,1224,1272
2034 100 1776,264,1224,1272
2035 100 1776,264,1224,1272
2036 100 1752,264,1224,1272
2037 100 1752,264,1224,1272
2038 100 1752,264,1224,1272
2039 100 1752,264,1224,1272
2040 100 1728,264,1224,1272
2041 100 1728,264,1224,1272
2042 100 1728,264,1224,1272
2043 100 1728,264,1224,1272
2044 100 1680,288,1224,1248
2045 100 1680,288,1224,1248
2046 100 1680,288,1224,1248
2047 100 1680,288,1224,1248
2048 100 1680,288,1224,1248
2049 100 1632,312,1224,1224
2050 100 1632,312,1224,1224
2051 100 1632,312,1224,1224
2052 100 1632,312,1224,1224
2053 100 1632,336,1224,1224
2054 100 1632,336,1224,1224
2055 100 1632,336,1224,1224
2056 100 1632,336,1224,1224
2057 100 1632,336,1224,1224
2058 100 1632,360,1224,1224
2059 100 1632,360,1224,1224
2060 100 1632,360,1224,1224
2061 100 1632,360,1224,1224
2062 100 1632,360,1224,1224
2063 100 1608,408,1224,1200
2064 100 1608,408,1224,1200
2065 100 1608,408,1224,1200
2066 100 1608,408,1224,1200
2067 100 1608,408,1224,1200
2068 100 1632,432,1224,1224
2069 100 1632,432,1224,1224
2070 100 1632,432,1224,1224
2071 100 1632,432,1224,1224
2072 100 1608,456,1224,1224
2073 100 1608,456,1224,1224
2074 100 1608,456,1224,1224
2075 100 1608,456,1224,1224
2076 100 1584,504,1224,1200
2077 100 1584,504,1224,1200
2078 100 1584,504,1224,1200
2079 100 1584,504,1224,1200
2080 100 1512,552,1224,1200
2081 100 1512,552,1224,1200
2082 100 1512,552,1224,1200
2083 100 1512,552,1224,1200
2084 100 1440,576,1224,1200
2085 100 1440,576,1224,1200
2086 100 1440,576,1224,1200
2087 100 1440,576,1224,1200
2088 100 1440,576,1224,1200
2089 100 1344,600,1224,1200
2090 100 1344,600,1224,1200
2091 100 1344,600,1224,1200
2092 100 1344,600,1224,1200
2093 100 1272,624,1224,1200
2094 100 1272,624,1224,1200
2095 100 1272,624,1224,1200
2096 100 1272,624,1224,1200
2097 100 1272,624,1224,1200
2098 100 1224,624,1224,1200
