0 100 744,504,1224,1200
1 100 744,504,1224,1200
2 100 744,504,1224,1200
3 100 744,504,1224,1200
4 100 744,504,1224,1200
5 100 744,504,1224,1200
6 100 744,504,1224,1200
7 100 744,504,1224,1224
8 100 744,504,1224,1224
9 100 744,504,1224,1224
10 100 744,528,1224,1200
11 100 744,528,1224,1224
12 100 720,552,1224,1200
13 100 720,552,1224,1224
14 100 720,552,1224,1224
15 100 720,576,1224,1200
16 100 720,576,1224,1224
17 100 720,576,1224,1224
18 100 696,576,1224,1224
19 100 696,600,1224,1200
20 100 696,600,1224,1224
21 100 672,624,1224,1224
22 100 672,648,1224,1224
23 100 648,672,1224,1200
24 100 648,696,1224,1200
25 100 648,696,1224,1224
26 100 624,720,1224,1200
27 100 624,744,1224,1200
28 100 624,744,1224,1224
29 100 624,768,1224,1224
30 100 624,792,1224,1200
31 100 624,792,1224,1224
32 100 624,792,1224,1224
33 100 648,816,1224,1200
34 100 648,816,1224,1224
35 100 672,816,1224,1224
36 100 672,816,1224,1224
37 100 696,816,1224,1224
38 100 696,840,1224,1200
39 100 720,840,1224,1200
40 100 720,840,1224,1224
41 100 720,840,1224,1224
42 100 744,840,1224,1224
43 100 744,840,1224,1224
44 100 768,840,1224,1224
45 100 768,840,1224,1224
46 100 792,840,1224,1224
47 100 792,840,1224,1224
48 100 816,840,1224,1224
49 100 816,840,1224,1224
50 100 840,840,1224,1224
51 100 840,840,1224,1224
52 100 864,840,1224,1200
53 100 888,816,1224,1224
54 100 912,816,1224,1200
55 100 936,792,1224,1224
56 100 936,792,1224,1224
57 100 960,792,1224,1224
58 100 960,816,1224,1200
59 100 960,816,1224,1200
60 100 960,816,1224,1224
61 100 960,816,1224,1224
62 100 984,816,1224,1200
63 100 984,816,1224,1224
64 100 1008,816,1224,1224
65 100 1008,816,1224,1224
66 100 1032,816,1224,1224
67 100 1032,816,1224,1224
68 100 1032,816,1224,1224
69 100 1056,816,1224,1224
70 100 1056,816,1224,1224
71 100 1056,816,1224,1224
72 100 1080,816,1224,1224
73 100 1080,816,1224,1200
74 100 1080,816,1224,1200
75 100 1080,816,1224,1200
76 100 1104,816,1224,1200
77 100 1104,816,1224,1200
78 100 1104,816,1224,1200
79 100 1104,816,1224,1200
80 100 1104,816,1224,1200
81 100 1128,816,1224,1200
82 100 1128,816,1224,1200
83 100 1128,816,1224,1200
84 100 1128,816,1224,1200
85 100 1128,792,1224,1224
86 100 1152,792,1224,1224
87 100 1152,816,1224,1200
88 100 1128,816,1224,1200
89 100 1128,816,1224,1224
90 100 1128,816,1224,1224
91 100 1104,816,1224,1224
92 100 1104,816,1224,1224
93 100 1080,816,1224,1224
94 100 1056,816,1224,1224
95 100 1056,816,1224,1224
96 100 1032,816,1224,1224
97 100 1032,816,1224,1224
98 100 1032,816,1224,1224
99 100 1008,816,1224,1224
100 100 984,816,1224,1224
101 100 984,816,1224,1224
102 100 960,816,1224,1224
103 100 960,816,1224,1200
104 100 936,792,1224,1224
105 100 888,792,1224,1224
106 100 840,792,1224,1224
107 100 792,792,1224,1224
108 100 744,792,1224,1224
109 100 672,816,1224,1224
110 100 624,816,1224,1224
111 100 576,816,1224,1224
112 100 528,840,1224,1200
113 100 480,840,1224,1200
114 100 456,816,1224,1224
115 100 408,816,1224,1224
116 100 360,816,1224,1224
117 100 288,816,1224,1224
118 100 240,816,1224,1224
119 100 192,816,1224,1224
120 100 120,840,1224,1200
121 100 72,840,1224,1200
122 100 0,840,1224,1224
123 100 0,840,1224,1224
124 100 0,840,1224,1224
125 100 0,864,1224,1200
126 100 24,864,1224,1200
127 100 0,864,1224,1200
128 100 48,864,1224,1200
129 100 0,864,1224,1200
130 100 48,864,1224,1200
131 100 24,864,1224,1200
132 100 120,864,1224,1200
133 100 120,840,1224,1224
134 100 120,840,1224,1224
135 100 144,840,1224,1224
136 100 216,840,1224,1224
137 100 0,840,1224,1200
138 100 48,816,1224,1224
139 100 120,816,1224,1224
140 100 3336,816,1224,1200
141 100 120,792,1224,1224
142 100 3408,768,1224,1224
143 100 3384,768,1224,1200
144 100 0,744,1224,1224
145 100 3408,744,1224,1200
146 100 3672,720,1224,1224
147 100 3432,720,1224,1200
148 100 3552,696,1224,1224
149 100 3408,696,1224,1200
150 100 3624,672,1224,1224
151 100 3432,672,1224,1200
152 100 3600,648,1224,1224
153 100 3624,648,1224,1224
154 100 3648,648,1224,1224
155 100 3696,648,1224,1224
156 100 3432,648,1224,1200
157 100 3504,648,1224,1200
158 100 3504,648,1224,1200
159 100 3600,624,1224,1224
160 100 3360,624,1224,1200
161 100 3552,624,1224,1200
162 100 3600,600,1224,1224
163 100 3456,600,1224,1200
164 100 3408,576,1224,1200
165 100 3624,552,1224,1224
166 100 3504,552,1224,1200
167 100 3648,528,1224,1224
168 100 3480,528,1224,1200
169 100 3480,504,1224,1200
170 100 3624,480,1224,1224
171 100 3456,480,1224,1200
172 100 3648,456,1224,1224
173 100 3456,456,1224,1200
174 100 3648,432,1224,1224
175 100 3432,432,1224,1200
176 100 3576,432,1224,1200
177 100 3672,408,1224,1224
178 100 3408,408,1224,1200
179 100 3480,408,1224,1200
180 100 3504,408,1224,1200
181 100 3480,408,1224,1200
182 100 3432,408,1224,1200
183 100 3600,432,1224,1200
184 100 3504,432,1224,1200
185 100 3432,432,1224,1200
186 100 3360,432,1224,1224
187 100 3336,432,1224,1224
188 100 3456,456,1224,1200
189 100 3528,480,1224,1200
190 100 3432,504,1224,1200
191 100 3432,552,1224,1200
192 100 3600,576,1224,1224
193 100 3384,600,1224,1200
194 100 3456,624,1224,1200
195 100 3384,624,1224,1200
196 100 3336,624,1224,1224
197 100 3384,624,1224,1200
198 100 3480,624,1224,1200
199 100 3504,624,1224,1200
200 100 3504,624,1224,1200
201 100 3528,624,1224,1200
202 100 3504,624,1224,1200
203 100 3432,624,1224,1200
204 100 3408,624,1224,1200
205 100 3432,624,1224,1200
206 100 3456,624,1224,1200
207 100 3480,624,1224,1200
208 100 3480,624,1224,1200
209 100 3456,624,1224,1200
210 100 3384,624,1224,1200
211 100 3384,624,1224,1200
212 100 3408,624,1224,1200
213 100 3432,624,1224,1200
214 100 3384,624,1224,1200
215 100 3384,624,1224,1200
216 100 3744,624,1224,1224
217 100 3600,624,1224,1224
218 100 3624,624,1224,1224
219 100 3384,624,1224,1200
220 100 3384,624,1224,1200
221 100 3384,624,1224,1200
222 100 24,624,1224,1224
223 100 3600,624,1224,1224
224 100 3528,624,1224,1224
225 100 3480,648,1224,1200
226 100 3480,648,1224,1200
227 100 3432,648,1224,1200
228 100 3384,648,1224,1200
229 100 3504,672,1224,1200
230 100 3432,696,1224,1200
231 100 3552,720,1224,1224
232 100 3504,744,1224,1224
233 100 3384,768,1224,1200
234 100 3456,768,1224,1200
235 100 3504,744,1224,1224
236 100 3792,744,1224,1224
237 100 3360,744,1224,1200
238 100 3456,744,1224,1200
239 100 3504,720,1224,1224
240 100 3504,720,1224,1224
241 100 3552,720,1224,1224
242 100 3648,720,1224,1224
243 100 3312,720,1224,1200
244 100 3360,720,1224,1200
245 100 3384,720,1224,1200
246 100 3456,720,1224,1200
247 100 3480,720,1224,1200
248 100 3456,720,1224,1200
249 100 3456,720,1224,1200
250 100 3456,720,1224,1200
251 100 3456,720,1224,1200
252 100 3480,720,1224,1200
253 100 3456,720,1224,1200
254 100 3408,720,1224,1200
255 100 3336,720,1224,1200
256 100 3480,744,1224,1200
257 100 3600,744,1224,1224
258 100 3288,792,1224,1200
259 100 3456,816,1224,1224
260 100 3240,864,1224,1200
261 100 3528,888,1224,1224
262 100 3480,912,1224,1224
263 100 3312,912,1224,1224
264 100 3312,912,1224,1224
265 100 3000,912,1224,1200
266 100 3000,912,1224,1200
267 100 3072,912,1224,1200
268 100 3096,912,1224,1200
269 100 3144,912,1224,1200
270 100 3072,912,1224,1200
271 100 3072,912,1224,1200
272 100 3000,912,1224,1200
273 100 2976,912,1224,1200
274 100 96,912,1224,1224
275 100 3048,936,1224,1200
276 100 2928,936,1224,1200
277 100 2952,936,1224,1200
278 100 2928,936,1224,1200
279 100 2856,936,1224,1200
280 100 24,936,1224,1200
281 100 24,936,1224,1200
282 100 72,936,1224,1224
283 100 96,936,1224,1224
284 100 24,936,1224,1224
285 100 48,936,1224,1224
286 100 24,936,1224,1224
287 100 0,936,1224,1224
288 100 0,936,1224,1224
289 100 0,936,1224,1224
290 100 0,936,1224,1224
291 100 24,960,1224,1200
292 100 72,960,1224,1200
293 100 120,936,1224,1224
294 100 144,960,1224,1200
295 100 168,960,1224,1200
296 100 216,960,1224,1200
297 100 240,960,1224,1200
298 100 288,960,1224,1200
299 100 312,984,1224,1176
300 100 360,984,1224,1176
301 100 384,984,1224,1176
302 100 408,984,1224,1176
303 100 456,984,1224,1176
304 100 432,984,1224,1176
305 100 336,984,1224,1176
306 100 456,984,1224,1176
307 100 576,984,1224,1176
308 100 600,984,1224,1176
309 100 624,984,1224,1176
310 100 672,984,1224,1176
311 100 696,960,1224,1200
312 100 696,984,1224,1176
313 100 744,960,1224,1200
314 100 768,960,1224,1200
315 100 792,960,1224,1200
316 100 816,936,1224,1224
317 100 840,936,1224,1200
318 100 864,936,1224,1200
319 100 888,936,1224,1200
320 100 912,912,1224,1224
321 100 936,912,1224,1200
322 100 960,888,1224,1224
323 100 984,888,1224,1224
324 100 984,888,1224,1200
325 100 1008,888,1224,1200
326 100 1032,864,1224,1200
327 100 1056,864,1224,1200
328 100 1056,840,1224,1224
329 100 1080,840,1224,1200
330 100 1104,840,1224,1200
331 100 1128,816,1224,1224
332 100 1152,816,1224,1200
333 100 1152,792,1224,1224
334 100 1176,792,1224,1200
335 100 1200,792,1224,1200
336 100 1200,768,1224,1224
337 100 1200,768,1224,1224
338 100 1200,768,1224,1200
339 100 1224,768,1224,1200
340 100 1224,768,1224,1224
341 100 1200,792,1224,1200
342 100 1200,792,1224,1200
343 100 1200,816,1224,1200
344 100 1200,816,1224,1200
345 100 1200,816,1224,1224
346 100 1200,840,1224,1200
347 100 1176,864,1224,1200
348 100 1200,864,1224,1224
349 100 1200,888,1224,1200
350 100 1200,888,1224,1224
351 100 1200,888,1224,1224
352 100 1200,912,1224,1200
353 100 1200,912,1224,1200
354 100 1176,912,1224,1224
355 100 1200,936,1224,1200
356 100 1176,936,1224,1200
357 100 1176,936,1224,1224
358 100 1176,936,1224,1224
359 100 1176,936,1224,1224
360 100 1176,960,1224,1200
361 100 1176,960,1224,1200
362 100 1176,960,1224,1200
363 100 1176,960,1224,1200
364 100 1176,960,1224,1200
365 100 1176,960,1224,1200
366 100 1176,960,1224,1200
367 100 1176,960,1224,1200
368 100 1176,960,1224,1200
369 100 1176,960,1224,1200
370 100 1176,960,1224,1200
371 100 1176,960,1224,1200
372 100 1176,960,1224,1200
373 100 1176,960,1224,1200
374 100 1176,960,1224,1200
375 100 1152,960,1224,1200
376 100 1128,960,1224,1200
377 100 1104,960,1224,1200
378 100 1080,960,1224,1200
379 100 1056,960,1224,1200
380 100 1056,960,1224,1200
381 100 1032,960,1224,1200
382 100 1008,960,1224,1200
383 100 984,960,1224,1200
384 100 960,960,1224,1200
385 100 936,960,1224,1200
386 100 936,960,1224,1200
387 100 912,960,1224,1200
388 100 888,960,1224,1200
389 100 888,960,1224,1200
390 100 864,936,1224,1224
391 100 840,936,1224,1224
392 100 816,936,1224,1224
393 100 816,912,1224,1248
394 100 768,912,1224,1248
395 100 744,912,1224,1248
396 100 720,888,1224,1272
397 100 696,888,1224,1272
398 100 672,888,1224,1272
399 100 648,888,1224,1272
400 100 624,888,1224,1272
401 100 624,888,1224,1272
402 100 600,888,1224,1248
403 100 600,864,1224,1272
404 100 576,888,1224,1272
405 100 576,864,1224,1296
406 100 576,864,1224,1272
407 100 576,864,1224,1272
408 100 576,864,1224,1272
409 100 552,864,1224,1272
410 100 552,864,1224,1272
411 100 552,864,1224,1272
412 100 552,864,1224,1272
413 100 552,864,1224,1272
414 100 552,864,1224,1272
415 100 528,864,1224,1272
416 100 528,864,1224,1272
417 100 528,864,1224,1272
418 100 528,864,1224,1272
419 100 528,864,1224,1272
420 100 528,864,1224,1272
421 100 528,864,1224,1272
422 100 528,864,1224,1272
423 100 528,864,1224,1272
424 100 528,864,1224,1272
425 100 528,864,1224,1272
426 100 528,864,1224,1272
427 100 528,864,1224,1272
428 100 504,864,1224,1248
429 100 504,864,1224,1248
430 100 480,864,1224,1248
431 100 480,864,1224,1248
432 100 456,864,1224,1248
433 100 432,864,1224,1248
434 100 432,864,1224,1248
435 100 408,864,1224,1248
436 100 384,864,1224,1248
437 100 360,864,1224,1248
438 100 336,864,1224,1248
439 100 288,888,1224,1224
440 100 264,888,1224,1248
441 100 264,864,1224,1248
442 100 240,864,1224,1248
443 100 216,864,1224,1248
444 100 216,864,1224,1248
445 100 192,864,1224,1224
446 100 168,840,1224,1248
447 100 144,864,1224,1224
448 100 120,840,1224,1248
449 100 72,840,1224,1248
450 100 48,840,1224,1224
451 100 24,816,1224,1248
452 100 0,816,1224,1248
453 100 0,816,1224,1248
454 100 0,792,1224,1248
455 100 0,792,1224,1248
456 100 0,792,1224,1248
457 100 24,792,1224,1248
458 100 24,792,1224,1248
459 100 0,792,1224,1248
460 100 0,792,1224,1248
461 100 24,816,1224,1224
462 100 48,792,1224,1248
463 100 24,792,1224,1248
464 100 0,792,1224,1248
465 100 0,792,1224,1248
466 100 168,792,1224,1248
467 100 120,792,1224,1248
468 100 48,792,1224,1248
469 100 96,792,1224,1248
470 100 3312,792,1224,1224
471 100 3288,792,1224,1224
472 100 3432,792,1224,1224
473 100 3264,768,1224,1224
474 100 3360,768,1224,1224
475 100 0,768,1224,1224
476 100 3432,744,1224,1224
477 100 3504,744,1224,1224
478 100 24,720,1224,1248
479 100 3360,720,1224,1224
480 100 3528,720,1224,1224
481 100 3456,696,1224,1224
482 100 3384,672,1224,1224
483 100 3360,648,1224,1224
484 100 3624,648,1224,1224
485 100 3432,624,1224,1224
486 100 3552,624,1224,1224
487 100 3384,600,1224,1224
488 100 3456,600,1224,1224
489 100 3600,600,1224,1224
490 100 3384,600,1224,1200
491 100 3480,576,1224,1224
492 100 3576,576,1224,1224
493 100 3720,576,1224,1224
494 100 3408,576,1224,1200
495 100 3456,576,1224,1200
496 100 3504,552,1224,1224
497 100 3696,552,1224,1224
498 100 3408,552,1224,1200
499 100 3504,528,1224,1224
500 100 3648,528,1224,1224
501 100 3432,528,1224,1200
502 100 3528,528,1224,1200
503 100 3672,504,1224,1224
504 100 3504,504,1224,1200
505 100 3504,480,1224,1200
506 100 3432,456,1224,1200
507 100 3384,432,1224,1200
508 100 3624,408,1224,1224
509 100 3408,408,1224,1200
510 100 3552,408,1224,1200
511 100 3648,384,1224,1224
512 100 3600,384,1224,1224
513 100 3624,384,1224,1224
514 100 3576,384,1224,1224
515 100 3528,408,1224,1200
516 100 3504,408,1224,1200
517 100 3480,408,1224,1200
518 100 3456,408,1224,1200
519 100 3456,408,1224,1200
520 100 3384,408,1224,1200
521 100 3576,408,1224,1224
522 100 3432,432,1224,1200
523 100 3576,432,1224,1224
524 100 3744,456,1224,1224
525 100 3432,480,1224,1200
526 100 3600,480,1224,1224
527 100 24,504,1224,1224
528 100 3480,504,1224,1224
529 100 3432,528,1224,1200
530 100 48,528,1224,1224
531 100 72,528,1224,1224
532 100 48,528,1224,1224
533 100 24,528,1224,1224
534 100 0,528,1224,1224
535 100 3384,552,1224,1200
536 100 96,552,1224,1224
537 100 96,552,1224,1224
538 100 72,552,1224,1224
539 100 48,552,1224,1224
540 100 0,576,1224,1224
541 100 0,576,1224,1224
542 100 0,576,1224,1224
543 100 96,576,1224,1224
544 100 72,576,1224,1224
545 100 72,576,1224,1224
546 100 0,576,1224,1224
547 100 0,600,1224,1224
548 100 0,600,1224,1224
549 100 0,600,1224,1224
550 100 72,600,1224,1224
551 100 48,600,1224,1224
552 100 48,600,1224,1224
553 100 48,624,1224,1224
554 100 24,624,1224,1224
555 100 24,624,1224,1224
556 100 0,624,1224,1224
557 100 48,648,1224,1200
558 100 24,648,1224,1224
559 100 0,648,1224,1224
560 100 0,648,1224,1224
561 100 0,672,1224,1200
562 100 48,672,1224,1200
563 100 48,672,1224,1224
564 100 48,672,1224,1224
565 100 0,672,1224,1224
566 100 0,672,1224,1224
567 100 24,672,1224,1224
568 100 0,672,1224,1224
569 100 0,696,1224,1200
570 100 0,696,1224,1200
571 100 0,696,1224,1200
572 100 0,696,1224,1224
573 100 24,696,1224,1224
574 100 0,696,1224,1224
575 100 0,696,1224,1224
576 100 0,720,1224,1200
577 100 0,720,1224,1200
578 100 0,720,1224,1224
579 100 0,720,1224,1224
580 100 0,720,1224,1224
581 100 0,744,1224,1200
582 100 0,744,1224,1224
583 100 0,744,1224,1224
584 100 0,744,1224,1224
585 100 0,744,1224,1224
586 100 24,744,1224,1224
587 100 24,744,1224,1224
588 100 48,744,1224,1224
589 100 48,744,1224,1224
590 100 72,768,1224,1224
591 100 96,768,1224,1224
592 100 120,768,1224,1224
593 100 144,792,1224,1224
594 100 144,792,1224,1224
595 100 168,792,1224,1248
596 100 192,816,1224,1224
597 100 216,816,1224,1248
598 100 240,816,1224,1248
599 100 264,840,1224,1224
600 100 288,840,1224,1248
601 100 312,864,1224,1224
602 100 336,864,1224,1248
603 100 360,864,1224,1248
604 100 384,888,1224,1224
605 100 408,888,1224,1224
606 100 432,888,1224,1248
607 100 456,912,1224,1224
608 100 480,912,1224,1224
609 100 528,912,1224,1224
610 100 552,912,1224,1224
611 100 576,912,1224,1224
612 100 600,912,1224,1224
613 100 624,912,1224,1224
614 100 624,912,1224,1224
615 100 648,912,1224,1224
616 100 672,912,1224,1224
617 100 696,912,1224,1224
618 100 720,936,1224,1200
619 100 720,936,1224,1200
620 100 744,936,1224,1200
621 100 768,936,1224,1200
622 100 768,936,1224,1200
623 100 768,936,1224,1200
624 100 792,936,1224,1224
625 100 792,936,1224,1224
626 100 816,960,1224,1200
627 100 816,960,1224,1200
628 100 816,960,1224,1200
629 100 840,960,1224,1200
630 100 840,960,1224,1200
631 100 840,960,1224,1200
632 100 840,984,1224,1176
633 100 864,960,1224,1200
634 100 864,960,1224,1200
635 100 864,960,1224,1200
636 100 888,960,1224,1200
637 100 888,960,1224,1200
638 100 888,960,1224,1200
639 100 888,960,1224,1200
640 100 888,960,1224,1200
641 100 888,960,1224,1200
642 100 888,960,1224,1200
643 100 888,960,1224,1200
644 100 888,960,1224,1200
645 100 912,960,1224,1200
646 100 912,960,1224,1200
647 100 912,960,1224,1200
648 100 912,960,1224,1200
649 100 912,960,1224,1200
650 100 912,960,1224,1200
651 100 912,984,1224,1176
652 100 912,984,1224,1176
653 100 888,984,1224,1176
654 100 840,984,1224,1176
655 100 672,984,1224,1176
656 100 552,984,1224,1176
657 100 456,1008,1224,1152
658 100 456,1008,1224,1152
659 100 456,1008,1224,1152
660 100 432,1008,1224,1152
661 100 312,1008,1224,1152
662 100 336,1008,1224,1152
663 100 312,1008,1224,1152
664 100 264,1008,1224,1152
665 100 288,1008,1224,1152
666 100 192,1008,1224,1152
667 100 312,1008,1224,1152
668 100 288,1008,1224,1152
669 100 288,1008,1224,1152
670 100 264,1008,1224,1152
671 100 336,1008,1224,1152
672 100 360,1008,1224,1152
673 100 360,1008,1224,1152
674 100 408,1008,1224,1152
675 100 432,1008,1224,1152
676 100 432,1008,1224,1152
677 100 456,1008,1224,1152
678 100 432,1008,1224,1152
679 100 384,1008,1224,1152
680 100 288,1008,1224,1152
681 100 192,1008,1224,1152
682 100 48,1008,1224,1152
683 100 0,1008,1224,1152
684 100 0,1008,1224,1152
685 100 144,1008,1224,1152
686 100 240,1008,1224,1152
687 100 240,1008,1224,1152
688 100 216,1008,1224,1152
689 100 216,1008,1224,1152
690 100 264,1008,1224,1152
691 100 312,1008,1224,1152
692 100 336,1008,1224,1152
693 100 384,1008,1224,1152
694 100 384,1008,1224,1152
695 100 384,1008,1224,1152
696 100 408,1008,1224,1152
697 100 336,1008,1224,1152
698 100 312,1008,1224,1152
699 100 360,1008,1224,1152
700 100 360,1008,1224,1152
701 100 336,1008,1224,1152
702 100 264,1008,1224,1152
703 100 288,1008,1224,1152
704 100 168,1008,1224,1152
705 100 24,1008,1224,1152
706 100 0,1008,1224,1152
707 100 0,1008,1224,1152
708 100 0,1008,1224,1152
709 100 0,1008,1224,1152
710 100 0,1008,1224,1152
711 100 0,1008,1224,1152
712 100 0,1008,1224,1152
713 100 0,1008,1224,1152
714 100 0,1008,1224,1152
715 100 0,1008,1224,1152
716 100 0,1008,1224,1152
717 100 0,1008,1224,1152
718 100 0,1008,1224,1152
719 100 0,1008,1224,1152
720 100 0,1008,1224,1152
721 100 0,1008,1224,1152
722 100 0,1008,1224,1152
723 100 96,1008,1224,1152
724 100 168,1008,1224,1152
725 100 288,1008,1224,1152
726 100 408,1008,1224,1152
727 100 456,1008,1224,1152
728 100 552,1008,1224,1152
729 100 528,1008,1224,1152
730 100 624,984,1224,1176
731 100 720,984,1224,1176
732 100 792,984,1224,1176
733 100 888,984,1224,1176
734 100 888,984,1224,1176
735 100 888,984,1224,1176
736 100 888,960,1224,1200
737 100 888,960,1224,1200
738 100 912,960,1224,1200
739 100 912,960,1224,1200
740 100 912,960,1224,1200
741 100 912,960,1224,1200
742 100 888,960,1224,1200
743 100 888,960,1224,1200
744 100 888,960,1224,1200
745 100 888,960,1224,1200
746 100 888,960,1224,1200
747 100 888,960,1224,1200
748 100 888,960,1224,1200
749 100 888,960,1224,1200
750 100 888,960,1224,1200
751 100 888,960,1224,1200
752 100 888,960,1224,1200
753 100 888,960,1224,1200
754 100 888,960,1224,1200
755 100 888,960,1224,1200
756 100 888,960,1224,1200
757 100 888,960,1224,1200
758 100 888,960,1224,1200
759 100 888,960,1224,1200
760 100 888,960,1224,1200
761 100 888,960,1224,1200
762 100 888,960,1224,1200
763 100 888,960,1224,1200
764 100 888,960,1224,1200
765 100 888,960,1224,1200
766 100 888,960,1224,1200
767 100 888,960,1224,1200
768 100 888,960,1224,1200
769 100 888,960,1224,1200
770 100 888,960,1224,1200
771 100 888,960,1224,1200
772 100 888,960,1224,1200
773 100 888,960,1224,1200
774 100 888,960,1224,1200
775 100 888,960,1224,1200
776 100 888,960,1224,1200
777 100 888,960,1224,1200
778 100 888,960,1224,1200
779 100 888,960,1224,1200
780 100 888,960,1224,1200
781 100 888,936,1224,1224
782 100 888,936,1224,1224
783 100 888,936,1224,1224
784 100 888,936,1224,1224
785 100 912,936,1224,1200
786 100 912,936,1224,1200
787 100 912,936,1224,1200
788 100 912,936,1224,1200
789 100 912,912,1224,1224
790 100 912,912,1224,1224
791 100 912,912,1224,1224
792 100 912,912,1224,1224
793 100 912,912,1224,1200
794 100 912,912,1224,1200
795 100 912,912,1224,1200
796 100 912,912,1224,1200
797 100 912,912,1224,1200
798 100 912,912,1224,1200
799 100 912,912,1224,1200
800 100 912,912,1224,1200
801 100 912,912,1224,1200
802 100 912,912,1224,1224
803 100 912,912,1224,1224
804 100 912,912,1224,1224
805 100 912,912,1224,1224
806 100 912,912,1224,1224
807 100 912,912,1224,1224
808 100 912,912,1224,1224
809 100 912,912,1224,1224
810 100 912,912,1224,1224
811 100 912,912,1224,1224
812 100 912,912,1224,1224
813 100 912,912,1224,1224
814 100 936,912,1224,1224
815 100 936,912,1224,1224
816 100 936,912,1224,1200
817 100 936,912,1224,1224
818 100 936,912,1224,1200
819 100 936,912,1224,1200
820 100 936,912,1224,1224
821 100 936,912,1224,1224
822 100 936,912,1224,1224
823 100 936,912,1224,1224
824 100 936,912,1224,1224
825 100 912,912,1224,1224
826 100 912,912,1224,1224
827 100 912,912,1224,1224
828 100 912,912,1224,1224
829 100 912,912,1224,1224
830 100 936,912,1224,1224
831 100 912,912,1224,1224
832 100 912,912,1224,1224
833 100 912,936,1224,1200
834 100 912,936,1224,1200
835 100 912,936,1224,1200
836 100 936,912,1224,1224
837 100 936,912,1224,1224
838 100 936,912,1224,1224
839 100 936,912,1224,1224
840 100 960,912,1224,1224
841 100 960,912,1224,1224
842 100 936,936,1224,1200
843 100 960,936,1224,1200
844 100 960,912,1224,1224
845 100 960,912,1224,1224
846 100 984,936,1224,1200
847 100 984,936,1224,1200
848 100 984,936,1224,1200
849 100 984,936,1224,1224
850 100 984,936,1224,1224
851 100 1008,936,1224,1224
852 100 1008,936,1224,1200
853 100 1032,912,1224,1224
854 100 1032,912,1224,1200
855 100 1032,912,1224,1200
856 100 1056,912,1224,1200
857 100 1056,888,1224,1200
858 100 1056,888,1224,1200
859 100 1080,864,1224,1224
860 100 1080,864,1224,1200
861 100 1080,864,1224,1200
862 100 1056,864,1224,1200
863 100 1056,864,1224,1200
864 100 1056,864,1224,1200
865 100 1056,864,1224,1200
866 100 1056,864,1224,1200
867 100 1056,840,1224,1224
868 100 1056,840,1224,1200
869 100 1056,840,1224,1200
870 100 1056,840,1224,1200
871 100 1056,840,1224,1200
872 100 1056,840,1224,1200
873 100 1056,816,1224,1224
874 100 1080,816,1224,1200
875 100 1080,816,1224,1200
876 100 1080,792,1224,1224
877 100 1080,792,1224,1224
878 100 1080,792,1224,1200
879 100 1080,792,1224,1200
880 100 1104,792,1224,1200
881 100 1104,768,1224,1224
882 100 1080,792,1224,1200
883 100 1080,792,1224,1200
884 100 1080,792,1224,1200
885 100 1080,792,1224,1200
886 100 1080,792,1224,1200
887 100 1080,792,1224,1200
888 100 1080,792,1224,1200
889 100 1080,792,1224,1200
890 100 1080,792,1224,1200
891 100 1080,792,1224,1200
892 100 1080,792,1224,1200
893 100 1080,792,1224,1224
894 100 1080,792,1224,1224
895 100 1080,792,1224,1224
896 100 1056,816,1224,1200
897 100 1056,816,1224,1200
898 100 1056,816,1224,1200
899 100 1056,816,1224,1200
900 100 1056,816,1224,1200
901 100 1056,816,1224,1200
902 100 1056,816,1224,1200
903 100 1056,816,1224,1200
904 100 1056,816,1224,1200
905 100 1056,792,1224,1224
906 100 1056,792,1224,1224
907 100 1056,792,1224,1224
908 100 1056,792,1224,1224
909 100 1056,792,1224,1224
910 100 1056,792,1224,1224
911 100 1056,792,1224,1224
912 100 1056,792,1224,1200
913 100 1056,792,1224,1200
914 100 1056,792,1224,1200
915 100 1056,792,1224,1200
916 100 1056,792,1224,1200
917 100 1056,792,1224,1200
918 100 1056,792,1224,1200
919 100 1080,792,1224,1200
920 100 1080,792,1224,1200
921 100 1080,792,1224,1200
922 100 1080,792,1224,1200
923 100 1080,792,1224,1200
924 100 1080,792,1224,1200
925 100 1080,792,1224,1200
926 100 1080,792,1224,1200
927 100 1080,792,1224,1200
928 100 1080,768,1224,1224
929 100 1080,768,1224,1224
930 100 1104,768,1224,1200
931 100 1104,744,1224,1200
932 100 1128,720,1224,1224
933 100 1128,696,1224,1224
934 100 1128,696,1224,1200
935 100 1128,696,1224,1200
936 100 1128,672,1224,1224
937 100 1128,672,1224,1200
938 100 1128,648,1224,1224
939 100 1128,648,1224,1200
940 100 1128,648,1224,1200
941 100 1128,624,1224,1224
942 100 1128,624,1224,1224
943 100 1128,624,1224,1224
944 100 1128,624,1224,1200
945 100 1128,624,1224,1224
946 100 1128,624,1224,1224
947 100 1104,624,1224,1224
948 100 1104,648,1224,1200
949 100 1104,648,1224,1200
950 100 1104,648,1224,1224
951 100 1104,648,1224,1224
952 100 1104,672,1224,1200
953 100 1080,672,1224,1200
954 100 1080,672,1224,1224
955 100 1080,696,1224,1200
956 100 1080,696,1224,1224
957 100 1056,696,1224,1224
958 100 1056,720,1224,1200
959 100 1056,720,1224,1200
960 100 1056,720,1224,1224
961 100 1056,720,1224,1224
962 100 1056,744,1224,1200
963 100 1056,744,1224,1200
964 100 1056,744,1224,1200
965 100 1056,744,1224,1200
966 100 1056,744,1224,1224
967 100 1056,744,1224,1224
968 100 1032,744,1224,1224
969 100 1056,768,1224,1200
970 100 1056,768,1224,1200
971 100 1056,768,1224,1200
972 100 1056,768,1224,1200
973 100 1032,768,1224,1200
974 100 1032,768,1224,1200
975 100 1032,768,1224,1200
976 100 1032,768,1224,1200
977 100 1032,768,1224,1200
978 100 1032,768,1224,1200
979 100 1032,768,1224,1200
980 100 1032,768,1224,1200
981 100 1032,768,1224,1200
982 100 1032,768,1224,1200
983 100 1032,768,1224,1200
984 100 1032,768,1224,1200
985 100 1032,768,1224,1200
986 100 1032,768,1224,1200
987 100 1008,768,1224,1200
988 100 1008,768,1224,1224
989 100 1008,768,1224,1200
990 100 1032,768,1224,1200
991 100 1032,768,1224,1200
992 100 1032,768,1224,1200
993 100 1032,768,1224,1200
994 100 1032,768,1224,1200
995 100 1032,768,1224,1200
996 100 1032,768,1224,1200
997 100 1032,768,1224,1200
998 100 1032,768,1224,1200
999 100 1032,744,1224,1224
1000 100 1032,744,1224,1224
1001 100 1056,744,1224,1200
1002 100 1056,744,1224,1200
1003 100 1056,744,1224,1200
1004 100 1056,744,1224,1200
1005 100 1056,720,1224,1224
1006 100 1056,720,1224,1200
1007 100 1056,720,1224,1200
1008 100 1056,720,1224,1200
1009 100 1056,720,1224,1200
1010 100 1056,720,1224,1200
1011 100 1056,720,1224,1200
1012 100 1032,720,1224,1200
1013 100 1032,720,1224,1200
1014 100 1032,720,1224,1200
1015 100 1032,720,1224,1200
1016 100 1032,720,1224,1200
1017 100 1032,720,1224,1200
1018 100 1008,720,1224,1200
1019 100 1008,720,1224,1200
1020 100 1008,720,1224,1200
1021 100 1008,720,1224,1200
1022 100 1008,720,1224,1200
1023 100 984,720,1224,1200
1024 100 984,720,1224,1200
1025 100 984,720,1224,1200
1026 100 960,720,1224,1200
1027 100 960,720,1224,1200
1028 100 960,720,1224,1200
1029 100 936,720,1224,1200
1030 100 936,720,1224,1200
1031 100 912,720,1224,1200
1032 100 912,720,1224,1200
1033 100 912,720,1224,1200
1034 100 912,720,1224,1200
1035 100 888,720,1224,1200
1036 100 888,720,1224,1200
1037 100 888,720,1224,1200
1038 100 888,720,1224,1200
1039 100 864,720,1224,1224
1040 100 864,720,1224,1224
1041 100 864,720,1224,1224
1042 100 864,720,1224,1200
1043 100 864,720,1224,1200
1044 100 864,720,1224,1224
1045 100 840,720,1224,1224
1046 100 840,720,1224,1224
1047 100 840,720,1224,1224
1048 100 840,720,1224,1224
1049 100 840,720,1224,1224
1050 100 840,720,1224,1224
1051 100 840,720,1224,1224
1052 100 840,720,1224,1224
1053 100 840,720,1224,1224
1054 100 840,720,1224,1224
1055 100 840,720,1224,1224
1056 100 840,720,1224,1224
1057 100 840,720,1224,1224
1058 100 840,720,1224,1224
1059 100 840,720,1224,1224
1060 100 840,720,1224,1224
1061 100 840,720,1224,1200
1062 100 840,720,1224,1200
1063 100 840,720,1224,1200
1064 100 840,720,1224,1200
1065 100 840,720,1224,1200
1066 100 816,720,1224,1200
1067 100 816,720,1224,1200
1068 100 816,720,1224,1200
1069 100 816,720,1224,1200
1070 100 816,720,1224,1200
1071 100 816,720,1224,1200
1072 100 816,720,1224,1200
1073 100 792,720,1224,1200
1074 100 792,720,1224,1200
1075 100 768,720,1224,1200
1076 100 768,720,1224,1224
1077 100 768,720,1224,1224
1078 100 744,720,1224,1224
1079 100 744,720,1224,1224
1080 100 744,720,1224,1224
1081 100 744,720,1224,1224
1082 100 744,720,1224,1200
1083 100 744,720,1224,1224
1084 100 720,744,1224,1200
1085 100 720,744,1224,1224
1086 100 720,744,1224,1224
1087 100 744,744,1224,1200
1088 100 744,744,1224,1200
1089 100 744,744,1224,1224
1090 100 768,744,1224,1224
1091 100 768,744,1224,1224
1092 100 792,768,1224,1200
1093 100 792,768,1224,1200
1094 100 816,744,1224,1224
1095 100 816,744,1224,1224
1096 100 840,744,1224,1200
1097 100 864,720,1224,1224
1098 100 864,720,1224,1224
1099 100 888,720,1224,1224
1100 100 888,720,1224,1224
1101 100 888,720,1224,1224
1102 100 912,720,1224,1224
1103 100 912,720,1224,1224
1104 100 936,720,1224,1224
1105 100 936,720,1224,1224
1106 100 936,720,1224,1224
1107 100 936,720,1224,1224
1108 100 936,720,1224,1224
1109 100 936,720,1224,1224
1110 100 936,720,1224,1224
1111 100 936,744,1224,1200
1112 100 936,744,1224,1200
1113 100 936,744,1224,1200
1114 100 936,744,1224,1200
1115 100 960,744,1224,1224
1116 100 960,744,1224,1200
1117 100 960,744,1224,1200
1118 100 960,744,1224,1200
1119 100 960,744,1224,1224
1120 100 960,744,1224,1224
1121 100 960,744,1224,1224
1122 100 960,744,1224,1224
1123 100 960,744,1224,1224
1124 100 960,744,1224,1224
1125 100 960,744,1224,1224
1126 100 960,744,1224,1224
1127 100 960,744,1224,1224
1128 100 960,744,1224,1224
1129 100 984,744,1224,1224
1130 100 984,720,1224,1248
1131 100 984,720,1224,1224
1132 100 984,720,1224,1224
1133 100 984,720,1224,1224
1134 100 984,720,1224,1224
1135 100 984,720,1224,1224
1136 100 984,720,1224,1224
1137 100 984,720,1224,1224
1138 100 984,720,1224,1224
1139 100 984,720,1224,1224
1140 100 984,720,1224,1224
1141 100 984,720,1224,1224
1142 100 984,720,1224,1224
1143 100 960,720,1224,1224
1144 100 960,720,1224,1224
1145 100 960,720,1224,1224
1146 100 936,720,1224,1224
1147 100 912,720,1224,1224
1148 100 912,720,1224,1224
1149 100 888,720,1224,1200
1150 100 864,720,1224,1200
1151 100 864,720,1224,1200
1152 100 864,696,1224,1224
1153 100 840,696,1224,1224
1154 100 840,696,1224,1224
1155 100 840,696,1224,1224
1156 100 816,696,1224,1224
1157 100 792,696,1224,1224
1158 100 792,696,1224,1224
1159 100 768,696,1224,1224
1160 100 768,720,1224,1200
1161 100 768,696,1224,1224
1162 100 744,696,1224,1224
1163 100 744,696,1224,1224
1164 100 720,696,1224,1224
1165 100 720,696,1224,1200
1166 100 720,696,1224,1200
1167 100 696,696,1224,1200
1168 100 696,672,1224,1224
1169 100 672,672,1224,1224
1170 100 672,672,1224,1224
1171 100 672,672,1224,1224
1172 100 672,696,1224,1200
1173 100 672,672,1224,1224
1174 100 672,696,1224,1200
1175 100 672,672,1224,1224
1176 100 672,672,1224,1224
1177 100 672,672,1224,1224
1178 100 672,672,1224,1200
1179 100 648,672,1224,1200
1180 100 648,672,1224,1224
1181 100 648,672,1224,1200
1182 100 648,672,1224,1224
1183 100 648,648,1224,1224
1184 100 648,648,1224,1224
1185 100 648,648,1224,1224
1186 100 648,648,1224,1224
1187 100 648,672,1224,1200
1188 100 624,672,1224,1224
1189 100 624,672,1224,1224
1190 100 624,672,1224,1224
1191 100 648,672,1224,1224
1192 100 648,672,1224,1224
1193 100 648,672,1224,1224
1194 100 672,672,1224,1200
1195 100 672,672,1224,1200
1196 100 672,672,1224,1200
1197 100 696,648,1224,1224
1198 100 696,648,1224,1224
1199 100 696,648,1224,1224
1200 100 696,648,1224,1224
1201 100 696,648,1224,1224
1202 100 720,648,1224,1224
1203 100 720,648,1224,1224
1204 100 720,648,1224,1224
1205 100 744,648,1224,1224
1206 100 744,672,1224,1200
1207 100 744,672,1224,1224
1208 100 768,672,1224,1224
1209 100 768,672,1224,1224
1210 100 768,672,1224,1224
1211 100 792,672,1224,1224
1212 100 792,672,1224,1224
1213 100 792,672,1224,1224
1214 100 816,672,1224,1224
1215 100 816,696,1224,1224
1216 100 816,696,1224,1224
1217 100 816,696,1224,1224
1218 100 840,696,1224,1224
1219 100 840,696,1224,1224
1220 100 840,696,1224,1224
1221 100 840,696,1224,1224
1222 100 864,696,1224,1224
1223 100 864,696,1224,1224
1224 100 864,696,1224,1224
1225 100 864,696,1224,1224
1226 100 888,696,1224,1224
1227 100 888,696,1224,1224
1228 100 888,696,1224,1224
1229 100 888,696,1224,1224
1230 100 888,696,1224,1224
1231 100 888,696,1224,1224
1232 100 888,696,1224,1224
1233 100 888,696,1224,1224
1234 100 912,696,1224,1224
1235 100 912,696,1224,1224
1236 100 912,696,1224,1224
1237 100 912,696,1224,1248
1238 100 912,696,1224,1248
1239 100 912,696,1224,1248
1240 100 936,696,1224,1248
1241 100 936,696,1224,1248
1242 100 936,696,1224,1248
1243 100 936,696,1224,1248
1244 100 936,696,1224,1248
1245 100 936,696,1224,1248
1246 100 936,720,1224,1224
1247 100 936,720,1224,1224
1248 100 960,720,1224,1224
1249 100 960,720,1224,1224
1250 100 960,720,1224,1248
1251 100 960,720,1224,1248
1252 100 960,720,1224,1248
1253 100 960,744,1224,1224
1254 100 960,744,1224,1224
1255 100 960,744,1224,1224
1256 100 960,744,1224,1224
1257 100 960,744,1224,1224
1258 100 960,744,1224,1224
1259 100 960,744,1224,1224
1260 100 960,744,1224,1248
1261 100 960,744,1224,1248
1262 100 984,744,1224,1248
1263 100 984,768,1224,1224
1264 100 984,768,1224,1224
1265 100 984,768,1224,1224
1266 100 984,768,1224,1224
1267 100 984,768,1224,1248
1268 100 984,768,1224,1248
1269 100 984,792,1224,1224
1270 100 984,792,1224,1248
1271 100 984,792,1224,1248
1272 100 1008,816,1224,1224
1273 100 1008,816,1224,1224
1274 100 1008,792,1224,1248
1275 100 1032,816,1224,1224
1276 100 1032,816,1224,1224
1277 100 1032,816,1224,1248
1278 100 1032,840,1224,1224
1279 100 1032,816,1224,1224
1280 100 1032,816,1224,1224
1281 100 1032,816,1224,1224
1282 100 1056,816,1224,1224
1283 100 1056,816,1224,1224
1284 100 1056,816,1224,1224
1285 100 1056,840,1224,1200
1286 100 1056,816,1224,1224
1287 100 1056,816,1224,1224
1288 100 1080,816,1224,1224
1289 100 1080,792,1224,1248
1290 100 1104,792,1224,1224
1291 100 1104,792,1224,1224
1292 100 1104,792,1224,1224
1293 100 1104,816,1224,1200
1294 100 1104,816,1224,1224
1295 100 1104,816,1224,1200
1296 100 1104,792,1224,1224
1297 100 1104,816,1224,1200
1298 100 1104,816,1224,1200
1299 100 1104,792,1224,1224
1300 100 1104,792,1224,1224
1301 100 1104,792,1224,1224
1302 100 1104,792,1224,1224
1303 100 1104,792,1224,1224
1304 100 1104,792,1224,1224
1305 100 1104,792,1224,1224
1306 100 1104,792,1224,1224
1307 100 1104,792,1224,1224
1308 100 1104,792,1224,1224
1309 100 1104,816,1224,1200
1310 100 1104,816,1224,1200
1311 100 1080,816,1224,1224
1312 100 1080,816,1224,1224
1313 100 1080,816,1224,1224
1314 100 1080,816,1224,1224
1315 100 1080,840,1224,1200
1316 100 1080,816,1224,1224
1317 100 1104,816,1224,1224
1318 100 1104,816,1224,1224
1319 100 1104,816,1224,1224
1320 100 1080,816,1224,1224
1321 100 1080,816,1224,1224
1322 100 1080,816,1224,1224
1323 100 1104,816,1224,1224
1324 100 1104,816,1224,1200
1325 100 1104,816,1224,1224
1326 100 1104,816,1224,1200
1327 100 1104,816,1224,1200
1328 100 1104,816,1224,1200
1329 100 1104,816,1224,1200
1330 100 1104,816,1224,1200
1331 100 1104,816,1224,1224
1332 100 1104,816,1224,1200
1333 100 1104,816,1224,1200
1334 100 1128,792,1224,1224
1335 100 1128,792,1224,1200
1336 100 1152,768,1224,1224
1337 100 1152,768,1224,1224
1338 100 1128,792,1224,1200
1339 100 1128,816,1224,1200
1340 100 1128,792,1224,1224
1341 100 1152,768,1224,1224
1342 100 1152,768,1224,1200
1343 100 1152,768,1224,1200
1344 100 1152,744,1224,1224
1345 100 1152,744,1224,1224
1346 100 1152,744,1224,1224
1347 100 1152,744,1224,1224
1348 100 1152,744,1224,1224
1349 100 1176,744,1224,1200
1350 100 1176,744,1224,1200
1351 100 1176,744,1224,1200
1352 100 1176,720,1224,1224
1353 100 1176,720,1224,1224
1354 100 1176,720,1224,1224
1355 100 1176,744,1224,1200
1356 100 1176,744,1224,1200
1357 100 1176,720,1224,1224
1358 100 1176,720,1224,1224
1359 100 1176,720,1224,1200
1360 100 1176,720,1224,1224
1361 100 1176,720,1224,1224
1362 100 1176,720,1224,1224
1363 100 1176,720,1224,1200
1364 100 1176,720,1224,1200
1365 100 1176,720,1224,1200
1366 100 1176,696,1224,1224
1367 100 1200,696,1224,1224
1368 100 1200,696,1224,1224
1369 100 1176,696,1224,1224
1370 100 1200,696,1224,1224
1371 100 1200,696,1224,1224
1372 100 1200,696,1224,1224
1373 100 1200,696,1224,1224
1374 100 1200,696,1224,1224
1375 100 1200,696,1224,1224
1376 100 1200,696,1224,1224
1377 100 1200,696,1224,1224
1378 100 1200,696,1224,1224
1379 100 1200,696,1224,1224
1380 100 1200,696,1224,1200
1381 100 1200,696,1224,1200
1382 100 1200,696,1224,1200
1383 100 1200,696,1224,1200
1384 100 1200,672,1224,1224
1385 100 1200,672,1224,1224
1386 100 1200,696,1224,1200
1387 100 1200,696,1224,1200
1388 100 1200,696,1224,1200
1389 100 1176,696,1224,1200
1390 100 1176,696,1224,1200
1391 100 1200,672,1224,1224
1392 100 1200,672,1224,1224
1393 100 1200,672,1224,1224
1394 100 1200,672,1224,1200
1395 100 1200,672,1224,1200
1396 100 1200,648,1224,1224
1397 100 1200,648,1224,1200
1398 100 1200,624,1224,1224
1399 100 1200,624,1224,1224
1400 100 1200,624,1224,1224
1401 100 1224,624,1224,1200
1402 100 1224,600,1224,1224
1403 100 1224,600,1224,1224
1404 100 1224,600,1224,1200
1405 100 1224,600,1224,1200
1406 100 1224,600,1224,1200
1407 100 1224,576,1224,1224
1408 100 1224,576,1224,1224
1409 100 1224,576,1224,1224
1410 100 1224,576,1224,1224
1411 100 1224,600,1224,1200
1412 100 1224,600,1224,1200
1413 100 1224,600,1224,1200
1414 100 1224,576,1224,1224
1415 100 1224,576,1224,1224
1416 100 1224,576,1224,1224
1417 100 1224,576,1224,1224
1418 100 1200,600,1224,1200
1419 100 1200,600,1224,1200
1420 100 1200,600,1224,1224
1421 100 1200,600,1224,1224
1422 100 1200,600,1224,1224
1423 100 1200,600,1224,1224
1424 100 1200,600,1224,1224
1425 100 1200,624,1224,1200
1426 100 1200,624,1224,1200
1427 100 1200,648,1224,1200
1428 100 1176,648,1224,1200
1429 100 1176,648,1224,1200
1430 100 1176,648,1224,1224
1431 100 1176,672,1224,1200
1432 100 1200,672,1224,1200
1433 100 1200,672,1224,1224
1434 100 1200,696,1224,1200
1435 100 1200,696,1224,1224
1436 100 1200,720,1224,1200
1437 100 1200,720,1224,1200
1438 100 1224,720,1224,1200
1439 100 1224,720,1224,1200
1440 100 1248,720,1224,1200
1441 100 1248,720,1224,1200
1442 100 1248,720,1224,1200
1443 100 1248,720,1224,1200
1444 100 1272,696,1224,1224
1445 100 1272,720,1224,1200
1446 100 1296,720,1224,1200
1447 100 1296,696,1224,1224
1448 100 1320,696,1224,1224
1449 100 1320,696,1224,1224
1450 100 1320,696,1224,1224
1451 100 1320,696,1224,1224
1452 100 1320,696,1224,1224
1453 100 1320,696,1224,1224
1454 100 1320,696,1224,1200
1455 100 1320,696,1224,1200
1456 100 1320,696,1224,1200
1457 100 1320,696,1224,1200
1458 100 1320,696,1224,1200
1459 100 1320,696,1224,1200
1460 100 1320,696,1224,1200
1461 100 1344,696,1224,1200
1462 100 1344,672,1224,1224
1463 100 1344,672,1224,1224
1464 100 1344,672,1224,1200
1465 100 1368,672,1224,1200
1466 100 1368,672,1224,1200
1467 100 1368,672,1224,1200
1468 100 1368,648,1224,1224
1469 100 1368,648,1224,1224
1470 100 1368,648,1224,1224
1471 100 1368,648,1224,1224
1472 100 1392,648,1224,1224
1473 100 1392,648,1224,1224
1474 100 1392,648,1224,1224
1475 100 1392,648,1224,1200
1476 100 1392,648,1224,1200
1477 100 1392,648,1224,1200
1478 100 1392,648,1224,1224
1479 100 1416,648,1224,1224
1480 100 1416,648,1224,1224
1481 100 1416,648,1224,1224
1482 100 1416,648,1224,1224
1483 100 1416,672,1224,1200
1484 100 1440,672,1224,1200
1485 100 1440,672,1224,1224
1486 100 1440,672,1224,1224
1487 100 1440,672,1224,1224
1488 100 1416,672,1224,1224
1489 100 1416,672,1224,1224
1490 100 1416,696,1224,1200
1491 100 1416,696,1224,1200
1492 100 1416,696,1224,1200
1493 100 1392,696,1224,1224
1494 100 1392,720,1224,1200
1495 100 1392,720,1224,1200
1496 100 1368,720,1224,1200
1497 100 1344,720,1224,1224
1498 100 1344,720,1224,1224
1499 100 1344,744,1224,1200
1500 100 1344,744,1224,1200
1501 100 1320,744,1224,1200
1502 100 1320,744,1224,1224
1503 100 1320,744,1224,1224
1504 100 1320,744,1224,1200
1505 100 1296,744,1224,1200
1506 100 1296,744,1224,1224
1507 100 1296,744,1224,1224
1508 100 1296,768,1224,1200
1509 100 1272,768,1224,1200
1510 100 1272,768,1224,1200
1511 100 1248,768,1224,1200
1512 100 1248,768,1224,1200
1513 100 1224,768,1224,1200
1514 100 1224,768,1224,1224
1515 100 1200,768,1224,1224
1516 100 1200,768,1224,1224
1517 100 1200,768,1224,1224
1518 100 1200,768,1224,1224
1519 100 1176,768,1224,1224
1520 100 1176,768,1224,1224
1521 100 1176,768,1224,1224
1522 100 1176,768,1224,1224
1523 100 1152,768,1224,1224
1524 100 1152,768,1224,1224
1525 100 1152,768,1224,1224
1526 100 1152,768,1224,1224
1527 100 1152,768,1224,1224
1528 100 1152,768,1224,1224
1529 100 1152,768,1224,1224
1530 100 1152,768,1224,1224
1531 100 1152,768,1224,1224
1532 100 1152,768,1224,1224
1533 100 1152,768,1224,1224
1534 100 1152,768,1224,1224
1535 100 1152,768,1224,1224
1536 100 1128,768,1224,1224
1537 100 1128,768,1224,1224
1538 100 1128,768,1224,1224
1539 100 1128,768,1224,1224
1540 100 1128,768,1224,1224
1541 100 1128,768,1224,1224
1542 100 1128,768,1224,1224
1543 100 1152,744,1224,1248
1544 100 1152,744,1224,1248
1545 100 1152,744,1224,1224
1546 100 1152,744,1224,1224
1547 100 1152,744,1224,1224
1548 100 1152,744,1224,1224
1549 100 1152,744,1224,1224
1550 100 1152,720,1224,1224
1551 100 1152,720,1224,1224
1552 100 1152,720,1224,1224
1553 100 1152,720,1224,1224
1554 100 1176,720,1224,1224
1555 100 1176,720,1224,1224
1556 100 1176,720,1224,1224
1557 100 1176,720,1224,1200
1558 100 1176,720,1224,1200
1559 100 1176,696,1224,1224
1560 100 1200,696,1224,1224
1561 100 1200,696,1224,1224
1562 100 1200,696,1224,1200
1563 100 1200,672,1224,1224
1564 100 1224,672,1224,1224
1565 100 1224,672,1224,1200
1566 100 1224,648,1224,1224
1567 100 1224,648,1224,1200
1568 100 1224,648,1224,1200
1569 100 1248,624,1224,1224
1570 100 1248,600,1224,1224
1571 100 1248,600,1224,1200
1572 100 1248,576,1224,1224
1573 100 1248,576,1224,1200
1574 100 1248,576,1224,1200
1575 100 1248,576,1224,1200
1576 100 1272,576,1224,1200
1577 100 1272,576,1224,1200
1578 100 1272,576,1224,1200
1579 100 1248,576,1224,1200
1580 100 1248,576,1224,1200
1581 100 1272,576,1224,1200
1582 100 1272,576,1224,1200
1583 100 1272,576,1224,1200
1584 100 1272,552,1224,1224
1585 100 1272,552,1224,1224
1586 100 1272,552,1224,1224
1587 100 1272,552,1224,1200
1588 100 1272,552,1224,1200
1589 100 1272,552,1224,1200
1590 100 1272,552,1224,1200
1591 100 1272,552,1224,1200
1592 100 1272,528,1224,1224
1593 100 1272,528,1224,1224
1594 100 1272,528,1224,1200
1595 100 1272,528,1224,1200
1596 100 1272,504,1224,1224
1597 100 1272,504,1224,1224
1598 100 1296,504,1224,1200
1599 100 1296,504,1224,1200
1600 100 1272,504,1224,1200
1601 100 1272,504,1224,1200
1602 100 1272,480,1224,1224
1603 100 1272,504,1224,1200
1604 100 1272,480,1224,1224
1605 100 1272,480,1224,1224
1606 100 1272,480,1224,1224
1607 100 1272,480,1224,1224
1608 100 1272,504,1224,1200
1609 100 1248,504,1224,1200
1610 100 1248,528,1224,1200
1611 100 1248,552,1224,1200
1612 100 1224,576,1224,1200
1613 100 1200,600,1224,1200
1614 100 1200,600,1224,1224
1615 100 1200,624,1224,1224
1616 100 1200,648,1224,1200
1617 100 1176,672,1224,1224
1618 100 1176,696,1224,1224
1619 100 1176,696,1224,1224
1620 100 1176,696,1224,1224
1621 100 1176,720,1224,1200
1622 100 1152,720,1224,1224
1623 100 1152,744,1224,1224
1624 100 1152,744,1224,1224
1625 100 1176,768,1224,1200
1626 100 1176,768,1224,1200
1627 100 1176,768,1224,1224
1628 100 1176,768,1224,1224
1629 100 1176,792,1224,1200
1630 100 1176,792,1224,1224
1631 100 1176,792,1224,1224
1632 100 1176,816,1224,1200
1633 100 1176,816,1224,1200
1634 100 1176,816,1224,1200
1635 100 1176,816,1224,1200
1636 100 1176,816,1224,1200
1637 100 1200,816,1224,1200
1638 100 1200,816,1224,1200
1639 100 1200,816,1224,1200
1640 100 1200,816,1224,1200
1641 100 1200,816,1224,1224
1642 100 1224,816,1224,1224
1643 100 1224,816,1224,1224
1644 100 1224,816,1224,1200
1645 100 1224,816,1224,1200
1646 100 1248,816,1224,1200
1647 100 1248,792,1224,1224
1648 100 1248,792,1224,1224
1649 100 1272,792,1224,1200
1650 100 1272,792,1224,1200
1651 100 1272,792,1224,1200
1652 100 1296,792,1224,1200
1653 100 1296,792,1224,1200
1654 100 1296,792,1224,1200
1655 100 1296,768,1224,1224
1656 100 1320,768,1224,1224
1657 100 1320,768,1224,1224
1658 100 1320,768,1224,1224
1659 100 1320,768,1224,1200
1660 100 1320,768,1224,1200
1661 100 1344,744,1224,1224
1662 100 1344,744,1224,1224
1663 100 1344,744,1224,1224
1664 100 1344,744,1224,1224
1665 100 1368,744,1224,1224
1666 100 1368,720,1224,1224
1667 100 1392,720,1224,1224
1668 100 1392,720,1224,1224
1669 100 1392,720,1224,1224
1670 100 1392,696,1224,1224
1671 100 1416,696,1224,1224
1672 100 1416,696,1224,1224
1673 100 1416,672,1224,1248
1674 100 1440,672,1224,1224
1675 100 1440,672,1224,1224
1676 100 1440,648,1224,1248
1677 100 1440,648,1224,1224
1678 100 1464,624,1224,1248
1679 100 1464,624,1224,1248
1680 100 1464,600,1224,1272
1681 100 1464,600,1224,1248
1682 100 1488,600,1224,1248
1683 100 1488,600,1224,1248
1684 100 1488,600,1224,1248
1685 100 1488,576,1224,1248
1686 100 1488,576,1224,1248
1687 100 1488,576,1224,1248
1688 100 1488,576,1224,1248
1689 100 1488,576,1224,1248
1690 100 1488,576,1224,1224
1691 100 1512,552,1224,1248
1692 100 1488,552,1224,1248
1693 100 1512,552,1224,1248
1694 100 1488,552,1224,1248
1695 100 1488,552,1224,1248
1696 100 1488,552,1224,1248
1697 100 1488,552,1224,1248
1698 100 1488,552,1224,1248
1699 100 1488,552,1224,1224
1700 100 1488,552,1224,1224
1701 100 1488,552,1224,1224
1702 100 1488,552,1224,1224
1703 100 1488,552,1224,1224
1704 100 1488,552,1224,1224
1705 100 1488,552,1224,1224
1706 100 1488,552,1224,1224
1707 100 1488,552,1224,1224
1708 100 1488,528,1224,1248
1709 100 1488,528,1224,1224
1710 100 1488,528,1224,1224
1711 100 1488,528,1224,1224
1712 100 1488,504,1224,1248
1713 100 1488,504,1224,1224
1714 100 1488,504,1224,1224
1715 100 1488,480,1224,1224
1716 100 1488,480,1224,1224
1717 100 1488,456,1224,1224
1718 100 1488,456,1224,1224
1719 100 1488,456,1224,1224
1720 100 1464,456,1224,1224
1721 100 1464,456,1224,1200
1722 100 1464,456,1224,1200
1723 100 1464,432,1224,1224
1724 100 1440,432,1224,1224
1725 100 1440,432,1224,1224
1726 100 1416,432,1224,1200
1727 100 1416,432,1224,1200
1728 100 1392,408,1224,1224
1729 100 1392,408,1224,1224
1730 100 1368,432,1224,1200
1731 100 1344,408,1224,1224
1732 100 1344,408,1224,1200
1733 100 1320,408,1224,1200
1734 100 1296,408,1224,1200
1735 100 1296,408,1224,1200
1736 100 1272,408,1224,1200
1737 100 1272,408,1224,1200
1738 100 1248,408,1224,1200
1739 100 1248,408,1224,1200
1740 100 1248,408,1224,1224
1741 100 1248,408,1224,1224
1742 100 1248,408,1224,1224
1743 100 1248,432,1224,1200
1744 100 1248,408,1224,1224
1745 100 1248,408,1224,1224
1746 100 1248,408,1224,1224
1747 100 1248,408,1224,1224
1748 100 1248,408,1224,1224
1749 100 1248,408,1224,1224
1750 100 1248,408,1224,1200
1751 100 1248,408,1224,1200
1752 100 1248,408,1224,1200
1753 100 1248,408,1224,1200
1754 100 1272,408,1224,1200
1755 100 1272,408,1224,1200
1756 100 1272,384,1224,1224
1757 100 1272,384,1224,1224
1758 100 1296,384,1224,1224
1759 100 1296,384,1224,1224
1760 100 1296,384,1224,1224
1761 100 1296,384,1224,1224
1762 100 1296,384,1224,1224
1763 100 1296,384,1224,1224
1764 100 1320,408,1224,1200
1765 100 1296,408,1224,1200
1766 100 1320,384,1224,1224
1767 100 1296,384,1224,1224
1768 100 1296,384,1224,1224
1769 100 1296,384,1224,1224
1770 100 1296,384,1224,1224
1771 100 1296,384,1224,1224
1772 100 1296,384,1224,1224
1773 100 1296,384,1224,1224
1774 100 1320,384,1224,1224
1775 100 1320,384,1224,1224
1776 100 1320,384,1224,1224
1777 100 1320,360,1224,1248
1778 100 1320,360,1224,1248
1779 100 1320,360,1224,1248
1780 100 1320,360,1224,1224
1781 100 1320,360,1224,1224
1782 100 1320,360,1224,1224
1783 100 1320,360,1224,1224
1784 100 1344,360,1224,1224
1785 100 1344,360,1224,1224
1786 100 1344,360,1224,1224
1787 100 1344,360,1224,1248
1788 100 1344,360,1224,1248
1789 100 1344,360,1224,1248
1790 100 1344,360,1224,1248
1791 100 1368,360,1224,1248
1792 100 1368,360,1224,1248
1793 100 1368,360,1224,1248
1794 100 1368,360,1224,1248
1795 100 1368,360,1224,1248
1796 100 1368,336,1224,1272
1797 100 1368,336,1224,1272
1798 100 1368,336,1224,1272
1799 100 1368,336,1224,1272
1800 100 1368,336,1224,1272
1801 100 1368,336,1224,1248
1802 100 1368,336,1224,1248
1803 100 1368,312,1224,1272
1804 100 1368,312,1224,1272
1805 100 1368,312,1224,1272
1806 100 1368,312,1224,1272
1807 100 1368,312,1224,1272
1808 100 1368,312,1224,1272
1809 100 1368,312,1224,1272
1810 100 1368,312,1224,1272
1811 100 1368,312,1224,1272
1812 100 1368,288,1224,1296
1813 100 1368,288,1224,1296
1814 100 1368,288,1224,1296
1815 100 1344,288,1224,1296
1816 100 1344,288,1224,1296
1817 100 1344,288,1224,1296
1818 100 1344,288,1224,1296
1819 100 1344,288,1224,1296
1820 100 1344,288,1224,1272
1821 100 1344,288,1224,1272
1822 100 1344,288,1224,1272
1823 100 1344,288,1224,1272
1824 100 1344,264,1224,1296
1825 100 1344,264,1224,1296
1826 100 1344,264,1224,1296
1827 100 1344,264,1224,1296
1828 100 1344,264,1224,1296
1829 100 1344,264,1224,1296
1830 100 1344,264,1224,1296
1831 100 1344,264,1224,1296
1832 100 1344,264,1224,1296
1833 100 1344,264,1224,1296
1834 100 1344,264,1224,1296
1835 100 1344,264,1224,1296
1836 100 1344,264,1224,1296
1837 100 1320,264,1224,1296
1838 100 1344,264,1224,1296
1839 100 1344,264,1224,1296
1840 100 1344,264,1224,1296
1841 100 1344,264,1224,1296
1842 100 1344,264,1224,1296
1843 100 1344,264,1224,1296
1844 100 1344,264,1224,1296
1845 100 1344,264,1224,1296
1846 100 1344,264,1224,1272
1847 100 1344,264,1224,1272
1848 100 1344,264,1224,1272
1849 100 1320,264,1224,1272
1850 100 1320,264,1224,1272
1851 100 1320,264,1224,1272
1852 100 1320,264,1224,1272
1853 100 1320,264,1224,1272
1854 100 1320,264,1224,1272
1855 100 1320,264,1224,1272
1856 100 1320,264,1224,1272
1857 100 1320,264,1224,1272
1858 100 1320,264,1224,1296
1859 100 1320,288,1224,1272
1860 100 1320,288,1224,1272
1861 100 1320,288,1224,1272
1862 100 1320,288,1224,1272
1863 100 1320,288,1224,1272
1864 100 1320,288,1224,1272
1865 100 1320,288,1224,1272
1866 100 1344,288,1224,1272
1867 100 1344,288,1224,1272
1868 100 1344,288,1224,1272
1869 100 1344,288,1224,1296
1870 100 1344,288,1224,1296
1871 100 1344,288,1224,1296
1872 100 1368,288,1224,1296
1873 100 1368,288,1224,1296
1874 100 1368,288,1224,1296
1875 100 1368,288,1224,1296
1876 100 1368,288,1224,1296
1877 100 1368,288,1224,1296
1878 100 1392,288,1224,1296
1879 100 1392,288,1224,1296
1880 100 1392,288,1224,1296
1881 100 1392,288,1224,1296
1882 100 1392,288,1224,1296
1883 100 1392,288,1224,1296
1884 100 1392,288,1224,1296
1885 100 1392,288,1224,1296
1886 100 1392,288,1224,1296
1887 100 1392,288,1224,1296
1888 100 1392,288,1224,1296
1889 100 1392,288,1224,1296
1890 100 1368,288,1224,1296
1891 100 1368,264,1224,1320
1892 100 1368,264,1224,1320
1893 100 1392,264,1224,1320
1894 100 1392,264,1224,1320
1895 100 1392,264,1224,1320
1896 100 1392,264,1224,1320
1897 100 1392,264,1224,1320
1898 100 1416,240,1224,1344
1899 100 1416,240,1224,1344
1900 100 1416,240,1224,1344
1901 100 1416,240,1224,1344
1902 100 1416,240,1224,1344
1903 100 1416,240,1224,1344
1904 100 1416,240,1224,1344
1905 100 1416,240,1224,1344
1906 100 1416,264,1224,1320
1907 100 1416,264,1224,1320
1908 100 1440,264,1224,1320
1909 100 1440,288,1224,1320
1910 100 1440,288,1224,1320
1911 100 1440,288,1224,1320
1912 100 1440,312,1224,1296
1913 100 1440,312,1224,1296
1914 100 1440,336,1224,1272
1915 100 1464,360,1224,1272
1916 100 1464,384,1224,1272
1917 100 1464,408,1224,1248
1918 100 1464,432,1224,1248
1919 100 1464,456,1224,1248
1920 100 1464,480,1224,1248
1921 100 1464,504,1224,1224
1922 100 1464,504,1224,1248
1923 100 1464,528,1224,1224
1924 100 1464,528,1224,1224
1925 100 1464,552,1224,1224
1926 100 1464,552,1224,1224
1927 100 1464,576,1224,1224
1928 100 1464,576,1224,1224
1929 100 1464,576,1224,1224
1930 100 1464,600,1224,1200
1931 100 1464,600,1224,1200
1932 100 1464,600,1224,1200
1933 100 1464,600,1224,1200
1934 100 1464,600,1224,1224
1935 100 1464,600,1224,1224
1936 100 1464,600,1224,1224
1937 100 1464,600,1224,1224
1938 100 1464,600,1224,1224
1939 100 1464,600,1224,1224
1940 100 1464,600,1224,1224
1941 100 1464,600,1224,1224
1942 100 1488,600,1224,1224
1943 100 1488,600,1224,1224
1944 100 1488,600,1224,1224
1945 100 1488,600,1224,1224
1946 100 1488,576,1224,1248
1947 100 1488,576,1224,1248
1948 100 1488,576,1224,1224
1949 100 1488,576,1224,1224
1950 100 1488,576,1224,1224
1951 100 1488,576,1224,1224
1952 100 1488,552,1224,1248
1953 100 1488,552,1224,1248
1954 100 1488,552,1224,1248
1955 100 1488,552,1224,1248
1956 100 1488,552,1224,1248
1957 100 1488,552,1224,1224
1958 100 1488,552,1224,1224
1959 100 1488,552,1224,1224
1960 100 1488,528,1224,1248
1961 100 1512,528,1224,1248
1962 100 1512,528,1224,1248
1963 100 1512,528,1224,1248
1964 100 1512,528,1224,1248
1965 100 1512,528,1224,1248
1966 100 1512,528,1224,1248
1967 100 1512,528,1224,1248
1968 100 1512,552,1224,1224
1969 100 1512,528,1224,1248
1970 100 1512,528,1224,1248
1971 100 1512,528,1224,1248
1972 100 1512,528,1224,1224
1973 100 1512,528,1224,1224
1974 100 1512,528,1224,1224
1975 100 1512,504,1224,1248
1976 100 1512,504,1224,1224
1977 100 1512,504,1224,1224
1978 100 1512,504,1224,1224
1979 100 1512,480,1224,1248
1980 100 1488,480,1224,1248
1981 100 1488,480,1224,1224
1982 100 1488,480,1224,1224
1983 100 1488,480,1224,1224
1984 100 1512,480,1224,1224
1985 100 1512,456,1224,1224
1986 100 1512,456,1224,1224
1987 100 1512,456,1224,1224
1988 100 1512,432,1224,1224
1989 100 1512,432,1224,1224
1990 100 1512,432,1224,1200
1991 100 1512,408,1224,1224
1992 100 1512,408,1224,1224
1993 100 1512,408,1224,1200
1994 100 1512,384,1224,1224
1995 100 1512,384,1224,1200
1996 100 1512,384,1224,1200
1997 100 1512,360,1224,1224
1998 100 1512,360,1224,1200
1999 100 1512,360,1224,1200
2000 100 1488,336,1224,1224
2001 100 1512,336,1224,1200
2002 100 1512,336,1224,1200
2003 100 1512,336,1224,1200
2004 100 1512,312,1224,1224
2005 100 1512,312,1224,1224
2006 100 1512,312,1224,1224
2007 100 1512,312,1224,1224
2008 100 1512,312,1224,1200
2009 100 1512,288,1224,1224
2010 100 1512,288,1224,1224
2011 100 1512,288,1224,1224
2012 100 1488,288,1224,1224
2013 100 1488,288,1224,1224
2014 100 1488,264,1224,1224
2015 100 1488,264,1224,1224
2016 100 1488,264,1224,1224
2017 100 1488,264,1224,1224
2018 100 1488,264,1224,1224
2019 100 1488,264,1224,1224
2020 100 1488,264,1224,1224
2021 100 1488,264,1224,1224
2022 100 1488,264,1224,1224
2023 100 1488,264,1224,1224
2024 100 1488,264,1224,1224
2025 100 1488,264,1224,1224
2026 100 1488,264,1224,1224
2027 100 1488,264,1224,1224
2028 100 1488,288,1224,1200
2029 100 1488,288,1224,1200
2030 100 1488,288,1224,1200
2031 100 1488,288,1224,1200
2032 100 1488,288,1224,1200
2033 100 1488,288,1224,1200
2034 100 1488,288,1224,1200
2035 100 1488,288,1224,1200
2036 100 1488,288,1224,1200
2037 100 1488,288,1224,1200
2038 100 1488,288,1224,1200
2039 100 1488,288,1224,1224
2040 100 1488,288,1224,1224
2041 100 1488,288,1224,1224
2042 100 1488,288,1224,1224
2043 100 1488,288,1224,1224
2044 100 1488,312,1224,1200
2045 100 1488,312,1224,1200
2046 100 1488,312,1224,1200
2047 100 1488,312,1224,1200
2048 100 1488,312,1224,1224
2049 100 1512,336,1224,1200
2050 100 1512,336,1224,1200
2051 100 1512,336,1224,1200
2052 100 1512,336,1224,1224
2053 100 1512,336,1224,1224
2054 100 1512,360,1224,1200
2055 100 1512,360,1224,1200
2056 100 1512,360,1224,1200
2057 100 1512,360,1224,1224
2058 100 1512,384,1224,1200
2059 100 1512,384,1224,1200
2060 100 1512,384,1224,1200
2061 100 1512,384,1224,1224
2062 100 1512,408,1224,1200
2063 100 1512,408,1224,1200
2064 100 1512,432,1224,1200
2065 100 1512,432,1224,1200
2066 100 1512,432,1224,1224
2067 100 1512,456,1224,1200
2068 100 1512,456,1224,1200
2069 100 1488,456,1224,1224
2070 100 1488,480,1224,1200
2071 100 1488,480,1224,1200
2072 100 1488,480,1224,1224
2073 100 1488,480,1224,1224
2074 100 1464,504,1224,1200
2075 100 1464,504,1224,1224
2076 100 1440,504,1224,1224
2077 100 1440,504,1224,1224
2078 100 1416,504,1224,1224
2079 100 1416,504,1224,1224
2080 100 1416,504,1224,1224
2081 100 1392,528,1224,1200
2082 100 1392,528,1224,1224
2083 100 1368,528,1224,1224
2084 100 1368,528,1224,1224
2085 100 1368,528,1224,1224
2086 100 1344,552,1224,1224
2087 100 1344,552,1224,1224
2088 100 1344,552,1224,1224
2089 100 1344,552,1224,1224
2090 100 1344,552,1224,1248
2091 100 1344,576,1224,1224
2092 100 1344,576,1224,1224
2093 100 1320,576,1224,1224
2094 100 1320,576,1224,1224
2095 100 1320,576,1224,1248
2096 100 1320,576,1224,1248
2097 100 1320,576,1224,1248
2098 100 1320,576,1224,1248
2099 100 1320,576,1224,1248
