0 100 888,576,1224,1200
1 100 888,576,1224,1200
2 100 888,576,1224,1200
3 100 888,576,1224,1200
4 100 888,576,1224,1200
5 100 888,576,1224,1200
6 100 888,576,1224,1200
7 100 888,576,1224,1200
8 100 888,576,1224,1200
9 100 888,576,1224,1200
10 100 888,576,1224,1200
11 100 888,576,1224,1200
12 100 888,576,1224,1200
13 100 888,576,1224,1200
14 100 888,576,1224,1200
15 100 888,576,1224,1200
16 100 888,576,1224,1200
17 100 888,576,1224,1200
18 100 912,576,1224,1224
19 100 912,576,1224,1224
20 100 912,576,1224,1224
21 100 1008,576,1224,1224
22 100 1008,576,1224,1224
23 100 1032,576,1224,1200
24 100 1032,576,1224,1200
25 100 1080,576,1224,1200
26 100 1080,576,1224,1200
27 100 1104,576,1224,1200
28 100 1104,576,1224,1200
29 100 1128,576,1224,1224
30 100 1128,576,1224,1224
31 100 1128,600,1224,1200
32 100 1128,600,1224,1200
33 100 1128,600,1224,1200
34 100 1152,600,1224,1200
35 100 1152,600,1224,1200
36 100 1176,600,1224,1200
37 100 1176,600,1224,1200
38 100 1176,600,1224,1200
39 100 1176,600,1224,1200
40 100 1200,600,1224,1200
41 100 1200,600,1224,1200
42 100 1200,600,1224,1200
43 100 1200,600,1224,1200
44 100 1200,600,1224,1200
45 100 1224,600,1224,1200
46 100 1224,600,1224,1200
47 100 1224,600,1224,1224
48 100 1224,600,1224,1224
49 100 1224,600,1224,1224
50 100 1224,600,1224,1224
51 100 1224,600,1224,1200
52 100 1224,600,1224,1200
53 100 1224,600,1224,1200
54 100 1248,576,1224,1200
55 100 1272,576,1224,1200
56 100 1272,576,1224,1200
57 100 1296,552,1224,1200
58 100 1296,552,1224,1200
59 100 1296,552,1224,1200
60 100 1320,552,1224,1200
61 100 1320,552,1224,1200
62 100 1344,552,1224,1200
63 100 1344,552,1224,1200
64 100 1368,552,1224,1200
65 100 1368,552,1224,1200
66 100 1416,528,1224,1200
67 100 1416,528,1224,1224
68 100 1416,528,1224,1224
69 100 1440,528,1224,1224
70 100 1440,528,1224,1224
71 100 1464,528,1224,1224
72 100 1512,528,1224,1224
73 100 1512,528,1224,1224
74 100 1512,528,1224,1200
75 100 1512,528,1224,1200
76 100 1536,528,1224,1224
77 100 1536,528,1224,1224
78 100 1512,552,1224,1200
79 100 1464,552,1224,1200
80 100 1464,552,1224,1200
81 100 1464,552,1224,1200
82 100 1464,552,1224,1200
83 100 1464,552,1224,1200
84 100 1464,528,1224,1200
85 100 1464,528,1224,1200
86 100 1440,528,1224,1224
87 100 1440,528,1224,1224
88 100 1416,552,1224,1200
89 100 1416,552,1224,1200
90 100 1416,552,1224,1200
91 100 1392,552,1224,1200
92 100 1392,552,1224,1200
93 100 1392,552,1224,1200
94 100 1392,528,1224,1224
95 100 1368,528,1224,1224
96 100 1368,528,1224,1224
97 100 1368,528,1224,1224
98 100 1368,528,1224,1224
99 100 1368,528,1224,1224
100 100 1368,528,1224,1224
101 100 1368,528,1224,1200
102 100 1368,528,1224,1224
103 100 1392,528,1224,1200
104 100 1392,528,1224,1200
105 100 1368,528,1224,1200
106 100 1368,528,1224,1200
107 100 1368,504,1224,1224
108 100 1368,504,1224,1200
109 100 1368,504,1224,1200
110 100 1344,504,1224,1224
111 100 1344,504,1224,1224
112 100 1344,504,1224,1224
113 100 1344,504,1224,1224
114 100 1320,504,1224,1224
115 100 1320,528,1224,1200
116 100 1320,528,1224,1200
117 100 1320,528,1224,1200
118 100 1320,528,1224,1200
119 100 1320,528,1224,1200
120 100 1320,528,1224,1200
121 100 1320,528,1224,1200
122 100 1320,528,1224,1200
123 100 1320,528,1224,1200
124 100 1296,528,1224,1224
125 100 1296,528,1224,1224
126 100 1296,552,1224,1200
127 100 1296,552,1224,1200
128 100 1296,552,1224,1200
129 100 1296,576,1224,1200
130 100 1296,576,1224,1200
131 100 1296,576,1224,1200
132 100 1296,576,1224,1224
133 100 1296,576,1224,1224
134 100 1272,600,1224,1200
135 100 1272,600,1224,1200
136 100 1248,600,1224,1200
137 100 1248,600,1224,1200
138 100 1224,600,1224,1224
139 100 1200,624,1224,1200
140 100 1200,624,1224,1200
141 100 1176,648,1224,1200
142 100 1176,648,1224,1200
143 100 1176,648,1224,1224
144 100 1152,672,1224,1200
145 100 1152,672,1224,1200
146 100 1152,672,1224,1200
147 100 1152,672,1224,1200
148 100 1128,672,1224,1200
149 100 1080,672,1224,1224
150 100 1080,672,1224,1224
151 100 1056,696,1224,1200
152 100 1056,696,1224,1200
153 100 1008,696,1224,1200
154 100 1008,696,1224,1200
155 100 984,696,1224,1224
156 100 936,696,1224,1224
157 100 936,696,1224,1224
158 100 912,696,1224,1224
159 100 912,696,1224,1224
160 100 888,720,1224,1200
161 100 888,720,1224,1200
162 100 888,720,1224,1200
163 100 864,720,1224,1200
164 100 864,720,1224,1200
165 100 864,720,1224,1200
166 100 840,720,1224,1200
167 100 840,720,1224,1200
168 100 816,720,1224,1200
169 100 816,720,1224,1200
170 100 792,720,1224,1200
171 100 792,720,1224,1200
172 100 792,720,1224,1200
173 100 792,720,1224,1200
174 100 792,720,1224,1200
175 100 792,720,1224,1200
176 100 792,720,1224,1200
177 100 792,720,1224,1200
178 100 792,720,1224,1200
179 100 792,720,1224,1200
180 100 792,720,1224,1224
181 100 792,720,1224,1224
182 100 792,720,1224,1224
183 100 792,720,1224,1224
184 100 792,720,1224,1224
185 100 792,720,1224,1224
186 100 792,720,1224,1224
187 100 792,720,1224,1224
188 100 792,720,1224,1224
189 100 792,720,1224,1224
190 100 768,720,1224,1224
191 100 768,720,1224,1224
192 100 768,720,1224,1224
193 100 744,720,1224,1224
194 100 744,720,1224,1224
195 100 720,744,1224,1200
196 100 720,744,1224,1200
197 100 672,744,1224,1200
198 100 648,744,1224,1200
199 100 648,744,1224,1200
200 100 624,744,1224,1200
201 100 624,744,1224,1200
202 100 576,744,1224,1200
203 100 576,744,1224,1200
204 100 552,768,1224,1200
205 100 504,768,1224,1224
206 100 504,768,1224,1224
207 100 480,768,1224,1224
208 100 480,768,1224,1224
209 100 480,792,1224,1200
210 100 456,792,1224,1200
211 100 456,792,1224,1200
212 100 456,768,1224,1224
213 100 456,768,1224,1224
214 100 432,768,1224,1224
215 100 408,768,1224,1224
216 100 408,768,1224,1224
217 100 384,768,1224,1224
218 100 384,768,1224,1224
219 100 336,768,1224,1200
220 100 312,768,1224,1200
221 100 312,768,1224,1200
222 100 264,768,1224,1200
223 100 264,768,1224,1200
224 100 192,768,1224,1200
225 100 192,768,1224,1200
226 100 144,768,1224,1200
227 100 96,768,1224,1200
228 100 96,768,1224,1200
229 100 48,768,1224,1200
230 100 48,768,1224,1200
231 100 0,768,1224,1200
232 100 0,768,1224,1200
233 100 0,768,1224,1200
234 100 0,768,1224,1200
235 100 0,768,1224,1200
236 100 0,768,1224,1200
237 100 0,768,1224,1200
238 100 0,768,1224,1200
239 100 0,768,1224,1200
240 100 0,768,1224,1200
241 100 24,744,1224,1224
242 100 24,744,1224,1224
243 100 0,744,1224,1224
244 100 0,744,1224,1200
245 100 0,744,1224,1200
246 100 0,720,1224,1224
247 100 0,720,1224,1224
248 100 72,720,1224,1200
249 100 24,696,1224,1200
250 100 24,696,1224,1200
251 100 48,696,1224,1200
252 100 48,696,1224,1200
253 100 0,672,1224,1200
254 100 24,648,1224,1200
255 100 24,648,1224,1200
256 100 72,648,1224,1200
257 100 72,648,1224,1200
258 100 96,624,1224,1224
259 100 72,648,1224,1200
260 100 72,648,1224,1200
261 100 96,624,1224,1224
262 100 96,624,1224,1224
263 100 72,624,1224,1224
264 100 72,624,1224,1224
265 100 0,648,1224,1200
266 100 3480,648,1224,1200
267 100 3480,648,1224,1200
268 100 24,624,1224,1224
269 100 24,624,1224,1224
270 100 96,624,1224,1224
271 100 3384,624,1224,1200
272 100 3384,624,1224,1200
273 100 3408,624,1224,1200
274 100 3408,624,1224,1200
275 100 3432,624,1224,1200
276 100 3432,624,1224,1200
277 100 3432,624,1224,1200
278 100 3408,624,1224,1200
279 100 3408,624,1224,1200
280 100 3408,624,1224,1200
281 100 3432,624,1224,1200
282 100 3432,624,1224,1200
283 100 3432,624,1224,1200
284 100 3384,624,1224,1200
285 100 3432,624,1224,1200
286 100 3432,624,1224,1200
287 100 3408,624,1224,1200
288 100 3384,624,1224,1200
289 100 3384,624,1224,1200
290 100 3384,624,1224,1200
291 100 3384,624,1224,1200
292 100 3432,624,1224,1200
293 100 3456,624,1224,1200
294 100 3456,624,1224,1200
295 100 3504,624,1224,1200
296 100 3504,624,1224,1200
297 100 3504,624,1224,1200
298 100 3528,600,1224,1224
299 100 3528,600,1224,1224
300 100 0,600,1224,1224
301 100 0,600,1224,1224
302 100 24,600,1224,1224
303 100 24,600,1224,1224
304 100 24,600,1224,1224
305 100 24,600,1224,1224
306 100 24,600,1224,1224
307 100 0,600,1224,1224
308 100 0,600,1224,1224
309 100 24,600,1224,1224
310 100 24,600,1224,1224
311 100 24,600,1224,1224
312 100 72,600,1224,1224
313 100 72,600,1224,1224
314 100 3432,600,1224,1200
315 100 0,576,1224,1224
316 100 0,576,1224,1224
317 100 3432,576,1224,1200
318 100 3432,576,1224,1200
319 100 3576,552,1224,1224
320 100 3576,552,1224,1224
321 100 48,552,1224,1224
322 100 48,552,1224,1224
323 100 48,552,1224,1224
324 100 24,552,1224,1224
325 100 24,552,1224,1224
326 100 0,552,1224,1224
327 100 0,552,1224,1224
328 100 0,552,1224,1224
329 100 3432,552,1224,1200
330 100 3432,552,1224,1200
331 100 3384,528,1224,1200
332 100 3480,528,1224,1200
333 100 3480,528,1224,1200
334 100 3432,528,1224,1200
335 100 3432,528,1224,1200
336 100 3432,528,1224,1200
337 100 3432,528,1224,1200
338 100 3528,528,1224,1200
339 100 3600,504,1224,1224
340 100 3600,504,1224,1224
341 100 48,504,1224,1224
342 100 48,504,1224,1224
343 100 3408,504,1224,1200
344 100 3480,504,1224,1200
345 100 3480,504,1224,1200
346 100 3456,504,1224,1200
347 100 3456,504,1224,1200
348 100 3504,504,1224,1200
349 100 3504,504,1224,1200
350 100 3504,504,1224,1200
351 100 3552,480,1224,1224
352 100 3552,480,1224,1224
353 100 0,480,1224,1224
354 100 0,480,1224,1224
355 100 24,480,1224,1224
356 100 0,480,1224,1224
357 100 0,480,1224,1224
358 100 3552,480,1224,1224
359 100 3552,480,1224,1224
360 100 3504,504,1224,1200
361 100 3480,504,1224,1200
362 100 3480,504,1224,1200
363 100 3456,504,1224,1200
364 100 3456,504,1224,1200
365 100 3456,504,1224,1200
366 100 3480,504,1224,1200
367 100 3480,504,1224,1200
368 100 3480,504,1224,1200
369 100 3480,504,1224,1200
370 100 3408,504,1224,1200
371 100 3600,504,1224,1224
372 100 3600,504,1224,1224
373 100 3480,528,1224,1200
374 100 3480,528,1224,1200
375 100 3456,528,1224,1200
376 100 3480,528,1224,1200
377 100 3480,528,1224,1200
378 100 3480,528,1224,1200
379 100 3480,528,1224,1200
380 100 3528,504,1224,1224
381 100 3528,504,1224,1224
382 100 3528,504,1224,1224
383 100 3528,528,1224,1200
384 100 3528,528,1224,1200
385 100 3552,504,1224,1224
386 100 3552,504,1224,1224
387 100 3672,504,1224,1224
388 100 3648,504,1224,1224
389 100 3648,504,1224,1224
390 100 0,504,1224,1224
391 100 0,504,1224,1224
392 100 3408,504,1224,1200
393 100 3456,504,1224,1200
394 100 3456,504,1224,1200
395 100 0,480,1224,1224
396 100 0,480,1224,1224
397 100 120,480,1224,1224
398 100 24,480,1224,1200
399 100 24,480,1224,1200
400 100 3408,456,1224,1200
401 100 3408,456,1224,1200
402 100 24,432,1224,1224
403 100 24,432,1224,1224
404 100 144,432,1224,1224
405 100 0,432,1224,1200
406 100 0,432,1224,1200
407 100 24,432,1224,1200
408 100 24,432,1224,1200
409 100 48,432,1224,1200
410 100 72,408,1224,1224
411 100 72,408,1224,1224
412 100 24,408,1224,1224
413 100 24,408,1224,1224
414 100 48,408,1224,1200
415 100 0,408,1224,1200
416 100 0,408,1224,1200
417 100 48,408,1224,1200
418 100 48,408,1224,1200
419 100 24,408,1224,1200
420 100 0,408,1224,1200
421 100 0,408,1224,1200
422 100 24,408,1224,1200
423 100 24,408,1224,1200
424 100 0,408,1224,1224
425 100 0,408,1224,1224
426 100 0,408,1224,1224
427 100 0,408,1224,1224
428 100 0,408,1224,1224
429 100 0,408,1224,1224
430 100 48,432,1224,1200
431 100 48,432,1224,1200
432 100 48,432,1224,1200
433 100 72,432,1224,1200
434 100 120,432,1224,1224
435 100 120,432,1224,1224
436 100 144,432,1224,1224
437 100 144,432,1224,1224
438 100 144,432,1224,1224
439 100 168,456,1224,1200
440 100 168,456,1224,1200
441 100 168,456,1224,1200
442 100 192,456,1224,1200
443 100 216,456,1224,1224
444 100 216,480,1224,1200
445 100 216,480,1224,1200
446 100 216,480,1224,1200
447 100 216,480,1224,1200
448 100 216,480,1224,1200
449 100 240,480,1224,1200
450 100 240,480,1224,1200
451 100 240,480,1224,1200
452 100 264,504,1224,1200
453 100 264,504,1224,1200
454 100 264,504,1224,1200
455 100 264,504,1224,1200
456 100 288,504,1224,1224
457 100 288,504,1224,1224
458 100 288,528,1224,1200
459 100 312,528,1224,1200
460 100 312,528,1224,1200
461 100 312,528,1224,1200
462 100 336,528,1224,1224
463 100 360,552,1224,1200
464 100 360,552,1224,1200
465 100 360,552,1224,1200
466 100 384,552,1224,1224
467 100 408,576,1224,1200
468 100 456,600,1224,1200
469 100 456,600,1224,1200
470 100 504,600,1224,1200
471 100 552,600,1224,1200
472 100 552,600,1224,1200
473 100 552,600,1224,1200
474 100 576,600,1224,1200
475 100 624,600,1224,1224
476 100 624,600,1224,1224
477 100 624,600,1224,1224
478 100 672,624,1224,1200
479 100 696,624,1224,1200
480 100 720,624,1224,1200
481 100 720,624,1224,1200
482 100 768,624,1224,1200
483 100 768,624,1224,1200
484 100 768,624,1224,1224
485 100 792,648,1224,1200
486 100 792,648,1224,1200
487 100 816,648,1224,1200
488 100 864,648,1224,1224
489 100 864,648,1224,1224
490 100 864,648,1224,1224
491 100 936,672,1224,1200
492 100 936,672,1224,1200
493 100 936,672,1224,1200
494 100 960,672,1224,1200
495 100 1008,672,1224,1200
496 100 1008,672,1224,1200
497 100 1008,672,1224,1200
498 100 1032,672,1224,1224
499 100 1032,672,1224,1224
500 100 1032,672,1224,1224
501 100 1056,672,1224,1224
502 100 1080,672,1224,1224
503 100 1080,672,1224,1224
504 100 1080,672,1224,1224
505 100 1080,672,1224,1224
506 100 1104,696,1224,1200
507 100 1104,696,1224,1200
508 100 1104,696,1224,1200
509 100 1128,696,1224,1200
510 100 1152,696,1224,1200
511 100 1152,696,1224,1200
512 100 1152,696,1224,1200
513 100 1200,696,1224,1200
514 100 1200,696,1224,1200
515 100 1200,696,1224,1200
516 100 1224,696,1224,1200
517 100 1224,696,1224,1200
518 100 1224,696,1224,1200
519 100 1224,696,1224,1200
520 100 1224,696,1224,1200
521 100 1224,696,1224,1200
522 100 1224,696,1224,1200
523 100 1224,696,1224,1200
524 100 1224,696,1224,1200
525 100 1224,696,1224,1200
526 100 1224,696,1224,1200
527 100 1224,696,1224,1200
528 100 1224,696,1224,1200
529 100 1200,696,1224,1200
530 100 1200,696,1224,1200
531 100 1200,696,1224,1200
532 100 1200,696,1224,1200
533 100 1200,696,1224,1200
534 100 1200,696,1224,1200
535 100 1200,696,1224,1200
536 100 1200,696,1224,1200
537 100 1200,696,1224,1200
538 100 1200,696,1224,1200
539 100 1200,696,1224,1200
540 100 1200,696,1224,1224
541 100 1200,696,1224,1224
542 100 1200,696,1224,1224
543 100 1200,696,1224,1224
544 100 1176,696,1224,1224
545 100 1176,696,1224,1224
546 100 1176,696,1224,1224
547 100 1176,696,1224,1224
548 100 1152,696,1224,1224
549 100 1152,696,1224,1224
550 100 1152,696,1224,1224
551 100 1152,720,1224,1200
552 100 1152,720,1224,1200
553 100 1152,720,1224,1200
554 100 1152,720,1224,1200
555 100 1152,720,1224,1200
556 100 1152,720,1224,1200
557 100 1152,720,1224,1200
558 100 1152,720,1224,1200
559 100 1152,720,1224,1200
560 100 1152,720,1224,1200
561 100 1152,720,1224,1200
562 100 1152,720,1224,1200
563 100 1128,720,1224,1200
564 100 1128,720,1224,1200
565 100 1152,720,1224,1200
566 100 1152,720,1224,1200
567 100 1152,720,1224,1200
568 100 1152,720,1224,1200
569 100 1152,696,1224,1224
570 100 1152,696,1224,1224
571 100 1152,696,1224,1224
572 100 1152,696,1224,1224
573 100 1152,696,1224,1224
574 100 1152,696,1224,1224
575 100 1152,696,1224,1224
576 100 1152,696,1224,1224
577 100 1128,696,1224,1224
578 100 1128,696,1224,1224
579 100 1128,696,1224,1224
580 100 1128,696,1224,1224
581 100 1128,696,1224,1200
582 100 1128,696,1224,1224
583 100 1128,696,1224,1224
584 100 1128,696,1224,1224
585 100 1128,696,1224,1224
586 100 1128,696,1224,1224
587 100 1128,696,1224,1200
588 100 1128,696,1224,1200
589 100 1128,696,1224,1200
590 100 1104,696,1224,1200
591 100 1104,696,1224,1200
592 100 1104,696,1224,1200
593 100 1104,696,1224,1200
594 100 1104,696,1224,1200
595 100 1104,696,1224,1200
596 100 1104,696,1224,1200
597 100 1104,696,1224,1224
598 100 1104,696,1224,1224
599 100 1104,696,1224,1224
600 100 1104,696,1224,1224
601 100 1104,696,1224,1224
602 100 1080,720,1224,1200
603 100 1080,720,1224,1200
604 100 1080,720,1224,1200
605 100 1080,720,1224,1200
606 100 1080,720,1224,1200
607 100 1080,696,1224,1224
608 100 1080,720,1224,1200
609 100 1080,720,1224,1200
610 100 1080,720,1224,1200
611 100 1080,720,1224,1200
612 100 1080,720,1224,1200
613 100 1080,720,1224,1200
614 100 1104,720,1224,1200
615 100 1104,720,1224,1200
616 100 1104,720,1224,1200
617 100 1104,720,1224,1200
618 100 1104,720,1224,1200
619 100 1104,720,1224,1200
620 100 1128,720,1224,1200
621 100 1128,720,1224,1200
622 100 1128,720,1224,1200
623 100 1128,720,1224,1200
624 100 1128,720,1224,1200
625 100 1128,720,1224,1200
626 100 1128,720,1224,1200
627 100 1128,720,1224,1200
628 100 1128,720,1224,1200
629 100 1152,720,1224,1200
630 100 1152,720,1224,1200
631 100 1152,720,1224,1200
632 100 1152,720,1224,1200
633 100 1152,720,1224,1200
634 100 1152,720,1224,1200
635 100 1152,720,1224,1200
636 100 1152,720,1224,1200
637 100 1152,720,1224,1200
638 100 1176,696,1224,1224
639 100 1176,696,1224,1224
640 100 1176,696,1224,1224
641 100 1176,696,1224,1224
642 100 1176,696,1224,1224
643 100 1200,696,1224,1224
644 100 1200,696,1224,1224
645 100 1200,696,1224,1224
646 100 1200,696,1224,1224
647 100 1200,696,1224,1224
648 100 1200,696,1224,1200
649 100 1200,696,1224,1200
650 100 1200,696,1224,1200
651 100 1200,696,1224,1224
652 100 1200,696,1224,1224
653 100 1176,696,1224,1224
654 100 1176,720,1224,1200
655 100 1176,720,1224,1200
656 100 1176,720,1224,1200
657 100 1176,720,1224,1200
658 100 1176,720,1224,1200
659 100 1176,720,1224,1200
660 100 1176,720,1224,1200
661 100 1176,720,1224,1200
662 100 1176,720,1224,1200
663 100 1176,720,1224,1200
664 100 1176,720,1224,1200
665 100 1152,720,1224,1224
666 100 1152,720,1224,1224
667 100 1152,720,1224,1224
668 100 1152,720,1224,1224
669 100 1152,720,1224,1224
670 100 1152,744,1224,1200
671 100 1152,744,1224,1200
672 100 1152,744,1224,1200
673 100 1152,744,1224,1224
674 100 1152,744,1224,1224
675 100 1152,744,1224,1224
676 100 1152,744,1224,1224
677 100 1152,744,1224,1224
678 100 1152,768,1224,1200
679 100 1152,768,1224,1200
680 100 1152,768,1224,1200
681 100 1152,768,1224,1200
682 100 1152,768,1224,1200
683 100 1152,768,1224,1200
684 100 1152,768,1224,1200
685 100 1152,768,1224,1200
686 100 1152,768,1224,1200
687 100 1152,768,1224,1200
688 100 1152,768,1224,1200
689 100 1152,768,1224,1200
690 100 1152,768,1224,1200
691 100 1152,768,1224,1200
692 100 1152,768,1224,1200
693 100 1152,768,1224,1200
694 100 1128,768,1224,1224
695 100 1128,768,1224,1224
696 100 1128,768,1224,1224
697 100 1128,768,1224,1224
698 100 1128,768,1224,1224
699 100 1128,768,1224,1224
700 100 1128,792,1224,1200
701 100 1128,792,1224,1200
702 100 1128,792,1224,1200
703 100 1128,792,1224,1200
704 100 1128,792,1224,1200
705 100 1128,792,1224,1224
706 100 1128,792,1224,1224
707 100 1104,816,1224,1200
708 100 1104,816,1224,1200
709 100 1104,816,1224,1200
710 100 1104,816,1224,1200
711 100 1104,816,1224,1200
712 100 1104,816,1224,1200
713 100 1104,816,1224,1200
714 100 1104,816,1224,1200
715 100 1128,816,1224,1224
716 100 1128,816,1224,1200
717 100 1128,816,1224,1200
718 100 1128,816,1224,1200
719 100 1128,816,1224,1224
720 100 1128,816,1224,1224
721 100 1152,816,1224,1200
722 100 1152,816,1224,1200
723 100 1152,840,1224,1200
724 100 1152,840,1224,1200
725 100 1128,840,1224,1224
726 100 1128,840,1224,1224
727 100 1104,864,1224,1200
728 100 1128,864,1224,1200
729 100 1128,864,1224,1200
730 100 1128,864,1224,1200
731 100 1128,840,1224,1224
732 100 1128,840,1224,1224
733 100 1128,840,1224,1224
734 100 1104,840,1224,1224
735 100 1104,864,1224,1200
736 100 1104,864,1224,1200
737 100 1104,840,1224,1224
738 100 1104,840,1224,1224
739 100 1104,840,1224,1224
740 100 1104,840,1224,1224
741 100 1104,840,1224,1200
742 100 1104,840,1224,1200
743 100 1080,840,1224,1200
744 100 1080,840,1224,1200
745 100 1080,840,1224,1200
746 100 1080,840,1224,1200
747 100 1080,840,1224,1200
748 100 1080,840,1224,1200
749 100 1104,840,1224,1200
750 100 1104,840,1224,1200
751 100 1104,840,1224,1200
752 100 1104,840,1224,1200
753 100 1128,816,1224,1224
754 100 1128,816,1224,1224
755 100 1104,840,1224,1200
756 100 1104,840,1224,1200
757 100 1128,840,1224,1200
758 100 1128,840,1224,1200
759 100 1128,840,1224,1200
760 100 1152,840,1224,1200
761 100 1152,840,1224,1200
762 100 1152,840,1224,1200
763 100 1152,840,1224,1200
764 100 1176,816,1224,1200
765 100 1176,816,1224,1200
766 100 1176,816,1224,1200
767 100 1176,816,1224,1200
768 100 1176,816,1224,1200
769 100 1176,816,1224,1200
770 100 1200,792,1224,1224
771 100 1200,792,1224,1224
772 100 1176,792,1224,1224
773 100 1176,792,1224,1224
774 100 1176,792,1224,1224
775 100 1200,792,1224,1200
776 100 1200,792,1224,1200
777 100 1200,792,1224,1200
778 100 1200,792,1224,1200
779 100 1200,792,1224,1200
780 100 1200,792,1224,1200
781 100 1200,792,1224,1200
782 100 1200,792,1224,1200
783 100 1200,768,1224,1224
784 100 1200,768,1224,1224
785 100 1176,768,1224,1224
786 100 1176,768,1224,1224
787 100 1176,768,1224,1200
788 100 1176,768,1224,1200
789 100 1176,768,1224,1200
790 100 1176,768,1224,1200
791 100 1176,768,1224,1200
792 100 1176,768,1224,1200
793 100 1176,744,1224,1224
794 100 1176,744,1224,1200
795 100 1176,744,1224,1200
796 100 1176,744,1224,1200
797 100 1152,744,1224,1200
798 100 1152,744,1224,1200
799 100 1152,744,1224,1200
800 100 1152,744,1224,1200
801 100 1152,744,1224,1200
802 100 1152,744,1224,1200
803 100 1152,744,1224,1200
804 100 1152,744,1224,1200
805 100 1152,744,1224,1200
806 100 1152,744,1224,1200
807 100 1152,744,1224,1200
808 100 1176,744,1224,1200
809 100 1176,744,1224,1200
810 100 1176,744,1224,1200
811 100 1176,744,1224,1200
812 100 1176,744,1224,1200
813 100 1176,744,1224,1200
814 100 1200,744,1224,1224
815 100 1200,744,1224,1200
816 100 1200,744,1224,1200
817 100 1200,744,1224,1200
818 100 1224,744,1224,1200
819 100 1224,744,1224,1200
820 100 1224,744,1224,1200
821 100 1248,744,1224,1200
822 100 1248,720,1224,1224
823 100 1248,720,1224,1224
824 100 1248,744,1224,1200
825 100 1248,744,1224,1200
826 100 1248,744,1224,1200
827 100 1248,744,1224,1200
828 100 1248,744,1224,1200
829 100 1248,744,1224,1200
830 100 1248,744,1224,1200
831 100 1248,744,1224,1200
832 100 1224,744,1224,1200
833 100 1224,744,1224,1200
834 100 1224,744,1224,1200
835 100 1224,744,1224,1200
836 100 1224,744,1224,1200
837 100 1224,744,1224,1200
838 100 1224,744,1224,1200
839 100 1224,720,1224,1224
840 100 1224,720,1224,1224
841 100 1224,720,1224,1200
842 100 1224,720,1224,1200
843 100 1224,720,1224,1200
844 100 1224,720,1224,1200
845 100 1200,720,1224,1200
846 100 1200,720,1224,1200
847 100 1200,720,1224,1200
848 100 1200,720,1224,1200
849 100 1200,696,1224,1224
850 100 1200,696,1224,1224
851 100 1200,696,1224,1224
852 100 1200,696,1224,1224
853 100 1200,696,1224,1200
854 100 1200,696,1224,1200
855 100 1200,696,1224,1200
856 100 1200,696,1224,1200
857 100 1200,672,1224,1224
858 100 1200,672,1224,1224
859 100 1200,672,1224,1200
860 100 1200,672,1224,1200
861 100 1224,672,1224,1200
862 100 1224,648,1224,1200
863 100 1224,648,1224,1200
864 100 1224,648,1224,1200
865 100 1224,624,1224,1224
866 100 1224,624,1224,1224
867 100 1224,600,1224,1224
868 100 1224,600,1224,1200
869 100 1248,552,1224,1224
870 100 1248,552,1224,1224
871 100 1248,552,1224,1200
872 100 1248,552,1224,1200
873 100 1248,528,1224,1224
874 100 1248,528,1224,1224
875 100 1248,528,1224,1224
876 100 1224,504,1224,1224
877 100 1224,504,1224,1224
878 100 1200,504,1224,1200
879 100 1200,504,1224,1200
880 100 1200,504,1224,1200
881 100 1176,480,1224,1224
882 100 1176,480,1224,1224
883 100 1176,480,1224,1224
884 100 1152,480,1224,1200
885 100 1152,480,1224,1200
886 100 1152,456,1224,1200
887 100 1152,456,1224,1200
888 100 1152,456,1224,1200
889 100 1152,456,1224,1224
890 100 1152,456,1224,1224
891 100 1152,456,1224,1224
892 100 1152,456,1224,1224
893 100 1152,456,1224,1224
894 100 1152,456,1224,1224
895 100 1152,456,1224,1224
896 100 1152,456,1224,1224
897 100 1152,456,1224,1224
898 100 1152,480,1224,1200
899 100 1152,480,1224,1200
900 100 1152,480,1224,1200
901 100 1152,480,1224,1200
902 100 1152,480,1224,1200
903 100 1152,480,1224,1200
904 100 1128,456,1224,1224
905 100 1128,480,1224,1200
906 100 1128,480,1224,1200
907 100 1128,480,1224,1200
908 100 1128,480,1224,1200
909 100 1104,456,1224,1224
910 100 1104,456,1224,1224
911 100 1104,456,1224,1224
912 100 1104,456,1224,1224
913 100 1104,456,1224,1224
914 100 1104,456,1224,1224
915 100 1080,456,1224,1224
916 100 1080,456,1224,1224
917 100 1080,456,1224,1224
918 100 1056,456,1224,1224
919 100 1056,456,1224,1224
920 100 1032,456,1224,1224
921 100 1032,456,1224,1224
922 100 1032,456,1224,1224
923 100 984,480,1224,1200
924 100 984,480,1224,1200
925 100 912,480,1224,1200
926 100 912,480,1224,1200
927 100 912,480,1224,1200
928 100 888,480,1224,1200
929 100 840,480,1224,1200
930 100 840,480,1224,1200
931 100 840,480,1224,1200
932 100 816,480,1224,1200
933 100 816,480,1224,1200
934 100 792,480,1224,1200
935 100 792,480,1224,1200
936 100 792,480,1224,1200
937 100 768,480,1224,1200
938 100 768,480,1224,1200
939 100 768,480,1224,1200
940 100 768,480,1224,1200
941 100 768,480,1224,1200
942 100 768,480,1224,1200
943 100 768,480,1224,1200
944 100 768,480,1224,1200
945 100 768,480,1224,1200
946 100 768,480,1224,1200
947 100 768,480,1224,1200
948 100 768,480,1224,1200
949 100 768,480,1224,1200
950 100 744,480,1224,1200
951 100 720,480,1224,1224
952 100 720,480,1224,1224
953 100 720,480,1224,1224
954 100 672,480,1224,1224
955 100 672,480,1224,1224
956 100 648,504,1224,1200
957 100 648,504,1224,1200
958 100 648,504,1224,1200
959 100 648,504,1224,1200
960 100 648,504,1224,1200
961 100 624,480,1224,1224
962 100 624,480,1224,1224
963 100 624,480,1224,1224
964 100 648,480,1224,1224
965 100 648,480,1224,1224
966 100 648,480,1224,1200
967 100 648,480,1224,1200
968 100 648,480,1224,1200
969 100 648,480,1224,1200
970 100 672,480,1224,1200
971 100 672,480,1224,1200
972 100 696,456,1224,1224
973 100 696,456,1224,1224
974 100 720,456,1224,1224
975 100 720,456,1224,1224
976 100 744,456,1224,1200
977 100 744,456,1224,1200
978 100 744,456,1224,1200
979 100 792,456,1224,1200
980 100 792,456,1224,1200
981 100 816,456,1224,1200
982 100 816,456,1224,1200
983 100 816,456,1224,1200
984 100 840,456,1224,1224
985 100 840,456,1224,1224
986 100 864,480,1224,1200
987 100 864,456,1224,1224
988 100 864,456,1224,1224
989 100 864,456,1224,1224
990 100 888,456,1224,1200
991 100 888,456,1224,1200
992 100 936,456,1224,1200
993 100 936,456,1224,1200
994 100 936,456,1224,1200
995 100 960,480,1224,1200
996 100 984,480,1224,1200
997 100 1008,480,1224,1200
998 100 1008,480,1224,1200
999 100 1032,480,1224,1200
1000 100 1056,456,1224,1200
1001 100 1056,456,1224,1200
1002 100 1056,456,1224,1200
1003 100 1080,456,1224,1200
1004 100 1104,456,1224,1200
1005 100 1104,456,1224,1200
1006 100 1104,456,1224,1200
1007 100 1128,432,1224,1224
1008 100 1152,456,1224,1200
1009 100 1176,456,1224,1200
1010 100 1176,456,1224,1200
1011 100 1176,456,1224,1200
1012 100 1176,456,1224,1200
1013 100 1176,456,1224,1200
1014 100 1176,456,1224,1200
1015 100 1176,456,1224,1200
1016 100 1176,456,1224,1200
1017 100 1176,456,1224,1224
1018 100 1176,456,1224,1224
1019 100 1176,456,1224,1224
1020 100 1176,456,1224,1224
1021 100 1176,456,1224,1224
1022 100 1176,480,1224,1200
1023 100 1176,480,1224,1200
1024 100 1176,480,1224,1200
1025 100 1200,480,1224,1200
1026 100 1200,480,1224,1200
1027 100 1200,480,1224,1200
1028 100 1200,480,1224,1200
1029 100 1200,480,1224,1200
1030 100 1200,480,1224,1200
1031 100 1200,480,1224,1200
1032 100 1176,480,1224,1200
1033 100 1176,480,1224,1200
1034 100 1176,480,1224,1200
1035 100 1176,480,1224,1200
1036 100 1200,480,1224,1200
1037 100 1200,480,1224,1200
1038 100 1200,480,1224,1224
1039 100 1200,480,1224,1224
1040 100 1200,480,1224,1224
1041 100 1200,480,1224,1200
1042 100 1200,480,1224,1200
1043 100 1224,480,1224,1200
1044 100 1224,480,1224,1200
1045 100 1224,480,1224,1200
1046 100 1224,480,1224,1200
1047 100 1224,480,1224,1200
1048 100 1224,480,1224,1200
1049 100 1224,480,1224,1200
1050 100 1224,480,1224,1200
1051 100 1200,456,1224,1224
1052 100 1200,456,1224,1224
1053 100 1200,456,1224,1224
1054 100 1176,456,1224,1224
1055 100 1176,456,1224,1224
1056 100 1176,480,1224,1200
1057 100 1176,480,1224,1200
1058 100 1176,504,1224,1200
1059 100 1152,504,1224,1200
1060 100 1152,504,1224,1200
1061 100 1152,504,1224,1200
1062 100 1128,504,1224,1200
1063 100 1128,504,1224,1200
1064 100 1104,504,1224,1200
1065 100 1104,504,1224,1200
1066 100 1104,504,1224,1200
1067 100 1080,504,1224,1200
1068 100 1056,504,1224,1224
1069 100 1056,504,1224,1224
1070 100 1056,504,1224,1224
1071 100 1056,528,1224,1200
1072 100 1056,528,1224,1200
1073 100 1056,528,1224,1200
1074 100 1056,528,1224,1200
1075 100 1056,528,1224,1200
1076 100 1056,528,1224,1200
1077 100 1056,528,1224,1200
1078 100 1056,528,1224,1200
1079 100 1056,528,1224,1200
1080 100 1056,528,1224,1224
1081 100 1056,528,1224,1224
1082 100 1056,528,1224,1200
1083 100 1056,528,1224,1200
1084 100 1056,528,1224,1200
1085 100 1056,528,1224,1200
1086 100 1056,528,1224,1200
1087 100 1056,528,1224,1200
1088 100 1056,528,1224,1200
1089 100 1056,528,1224,1200
1090 100 1056,528,1224,1200
1091 100 1056,504,1224,1224
1092 100 1056,504,1224,1224
1093 100 1056,528,1224,1200
1094 100 1056,528,1224,1200
1095 100 1056,528,1224,1200
1096 100 1056,504,1224,1224
1097 100 1056,504,1224,1224
1098 100 1056,504,1224,1200
1099 100 1056,504,1224,1200
1100 100 1056,504,1224,1200
1101 100 1032,504,1224,1200
1102 100 1032,504,1224,1200
1103 100 1032,504,1224,1200
1104 100 1032,504,1224,1200
1105 100 1032,504,1224,1200
1106 100 1032,504,1224,1200
1107 100 1032,504,1224,1200
1108 100 1032,504,1224,1200
1109 100 1032,504,1224,1200
1110 100 1032,504,1224,1200
1111 100 1032,504,1224,1200
1112 100 1032,504,1224,1200
1113 100 1032,504,1224,1200
1114 100 1032,504,1224,1200
1115 100 1008,504,1224,1200
1116 100 1008,504,1224,1200
1117 100 984,504,1224,1200
1118 100 984,504,1224,1200
1119 100 984,504,1224,1200
1120 100 984,504,1224,1200
1121 100 984,504,1224,1200
1122 100 984,504,1224,1200
1123 100 984,504,1224,1200
1124 100 984,504,1224,1200
1125 100 984,504,1224,1200
1126 100 984,504,1224,1200
1127 100 1008,504,1224,1200
1128 100 1008,504,1224,1200
1129 100 1008,504,1224,1200
1130 100 1008,504,1224,1200
1131 100 1008,504,1224,1200
1132 100 1008,504,1224,1200
1133 100 1008,504,1224,1200
1134 100 1008,504,1224,1200
1135 100 1032,504,1224,1200
1136 100 1032,504,1224,1200
1137 100 1032,504,1224,1200
1138 100 1056,504,1224,1200
1139 100 1056,504,1224,1200
1140 100 1056,504,1224,1200
1141 100 1056,504,1224,1200
1142 100 1080,504,1224,1200
1143 100 1080,504,1224,1200
1144 100 1080,504,1224,1200
1145 100 1080,504,1224,1200
1146 100 1080,504,1224,1200
1147 100 1080,504,1224,1200
1148 100 1104,504,1224,1200
1149 100 1104,504,1224,1200
1150 100 1104,504,1224,1200
1151 100 1104,504,1224,1200
1152 100 1128,504,1224,1200
1153 100 1128,504,1224,1200
1154 100 1128,504,1224,1200
1155 100 1128,504,1224,1200
1156 100 1128,504,1224,1224
1157 100 1128,504,1224,1224
1158 100 1128,504,1224,1224
1159 100 1128,504,1224,1224
1160 100 1128,504,1224,1224
1161 100 1128,504,1224,1200
1162 100 1128,504,1224,1200
1163 100 1128,504,1224,1200
1164 100 1128,504,1224,1200
1165 100 1128,504,1224,1200
1166 100 1128,504,1224,1200
1167 100 1128,504,1224,1200
1168 100 1104,504,1224,1200
1169 100 1104,504,1224,1200
1170 100 1104,504,1224,1200
1171 100 1080,504,1224,1200
1172 100 1056,504,1224,1200
1173 100 1056,504,1224,1200
1174 100 1056,504,1224,1200
1175 100 1032,504,1224,1200
1176 100 1032,504,1224,1200
1177 100 1032,504,1224,1200
1178 100 1032,504,1224,1200
1179 100 1008,504,1224,1200
1180 100 1008,504,1224,1200
1181 100 1008,504,1224,1200
1182 100 1008,504,1224,1200
1183 100 1008,504,1224,1224
1184 100 1008,504,1224,1224
1185 100 1008,504,1224,1224
1186 100 1008,504,1224,1224
1187 100 1032,504,1224,1200
1188 100 1032,504,1224,1200
1189 100 1032,504,1224,1224
1190 100 1032,504,1224,1224
1191 100 1032,504,1224,1200
1192 100 1032,504,1224,1200
1193 100 1056,504,1224,1224
1194 100 1056,504,1224,1224
1195 100 1056,504,1224,1224
1196 100 1056,504,1224,1224
1197 100 1056,504,1224,1200
1198 100 1080,504,1224,1200
1199 100 1080,504,1224,1200
1200 100 1080,504,1224,1200
1201 100 1104,504,1224,1224
1202 100 1104,504,1224,1224
1203 100 1104,504,1224,1200
1204 100 1104,504,1224,1200
1205 100 1128,504,1224,1200
1206 100 1128,504,1224,1200
1207 100 1128,504,1224,1200
1208 100 1128,504,1224,1200
1209 100 1128,504,1224,1200
1210 100 1128,504,1224,1200
1211 100 1128,504,1224,1200
1212 100 1128,504,1224,1200
1213 100 1128,504,1224,1200
1214 100 1128,504,1224,1200
1215 100 1128,504,1224,1200
1216 100 1128,504,1224,1200
1217 100 1128,504,1224,1200
1218 100 1128,504,1224,1200
1219 100 1128,504,1224,1200
1220 100 1128,504,1224,1200
1221 100 1128,504,1224,1200
1222 100 1128,504,1224,1200
1223 100 1128,504,1224,1200
1224 100 1128,504,1224,1200
1225 100 1128,504,1224,1200
1226 100 1128,504,1224,1200
1227 100 1128,504,1224,1200
1228 100 1128,504,1224,1200
1229 100 1128,504,1224,1200
1230 100 1128,504,1224,1200
1231 100 1128,504,1224,1200
1232 100 1128,504,1224,1200
1233 100 1128,504,1224,1200
1234 100 1128,504,1224,1200
1235 100 1128,504,1224,1200
1236 100 1128,504,1224,1200
1237 100 1128,504,1224,1200
1238 100 1128,504,1224,1224
1239 100 1128,504,1224,1224
1240 100 1128,504,1224,1224
1241 100 1128,504,1224,1224
1242 100 1128,504,1224,1224
1243 100 1128,504,1224,1224
1244 100 1128,504,1224,1224
1245 100 1128,504,1224,1224
1246 100 1128,504,1224,1224
1247 100 1128,504,1224,1224
1248 100 1128,504,1224,1224
1249 100 1152,528,1224,1200
1250 100 1152,528,1224,1200
1251 100 1152,528,1224,1200
1252 100 1152,528,1224,1200
1253 100 1152,528,1224,1200
1254 100 1152,528,1224,1200
1255 100 1152,528,1224,1200
1256 100 1152,528,1224,1224
1257 100 1152,528,1224,1224
1258 100 1176,528,1224,1224
1259 100 1176,552,1224,1200
1260 100 1176,552,1224,1200
1261 100 1176,552,1224,1200
1262 100 1176,552,1224,1200
1263 100 1176,552,1224,1200
1264 100 1200,552,1224,1224
1265 100 1200,552,1224,1224
1266 100 1200,552,1224,1224
1267 100 1200,576,1224,1200
1268 100 1200,576,1224,1200
1269 100 1200,576,1224,1200
1270 100 1200,576,1224,1200
1271 100 1200,576,1224,1200
1272 100 1224,576,1224,1200
1273 100 1224,576,1224,1200
1274 100 1224,576,1224,1200
1275 100 1224,576,1224,1224
1276 100 1224,576,1224,1224
1277 100 1224,576,1224,1224
1278 100 1224,576,1224,1224
1279 100 1224,576,1224,1224
1280 100 1224,576,1224,1224
1281 100 1224,576,1224,1224
1282 100 1248,576,1224,1200
1283 100 1248,576,1224,1200
1284 100 1248,576,1224,1200
1285 100 1248,576,1224,1200
1286 100 1248,576,1224,1200
1287 100 1248,576,1224,1200
1288 100 1248,576,1224,1200
1289 100 1248,576,1224,1200
1290 100 1248,576,1224,1224
1291 100 1248,576,1224,1224
1292 100 1248,576,1224,1224
1293 100 1272,576,1224,1224
1294 100 1296,576,1224,1224
1295 100 1296,576,1224,1224
1296 100 1296,576,1224,1224
1297 100 1296,576,1224,1224
1298 100 1296,576,1224,1224
1299 100 1344,576,1224,1200
1300 100 1344,576,1224,1200
1301 100 1344,576,1224,1200
1302 100 1344,552,1224,1224
1303 100 1344,552,1224,1200
1304 100 1344,552,1224,1200
1305 100 1344,552,1224,1200
1306 100 1368,552,1224,1200
1307 100 1368,552,1224,1200
1308 100 1392,552,1224,1200
1309 100 1392,552,1224,1200
1310 100 1392,552,1224,1200
1311 100 1440,552,1224,1200
1312 100 1440,552,1224,1200
1313 100 1512,528,1224,1200
1314 100 1512,528,1224,1200
1315 100 1560,528,1224,1200
1316 100 1560,528,1224,1200
1317 100 1584,528,1224,1200
1318 100 1584,528,1224,1200
1319 100 1608,528,1224,1200
1320 100 1632,528,1224,1200
1321 100 1632,528,1224,1200
1322 100 1656,528,1224,1200
1323 100 1656,528,1224,1200
1324 100 1656,528,1224,1200
1325 100 1656,528,1224,1200
1326 100 1656,528,1224,1200
1327 100 1656,528,1224,1200
1328 100 1656,528,1224,1200
1329 100 1656,528,1224,1200
1330 100 1656,528,1224,1200
1331 100 1656,528,1224,1200
1332 100 1680,528,1224,1224
1333 100 1680,528,1224,1224
1334 100 1680,528,1224,1224
1335 100 1680,552,1224,1200
1336 100 1680,552,1224,1200
1337 100 1680,552,1224,1200
1338 100 1656,552,1224,1200
1339 100 1656,552,1224,1200
1340 100 1656,552,1224,1200
1341 100 1656,552,1224,1200
1342 100 1656,552,1224,1200
1343 100 1656,552,1224,1200
1344 100 1656,552,1224,1200
1345 100 1656,552,1224,1200
1346 100 1656,552,1224,1200
1347 100 1608,552,1224,1200
1348 100 1608,552,1224,1200
1349 100 1608,552,1224,1200
1350 100 1536,528,1224,1224
1351 100 1536,528,1224,1224
1352 100 1488,528,1224,1224
1353 100 1488,528,1224,1224
1354 100 1488,528,1224,1224
1355 100 1464,528,1224,1200
1356 100 1416,528,1224,1200
1357 100 1368,528,1224,1200
1358 100 1368,528,1224,1200
1359 100 1320,528,1224,1200
1360 100 1320,528,1224,1200
1361 100 1296,528,1224,1200
1362 100 1296,528,1224,1200
1363 100 1248,504,1224,1224
1364 100 1248,504,1224,1224
1365 100 1248,528,1224,1200
1366 100 1224,504,1224,1224
1367 100 1224,504,1224,1224
1368 100 1224,504,1224,1224
1369 100 1224,504,1224,1224
1370 100 1224,504,1224,1224
1371 100 1200,528,1224,1200
1372 100 1200,528,1224,1200
1373 100 1176,528,1224,1200
1374 100 1176,528,1224,1200
1375 100 1176,528,1224,1200
1376 100 1152,528,1224,1200
1377 100 1152,528,1224,1200
1378 100 1128,528,1224,1200
1379 100 1104,528,1224,1200
1380 100 1104,528,1224,1200
1381 100 1104,528,1224,1200
1382 100 1104,528,1224,1200
1383 100 1104,528,1224,1200
1384 100 1104,528,1224,1200
1385 100 1104,528,1224,1200
1386 100 1104,528,1224,1200
1387 100 1104,504,1224,1224
1388 100 1104,504,1224,1224
1389 100 1104,504,1224,1200
1390 100 1104,504,1224,1200
1391 100 1128,480,1224,1200
1392 100 1128,480,1224,1200
1393 100 1128,456,1224,1224
1394 100 1128,456,1224,1224
1395 100 1128,456,1224,1200
1396 100 1128,456,1224,1200
1397 100 1152,456,1224,1200
1398 100 1152,456,1224,1200
1399 100 1152,432,1224,1224
1400 100 1152,432,1224,1200
1401 100 1152,432,1224,1200
1402 100 1152,432,1224,1200
1403 100 1152,432,1224,1200
1404 100 1152,432,1224,1200
1405 100 1152,408,1224,1200
1406 100 1152,408,1224,1200
1407 100 1176,408,1224,1200
1408 100 1176,408,1224,1200
1409 100 1176,384,1224,1224
1410 100 1176,384,1224,1224
1411 100 1176,384,1224,1224
1412 100 1176,384,1224,1224
1413 100 1176,384,1224,1224
1414 100 1200,384,1224,1224
1415 100 1200,384,1224,1224
1416 100 1200,384,1224,1224
1417 100 1224,384,1224,1200
1418 100 1224,384,1224,1200
1419 100 1248,384,1224,1224
1420 100 1248,384,1224,1224
1421 100 1248,384,1224,1224
1422 100 1248,408,1224,1200
1423 100 1248,408,1224,1200
1424 100 1248,408,1224,1200
1425 100 1272,408,1224,1200
1426 100 1272,408,1224,1200
1427 100 1272,408,1224,1200
1428 100 1272,408,1224,1200
1429 100 1272,408,1224,1200
1430 100 1272,408,1224,1200
1431 100 1296,408,1224,1200
1432 100 1320,408,1224,1200
1433 100 1320,408,1224,1200
1434 100 1344,408,1224,1200
1435 100 1368,408,1224,1200
1436 100 1368,408,1224,1200
1437 100 1392,408,1224,1224
1438 100 1392,408,1224,1224
1439 100 1416,408,1224,1224
1440 100 1416,408,1224,1224
1441 100 1440,408,1224,1224
1442 100 1440,408,1224,1224
1443 100 1440,432,1224,1200
1444 100 1464,432,1224,1200
1445 100 1464,432,1224,1200
1446 100 1464,432,1224,1200
1447 100 1464,432,1224,1200
1448 100 1440,432,1224,1200
1449 100 1464,432,1224,1200
1450 100 1464,432,1224,1200
1451 100 1464,432,1224,1200
1452 100 1464,432,1224,1200
1453 100 1464,432,1224,1200
1454 100 1464,432,1224,1200
1455 100 1464,432,1224,1200
1456 100 1464,432,1224,1200
1457 100 1488,408,1224,1200
1458 100 1488,408,1224,1200
1459 100 1488,408,1224,1200
1460 100 1488,408,1224,1200
1461 100 1488,384,1224,1200
1462 100 1488,384,1224,1200
1463 100 1488,384,1224,1200
1464 100 1488,384,1224,1200
1465 100 1488,384,1224,1200
1466 100 1488,384,1224,1200
1467 100 1488,384,1224,1200
1468 100 1488,384,1224,1200
1469 100 1512,384,1224,1200
1470 100 1512,384,1224,1200
1471 100 1512,384,1224,1200
1472 100 1536,384,1224,1224
1473 100 1536,384,1224,1224
1474 100 1536,384,1224,1224
1475 100 1536,384,1224,1224
1476 100 1536,384,1224,1224
1477 100 1536,384,1224,1224
1478 100 1536,408,1224,1200
1479 100 1536,408,1224,1200
1480 100 1536,408,1224,1200
1481 100 1560,408,1224,1200
1482 100 1560,408,1224,1200
1483 100 1560,408,1224,1200
1484 100 1560,408,1224,1200
1485 100 1560,408,1224,1200
1486 100 1560,408,1224,1200
1487 100 1560,408,1224,1224
1488 100 1560,408,1224,1224
1489 100 1560,408,1224,1224
1490 100 1560,432,1224,1200
1491 100 1560,432,1224,1200
1492 100 1560,432,1224,1200
1493 100 1584,432,1224,1224
1494 100 1584,432,1224,1224
1495 100 1584,456,1224,1200
1496 100 1584,456,1224,1200
1497 100 1584,456,1224,1200
1498 100 1584,456,1224,1224
1499 100 1584,456,1224,1224
1500 100 1608,456,1224,1224
1501 100 1608,456,1224,1224
1502 100 1608,456,1224,1224
1503 100 1608,456,1224,1224
1504 100 1608,480,1224,1200
1505 100 1608,480,1224,1200
1506 100 1608,480,1224,1200
1507 100 1608,480,1224,1200
1508 100 1608,480,1224,1224
1509 100 1608,480,1224,1224
1510 100 1584,504,1224,1200
1511 100 1584,504,1224,1200
1512 100 1584,504,1224,1200
1513 100 1584,504,1224,1200
1514 100 1560,504,1224,1224
1515 100 1560,504,1224,1224
1516 100 1536,528,1224,1200
1517 100 1536,528,1224,1200
1518 100 1512,528,1224,1200
1519 100 1512,528,1224,1200
1520 100 1488,528,1224,1200
1521 100 1488,528,1224,1200
1522 100 1464,528,1224,1200
1523 100 1464,528,1224,1200
1524 100 1440,504,1224,1224
1525 100 1440,504,1224,1224
1526 100 1440,504,1224,1224
1527 100 1416,528,1224,1200
1528 100 1416,504,1224,1224
1529 100 1416,504,1224,1224
1530 100 1416,504,1224,1224
1531 100 1416,504,1224,1224
1532 100 1416,504,1224,1224
1533 100 1416,504,1224,1224
1534 100 1416,504,1224,1224
1535 100 1416,504,1224,1224
1536 100 1416,504,1224,1224
1537 100 1392,504,1224,1224
1538 100 1392,504,1224,1224
1539 100 1392,504,1224,1224
1540 100 1392,504,1224,1224
1541 100 1392,504,1224,1224
1542 100 1368,504,1224,1224
1543 100 1368,504,1224,1224
1544 100 1368,504,1224,1200
1545 100 1368,504,1224,1200
1546 100 1368,504,1224,1200
1547 100 1368,504,1224,1200
1548 100 1344,504,1224,1200
1549 100 1344,504,1224,1224
1550 100 1344,504,1224,1224
1551 100 1344,504,1224,1224
1552 100 1320,504,1224,1224
1553 100 1320,504,1224,1224
1554 100 1320,504,1224,1224
1555 100 1320,504,1224,1224
1556 100 1320,504,1224,1224
1557 100 1320,504,1224,1224
1558 100 1296,504,1224,1224
1559 100 1296,504,1224,1224
1560 100 1296,504,1224,1224
1561 100 1296,504,1224,1224
1562 100 1296,504,1224,1200
1563 100 1296,504,1224,1200
1564 100 1296,504,1224,1200
1565 100 1296,504,1224,1200
1566 100 1296,480,1224,1224
1567 100 1296,480,1224,1224
1568 100 1296,480,1224,1224
1569 100 1296,480,1224,1224
1570 100 1296,480,1224,1200
1571 100 1296,456,1224,1224
1572 100 1272,456,1224,1200
1573 100 1272,456,1224,1200
1574 100 1272,432,1224,1224
1575 100 1272,432,1224,1224
1576 100 1272,432,1224,1200
1577 100 1272,432,1224,1200
1578 100 1272,432,1224,1200
1579 100 1272,432,1224,1200
1580 100 1272,408,1224,1224
1581 100 1272,408,1224,1224
1582 100 1272,408,1224,1200
1583 100 1272,408,1224,1200
1584 100 1272,408,1224,1200
1585 100 1272,408,1224,1200
1586 100 1248,408,1224,1200
1587 100 1248,408,1224,1200
1588 100 1248,384,1224,1224
1589 100 1248,384,1224,1224
1590 100 1248,384,1224,1200
1591 100 1248,384,1224,1200
1592 100 1248,360,1224,1200
1593 100 1248,336,1224,1224
1594 100 1248,336,1224,1224
1595 100 1224,336,1224,1200
1596 100 1224,336,1224,1200
1597 100 1224,312,1224,1200
1598 100 1200,288,1224,1200
1599 100 1200,264,1224,1224
1600 100 1200,264,1224,1224
1601 100 1200,264,1224,1224
1602 100 1200,264,1224,1224
1603 100 1224,288,1224,1200
1604 100 1224,288,1224,1200
1605 100 1224,288,1224,1200
1606 100 1224,288,1224,1200
1607 100 1248,288,1224,1200
1608 100 1248,288,1224,1200
1609 100 1248,288,1224,1224
1610 100 1272,312,1224,1200
1611 100 1272,312,1224,1200
1612 100 1272,312,1224,1200
1613 100 1272,336,1224,1200
1614 100 1272,336,1224,1200
1615 100 1296,336,1224,1200
1616 100 1296,336,1224,1200
1617 100 1320,360,1224,1200
1618 100 1320,360,1224,1200
1619 100 1344,360,1224,1224
1620 100 1368,384,1224,1200
1621 100 1344,384,1224,1200
1622 100 1344,384,1224,1200
1623 100 1368,384,1224,1224
1624 100 1368,384,1224,1224
1625 100 1368,408,1224,1200
1626 100 1368,408,1224,1200
1627 100 1368,408,1224,1200
1628 100 1368,408,1224,1200
1629 100 1368,408,1224,1200
1630 100 1368,408,1224,1200
1631 100 1368,408,1224,1200
1632 100 1368,408,1224,1200
1633 100 1392,432,1224,1200
1634 100 1392,432,1224,1200
1635 100 1392,432,1224,1200
1636 100 1392,432,1224,1200
1637 100 1416,432,1224,1224
1638 100 1416,456,1224,1200
1639 100 1416,456,1224,1200
1640 100 1440,456,1224,1224
1641 100 1440,456,1224,1224
1642 100 1440,456,1224,1224
1643 100 1440,456,1224,1224
1644 100 1464,480,1224,1200
1645 100 1464,480,1224,1200
1646 100 1464,480,1224,1200
1647 100 1464,480,1224,1200
1648 100 1464,480,1224,1200
1649 100 1464,480,1224,1200
1650 100 1464,456,1224,1224
1651 100 1464,456,1224,1224
1652 100 1464,456,1224,1224
1653 100 1464,456,1224,1224
1654 100 1488,456,1224,1224
1655 100 1488,456,1224,1224
1656 100 1488,456,1224,1224
1657 100 1488,456,1224,1224
1658 100 1512,456,1224,1224
1659 100 1512,456,1224,1200
1660 100 1536,456,1224,1200
1661 100 1536,456,1224,1200
1662 100 1560,456,1224,1200
1663 100 1560,456,1224,1200
1664 100 1584,432,1224,1224
1665 100 1584,432,1224,1200
1666 100 1584,432,1224,1200
1667 100 1584,432,1224,1200
1668 100 1608,408,1224,1224
1669 100 1608,408,1224,1224
1670 100 1608,408,1224,1224
1671 100 1632,408,1224,1200
1672 100 1608,408,1224,1200
1673 100 1608,408,1224,1200
1674 100 1608,384,1224,1224
1675 100 1608,384,1224,1224
1676 100 1608,384,1224,1200
1677 100 1608,384,1224,1200
1678 100 1608,384,1224,1200
1679 100 1608,384,1224,1200
1680 100 1584,360,1224,1224
1681 100 1584,360,1224,1200
1682 100 1560,336,1224,1200
1683 100 1560,336,1224,1200
1684 100 1560,336,1224,1200
1685 100 1560,336,1224,1200
1686 100 1536,312,1224,1224
1687 100 1536,312,1224,1224
1688 100 1512,312,1224,1224
1689 100 1512,312,1224,1224
1690 100 1512,312,1224,1200
1691 100 1512,312,1224,1200
1692 100 1512,312,1224,1224
1693 100 1512,312,1224,1224
1694 100 1512,312,1224,1224
1695 100 1512,312,1224,1224
1696 100 1512,312,1224,1224
1697 100 1488,312,1224,1200
1698 100 1488,312,1224,1224
1699 100 1488,312,1224,1224
1700 100 1488,312,1224,1224
1701 100 1488,312,1224,1224
1702 100 1488,312,1224,1224
1703 100 1488,312,1224,1224
1704 100 1488,312,1224,1224
1705 100 1488,312,1224,1224
1706 100 1464,312,1224,1200
1707 100 1464,312,1224,1200
1708 100 1464,312,1224,1200
1709 100 1464,312,1224,1200
1710 100 1464,312,1224,1200
1711 100 1440,312,1224,1224
1712 100 1440,312,1224,1224
1713 100 1440,312,1224,1224
1714 100 1440,312,1224,1224
1715 100 1416,312,1224,1224
1716 100 1416,312,1224,1224
1717 100 1392,312,1224,1200
1718 100 1392,312,1224,1200
1719 100 1368,312,1224,1200
1720 100 1368,312,1224,1224
1721 100 1368,312,1224,1224
1722 100 1368,312,1224,1224
1723 100 1344,312,1224,1224
1724 100 1344,312,1224,1224
1725 100 1344,312,1224,1224
1726 100 1344,312,1224,1224
1727 100 1344,336,1224,1200
1728 100 1344,336,1224,1200
1729 100 1344,336,1224,1200
1730 100 1344,336,1224,1200
1731 100 1344,336,1224,1200
1732 100 1344,336,1224,1200
1733 100 1344,336,1224,1200
1734 100 1344,336,1224,1200
1735 100 1344,336,1224,1200
1736 100 1344,336,1224,1200
1737 100 1344,336,1224,1224
1738 100 1344,336,1224,1224
1739 100 1320,336,1224,1224
1740 100 1320,336,1224,1224
1741 100 1320,336,1224,1200
1742 100 1296,336,1224,1224
1743 100 1272,336,1224,1224
1744 100 1272,336,1224,1224
1745 100 1272,336,1224,1224
1746 100 1272,336,1224,1224
1747 100 1272,336,1224,1224
1748 100 1272,336,1224,1224
1749 100 1272,336,1224,1224
1750 100 1272,336,1224,1224
1751 100 1272,336,1224,1224
1752 100 1272,336,1224,1224
1753 100 1272,336,1224,1224
1754 100 1272,336,1224,1224
1755 100 1272,336,1224,1224
1756 100 1272,360,1224,1200
1757 100 1272,360,1224,1200
1758 100 1272,360,1224,1200
1759 100 1272,360,1224,1200
1760 100 1272,360,1224,1200
1761 100 1272,360,1224,1200
1762 100 1272,360,1224,1200
1763 100 1272,360,1224,1200
1764 100 1272,360,1224,1200
1765 100 1272,360,1224,1200
1766 100 1296,360,1224,1200
1767 100 1296,360,1224,1200
1768 100 1296,360,1224,1200
1769 100 1296,360,1224,1200
1770 100 1272,360,1224,1200
1771 100 1272,360,1224,1200
1772 100 1272,360,1224,1200
1773 100 1272,360,1224,1200
1774 100 1272,360,1224,1200
1775 100 1272,360,1224,1200
1776 100 1272,360,1224,1200
1777 100 1272,360,1224,1200
1778 100 1272,360,1224,1224
1779 100 1272,360,1224,1224
1780 100 1272,360,1224,1224
1781 100 1272,360,1224,1200
1782 100 1272,360,1224,1200
1783 100 1272,360,1224,1200
1784 100 1272,360,1224,1200
1785 100 1272,360,1224,1200
1786 100 1272,360,1224,1200
1787 100 1272,360,1224,1200
1788 100 1272,360,1224,1200
1789 100 1272,360,1224,1200
1790 100 1272,360,1224,1200
1791 100 1272,360,1224,1200
1792 100 1272,360,1224,1200
1793 100 1272,360,1224,1200
1794 100 1272,336,1224,1224
1795 100 1272,336,1224,1224
1796 100 1272,360,1224,1200
1797 100 1272,360,1224,1200
1798 100 1272,360,1224,1200
1799 100 1272,360,1224,1200
1800 100 1272,336,1224,1224
1801 100 1272,336,1224,1224
1802 100 1272,336,1224,1224
1803 100 1272,336,1224,1200
1804 100 1272,312,1224,1224
1805 100 1272,312,1224,1224
1806 100 1272,312,1224,1224
1807 100 1272,312,1224,1224
1808 100 1272,312,1224,1224
1809 100 1272,312,1224,1224
1810 100 1272,312,1224,1224
1811 100 1272,312,1224,1224
1812 100 1272,312,1224,1224
1813 100 1272,312,1224,1224
1814 100 1272,312,1224,1224
1815 100 1272,312,1224,1200
1816 100 1272,312,1224,1200
1817 100 1272,312,1224,1200
1818 100 1272,312,1224,1200
1819 100 1272,312,1224,1200
1820 100 1272,312,1224,1200
1821 100 1272,312,1224,1200
1822 100 1272,312,1224,1200
1823 100 1272,312,1224,1200
1824 100 1272,312,1224,1224
1825 100 1272,312,1224,1224
1826 100 1272,312,1224,1224
1827 100 1272,312,1224,1224
1828 100 1272,312,1224,1224
1829 100 1272,312,1224,1224
1830 100 1272,312,1224,1224
1831 100 1272,312,1224,1224
1832 100 1272,312,1224,1224
1833 100 1272,312,1224,1224
1834 100 1272,312,1224,1224
1835 100 1272,312,1224,1224
1836 100 1272,336,1224,1200
1837 100 1272,312,1224,1224
1838 100 1272,312,1224,1224
1839 100 1272,312,1224,1224
1840 100 1272,312,1224,1224
1841 100 1272,312,1224,1224
1842 100 1272,336,1224,1200
1843 100 1272,336,1224,1200
1844 100 1272,336,1224,1200
1845 100 1272,312,1224,1224
1846 100 1272,312,1224,1224
1847 100 1272,312,1224,1224
1848 100 1248,312,1224,1200
1849 100 1248,312,1224,1200
1850 100 1272,312,1224,1200
1851 100 1272,312,1224,1200
1852 100 1272,312,1224,1200
1853 100 1272,312,1224,1200
1854 100 1272,312,1224,1200
1855 100 1272,312,1224,1200
1856 100 1272,312,1224,1224
1857 100 1272,312,1224,1224
1858 100 1272,312,1224,1224
1859 100 1272,312,1224,1224
1860 100 1272,312,1224,1224
1861 100 1272,312,1224,1224
1862 100 1272,312,1224,1224
1863 100 1272,312,1224,1224
1864 100 1248,312,1224,1224
1865 100 1248,312,1224,1224
1866 100 1272,336,1224,1200
1867 100 1272,312,1224,1224
1868 100 1272,312,1224,1224
1869 100 1272,336,1224,1200
1870 100 1272,336,1224,1200
1871 100 1272,336,1224,1200
1872 100 1272,336,1224,1200
1873 100 1272,336,1224,1200
1874 100 1272,312,1224,1224
1875 100 1272,312,1224,1224
1876 100 1272,312,1224,1224
1877 100 1272,312,1224,1224
1878 100 1272,312,1224,1224
1879 100 1272,312,1224,1224
1880 100 1272,312,1224,1224
1881 100 1272,312,1224,1224
1882 100 1272,312,1224,1224
1883 100 1272,312,1224,1224
1884 100 1272,312,1224,1224
1885 100 1272,312,1224,1224
1886 100 1272,312,1224,1224
1887 100 1272,312,1224,1200
1888 100 1272,312,1224,1200
1889 100 1272,312,1224,1200
1890 100 1272,312,1224,1200
1891 100 1272,312,1224,1200
1892 100 1296,312,1224,1200
1893 100 1296,312,1224,1200
1894 100 1296,312,1224,1200
1895 100 1296,312,1224,1200
1896 100 1296,312,1224,1200
1897 100 1296,312,1224,1224
1898 100 1296,312,1224,1224
1899 100 1296,312,1224,1224
1900 100 1272,312,1224,1200
1901 100 1272,312,1224,1200
1902 100 1272,312,1224,1200
1903 100 1272,312,1224,1200
1904 100 1272,312,1224,1200
1905 100 1272,312,1224,1200
1906 100 1272,312,1224,1200
1907 100 1272,312,1224,1200
1908 100 1272,312,1224,1200
1909 100 1272,312,1224,1200
1910 100 1272,312,1224,1200
1911 100 1272,312,1224,1200
1912 100 1272,312,1224,1200
1913 100 1272,312,1224,1200
1914 100 1272,312,1224,1200
1915 100 1272,312,1224,1224
1916 100 1272,312,1224,1224
1917 100 1272,312,1224,1224
1918 100 1296,312,1224,1224
1919 100 1296,312,1224,1224
1920 100 1296,312,1224,1224
1921 100 1296,312,1224,1224
1922 100 1296,336,1224,1200
1923 100 1296,336,1224,1200
1924 100 1296,336,1224,1200
1925 100 1296,336,1224,1200
1926 100 1296,336,1224,1200
1927 100 1296,336,1224,1200
1928 100 1296,336,1224,1200
1929 100 1296,336,1224,1200
1930 100 1296,336,1224,1200
1931 100 1296,336,1224,1200
1932 100 1320,336,1224,1200
1933 100 1320,336,1224,1200
1934 100 1320,336,1224,1200
1935 100 1320,336,1224,1200
1936 100 1296,336,1224,1200
1937 100 1296,336,1224,1200
1938 100 1296,336,1224,1200
1939 100 1296,336,1224,1200
1940 100 1296,336,1224,1200
1941 100 1296,336,1224,1200
1942 100 1296,336,1224,1200
1943 100 1296,336,1224,1200
1944 100 1320,336,1224,1200
1945 100 1320,336,1224,1200
1946 100 1320,336,1224,1200
1947 100 1320,336,1224,1200
1948 100 1344,336,1224,1200
1949 100 1344,312,1224,1224
1950 100 1344,312,1224,1224
1951 100 1368,312,1224,1224
1952 100 1392,312,1224,1200
1953 100 1392,312,1224,1200
1954 100 1392,312,1224,1200
1955 100 1392,312,1224,1200
1956 100 1392,312,1224,1200
1957 100 1416,312,1224,1200
1958 100 1416,312,1224,1200
1959 100 1416,312,1224,1200
1960 100 1416,312,1224,1200
1961 100 1416,312,1224,1200
1962 100 1416,312,1224,1224
1963 100 1416,312,1224,1224
1964 100 1440,312,1224,1200
1965 100 1440,312,1224,1200
1966 100 1440,312,1224,1200
1967 100 1440,312,1224,1200
1968 100 1440,312,1224,1200
1969 100 1440,312,1224,1200
1970 100 1464,312,1224,1200
1971 100 1464,312,1224,1200
1972 100 1464,312,1224,1200
1973 100 1464,312,1224,1200
1974 100 1464,312,1224,1200
1975 100 1464,312,1224,1200
1976 100 1464,312,1224,1200
1977 100 1464,312,1224,1200
1978 100 1464,312,1224,1200
1979 100 1464,312,1224,1200
1980 100 1464,312,1224,1200
1981 100 1464,312,1224,1200
1982 100 1464,312,1224,1200
1983 100 1464,312,1224,1200
1984 100 1464,312,1224,1200
1985 100 1464,312,1224,1200
1986 100 1464,312,1224,1200
1987 100 1464,312,1224,1200
1988 100 1464,312,1224,1200
1989 100 1464,312,1224,1200
1990 100 1464,312,1224,1200
1991 100 1464,312,1224,1200
1992 100 1464,312,1224,1200
1993 100 1464,312,1224,1200
1994 100 1440,288,1224,1224
1995 100 1440,288,1224,1224
1996 100 1440,288,1224,1200
1997 100 1440,288,1224,1200
1998 100 1440,288,1224,1200
1999 100 1440,264,1224,1200
2000 100 1440,264,1224,1200
2001 100 1416,264,1224,1200
2002 100 1416,264,1224,1200
2003 100 1416,264,1224,1200
2004 100 1440,264,1224,1200
2005 100 1440,264,1224,1200
2006 100 1440,264,1224,1200
2007 100 1440,264,1224,1200
2008 100 1440,264,1224,1200
2009 100 1440,264,1224,1200
2010 100 1464,264,1224,1200
2011 100 1464,264,1224,1200
2012 100 1464,264,1224,1200
2013 100 1464,264,1224,1200
2014 100 1464,264,1224,1200
2015 100 1464,264,1224,1200
2016 100 1464,264,1224,1200
2017 100 1464,264,1224,1200
2018 100 1464,264,1224,1200
2019 100 1464,264,1224,1200
2020 100 1440,240,1224,1224
2021 100 1440,240,1224,1224
2022 100 1440,240,1224,1200
2023 100 1440,240,1224,1200
2024 100 1440,240,1224,1200
2025 100 1440,240,1224,1200
2026 100 1440,240,1224,1200
2027 100 1440,240,1224,1200
2028 100 1440,240,1224,1200
2029 100 1440,240,1224,1200
2030 100 1440,240,1224,1200
2031 100 1440,240,1224,1200
2032 100 1440,240,1224,1200
2033 100 1440,240,1224,1200
2034 100 1440,240,1224,1200
2035 100 1440,240,1224,1200
2036 100 1440,240,1224,1200
2037 100 1440,240,1224,1200
2038 100 1440,240,1224,1200
2039 100 1440,240,1224,1200
2040 100 1440,240,1224,1200
2041 100 1440,240,1224,1200
2042 100 1440,240,1224,1200
2043 100 1440,240,1224,1200
2044 100 1440,240,1224,1200
2045 100 1440,240,1224,1200
2046 100 1440,240,1224,1200
2047 100 1440,240,1224,1224
2048 100 1440,240,1224,1224
2049 100 1440,240,1224,1224
2050 100 1440,240,1224,1224
2051 100 1440,240,1224,1224
2052 100 1440,264,1224,1200
2053 100 1440,264,1224,1200
2054 100 1440,264,1224,1200
2055 100 1440,264,1224,1200
2056 100 1440,264,1224,1200
2057 100 1416,264,1224,1200
2058 100 1416,264,1224,1200
2059 100 1416,264,1224,1200
2060 100 1416,264,1224,1200
2061 100 1416,264,1224,1200
2062 100 1416,264,1224,1200
2063 100 1416,264,1224,1200
2064 100 1416,264,1224,1200
2065 100 1416,264,1224,1200
2066 100 1416,264,1224,1200
2067 100 1416,264,1224,1200
2068 100 1416,288,1224,1200
2069 100 1416,288,1224,1224
2070 100 1416,288,1224,1224
2071 100 1392,312,1224,1200
2072 100 1392,312,1224,1200
2073 100 1392,312,1224,1200
2074 100 1392,312,1224,1200
2075 100 1368,312,1224,1200
2076 100 1368,336,1224,1200
2077 100 1368,336,1224,1200
2078 100 1368,336,1224,1200
2079 100 1368,336,1224,1200
2080 100 1344,336,1224,1200
2081 100 1320,336,1224,1224
2082 100 1320,336,1224,1224
2083 100 1320,336,1224,1224
2084 100 1320,336,1224,1224
2085 100 1320,360,1224,1200
2086 100 1296,360,1224,1200
2087 100 1296,360,1224,1200
2088 100 1296,360,1224,1200
2089 100 1296,360,1224,1200
2090 100 1296,360,1224,1224
2091 100 1296,360,1224,1224
2092 100 1272,360,1224,1224
2093 100 1272,360,1224,1224
2094 100 1272,360,1224,1224
2095 100 1272,384,1224,1200
2096 100 1272,384,1224,1200
2097 100 1272,384,1224,1200
2098 100 1272,384,1224,1200
2099 100 1272,384,1224,1200
