0 100 720,552,1224,1224
1 100 720,552,1224,1224
2 100 720,552,1224,1224
3 100 720,552,1224,1224
4 100 720,552,1224,1224
5 100 720,552,1224,1224
6 100 720,552,1224,1224
7 100 720,552,1224,1224
8 100 720,576,1224,1200
9 100 720,576,1224,1200
10 100 720,576,1224,1200
11 100 720,576,1224,1200
12 100 720,576,1224,1200
13 100 720,576,1224,1200
14 100 720,576,1224,1200
15 100 720,576,1224,1200
16 100 720,576,1224,1200
17 100 720,576,1224,1200
18 100 720,576,1224,1200
19 100 720,576,1224,1200
20 100 696,576,1224,1224
21 100 696,576,1224,1224
22 100 696,600,1224,1200
23 100 672,600,1224,1200
24 100 672,600,1224,1200
25 100 648,624,1224,1200
26 100 648,624,1224,1200
27 100 624,648,1224,1200
28 100 624,648,1224,1200
29 100 624,648,1224,1200
30 100 648,672,1224,1200
31 100 648,672,1224,1200
32 100 648,696,1224,1200
33 100 648,696,1224,1200
34 100 672,720,1224,1200
35 100 696,744,1224,1200
36 100 696,744,1224,1200
37 100 720,744,1224,1224
38 100 720,744,1224,1224
39 100 720,768,1224,1200
40 100 720,768,1224,1200
41 100 720,768,1224,1224
42 100 744,792,1224,1200
43 100 744,792,1224,1200
44 100 744,792,1224,1200
45 100 744,792,1224,1200
46 100 768,792,1224,1200
47 100 768,792,1224,1200
48 100 768,792,1224,1200
49 100 792,792,1224,1200
50 100 792,792,1224,1200
51 100 816,792,1224,1224
52 100 816,792,1224,1224
53 100 816,792,1224,1224
54 100 864,792,1224,1224
55 100 864,792,1224,1224
56 100 888,792,1224,1200
57 100 888,792,1224,1200
58 100 936,792,1224,1200
59 100 936,792,1224,1200
60 100 960,768,1224,1224
61 100 984,768,1224,1224
62 100 984,768,1224,1224
63 100 1008,768,1224,1200
64 100 1008,768,1224,1200
65 100 1032,744,1224,1200
66 100 1032,744,1224,1200
67 100 1032,720,1224,1224
68 100 1056,720,1224,1224
69 100 1056,720,1224,1224
70 100 1080,720,1224,1224
71 100 1080,720,1224,1224
72 100 1080,720,1224,1200
73 100 1080,720,1224,1224
74 100 1080,720,1224,1224
75 100 1080,720,1224,1200
76 100 1080,720,1224,1200
77 100 1104,720,1224,1200
78 100 1104,720,1224,1200
79 100 1104,720,1224,1200
80 100 1104,720,1224,1224
81 100 1104,720,1224,1224
82 100 1104,744,1224,1200
83 100 1104,744,1224,1200
84 100 1152,720,1224,1224
85 100 1176,720,1224,1200
86 100 1176,720,1224,1200
87 100 1224,720,1224,1224
88 100 1224,720,1224,1224
89 100 1272,744,1224,1200
90 100 1272,744,1224,1200
91 100 1296,744,1224,1200
92 100 1320,744,1224,1200
93 100 1320,744,1224,1200
94 100 1368,720,1224,1224
95 100 1368,720,1224,1224
96 100 1416,720,1224,1200
97 100 1416,720,1224,1200
98 100 1440,696,1224,1224
99 100 1464,696,1224,1224
100 100 1464,696,1224,1224
101 100 1464,696,1224,1200
102 100 1464,696,1224,1200
103 100 1488,672,1224,1224
104 100 1512,672,1224,1200
105 100 1512,672,1224,1200
106 100 1512,672,1224,1200
107 100 1512,672,1224,1200
108 100 1512,672,1224,1200
109 100 1512,672,1224,1200
110 100 1512,672,1224,1200
111 100 1512,672,1224,1200
112 100 1512,672,1224,1200
113 100 1512,672,1224,1200
114 100 1512,672,1224,1200
115 100 1512,672,1224,1200
116 100 1512,672,1224,1200
117 100 1488,672,1224,1200
118 100 1464,672,1224,1200
119 100 1464,672,1224,1200
120 100 1464,672,1224,1200
121 100 1464,672,1224,1200
122 100 1440,672,1224,1200
123 100 1440,648,1224,1224
124 100 1440,648,1224,1224
125 100 1440,648,1224,1200
126 100 1440,648,1224,1200
127 100 1416,648,1224,1200
128 100 1416,648,1224,1200
129 100 1416,648,1224,1200
130 100 1416,648,1224,1200
131 100 1416,648,1224,1200
132 100 1368,648,1224,1224
133 100 1344,672,1224,1200
134 100 1344,672,1224,1200
135 100 1272,672,1224,1200
136 100 1272,672,1224,1200
137 100 1224,672,1224,1200
138 100 1152,672,1224,1224
139 100 1152,672,1224,1224
140 100 1080,696,1224,1224
141 100 1080,696,1224,1224
142 100 1032,720,1224,1200
143 100 1032,720,1224,1200
144 100 984,720,1224,1224
145 100 960,744,1224,1200
146 100 960,744,1224,1200
147 100 936,744,1224,1200
148 100 936,744,1224,1200
149 100 912,744,1224,1200
150 100 888,744,1224,1200
151 100 888,744,1224,1200
152 100 864,744,1224,1200
153 100 864,744,1224,1200
154 100 840,744,1224,1224
155 100 816,768,1224,1200
156 100 816,768,1224,1200
157 100 792,768,1224,1200
158 100 792,768,1224,1200
159 100 768,768,1224,1224
160 100 768,768,1224,1224
161 100 744,768,1224,1224
162 100 744,768,1224,1224
163 100 744,768,1224,1224
164 100 720,768,1224,1224
165 100 720,768,1224,1224
166 100 696,768,1224,1224
167 100 696,768,1224,1224
168 100 672,792,1224,1200
169 100 648,768,1224,1224
170 100 648,768,1224,1224
171 100 600,768,1224,1224
172 100 600,768,1224,1224
173 100 600,768,1224,1224
174 100 600,768,1224,1224
175 100 576,768,1224,1224
176 100 576,768,1224,1224
177 100 576,768,1224,1224
178 100 552,768,1224,1224
179 100 552,768,1224,1224
180 100 528,768,1224,1224
181 100 528,768,1224,1224
182 100 504,768,1224,1224
183 100 504,768,1224,1224
184 100 504,768,1224,1224
185 100 480,768,1224,1224
186 100 480,768,1224,1224
187 100 456,768,1224,1224
188 100 456,744,1224,1224
189 100 456,744,1224,1224
190 100 456,744,1224,1200
191 100 456,744,1224,1200
192 100 456,720,1224,1224
193 100 456,720,1224,1224
194 100 456,720,1224,1224
195 100 432,720,1224,1224
196 100 432,720,1224,1224
197 100 408,720,1224,1224
198 100 408,720,1224,1224
199 100 408,696,1224,1224
200 100 408,696,1224,1224
201 100 384,696,1224,1224
202 100 336,672,1224,1248
203 100 336,672,1224,1248
204 100 312,672,1224,1224
205 100 312,672,1224,1224
206 100 264,648,1224,1248
207 100 240,648,1224,1248
208 100 240,648,1224,1248
209 100 216,648,1224,1224
210 100 216,648,1224,1224
211 100 192,624,1224,1248
212 100 192,624,1224,1248
213 100 192,624,1224,1248
214 100 168,624,1224,1224
215 100 168,624,1224,1224
216 100 144,624,1224,1224
217 100 144,624,1224,1224
218 100 144,624,1224,1224
219 100 144,624,1224,1224
220 100 144,624,1224,1224
221 100 144,600,1224,1248
222 100 144,600,1224,1248
223 100 144,624,1224,1224
224 100 120,600,1224,1248
225 100 120,600,1224,1248
226 100 120,600,1224,1248
227 100 120,600,1224,1248
228 100 96,600,1224,1224
229 100 96,600,1224,1224
230 100 72,576,1224,1248
231 100 48,576,1224,1224
232 100 48,576,1224,1224
233 100 24,552,1224,1224
234 100 24,552,1224,1224
235 100 24,552,1224,1224
236 100 0,528,1224,1224
237 100 0,528,1224,1224
238 100 0,504,1224,1224
239 100 0,504,1224,1224
240 100 0,504,1224,1224
241 100 0,504,1224,1224
242 100 0,504,1224,1224
243 100 0,504,1224,1224
244 100 0,504,1224,1224
245 100 24,504,1224,1224
246 100 24,504,1224,1224
247 100 0,504,1224,1224
248 100 0,504,1224,1224
249 100 24,528,1224,1224
250 100 0,552,1224,1224
251 100 0,552,1224,1224
252 100 24,552,1224,1224
253 100 24,552,1224,1224
254 100 24,576,1224,1200
255 100 24,576,1224,1224
256 100 24,576,1224,1224
257 100 48,600,1224,1200
258 100 48,600,1224,1200
259 100 24,600,1224,1200
260 100 24,600,1224,1200
261 100 0,624,1224,1200
262 100 72,648,1224,1200
263 100 72,648,1224,1200
264 100 72,624,1224,1224
265 100 72,624,1224,1224
266 100 0,624,1224,1200
267 100 0,624,1224,1200
268 100 0,624,1224,1224
269 100 24,648,1224,1224
270 100 24,648,1224,1224
271 100 0,624,1224,1224
272 100 0,624,1224,1224
273 100 24,624,1224,1200
274 100 48,600,1224,1224
275 100 48,600,1224,1224
276 100 24,600,1224,1224
277 100 24,600,1224,1224
278 100 3480,600,1224,1224
279 100 3480,600,1224,1224
280 100 3384,624,1224,1200
281 100 24,624,1224,1224
282 100 24,624,1224,1224
283 100 3576,624,1224,1224
284 100 3576,624,1224,1224
285 100 3456,648,1224,1200
286 100 3456,648,1224,1200
287 100 3480,648,1224,1200
288 100 3408,624,1224,1200
289 100 3408,624,1224,1200
290 100 3408,624,1224,1200
291 100 3696,600,1224,1224
292 100 3384,600,1224,1200
293 100 3408,600,1224,1200
294 100 3408,600,1224,1200
295 100 3528,600,1224,1200
296 100 3528,600,1224,1200
297 100 3624,552,1224,1224
298 100 3624,552,1224,1224
299 100 3480,528,1224,1200
300 100 3576,504,1224,1200
301 100 3576,504,1224,1200
302 100 3384,456,1224,1224
303 100 3384,456,1224,1224
304 100 3528,432,1224,1200
305 100 3696,408,1224,1224
306 100 3696,408,1224,1224
307 100 3456,408,1224,1200
308 100 3456,408,1224,1200
309 100 3528,408,1224,1200
310 100 3528,408,1224,1200
311 100 3528,408,1224,1200
312 100 3384,384,1224,1200
313 100 3384,384,1224,1200
314 100 3528,384,1224,1200
315 100 3696,360,1224,1224
316 100 3696,360,1224,1224
317 100 3696,360,1224,1224
318 100 3696,360,1224,1224
319 100 3432,360,1224,1200
320 100 3576,360,1224,1200
321 100 3576,360,1224,1200
322 100 3408,336,1224,1200
323 100 3408,336,1224,1200
324 100 3456,336,1224,1200
325 100 3456,336,1224,1200
326 100 3480,336,1224,1200
327 100 24,312,1224,1224
328 100 24,312,1224,1224
329 100 3384,312,1224,1200
330 100 3384,312,1224,1200
331 100 3432,312,1224,1200
332 100 0,312,1224,1200
333 100 0,312,1224,1200
334 100 96,312,1224,1200
335 100 96,312,1224,1200
336 100 0,288,1224,1224
337 100 24,288,1224,1224
338 100 24,288,1224,1224
339 100 48,288,1224,1224
340 100 48,288,1224,1224
341 100 72,288,1224,1224
342 100 0,312,1224,1200
343 100 0,312,1224,1200
344 100 0,312,1224,1224
345 100 0,312,1224,1224
346 100 48,336,1224,1200
347 100 48,336,1224,1200
348 100 24,312,1224,1224
349 100 0,336,1224,1200
350 100 0,336,1224,1200
351 100 0,360,1224,1200
352 100 0,360,1224,1200
353 100 0,384,1224,1224
354 100 72,456,1224,1224
355 100 72,456,1224,1224
356 100 96,528,1224,1224
357 100 96,528,1224,1224
358 100 96,576,1224,1224
359 100 96,648,1224,1200
360 100 96,648,1224,1200
361 100 144,672,1224,1224
362 100 144,672,1224,1224
363 100 192,696,1224,1224
364 100 240,720,1224,1200
365 100 240,720,1224,1200
366 100 288,720,1224,1224
367 100 288,720,1224,1224
368 100 336,744,1224,1200
369 100 336,744,1224,1200
370 100 384,744,1224,1224
371 100 432,744,1224,1224
372 100 432,744,1224,1224
373 100 456,768,1224,1200
374 100 456,768,1224,1200
375 100 504,768,1224,1224
376 100 576,792,1224,1200
377 100 576,792,1224,1200
378 100 624,792,1224,1224
379 100 624,792,1224,1224
380 100 696,816,1224,1200
381 100 696,816,1224,1200
382 100 768,816,1224,1200
383 100 864,816,1224,1200
384 100 864,816,1224,1200
385 100 936,792,1224,1224
386 100 936,792,1224,1224
387 100 1008,792,1224,1224
388 100 1080,792,1224,1224
389 100 1080,792,1224,1224
390 100 1128,792,1224,1224
391 100 1128,792,1224,1224
392 100 1176,792,1224,1200
393 100 1176,792,1224,1200
394 100 1224,744,1224,1224
395 100 1272,720,1224,1200
396 100 1272,720,1224,1200
397 100 1296,720,1224,1200
398 100 1296,720,1224,1200
399 100 1320,720,1224,1200
400 100 1320,720,1224,1200
401 100 1320,720,1224,1200
402 100 1344,720,1224,1200
403 100 1344,720,1224,1200
404 100 1344,720,1224,1200
405 100 1344,720,1224,1200
406 100 1368,720,1224,1200
407 100 1416,720,1224,1200
408 100 1416,720,1224,1200
409 100 1464,720,1224,1224
410 100 1464,720,1224,1224
411 100 1488,744,1224,1200
412 100 1488,744,1224,1200
413 100 1536,744,1224,1200
414 100 1560,744,1224,1200
415 100 1560,744,1224,1200
416 100 1608,744,1224,1200
417 100 1608,744,1224,1200
418 100 1608,744,1224,1200
419 100 1632,768,1224,1200
420 100 1632,768,1224,1200
421 100 1656,768,1224,1200
422 100 1656,768,1224,1200
423 100 1704,744,1224,1224
424 100 1704,744,1224,1224
425 100 1728,744,1224,1224
426 100 1752,744,1224,1224
427 100 1752,744,1224,1224
428 100 1752,768,1224,1200
429 100 1752,768,1224,1200
430 100 1704,744,1224,1224
431 100 1608,744,1224,1200
432 100 1608,744,1224,1200
433 100 1488,720,1224,1200
434 100 1488,720,1224,1200
435 100 1392,696,1224,1200
436 100 1320,696,1224,1200
437 100 1320,696,1224,1200
438 100 1272,696,1224,1224
439 100 1272,696,1224,1224
440 100 1200,720,1224,1224
441 100 1200,720,1224,1224
442 100 1104,768,1224,1200
443 100 1008,792,1224,1224
444 100 1008,792,1224,1224
445 100 912,864,1224,1200
446 100 912,864,1224,1200
447 100 816,912,1224,1200
448 100 768,912,1224,1224
449 100 768,912,1224,1224
450 100 768,912,1224,1200
451 100 768,912,1224,1200
452 100 744,888,1224,1224
453 100 744,888,1224,1224
454 100 720,888,1224,1224
455 100 696,912,1224,1200
456 100 696,888,1224,1224
457 100 696,888,1224,1224
458 100 696,912,1224,1200
459 100 696,912,1224,1200
460 100 696,912,1224,1200
461 100 696,912,1224,1200
462 100 696,888,1224,1224
463 100 720,888,1224,1200
464 100 720,888,1224,1200
465 100 744,864,1224,1224
466 100 744,864,1224,1224
467 100 744,888,1224,1200
468 100 744,888,1224,1200
469 100 720,888,1224,1200
470 100 744,888,1224,1200
471 100 744,888,1224,1200
472 100 744,864,1224,1224
473 100 744,864,1224,1224
474 100 744,888,1224,1224
475 100 744,888,1224,1224
476 100 720,912,1224,1200
477 100 720,912,1224,1200
478 100 720,912,1224,1200
479 100 768,888,1224,1224
480 100 768,888,1224,1224
481 100 768,888,1224,1200
482 100 768,912,1224,1200
483 100 768,912,1224,1200
484 100 744,912,1224,1200
485 100 744,912,1224,1200
486 100 768,912,1224,1200
487 100 768,912,1224,1200
488 100 768,888,1224,1224
489 100 792,864,1224,1224
490 100 792,864,1224,1224
491 100 792,864,1224,1224
492 100 792,864,1224,1224
493 100 816,840,1224,1200
494 100 816,816,1224,1224
495 100 816,816,1224,1224
496 100 816,816,1224,1200
497 100 816,816,1224,1200
498 100 816,816,1224,1200
499 100 816,816,1224,1200
500 100 792,816,1224,1200
501 100 792,816,1224,1200
502 100 792,792,1224,1224
503 100 768,792,1224,1200
504 100 768,792,1224,1200
505 100 696,768,1224,1224
506 100 696,768,1224,1224
507 100 600,792,1224,1224
508 100 480,840,1224,1224
509 100 480,840,1224,1224
510 100 432,840,1224,1224
511 100 360,816,1224,1248
512 100 360,816,1224,1248
513 100 264,840,1224,1248
514 100 264,840,1224,1248
515 100 216,840,1224,1248
516 100 216,840,1224,1248
517 100 168,840,1224,1248
518 100 144,840,1224,1272
519 100 144,840,1224,1272
520 100 96,864,1224,1272
521 100 48,912,1224,1248
522 100 48,912,1224,1248
523 100 24,936,1224,1224
524 100 24,936,1224,1224
525 100 0,936,1224,1224
526 100 48,936,1224,1224
527 100 48,936,1224,1224
528 100 120,936,1224,1224
529 100 120,936,1224,1224
530 100 192,936,1224,1224
531 100 192,936,1224,1224
532 100 264,912,1224,1224
533 100 360,888,1224,1224
534 100 360,888,1224,1224
535 100 456,864,1224,1224
536 100 456,864,1224,1224
537 100 528,840,1224,1224
538 100 576,840,1224,1224
539 100 576,840,1224,1224
540 100 624,864,1224,1200
541 100 648,864,1224,1224
542 100 648,864,1224,1224
543 100 672,864,1224,1200
544 100 672,864,1224,1200
545 100 720,792,1224,1224
546 100 720,792,1224,1224
547 100 768,768,1224,1224
548 100 768,768,1224,1200
549 100 768,768,1224,1200
550 100 816,768,1224,1200
551 100 864,744,1224,1200
552 100 864,744,1224,1200
553 100 840,792,1224,1200
554 100 840,792,1224,1200
555 100 840,840,1224,1200
556 100 840,840,1224,1200
557 100 840,864,1224,1200
558 100 840,864,1224,1224
559 100 840,864,1224,1224
560 100 840,864,1224,1200
561 100 864,864,1224,1200
562 100 864,864,1224,1200
563 100 936,816,1224,1200
564 100 936,816,1224,1200
565 100 936,840,1224,1224
566 100 936,840,1224,1224
567 100 936,840,1224,1224
568 100 936,840,1224,1224
569 100 1008,816,1224,1200
570 100 1008,816,1224,1224
571 100 984,840,1224,1200
572 100 984,840,1224,1200
573 100 1056,792,1224,1200
574 100 1056,792,1224,1200
575 100 1176,744,1224,1200
576 100 1176,744,1224,1200
577 100 1296,720,1224,1200
578 100 1296,720,1224,1200
579 100 1296,744,1224,1224
580 100 1296,768,1224,1200
581 100 1296,768,1224,1200
582 100 1320,744,1224,1200
583 100 1296,768,1224,1200
584 100 1296,768,1224,1200
585 100 1296,768,1224,1200
586 100 1296,768,1224,1200
587 100 1296,792,1224,1200
588 100 1296,792,1224,1200
589 100 1296,792,1224,1200
590 100 1296,792,1224,1200
591 100 1272,792,1224,1200
592 100 1272,792,1224,1224
593 100 1272,792,1224,1200
594 100 1272,792,1224,1200
595 100 1296,792,1224,1200
596 100 1296,792,1224,1200
597 100 1296,792,1224,1200
598 100 1296,792,1224,1200
599 100 1344,792,1224,1200
600 100 1344,792,1224,1200
601 100 1416,768,1224,1224
602 100 1536,768,1224,1200
603 100 1536,768,1224,1200
604 100 1656,744,1224,1224
605 100 1776,720,1224,1224
606 100 1776,720,1224,1224
607 100 1896,696,1224,1224
608 100 1896,696,1224,1224
609 100 1968,696,1224,1224
610 100 1968,696,1224,1224
611 100 1992,720,1224,1200
612 100 1992,720,1224,1200
613 100 2016,720,1224,1224
614 100 2040,720,1224,1224
615 100 2040,720,1224,1224
616 100 2040,720,1224,1224
617 100 2040,720,1224,1224
618 100 2040,720,1224,1224
619 100 2064,720,1224,1200
620 100 2064,720,1224,1200
621 100 2088,720,1224,1200
622 100 2088,720,1224,1200
623 100 2112,696,1224,1224
624 100 2136,672,1224,1224
625 100 2136,600,1224,1224
626 100 2136,600,1224,1224
627 100 2160,576,1224,1224
628 100 2160,576,1224,1224
629 100 2136,552,1224,1224
630 100 2136,552,1224,1224
631 100 2136,552,1224,1224
632 100 2136,552,1224,1224
633 100 2136,552,1224,1224
634 100 2136,552,1224,1224
635 100 2112,576,1224,1200
636 100 2112,576,1224,1200
637 100 2112,576,1224,1200
638 100 2112,576,1224,1200
639 100 2112,576,1224,1200
640 100 2112,576,1224,1200
641 100 2088,552,1224,1224
642 100 2088,552,1224,1224
643 100 2064,576,1224,1224
644 100 1968,624,1224,1200
645 100 1776,672,1224,1224
646 100 1776,672,1224,1224
647 100 1584,744,1224,1200
648 100 1584,744,1224,1200
649 100 1440,768,1224,1200
650 100 1440,768,1224,1200
651 100 1344,768,1224,1200
652 100 1344,768,1224,1200
653 100 1272,792,1224,1200
654 100 1224,792,1224,1200
655 100 1224,792,1224,1200
656 100 1152,792,1224,1224
657 100 1128,792,1224,1200
658 100 1128,792,1224,1200
659 100 1128,792,1224,1200
660 100 1128,792,1224,1200
661 100 1128,792,1224,1200
662 100 1128,792,1224,1200
663 100 1104,792,1224,1200
664 100 1104,768,1224,1224
665 100 1104,768,1224,1224
666 100 1128,768,1224,1200
667 100 1128,768,1224,1200
668 100 1128,768,1224,1200
669 100 1104,768,1224,1224
670 100 1104,768,1224,1224
671 100 1080,768,1224,1200
672 100 1080,768,1224,1200
673 100 1080,768,1224,1200
674 100 1056,768,1224,1200
675 100 1056,768,1224,1200
676 100 1056,768,1224,1200
677 100 1080,768,1224,1200
678 100 1080,768,1224,1200
679 100 1080,768,1224,1200
680 100 1080,768,1224,1200
681 100 1080,768,1224,1200
682 100 1080,768,1224,1200
683 100 1056,768,1224,1224
684 100 1032,768,1224,1224
685 100 1032,768,1224,1224
686 100 1056,792,1224,1200
687 100 1056,792,1224,1200
688 100 1056,816,1224,1200
689 100 1056,816,1224,1200
690 100 1008,840,1224,1200
691 100 1008,840,1224,1200
692 100 1008,840,1224,1200
693 100 1008,840,1224,1224
694 100 1008,840,1224,1224
695 100 1008,840,1224,1224
696 100 1008,840,1224,1200
697 100 1008,840,1224,1200
698 100 1008,840,1224,1200
699 100 1008,840,1224,1200
700 100 1032,840,1224,1200
701 100 1032,816,1224,1224
702 100 1032,816,1224,1224
703 100 1032,816,1224,1200
704 100 1056,816,1224,1200
705 100 1056,816,1224,1200
706 100 1056,792,1224,1224
707 100 1056,792,1224,1224
708 100 1080,792,1224,1200
709 100 1080,792,1224,1200
710 100 1080,792,1224,1200
711 100 1080,792,1224,1200
712 100 1080,792,1224,1200
713 100 1080,792,1224,1200
714 100 1080,768,1224,1224
715 100 1080,768,1224,1224
716 100 1080,792,1224,1200
717 100 1080,792,1224,1200
718 100 1056,792,1224,1200
719 100 1056,792,1224,1200
720 100 1056,792,1224,1224
721 100 1056,792,1224,1224
722 100 1080,792,1224,1200
723 100 1080,792,1224,1200
724 100 1080,792,1224,1200
725 100 1080,792,1224,1200
726 100 1080,768,1224,1200
727 100 1080,768,1224,1200
728 100 1104,744,1224,1224
729 100 1104,744,1224,1224
730 100 1104,744,1224,1200
731 100 1104,744,1224,1200
732 100 1104,744,1224,1200
733 100 1104,744,1224,1200
734 100 1056,768,1224,1224
735 100 1056,768,1224,1224
736 100 1056,792,1224,1200
737 100 1056,792,1224,1200
738 100 1032,792,1224,1224
739 100 1032,792,1224,1224
740 100 1008,816,1224,1200
741 100 1008,816,1224,1200
742 100 1008,816,1224,1224
743 100 984,840,1224,1200
744 100 984,840,1224,1224
745 100 984,840,1224,1224
746 100 984,864,1224,1200
747 100 984,864,1224,1200
748 100 960,864,1224,1200
749 100 960,864,1224,1200
750 100 960,864,1224,1200
751 100 960,864,1224,1200
752 100 960,864,1224,1224
753 100 960,864,1224,1224
754 100 960,864,1224,1224
755 100 960,864,1224,1224
756 100 960,864,1224,1224
757 100 960,864,1224,1224
758 100 960,864,1224,1200
759 100 960,864,1224,1200
760 100 960,864,1224,1200
761 100 960,864,1224,1200
762 100 936,864,1224,1224
763 100 912,864,1224,1224
764 100 912,864,1224,1224
765 100 888,888,1224,1200
766 100 864,888,1224,1200
767 100 864,888,1224,1200
768 100 816,888,1224,1200
769 100 816,888,1224,1200
770 100 768,888,1224,1200
771 100 768,888,1224,1200
772 100 768,888,1224,1200
773 100 672,864,1224,1200
774 100 648,864,1224,1200
775 100 648,864,1224,1200
776 100 624,864,1224,1200
777 100 648,864,1224,1200
778 100 648,864,1224,1200
779 100 672,840,1224,1224
780 100 672,840,1224,1224
781 100 696,840,1224,1200
782 100 696,840,1224,1200
783 100 720,840,1224,1200
784 100 720,840,1224,1200
785 100 720,840,1224,1200
786 100 720,840,1224,1200
787 100 720,840,1224,1200
788 100 720,840,1224,1200
789 100 720,840,1224,1200
790 100 720,840,1224,1200
791 100 720,840,1224,1200
792 100 720,840,1224,1200
793 100 720,840,1224,1200
794 100 720,840,1224,1200
795 100 720,840,1224,1200
796 100 720,840,1224,1200
797 100 744,840,1224,1200
798 100 744,840,1224,1200
799 100 744,840,1224,1200
800 100 744,840,1224,1200
801 100 744,840,1224,1200
802 100 744,840,1224,1200
803 100 768,840,1224,1200
804 100 768,840,1224,1200
805 100 768,840,1224,1200
806 100 768,840,1224,1200
807 100 768,840,1224,1200
808 100 768,840,1224,1200
809 100 768,840,1224,1200
810 100 768,816,1224,1224
811 100 768,816,1224,1224
812 100 768,816,1224,1224
813 100 792,816,1224,1200
814 100 792,816,1224,1200
815 100 816,792,1224,1224
816 100 816,792,1224,1224
817 100 840,792,1224,1200
818 100 840,792,1224,1200
819 100 864,768,1224,1200
820 100 888,744,1224,1224
821 100 888,744,1224,1224
822 100 912,744,1224,1200
823 100 912,744,1224,1200
824 100 912,744,1224,1200
825 100 912,744,1224,1200
826 100 912,744,1224,1200
827 100 912,744,1224,1200
828 100 912,744,1224,1200
829 100 912,744,1224,1200
830 100 912,744,1224,1200
831 100 936,744,1224,1200
832 100 960,720,1224,1200
833 100 984,720,1224,1200
834 100 984,720,1224,1200
835 100 1008,720,1224,1200
836 100 1008,720,1224,1200
837 100 1032,696,1224,1224
838 100 1032,696,1224,1224
839 100 1056,696,1224,1200
840 100 1056,696,1224,1200
841 100 1080,696,1224,1224
842 100 1080,696,1224,1224
843 100 1080,696,1224,1224
844 100 1104,696,1224,1224
845 100 1128,696,1224,1224
846 100 1128,696,1224,1224
847 100 1224,696,1224,1200
848 100 1224,696,1224,1200
849 100 1320,696,1224,1200
850 100 1320,696,1224,1200
851 100 1368,672,1224,1200
852 100 1368,672,1224,1200
853 100 1392,672,1224,1200
854 100 1416,672,1224,1200
855 100 1440,672,1224,1200
856 100 1440,672,1224,1200
857 100 1464,672,1224,1200
858 100 1464,672,1224,1200
859 100 1488,648,1224,1224
860 100 1488,648,1224,1224
861 100 1536,648,1224,1200
862 100 1536,648,1224,1200
863 100 1560,624,1224,1224
864 100 1560,624,1224,1224
865 100 1560,624,1224,1224
866 100 1584,624,1224,1200
867 100 1608,600,1224,1224
868 100 1608,600,1224,1224
869 100 1632,600,1224,1200
870 100 1632,600,1224,1200
871 100 1632,600,1224,1200
872 100 1632,600,1224,1200
873 100 1632,600,1224,1200
874 100 1632,600,1224,1200
875 100 1632,600,1224,1200
876 100 1632,600,1224,1200
877 100 1632,576,1224,1224
878 100 1632,576,1224,1224
879 100 1656,552,1224,1224
880 100 1656,552,1224,1224
881 100 1632,528,1224,1224
882 100 1632,528,1224,1224
883 100 1632,504,1224,1224
884 100 1632,504,1224,1224
885 100 1632,480,1224,1224
886 100 1608,480,1224,1200
887 100 1608,480,1224,1200
888 100 1608,456,1224,1200
889 100 1584,432,1224,1224
890 100 1584,432,1224,1224
891 100 1560,408,1224,1224
892 100 1560,408,1224,1224
893 100 1536,408,1224,1200
894 100 1536,384,1224,1200
895 100 1536,384,1224,1200
896 100 1512,360,1224,1224
897 100 1512,360,1224,1224
898 100 1512,360,1224,1224
899 100 1512,360,1224,1224
900 100 1512,360,1224,1224
901 100 1512,360,1224,1224
902 100 1512,360,1224,1224
903 100 1512,360,1224,1224
904 100 1488,360,1224,1224
905 100 1488,360,1224,1200
906 100 1488,360,1224,1224
907 100 1488,360,1224,1224
908 100 1488,360,1224,1224
909 100 1488,360,1224,1224
910 100 1488,360,1224,1224
911 100 1488,360,1224,1224
912 100 1488,360,1224,1224
913 100 1488,360,1224,1224
914 100 1464,360,1224,1224
915 100 1440,384,1224,1200
916 100 1440,384,1224,1200
917 100 1392,384,1224,1200
918 100 1344,384,1224,1200
919 100 1344,384,1224,1200
920 100 1296,384,1224,1200
921 100 1296,384,1224,1200
922 100 1248,384,1224,1224
923 100 1248,384,1224,1224
924 100 1224,408,1224,1200
925 100 1224,408,1224,1200
926 100 1200,408,1224,1200
927 100 1200,408,1224,1224
928 100 1200,432,1224,1200
929 100 1200,432,1224,1200
930 100 1176,432,1224,1200
931 100 1176,432,1224,1200
932 100 1176,432,1224,1224
933 100 1176,432,1224,1224
934 100 1176,432,1224,1224
935 100 1176,432,1224,1224
936 100 1152,432,1224,1224
937 100 1176,432,1224,1224
938 100 1176,432,1224,1224
939 100 1152,456,1224,1200
940 100 1152,456,1224,1200
941 100 1152,456,1224,1200
942 100 1152,456,1224,1200
943 100 1152,456,1224,1200
944 100 1176,456,1224,1224
945 100 1176,456,1224,1224
946 100 1176,480,1224,1200
947 100 1176,480,1224,1200
948 100 1176,480,1224,1200
949 100 1176,480,1224,1200
950 100 1176,480,1224,1224
951 100 1176,480,1224,1224
952 100 1200,504,1224,1200
953 100 1200,504,1224,1200
954 100 1200,504,1224,1200
955 100 1200,504,1224,1200
956 100 1200,504,1224,1200
957 100 1200,504,1224,1200
958 100 1200,504,1224,1224
959 100 1176,528,1224,1200
960 100 1152,528,1224,1200
961 100 1152,528,1224,1200
962 100 1128,528,1224,1224
963 100 1128,528,1224,1224
964 100 1056,552,1224,1200
965 100 1056,552,1224,1200
966 100 1032,552,1224,1200
967 100 1032,552,1224,1200
968 100 1008,552,1224,1200
969 100 1008,552,1224,1200
970 100 960,528,1224,1224
971 100 960,528,1224,1224
972 100 912,552,1224,1200
973 100 912,552,1224,1200
974 100 840,552,1224,1200
975 100 840,552,1224,1200
976 100 792,552,1224,1224
977 100 792,552,1224,1224
978 100 744,576,1224,1200
979 100 720,576,1224,1200
980 100 720,576,1224,1200
981 100 720,576,1224,1224
982 100 720,576,1224,1200
983 100 720,576,1224,1200
984 100 720,576,1224,1200
985 100 720,576,1224,1200
986 100 720,552,1224,1224
987 100 720,552,1224,1224
988 100 720,552,1224,1224
989 100 696,552,1224,1224
990 100 696,552,1224,1224
991 100 696,552,1224,1224
992 100 696,552,1224,1224
993 100 696,552,1224,1224
994 100 696,552,1224,1224
995 100 696,552,1224,1224
996 100 696,552,1224,1224
997 100 696,552,1224,1224
998 100 696,552,1224,1200
999 100 696,552,1224,1200
1000 100 696,552,1224,1200
1001 100 696,552,1224,1200
1002 100 720,552,1224,1200
1003 100 720,552,1224,1200
1004 100 720,528,1224,1224
1005 100 720,528,1224,1224
1006 100 744,552,1224,1200
1007 100 744,552,1224,1200
1008 100 768,528,1224,1224
1009 100 768,528,1224,1224
1010 100 768,528,1224,1224
1011 100 768,528,1224,1224
1012 100 792,528,1224,1224
1013 100 792,528,1224,1200
1014 100 792,528,1224,1200
1015 100 792,528,1224,1200
1016 100 792,528,1224,1200
1017 100 792,528,1224,1200
1018 100 816,528,1224,1200
1019 100 816,528,1224,1200
1020 100 816,528,1224,1200
1021 100 816,528,1224,1200
1022 100 840,528,1224,1200
1023 100 888,528,1224,1200
1024 100 888,528,1224,1200
1025 100 936,528,1224,1200
1026 100 984,528,1224,1224
1027 100 984,528,1224,1224
1028 100 1056,528,1224,1224
1029 100 1056,528,1224,1224
1030 100 1104,552,1224,1200
1031 100 1104,552,1224,1200
1032 100 1128,552,1224,1224
1033 100 1128,576,1224,1200
1034 100 1128,576,1224,1200
1035 100 1128,576,1224,1200
1036 100 1128,576,1224,1200
1037 100 1128,576,1224,1200
1038 100 1128,576,1224,1224
1039 100 1128,576,1224,1224
1040 100 1128,576,1224,1200
1041 100 1128,576,1224,1200
1042 100 1128,576,1224,1200
1043 100 1128,576,1224,1200
1044 100 1128,576,1224,1224
1045 100 1104,600,1224,1200
1046 100 1104,600,1224,1200
1047 100 1104,600,1224,1200
1048 100 1104,600,1224,1200
1049 100 1104,600,1224,1200
1050 100 1104,576,1224,1224
1051 100 1104,576,1224,1224
1052 100 1104,576,1224,1224
1053 100 1104,576,1224,1224
1054 100 1104,576,1224,1224
1055 100 1104,576,1224,1200
1056 100 1104,576,1224,1200
1057 100 1104,576,1224,1200
1058 100 1104,576,1224,1200
1059 100 1104,576,1224,1200
1060 100 1104,576,1224,1200
1061 100 1080,576,1224,1200
1062 100 1080,576,1224,1200
1063 100 1080,576,1224,1200
1064 100 1080,576,1224,1200
1065 100 1080,576,1224,1200
1066 100 1080,576,1224,1200
1067 100 1080,576,1224,1200
1068 100 1080,576,1224,1200
1069 100 1080,576,1224,1200
1070 100 1080,576,1224,1200
1071 100 1056,576,1224,1200
1072 100 1056,576,1224,1200
1073 100 1056,576,1224,1200
1074 100 1056,576,1224,1200
1075 100 1056,576,1224,1200
1076 100 1032,552,1224,1224
1077 100 1032,552,1224,1224
1078 100 1032,552,1224,1224
1079 100 1008,552,1224,1200
1080 100 1008,552,1224,1200
1081 100 1008,552,1224,1224
1082 100 1008,552,1224,1224
1083 100 984,552,1224,1224
1084 100 984,552,1224,1224
1085 100 984,552,1224,1224
1086 100 984,552,1224,1200
1087 100 960,552,1224,1200
1088 100 960,552,1224,1200
1089 100 912,552,1224,1200
1090 100 912,552,1224,1200
1091 100 888,552,1224,1200
1092 100 888,552,1224,1200
1093 100 888,528,1224,1224
1094 100 888,528,1224,1224
1095 100 864,528,1224,1224
1096 100 864,528,1224,1224
1097 100 864,528,1224,1224
1098 100 888,528,1224,1200
1099 100 864,528,1224,1200
1100 100 864,528,1224,1200
1101 100 840,504,1224,1224
1102 100 840,504,1224,1224
1103 100 816,504,1224,1224
1104 100 792,504,1224,1224
1105 100 792,504,1224,1224
1106 100 768,504,1224,1224
1107 100 768,504,1224,1224
1108 100 768,504,1224,1200
1109 100 744,504,1224,1200
1110 100 744,504,1224,1200
1111 100 744,504,1224,1200
1112 100 744,504,1224,1200
1113 100 720,504,1224,1200
1114 100 720,504,1224,1200
1115 100 696,504,1224,1200
1116 100 600,504,1224,1224
1117 100 600,504,1224,1224
1118 100 576,528,1224,1200
1119 100 552,528,1224,1224
1120 100 552,528,1224,1224
1121 100 552,552,1224,1200
1122 100 552,552,1224,1200
1123 100 600,576,1224,1200
1124 100 600,576,1224,1200
1125 100 648,576,1224,1224
1126 100 672,600,1224,1200
1127 100 672,600,1224,1200
1128 100 696,624,1224,1200
1129 100 720,624,1224,1224
1130 100 720,624,1224,1224
1131 100 744,648,1224,1224
1132 100 744,648,1224,1224
1133 100 768,696,1224,1200
1134 100 768,696,1224,1200
1135 100 792,696,1224,1224
1136 100 792,696,1224,1224
1137 100 792,720,1224,1200
1138 100 792,720,1224,1200
1139 100 792,720,1224,1224
1140 100 792,720,1224,1224
1141 100 816,720,1224,1200
1142 100 816,720,1224,1200
1143 100 816,720,1224,1200
1144 100 816,720,1224,1200
1145 100 840,720,1224,1200
1146 100 840,720,1224,1200
1147 100 864,720,1224,1200
1148 100 888,696,1224,1224
1149 100 888,696,1224,1224
1150 100 912,696,1224,1200
1151 100 984,672,1224,1224
1152 100 984,672,1224,1224
1153 100 1056,672,1224,1200
1154 100 1056,672,1224,1200
1155 100 1104,648,1224,1200
1156 100 1104,648,1224,1200
1157 100 1152,648,1224,1200
1158 100 1152,648,1224,1200
1159 100 1200,624,1224,1224
1160 100 1224,624,1224,1224
1161 100 1224,624,1224,1224
1162 100 1224,624,1224,1224
1163 100 1224,624,1224,1224
1164 100 1224,624,1224,1200
1165 100 1224,624,1224,1200
1166 100 1224,624,1224,1200
1167 100 1224,624,1224,1200
1168 100 1248,624,1224,1200
1169 100 1248,624,1224,1200
1170 100 1272,624,1224,1200
1171 100 1272,624,1224,1200
1172 100 1296,624,1224,1200
1173 100 1296,624,1224,1200
1174 100 1320,624,1224,1200
1175 100 1344,624,1224,1224
1176 100 1344,624,1224,1224
1177 100 1368,624,1224,1224
1178 100 1392,648,1224,1200
1179 100 1392,648,1224,1200
1180 100 1392,648,1224,1200
1181 100 1392,648,1224,1200
1182 100 1368,648,1224,1200
1183 100 1368,648,1224,1200
1184 100 1344,648,1224,1224
1185 100 1320,648,1224,1200
1186 100 1320,648,1224,1200
1187 100 1296,648,1224,1200
1188 100 1296,648,1224,1200
1189 100 1296,648,1224,1200
1190 100 1272,648,1224,1200
1191 100 1272,648,1224,1200
1192 100 1248,624,1224,1224
1193 100 1248,624,1224,1224
1194 100 1224,624,1224,1224
1195 100 1224,624,1224,1224
1196 100 1176,624,1224,1200
1197 100 1176,624,1224,1200
1198 100 1152,600,1224,1224
1199 100 1152,600,1224,1224
1200 100 1128,600,1224,1224
1201 100 1128,600,1224,1224
1202 100 1104,600,1224,1200
1203 100 1080,600,1224,1200
1204 100 1080,600,1224,1200
1205 100 1056,576,1224,1224
1206 100 1056,576,1224,1224
1207 100 1032,576,1224,1200
1208 100 1032,576,1224,1200
1209 100 1032,576,1224,1200
1210 100 1008,552,1224,1224
1211 100 1008,552,1224,1224
1212 100 1008,552,1224,1224
1213 100 1008,552,1224,1224
1214 100 1008,552,1224,1224
1215 100 1008,552,1224,1224
1216 100 984,552,1224,1224
1217 100 984,552,1224,1224
1218 100 984,552,1224,1224
1219 100 984,552,1224,1224
1220 100 984,552,1224,1224
1221 100 984,552,1224,1224
1222 100 984,576,1224,1200
1223 100 984,576,1224,1200
1224 100 984,576,1224,1200
1225 100 984,576,1224,1200
1226 100 984,576,1224,1200
1227 100 984,576,1224,1200
1228 100 1008,576,1224,1200
1229 100 1008,576,1224,1200
1230 100 1008,576,1224,1200
1231 100 1008,576,1224,1200
1232 100 1008,576,1224,1200
1233 100 1008,576,1224,1200
1234 100 984,576,1224,1200
1235 100 984,576,1224,1200
1236 100 1008,576,1224,1200
1237 100 1008,576,1224,1200
1238 100 1008,576,1224,1200
1239 100 1008,576,1224,1200
1240 100 1008,576,1224,1224
1241 100 1008,576,1224,1224
1242 100 1008,576,1224,1224
1243 100 1008,576,1224,1224
1244 100 1032,576,1224,1224
1245 100 1032,576,1224,1224
1246 100 1032,576,1224,1224
1247 100 1032,576,1224,1224
1248 100 1032,576,1224,1224
1249 100 1032,576,1224,1224
1250 100 1056,576,1224,1224
1251 100 1056,600,1224,1200
1252 100 1056,600,1224,1200
1253 100 1056,600,1224,1200
1254 100 1056,600,1224,1200
1255 100 1056,600,1224,1200
1256 100 1056,600,1224,1200
1257 100 1056,600,1224,1200
1258 100 1056,600,1224,1200
1259 100 1056,600,1224,1200
1260 100 1056,600,1224,1200
1261 100 1056,600,1224,1200
1262 100 1056,600,1224,1200
1263 100 1080,600,1224,1200
1264 100 1080,600,1224,1200
1265 100 1080,600,1224,1224
1266 100 1080,600,1224,1224
1267 100 1104,600,1224,1224
1268 100 1104,600,1224,1224
1269 100 1104,600,1224,1224
1270 100 1128,600,1224,1224
1271 100 1128,624,1224,1200
1272 100 1128,624,1224,1200
1273 100 1152,624,1224,1200
1274 100 1152,624,1224,1200
1275 100 1152,624,1224,1200
1276 100 1152,624,1224,1200
1277 100 1152,624,1224,1224
1278 100 1152,624,1224,1224
1279 100 1176,624,1224,1224
1280 100 1176,624,1224,1224
1281 100 1176,624,1224,1224
1282 100 1176,624,1224,1224
1283 100 1176,648,1224,1200
1284 100 1176,648,1224,1200
1285 100 1176,648,1224,1200
1286 100 1176,648,1224,1200
1287 100 1176,648,1224,1200
1288 100 1176,648,1224,1200
1289 100 1176,648,1224,1200
1290 100 1176,648,1224,1200
1291 100 1176,648,1224,1200
1292 100 1176,648,1224,1200
1293 100 1176,648,1224,1200
1294 100 1176,648,1224,1200
1295 100 1176,648,1224,1200
1296 100 1176,648,1224,1200
1297 100 1176,648,1224,1224
1298 100 1176,648,1224,1224
1299 100 1176,648,1224,1224
1300 100 1176,648,1224,1224
1301 100 1176,648,1224,1224
1302 100 1176,648,1224,1224
1303 100 1176,648,1224,1224
1304 100 1176,648,1224,1224
1305 100 1176,648,1224,1224
1306 100 1152,648,1224,1224
1307 100 1152,648,1224,1224
1308 100 1152,648,1224,1224
1309 100 1152,648,1224,1224
1310 100 1152,648,1224,1224
1311 100 1152,648,1224,1224
1312 100 1152,648,1224,1224
1313 100 1152,648,1224,1224
1314 100 1152,648,1224,1224
1315 100 1152,648,1224,1224
1316 100 1152,648,1224,1224
1317 100 1152,672,1224,1200
1318 100 1152,672,1224,1200
1319 100 1152,672,1224,1200
1320 100 1152,672,1224,1200
1321 100 1152,672,1224,1200
1322 100 1152,672,1224,1200
1323 100 1152,672,1224,1200
1324 100 1152,672,1224,1200
1325 100 1152,672,1224,1200
1326 100 1152,672,1224,1200
1327 100 1152,672,1224,1200
1328 100 1152,672,1224,1200
1329 100 1152,672,1224,1200
1330 100 1152,672,1224,1200
1331 100 1152,672,1224,1200
1332 100 1152,672,1224,1200
1333 100 1152,672,1224,1200
1334 100 1176,672,1224,1200
1335 100 1176,672,1224,1224
1336 100 1176,672,1224,1224
1337 100 1176,696,1224,1200
1338 100 1176,696,1224,1200
1339 100 1152,696,1224,1224
1340 100 1128,744,1224,1200
1341 100 1128,744,1224,1200
1342 100 1128,744,1224,1200
1343 100 1104,768,1224,1224
1344 100 1056,840,1224,1200
1345 100 1080,792,1224,1224
1346 100 1080,792,1224,1224
1347 100 1104,792,1224,1200
1348 100 1104,792,1224,1200
1349 100 1104,792,1224,1200
1350 100 1104,792,1224,1200
1351 100 1104,792,1224,1200
1352 100 1104,768,1224,1200
1353 100 1104,768,1224,1200
1354 100 1128,744,1224,1200
1355 100 1128,744,1224,1200
1356 100 1128,720,1224,1224
1357 100 1176,696,1224,1200
1358 100 1176,696,1224,1200
1359 100 1200,648,1224,1200
1360 100 1200,648,1224,1200
1361 100 1224,624,1224,1200
1362 100 1224,600,1224,1224
1363 100 1224,600,1224,1224
1364 100 1248,600,1224,1200
1365 100 1248,600,1224,1200
1366 100 1248,576,1224,1200
1367 100 1248,576,1224,1200
1368 100 1272,552,1224,1224
1369 100 1272,552,1224,1200
1370 100 1272,552,1224,1200
1371 100 1296,528,1224,1200
1372 100 1296,504,1224,1224
1373 100 1296,504,1224,1224
1374 100 1320,480,1224,1224
1375 100 1320,480,1224,1224
1376 100 1296,432,1224,1224
1377 100 1296,432,1224,1224
1378 100 1296,408,1224,1224
1379 100 1272,360,1224,1200
1380 100 1272,360,1224,1200
1381 100 1248,312,1224,1224
1382 100 1248,312,1224,1200
1383 100 1248,312,1224,1200
1384 100 1248,312,1224,1200
1385 100 1248,288,1224,1200
1386 100 1248,264,1224,1200
1387 100 1248,264,1224,1200
1388 100 1248,216,1224,1224
1389 100 1248,216,1224,1224
1390 100 1248,216,1224,1200
1391 100 1248,216,1224,1200
1392 100 1248,216,1224,1200
1393 100 1248,192,1224,1224
1394 100 1248,192,1224,1224
1395 100 1224,192,1224,1200
1396 100 1224,216,1224,1200
1397 100 1224,216,1224,1200
1398 100 1224,216,1224,1200
1399 100 1224,216,1224,1224
1400 100 1224,216,1224,1224
1401 100 1224,240,1224,1200
1402 100 1200,240,1224,1200
1403 100 1200,240,1224,1200
1404 100 1224,264,1224,1200
1405 100 1224,264,1224,1200
1406 100 1224,264,1224,1200
1407 100 1224,264,1224,1200
1408 100 1224,264,1224,1224
1409 100 1224,288,1224,1200
1410 100 1224,288,1224,1200
1411 100 1224,288,1224,1200
1412 100 1224,288,1224,1224
1413 100 1224,312,1224,1200
1414 100 1224,312,1224,1200
1415 100 1224,312,1224,1200
1416 100 1224,312,1224,1200
1417 100 1224,312,1224,1200
1418 100 1224,336,1224,1200
1419 100 1224,312,1224,1224
1420 100 1224,312,1224,1224
1421 100 1224,336,1224,1200
1422 100 1224,336,1224,1200
1423 100 1248,336,1224,1200
1424 100 1248,336,1224,1224
1425 100 1248,336,1224,1224
1426 100 1272,336,1224,1224
1427 100 1272,336,1224,1224
1428 100 1272,360,1224,1200
1429 100 1272,360,1224,1200
1430 100 1296,360,1224,1200
1431 100 1296,360,1224,1200
1432 100 1296,384,1224,1200
1433 100 1296,384,1224,1200
1434 100 1320,384,1224,1224
1435 100 1320,408,1224,1200
1436 100 1320,408,1224,1224
1437 100 1320,408,1224,1224
1438 100 1320,432,1224,1200
1439 100 1320,432,1224,1200
1440 100 1320,432,1224,1224
1441 100 1320,432,1224,1224
1442 100 1320,432,1224,1224
1443 100 1320,432,1224,1224
1444 100 1320,456,1224,1200
1445 100 1320,456,1224,1224
1446 100 1320,456,1224,1224
1447 100 1320,456,1224,1224
1448 100 1320,456,1224,1224
1449 100 1320,456,1224,1224
1450 100 1320,456,1224,1224
1451 100 1320,456,1224,1224
1452 100 1320,456,1224,1224
1453 100 1320,456,1224,1224
1454 100 1320,456,1224,1224
1455 100 1320,480,1224,1200
1456 100 1320,480,1224,1200
1457 100 1320,480,1224,1200
1458 100 1320,480,1224,1200
1459 100 1320,480,1224,1200
1460 100 1320,456,1224,1224
1461 100 1320,456,1224,1224
1462 100 1320,456,1224,1224
1463 100 1320,456,1224,1224
1464 100 1320,456,1224,1224
1465 100 1320,456,1224,1224
1466 100 1320,456,1224,1224
1467 100 1344,456,1224,1224
1468 100 1344,456,1224,1224
1469 100 1344,456,1224,1224
1470 100 1344,456,1224,1224
1471 100 1344,456,1224,1224
1472 100 1368,456,1224,1224
1473 100 1392,456,1224,1224
1474 100 1392,456,1224,1224
1475 100 1392,456,1224,1224
1476 100 1392,456,1224,1224
1477 100 1392,480,1224,1224
1478 100 1392,480,1224,1224
1479 100 1416,480,1224,1224
1480 100 1416,480,1224,1224
1481 100 1416,480,1224,1224
1482 100 1440,480,1224,1224
1483 100 1440,480,1224,1224
1484 100 1440,480,1224,1224
1485 100 1440,480,1224,1224
1486 100 1440,480,1224,1224
1487 100 1440,504,1224,1200
1488 100 1440,504,1224,1200
1489 100 1464,504,1224,1200
1490 100 1464,504,1224,1224
1491 100 1464,504,1224,1224
1492 100 1464,504,1224,1224
1493 100 1464,504,1224,1224
1494 100 1464,504,1224,1224
1495 100 1464,504,1224,1224
1496 100 1464,504,1224,1224
1497 100 1464,504,1224,1224
1498 100 1464,504,1224,1224
1499 100 1464,504,1224,1224
1500 100 1440,504,1224,1224
1501 100 1440,504,1224,1224
1502 100 1440,504,1224,1224
1503 100 1440,504,1224,1224
1504 100 1440,504,1224,1224
1505 100 1440,504,1224,1224
1506 100 1440,528,1224,1200
1507 100 1440,528,1224,1200
1508 100 1440,528,1224,1200
1509 100 1416,528,1224,1224
1510 100 1416,528,1224,1224
1511 100 1416,528,1224,1200
1512 100 1416,528,1224,1224
1513 100 1416,528,1224,1224
1514 100 1416,528,1224,1224
1515 100 1392,528,1224,1224
1516 100 1368,552,1224,1200
1517 100 1368,552,1224,1200
1518 100 1368,552,1224,1200
1519 100 1344,552,1224,1200
1520 100 1344,552,1224,1200
1521 100 1320,552,1224,1224
1522 100 1320,576,1224,1200
1523 100 1320,576,1224,1200
1524 100 1296,576,1224,1200
1525 100 1296,576,1224,1200
1526 100 1296,576,1224,1200
1527 100 1296,576,1224,1200
1528 100 1296,576,1224,1200
1529 100 1320,552,1224,1200
1530 100 1320,552,1224,1200
1531 100 1296,552,1224,1200
1532 100 1296,552,1224,1200
1533 100 1296,552,1224,1200
1534 100 1296,552,1224,1200
1535 100 1296,552,1224,1200
1536 100 1320,528,1224,1224
1537 100 1320,528,1224,1224
1538 100 1320,528,1224,1224
1539 100 1296,528,1224,1224
1540 100 1296,528,1224,1224
1541 100 1296,528,1224,1200
1542 100 1296,528,1224,1200
1543 100 1296,528,1224,1200
1544 100 1296,528,1224,1200
1545 100 1296,528,1224,1200
1546 100 1296,528,1224,1200
1547 100 1296,528,1224,1200
1548 100 1296,528,1224,1200
1549 100 1296,528,1224,1200
1550 100 1296,528,1224,1200
1551 100 1296,528,1224,1224
1552 100 1296,528,1224,1224
1553 100 1296,528,1224,1224
1554 100 1296,552,1224,1200
1555 100 1296,552,1224,1200
1556 100 1296,552,1224,1200
1557 100 1296,552,1224,1200
1558 100 1296,552,1224,1200
1559 100 1296,552,1224,1200
1560 100 1296,552,1224,1200
1561 100 1296,552,1224,1200
1562 100 1296,552,1224,1200
1563 100 1296,552,1224,1200
1564 100 1296,552,1224,1200
1565 100 1296,552,1224,1200
1566 100 1296,528,1224,1224
1567 100 1296,528,1224,1224
1568 100 1296,528,1224,1200
1569 100 1296,528,1224,1200
1570 100 1296,528,1224,1200
1571 100 1296,528,1224,1200
1572 100 1296,528,1224,1200
1573 100 1296,528,1224,1200
1574 100 1296,528,1224,1200
1575 100 1296,528,1224,1200
1576 100 1296,504,1224,1200
1577 100 1296,504,1224,1200
1578 100 1272,480,1224,1200
1579 100 1272,480,1224,1200
1580 100 1272,456,1224,1200
1581 100 1248,432,1224,1224
1582 100 1248,432,1224,1224
1583 100 1248,408,1224,1224
1584 100 1248,408,1224,1224
1585 100 1248,408,1224,1200
1586 100 1224,384,1224,1200
1587 100 1224,384,1224,1200
1588 100 1224,360,1224,1200
1589 100 1224,360,1224,1200
1590 100 1224,360,1224,1200
1591 100 1224,360,1224,1200
1592 100 1200,336,1224,1200
1593 100 1200,336,1224,1200
1594 100 1200,336,1224,1200
1595 100 1200,336,1224,1200
1596 100 1200,336,1224,1200
1597 100 1200,336,1224,1200
1598 100 1200,336,1224,1200
1599 100 1200,336,1224,1200
1600 100 1200,336,1224,1200
1601 100 1200,336,1224,1200
1602 100 1200,336,1224,1200
1603 100 1224,336,1224,1224
1604 100 1224,336,1224,1224
1605 100 1224,360,1224,1200
1606 100 1224,360,1224,1200
1607 100 1248,360,1224,1200
1608 100 1296,384,1224,1200
1609 100 1296,384,1224,1200
1610 100 1344,384,1224,1200
1611 100 1344,384,1224,1200
1612 100 1392,408,1224,1200
1613 100 1416,408,1224,1224
1614 100 1416,408,1224,1224
1615 100 1416,432,1224,1224
1616 100 1416,432,1224,1224
1617 100 1440,456,1224,1200
1618 100 1464,456,1224,1224
1619 100 1464,456,1224,1224
1620 100 1464,456,1224,1224
1621 100 1464,456,1224,1224
1622 100 1464,480,1224,1200
1623 100 1512,480,1224,1224
1624 100 1512,480,1224,1224
1625 100 1536,504,1224,1200
1626 100 1536,504,1224,1200
1627 100 1584,504,1224,1200
1628 100 1632,528,1224,1200
1629 100 1632,528,1224,1200
1630 100 1704,528,1224,1200
1631 100 1704,528,1224,1200
1632 100 1728,528,1224,1200
1633 100 1728,528,1224,1200
1634 100 1752,528,1224,1200
1635 100 1800,528,1224,1200
1636 100 1800,528,1224,1200
1637 100 1800,528,1224,1224
1638 100 1800,528,1224,1224
1639 100 1800,528,1224,1224
1640 100 1800,528,1224,1224
1641 100 1800,528,1224,1224
1642 100 1824,528,1224,1224
1643 100 1824,528,1224,1224
1644 100 1824,528,1224,1224
1645 100 1824,528,1224,1224
1646 100 1824,528,1224,1224
1647 100 1824,528,1224,1224
1648 100 1824,528,1224,1224
1649 100 1848,528,1224,1224
1650 100 1848,504,1224,1224
1651 100 1848,504,1224,1224
1652 100 1848,504,1224,1224
1653 100 1848,504,1224,1224
1654 100 1848,480,1224,1224
1655 100 1848,480,1224,1224
1656 100 1848,480,1224,1224
1657 100 1824,456,1224,1224
1658 100 1824,456,1224,1224
1659 100 1800,432,1224,1224
1660 100 1800,432,1224,1224
1661 100 1800,432,1224,1224
1662 100 1800,432,1224,1224
1663 100 1800,432,1224,1224
1664 100 1776,432,1224,1224
1665 100 1776,432,1224,1224
1666 100 1776,432,1224,1224
1667 100 1776,408,1224,1248
1668 100 1776,408,1224,1248
1669 100 1776,408,1224,1224
1670 100 1776,408,1224,1224
1671 100 1752,408,1224,1224
1672 100 1752,408,1224,1224
1673 100 1752,408,1224,1224
1674 100 1728,408,1224,1224
1675 100 1728,408,1224,1224
1676 100 1728,408,1224,1224
1677 100 1704,384,1224,1224
1678 100 1704,384,1224,1224
1679 100 1704,384,1224,1224
1680 100 1704,384,1224,1224
1681 100 1704,384,1224,1224
1682 100 1704,384,1224,1224
1683 100 1704,384,1224,1224
1684 100 1680,384,1224,1224
1685 100 1680,384,1224,1224
1686 100 1680,360,1224,1248
1687 100 1680,360,1224,1248
1688 100 1680,360,1224,1224
1689 100 1680,360,1224,1224
1690 100 1680,360,1224,1224
1691 100 1680,360,1224,1224
1692 100 1680,360,1224,1224
1693 100 1680,336,1224,1248
1694 100 1656,336,1224,1224
1695 100 1656,336,1224,1224
1696 100 1632,336,1224,1224
1697 100 1632,336,1224,1224
1698 100 1632,336,1224,1224
1699 100 1632,312,1224,1248
1700 100 1608,312,1224,1224
1701 100 1608,312,1224,1224
1702 100 1608,312,1224,1224
1703 100 1584,312,1224,1224
1704 100 1584,312,1224,1224
1705 100 1584,288,1224,1248
1706 100 1584,288,1224,1248
1707 100 1560,288,1224,1248
1708 100 1560,288,1224,1248
1709 100 1536,288,1224,1248
1710 100 1536,288,1224,1224
1711 100 1512,288,1224,1224
1712 100 1512,288,1224,1224
1713 100 1512,288,1224,1224
1714 100 1488,264,1224,1248
1715 100 1464,264,1224,1224
1716 100 1464,264,1224,1224
1717 100 1464,264,1224,1224
1718 100 1464,264,1224,1224
1719 100 1440,240,1224,1248
1720 100 1440,240,1224,1224
1721 100 1440,240,1224,1224
1722 100 1416,240,1224,1224
1723 100 1392,216,1224,1224
1724 100 1392,216,1224,1224
1725 100 1392,216,1224,1224
1726 100 1392,216,1224,1224
1727 100 1392,216,1224,1224
1728 100 1368,192,1224,1224
1729 100 1368,192,1224,1224
1730 100 1368,192,1224,1224
1731 100 1368,192,1224,1224
1732 100 1344,168,1224,1248
1733 100 1344,168,1224,1248
1734 100 1320,168,1224,1224
1735 100 1320,168,1224,1224
1736 100 1320,168,1224,1224
1737 100 1296,168,1224,1224
1738 100 1296,144,1224,1248
1739 100 1296,144,1224,1248
1740 100 1296,144,1224,1248
1741 100 1296,144,1224,1248
1742 100 1272,144,1224,1248
1743 100 1272,144,1224,1248
1744 100 1272,144,1224,1248
1745 100 1272,144,1224,1248
1746 100 1272,144,1224,1248
1747 100 1272,144,1224,1248
1748 100 1248,144,1224,1248
1749 100 1248,144,1224,1248
1750 100 1224,168,1224,1224
1751 100 1224,168,1224,1224
1752 100 1200,168,1224,1248
1753 100 1176,168,1224,1248
1754 100 1176,168,1224,1248
1755 100 1152,168,1224,1248
1756 100 1152,168,1224,1248
1757 100 1152,192,1224,1224
1758 100 1152,192,1224,1224
1759 100 1128,192,1224,1224
1760 100 1104,192,1224,1224
1761 100 1104,192,1224,1224
1762 100 1104,192,1224,1224
1763 100 1104,192,1224,1224
1764 100 1080,192,1224,1224
1765 100 1080,192,1224,1224
1766 100 1080,192,1224,1224
1767 100 1080,216,1224,1200
1768 100 1080,216,1224,1200
1769 100 1056,216,1224,1200
1770 100 1056,216,1224,1200
1771 100 1056,216,1224,1200
1772 100 1056,216,1224,1200
1773 100 1032,216,1224,1200
1774 100 1008,216,1224,1200
1775 100 1008,216,1224,1200
1776 100 984,216,1224,1200
1777 100 984,192,1224,1224
1778 100 984,192,1224,1224
1779 100 960,192,1224,1224
1780 100 960,192,1224,1224
1781 100 936,192,1224,1224
1782 100 936,192,1224,1224
1783 100 936,192,1224,1224
1784 100 936,192,1224,1224
1785 100 936,216,1224,1200
1786 100 936,216,1224,1200
1787 100 936,216,1224,1200
1788 100 912,216,1224,1200
1789 100 912,216,1224,1200
1790 100 912,192,1224,1224
1791 100 912,192,1224,1224
1792 100 912,192,1224,1224
1793 100 912,192,1224,1224
1794 100 912,192,1224,1224
1795 100 912,192,1224,1224
1796 100 912,192,1224,1224
1797 100 912,192,1224,1224
1798 100 912,192,1224,1224
1799 100 912,192,1224,1200
1800 100 912,192,1224,1200
1801 100 912,192,1224,1200
1802 100 912,192,1224,1200
1803 100 912,192,1224,1200
1804 100 912,192,1224,1200
1805 100 936,192,1224,1200
1806 100 936,192,1224,1200
1807 100 936,192,1224,1200
1808 100 936,192,1224,1200
1809 100 936,192,1224,1200
1810 100 936,192,1224,1200
1811 100 912,192,1224,1200
1812 100 912,192,1224,1200
1813 100 912,192,1224,1200
1814 100 912,168,1224,1224
1815 100 912,168,1224,1224
1816 100 912,168,1224,1224
1817 100 912,168,1224,1224
1818 100 912,168,1224,1200
1819 100 912,168,1224,1200
1820 100 912,168,1224,1200
1821 100 912,168,1224,1200
1822 100 912,168,1224,1200
1823 100 912,168,1224,1200
1824 100 912,168,1224,1200
1825 100 912,168,1224,1200
1826 100 912,144,1224,1224
1827 100 912,144,1224,1224
1828 100 912,144,1224,1224
1829 100 912,144,1224,1224
1830 100 912,144,1224,1224
1831 100 936,144,1224,1224
1832 100 936,144,1224,1224
1833 100 936,144,1224,1224
1834 100 960,144,1224,1224
1835 100 960,144,1224,1224
1836 100 960,144,1224,1224
1837 100 960,144,1224,1224
1838 100 984,144,1224,1224
1839 100 1008,144,1224,1224
1840 100 1008,144,1224,1224
1841 100 1032,144,1224,1224
1842 100 1032,144,1224,1224
1843 100 1056,144,1224,1224
1844 100 1104,168,1224,1200
1845 100 1104,168,1224,1200
1846 100 1152,168,1224,1200
1847 100 1152,168,1224,1200
1848 100 1176,168,1224,1200
1849 100 1224,192,1224,1200
1850 100 1224,192,1224,1200
1851 100 1272,192,1224,1200
1852 100 1272,192,1224,1200
1853 100 1272,192,1224,1200
1854 100 1272,192,1224,1200
1855 100 1296,192,1224,1200
1856 100 1320,192,1224,1224
1857 100 1320,192,1224,1224
1858 100 1344,216,1224,1200
1859 100 1344,216,1224,1200
1860 100 1368,216,1224,1200
1861 100 1368,216,1224,1224
1862 100 1368,216,1224,1224
1863 100 1392,240,1224,1200
1864 100 1392,240,1224,1200
1865 100 1392,240,1224,1200
1866 100 1416,240,1224,1200
1867 100 1416,240,1224,1200
1868 100 1416,240,1224,1224
1869 100 1416,240,1224,1224
1870 100 1416,264,1224,1200
1871 100 1440,264,1224,1200
1872 100 1440,264,1224,1200
1873 100 1440,264,1224,1200
1874 100 1440,264,1224,1200
1875 100 1440,288,1224,1200
1876 100 1440,288,1224,1200
1877 100 1440,288,1224,1200
1878 100 1464,288,1224,1200
1879 100 1464,288,1224,1200
1880 100 1464,288,1224,1224
1881 100 1464,288,1224,1224
1882 100 1464,312,1224,1200
1883 100 1464,312,1224,1200
1884 100 1464,312,1224,1200
1885 100 1464,312,1224,1200
1886 100 1464,312,1224,1200
1887 100 1488,312,1224,1224
1888 100 1488,312,1224,1224
1889 100 1488,312,1224,1224
1890 100 1488,312,1224,1224
1891 100 1488,312,1224,1224
1892 100 1488,312,1224,1224
1893 100 1464,312,1224,1224
1894 100 1464,312,1224,1224
1895 100 1464,312,1224,1224
1896 100 1464,312,1224,1224
1897 100 1440,312,1224,1200
1898 100 1416,288,1224,1224
1899 100 1416,288,1224,1224
1900 100 1392,288,1224,1224
1901 100 1392,288,1224,1224
1902 100 1392,288,1224,1224
1903 100 1392,288,1224,1224
1904 100 1392,288,1224,1224
1905 100 1392,288,1224,1224
1906 100 1392,288,1224,1224
1907 100 1392,312,1224,1200
1908 100 1392,312,1224,1200
1909 100 1416,312,1224,1224
1910 100 1416,336,1224,1200
1911 100 1416,336,1224,1200
1912 100 1416,336,1224,1224
1913 100 1416,336,1224,1224
1914 100 1440,360,1224,1200
1915 100 1464,384,1224,1200
1916 100 1464,384,1224,1200
1917 100 1488,408,1224,1200
1918 100 1488,408,1224,1200
1919 100 1488,408,1224,1200
1920 100 1512,408,1224,1224
1921 100 1512,408,1224,1224
1922 100 1560,432,1224,1200
1923 100 1560,432,1224,1200
1924 100 1584,432,1224,1224
1925 100 1632,456,1224,1200
1926 100 1632,456,1224,1200
1927 100 1656,456,1224,1200
1928 100 1656,456,1224,1200
1929 100 1680,456,1224,1224
1930 100 1680,456,1224,1224
1931 100 1680,456,1224,1224
1932 100 1680,456,1224,1224
1933 100 1680,456,1224,1224
1934 100 1680,456,1224,1224
1935 100 1680,456,1224,1224
1936 100 1680,456,1224,1200
1937 100 1680,456,1224,1200
1938 100 1680,456,1224,1200
1939 100 1680,432,1224,1224
1940 100 1680,432,1224,1224
1941 100 1680,432,1224,1200
1942 100 1680,432,1224,1200
1943 100 1680,432,1224,1200
1944 100 1680,432,1224,1224
1945 100 1680,432,1224,1224
1946 100 1680,432,1224,1224
1947 100 1680,432,1224,1224
1948 100 1680,432,1224,1224
1949 100 1656,432,1224,1200
1950 100 1656,432,1224,1200
1951 100 1656,408,1224,1224
1952 100 1656,408,1224,1224
1953 100 1632,408,1224,1224
1954 100 1608,384,1224,1224
1955 100 1608,384,1224,1224
1956 100 1584,360,1224,1224
1957 100 1584,360,1224,1224
1958 100 1584,360,1224,1224
1959 100 1584,360,1224,1224
1960 100 1584,360,1224,1224
1961 100 1584,360,1224,1224
1962 100 1584,360,1224,1224
1963 100 1584,336,1224,1224
1964 100 1584,336,1224,1224
1965 100 1584,336,1224,1224
1966 100 1632,288,1224,1248
1967 100 1632,288,1224,1248
1968 100 1632,264,1224,1248
1969 100 1632,264,1224,1224
1970 100 1632,264,1224,1224
1971 100 1632,264,1224,1224
1972 100 1632,264,1224,1224
1973 100 1632,240,1224,1248
1974 100 1632,240,1224,1248
1975 100 1632,240,1224,1248
1976 100 1608,240,1224,1224
1977 100 1608,240,1224,1224
1978 100 1608,240,1224,1224
1979 100 1608,240,1224,1224
1980 100 1608,216,1224,1248
1981 100 1608,216,1224,1248
1982 100 1608,216,1224,1248
1983 100 1584,216,1224,1224
1984 100 1584,216,1224,1224
1985 100 1584,192,1224,1248
1986 100 1584,192,1224,1224
1987 100 1584,192,1224,1224
1988 100 1584,192,1224,1224
1989 100 1584,192,1224,1224
1990 100 1584,192,1224,1224
1991 100 1584,192,1224,1224
1992 100 1584,192,1224,1224
1993 100 1584,192,1224,1224
1994 100 1584,192,1224,1224
1995 100 1584,192,1224,1224
1996 100 1584,192,1224,1224
1997 100 1584,192,1224,1224
1998 100 1584,192,1224,1224
1999 100 1584,192,1224,1224
2000 100 1584,192,1224,1224
2001 100 1584,192,1224,1248
2002 100 1584,192,1224,1248
2003 100 1608,192,1224,1248
2004 100 1608,192,1224,1248
2005 100 1584,192,1224,1248
2006 100 1584,192,1224,1248
2007 100 1584,192,1224,1248
2008 100 1584,192,1224,1224
2009 100 1584,192,1224,1224
2010 100 1584,192,1224,1248
2011 100 1584,192,1224,1248
2012 100 1608,192,1224,1248
2013 100 1608,216,1224,1224
2014 100 1608,216,1224,1224
2015 100 1608,216,1224,1224
2016 100 1608,216,1224,1224
2017 100 1608,216,1224,1224
2018 100 1608,216,1224,1224
2019 100 1608,216,1224,1224
2020 100 1608,216,1224,1224
2021 100 1608,216,1224,1224
2022 100 1608,216,1224,1248
2023 100 1608,216,1224,1248
2024 100 1608,216,1224,1248
2025 100 1608,216,1224,1248
2026 100 1608,216,1224,1248
2027 100 1584,216,1224,1248
2028 100 1584,216,1224,1248
2029 100 1560,216,1224,1224
2030 100 1560,216,1224,1224
2031 100 1536,216,1224,1224
2032 100 1536,192,1224,1248
2033 100 1536,192,1224,1248
2034 100 1536,192,1224,1248
2035 100 1536,192,1224,1248
2036 100 1512,192,1224,1248
2037 100 1512,192,1224,1248
2038 100 1512,192,1224,1248
2039 100 1488,216,1224,1224
2040 100 1488,216,1224,1224
2041 100 1488,216,1224,1224
2042 100 1488,216,1224,1224
2043 100 1488,216,1224,1224
2044 100 1464,216,1224,1224
2045 100 1464,216,1224,1224
2046 100 1464,216,1224,1224
2047 100 1464,216,1224,1224
2048 100 1464,216,1224,1248
2049 100 1464,216,1224,1248
2050 100 1464,216,1224,1248
2051 100 1464,240,1224,1224
2052 100 1464,240,1224,1224
2053 100 1440,240,1224,1224
2054 100 1440,240,1224,1224
2055 100 1440,240,1224,1224
2056 100 1440,240,1224,1248
2057 100 1440,240,1224,1248
2058 100 1440,240,1224,1248
2059 100 1440,240,1224,1248
2060 100 1440,264,1224,1224
2061 100 1416,264,1224,1224
2062 100 1416,264,1224,1224
2063 100 1416,264,1224,1248
2064 100 1416,264,1224,1248
2065 100 1416,288,1224,1224
2066 100 1392,288,1224,1224
2067 100 1392,288,1224,1224
2068 100 1392,288,1224,1224
2069 100 1392,288,1224,1224
2070 100 1392,288,1224,1248
2071 100 1392,288,1224,1248
2072 100 1392,312,1224,1224
2073 100 1368,312,1224,1224
2074 100 1368,312,1224,1224
2075 100 1368,312,1224,1224
2076 100 1368,312,1224,1224
2077 100 1368,312,1224,1248
2078 100 1344,336,1224,1224
2079 100 1344,336,1224,1224
2080 100 1344,336,1224,1224
2081 100 1344,336,1224,1224
2082 100 1320,360,1224,1224
2083 100 1272,384,1224,1224
2084 100 1272,384,1224,1224
2085 100 1248,384,1224,1224
2086 100 1248,384,1224,1224
2087 100 1200,408,1224,1224
2088 100 1200,408,1224,1224
2089 100 1152,432,1224,1224
2090 100 1128,432,1224,1224
2091 100 1128,432,1224,1224
2092 100 1080,456,1224,1224
2093 100 1080,456,1224,1224
2094 100 1080,456,1224,1224
