0 100 2928,432,1224,1200
1 100 2928,432,1224,1200
2 100 2928,432,1224,1200
3 100 2880,432,1224,1200
4 100 2880,432,1224,1200
5 100 2880,432,1224,1200
6 100 2880,432,1224,1200
7 100 2904,432,1224,1200
8 100 2880,432,1224,1200
9 100 2880,432,1224,1200
10 100 2880,432,1224,1200
11 100 2880,432,1224,1200
12 100 2880,432,1224,1200
13 100 2880,432,1224,1200
14 100 2952,432,1224,1224
15 100 2928,456,1224,1200
16 100 2928,456,1224,1200
17 100 2904,456,1224,1200
18 100 2904,456,1224,1200
19 100 2928,480,1224,1200
20 100 2928,480,1224,1200
21 100 2976,480,1224,1200
22 100 3024,504,1224,1200
23 100 3024,504,1224,1200
24 100 3000,504,1224,1200
25 100 3000,504,1224,1200
26 100 3072,504,1224,1224
27 100 3048,504,1224,1224
28 100 3048,504,1224,1224
29 100 3144,528,1224,1200
30 100 3144,528,1224,1200
31 100 3120,528,1224,1200
32 100 3120,528,1224,1200
33 100 3240,528,1224,1200
34 100 3144,552,1224,1200
35 100 3144,552,1224,1200
36 100 3216,552,1224,1200
37 100 3216,552,1224,1200
38 100 3312,576,1224,1200
39 100 3312,576,1224,1200
40 100 3288,576,1224,1200
41 100 3480,576,1224,1200
42 100 3480,576,1224,1200
43 100 3432,576,1224,1200
44 100 3432,576,1224,1200
45 100 3360,576,1224,1224
46 100 3480,600,1224,1200
47 100 3480,600,1224,1200
48 100 3384,600,1224,1224
49 100 3384,600,1224,1224
50 100 3552,624,1224,1200
51 100 3432,624,1224,1200
52 100 3432,624,1224,1200
53 100 3768,624,1224,1224
54 100 3768,624,1224,1224
55 100 3600,624,1224,1224
56 100 3600,624,1224,1224
57 100 3552,648,1224,1200
58 100 3552,648,1224,1200
59 100 3600,624,1224,1224
60 100 3624,624,1224,1224
61 100 3624,624,1224,1224
62 100 3696,624,1224,1224
63 100 3696,624,1224,1224
64 100 3720,624,1224,1224
65 100 3696,624,1224,1224
66 100 3696,624,1224,1224
67 100 3696,624,1224,1224
68 100 3696,624,1224,1224
69 100 3672,624,1224,1224
70 100 3600,624,1224,1224
71 100 3600,624,1224,1224
72 100 3576,648,1224,1200
73 100 3576,648,1224,1200
74 100 3504,648,1224,1200
75 100 3504,648,1224,1200
76 100 3528,648,1224,1200
77 100 48,624,1224,1224
78 100 48,624,1224,1224
79 100 3408,624,1224,1200
80 100 3408,624,1224,1200
81 100 3528,624,1224,1200
82 100 24,600,1224,1224
83 100 24,600,1224,1224
84 100 144,600,1224,1224
85 100 144,600,1224,1224
86 100 0,624,1224,1200
87 100 0,624,1224,1200
88 100 24,624,1224,1224
89 100 24,624,1224,1200
90 100 24,624,1224,1200
91 100 0,624,1224,1200
92 100 0,624,1224,1200
93 100 0,600,1224,1224
94 100 48,600,1224,1224
95 100 48,600,1224,1224
96 100 120,624,1224,1200
97 100 120,624,1224,1200
98 100 192,624,1224,1224
99 100 192,624,1224,1224
100 100 240,624,1224,1224
101 100 312,624,1224,1224
102 100 312,624,1224,1224
103 100 360,648,1224,1200
104 100 360,648,1224,1200
105 100 432,648,1224,1200
106 100 480,648,1224,1200
107 100 480,648,1224,1200
108 100 528,648,1224,1200
109 100 528,648,1224,1200
110 100 576,648,1224,1224
111 100 624,648,1224,1224
112 100 624,648,1224,1224
113 100 672,648,1224,1200
114 100 672,648,1224,1200
115 100 720,648,1224,1224
116 100 744,672,1224,1200
117 100 744,672,1224,1200
118 100 768,672,1224,1224
119 100 768,672,1224,1224
120 100 792,696,1224,1200
121 100 816,696,1224,1224
122 100 816,696,1224,1224
123 100 840,696,1224,1200
124 100 840,696,1224,1200
125 100 888,696,1224,1200
126 100 912,696,1224,1200
127 100 912,696,1224,1200
128 100 936,696,1224,1200
129 100 936,696,1224,1200
130 100 960,696,1224,1200
131 100 1008,672,1224,1224
132 100 1008,672,1224,1224
133 100 1032,672,1224,1224
134 100 1032,672,1224,1224
135 100 1080,672,1224,1200
136 100 1080,672,1224,1200
137 100 1104,672,1224,1200
138 100 1128,672,1224,1200
139 100 1128,672,1224,1200
140 100 1152,672,1224,1224
141 100 1152,672,1224,1224
142 100 1176,672,1224,1200
143 100 1200,672,1224,1200
144 100 1200,672,1224,1200
145 100 1224,648,1224,1224
146 100 1224,648,1224,1224
147 100 1224,672,1224,1200
148 100 1224,672,1224,1200
149 100 1224,672,1224,1200
150 100 1248,648,1224,1224
151 100 1248,648,1224,1224
152 100 1248,648,1224,1200
153 100 1224,648,1224,1200
154 100 1224,648,1224,1200
155 100 1224,648,1224,1200
156 100 1224,648,1224,1200
157 100 1224,648,1224,1200
158 100 1224,648,1224,1200
159 100 1224,648,1224,1200
160 100 1224,648,1224,1200
161 100 1224,648,1224,1200
162 100 1224,648,1224,1224
163 100 1224,648,1224,1224
164 100 1224,648,1224,1224
165 100 1224,648,1224,1224
166 100 1224,648,1224,1224
167 100 1224,648,1224,1224
168 100 1224,648,1224,1224
169 100 1224,672,1224,1200
170 100 1224,696,1224,1200
171 100 1224,696,1224,1200
172 100 1224,672,1224,1224
173 100 1224,672,1224,1224
174 100 1248,672,1224,1200
175 100 1248,648,1224,1224
176 100 1248,648,1224,1224
177 100 1248,648,1224,1200
178 100 1248,648,1224,1200
179 100 1248,648,1224,1200
180 100 1248,648,1224,1200
181 100 1248,648,1224,1200
182 100 1272,648,1224,1200
183 100 1272,648,1224,1200
184 100 1296,624,1224,1200
185 100 1296,624,1224,1200
186 100 1320,600,1224,1224
187 100 1320,600,1224,1200
188 100 1320,600,1224,1200
189 100 1320,624,1224,1200
190 100 1320,624,1224,1200
191 100 1320,624,1224,1200
192 100 1320,624,1224,1200
193 100 1296,624,1224,1200
194 100 1296,624,1224,1200
195 100 1296,624,1224,1200
196 100 1272,624,1224,1200
197 100 1272,624,1224,1200
198 100 1272,624,1224,1200
199 100 1272,624,1224,1200
200 100 1296,600,1224,1224
201 100 1296,600,1224,1200
202 100 1296,600,1224,1200
203 100 1272,600,1224,1224
204 100 1272,600,1224,1224
205 100 1272,624,1224,1224
206 100 1272,624,1224,1200
207 100 1272,624,1224,1200
208 100 1272,624,1224,1200
209 100 1272,624,1224,1200
210 100 1272,600,1224,1224
211 100 1272,600,1224,1200
212 100 1272,600,1224,1200
213 100 1296,600,1224,1200
214 100 1296,600,1224,1200
215 100 1296,600,1224,1200
216 100 1296,600,1224,1200
217 100 1296,600,1224,1200
218 100 1296,576,1224,1224
219 100 1296,576,1224,1224
220 100 1296,576,1224,1224
221 100 1296,576,1224,1224
222 100 1296,576,1224,1224
223 100 1320,600,1224,1200
224 100 1320,600,1224,1200
225 100 1320,600,1224,1224
226 100 1320,600,1224,1200
227 100 1320,600,1224,1200
228 100 1320,600,1224,1200
229 100 1320,600,1224,1200
230 100 1344,600,1224,1200
231 100 1344,600,1224,1200
232 100 1344,600,1224,1224
233 100 1320,624,1224,1200
234 100 1320,624,1224,1200
235 100 1320,624,1224,1224
236 100 1320,624,1224,1224
237 100 1320,624,1224,1224
238 100 1344,624,1224,1200
239 100 1344,624,1224,1200
240 100 1320,624,1224,1200
241 100 1320,624,1224,1200
242 100 1320,624,1224,1200
243 100 1344,600,1224,1224
244 100 1344,600,1224,1224
245 100 1344,624,1224,1200
246 100 1344,624,1224,1200
247 100 1320,624,1224,1200
248 100 1296,624,1224,1200
249 100 1296,624,1224,1200
250 100 1272,648,1224,1200
251 100 1272,648,1224,1200
252 100 1272,624,1224,1200
253 100 1272,600,1224,1224
254 100 1272,600,1224,1224
255 100 1272,600,1224,1200
256 100 1272,600,1224,1200
257 100 1272,600,1224,1224
258 100 1248,624,1224,1200
259 100 1248,624,1224,1200
260 100 1248,624,1224,1200
261 100 1248,624,1224,1200
262 100 1272,600,1224,1224
263 100 1272,600,1224,1200
264 100 1272,600,1224,1200
265 100 1272,600,1224,1200
266 100 1272,600,1224,1200
267 100 1248,624,1224,1200
268 100 1248,648,1224,1200
269 100 1248,648,1224,1200
270 100 1248,648,1224,1200
271 100 1248,648,1224,1200
272 100 1272,624,1224,1200
273 100 1272,600,1224,1224
274 100 1272,600,1224,1224
275 100 1296,600,1224,1200
276 100 1296,600,1224,1200
277 100 1320,576,1224,1224
278 100 1320,600,1224,1200
279 100 1320,600,1224,1200
280 100 1320,600,1224,1200
281 100 1320,600,1224,1200
282 100 1320,600,1224,1200
283 100 1320,600,1224,1224
284 100 1320,600,1224,1224
285 100 1320,600,1224,1200
286 100 1320,600,1224,1200
287 100 1320,600,1224,1200
288 100 1320,600,1224,1224
289 100 1320,600,1224,1224
290 100 1296,624,1224,1200
291 100 1296,624,1224,1200
292 100 1272,624,1224,1224
293 100 1272,624,1224,1224
294 100 1272,624,1224,1224
295 100 1296,624,1224,1200
296 100 1296,624,1224,1200
297 100 1320,576,1224,1224
298 100 1320,576,1224,1224
299 100 1320,576,1224,1200
300 100 1320,576,1224,1200
301 100 1320,576,1224,1200
302 100 1320,576,1224,1224
303 100 1320,576,1224,1224
304 100 1320,576,1224,1224
305 100 1320,576,1224,1224
306 100 1320,576,1224,1248
307 100 1344,576,1224,1248
308 100 1344,576,1224,1248
309 100 1344,576,1224,1224
310 100 1344,576,1224,1224
311 100 1368,552,1224,1224
312 100 1392,528,1224,1224
313 100 1392,528,1224,1224
314 100 1392,504,1224,1224
315 100 1392,504,1224,1224
316 100 1416,504,1224,1224
317 100 1416,528,1224,1224
318 100 1416,528,1224,1224
319 100 1440,552,1224,1224
320 100 1440,552,1224,1224
321 100 1440,576,1224,1200
322 100 1440,600,1224,1200
323 100 1440,600,1224,1200
324 100 1440,600,1224,1200
325 100 1440,600,1224,1200
326 100 1416,552,1224,1224
327 100 1416,552,1224,1224
328 100 1392,576,1224,1200
329 100 1392,552,1224,1224
330 100 1392,552,1224,1224
331 100 1392,576,1224,1200
332 100 1392,576,1224,1200
333 100 1392,600,1224,1224
334 100 1392,600,1224,1224
335 100 1392,600,1224,1224
336 100 1368,600,1224,1200
337 100 1368,600,1224,1200
338 100 1392,576,1224,1224
339 100 1392,600,1224,1200
340 100 1392,600,1224,1200
341 100 1392,624,1224,1200
342 100 1392,624,1224,1200
343 100 1392,624,1224,1200
344 100 1392,600,1224,1224
345 100 1392,600,1224,1224
346 100 1392,600,1224,1200
347 100 1392,600,1224,1200
348 100 1392,600,1224,1200
349 100 1392,600,1224,1200
350 100 1392,600,1224,1200
351 100 1368,600,1224,1224
352 100 1368,600,1224,1224
353 100 1368,600,1224,1224
354 100 1368,600,1224,1224
355 100 1368,624,1224,1200
356 100 1368,624,1224,1224
357 100 1368,624,1224,1224
358 100 1368,624,1224,1200
359 100 1368,624,1224,1200
360 100 1368,624,1224,1200
361 100 1344,624,1224,1224
362 100 1344,624,1224,1224
363 100 1344,624,1224,1200
364 100 1344,624,1224,1200
365 100 1344,624,1224,1224
366 100 1344,624,1224,1200
367 100 1344,624,1224,1200
368 100 1344,624,1224,1200
369 100 1344,624,1224,1200
370 100 1344,624,1224,1200
371 100 1344,624,1224,1200
372 100 1344,600,1224,1224
373 100 1344,624,1224,1200
374 100 1344,624,1224,1200
375 100 1344,624,1224,1200
376 100 1344,624,1224,1200
377 100 1344,624,1224,1200
378 100 1344,624,1224,1200
379 100 1344,624,1224,1200
380 100 1344,600,1224,1224
381 100 1344,600,1224,1224
382 100 1344,600,1224,1224
383 100 1344,600,1224,1224
384 100 1344,600,1224,1224
385 100 1344,600,1224,1200
386 100 1344,600,1224,1200
387 100 1344,600,1224,1224
388 100 1344,600,1224,1224
389 100 1320,624,1224,1200
390 100 1320,624,1224,1200
391 100 1320,624,1224,1200
392 100 1320,624,1224,1200
393 100 1320,624,1224,1200
394 100 1320,624,1224,1200
395 100 1320,624,1224,1200
396 100 1320,624,1224,1200
397 100 1320,600,1224,1224
398 100 1320,600,1224,1224
399 100 1320,624,1224,1200
400 100 1320,624,1224,1200
401 100 1320,624,1224,1200
402 100 1320,624,1224,1200
403 100 1320,624,1224,1200
404 100 1320,624,1224,1200
405 100 1320,624,1224,1200
406 100 1320,624,1224,1200
407 100 1320,624,1224,1200
408 100 1320,624,1224,1200
409 100 1320,624,1224,1200
410 100 1320,624,1224,1200
411 100 1320,624,1224,1200
412 100 1320,624,1224,1200
413 100 1320,624,1224,1200
414 100 1320,624,1224,1200
415 100 1320,624,1224,1200
416 100 1344,624,1224,1200
417 100 1320,624,1224,1200
418 100 1320,624,1224,1200
419 100 1320,624,1224,1200
420 100 1320,624,1224,1200
421 100 1320,624,1224,1200
422 100 1320,624,1224,1200
423 100 1320,624,1224,1200
424 100 1320,624,1224,1200
425 100 1320,624,1224,1200
426 100 1320,624,1224,1200
427 100 1320,624,1224,1200
428 100 1320,624,1224,1200
429 100 1344,624,1224,1200
430 100 1344,624,1224,1200
431 100 1344,624,1224,1200
432 100 1344,624,1224,1200
433 100 1344,624,1224,1200
434 100 1344,624,1224,1200
435 100 1344,624,1224,1200
436 100 1344,624,1224,1200
437 100 1320,624,1224,1200
438 100 1320,624,1224,1200
439 100 1320,624,1224,1200
440 100 1320,624,1224,1200
441 100 1320,624,1224,1200
442 100 1320,624,1224,1200
443 100 1320,624,1224,1224
444 100 1320,624,1224,1224
445 100 1320,624,1224,1224
446 100 1320,624,1224,1224
447 100 1320,624,1224,1224
448 100 1320,624,1224,1224
449 100 1296,624,1224,1224
450 100 1296,624,1224,1224
451 100 1296,624,1224,1224
452 100 1296,624,1224,1224
453 100 1296,648,1224,1200
454 100 1296,648,1224,1200
455 100 1296,648,1224,1200
456 100 1296,648,1224,1200
457 100 1296,648,1224,1200
458 100 1296,648,1224,1200
459 100 1296,648,1224,1200
460 100 1248,672,1224,1200
461 100 1176,696,1224,1200
462 100 1176,696,1224,1200
463 100 1080,720,1224,1200
464 100 1080,720,1224,1200
465 100 1032,720,1224,1200
466 100 984,744,1224,1200
467 100 984,744,1224,1200
468 100 960,744,1224,1200
469 100 960,744,1224,1200
470 100 960,744,1224,1200
471 100 960,744,1224,1200
472 100 960,744,1224,1200
473 100 960,744,1224,1224
474 100 960,744,1224,1224
475 100 960,744,1224,1224
476 100 960,768,1224,1200
477 100 960,768,1224,1200
478 100 960,768,1224,1200
479 100 960,768,1224,1200
480 100 936,768,1224,1200
481 100 936,768,1224,1200
482 100 912,768,1224,1200
483 100 864,768,1224,1200
484 100 864,768,1224,1200
485 100 792,768,1224,1200
486 100 792,768,1224,1200
487 100 744,768,1224,1224
488 100 744,768,1224,1224
489 100 696,768,1224,1200
490 100 672,744,1224,1224
491 100 672,744,1224,1224
492 100 648,744,1224,1224
493 100 648,744,1224,1224
494 100 624,744,1224,1200
495 100 600,720,1224,1224
496 100 600,720,1224,1224
497 100 552,720,1224,1224
498 100 552,720,1224,1224
499 100 528,720,1224,1224
500 100 504,720,1224,1224
501 100 504,720,1224,1224
502 100 504,744,1224,1200
503 100 504,744,1224,1200
504 100 456,744,1224,1200
505 100 432,744,1224,1200
506 100 432,744,1224,1200
507 100 432,744,1224,1200
508 100 432,744,1224,1200
509 100 408,720,1224,1224
510 100 408,720,1224,1224
511 100 432,720,1224,1224
512 100 456,720,1224,1224
513 100 456,720,1224,1224
514 100 504,720,1224,1224
515 100 504,720,1224,1224
516 100 552,720,1224,1224
517 100 648,720,1224,1224
518 100 648,720,1224,1224
519 100 744,720,1224,1224
520 100 744,720,1224,1224
521 100 864,720,1224,1200
522 100 960,720,1224,1200
523 100 960,720,1224,1200
524 100 1056,720,1224,1200
525 100 1056,720,1224,1200
526 100 1128,720,1224,1200
527 100 1152,720,1224,1200
528 100 1152,720,1224,1200
529 100 1176,720,1224,1200
530 100 1176,720,1224,1200
531 100 1200,696,1224,1224
532 100 1224,696,1224,1200
533 100 1224,696,1224,1200
534 100 1224,696,1224,1200
535 100 1224,696,1224,1200
536 100 1224,696,1224,1200
537 100 1224,696,1224,1200
538 100 1248,672,1224,1224
539 100 1224,696,1224,1224
540 100 1224,696,1224,1224
541 100 1224,696,1224,1200
542 100 1224,696,1224,1200
543 100 1224,672,1224,1224
544 100 1224,672,1224,1224
545 100 1224,672,1224,1224
546 100 1224,696,1224,1200
547 100 1224,696,1224,1200
548 100 1224,696,1224,1224
549 100 1224,696,1224,1200
550 100 1224,696,1224,1200
551 100 1248,696,1224,1200
552 100 1248,696,1224,1200
553 100 1248,696,1224,1200
554 100 1248,696,1224,1200
555 100 1248,696,1224,1200
556 100 1248,696,1224,1200
557 100 1248,696,1224,1200
558 100 1224,696,1224,1200
559 100 1224,720,1224,1200
560 100 1224,720,1224,1200
561 100 1200,720,1224,1224
562 100 1200,720,1224,1224
563 100 1200,744,1224,1224
564 100 1200,744,1224,1224
565 100 1200,744,1224,1224
566 100 1224,744,1224,1200
567 100 1224,744,1224,1200
568 100 1248,720,1224,1224
569 100 1248,720,1224,1224
570 100 1224,744,1224,1224
571 100 1248,768,1224,1200
572 100 1248,768,1224,1200
573 100 1248,744,1224,1200
574 100 1248,744,1224,1200
575 100 1248,744,1224,1200
576 100 1296,744,1224,1200
577 100 1320,744,1224,1200
578 100 1344,744,1224,1200
579 100 1344,744,1224,1200
580 100 1344,768,1224,1200
581 100 1344,744,1224,1200
582 100 1344,744,1224,1200
583 100 1368,744,1224,1200
584 100 1368,744,1224,1200
585 100 1392,744,1224,1200
586 100 1392,744,1224,1200
587 100 1416,744,1224,1200
588 100 1416,744,1224,1224
589 100 1416,744,1224,1224
590 100 1440,744,1224,1200
591 100 1440,744,1224,1200
592 100 1464,744,1224,1200
593 100 1488,744,1224,1200
594 100 1488,744,1224,1200
595 100 1512,744,1224,1200
596 100 1512,744,1224,1200
597 100 1512,744,1224,1200
598 100 1512,744,1224,1200
599 100 1512,744,1224,1200
600 100 1536,744,1224,1200
601 100 1536,744,1224,1200
602 100 1536,744,1224,1224
603 100 1560,744,1224,1224
604 100 1560,744,1224,1224
605 100 1560,744,1224,1224
606 100 1560,744,1224,1224
607 100 1560,744,1224,1224
608 100 1536,744,1224,1224
609 100 1536,744,1224,1200
610 100 1536,744,1224,1200
611 100 1536,744,1224,1200
612 100 1488,744,1224,1200
613 100 1488,744,1224,1200
614 100 1488,744,1224,1200
615 100 1440,744,1224,1200
616 100 1416,744,1224,1200
617 100 1416,744,1224,1200
618 100 1392,744,1224,1200
619 100 1368,744,1224,1200
620 100 1368,744,1224,1200
621 100 1320,744,1224,1224
622 100 1320,744,1224,1224
623 100 1320,768,1224,1200
624 100 1296,768,1224,1200
625 100 1296,744,1224,1200
626 100 1296,744,1224,1200
627 100 1296,744,1224,1200
628 100 1248,744,1224,1200
629 100 1248,744,1224,1200
630 100 1248,744,1224,1200
631 100 1248,744,1224,1200
632 100 1224,744,1224,1200
633 100 1224,744,1224,1200
634 100 1224,744,1224,1200
635 100 1224,720,1224,1224
636 100 1224,720,1224,1200
637 100 1224,720,1224,1200
638 100 1224,720,1224,1200
639 100 1224,720,1224,1224
640 100 1224,720,1224,1224
641 100 1224,720,1224,1224
642 100 1224,720,1224,1224
643 100 1224,720,1224,1224
644 100 1224,720,1224,1224
645 100 1200,720,1224,1224
646 100 1200,720,1224,1224
647 100 1200,720,1224,1224
648 100 1200,720,1224,1224
649 100 1200,720,1224,1224
650 100 1200,720,1224,1224
651 100 1200,720,1224,1224
652 100 1176,744,1224,1200
653 100 1176,744,1224,1200
654 100 1200,744,1224,1200
655 100 1200,744,1224,1200
656 100 1200,744,1224,1200
657 100 1176,744,1224,1224
658 100 1176,744,1224,1224
659 100 1176,744,1224,1224
660 100 1176,768,1224,1200
661 100 1176,744,1224,1224
662 100 1176,744,1224,1224
663 100 1176,744,1224,1224
664 100 1152,768,1224,1200
665 100 1152,768,1224,1200
666 100 1152,768,1224,1200
667 100 1152,768,1224,1200
668 100 1152,744,1224,1224
669 100 1152,744,1224,1224
670 100 1152,768,1224,1200
671 100 1200,696,1224,1200
672 100 1200,696,1224,1200
673 100 1200,720,1224,1200
674 100 1200,720,1224,1200
675 100 1200,720,1224,1200
676 100 1176,720,1224,1200
677 100 1176,720,1224,1200
678 100 1176,720,1224,1200
679 100 1152,744,1224,1200
680 100 1128,768,1224,1200
681 100 1128,768,1224,1200
682 100 1152,744,1224,1224
683 100 1152,744,1224,1200
684 100 1152,744,1224,1200
685 100 1152,744,1224,1224
686 100 1152,744,1224,1224
687 100 1152,744,1224,1224
688 100 1080,816,1224,1200
689 100 1080,816,1224,1200
690 100 1080,816,1224,1200
691 100 1080,816,1224,1200
692 100 1032,840,1224,1200
693 100 1032,840,1224,1200
694 100 1008,864,1224,1200
695 100 1008,864,1224,1200
696 100 1008,864,1224,1200
697 100 1008,864,1224,1200
698 100 1008,864,1224,1200
699 100 1008,864,1224,1200
700 100 1008,864,1224,1200
701 100 984,888,1224,1200
702 100 960,912,1224,1200
703 100 960,912,1224,1200
704 100 960,936,1224,1200
705 100 960,936,1224,1200
706 100 936,960,1224,1200
707 100 936,960,1224,1200
708 100 912,960,1224,1200
709 100 912,960,1224,1200
710 100 912,960,1224,1200
711 100 936,960,1224,1200
712 100 936,960,1224,1200
713 100 936,960,1224,1200
714 100 936,960,1224,1200
715 100 936,960,1224,1200
716 100 936,960,1224,1200
717 100 936,960,1224,1200
718 100 936,960,1224,1200
719 100 936,960,1224,1200
720 100 960,960,1224,1200
721 100 960,960,1224,1200
722 100 960,960,1224,1200
723 100 960,960,1224,1200
724 100 960,960,1224,1200
725 100 960,960,1224,1200
726 100 936,984,1224,1176
727 100 936,984,1224,1176
728 100 936,984,1224,1176
729 100 936,984,1224,1176
730 100 936,984,1224,1176
731 100 936,984,1224,1176
732 100 912,984,1224,1176
733 100 912,984,1224,1176
734 100 888,984,1224,1176
735 100 888,984,1224,1176
736 100 888,984,1224,1176
737 100 816,984,1224,1176
738 100 816,984,1224,1176
739 100 816,984,1224,1176
740 100 792,984,1224,1176
741 100 792,984,1224,1176
742 100 792,984,1224,1176
743 100 864,984,1224,1176
744 100 912,984,1224,1176
745 100 912,984,1224,1176
746 100 912,984,1224,1176
747 100 912,984,1224,1176
748 100 912,984,1224,1176
749 100 912,984,1224,1176
750 100 912,984,1224,1176
751 100 912,984,1224,1176
752 100 912,984,1224,1176
753 100 912,984,1224,1176
754 100 912,984,1224,1176
755 100 912,984,1224,1176
756 100 936,984,1224,1176
757 100 936,984,1224,1176
758 100 816,984,1224,1176
759 100 816,984,1224,1176
760 100 816,984,1224,1176
761 100 816,984,1224,1176
762 100 768,984,1224,1176
763 100 768,984,1224,1176
764 100 768,984,1224,1176
765 100 744,1008,1224,1152
766 100 744,1008,1224,1152
767 100 744,1008,1224,1152
768 100 648,1008,1224,1152
769 100 648,1008,1224,1152
770 100 648,1008,1224,1152
771 100 696,1008,1224,1152
772 100 696,1008,1224,1152
773 100 696,1008,1224,1152
774 100 720,1008,1224,1152
775 100 720,1008,1224,1152
776 100 720,1008,1224,1152
777 100 768,984,1224,1176
778 100 768,984,1224,1176
779 100 768,984,1224,1176
780 100 816,984,1224,1176
781 100 888,984,1224,1176
782 100 936,984,1224,1176
783 100 936,984,1224,1176
784 100 960,984,1224,1176
785 100 960,984,1224,1176
786 100 960,984,1224,1176
787 100 960,984,1224,1176
788 100 960,984,1224,1176
789 100 960,984,1224,1176
790 100 960,984,1224,1176
791 100 960,984,1224,1176
792 100 960,984,1224,1176
793 100 960,984,1224,1176
794 100 960,984,1224,1176
795 100 960,984,1224,1176
796 100 960,984,1224,1176
797 100 960,984,1224,1176
798 100 960,984,1224,1176
799 100 960,984,1224,1176
800 100 960,984,1224,1176
801 100 960,984,1224,1176
802 100 960,984,1224,1176
803 100 960,984,1224,1176
804 100 960,984,1224,1176
805 100 960,984,1224,1176
806 100 960,984,1224,1176
807 100 960,984,1224,1176
808 100 960,984,1224,1176
809 100 984,984,1224,1176
810 100 984,984,1224,1176
811 100 984,984,1224,1176
812 100 984,984,1224,1176
813 100 984,960,1224,1200
814 100 984,960,1224,1200
815 100 1008,960,1224,1200
816 100 1008,960,1224,1200
817 100 1008,960,1224,1200
818 100 1008,960,1224,1200
819 100 1008,960,1224,1200
820 100 1008,960,1224,1200
821 100 1008,960,1224,1200
822 100 1008,960,1224,1200
823 100 1008,960,1224,1200
824 100 1008,960,1224,1200
825 100 1008,984,1224,1176
826 100 1008,984,1224,1176
827 100 1008,984,1224,1176
828 100 1008,984,1224,1176
829 100 1008,984,1224,1176
830 100 1008,984,1224,1176
831 100 1008,984,1224,1176
832 100 1008,984,1224,1176
833 100 1008,984,1224,1176
834 100 1008,984,1224,1176
835 100 1008,984,1224,1176
836 100 1008,984,1224,1176
837 100 1008,984,1224,1176
838 100 1008,984,1224,1176
839 100 1008,984,1224,1176
840 100 1008,984,1224,1176
841 100 1008,984,1224,1176
842 100 1008,960,1224,1200
843 100 1008,960,1224,1200
844 100 1008,960,1224,1200
845 100 1008,960,1224,1200
846 100 1008,960,1224,1200
847 100 1008,960,1224,1200
848 100 1008,960,1224,1200
849 100 1008,960,1224,1200
850 100 1008,960,1224,1200
851 100 1008,960,1224,1200
852 100 1008,960,1224,1200
853 100 1008,960,1224,1200
854 100 1008,960,1224,1200
855 100 1008,960,1224,1200
856 100 1008,936,1224,1224
857 100 1008,936,1224,1224
858 100 1032,936,1224,1200
859 100 1032,936,1224,1200
860 100 1032,936,1224,1200
861 100 1056,912,1224,1200
862 100 1056,912,1224,1200
863 100 1056,912,1224,1200
864 100 1080,888,1224,1224
865 100 1080,888,1224,1224
866 100 1080,888,1224,1224
867 100 1080,888,1224,1200
868 100 1080,888,1224,1200
869 100 1080,888,1224,1200
870 100 1080,864,1224,1224
871 100 1080,864,1224,1224
872 100 1080,864,1224,1224
873 100 1104,864,1224,1200
874 100 1104,864,1224,1200
875 100 1104,864,1224,1200
876 100 1104,864,1224,1200
877 100 1104,864,1224,1200
878 100 1104,864,1224,1200
879 100 1104,840,1224,1200
880 100 1104,840,1224,1200
881 100 1104,840,1224,1200
882 100 1104,840,1224,1200
883 100 1128,816,1224,1224
884 100 1128,816,1224,1224
885 100 1128,816,1224,1200
886 100 1128,816,1224,1200
887 100 1128,816,1224,1200
888 100 1128,792,1224,1224
889 100 1128,792,1224,1224
890 100 1128,792,1224,1224
891 100 1128,792,1224,1200
892 100 1128,792,1224,1200
893 100 1152,792,1224,1200
894 100 1152,792,1224,1200
895 100 1152,792,1224,1200
896 100 1152,792,1224,1200
897 100 1152,768,1224,1200
898 100 1152,768,1224,1200
899 100 1152,768,1224,1200
900 100 1152,744,1224,1224
901 100 1152,744,1224,1224
902 100 1152,744,1224,1200
903 100 1152,744,1224,1200
904 100 1152,720,1224,1224
905 100 1152,720,1224,1200
906 100 1152,720,1224,1200
907 100 1152,696,1224,1200
908 100 1152,672,1224,1224
909 100 1152,672,1224,1224
910 100 1152,672,1224,1200
911 100 1152,672,1224,1200
912 100 1152,648,1224,1224
913 100 1152,648,1224,1224
914 100 1152,648,1224,1200
915 100 1152,648,1224,1200
916 100 1152,648,1224,1200
917 100 1128,624,1224,1224
918 100 1128,624,1224,1224
919 100 1128,624,1224,1224
920 100 1128,624,1224,1224
921 100 1128,624,1224,1224
922 100 1128,624,1224,1224
923 100 1128,624,1224,1200
924 100 1128,624,1224,1200
925 100 1104,624,1224,1200
926 100 1104,624,1224,1200
927 100 1104,624,1224,1200
928 100 1104,624,1224,1200
929 100 1104,624,1224,1224
930 100 1104,624,1224,1224
931 100 1104,624,1224,1200
932 100 1104,624,1224,1200
933 100 1104,624,1224,1200
934 100 1080,624,1224,1200
935 100 1080,624,1224,1200
936 100 1080,624,1224,1200
937 100 1080,600,1224,1224
938 100 1080,600,1224,1224
939 100 1080,600,1224,1200
940 100 1104,600,1224,1200
941 100 1104,600,1224,1200
942 100 1080,576,1224,1224
943 100 1080,576,1224,1224
944 100 1080,600,1224,1200
945 100 1080,600,1224,1200
946 100 1080,576,1224,1224
947 100 1080,576,1224,1224
948 100 1080,576,1224,1224
949 100 1080,576,1224,1224
950 100 1080,576,1224,1200
951 100 1080,576,1224,1200
952 100 1080,576,1224,1200
953 100 1056,552,1224,1224
954 100 1032,552,1224,1224
955 100 1032,552,1224,1224
956 100 1032,576,1224,1224
957 100 1032,576,1224,1224
958 100 1032,576,1224,1224
959 100 984,576,1224,1224
960 100 984,576,1224,1224
961 100 984,552,1224,1248
962 100 984,552,1224,1248
963 100 960,552,1224,1248
964 100 936,552,1224,1248
965 100 936,552,1224,1248
966 100 912,552,1224,1248
967 100 912,552,1224,1248
968 100 888,552,1224,1272
969 100 888,552,1224,1272
970 100 888,552,1224,1272
971 100 864,552,1224,1272
972 100 864,552,1224,1272
973 100 840,576,1224,1272
974 100 840,576,1224,1272
975 100 840,576,1224,1296
976 100 840,576,1224,1296
977 100 840,576,1224,1296
978 100 816,576,1224,1296
979 100 816,576,1224,1296
980 100 816,576,1224,1296
981 100 840,600,1224,1272
982 100 840,600,1224,1272
983 100 840,600,1224,1272
984 100 840,600,1224,1272
985 100 840,600,1224,1272
986 100 840,600,1224,1272
987 100 864,600,1224,1272
988 100 864,600,1224,1272
989 100 864,600,1224,1272
990 100 864,600,1224,1272
991 100 864,600,1224,1272
992 100 864,600,1224,1272
993 100 888,600,1224,1272
994 100 888,600,1224,1272
995 100 888,600,1224,1272
996 100 888,600,1224,1272
997 100 888,600,1224,1272
998 100 888,600,1224,1272
999 100 888,600,1224,1272
1000 100 888,624,1224,1248
1001 100 888,624,1224,1248
1002 100 888,624,1224,1248
1003 100 912,624,1224,1248
1004 100 912,600,1224,1248
1005 100 912,600,1224,1248
1006 100 912,600,1224,1248
1007 100 888,600,1224,1248
1008 100 888,576,1224,1248
1009 100 888,576,1224,1248
1010 100 888,576,1224,1248
1011 100 888,576,1224,1248
1012 100 888,576,1224,1248
1013 100 936,576,1224,1224
1014 100 936,576,1224,1224
1015 100 960,576,1224,1200
1016 100 984,552,1224,1224
1017 100 984,552,1224,1224
1018 100 984,552,1224,1224
1019 100 984,552,1224,1224
1020 100 984,552,1224,1224
1021 100 984,552,1224,1224
1022 100 1008,552,1224,1224
1023 100 1008,552,1224,1224
1024 100 1008,552,1224,1224
1025 100 1008,576,1224,1200
1026 100 1008,576,1224,1200
1027 100 1008,576,1224,1200
1028 100 984,576,1224,1200
1029 100 984,576,1224,1200
1030 100 984,576,1224,1200
1031 100 984,576,1224,1200
1032 100 1008,576,1224,1224
1033 100 1008,576,1224,1224
1034 100 1008,576,1224,1224
1035 100 1008,576,1224,1224
1036 100 1008,600,1224,1200
1037 100 1008,600,1224,1224
1038 100 1032,600,1224,1224
1039 100 1032,600,1224,1224
1040 100 1032,600,1224,1224
1041 100 1032,600,1224,1224
1042 100 1032,600,1224,1224
1043 100 1032,600,1224,1224
1044 100 1032,600,1224,1224
1045 100 1032,600,1224,1224
1046 100 1032,624,1224,1200
1047 100 1056,624,1224,1224
1048 100 1056,624,1224,1224
1049 100 1056,624,1224,1224
1050 100 1056,624,1224,1224
1051 100 1056,624,1224,1224
1052 100 1056,624,1224,1224
1053 100 1056,624,1224,1224
1054 100 1032,624,1224,1224
1055 100 1032,624,1224,1224
1056 100 1032,624,1224,1224
1057 100 1032,648,1224,1224
1058 100 1032,648,1224,1224
1059 100 1032,648,1224,1200
1060 100 1032,648,1224,1200
1061 100 1032,624,1224,1224
1062 100 1032,624,1224,1224
1063 100 1032,624,1224,1224
1064 100 1032,624,1224,1224
1065 100 1032,648,1224,1200
1066 100 1032,648,1224,1200
1067 100 1032,624,1224,1224
1068 100 1032,624,1224,1224
1069 100 1008,600,1224,1224
1070 100 1008,600,1224,1224
1071 100 1008,600,1224,1224
1072 100 1008,600,1224,1200
1073 100 1008,600,1224,1200
1074 100 984,600,1224,1224
1075 100 984,600,1224,1224
1076 100 984,600,1224,1224
1077 100 984,600,1224,1224
1078 100 984,600,1224,1224
1079 100 960,624,1224,1200
1080 100 960,624,1224,1200
1081 100 960,624,1224,1200
1082 100 936,624,1224,1200
1083 100 936,624,1224,1200
1084 100 960,600,1224,1224
1085 100 960,600,1224,1224
1086 100 960,600,1224,1224
1087 100 960,600,1224,1224
1088 100 936,600,1224,1224
1089 100 936,600,1224,1224
1090 100 936,600,1224,1200
1091 100 936,600,1224,1224
1092 100 936,624,1224,1200
1093 100 936,624,1224,1200
1094 100 936,624,1224,1200
1095 100 936,624,1224,1200
1096 100 936,624,1224,1200
1097 100 936,600,1224,1200
1098 100 936,600,1224,1200
1099 100 936,600,1224,1200
1100 100 912,600,1224,1224
1101 100 912,600,1224,1224
1102 100 912,600,1224,1224
1103 100 912,600,1224,1224
1104 100 912,600,1224,1224
1105 100 912,600,1224,1224
1106 100 912,600,1224,1224
1107 100 912,600,1224,1224
1108 100 912,600,1224,1224
1109 100 912,600,1224,1224
1110 100 912,600,1224,1224
1111 100 912,600,1224,1224
1112 100 912,600,1224,1200
1113 100 912,600,1224,1200
1114 100 936,600,1224,1200
1115 100 936,600,1224,1200
1116 100 936,600,1224,1200
1117 100 936,600,1224,1200
1118 100 936,600,1224,1200
1119 100 936,600,1224,1200
1120 100 936,600,1224,1200
1121 100 936,600,1224,1200
1122 100 936,600,1224,1200
1123 100 936,600,1224,1200
1124 100 936,600,1224,1200
1125 100 936,600,1224,1200
1126 100 936,600,1224,1200
1127 100 936,600,1224,1200
1128 100 936,600,1224,1200
1129 100 936,576,1224,1224
1130 100 912,576,1224,1224
1131 100 912,576,1224,1224
1132 100 912,576,1224,1224
1133 100 912,576,1224,1224
1134 100 912,576,1224,1224
1135 100 912,576,1224,1200
1136 100 912,576,1224,1200
1137 100 912,576,1224,1200
1138 100 912,576,1224,1200
1139 100 912,576,1224,1200
1140 100 912,576,1224,1200
1141 100 912,576,1224,1200
1142 100 912,576,1224,1200
1143 100 912,576,1224,1200
1144 100 912,576,1224,1200
1145 100 888,552,1224,1224
1146 100 888,552,1224,1224
1147 100 888,552,1224,1224
1148 100 888,552,1224,1224
1149 100 888,552,1224,1224
1150 100 888,552,1224,1224
1151 100 888,552,1224,1224
1152 100 888,552,1224,1224
1153 100 888,552,1224,1224
1154 100 888,552,1224,1224
1155 100 888,552,1224,1224
1156 100 888,552,1224,1224
1157 100 888,576,1224,1200
1158 100 888,576,1224,1200
1159 100 888,552,1224,1224
1160 100 888,552,1224,1224
1161 100 912,552,1224,1224
1162 100 912,552,1224,1224
1163 100 912,552,1224,1224
1164 100 912,552,1224,1224
1165 100 912,552,1224,1224
1166 100 912,552,1224,1224
1167 100 912,552,1224,1200
1168 100 912,552,1224,1200
1169 100 912,552,1224,1224
1170 100 912,552,1224,1224
1171 100 912,576,1224,1200
1172 100 912,576,1224,1200
1173 100 912,576,1224,1200
1174 100 912,576,1224,1200
1175 100 912,576,1224,1200
1176 100 912,576,1224,1200
1177 100 888,576,1224,1200
1178 100 888,576,1224,1200
1179 100 888,576,1224,1200
1180 100 888,576,1224,1200
1181 100 888,576,1224,1200
1182 100 888,576,1224,1200
1183 100 888,576,1224,1200
1184 100 888,576,1224,1200
1185 100 888,552,1224,1224
1186 100 888,552,1224,1224
1187 100 912,552,1224,1200
1188 100 912,552,1224,1200
1189 100 912,552,1224,1200
1190 100 912,552,1224,1200
1191 100 912,552,1224,1200
1192 100 912,552,1224,1200
1193 100 912,552,1224,1200
1194 100 912,552,1224,1200
1195 100 912,552,1224,1200
1196 100 912,552,1224,1200
1197 100 912,552,1224,1200
1198 100 912,552,1224,1200
1199 100 912,552,1224,1200
1200 100 912,552,1224,1200
1201 100 912,552,1224,1200
1202 100 912,552,1224,1200
1203 100 912,552,1224,1200
1204 100 912,552,1224,1200
1205 100 936,552,1224,1200
1206 100 936,552,1224,1224
1207 100 936,552,1224,1224
1208 100 936,552,1224,1224
1209 100 936,552,1224,1224
1210 100 936,552,1224,1224
1211 100 936,576,1224,1200
1212 100 936,576,1224,1200
1213 100 936,576,1224,1200
1214 100 936,576,1224,1200
1215 100 936,576,1224,1200
1216 100 936,600,1224,1200
1217 100 936,600,1224,1200
1218 100 936,600,1224,1200
1219 100 912,624,1224,1200
1220 100 912,624,1224,1200
1221 100 912,624,1224,1200
1222 100 912,624,1224,1200
1223 100 936,600,1224,1200
1224 100 936,600,1224,1200
1225 100 936,600,1224,1224
1226 100 936,600,1224,1224
1227 100 936,600,1224,1224
1228 100 960,600,1224,1224
1229 100 960,600,1224,1224
1230 100 960,600,1224,1200
1231 100 960,600,1224,1200
1232 100 960,600,1224,1200
1233 100 960,600,1224,1224
1234 100 960,600,1224,1224
1235 100 960,624,1224,1200
1236 100 960,624,1224,1200
1237 100 960,624,1224,1200
1238 100 960,624,1224,1200
1239 100 984,624,1224,1200
1240 100 984,624,1224,1200
1241 100 984,624,1224,1200
1242 100 984,624,1224,1200
1243 100 984,624,1224,1200
1244 100 984,624,1224,1200
1245 100 984,624,1224,1200
1246 100 984,624,1224,1200
1247 100 1008,624,1224,1200
1248 100 1008,624,1224,1200
1249 100 1008,624,1224,1200
1250 100 1008,624,1224,1200
1251 100 1008,624,1224,1200
1252 100 1008,624,1224,1200
1253 100 1008,624,1224,1200
1254 100 1032,624,1224,1200
1255 100 1032,624,1224,1200
1256 100 1032,624,1224,1200
1257 100 1032,624,1224,1200
1258 100 1032,600,1224,1224
1259 100 1056,624,1224,1200
1260 100 1056,624,1224,1200
1261 100 1056,624,1224,1200
1262 100 1056,624,1224,1200
1263 100 1056,624,1224,1200
1264 100 1056,624,1224,1200
1265 100 1080,624,1224,1200
1266 100 1080,624,1224,1200
1267 100 1080,624,1224,1224
1268 100 1080,624,1224,1224
1269 100 1080,648,1224,1200
1270 100 1080,648,1224,1200
1271 100 1080,648,1224,1200
1272 100 1080,648,1224,1200
1273 100 1104,648,1224,1200
1274 100 1104,648,1224,1224
1275 100 1104,672,1224,1200
1276 100 1104,672,1224,1200
1277 100 1128,672,1224,1200
1278 100 1128,672,1224,1200
1279 100 1128,672,1224,1224
1280 100 1128,672,1224,1224
1281 100 1152,672,1224,1224
1282 100 1152,672,1224,1224
1283 100 1152,696,1224,1200
1284 100 1176,696,1224,1200
1285 100 1176,696,1224,1200
1286 100 1176,696,1224,1200
1287 100 1200,696,1224,1200
1288 100 1200,696,1224,1200
1289 100 1200,696,1224,1224
1290 100 1200,696,1224,1224
1291 100 1200,696,1224,1200
1292 100 1200,696,1224,1200
1293 100 1200,696,1224,1200
1294 100 1224,696,1224,1200
1295 100 1224,696,1224,1200
1296 100 1224,672,1224,1224
1297 100 1224,672,1224,1224
1298 100 1200,696,1224,1200
1299 100 1224,672,1224,1200
1300 100 1224,672,1224,1200
1301 100 1224,672,1224,1200
1302 100 1248,648,1224,1200
1303 100 1248,648,1224,1200
1304 100 1224,648,1224,1224
1305 100 1224,648,1224,1224
1306 100 1224,672,1224,1200
1307 100 1224,672,1224,1200
1308 100 1224,672,1224,1200
1309 100 1200,672,1224,1200
1310 100 1200,672,1224,1200
1311 100 1200,672,1224,1200
1312 100 1200,672,1224,1200
1313 100 1224,648,1224,1200
1314 100 1224,648,1224,1200
1315 100 1248,624,1224,1200
1316 100 1296,576,1224,1224
1317 100 1344,552,1224,1200
1318 100 1344,552,1224,1200
1319 100 1344,552,1224,1200
1320 100 1344,552,1224,1224
1321 100 1320,552,1224,1224
1322 100 1296,576,1224,1224
1323 100 1296,576,1224,1224
1324 100 1296,576,1224,1224
1325 100 1296,600,1224,1200
1326 100 1296,624,1224,1200
1327 100 1296,624,1224,1200
1328 100 1296,624,1224,1200
1329 100 1296,624,1224,1200
1330 100 1296,624,1224,1200
1331 100 1296,624,1224,1200
1332 100 1296,624,1224,1200
1333 100 1296,624,1224,1200
1334 100 1272,624,1224,1224
1335 100 1272,624,1224,1224
1336 100 1272,624,1224,1224
1337 100 1248,624,1224,1224
1338 100 1248,624,1224,1224
1339 100 1248,624,1224,1224
1340 100 1248,648,1224,1200
1341 100 1248,648,1224,1200
1342 100 1248,648,1224,1200
1343 100 1248,624,1224,1224
1344 100 1248,624,1224,1224
1345 100 1248,624,1224,1224
1346 100 1248,648,1224,1200
1347 100 1248,648,1224,1200
1348 100 1248,648,1224,1200
1349 100 1248,648,1224,1200
1350 100 1248,648,1224,1200
1351 100 1248,648,1224,1200
1352 100 1272,624,1224,1224
1353 100 1248,624,1224,1224
1354 100 1248,624,1224,1224
1355 100 1272,624,1224,1200
1356 100 1272,624,1224,1200
1357 100 1272,624,1224,1200
1358 100 1248,624,1224,1200
1359 100 1248,624,1224,1200
1360 100 1248,624,1224,1200
1361 100 1248,624,1224,1200
1362 100 1248,624,1224,1200
1363 100 1248,600,1224,1200
1364 100 1248,600,1224,1224
1365 100 1248,600,1224,1224
1366 100 1272,600,1224,1200
1367 100 1272,600,1224,1200
1368 100 1272,600,1224,1200
1369 100 1272,600,1224,1200
1370 100 1272,600,1224,1200
1371 100 1272,600,1224,1200
1372 100 1272,600,1224,1200
1373 100 1272,600,1224,1200
1374 100 1248,624,1224,1200
1375 100 1248,624,1224,1200
1376 100 1248,624,1224,1200
1377 100 1248,624,1224,1200
1378 100 1248,600,1224,1224
1379 100 1248,600,1224,1224
1380 100 1272,600,1224,1200
1381 100 1272,600,1224,1200
1382 100 1248,600,1224,1224
1383 100 1248,624,1224,1200
1384 100 1248,624,1224,1224
1385 100 1248,624,1224,1224
1386 100 1248,624,1224,1200
1387 100 1248,624,1224,1200
1388 100 1248,624,1224,1200
1389 100 1248,624,1224,1200
1390 100 1248,600,1224,1224
1391 100 1248,600,1224,1224
1392 100 1272,600,1224,1200
1393 100 1272,576,1224,1224
1394 100 1272,576,1224,1224
1395 100 1272,576,1224,1224
1396 100 1272,576,1224,1200
1397 100 1272,576,1224,1200
1398 100 1272,576,1224,1200
1399 100 1272,576,1224,1200
1400 100 1272,576,1224,1200
1401 100 1272,576,1224,1200
1402 100 1272,552,1224,1200
1403 100 1296,528,1224,1200
1404 100 1272,528,1224,1200
1405 100 1272,528,1224,1200
1406 100 1272,528,1224,1224
1407 100 1272,528,1224,1224
1408 100 1296,528,1224,1200
1409 100 1296,528,1224,1200
1410 100 1296,528,1224,1200
1411 100 1296,528,1224,1200
1412 100 1296,528,1224,1200
1413 100 1296,528,1224,1200
1414 100 1296,528,1224,1200
1415 100 1296,528,1224,1224
1416 100 1296,552,1224,1200
1417 100 1296,552,1224,1200
1418 100 1296,552,1224,1200
1419 100 1296,552,1224,1200
1420 100 1296,552,1224,1200
1421 100 1296,552,1224,1200
1422 100 1320,528,1224,1224
1423 100 1320,528,1224,1224
1424 100 1344,504,1224,1224
1425 100 1344,528,1224,1200
1426 100 1344,528,1224,1200
1427 100 1344,528,1224,1200
1428 100 1344,552,1224,1200
1429 100 1344,552,1224,1200
1430 100 1368,552,1224,1200
1431 100 1368,552,1224,1200
1432 100 1368,552,1224,1200
1433 100 1368,576,1224,1200
1434 100 1368,576,1224,1200
1435 100 1392,600,1224,1200
1436 100 1392,600,1224,1200
1437 100 1392,600,1224,1200
1438 100 1392,600,1224,1200
1439 100 1392,600,1224,1200
1440 100 1392,600,1224,1200
1441 100 1392,600,1224,1200
1442 100 1392,600,1224,1200
1443 100 1416,600,1224,1200
1444 100 1416,600,1224,1200
1445 100 1416,600,1224,1200
1446 100 1416,600,1224,1200
1447 100 1440,600,1224,1200
1448 100 1440,600,1224,1200
1449 100 1440,576,1224,1224
1450 100 1464,576,1224,1200
1451 100 1488,576,1224,1200
1452 100 1488,576,1224,1200
1453 100 1512,552,1224,1200
1454 100 1512,552,1224,1200
1455 100 1536,528,1224,1200
1456 100 1536,528,1224,1200
1457 100 1536,504,1224,1224
1458 100 1536,504,1224,1224
1459 100 1560,504,1224,1200
1460 100 1560,480,1224,1224
1461 100 1560,480,1224,1224
1462 100 1560,480,1224,1200
1463 100 1560,480,1224,1200
1464 100 1560,480,1224,1200
1465 100 1560,456,1224,1224
1466 100 1560,456,1224,1224
1467 100 1560,456,1224,1200
1468 100 1560,456,1224,1200
1469 100 1584,456,1224,1200
1470 100 1584,456,1224,1200
1471 100 1584,432,1224,1224
1472 100 1584,456,1224,1200
1473 100 1608,456,1224,1200
1474 100 1608,456,1224,1200
1475 100 1632,456,1224,1200
1476 100 1632,456,1224,1200
1477 100 1632,456,1224,1200
1478 100 1632,456,1224,1200
1479 100 1632,456,1224,1200
1480 100 1632,456,1224,1200
1481 100 1656,456,1224,1200
1482 100 1656,456,1224,1200
1483 100 1656,456,1224,1200
1484 100 1656,456,1224,1200
1485 100 1656,456,1224,1200
1486 100 1656,456,1224,1200
1487 100 1656,456,1224,1224
1488 100 1656,456,1224,1224
1489 100 1656,456,1224,1224
1490 100 1656,480,1224,1200
1491 100 1656,480,1224,1200
1492 100 1656,480,1224,1200
1493 100 1656,480,1224,1200
1494 100 1656,480,1224,1200
1495 100 1632,480,1224,1200
1496 100 1632,480,1224,1200
1497 100 1608,480,1224,1224
1498 100 1608,480,1224,1224
1499 100 1608,480,1224,1224
1500 100 1584,480,1224,1224
1501 100 1584,480,1224,1224
1502 100 1584,480,1224,1224
1503 100 1560,528,1224,1224
1504 100 1560,528,1224,1224
1505 100 1560,528,1224,1224
1506 100 1560,528,1224,1200
1507 100 1536,528,1224,1200
1508 100 1536,528,1224,1200
1509 100 1536,504,1224,1224
1510 100 1536,504,1224,1224
1511 100 1536,504,1224,1224
1512 100 1512,504,1224,1224
1513 100 1512,504,1224,1224
1514 100 1512,528,1224,1200
1515 100 1512,528,1224,1200
1516 100 1512,528,1224,1200
1517 100 1488,552,1224,1200
1518 100 1488,552,1224,1224
1519 100 1488,552,1224,1224
1520 100 1464,552,1224,1200
1521 100 1464,552,1224,1200
1522 100 1440,552,1224,1224
1523 100 1440,552,1224,1224
1524 100 1440,552,1224,1224
1525 100 1416,552,1224,1224
1526 100 1416,552,1224,1224
1527 100 1416,552,1224,1224
1528 100 1392,552,1224,1224
1529 100 1392,552,1224,1224
1530 100 1392,552,1224,1224
1531 100 1392,576,1224,1200
1532 100 1368,600,1224,1200
1533 100 1392,576,1224,1200
1534 100 1392,576,1224,1200
1535 100 1392,552,1224,1224
1536 100 1392,552,1224,1224
1537 100 1368,552,1224,1224
1538 100 1368,552,1224,1224
1539 100 1368,576,1224,1200
1540 100 1368,576,1224,1200
1541 100 1368,576,1224,1200
1542 100 1392,552,1224,1200
1543 100 1392,552,1224,1200
1544 100 1392,528,1224,1224
1545 100 1392,528,1224,1224
1546 100 1392,528,1224,1224
1547 100 1392,552,1224,1200
1548 100 1392,552,1224,1200
1549 100 1368,552,1224,1200
1550 100 1368,552,1224,1200
1551 100 1368,528,1224,1224
1552 100 1344,504,1224,1224
1553 100 1344,480,1224,1200
1554 100 1344,480,1224,1200
1555 100 1320,480,1224,1200
1556 100 1320,480,1224,1200
1557 100 1296,456,1224,1200
1558 100 1296,456,1224,1200
1559 100 1272,432,1224,1200
1560 100 1272,432,1224,1200
1561 100 1248,408,1224,1200
1562 100 1248,408,1224,1200
1563 100 1248,408,1224,1200
1564 100 1248,408,1224,1200
1565 100 1248,384,1224,1224
1566 100 1248,384,1224,1224
1567 100 1224,384,1224,1200
1568 100 1224,384,1224,1200
1569 100 1224,360,1224,1200
1570 100 1224,360,1224,1200
1571 100 1224,360,1224,1200
1572 100 1224,360,1224,1224
1573 100 1224,360,1224,1224
1574 100 1224,360,1224,1200
1575 100 1224,360,1224,1200
1576 100 1224,336,1224,1224
1577 100 1224,336,1224,1224
1578 100 1224,336,1224,1200
1579 100 1224,336,1224,1200
1580 100 1248,360,1224,1200
1581 100 1248,360,1224,1200
1582 100 1248,360,1224,1200
1583 100 1248,360,1224,1200
1584 100 1248,360,1224,1200
1585 100 1248,360,1224,1200
1586 100 1248,360,1224,1200
1587 100 1248,360,1224,1200
1588 100 1248,360,1224,1224
1589 100 1272,384,1224,1200
1590 100 1272,384,1224,1200
1591 100 1272,384,1224,1200
1592 100 1272,384,1224,1200
1593 100 1272,384,1224,1200
1594 100 1272,408,1224,1200
1595 100 1272,408,1224,1200
1596 100 1296,408,1224,1224
1597 100 1296,408,1224,1224
1598 100 1296,432,1224,1224
1599 100 1320,456,1224,1224
1600 100 1320,456,1224,1224
1601 100 1320,480,1224,1224
1602 100 1320,480,1224,1224
1603 100 1320,480,1224,1224
1604 100 1320,528,1224,1224
1605 100 1320,528,1224,1224
1606 100 1320,552,1224,1200
1607 100 1320,552,1224,1200
1608 100 1296,552,1224,1224
1609 100 1296,576,1224,1200
1610 100 1272,600,1224,1200
1611 100 1272,600,1224,1200
1612 100 1248,624,1224,1200
1613 100 1248,624,1224,1200
1614 100 1248,624,1224,1224
1615 100 1248,624,1224,1224
1616 100 1248,648,1224,1200
1617 100 1248,648,1224,1200
1618 100 1248,648,1224,1200
1619 100 1248,672,1224,1200
1620 100 1248,672,1224,1200
1621 100 1248,672,1224,1224
1622 100 1248,672,1224,1224
1623 100 1248,696,1224,1200
1624 100 1248,696,1224,1200
1625 100 1272,696,1224,1200
1626 100 1272,696,1224,1200
1627 100 1272,696,1224,1200
1628 100 1272,696,1224,1200
1629 100 1272,696,1224,1224
1630 100 1272,696,1224,1224
1631 100 1248,720,1224,1200
1632 100 1248,720,1224,1200
1633 100 1248,720,1224,1200
1634 100 1272,720,1224,1200
1635 100 1272,720,1224,1200
1636 100 1272,720,1224,1200
1637 100 1272,720,1224,1200
1638 100 1272,720,1224,1200
1639 100 1272,720,1224,1200
1640 100 1320,696,1224,1224
1641 100 1320,696,1224,1224
1642 100 1344,696,1224,1224
1643 100 1344,696,1224,1224
1644 100 1368,696,1224,1224
1645 100 1368,696,1224,1224
1646 100 1368,696,1224,1224
1647 100 1368,720,1224,1200
1648 100 1368,720,1224,1200
1649 100 1368,720,1224,1200
1650 100 1392,720,1224,1200
1651 100 1392,720,1224,1200
1652 100 1392,720,1224,1200
1653 100 1392,720,1224,1200
1654 100 1392,720,1224,1200
1655 100 1392,720,1224,1200
1656 100 1392,696,1224,1224
1657 100 1392,696,1224,1224
1658 100 1416,696,1224,1200
1659 100 1440,672,1224,1200
1660 100 1464,648,1224,1200
1661 100 1464,648,1224,1200
1662 100 1488,624,1224,1224
1663 100 1488,624,1224,1224
1664 100 1512,624,1224,1200
1665 100 1512,624,1224,1200
1666 100 1536,600,1224,1224
1667 100 1536,600,1224,1224
1668 100 1560,576,1224,1224
1669 100 1584,576,1224,1200
1670 100 1584,552,1224,1224
1671 100 1584,552,1224,1224
1672 100 1584,552,1224,1224
1673 100 1584,552,1224,1224
1674 100 1584,552,1224,1200
1675 100 1584,552,1224,1200
1676 100 1584,528,1224,1224
1677 100 1584,528,1224,1224
1678 100 1584,528,1224,1200
1679 100 1584,528,1224,1200
1680 100 1584,504,1224,1200
1681 100 1584,504,1224,1200
1682 100 1584,504,1224,1200
1683 100 1584,504,1224,1200
1684 100 1584,480,1224,1224
1685 100 1584,480,1224,1224
1686 100 1560,480,1224,1200
1687 100 1560,480,1224,1200
1688 100 1560,480,1224,1200
1689 100 1560,480,1224,1200
1690 100 1536,480,1224,1200
1691 100 1536,480,1224,1200
1692 100 1512,456,1224,1224
1693 100 1512,456,1224,1224
1694 100 1512,456,1224,1224
1695 100 1488,456,1224,1224
1696 100 1488,480,1224,1200
1697 100 1488,456,1224,1224
1698 100 1488,456,1224,1224
1699 100 1488,456,1224,1224
1700 100 1464,432,1224,1224
1701 100 1464,432,1224,1200
1702 100 1464,432,1224,1200
1703 100 1464,432,1224,1224
1704 100 1464,432,1224,1224
1705 100 1464,456,1224,1200
1706 100 1464,456,1224,1200
1707 100 1464,456,1224,1200
1708 100 1440,432,1224,1224
1709 100 1440,432,1224,1224
1710 100 1440,432,1224,1224
1711 100 1440,456,1224,1200
1712 100 1440,456,1224,1200
1713 100 1416,456,1224,1224
1714 100 1416,456,1224,1224
1715 100 1392,456,1224,1200
1716 100 1368,432,1224,1200
1717 100 1368,432,1224,1200
1718 100 1368,432,1224,1200
1719 100 1344,432,1224,1200
1720 100 1320,432,1224,1200
1721 100 1320,432,1224,1200
1722 100 1296,408,1224,1200
1723 100 1248,408,1224,1200
1724 100 1248,408,1224,1200
1725 100 1248,408,1224,1200
1726 100 1224,408,1224,1200
1727 100 1224,408,1224,1200
1728 100 1200,408,1224,1224
1729 100 1152,408,1224,1224
1730 100 1104,408,1224,1224
1731 100 1104,408,1224,1224
1732 100 1080,408,1224,1224
1733 100 1080,408,1224,1224
1734 100 1080,408,1224,1224
1735 100 1032,384,1224,1224
1736 100 1008,360,1224,1224
1737 100 984,336,1224,1248
1738 100 984,336,1224,1248
1739 100 936,312,1224,1248
1740 100 936,312,1224,1248
1741 100 912,264,1224,1224
1742 100 888,216,1224,1224
1743 100 888,216,1224,1224
1744 100 888,192,1224,1224
1745 100 888,192,1224,1224
1746 100 912,192,1224,1224
1747 100 912,192,1224,1224
1748 100 960,216,1224,1224
1749 100 1032,240,1224,1224
1750 100 1032,240,1224,1224
1751 100 1056,288,1224,1200
1752 100 1056,288,1224,1200
1753 100 1104,312,1224,1200
1754 100 1128,336,1224,1224
1755 100 1128,336,1224,1224
1756 100 1152,384,1224,1200
1757 100 1152,384,1224,1200
1758 100 1152,384,1224,1200
1759 100 1176,384,1224,1224
1760 100 1200,408,1224,1200
1761 100 1200,408,1224,1200
1762 100 1200,432,1224,1200
1763 100 1200,432,1224,1200
1764 100 1224,432,1224,1224
1765 100 1224,456,1224,1200
1766 100 1224,456,1224,1200
1767 100 1248,456,1224,1200
1768 100 1272,480,1224,1200
1769 100 1272,480,1224,1200
1770 100 1272,480,1224,1200
1771 100 1296,504,1224,1200
1772 100 1296,504,1224,1200
1773 100 1320,504,1224,1200
1774 100 1320,480,1224,1224
1775 100 1320,480,1224,1200
1776 100 1320,480,1224,1200
1777 100 1320,480,1224,1200
1778 100 1344,480,1224,1200
1779 100 1344,480,1224,1224
1780 100 1344,480,1224,1224
1781 100 1368,504,1224,1200
1782 100 1344,504,1224,1200
1783 100 1344,504,1224,1200
1784 100 1344,480,1224,1200
1785 100 1344,480,1224,1200
1786 100 1344,480,1224,1200
1787 100 1344,480,1224,1200
1788 100 1344,480,1224,1200
1789 100 1320,456,1224,1200
1790 100 1320,456,1224,1200
1791 100 1320,456,1224,1200
1792 100 1320,456,1224,1200
1793 100 1344,456,1224,1200
1794 100 1344,456,1224,1200
1795 100 1344,456,1224,1200
1796 100 1344,456,1224,1200
1797 100 1344,456,1224,1224
1798 100 1320,456,1224,1200
1799 100 1320,456,1224,1200
1800 100 1344,456,1224,1200
1801 100 1344,456,1224,1200
1802 100 1344,456,1224,1200
1803 100 1344,456,1224,1200
1804 100 1344,456,1224,1200
1805 100 1344,456,1224,1224
1806 100 1368,480,1224,1200
1807 100 1368,480,1224,1200
1808 100 1416,480,1224,1200
1809 100 1416,480,1224,1200
1810 100 1464,480,1224,1200
1811 100 1464,480,1224,1200
1812 100 1464,456,1224,1200
1813 100 1464,456,1224,1200
1814 100 1440,456,1224,1200
1815 100 1440,456,1224,1200
1816 100 1392,456,1224,1200
1817 100 1392,456,1224,1200
1818 100 1392,456,1224,1200
1819 100 1416,456,1224,1200
1820 100 1464,480,1224,1200
1821 100 1464,480,1224,1200
1822 100 1464,480,1224,1224
1823 100 1464,480,1224,1224
1824 100 1440,480,1224,1200
1825 100 1440,456,1224,1200
1826 100 1440,456,1224,1200
1827 100 1416,432,1224,1224
1828 100 1416,432,1224,1224
1829 100 1440,432,1224,1224
1830 100 1440,432,1224,1224
1831 100 1440,456,1224,1200
1832 100 1440,456,1224,1200
1833 100 1440,456,1224,1200
1834 100 1440,456,1224,1200
1835 100 1416,432,1224,1224
1836 100 1368,408,1224,1200
1837 100 1344,384,1224,1200
1838 100 1344,384,1224,1200
1839 100 1368,384,1224,1200
1840 100 1368,384,1224,1200
1841 100 1368,384,1224,1200
1842 100 1392,408,1224,1200
1843 100 1392,432,1224,1200
1844 100 1368,432,1224,1224
1845 100 1368,432,1224,1224
1846 100 1368,432,1224,1224
1847 100 1344,408,1224,1224
1848 100 1368,408,1224,1200
1849 100 1368,408,1224,1200
1850 100 1392,408,1224,1200
1851 100 1392,408,1224,1224
1852 100 1392,408,1224,1224
1853 100 1368,432,1224,1200
1854 100 1368,432,1224,1200
1855 100 1344,408,1224,1224
1856 100 1344,408,1224,1224
1857 100 1320,408,1224,1200
1858 100 1320,408,1224,1200
1859 100 1296,384,1224,1200
1860 100 1296,384,1224,1200
1861 100 1296,384,1224,1200
1862 100 1272,360,1224,1224
1863 100 1296,384,1224,1200
1864 100 1296,384,1224,1200
1865 100 1320,360,1224,1224
1866 100 1320,360,1224,1224
1867 100 1320,384,1224,1200
1868 100 1320,384,1224,1200
1869 100 1296,360,1224,1224
1870 100 1272,336,1224,1224
1871 100 1272,336,1224,1224
1872 100 1272,312,1224,1224
1873 100 1272,312,1224,1224
1874 100 1248,288,1224,1224
1875 100 1224,264,1224,1224
1876 100 1224,264,1224,1224
1877 100 1224,264,1224,1224
1878 100 1224,264,1224,1224
1879 100 1224,264,1224,1224
1880 100 1224,264,1224,1224
1881 100 1200,240,1224,1224
1882 100 1200,240,1224,1224
1883 100 1176,240,1224,1224
1884 100 1176,216,1224,1224
1885 100 1176,216,1224,1224
1886 100 1176,216,1224,1224
1887 100 1176,216,1224,1224
1888 100 1176,216,1224,1224
1889 100 1200,240,1224,1224
1890 100 1200,240,1224,1224
1891 100 1224,240,1224,1224
1892 100 1224,240,1224,1224
1893 100 1224,264,1224,1200
1894 100 1248,264,1224,1224
1895 100 1248,264,1224,1224
1896 100 1224,240,1224,1224
1897 100 1224,240,1224,1224
1898 100 1224,240,1224,1224
1899 100 1224,240,1224,1224
1900 100 1224,240,1224,1224
1901 100 1224,240,1224,1224
1902 100 1224,240,1224,1224
1903 100 1224,240,1224,1224
1904 100 1224,240,1224,1224
1905 100 1224,264,1224,1200
1906 100 1248,264,1224,1224
1907 100 1248,264,1224,1224
1908 100 1248,264,1224,1224
1909 100 1248,264,1224,1224
1910 100 1272,288,1224,1224
1911 100 1272,288,1224,1224
1912 100 1296,312,1224,1224
1913 100 1344,336,1224,1224
1914 100 1344,336,1224,1224
1915 100 1416,384,1224,1224
1916 100 1416,384,1224,1224
1917 100 1488,456,1224,1200
1918 100 1512,480,1224,1224
1919 100 1512,480,1224,1224
1920 100 1536,528,1224,1200
1921 100 1536,528,1224,1200
1922 100 1536,552,1224,1224
1923 100 1536,552,1224,1224
1924 100 1536,576,1224,1224
1925 100 1536,600,1224,1224
1926 100 1536,600,1224,1224
1927 100 1512,600,1224,1224
1928 100 1512,600,1224,1224
1929 100 1512,600,1224,1200
1930 100 1512,600,1224,1200
1931 100 1488,600,1224,1200
1932 100 1488,576,1224,1224
1933 100 1488,576,1224,1224
1934 100 1488,576,1224,1200
1935 100 1488,576,1224,1200
1936 100 1488,552,1224,1200
1937 100 1512,528,1224,1200
1938 100 1512,528,1224,1200
1939 100 1512,528,1224,1200
1940 100 1512,528,1224,1200
1941 100 1512,528,1224,1200
1942 100 1512,528,1224,1200
1943 100 1512,504,1224,1224
1944 100 1512,552,1224,1200
1945 100 1512,552,1224,1200
1946 100 1488,528,1224,1224
1947 100 1488,528,1224,1224
1948 100 1464,504,1224,1200
1949 100 1464,504,1224,1200
1950 100 1440,504,1224,1224
1951 100 1416,504,1224,1224
1952 100 1416,504,1224,1224
1953 100 1440,528,1224,1200
1954 100 1440,528,1224,1200
1955 100 1416,504,1224,1200
1956 100 1416,504,1224,1200
1957 100 1416,504,1224,1200
1958 100 1416,504,1224,1224
1959 100 1416,504,1224,1224
1960 100 1416,528,1224,1200
1961 100 1416,528,1224,1200
1962 100 1416,528,1224,1200
1963 100 1440,528,1224,1200
1964 100 1440,528,1224,1200
1965 100 1440,528,1224,1224
1966 100 1440,528,1224,1224
1967 100 1464,528,1224,1224
1968 100 1464,528,1224,1224
1969 100 1464,528,1224,1200
1970 100 1464,528,1224,1200
1971 100 1464,528,1224,1200
1972 100 1464,504,1224,1224
1973 100 1464,504,1224,1224
1974 100 1464,504,1224,1200
1975 100 1464,504,1224,1200
1976 100 1464,504,1224,1200
1977 100 1464,504,1224,1200
1978 100 1464,504,1224,1200
1979 100 1464,480,1224,1224
1980 100 1464,480,1224,1224
1981 100 1464,480,1224,1200
1982 100 1464,480,1224,1200
1983 100 1464,480,1224,1200
1984 100 1464,456,1224,1224
1985 100 1464,456,1224,1224
1986 100 1464,456,1224,1200
1987 100 1464,456,1224,1200
1988 100 1464,456,1224,1200
1989 100 1464,456,1224,1200
1990 100 1464,456,1224,1200
1991 100 1464,432,1224,1224
1992 100 1464,432,1224,1224
1993 100 1440,432,1224,1224
1994 100 1440,432,1224,1200
1995 100 1440,432,1224,1200
1996 100 1440,432,1224,1200
1997 100 1440,432,1224,1200
1998 100 1440,408,1224,1224
1999 100 1440,408,1224,1224
2000 100 1440,408,1224,1200
2001 100 1440,408,1224,1200
2002 100 1440,408,1224,1200
2003 100 1440,384,1224,1224
2004 100 1440,384,1224,1224
2005 100 1440,384,1224,1224
2006 100 1440,384,1224,1200
2007 100 1440,384,1224,1200
2008 100 1440,384,1224,1224
2009 100 1440,384,1224,1224
2010 100 1440,384,1224,1224
2011 100 1440,384,1224,1224
2012 100 1440,384,1224,1200
2013 100 1440,384,1224,1200
2014 100 1440,384,1224,1200
2015 100 1440,384,1224,1200
2016 100 1440,384,1224,1200
2017 100 1416,360,1224,1224
2018 100 1416,360,1224,1224
2019 100 1392,360,1224,1224
2020 100 1392,360,1224,1200
2021 100 1392,360,1224,1200
2022 100 1392,336,1224,1224
2023 100 1392,336,1224,1224
2024 100 1392,336,1224,1200
2025 100 1392,336,1224,1200
2026 100 1392,336,1224,1200
2027 100 1392,312,1224,1200
2028 100 1392,312,1224,1200
2029 100 1392,312,1224,1200
2030 100 1392,312,1224,1200
2031 100 1392,312,1224,1200
2032 100 1392,312,1224,1200
2033 100 1392,312,1224,1200
2034 100 1392,288,1224,1224
2035 100 1392,288,1224,1224
2036 100 1392,312,1224,1200
2037 100 1392,312,1224,1200
2038 100 1392,312,1224,1200
2039 100 1392,312,1224,1200
2040 100 1392,312,1224,1200
2041 100 1392,312,1224,1200
2042 100 1392,312,1224,1200
2043 100 1392,312,1224,1200
2044 100 1392,312,1224,1200
2045 100 1392,312,1224,1224
2046 100 1392,312,1224,1224
2047 100 1392,312,1224,1224
2048 100 1392,312,1224,1224
2049 100 1392,312,1224,1224
2050 100 1392,336,1224,1200
2051 100 1392,336,1224,1200
2052 100 1392,336,1224,1200
2053 100 1416,336,1224,1224
2054 100 1416,336,1224,1224
2055 100 1416,360,1224,1200
2056 100 1416,360,1224,1200
2057 100 1416,384,1224,1200
2058 100 1392,408,1224,1200
2059 100 1392,408,1224,1200
2060 100 1392,408,1224,1200
2061 100 1392,408,1224,1200
2062 100 1416,408,1224,1200
2063 100 1416,408,1224,1200
2064 100 1416,432,1224,1200
2065 100 1416,432,1224,1200
2066 100 1416,432,1224,1224
2067 100 1416,432,1224,1224
2068 100 1416,432,1224,1224
2069 100 1392,432,1224,1224
2070 100 1392,432,1224,1224
2071 100 1392,432,1224,1200
2072 100 1392,432,1224,1200
2073 100 1392,432,1224,1200
2074 100 1392,432,1224,1200
2075 100 1392,432,1224,1200
2076 100 1368,432,1224,1200
2077 100 1368,432,1224,1200
2078 100 1368,432,1224,1200
2079 100 1368,432,1224,1200
2080 100 1344,432,1224,1200
2081 100 1344,432,1224,1224
2082 100 1344,432,1224,1224
2083 100 1344,432,1224,1200
2084 100 1344,432,1224,1200
2085 100 1320,456,1224,1200
2086 100 1320,456,1224,1200
2087 100 1320,456,1224,1224
2088 100 1296,480,1224,1200
2089 100 1296,480,1224,1200
2090 100 1296,480,1224,1200
2091 100 1296,480,1224,1200
2092 100 1272,480,1224,1224
2093 100 1272,504,1224,1200
2094 100 1272,504,1224,1200
2095 100 1272,504,1224,1200
2096 100 1272,504,1224,1200
2097 100 1272,504,1224,1200
2098 100 1272,504,1224,1200
