0 100 1344,504,1224,1200
1 100 1344,504,1224,1224
2 100 1344,504,1224,1224
3 100 1344,504,1224,1224
4 100 1344,504,1224,1224
5 100 1344,504,1224,1224
6 100 1344,504,1224,1224
7 100 1344,504,1224,1224
8 100 1344,504,1224,1224
9 100 1344,504,1224,1224
10 100 1344,528,1224,1200
11 100 1344,528,1224,1200
12 100 1344,528,1224,1200
13 100 1344,528,1224,1200
14 100 1344,528,1224,1200
15 100 1344,528,1224,1200
16 100 1344,528,1224,1224
17 100 1344,528,1224,1224
18 100 1320,528,1224,1224
19 100 1320,528,1224,1224
20 100 1320,552,1224,1200
21 100 1320,552,1224,1200
22 100 1320,552,1224,1200
23 100 1320,528,1224,1224
24 100 1320,552,1224,1200
25 100 1320,552,1224,1200
26 100 1320,552,1224,1200
27 100 1320,552,1224,1200
28 100 1320,552,1224,1200
29 100 1320,552,1224,1200
30 100 1320,552,1224,1200
31 100 1320,552,1224,1200
32 100 1320,552,1224,1200
33 100 1320,552,1224,1200
34 100 1320,552,1224,1200
35 100 1320,552,1224,1200
36 100 1320,552,1224,1200
37 100 1320,552,1224,1200
38 100 1320,552,1224,1200
39 100 1320,552,1224,1200
40 100 1320,552,1224,1200
41 100 1320,552,1224,1200
42 100 1320,552,1224,1200
43 100 1320,552,1224,1200
44 100 1320,552,1224,1200
45 100 1320,552,1224,1200
46 100 1320,552,1224,1200
47 100 1320,552,1224,1200
48 100 1320,552,1224,1200
49 100 1320,552,1224,1200
50 100 1320,552,1224,1200
51 100 1320,552,1224,1200
52 100 1320,552,1224,1200
53 100 1320,552,1224,1200
54 100 1320,552,1224,1200
55 100 1320,552,1224,1200
56 100 1320,552,1224,1200
57 100 1320,552,1224,1200
58 100 1320,552,1224,1200
59 100 1320,552,1224,1200
60 100 1320,552,1224,1200
61 100 1320,552,1224,1200
62 100 1320,552,1224,1200
63 100 1320,552,1224,1200
64 100 1320,552,1224,1200
65 100 1320,552,1224,1200
66 100 1320,552,1224,1200
67 100 1320,552,1224,1200
68 100 1320,552,1224,1200
69 100 1320,552,1224,1200
70 100 1320,552,1224,1200
71 100 1320,552,1224,1200
72 100 1320,552,1224,1200
73 100 1320,552,1224,1200
74 100 1320,552,1224,1200
75 100 1320,552,1224,1200
76 100 1320,552,1224,1200
77 100 1320,552,1224,1200
78 100 1320,552,1224,1200
79 100 1320,552,1224,1200
80 100 1320,552,1224,1200
81 100 1320,552,1224,1200
82 100 1320,552,1224,1200
83 100 1320,552,1224,1200
84 100 1320,552,1224,1200
85 100 1320,552,1224,1200
86 100 1320,552,1224,1200
87 100 1320,552,1224,1200
88 100 1320,552,1224,1200
89 100 1320,552,1224,1200
90 100 1320,552,1224,1200
91 100 1320,552,1224,1200
92 100 1320,552,1224,1200
93 100 1320,552,1224,1200
94 100 1320,552,1224,1200
95 100 1320,552,1224,1200
96 100 1320,552,1224,1200
97 100 1320,552,1224,1200
98 100 1320,552,1224,1200
99 100 1344,552,1224,1200
100 100 1344,552,1224,1200
101 100 1344,552,1224,1200
102 100 1344,552,1224,1200
103 100 1344,552,1224,1200
104 100 1344,552,1224,1200
105 100 1344,552,1224,1200
106 100 1320,552,1224,1200
107 100 1320,552,1224,1200
108 100 1320,552,1224,1200
109 100 1320,552,1224,1224
110 100 1320,576,1224,1200
111 100 1320,576,1224,1200
112 100 1320,576,1224,1200
113 100 1320,576,1224,1200
114 100 1320,576,1224,1200
115 100 1320,576,1224,1200
116 100 1320,576,1224,1200
117 100 1320,576,1224,1200
118 100 1320,576,1224,1224
119 100 1296,600,1224,1200
120 100 1296,624,1224,1200
121 100 1296,624,1224,1200
122 100 1296,624,1224,1200
123 100 1296,624,1224,1200
124 100 1296,624,1224,1200
125 100 1272,624,1224,1200
126 100 1272,624,1224,1200
127 100 1272,624,1224,1200
128 100 1248,624,1224,1224
129 100 1200,648,1224,1200
130 100 1176,672,1224,1200
131 100 1128,696,1224,1200
132 100 1080,720,1224,1200
133 100 1032,744,1224,1200
134 100 1008,744,1224,1200
135 100 1008,744,1224,1200
136 100 984,744,1224,1224
137 100 984,744,1224,1224
138 100 984,768,1224,1200
139 100 984,768,1224,1200
140 100 984,768,1224,1200
141 100 1008,744,1224,1224
142 100 1032,744,1224,1200
143 100 1056,744,1224,1200
144 100 1080,744,1224,1200
145 100 1104,744,1224,1200
146 100 1128,720,1224,1224
147 100 1152,720,1224,1200
148 100 1176,720,1224,1200
149 100 1176,720,1224,1200
150 100 1176,720,1224,1200
151 100 1200,696,1224,1224
152 100 1200,696,1224,1200
153 100 1200,696,1224,1200
154 100 1200,696,1224,1200
155 100 1224,696,1224,1200
156 100 1224,672,1224,1224
157 100 1224,672,1224,1224
158 100 1224,672,1224,1200
159 100 1224,672,1224,1200
160 100 1224,672,1224,1200
161 100 1248,648,1224,1224
162 100 1224,672,1224,1200
163 100 1224,696,1224,1200
164 100 1200,720,1224,1200
165 100 1176,744,1224,1224
166 100 1176,768,1224,1200
167 100 1176,768,1224,1200
168 100 1176,744,1224,1200
169 100 1176,744,1224,1200
170 100 1200,720,1224,1200
171 100 1200,720,1224,1200
172 100 1224,696,1224,1224
173 100 1224,696,1224,1200
174 100 1224,672,1224,1224
175 100 1248,672,1224,1200
176 100 1248,672,1224,1200
177 100 1224,672,1224,1200
178 100 1224,672,1224,1224
179 100 1224,672,1224,1224
180 100 1224,696,1224,1200
181 100 1224,672,1224,1224
182 100 1224,672,1224,1224
183 100 1224,672,1224,1224
184 100 1224,672,1224,1224
185 100 1224,672,1224,1224
186 100 1224,672,1224,1224
187 100 1224,672,1224,1224
188 100 1224,672,1224,1224
189 100 1224,672,1224,1224
190 100 1224,672,1224,1224
191 100 1224,696,1224,1200
192 100 1200,696,1224,1200
193 100 1176,720,1224,1200
194 100 1128,720,1224,1224
195 100 1056,744,1224,1200
196 100 1008,744,1224,1224
197 100 960,744,1224,1224
198 100 912,744,1224,1224
199 100 864,744,1224,1224
200 100 840,768,1224,1200
201 100 816,744,1224,1224
202 100 792,744,1224,1224
203 100 768,744,1224,1224
204 100 744,744,1224,1224
205 100 696,744,1224,1200
206 100 672,744,1224,1200
207 100 648,744,1224,1224
208 100 624,744,1224,1224
209 100 624,768,1224,1200
210 100 600,768,1224,1200
211 100 600,768,1224,1224
212 100 600,768,1224,1224
213 100 600,768,1224,1224
214 100 600,768,1224,1224
215 100 600,768,1224,1200
216 100 624,768,1224,1200
217 100 624,768,1224,1200
218 100 648,768,1224,1200
219 100 672,768,1224,1200
220 100 696,768,1224,1200
221 100 720,768,1224,1200
222 100 720,768,1224,1200
223 100 720,768,1224,1200
224 100 744,768,1224,1200
225 100 768,768,1224,1200
226 100 768,768,1224,1224
227 100 792,768,1224,1224
228 100 816,768,1224,1200
229 100 840,768,1224,1200
230 100 864,768,1224,1224
231 100 912,768,1224,1224
232 100 960,792,1224,1200
233 100 984,768,1224,1224
234 100 1032,768,1224,1224
235 100 1056,768,1224,1224
236 100 1080,768,1224,1224
237 100 1104,768,1224,1224
238 100 1128,768,1224,1224
239 100 1152,768,1224,1224
240 100 1176,768,1224,1224
241 100 1200,768,1224,1224
242 100 1224,768,1224,1224
243 100 1248,768,1224,1224
244 100 1272,768,1224,1224
245 100 1296,768,1224,1224
246 100 1320,768,1224,1224
247 100 1344,768,1224,1224
248 100 1368,768,1224,1224
249 100 1392,768,1224,1224
250 100 1392,768,1224,1224
251 100 1416,768,1224,1224
252 100 1416,768,1224,1224
253 100 1416,768,1224,1224
254 100 1440,768,1224,1224
255 100 1440,768,1224,1224
256 100 1464,768,1224,1224
257 100 1488,768,1224,1224
258 100 1512,768,1224,1200
259 100 1512,768,1224,1200
260 100 1536,744,1224,1224
261 100 1560,744,1224,1224
262 100 1584,744,1224,1224
263 100 1584,744,1224,1224
264 100 1608,744,1224,1224
265 100 1632,744,1224,1200
266 100 1632,720,1224,1224
267 100 1632,720,1224,1224
268 100 1632,720,1224,1224
269 100 1632,720,1224,1224
270 100 1632,720,1224,1224
271 100 1632,720,1224,1224
272 100 1632,720,1224,1224
273 100 1656,720,1224,1224
274 100 1656,720,1224,1224
275 100 1656,720,1224,1224
276 100 1656,720,1224,1224
277 100 1656,720,1224,1224
278 100 1656,720,1224,1224
279 100 1632,720,1224,1224
280 100 1584,720,1224,1224
281 100 1536,720,1224,1224
282 100 1488,720,1224,1224
283 100 1440,720,1224,1200
284 100 1416,720,1224,1200
285 100 1392,720,1224,1200
286 100 1368,696,1224,1224
287 100 1344,696,1224,1200
288 100 1320,696,1224,1200
289 100 1320,696,1224,1200
290 100 1320,696,1224,1200
291 100 1320,696,1224,1200
292 100 1320,696,1224,1200
293 100 1320,696,1224,1200
294 100 1320,696,1224,1200
295 100 1320,696,1224,1200
296 100 1296,696,1224,1200
297 100 1296,696,1224,1200
298 100 1296,696,1224,1200
299 100 1296,696,1224,1200
300 100 1296,696,1224,1200
301 100 1296,696,1224,1200
302 100 1296,696,1224,1200
303 100 1296,696,1224,1200
304 100 1296,696,1224,1200
305 100 1296,696,1224,1200
306 100 1296,696,1224,1200
307 100 1296,696,1224,1200
308 100 1296,672,1224,1224
309 100 1296,696,1224,1200
310 100 1296,696,1224,1200
311 100 1296,672,1224,1224
312 100 1296,696,1224,1200
313 100 1296,696,1224,1200
314 100 1296,672,1224,1224
315 100 1296,672,1224,1224
316 100 1272,696,1224,1200
317 100 1224,696,1224,1200
318 100 1128,720,1224,1224
319 100 1056,768,1224,1200
320 100 960,792,1224,1200
321 100 864,816,1224,1200
322 100 792,816,1224,1200
323 100 696,816,1224,1200
324 100 624,816,1224,1200
325 100 576,792,1224,1224
326 100 528,792,1224,1224
327 100 480,768,1224,1224
328 100 456,768,1224,1224
329 100 408,768,1224,1224
330 100 360,768,1224,1224
331 100 312,768,1224,1224
332 100 288,768,1224,1224
333 100 240,768,1224,1224
334 100 192,792,1224,1224
335 100 168,792,1224,1224
336 100 120,792,1224,1224
337 100 96,792,1224,1224
338 100 72,768,1224,1248
339 100 48,768,1224,1224
340 100 24,768,1224,1224
341 100 0,768,1224,1224
342 100 0,744,1224,1248
343 100 0,744,1224,1224
344 100 0,720,1224,1248
345 100 0,720,1224,1224
346 100 0,696,1224,1224
347 100 0,672,1224,1224
348 100 0,672,1224,1224
349 100 0,648,1224,1224
350 100 0,624,1224,1224
351 100 0,600,1224,1224
352 100 0,576,1224,1224
353 100 0,576,1224,1224
354 100 0,576,1224,1224
355 100 0,552,1224,1224
356 100 24,552,1224,1224
357 100 0,552,1224,1200
358 100 0,528,1224,1224
359 100 0,528,1224,1200
360 100 0,528,1224,1200
361 100 0,504,1224,1224
362 100 0,528,1224,1200
363 100 24,552,1224,1200
364 100 0,552,1224,1224
365 100 24,552,1224,1224
366 100 24,576,1224,1200
367 100 48,576,1224,1224
368 100 48,576,1224,1224
369 100 72,600,1224,1200
370 100 96,600,1224,1224
371 100 96,600,1224,1224
372 100 120,624,1224,1224
373 100 120,624,1224,1224
374 100 120,624,1224,1224
375 100 144,648,1224,1224
376 100 144,648,1224,1224
377 100 168,648,1224,1248
378 100 192,672,1224,1224
379 100 216,696,1224,1224
380 100 240,696,1224,1224
381 100 288,720,1224,1224
382 100 336,720,1224,1224
383 100 384,744,1224,1224
384 100 432,744,1224,1224
385 100 480,768,1224,1200
386 100 528,768,1224,1200
387 100 576,768,1224,1200
388 100 624,768,1224,1200
389 100 672,768,1224,1200
390 100 768,768,1224,1200
391 100 840,744,1224,1224
392 100 936,744,1224,1200
393 100 1032,720,1224,1224
394 100 1104,720,1224,1200
395 100 1176,720,1224,1200
396 100 1200,720,1224,1200
397 100 1224,696,1224,1224
398 100 1200,720,1224,1200
399 100 1200,696,1224,1224
400 100 1176,696,1224,1224
401 100 1176,720,1224,1200
402 100 1176,720,1224,1200
403 100 1176,720,1224,1200
404 100 1200,696,1224,1224
405 100 1200,696,1224,1224
406 100 1200,720,1224,1200
407 100 1224,720,1224,1200
408 100 1224,720,1224,1200
409 100 1224,696,1224,1224
410 100 1224,696,1224,1224
411 100 1224,720,1224,1200
412 100 1224,696,1224,1224
413 100 1224,696,1224,1224
414 100 1224,720,1224,1200
415 100 1224,696,1224,1224
416 100 1224,696,1224,1224
417 100 1248,696,1224,1200
418 100 1248,696,1224,1200
419 100 1248,696,1224,1224
420 100 1248,720,1224,1200
421 100 1224,744,1224,1224
422 100 1224,792,1224,1248
423 100 1248,792,1224,1200
424 100 1272,768,1224,1200
425 100 1272,744,1224,1200
426 100 1248,744,1224,1200
427 100 1248,744,1224,1200
428 100 1248,744,1224,1200
429 100 1272,744,1224,1200
430 100 1272,720,1224,1224
431 100 1272,720,1224,1224
432 100 1296,720,1224,1224
433 100 1296,720,1224,1224
434 100 1296,720,1224,1200
435 100 1320,720,1224,1200
436 100 1368,720,1224,1200
437 100 1440,720,1224,1200
438 100 1512,720,1224,1200
439 100 1584,720,1224,1200
440 100 1656,720,1224,1200
441 100 1704,696,1224,1224
442 100 1752,696,1224,1200
443 100 1800,696,1224,1200
444 100 1848,672,1224,1224
445 100 1896,672,1224,1224
446 100 1944,648,1224,1224
447 100 1992,648,1224,1224
448 100 2016,624,1224,1248
449 100 2040,624,1224,1224
450 100 2064,624,1224,1224
451 100 2064,624,1224,1224
452 100 2088,624,1224,1224
453 100 2112,624,1224,1248
454 100 2112,648,1224,1224
455 100 2136,648,1224,1224
456 100 2136,648,1224,1224
457 100 2136,648,1224,1224
458 100 2136,648,1224,1224
459 100 2136,648,1224,1224
460 100 2136,648,1224,1248
461 100 2136,672,1224,1224
462 100 2136,672,1224,1224
463 100 2136,672,1224,1224
464 100 2136,648,1224,1248
465 100 2160,648,1224,1224
466 100 2160,624,1224,1248
467 100 2160,624,1224,1224
468 100 2184,624,1224,1224
469 100 2208,624,1224,1224
470 100 2208,624,1224,1224
471 100 2232,600,1224,1224
472 100 2232,600,1224,1224
473 100 2232,576,1224,1224
474 100 2232,576,1224,1200
475 100 2232,552,1224,1224
476 100 2232,552,1224,1224
477 100 2208,552,1224,1224
478 100 2184,552,1224,1224
479 100 2160,552,1224,1200
480 100 2136,528,1224,1224
481 100 2136,528,1224,1200
482 100 2136,504,1224,1224
483 100 2112,480,1224,1224
484 100 2112,480,1224,1224
485 100 2112,480,1224,1224
486 100 2112,480,1224,1224
487 100 2088,456,1224,1224
488 100 2088,456,1224,1224
489 100 2064,456,1224,1200
490 100 2040,432,1224,1224
491 100 2040,432,1224,1200
492 100 2016,432,1224,1200
493 100 2016,408,1224,1224
494 100 1992,408,1224,1224
495 100 1992,408,1224,1224
496 100 1992,408,1224,1224
497 100 1968,408,1224,1200
498 100 1944,408,1224,1224
499 100 1920,432,1224,1200
500 100 1872,432,1224,1200
501 100 1824,432,1224,1224
502 100 1776,456,1224,1200
503 100 1680,456,1224,1224
504 100 1632,480,1224,1200
505 100 1608,504,1224,1200
506 100 1560,528,1224,1224
507 100 1512,552,1224,1224
508 100 1440,576,1224,1200
509 100 1392,600,1224,1200
510 100 1344,600,1224,1200
511 100 1320,600,1224,1200
512 100 1320,600,1224,1200
513 100 1320,600,1224,1224
514 100 1320,624,1224,1200
515 100 1320,624,1224,1200
516 100 1320,648,1224,1200
517 100 1320,648,1224,1200
518 100 1296,648,1224,1224
519 100 1272,672,1224,1200
520 100 1224,696,1224,1200
521 100 1176,720,1224,1200
522 100 1152,744,1224,1200
523 100 1128,744,1224,1200
524 100 1104,744,1224,1224
525 100 1080,768,1224,1200
526 100 1104,768,1224,1200
527 100 1104,768,1224,1224
528 100 1128,768,1224,1224
529 100 1176,768,1224,1200
530 100 1272,768,1224,1200
531 100 1392,744,1224,1224
532 100 1512,744,1224,1224
533 100 1656,720,1224,1248
534 100 1800,720,1224,1248
535 100 1920,720,1224,1248
536 100 2088,696,1224,1248
537 100 2232,672,1224,1248
538 100 2328,672,1224,1272
539 100 2424,672,1224,1272
540 100 2496,696,1224,1272
541 100 2568,696,1224,1272
542 100 2592,696,1224,1272
543 100 2592,696,1224,1272
544 100 2640,672,1224,1296
545 100 2688,672,1224,1272
546 100 2736,672,1224,1272
547 100 2784,672,1224,1272
548 100 2784,672,1224,1272
549 100 2856,672,1224,1272
550 100 2928,672,1224,1272
551 100 2904,672,1224,1272
552 100 2976,672,1224,1272
553 100 3000,648,1224,1296
554 100 3024,648,1224,1296
555 100 3048,648,1224,1296
556 100 3096,648,1224,1296
557 100 3096,648,1224,1296
558 100 3024,648,1224,1272
559 100 3144,624,1224,1296
560 100 3120,648,1224,1272
561 100 3168,624,1224,1296
562 100 3192,648,1224,1272
563 100 3168,648,1224,1272
564 100 3144,648,1224,1272
565 100 3144,648,1224,1272
566 100 3120,648,1224,1272
567 100 3288,648,1224,1296
568 100 3192,648,1224,1296
569 100 3192,648,1224,1296
570 100 3192,672,1224,1272
571 100 3216,648,1224,1296
572 100 3168,672,1224,1272
573 100 3096,672,1224,1296
574 100 3240,672,1224,1296
575 100 3120,672,1224,1296
576 100 3096,696,1224,1272
577 100 3264,696,1224,1296
578 100 3264,696,1224,1296
579 100 3240,696,1224,1296
580 100 3096,696,1224,1272
581 100 3288,696,1224,1272
582 100 3120,672,1224,1296
583 100 3120,672,1224,1296
584 100 3168,672,1224,1296
585 100 3192,672,1224,1296
586 100 3096,672,1224,1272
587 100 3120,672,1224,1272
588 100 3120,672,1224,1272
589 100 3120,672,1224,1272
590 100 3216,672,1224,1272
591 100 3216,648,1224,1296
592 100 3120,648,1224,1296
593 100 3120,648,1224,1272
594 100 3192,648,1224,1272
595 100 3144,648,1224,1272
596 100 3192,648,1224,1248
597 100 3096,648,1224,1272
598 100 3240,672,1224,1248
599 100 3096,672,1224,1248
600 100 3264,672,1224,1248
601 100 3240,672,1224,1248
602 100 3168,672,1224,1248
603 100 3240,672,1224,1272
604 100 3144,696,1224,1248
605 100 3072,696,1224,1248
606 100 3216,696,1224,1272
607 100 3048,696,1224,1272
608 100 3048,696,1224,1272
609 100 3216,696,1224,1272
610 100 3216,696,1224,1272
611 100 3240,696,1224,1272
612 100 3264,696,1224,1272
613 100 3192,696,1224,1272
614 100 3216,696,1224,1296
615 100 3216,720,1224,1296
616 100 3048,720,1224,1296
617 100 3168,744,1224,1296
618 100 3096,720,1224,1320
619 100 3096,720,1224,1320
620 100 3024,720,1224,1320
621 100 3048,720,1224,1320
622 100 3048,720,1224,1320
623 100 3096,720,1224,1320
624 100 3144,720,1224,1320
625 100 3192,720,1224,1320
626 100 3048,720,1224,1296
627 100 3240,720,1224,1296
628 100 3048,720,1224,1296
629 100 3096,720,1224,1296
630 100 3168,696,1224,1320
631 100 3096,696,1224,1296
632 100 3120,672,1224,1296
633 100 3120,672,1224,1272
634 100 3168,672,1224,1272
635 100 3120,648,1224,1272
636 100 3120,672,1224,1272
637 100 3120,648,1224,1272
638 100 3120,672,1224,1248
639 100 3072,672,1224,1272
640 100 3072,672,1224,1272
641 100 3072,672,1224,1272
642 100 3072,672,1224,1272
643 100 3096,672,1224,1272
644 100 3096,672,1224,1272
645 100 3144,648,1224,1272
646 100 3144,648,1224,1272
647 100 3168,648,1224,1272
648 100 3192,648,1224,1272
649 100 3168,648,1224,1272
650 100 3168,672,1224,1248
651 100 3144,672,1224,1248
652 100 3144,672,1224,1248
653 100 3024,672,1224,1248
654 100 3024,672,1224,1248
655 100 2928,648,1224,1272
656 100 2976,648,1224,1272
657 100 2808,648,1224,1248
658 100 2712,672,1224,1248
659 100 2592,696,1224,1224
660 100 2424,696,1224,1224
661 100 2232,720,1224,1224
662 100 2040,720,1224,1224
663 100 1872,744,1224,1200
664 100 1728,720,1224,1200
665 100 1608,696,1224,1224
666 100 1488,672,1224,1200
667 100 1416,648,1224,1200
668 100 1368,624,1224,1200
669 100 1320,624,1224,1200
670 100 1320,624,1224,1200
671 100 1296,624,1224,1200
672 100 1296,648,1224,1200
673 100 1272,672,1224,1200
674 100 1272,696,1224,1224
675 100 1272,720,1224,1200
676 100 1296,720,1224,1200
677 100 1296,720,1224,1224
678 100 1272,744,1224,1200
679 100 1272,744,1224,1200
680 100 1272,744,1224,1200
681 100 1272,744,1224,1200
682 100 1248,744,1224,1200
683 100 1248,744,1224,1200
684 100 1248,744,1224,1224
685 100 1248,744,1224,1224
686 100 1224,768,1224,1200
687 100 1224,768,1224,1200
688 100 1224,768,1224,1200
689 100 1224,768,1224,1200
690 100 1224,768,1224,1200
691 100 1224,768,1224,1200
692 100 1272,768,1224,1200
693 100 1368,744,1224,1224
694 100 1440,696,1224,1296
695 100 1488,672,1224,1320
696 100 1512,648,1224,1320
697 100 1536,648,1224,1344
698 100 1464,672,1224,1320
699 100 1440,672,1224,1296
700 100 1440,672,1224,1296
701 100 1440,672,1224,1272
702 100 1392,696,1224,1248
703 100 1320,720,1224,1248
704 100 1272,768,1224,1224
705 100 1224,792,1224,1200
706 100 1224,792,1224,1224
707 100 1200,816,1224,1200
708 100 1200,816,1224,1224
709 100 1176,816,1224,1200
710 100 1176,816,1224,1224
711 100 1152,840,1224,1200
712 100 1128,840,1224,1200
713 100 1104,840,1224,1224
714 100 1104,864,1224,1200
715 100 1080,864,1224,1200
716 100 1080,864,1224,1224
717 100 1056,888,1224,1200
718 100 1056,888,1224,1200
719 100 1056,888,1224,1224
720 100 1056,888,1224,1200
721 100 1056,888,1224,1200
722 100 1056,888,1224,1200
723 100 1080,888,1224,1200
724 100 1080,864,1224,1200
725 100 1104,840,1224,1224
726 100 1128,816,1224,1224
727 100 1176,792,1224,1200
728 100 1224,744,1224,1200
729 100 1248,696,1224,1200
730 100 1272,672,1224,1200
731 100 1248,672,1224,1200
732 100 1248,696,1224,1200
733 100 1224,720,1224,1224
734 100 1200,768,1224,1200
735 100 1176,792,1224,1224
736 100 1176,792,1224,1224
737 100 1152,792,1224,1224
738 100 1152,792,1224,1224
739 100 1152,792,1224,1200
740 100 1176,792,1224,1200
741 100 1176,768,1224,1200
742 100 1200,744,1224,1200
743 100 1200,696,1224,1200
744 100 1224,648,1224,1224
745 100 1224,648,1224,1200
746 100 1200,672,1224,1200
747 100 1200,696,1224,1200
748 100 1176,720,1224,1224
749 100 1176,744,1224,1200
750 100 1176,768,1224,1200
751 100 1176,768,1224,1200
752 100 1176,744,1224,1224
753 100 1200,744,1224,1200
754 100 1200,696,1224,1200
755 100 1224,672,1224,1200
756 100 1200,696,1224,1200
757 100 1176,720,1224,1200
758 100 1152,768,1224,1200
759 100 1104,816,1224,1200
760 100 1104,840,1224,1200
761 100 1104,816,1224,1200
762 100 1128,816,1224,1200
763 100 1152,792,1224,1200
764 100 1152,768,1224,1224
765 100 1152,768,1224,1224
766 100 1128,792,1224,1200
767 100 1128,792,1224,1200
768 100 1128,792,1224,1224
769 100 1104,816,1224,1200
770 100 1104,816,1224,1200
771 100 1104,816,1224,1200
772 100 1104,816,1224,1224
773 100 1080,816,1224,1224
774 100 1080,816,1224,1224
775 100 1080,816,1224,1224
776 100 1080,816,1224,1224
777 100 1080,840,1224,1200
778 100 1056,840,1224,1200
779 100 1056,864,1224,1200
780 100 1032,864,1224,1200
781 100 1032,864,1224,1224
782 100 1032,864,1224,1224
783 100 1032,864,1224,1224
784 100 1032,888,1224,1200
785 100 1032,888,1224,1200
786 100 1032,888,1224,1200
787 100 1056,888,1224,1200
788 100 1056,888,1224,1200
789 100 1104,864,1224,1224
790 100 1152,864,1224,1224
791 100 1176,864,1224,1224
792 100 1200,864,1224,1224
793 100 1224,864,1224,1224
794 100 1224,864,1224,1224
795 100 1248,864,1224,1224
796 100 1248,864,1224,1224
797 100 1248,864,1224,1224
798 100 1248,864,1224,1224
799 100 1272,864,1224,1200
800 100 1272,840,1224,1224
801 100 1296,840,1224,1224
802 100 1296,840,1224,1224
803 100 1320,816,1224,1224
804 100 1368,816,1224,1224
805 100 1392,816,1224,1224
806 100 1464,792,1224,1248
807 100 1512,792,1224,1224
808 100 1560,792,1224,1224
809 100 1632,792,1224,1224
810 100 1656,768,1224,1248
811 100 1656,768,1224,1248
812 100 1680,768,1224,1248
813 100 1656,792,1224,1224
814 100 1656,792,1224,1248
815 100 1608,792,1224,1248
816 100 1560,816,1224,1224
817 100 1536,816,1224,1224
818 100 1488,816,1224,1224
819 100 1464,840,1224,1200
820 100 1464,840,1224,1224
821 100 1464,840,1224,1224
822 100 1440,840,1224,1224
823 100 1440,840,1224,1224
824 100 1416,840,1224,1224
825 100 1416,840,1224,1224
826 100 1416,840,1224,1224
827 100 1416,840,1224,1224
828 100 1416,840,1224,1224
829 100 1416,840,1224,1224
830 100 1416,840,1224,1224
831 100 1416,840,1224,1224
832 100 1416,840,1224,1224
833 100 1416,840,1224,1224
834 100 1416,840,1224,1224
835 100 1392,840,1224,1224
836 100 1392,840,1224,1224
837 100 1392,840,1224,1224
838 100 1392,840,1224,1224
839 100 1392,840,1224,1224
840 100 1392,840,1224,1224
841 100 1368,840,1224,1224
842 100 1368,840,1224,1224
843 100 1344,840,1224,1224
844 100 1272,864,1224,1200
845 100 1224,888,1224,1200
846 100 1152,888,1224,1224
847 100 1104,912,1224,1224
848 100 1056,936,1224,1224
849 100 1008,960,1224,1200
850 100 960,984,1224,1176
851 100 936,984,1224,1176
852 100 960,984,1224,1176
853 100 960,984,1224,1176
854 100 960,984,1224,1176
855 100 960,984,1224,1176
856 100 960,984,1224,1176
857 100 960,984,1224,1176
858 100 960,984,1224,1176
859 100 960,984,1224,1176
860 100 960,984,1224,1176
861 100 768,1008,1224,1152
862 100 336,1008,1224,1152
863 100 0,1032,1224,1128
864 100 0,1056,1224,1104
865 100 0,1056,1224,1104
866 100 0,1056,1224,1104
867 100 0,1032,1224,1128
868 100 0,1032,1224,1128
869 100 0,1032,1224,1128
870 100 0,1056,1224,1104
871 100 0,1056,1224,1104
872 100 0,1056,1224,1104
873 100 0,1056,1224,1104
874 100 0,1056,1224,1104
875 100 0,1056,1224,1104
876 100 0,1056,1224,1104
877 100 0,1056,1224,1104
878 100 0,1056,1224,1104
879 100 0,1080,1224,1080
880 100 0,1080,1224,1080
881 100 0,1056,1224,1104
882 100 0,1056,1224,1104
883 100 0,1056,1224,1104
884 100 0,1056,1224,1104
885 100 0,1056,1224,1104
886 100 0,1032,1224,1128
887 100 0,1032,1224,1128
888 100 0,1032,1224,1128
889 100 0,1032,1224,1128
890 100 0,1032,1224,1128
891 100 0,1008,1224,1152
892 100 336,1008,1224,1152
893 100 600,1008,1224,1152
894 100 960,984,1224,1176
895 100 984,960,1224,1200
896 100 984,960,1224,1200
897 100 1008,936,1224,1200
898 100 1008,936,1224,1200
899 100 1032,912,1224,1200
900 100 1032,912,1224,1200
901 100 1056,888,1224,1224
902 100 1056,888,1224,1200
903 100 1056,888,1224,1200
904 100 1080,864,1224,1200
905 100 1080,864,1224,1200
906 100 1080,864,1224,1200
907 100 1080,840,1224,1224
908 100 1104,840,1224,1224
909 100 1104,840,1224,1200
910 100 1104,840,1224,1200
911 100 1104,816,1224,1224
912 100 1104,816,1224,1224
913 100 1128,816,1224,1200
914 100 1128,816,1224,1200
915 100 1128,816,1224,1200
916 100 1128,816,1224,1200
917 100 1128,816,1224,1200
918 100 1128,816,1224,1200
919 100 1128,792,1224,1224
920 100 1128,792,1224,1224
921 100 1128,792,1224,1224
922 100 1128,792,1224,1224
923 100 1128,792,1224,1224
924 100 1128,816,1224,1200
925 100 1128,816,1224,1200
926 100 1128,816,1224,1200
927 100 1152,792,1224,1224
928 100 1152,792,1224,1224
929 100 1128,816,1224,1200
930 100 1128,816,1224,1200
931 100 1128,816,1224,1200
932 100 1128,816,1224,1200
933 100 1128,816,1224,1200
934 100 1128,816,1224,1200
935 100 1128,816,1224,1200
936 100 1128,792,1224,1224
937 100 1128,792,1224,1224
938 100 1152,792,1224,1224
939 100 1152,792,1224,1224
940 100 1152,792,1224,1224
941 100 1152,792,1224,1200
942 100 1152,792,1224,1200
943 100 1152,792,1224,1200
944 100 1152,792,1224,1200
945 100 1152,792,1224,1200
946 100 1152,792,1224,1200
947 100 1152,792,1224,1200
948 100 1152,792,1224,1200
949 100 1176,768,1224,1224
950 100 1176,768,1224,1224
951 100 1176,768,1224,1200
952 100 1176,768,1224,1200
953 100 1176,768,1224,1200
954 100 1176,768,1224,1200
955 100 1176,768,1224,1200
956 100 1176,768,1224,1200
957 100 1176,768,1224,1200
958 100 1176,744,1224,1224
959 100 1176,744,1224,1224
960 100 1200,744,1224,1200
961 100 1176,744,1224,1200
962 100 1200,720,1224,1224
963 100 1200,720,1224,1200
964 100 1200,720,1224,1200
965 100 1200,720,1224,1200
966 100 1200,720,1224,1200
967 100 1200,720,1224,1200
968 100 1200,696,1224,1224
969 100 1224,696,1224,1224
970 100 1224,696,1224,1200
971 100 1224,696,1224,1200
972 100 1224,696,1224,1200
973 100 1224,696,1224,1200
974 100 1224,696,1224,1200
975 100 1224,696,1224,1200
976 100 1224,696,1224,1200
977 100 1224,672,1224,1224
978 100 1224,672,1224,1200
979 100 1248,672,1224,1200
980 100 1248,672,1224,1200
981 100 1248,672,1224,1200
982 100 1248,672,1224,1200
983 100 1248,672,1224,1200
984 100 1248,648,1224,1224
985 100 1248,672,1224,1200
986 100 1248,672,1224,1200
987 100 1248,672,1224,1200
988 100 1248,672,1224,1200
989 100 1248,648,1224,1224
990 100 1248,672,1224,1200
991 100 1248,648,1224,1224
992 100 1248,672,1224,1200
993 100 1248,648,1224,1224
994 100 1248,648,1224,1224
995 100 1248,648,1224,1200
996 100 1248,648,1224,1200
997 100 1248,648,1224,1200
998 100 1248,648,1224,1200
999 100 1248,648,1224,1200
1000 100 1272,624,1224,1224
1001 100 1272,624,1224,1224
1002 100 1272,624,1224,1224
1003 100 1272,624,1224,1200
1004 100 1272,624,1224,1200
1005 100 1272,624,1224,1200
1006 100 1272,624,1224,1200
1007 100 1272,624,1224,1224
1008 100 1248,648,1224,1200
1009 100 1248,648,1224,1200
1010 100 1248,648,1224,1200
1011 100 1248,648,1224,1200
1012 100 1248,648,1224,1200
1013 100 1248,648,1224,1200
1014 100 1248,648,1224,1200
1015 100 1248,648,1224,1200
1016 100 1248,648,1224,1200
1017 100 1248,648,1224,1200
1018 100 1248,648,1224,1200
1019 100 1248,648,1224,1200
1020 100 1248,648,1224,1200
1021 100 1248,648,1224,1200
1022 100 1248,648,1224,1200
1023 100 1248,648,1224,1200
1024 100 1248,648,1224,1200
1025 100 1248,648,1224,1200
1026 100 1248,648,1224,1200
1027 100 1248,648,1224,1200
1028 100 1248,648,1224,1200
1029 100 1248,648,1224,1200
1030 100 1248,648,1224,1200
1031 100 1248,648,1224,1200
1032 100 1248,648,1224,1200
1033 100 1248,648,1224,1200
1034 100 1248,648,1224,1200
1035 100 1248,648,1224,1200
1036 100 1248,624,1224,1224
1037 100 1248,624,1224,1224
1038 100 1272,624,1224,1224
1039 100 1272,624,1224,1224
1040 100 1272,624,1224,1224
1041 100 1272,624,1224,1224
1042 100 1272,624,1224,1224
1043 100 1272,624,1224,1224
1044 100 1272,624,1224,1224
1045 100 1272,624,1224,1200
1046 100 1272,624,1224,1224
1047 100 1272,624,1224,1224
1048 100 1272,624,1224,1200
1049 100 1272,624,1224,1224
1050 100 1272,624,1224,1200
1051 100 1272,624,1224,1200
1052 100 1272,624,1224,1224
1053 100 1272,624,1224,1200
1054 100 1272,624,1224,1200
1055 100 1272,624,1224,1224
1056 100 1272,624,1224,1200
1057 100 1272,624,1224,1200
1058 100 1272,624,1224,1200
1059 100 1272,624,1224,1200
1060 100 1272,624,1224,1200
1061 100 1272,624,1224,1200
1062 100 1272,624,1224,1200
1063 100 1272,624,1224,1200
1064 100 1272,624,1224,1200
1065 100 1272,624,1224,1200
1066 100 1272,624,1224,1200
1067 100 1272,624,1224,1200
1068 100 1272,624,1224,1200
1069 100 1272,624,1224,1200
1070 100 1272,624,1224,1200
1071 100 1272,624,1224,1200
1072 100 1272,624,1224,1200
1073 100 1272,624,1224,1200
1074 100 1272,624,1224,1200
1075 100 1272,624,1224,1200
1076 100 1272,624,1224,1200
1077 100 1272,624,1224,1200
1078 100 1272,624,1224,1200
1079 100 1272,624,1224,1200
1080 100 1272,624,1224,1200
1081 100 1272,624,1224,1224
1082 100 1272,624,1224,1224
1083 100 1272,624,1224,1200
1084 100 1272,624,1224,1200
1085 100 1272,624,1224,1200
1086 100 1272,624,1224,1200
1087 100 1272,624,1224,1200
1088 100 1272,624,1224,1200
1089 100 1272,624,1224,1200
1090 100 1272,624,1224,1200
1091 100 1272,624,1224,1200
1092 100 1272,624,1224,1200
1093 100 1272,624,1224,1200
1094 100 1272,624,1224,1200
1095 100 1272,624,1224,1200
1096 100 1272,624,1224,1200
1097 100 1272,624,1224,1200
1098 100 1272,624,1224,1200
1099 100 1272,624,1224,1200
1100 100 1272,624,1224,1200
1101 100 1272,624,1224,1200
1102 100 1272,624,1224,1200
1103 100 1272,624,1224,1200
1104 100 1272,624,1224,1200
1105 100 1272,624,1224,1200
1106 100 1272,624,1224,1200
1107 100 1272,624,1224,1200
1108 100 1272,624,1224,1200
1109 100 1272,624,1224,1200
1110 100 1272,624,1224,1200
1111 100 1272,624,1224,1200
1112 100 1272,624,1224,1200
1113 100 1272,624,1224,1200
1114 100 1272,624,1224,1200
1115 100 1272,624,1224,1200
1116 100 1272,624,1224,1200
1117 100 1272,624,1224,1200
1118 100 1272,624,1224,1200
1119 100 1272,624,1224,1200
1120 100 1272,624,1224,1200
1121 100 1272,624,1224,1200
1122 100 1272,624,1224,1200
1123 100 1272,624,1224,1200
1124 100 1248,624,1224,1224
1125 100 1272,624,1224,1224
1126 100 1272,624,1224,1200
1127 100 1248,624,1224,1200
1128 100 1272,624,1224,1200
1129 100 1272,624,1224,1200
1130 100 1272,624,1224,1200
1131 100 1272,624,1224,1200
1132 100 1272,624,1224,1200
1133 100 1272,624,1224,1200
1134 100 1272,624,1224,1200
1135 100 1248,624,1224,1200
1136 100 1248,624,1224,1200
1137 100 1248,624,1224,1200
1138 100 1272,624,1224,1200
1139 100 1272,624,1224,1200
1140 100 1272,624,1224,1200
1141 100 1248,624,1224,1200
1142 100 1248,624,1224,1200
1143 100 1248,624,1224,1224
1144 100 1248,624,1224,1200
1145 100 1248,624,1224,1224
1146 100 1248,624,1224,1200
1147 100 1248,624,1224,1200
1148 100 1248,624,1224,1200
1149 100 1248,624,1224,1200
1150 100 1248,624,1224,1200
1151 100 1248,624,1224,1200
1152 100 1248,624,1224,1200
1153 100 1272,624,1224,1200
1154 100 1272,624,1224,1200
1155 100 1272,624,1224,1200
1156 100 1272,624,1224,1200
1157 100 1272,624,1224,1200
1158 100 1272,600,1224,1224
1159 100 1272,600,1224,1224
1160 100 1272,600,1224,1224
1161 100 1272,600,1224,1224
1162 100 1272,600,1224,1224
1163 100 1272,600,1224,1224
1164 100 1272,600,1224,1224
1165 100 1272,600,1224,1200
1166 100 1248,600,1224,1200
1167 100 1248,600,1224,1224
1168 100 1248,600,1224,1224
1169 100 1248,600,1224,1224
1170 100 1248,600,1224,1200
1171 100 1248,600,1224,1200
1172 100 1248,600,1224,1200
1173 100 1224,600,1224,1200
1174 100 1224,600,1224,1200
1175 100 1224,600,1224,1200
1176 100 1200,600,1224,1224
1177 100 1200,600,1224,1200
1178 100 1200,600,1224,1224
1179 100 1176,600,1224,1224
1180 100 1176,600,1224,1224
1181 100 1152,600,1224,1224
1182 100 1152,624,1224,1200
1183 100 1128,624,1224,1200
1184 100 1128,624,1224,1200
1185 100 1128,624,1224,1200
1186 100 1128,624,1224,1200
1187 100 1104,624,1224,1200
1188 100 1104,624,1224,1200
1189 100 1104,624,1224,1200
1190 100 1080,624,1224,1200
1191 100 1080,624,1224,1200
1192 100 1080,624,1224,1200
1193 100 1056,624,1224,1200
1194 100 1056,624,1224,1200
1195 100 1032,624,1224,1224
1196 100 1032,624,1224,1224
1197 100 1032,624,1224,1224
1198 100 1032,624,1224,1224
1199 100 1032,624,1224,1224
1200 100 1032,624,1224,1224
1201 100 1032,624,1224,1224
1202 100 1032,624,1224,1224
1203 100 1032,624,1224,1224
1204 100 1032,624,1224,1200
1205 100 1032,624,1224,1200
1206 100 1032,624,1224,1200
1207 100 1032,624,1224,1200
1208 100 1032,624,1224,1200
1209 100 1032,624,1224,1200
1210 100 1032,624,1224,1200
1211 100 1032,624,1224,1200
1212 100 1032,624,1224,1200
1213 100 1032,624,1224,1200
1214 100 1032,624,1224,1200
1215 100 1032,624,1224,1200
1216 100 1032,624,1224,1200
1217 100 1032,624,1224,1200
1218 100 1032,624,1224,1200
1219 100 1032,624,1224,1200
1220 100 1032,624,1224,1200
1221 100 1008,624,1224,1200
1222 100 1008,624,1224,1200
1223 100 1008,624,1224,1200
1224 100 1008,624,1224,1200
1225 100 1008,624,1224,1200
1226 100 1008,624,1224,1200
1227 100 1008,624,1224,1200
1228 100 1008,600,1224,1224
1229 100 1008,600,1224,1224
1230 100 1008,600,1224,1224
1231 100 984,600,1224,1224
1232 100 1008,600,1224,1224
1233 100 984,600,1224,1224
1234 100 984,600,1224,1224
1235 100 1008,600,1224,1224
1236 100 1008,600,1224,1224
1237 100 1008,600,1224,1224
1238 100 1008,600,1224,1224
1239 100 1008,600,1224,1200
1240 100 1008,600,1224,1200
1241 100 984,600,1224,1200
1242 100 984,600,1224,1200
1243 100 984,600,1224,1200
1244 100 984,600,1224,1200
1245 100 984,600,1224,1200
1246 100 984,600,1224,1200
1247 100 984,600,1224,1224
1248 100 984,600,1224,1224
1249 100 984,600,1224,1224
1250 100 984,600,1224,1224
1251 100 984,600,1224,1224
1252 100 984,600,1224,1224
1253 100 984,600,1224,1224
1254 100 984,600,1224,1224
1255 100 984,600,1224,1200
1256 100 984,600,1224,1200
1257 100 984,600,1224,1200
1258 100 984,600,1224,1200
1259 100 984,600,1224,1200
1260 100 960,600,1224,1200
1261 100 960,600,1224,1200
1262 100 960,600,1224,1200
1263 100 960,600,1224,1200
1264 100 960,600,1224,1200
1265 100 960,600,1224,1200
1266 100 960,600,1224,1200
1267 100 960,600,1224,1200
1268 100 960,600,1224,1200
1269 100 960,600,1224,1200
1270 100 960,600,1224,1224
1271 100 960,600,1224,1224
1272 100 960,600,1224,1224
1273 100 960,600,1224,1224
1274 100 960,600,1224,1224
1275 100 960,600,1224,1224
1276 100 960,600,1224,1200
1277 100 960,600,1224,1200
1278 100 960,600,1224,1200
1279 100 960,600,1224,1200
1280 100 960,600,1224,1200
1281 100 936,600,1224,1200
1282 100 936,600,1224,1200
1283 100 936,600,1224,1200
1284 100 936,600,1224,1200
1285 100 960,600,1224,1200
1286 100 960,600,1224,1200
1287 100 960,600,1224,1200
1288 100 936,576,1224,1224
1289 100 936,576,1224,1224
1290 100 936,576,1224,1224
1291 100 936,576,1224,1224
1292 100 936,576,1224,1224
1293 100 936,576,1224,1224
1294 100 936,576,1224,1224
1295 100 936,576,1224,1224
1296 100 936,600,1224,1200
1297 100 936,600,1224,1200
1298 100 936,576,1224,1224
1299 100 936,576,1224,1224
1300 100 936,576,1224,1224
1301 100 936,600,1224,1200
1302 100 936,600,1224,1200
1303 100 936,600,1224,1200
1304 100 936,600,1224,1200
1305 100 936,600,1224,1200
1306 100 912,600,1224,1200
1307 100 912,600,1224,1200
1308 100 912,600,1224,1200
1309 100 912,600,1224,1200
1310 100 912,600,1224,1200
1311 100 912,600,1224,1200
1312 100 912,600,1224,1200
1313 100 888,600,1224,1200
1314 100 888,600,1224,1200
1315 100 888,600,1224,1200
1316 100 888,600,1224,1200
1317 100 888,600,1224,1200
1318 100 888,600,1224,1200
1319 100 888,600,1224,1200
1320 100 888,600,1224,1200
1321 100 888,600,1224,1200
1322 100 888,600,1224,1200
1323 100 888,600,1224,1200
1324 100 888,600,1224,1200
1325 100 888,600,1224,1200
1326 100 888,600,1224,1200
1327 100 888,600,1224,1200
1328 100 888,600,1224,1200
1329 100 888,600,1224,1200
1330 100 888,600,1224,1200
1331 100 888,600,1224,1200
1332 100 888,600,1224,1200
1333 100 888,600,1224,1200
1334 100 888,600,1224,1200
1335 100 888,600,1224,1200
1336 100 888,600,1224,1200
1337 100 888,600,1224,1200
1338 100 888,600,1224,1200
1339 100 888,600,1224,1200
1340 100 888,600,1224,1200
1341 100 888,600,1224,1200
1342 100 888,600,1224,1200
1343 100 888,600,1224,1200
1344 100 912,600,1224,1200
1345 100 912,600,1224,1200
1346 100 912,600,1224,1200
1347 100 936,600,1224,1200
1348 100 936,600,1224,1200
1349 100 936,600,1224,1200
1350 100 936,600,1224,1200
1351 100 960,600,1224,1200
1352 100 960,600,1224,1200
1353 100 960,600,1224,1224
1354 100 960,600,1224,1224
1355 100 960,600,1224,1224
1356 100 960,624,1224,1200
1357 100 960,624,1224,1200
1358 100 960,624,1224,1200
1359 100 984,624,1224,1200
1360 100 984,624,1224,1200
1361 100 984,624,1224,1200
1362 100 984,624,1224,1200
1363 100 984,624,1224,1200
1364 100 984,624,1224,1200
1365 100 984,624,1224,1200
1366 100 1008,624,1224,1200
1367 100 1008,624,1224,1200
1368 100 1008,624,1224,1200
1369 100 1008,624,1224,1224
1370 100 1008,624,1224,1224
1371 100 1008,624,1224,1224
1372 100 1008,624,1224,1224
1373 100 1008,624,1224,1224
1374 100 1008,648,1224,1200
1375 100 1008,648,1224,1200
1376 100 1008,648,1224,1200
1377 100 1008,648,1224,1200
1378 100 1008,648,1224,1200
1379 100 1008,648,1224,1200
1380 100 1008,648,1224,1200
1381 100 1008,648,1224,1200
1382 100 1008,648,1224,1200
1383 100 1032,648,1224,1200
1384 100 1032,648,1224,1200
1385 100 1032,648,1224,1200
1386 100 1032,648,1224,1200
1387 100 1032,648,1224,1200
1388 100 1032,648,1224,1200
1389 100 1032,648,1224,1200
1390 100 1032,648,1224,1200
1391 100 1032,648,1224,1200
1392 100 1032,648,1224,1200
1393 100 1032,648,1224,1200
1394 100 1032,648,1224,1200
1395 100 1032,648,1224,1200
1396 100 1032,648,1224,1200
1397 100 1032,648,1224,1200
1398 100 1032,648,1224,1200
1399 100 1056,648,1224,1200
1400 100 1056,648,1224,1200
1401 100 1056,648,1224,1224
1402 100 1056,648,1224,1224
1403 100 1056,648,1224,1224
1404 100 1056,648,1224,1224
1405 100 1056,648,1224,1224
1406 100 1056,672,1224,1200
1407 100 1056,672,1224,1200
1408 100 1080,672,1224,1200
1409 100 1080,672,1224,1200
1410 100 1080,672,1224,1200
1411 100 1080,672,1224,1200
1412 100 1080,672,1224,1200
1413 100 1080,672,1224,1224
1414 100 1080,672,1224,1224
1415 100 1080,696,1224,1200
1416 100 1080,696,1224,1200
1417 100 1080,696,1224,1200
1418 100 1080,696,1224,1200
1419 100 1080,696,1224,1224
1420 100 1080,696,1224,1224
1421 100 1080,720,1224,1200
1422 100 1080,720,1224,1200
1423 100 1104,720,1224,1200
1424 100 1104,720,1224,1200
1425 100 1104,720,1224,1224
1426 100 1104,720,1224,1224
1427 100 1104,720,1224,1224
1428 100 1128,744,1224,1200
1429 100 1128,744,1224,1200
1430 100 1128,744,1224,1200
1431 100 1128,744,1224,1200
1432 100 1128,744,1224,1224
1433 100 1128,744,1224,1224
1434 100 1152,744,1224,1224
1435 100 1152,744,1224,1224
1436 100 1152,768,1224,1200
1437 100 1152,768,1224,1200
1438 100 1152,768,1224,1200
1439 100 1152,768,1224,1200
1440 100 1152,768,1224,1200
1441 100 1152,768,1224,1200
1442 100 1152,768,1224,1200
1443 100 1152,768,1224,1200
1444 100 1152,768,1224,1200
1445 100 1152,768,1224,1200
1446 100 1152,768,1224,1200
1447 100 1152,768,1224,1200
1448 100 1152,768,1224,1200
1449 100 1152,768,1224,1200
1450 100 1152,768,1224,1200
1451 100 1152,768,1224,1200
1452 100 1152,768,1224,1200
1453 100 1152,768,1224,1200
1454 100 1152,768,1224,1200
1455 100 1152,768,1224,1200
1456 100 1152,768,1224,1224
1457 100 1128,768,1224,1224
1458 100 1128,768,1224,1224
1459 100 1128,792,1224,1200
1460 100 1128,792,1224,1200
1461 100 1104,792,1224,1224
1462 100 1104,792,1224,1224
1463 100 1104,792,1224,1224
1464 100 1104,792,1224,1224
1465 100 1104,792,1224,1224
1466 100 1104,792,1224,1224
1467 100 1104,792,1224,1224
1468 100 1104,792,1224,1224
1469 100 1104,792,1224,1224
1470 100 1104,792,1224,1224
1471 100 1104,816,1224,1200
1472 100 1104,792,1224,1224
1473 100 1104,816,1224,1200
1474 100 1104,792,1224,1224
1475 100 1128,816,1224,1200
1476 100 1104,816,1224,1200
1477 100 1104,816,1224,1200
1478 100 1128,816,1224,1200
1479 100 1104,816,1224,1200
1480 100 1128,816,1224,1200
1481 100 1128,816,1224,1200
1482 100 1128,792,1224,1224
1483 100 1128,792,1224,1224
1484 100 1128,792,1224,1224
1485 100 1128,792,1224,1200
1486 100 1128,792,1224,1200
1487 100 1128,792,1224,1200
1488 100 1128,792,1224,1200
1489 100 1128,792,1224,1200
1490 100 1128,792,1224,1200
1491 100 1152,792,1224,1200
1492 100 1152,792,1224,1200
1493 100 1152,792,1224,1200
1494 100 1152,792,1224,1200
1495 100 1152,768,1224,1224
1496 100 1152,768,1224,1224
1497 100 1152,768,1224,1200
1498 100 1152,768,1224,1200
1499 100 1152,768,1224,1200
1500 100 1152,744,1224,1224
1501 100 1176,744,1224,1224
1502 100 1176,744,1224,1200
1503 100 1176,744,1224,1200
1504 100 1176,744,1224,1200
1505 100 1176,744,1224,1200
1506 100 1176,744,1224,1200
1507 100 1176,744,1224,1200
1508 100 1176,744,1224,1200
1509 100 1176,744,1224,1200
1510 100 1176,720,1224,1224
1511 100 1176,720,1224,1224
1512 100 1176,720,1224,1200
1513 100 1176,720,1224,1200
1514 100 1200,720,1224,1200
1515 100 1200,720,1224,1200
1516 100 1200,720,1224,1200
1517 100 1200,696,1224,1224
1518 100 1200,696,1224,1200
1519 100 1200,696,1224,1200
1520 100 1200,696,1224,1200
1521 100 1200,696,1224,1200
1522 100 1200,696,1224,1200
1523 100 1200,696,1224,1200
1524 100 1200,696,1224,1200
1525 100 1224,672,1224,1224
1526 100 1224,672,1224,1224
1527 100 1224,672,1224,1224
1528 100 1224,672,1224,1200
1529 100 1224,672,1224,1200
1530 100 1224,672,1224,1200
1531 100 1224,672,1224,1200
1532 100 1224,672,1224,1200
1533 100 1224,672,1224,1200
1534 100 1224,672,1224,1200
1535 100 1224,648,1224,1224
1536 100 1224,648,1224,1224
1537 100 1224,648,1224,1200
1538 100 1224,648,1224,1200
1539 100 1224,648,1224,1200
1540 100 1248,648,1224,1200
1541 100 1248,648,1224,1200
1542 100 1248,624,1224,1224
1543 100 1248,624,1224,1224
1544 100 1248,624,1224,1200
1545 100 1248,624,1224,1200
1546 100 1248,624,1224,1200
1547 100 1248,624,1224,1200
1548 100 1272,600,1224,1224
1549 100 1272,600,1224,1200
1550 100 1272,600,1224,1200
1551 100 1272,600,1224,1200
1552 100 1272,600,1224,1200
1553 100 1272,576,1224,1224
1554 100 1272,576,1224,1200
1555 100 1272,576,1224,1200
1556 100 1296,576,1224,1200
1557 100 1296,552,1224,1224
1558 100 1296,552,1224,1200
1559 100 1296,552,1224,1200
1560 100 1296,552,1224,1200
1561 100 1320,528,1224,1224
1562 100 1320,528,1224,1200
1563 100 1320,528,1224,1200
1564 100 1320,528,1224,1200
1565 100 1320,528,1224,1200
1566 100 1320,528,1224,1200
1567 100 1320,528,1224,1200
1568 100 1320,528,1224,1200
1569 100 1320,528,1224,1200
1570 100 1320,504,1224,1224
1571 100 1320,504,1224,1200
1572 100 1320,504,1224,1200
1573 100 1320,504,1224,1200
1574 100 1320,504,1224,1200
1575 100 1320,480,1224,1224
1576 100 1320,480,1224,1224
1577 100 1320,480,1224,1224
1578 100 1320,480,1224,1224
1579 100 1320,480,1224,1224
1580 100 1320,480,1224,1224
1581 100 1320,480,1224,1224
1582 100 1344,504,1224,1200
1583 100 1344,504,1224,1200
1584 100 1344,504,1224,1200
1585 100 1368,504,1224,1200
1586 100 1368,504,1224,1224
1587 100 1368,528,1224,1200
1588 100 1392,528,1224,1200
1589 100 1392,528,1224,1200
1590 100 1392,528,1224,1200
1591 100 1392,528,1224,1224
1592 100 1392,552,1224,1200
1593 100 1416,552,1224,1200
1594 100 1416,552,1224,1224
1595 100 1416,576,1224,1200
1596 100 1416,576,1224,1200
1597 100 1416,576,1224,1200
1598 100 1416,576,1224,1200
1599 100 1440,576,1224,1200
1600 100 1440,576,1224,1200
1601 100 1440,576,1224,1200
1602 100 1440,576,1224,1200
1603 100 1440,576,1224,1200
1604 100 1440,576,1224,1200
1605 100 1440,576,1224,1200
1606 100 1440,576,1224,1200
1607 100 1440,576,1224,1200
1608 100 1488,552,1224,1200
1609 100 1488,552,1224,1200
1610 100 1488,552,1224,1200
1611 100 1488,528,1224,1224
1612 100 1488,528,1224,1224
1613 100 1488,552,1224,1200
1614 100 1488,528,1224,1224
1615 100 1488,528,1224,1224
1616 100 1488,528,1224,1224
1617 100 1488,528,1224,1224
1618 100 1488,552,1224,1200
1619 100 1512,552,1224,1200
1620 100 1512,552,1224,1200
1621 100 1512,552,1224,1200
1622 100 1512,552,1224,1200
1623 100 1512,552,1224,1200
1624 100 1512,552,1224,1224
1625 100 1512,576,1224,1200
1626 100 1512,576,1224,1224
1627 100 1512,600,1224,1200
1628 100 1488,600,1224,1200
1629 100 1488,600,1224,1224
1630 100 1488,624,1224,1200
1631 100 1488,624,1224,1200
1632 100 1464,624,1224,1224
1633 100 1440,648,1224,1200
1634 100 1440,648,1224,1224
1635 100 1416,672,1224,1200
1636 100 1392,672,1224,1224
1637 100 1392,672,1224,1224
1638 100 1368,672,1224,1224
1639 100 1368,696,1224,1200
1640 100 1344,696,1224,1224
1641 100 1344,696,1224,1224
1642 100 1344,696,1224,1224
1643 100 1320,696,1224,1224
1644 100 1296,720,1224,1224
1645 100 1296,720,1224,1224
1646 100 1296,720,1224,1224
1647 100 1296,720,1224,1224
1648 100 1296,720,1224,1224
1649 100 1296,720,1224,1224
1650 100 1296,720,1224,1224
1651 100 1296,720,1224,1224
1652 100 1296,720,1224,1224
1653 100 1296,720,1224,1224
1654 100 1296,720,1224,1224
1655 100 1296,720,1224,1224
1656 100 1272,720,1224,1224
1657 100 1272,720,1224,1224
1658 100 1272,720,1224,1224
1659 100 1272,720,1224,1224
1660 100 1272,720,1224,1224
1661 100 1272,720,1224,1224
1662 100 1272,720,1224,1224
1663 100 1272,696,1224,1248
1664 100 1272,696,1224,1248
1665 100 1296,696,1224,1248
1666 100 1296,696,1224,1248
1667 100 1272,696,1224,1248
1668 100 1272,720,1224,1224
1669 100 1272,720,1224,1224
1670 100 1272,696,1224,1248
1671 100 1272,696,1224,1224
1672 100 1272,696,1224,1224
1673 100 1272,696,1224,1224
1674 100 1272,696,1224,1224
1675 100 1272,696,1224,1224
1676 100 1272,696,1224,1224
1677 100 1296,672,1224,1224
1678 100 1272,672,1224,1224
1679 100 1296,672,1224,1224
1680 100 1296,648,1224,1224
1681 100 1296,648,1224,1224
1682 100 1296,648,1224,1200
1683 100 1320,624,1224,1224
1684 100 1320,624,1224,1224
1685 100 1320,624,1224,1200
1686 100 1320,600,1224,1224
1687 100 1320,600,1224,1224
1688 100 1320,600,1224,1224
1689 100 1320,600,1224,1200
1690 100 1320,576,1224,1224
1691 100 1344,576,1224,1200
1692 100 1320,552,1224,1224
1693 100 1320,552,1224,1200
1694 100 1320,552,1224,1200
1695 100 1320,528,1224,1224
1696 100 1320,528,1224,1224
1697 100 1320,528,1224,1200
1698 100 1320,528,1224,1200
1699 100 1320,504,1224,1224
1700 100 1296,504,1224,1224
1701 100 1320,504,1224,1200
1702 100 1320,504,1224,1200
1703 100 1320,504,1224,1200
1704 100 1320,504,1224,1200
1705 100 1320,504,1224,1200
1706 100 1320,504,1224,1200
1707 100 1320,504,1224,1200
1708 100 1320,504,1224,1200
1709 100 1320,504,1224,1200
1710 100 1320,504,1224,1200
1711 100 1320,480,1224,1224
1712 100 1320,480,1224,1224
1713 100 1320,480,1224,1200
1714 100 1320,480,1224,1200
1715 100 1320,480,1224,1200
1716 100 1320,456,1224,1224
1717 100 1320,456,1224,1224
1718 100 1320,456,1224,1224
1719 100 1320,456,1224,1224
1720 100 1320,456,1224,1224
1721 100 1320,456,1224,1224
1722 100 1320,456,1224,1224
1723 100 1320,456,1224,1224
1724 100 1320,480,1224,1200
1725 100 1320,480,1224,1200
1726 100 1320,480,1224,1200
1727 100 1320,480,1224,1200
1728 100 1320,480,1224,1224
1729 100 1320,480,1224,1224
1730 100 1320,504,1224,1200
1731 100 1320,504,1224,1200
1732 100 1320,504,1224,1200
1733 100 1344,504,1224,1224
1734 100 1344,528,1224,1200
1735 100 1344,528,1224,1224
1736 100 1344,552,1224,1224
1737 100 1344,576,1224,1200
1738 100 1320,600,1224,1200
1739 100 1320,600,1224,1200
1740 100 1320,600,1224,1224
1741 100 1320,624,1224,1200
1742 100 1320,624,1224,1200
1743 100 1320,624,1224,1200
1744 100 1320,624,1224,1224
1745 100 1296,648,1224,1200
1746 100 1296,648,1224,1200
1747 100 1296,672,1224,1200
1748 100 1296,672,1224,1200
1749 100 1272,672,1224,1224
1750 100 1272,696,1224,1200
1751 100 1272,696,1224,1200
1752 100 1272,696,1224,1200
1753 100 1272,696,1224,1224
1754 100 1296,696,1224,1224
1755 100 1272,720,1224,1200
1756 100 1296,720,1224,1200
1757 100 1296,720,1224,1200
1758 100 1296,720,1224,1200
1759 100 1296,720,1224,1200
1760 100 1296,720,1224,1200
1761 100 1296,720,1224,1224
1762 100 1296,720,1224,1224
1763 100 1296,744,1224,1200
1764 100 1320,744,1224,1200
1765 100 1320,744,1224,1200
