0 100 24,480,1224,1224
1 100 24,504,1224,1200
2 100 24,480,1224,1224
3 100 24,504,1224,1200
4 100 24,504,1224,1200
5 100 24,504,1224,1200
6 100 24,504,1224,1200
7 100 24,480,1224,1224
8 100 24,480,1224,1224
9 100 48,480,1224,1224
10 100 24,504,1224,1200
11 100 24,504,1224,1200
12 100 0,504,1224,1200
13 100 3504,504,1224,1200
14 100 3456,504,1224,1200
15 100 120,504,1224,1224
16 100 0,528,1224,1200
17 100 120,528,1224,1224
18 100 3432,552,1224,1200
19 100 3432,576,1224,1200
20 100 0,600,1224,1200
21 100 3432,624,1224,1200
22 100 24,648,1224,1200
23 100 24,672,1224,1200
24 100 96,672,1224,1224
25 100 3384,696,1224,1200
26 100 3360,696,1224,1200
27 100 3360,696,1224,1200
28 100 3336,696,1224,1200
29 100 3336,696,1224,1200
30 100 3312,696,1224,1200
31 100 120,696,1224,1224
32 100 72,696,1224,1224
33 100 48,696,1224,1224
34 100 24,720,1224,1200
35 100 0,720,1224,1200
36 100 0,720,1224,1200
37 100 3480,720,1224,1200
38 100 3456,720,1224,1200
39 100 3384,720,1224,1200
40 100 96,720,1224,1224
41 100 3528,720,1224,1224
42 100 3408,744,1224,1200
43 100 0,744,1224,1224
44 100 3384,768,1224,1200
45 100 24,768,1224,1224
46 100 3456,792,1224,1200
47 100 3336,792,1224,1200
48 100 3360,792,1224,1200
49 100 3456,792,1224,1200
50 100 3600,768,1224,1224
51 100 3360,768,1224,1200
52 100 3312,744,1224,1200
53 100 3480,744,1224,1200
54 100 3576,720,1224,1224
55 100 3312,720,1224,1200
56 100 3360,720,1224,1200
57 100 3360,720,1224,1200
58 100 3408,720,1224,1200
59 100 3528,720,1224,1200
60 100 48,696,1224,1224
61 100 3384,696,1224,1200
62 100 3528,696,1224,1200
63 100 3360,672,1224,1200
64 100 3456,672,1224,1200
65 100 3528,672,1224,1200
66 100 24,648,1224,1224
67 100 3384,648,1224,1200
68 100 3480,648,1224,1200
69 100 24,624,1224,1224
70 100 3480,624,1224,1200
71 100 3360,600,1224,1200
72 100 24,600,1224,1200
73 100 3432,576,1224,1200
74 100 3384,552,1224,1200
75 100 72,552,1224,1200
76 100 24,528,1224,1200
77 100 72,528,1224,1200
78 100 0,504,1224,1224
79 100 48,504,1224,1224
80 100 72,504,1224,1224
81 100 0,504,1224,1224
82 100 24,504,1224,1224
83 100 48,504,1224,1224
84 100 0,504,1224,1224
85 100 0,504,1224,1200
86 100 0,504,1224,1200
87 100 0,480,1224,1200
88 100 24,480,1224,1200
89 100 24,480,1224,1200
90 100 24,480,1224,1200
91 100 0,480,1224,1200
92 100 24,480,1224,1200
93 100 72,480,1224,1200
94 100 96,480,1224,1224
95 100 144,504,1224,1200
96 100 168,504,1224,1200
97 100 192,528,1224,1200
98 100 240,528,1224,1200
99 100 264,528,1224,1224
100 100 288,528,1224,1224
101 100 336,552,1224,1200
102 100 384,552,1224,1200
103 100 432,552,1224,1200
104 100 456,552,1224,1200
105 100 504,552,1224,1200
106 100 528,552,1224,1200
107 100 552,552,1224,1224
108 100 600,552,1224,1224
109 100 624,552,1224,1224
110 100 672,576,1224,1200
111 100 696,576,1224,1200
112 100 744,600,1224,1200
113 100 768,600,1224,1200
114 100 792,624,1224,1200
115 100 816,624,1224,1224
116 100 840,648,1224,1200
117 100 864,648,1224,1224
118 100 912,672,1224,1200
119 100 936,672,1224,1200
120 100 960,672,1224,1200
121 100 984,648,1224,1224
122 100 1008,648,1224,1200
123 100 1032,648,1224,1200
124 100 1032,624,1224,1224
125 100 1056,624,1224,1200
126 100 1080,600,1224,1224
127 100 1080,600,1224,1200
128 100 1080,576,1224,1224
129 100 1080,576,1224,1224
130 100 1080,576,1224,1224
131 100 1080,576,1224,1224
132 100 1080,576,1224,1224
133 100 1056,576,1224,1224
134 100 1056,576,1224,1224
135 100 1032,576,1224,1224
136 100 1032,576,1224,1200
137 100 1008,576,1224,1200
138 100 984,576,1224,1200
139 100 936,576,1224,1200
140 100 912,576,1224,1200
141 100 888,576,1224,1200
142 100 840,576,1224,1200
143 100 816,576,1224,1200
144 100 768,552,1224,1200
145 100 720,552,1224,1200
146 100 672,552,1224,1200
147 100 648,552,1224,1224
148 100 600,552,1224,1224
149 100 576,552,1224,1224
150 100 528,576,1224,1200
151 100 480,576,1224,1200
152 100 456,576,1224,1224
153 100 408,600,1224,1200
154 100 384,600,1224,1200
155 100 360,600,1224,1200
156 100 336,600,1224,1200
157 100 288,624,1224,1200
158 100 264,624,1224,1224
159 100 216,648,1224,1200
160 100 192,648,1224,1200
161 100 168,624,1224,1224
162 100 168,624,1224,1224
163 100 144,648,1224,1200
164 100 144,648,1224,1200
165 100 144,672,1224,1200
166 100 144,672,1224,1200
167 100 168,672,1224,1224
168 100 192,672,1224,1224
169 100 216,672,1224,1224
170 100 240,672,1224,1200
171 100 264,672,1224,1200
172 100 312,672,1224,1200
173 100 360,648,1224,1224
174 100 408,648,1224,1200
175 100 456,648,1224,1200
176 100 480,624,1224,1224
177 100 528,648,1224,1200
178 100 576,624,1224,1224
179 100 600,648,1224,1200
180 100 624,648,1224,1200
181 100 648,648,1224,1200
182 100 672,648,1224,1200
183 100 672,648,1224,1200
184 100 696,648,1224,1200
185 100 744,648,1224,1200
186 100 768,648,1224,1200
187 100 816,648,1224,1200
188 100 840,648,1224,1200
189 100 864,648,1224,1200
190 100 864,648,1224,1200
191 100 888,648,1224,1224
192 100 888,672,1224,1200
193 100 912,648,1224,1224
194 100 912,648,1224,1200
195 100 936,648,1224,1200
196 100 960,624,1224,1224
197 100 960,624,1224,1224
198 100 960,648,1224,1200
199 100 960,648,1224,1200
200 100 960,648,1224,1200
201 100 960,624,1224,1224
202 100 960,624,1224,1200
203 100 960,624,1224,1200
204 100 960,624,1224,1200
205 100 936,624,1224,1200
206 100 936,624,1224,1200
207 100 936,624,1224,1200
208 100 912,624,1224,1224
209 100 912,624,1224,1224
210 100 888,624,1224,1224
211 100 888,624,1224,1224
212 100 864,624,1224,1224
213 100 864,624,1224,1224
214 100 864,624,1224,1200
215 100 864,624,1224,1200
216 100 840,624,1224,1200
217 100 840,600,1224,1224
218 100 840,600,1224,1224
219 100 816,600,1224,1200
220 100 792,600,1224,1200
221 100 768,600,1224,1224
222 100 744,600,1224,1224
223 100 720,624,1224,1200
224 100 696,624,1224,1200
225 100 672,648,1224,1200
226 100 648,648,1224,1200
227 100 600,672,1224,1200
228 100 576,672,1224,1224
229 100 552,696,1224,1200
230 100 504,696,1224,1200
231 100 456,696,1224,1224
232 100 408,720,1224,1200
233 100 360,720,1224,1200
234 100 312,720,1224,1200
235 100 240,720,1224,1200
236 100 216,696,1224,1224
237 100 168,696,1224,1224
238 100 120,696,1224,1224
239 100 72,696,1224,1224
240 100 48,696,1224,1200
241 100 0,696,1224,1200
242 100 0,672,1224,1224
243 100 24,672,1224,1200
244 100 0,672,1224,1224
245 100 24,696,1224,1200
246 100 0,672,1224,1224
247 100 24,672,1224,1224
248 100 48,696,1224,1200
249 100 24,696,1224,1200
250 100 24,672,1224,1224
251 100 0,672,1224,1224
252 100 0,672,1224,1224
253 100 72,672,1224,1224
254 100 72,672,1224,1224
255 100 0,672,1224,1200
256 100 24,648,1224,1224
257 100 72,648,1224,1224
258 100 48,648,1224,1224
259 100 48,648,1224,1224
260 100 0,672,1224,1200
261 100 72,672,1224,1200
262 100 0,672,1224,1200
263 100 72,648,1224,1200
264 100 0,648,1224,1200
265 100 48,624,1224,1200
266 100 0,624,1224,1200
267 100 24,600,1224,1224
268 100 0,600,1224,1224
269 100 0,600,1224,1224
270 100 144,600,1224,1224
271 100 120,600,1224,1224
272 100 72,624,1224,1200
273 100 72,624,1224,1200
274 100 144,600,1224,1224
275 100 3408,600,1224,1200
276 100 0,600,1224,1200
277 100 24,600,1224,1200
278 100 48,576,1224,1224
279 100 96,576,1224,1224
280 100 3384,576,1224,1200
281 100 3432,576,1224,1200
282 100 3432,576,1224,1200
283 100 3432,576,1224,1200
284 100 3432,576,1224,1200
285 100 3600,600,1224,1200
286 100 3432,600,1224,1200
287 100 3504,624,1224,1200
288 100 3648,624,1224,1224
289 100 3432,648,1224,1200
290 100 3360,648,1224,1200
291 100 3648,648,1224,1224
292 100 3648,648,1224,1224
293 100 3648,648,1224,1224
294 100 3600,648,1224,1224
295 100 3552,672,1224,1200
296 100 3504,672,1224,1200
297 100 3480,672,1224,1200
298 100 3576,648,1224,1224
299 100 3336,648,1224,1224
300 100 3384,648,1224,1200
301 100 3576,624,1224,1224
302 100 3696,624,1224,1224
303 100 3432,624,1224,1200
304 100 3600,600,1224,1224
305 100 3456,600,1224,1200
306 100 3600,600,1224,1200
307 100 3408,576,1224,1200
308 100 3480,576,1224,1200
309 100 3648,552,1224,1224
310 100 3528,552,1224,1200
311 100 3648,528,1224,1224
312 100 3456,528,1224,1200
313 100 3552,528,1224,1200
314 100 3576,528,1224,1200
315 100 3528,528,1224,1200
316 100 3504,528,1224,1200
317 100 3552,528,1224,1200
318 100 3504,528,1224,1200
319 100 3504,528,1224,1200
320 100 3456,528,1224,1200
321 100 3456,528,1224,1200
322 100 3504,528,1224,1200
323 100 3624,504,1224,1224
324 100 3408,504,1224,1200
325 100 3480,504,1224,1200
326 100 3600,480,1224,1224
327 100 3360,480,1224,1224
328 100 3432,480,1224,1200
329 100 3408,480,1224,1200
330 100 3336,480,1224,1224
331 100 3528,504,1224,1200
332 100 3456,504,1224,1200
333 100 3408,504,1224,1200
334 100 3456,504,1224,1200
335 100 3288,504,1224,1200
336 100 3456,504,1224,1200
337 100 3408,504,1224,1200
338 100 3312,504,1224,1224
339 100 3456,528,1224,1200
340 100 3384,528,1224,1200
341 100 3384,528,1224,1200
342 100 3384,528,1224,1224
343 100 3360,528,1224,1224
344 100 3336,528,1224,1224
345 100 3288,552,1224,1200
346 100 3384,552,1224,1200
347 100 3336,552,1224,1224
348 100 3360,552,1224,1224
349 100 3312,552,1224,1224
350 100 3432,576,1224,1200
351 100 3504,576,1224,1224
352 100 3360,600,1224,1224
353 100 3576,600,1224,1224
354 100 3624,600,1224,1224
355 100 3600,600,1224,1224
356 100 3552,600,1224,1224
357 100 3504,624,1224,1200
358 100 3552,600,1224,1224
359 100 3408,600,1224,1200
360 100 24,600,1224,1200
361 100 0,600,1224,1200
362 100 0,600,1224,1200
363 100 24,576,1224,1224
364 100 0,576,1224,1224
365 100 0,576,1224,1224
366 100 0,576,1224,1224
367 100 72,600,1224,1200
368 100 120,600,1224,1200
369 100 168,600,1224,1200
370 100 216,600,1224,1224
371 100 264,624,1224,1200
372 100 312,624,1224,1200
373 100 384,624,1224,1200
374 100 432,624,1224,1200
375 100 504,624,1224,1200
376 100 552,624,1224,1200
377 100 576,624,1224,1200
378 100 624,624,1224,1200
379 100 672,624,1224,1200
380 100 696,624,1224,1200
381 100 744,624,1224,1200
382 100 768,624,1224,1200
383 100 816,624,1224,1200
384 100 840,624,1224,1200
385 100 864,624,1224,1224
386 100 888,648,1224,1200
387 100 912,624,1224,1224
388 100 936,624,1224,1224
389 100 936,624,1224,1224
390 100 960,624,1224,1224
391 100 984,648,1224,1200
392 100 1008,624,1224,1224
393 100 1032,648,1224,1200
394 100 1032,648,1224,1200
395 100 1056,648,1224,1200
396 100 1056,648,1224,1200
397 100 1080,648,1224,1200
398 100 1080,624,1224,1224
399 100 1104,624,1224,1224
400 100 1104,624,1224,1224
401 100 1104,624,1224,1224
402 100 1104,624,1224,1224
403 100 1104,624,1224,1224
404 100 1104,648,1224,1200
405 100 1104,648,1224,1224
406 100 1080,672,1224,1224
407 100 1056,720,1224,1200
408 100 1032,768,1224,1224
409 100 984,840,1224,1200
410 100 960,864,1224,1200
411 100 912,864,1224,1224
412 100 912,864,1224,1200
413 100 912,864,1224,1200
414 100 912,840,1224,1200
415 100 912,816,1224,1224
416 100 912,792,1224,1224
417 100 888,792,1224,1200
418 100 864,768,1224,1200
419 100 840,768,1224,1200
420 100 816,744,1224,1200
421 100 792,720,1224,1200
422 100 768,696,1224,1200
423 100 768,672,1224,1224
424 100 744,672,1224,1224
425 100 720,672,1224,1200
426 100 696,672,1224,1200
427 100 672,648,1224,1224
428 100 648,648,1224,1200
429 100 624,648,1224,1200
430 100 600,624,1224,1224
431 100 576,624,1224,1200
432 100 552,600,1224,1200
433 100 528,600,1224,1200
434 100 480,576,1224,1200
435 100 432,552,1224,1200
436 100 384,552,1224,1200
437 100 336,528,1224,1224
438 100 288,552,1224,1200
439 100 240,528,1224,1224
440 100 192,528,1224,1224
441 100 144,528,1224,1224
442 100 96,528,1224,1224
443 100 72,552,1224,1200
444 100 24,576,1224,1200
445 100 0,576,1224,1224
446 100 0,600,1224,1200
447 100 24,624,1224,1200
448 100 24,648,1224,1224
449 100 0,696,1224,1200
450 100 0,720,1224,1200
451 100 48,744,1224,1200
452 100 48,744,1224,1224
453 100 24,744,1224,1224
454 100 0,744,1224,1200
455 100 72,720,1224,1224
456 100 0,696,1224,1200
457 100 48,672,1224,1224
458 100 24,672,1224,1200
459 100 24,672,1224,1200
460 100 24,672,1224,1200
461 100 72,648,1224,1224
462 100 24,648,1224,1200
463 100 0,624,1224,1224
464 100 48,624,1224,1200
465 100 0,600,1224,1200
466 100 48,600,1224,1200
467 100 24,576,1224,1200
468 100 0,576,1224,1200
469 100 24,576,1224,1200
470 100 0,552,1224,1200
471 100 0,552,1224,1200
472 100 24,528,1224,1224
473 100 24,528,1224,1200
474 100 0,528,1224,1200
475 100 0,504,1224,1224
476 100 24,504,1224,1200
477 100 0,480,1224,1224
478 100 0,480,1224,1200
479 100 0,480,1224,1200
480 100 0,480,1224,1200
481 100 0,480,1224,1200
482 100 0,480,1224,1200
483 100 0,480,1224,1200
484 100 24,480,1224,1224
485 100 24,504,1224,1200
486 100 24,528,1224,1200
487 100 48,552,1224,1200
488 100 48,576,1224,1200
489 100 48,600,1224,1200
490 100 48,624,1224,1200
491 100 72,624,1224,1224
492 100 72,648,1224,1200
493 100 96,672,1224,1200
494 100 96,672,1224,1224
495 100 120,696,1224,1224
496 100 120,696,1224,1224
497 100 144,720,1224,1200
498 100 144,744,1224,1200
499 100 144,744,1224,1200
500 100 144,744,1224,1224
501 100 144,744,1224,1224
502 100 168,744,1224,1224
503 100 192,744,1224,1224
504 100 240,744,1224,1224
505 100 264,744,1224,1200
506 100 312,744,1224,1200
507 100 336,744,1224,1200
508 100 384,720,1224,1224
509 100 408,720,1224,1200
510 100 432,720,1224,1200
511 100 456,696,1224,1224
512 100 480,696,1224,1200
513 100 480,696,1224,1200
514 100 504,696,1224,1224
515 100 504,696,1224,1200
516 100 504,696,1224,1200
517 100 528,672,1224,1224
518 100 552,672,1224,1200
519 100 552,672,1224,1200
520 100 576,648,1224,1224
521 100 576,648,1224,1224
522 100 576,648,1224,1224
523 100 576,648,1224,1224
524 100 576,672,1224,1200
525 100 552,648,1224,1224
526 100 552,648,1224,1200
527 100 528,648,1224,1200
528 100 528,648,1224,1200
529 100 504,648,1224,1200
530 100 504,648,1224,1200
531 100 480,648,1224,1200
532 100 456,648,1224,1200
533 100 432,648,1224,1200
534 100 408,648,1224,1200
535 100 408,648,1224,1224
536 100 384,672,1224,1200
537 100 384,672,1224,1224
538 100 360,696,1224,1200
539 100 360,696,1224,1200
540 100 336,696,1224,1224
541 100 336,696,1224,1224
542 100 336,696,1224,1224
543 100 336,720,1224,1200
544 100 336,744,1224,1200
545 100 312,744,1224,1200
546 100 312,768,1224,1200
547 100 288,768,1224,1200
548 100 312,744,1224,1224
549 100 312,744,1224,1200
550 100 288,744,1224,1224
551 100 288,768,1224,1200
552 100 264,792,1224,1200
553 100 264,792,1224,1200
554 100 264,792,1224,1200
555 100 264,792,1224,1200
556 100 264,768,1224,1224
557 100 264,768,1224,1200
558 100 264,768,1224,1200
559 100 288,744,1224,1200
560 100 288,720,1224,1224
561 100 288,720,1224,1200
562 100 288,696,1224,1224
563 100 288,672,1224,1224
564 100 312,672,1224,1200
565 100 312,648,1224,1224
566 100 312,672,1224,1200
567 100 312,672,1224,1224
568 100 312,720,1224,1200
569 100 336,744,1224,1200
570 100 336,768,1224,1200
571 100 384,792,1224,1224
572 100 432,816,1224,1224
573 100 480,840,1224,1200
574 100 528,864,1224,1200
575 100 576,864,1224,1200
576 100 648,864,1224,1224
577 100 720,888,1224,1200
578 100 792,888,1224,1224
579 100 840,912,1224,1200
580 100 864,912,1224,1224
581 100 912,936,1224,1200
582 100 936,936,1224,1200
583 100 960,912,1224,1224
584 100 984,912,1224,1200
585 100 1008,912,1224,1200
586 100 1056,888,1224,1224
587 100 1080,888,1224,1200
588 100 1080,912,1224,1200
589 100 1104,912,1224,1224
590 100 1104,936,1224,1200
591 100 1104,960,1224,1200
592 100 1128,960,1224,1200
593 100 1152,960,1224,1200
594 100 1176,984,1224,1176
595 100 0,1008,1224,1152
596 100 0,1032,1224,1128
597 100 0,1032,1224,1128
598 100 0,1032,1224,1128
599 100 0,1056,1224,1104
600 100 0,1056,1224,1104
601 100 0,1056,1224,1104
602 100 0,1056,1224,1104
603 100 0,1056,1224,1104
604 100 0,1056,1224,1104
605 100 0,1056,1224,1104
606 100 0,1056,1224,1104
607 100 0,1032,1224,1128
608 100 0,1008,1224,1152
609 100 384,1008,1224,1152
610 100 648,1008,1224,1152
611 100 912,1008,1224,1152
612 100 1128,984,1224,1176
613 100 1104,984,1224,1176
614 100 1056,960,1224,1200
615 100 1008,960,1224,1200
616 100 936,960,1224,1200
617 100 864,960,1224,1200
618 100 792,936,1224,1224
619 100 744,936,1224,1200
620 100 696,912,1224,1224
621 100 648,912,1224,1224
622 100 624,912,1224,1200
623 100 600,912,1224,1224
624 100 576,912,1224,1200
625 100 600,888,1224,1200
626 100 576,888,1224,1224
627 100 576,888,1224,1200
628 100 576,888,1224,1200
629 100 552,888,1224,1200
630 100 528,888,1224,1200
631 100 528,888,1224,1224
632 100 504,888,1224,1224
633 100 504,888,1224,1200
634 100 504,888,1224,1200
635 100 480,888,1224,1200
636 100 456,888,1224,1200
637 100 456,888,1224,1200
638 100 432,888,1224,1200
639 100 384,888,1224,1224
640 100 360,888,1224,1224
641 100 336,912,1224,1200
642 100 264,936,1224,1200
643 100 192,960,1224,1200
644 100 144,960,1224,1200
645 100 1104,984,1224,1176
646 100 0,1008,1224,1152
647 100 0,1008,1224,1152
648 100 0,1032,1224,1128
649 100 0,1032,1224,1128
650 100 0,1032,1224,1128
651 100 0,1032,1224,1128
652 100 0,1056,1224,1104
653 100 0,1080,1224,1080
654 100 0,1080,1224,1080
655 100 0,1104,1224,1056
656 100 0,1128,1224,1032
657 100 0,1128,1224,1032
658 100 0,1104,1224,1056
659 100 0,1104,1224,1056
660 100 0,1080,1224,1080
661 100 0,1056,1224,1104
662 100 0,1056,1224,1104
663 100 0,1032,1224,1128
664 100 0,1032,1224,1128
665 100 0,984,1224,1176
666 100 0,984,1224,1176
667 100 0,960,1224,1200
668 100 1848,936,1224,1224
669 100 0,912,1224,1248
670 100 0,912,1224,1248
671 100 48,888,1224,1272
672 100 96,888,1224,1272
673 100 168,864,1224,1272
674 100 240,864,1224,1248
675 100 312,840,1224,1272
676 100 312,840,1224,1248
677 100 360,840,1224,1248
678 100 408,816,1224,1248
679 100 456,816,1224,1224
680 100 480,816,1224,1224
681 100 504,816,1224,1224
682 100 552,792,1224,1248
683 100 600,792,1224,1224
684 100 624,792,1224,1224
685 100 672,792,1224,1200
686 100 696,768,1224,1200
687 100 720,744,1224,1224
688 100 720,768,1224,1200
689 100 744,768,1224,1224
690 100 744,768,1224,1224
691 100 792,744,1224,1200
692 100 840,720,1224,1200
693 100 864,696,1224,1224
694 100 888,696,1224,1224
695 100 912,696,1224,1224
696 100 912,720,1224,1224
697 100 912,744,1224,1200
698 100 936,720,1224,1224
699 100 960,720,1224,1200
700 100 984,696,1224,1224
701 100 1008,720,1224,1200
702 100 1008,720,1224,1200
703 100 1008,720,1224,1200
704 100 1008,720,1224,1200
705 100 1008,720,1224,1224
706 100 1008,744,1224,1200
707 100 1008,744,1224,1200
708 100 1008,744,1224,1200
709 100 1008,744,1224,1200
710 100 1008,768,1224,1200
711 100 1008,768,1224,1224
712 100 984,792,1224,1200
713 100 984,816,1224,1200
714 100 960,840,1224,1200
715 100 960,840,1224,1200
716 100 960,816,1224,1224
717 100 960,816,1224,1224
718 100 960,816,1224,1224
719 100 960,816,1224,1200
720 100 960,816,1224,1200
721 100 960,816,1224,1200
722 100 960,816,1224,1200
723 100 984,792,1224,1200
724 100 984,768,1224,1200
725 100 984,768,1224,1200
726 100 984,768,1224,1200
727 100 960,768,1224,1200
728 100 960,768,1224,1200
729 100 960,768,1224,1224
730 100 936,768,1224,1224
731 100 960,768,1224,1200
732 100 960,744,1224,1224
733 100 936,744,1224,1224
734 100 936,744,1224,1224
735 100 936,744,1224,1224
736 100 936,744,1224,1200
737 100 960,720,1224,1224
738 100 960,720,1224,1200
739 100 960,696,1224,1200
740 100 960,696,1224,1200
741 100 936,696,1224,1200
742 100 912,696,1224,1224
743 100 912,720,1224,1224
744 100 864,744,1224,1200
745 100 864,768,1224,1200
746 100 840,768,1224,1224
747 100 816,792,1224,1200
748 100 816,768,1224,1224
749 100 816,792,1224,1200
750 100 816,792,1224,1200
751 100 816,792,1224,1200
752 100 816,792,1224,1200
753 100 792,792,1224,1224
754 100 792,816,1224,1200
755 100 768,840,1224,1200
756 100 768,840,1224,1224
757 100 744,840,1224,1224
758 100 744,864,1224,1200
759 100 744,864,1224,1200
760 100 744,864,1224,1200
761 100 720,864,1224,1200
762 100 720,888,1224,1200
763 100 696,888,1224,1224
764 100 720,888,1224,1200
765 100 744,864,1224,1200
766 100 768,840,1224,1224
767 100 792,840,1224,1200
768 100 816,816,1224,1224
769 100 840,816,1224,1200
770 100 864,792,1224,1224
771 100 864,792,1224,1200
772 100 888,792,1224,1200
773 100 888,768,1224,1224
774 100 888,768,1224,1224
775 100 888,768,1224,1224
776 100 888,768,1224,1200
777 100 912,744,1224,1224
778 100 912,720,1224,1224
779 100 936,696,1224,1224
780 100 936,696,1224,1200
781 100 936,672,1224,1200
782 100 960,648,1224,1224
783 100 960,648,1224,1200
784 100 960,648,1224,1200
785 100 984,648,1224,1224
786 100 984,648,1224,1200
787 100 984,648,1224,1200
788 100 984,648,1224,1224
789 100 984,648,1224,1200
790 100 1008,624,1224,1224
791 100 1008,624,1224,1200
792 100 1008,624,1224,1200
793 100 1032,624,1224,1224
794 100 1032,648,1224,1224
795 100 1032,672,1224,1200
796 100 1008,672,1224,1200
797 100 1008,696,1224,1200
798 100 1008,672,1224,1224
799 100 1008,672,1224,1200
800 100 1032,672,1224,1224
801 100 1008,696,1224,1200
802 100 1008,696,1224,1200
803 100 1008,696,1224,1200
804 100 984,696,1224,1224
805 100 984,696,1224,1224
806 100 960,696,1224,1224
807 100 960,696,1224,1224
808 100 960,696,1224,1200
809 100 960,696,1224,1200
810 100 960,672,1224,1200
811 100 936,672,1224,1200
812 100 912,648,1224,1224
813 100 936,648,1224,1200
814 100 936,624,1224,1224
815 100 960,648,1224,1200
816 100 984,648,1224,1200
817 100 1008,624,1224,1224
818 100 1008,624,1224,1200
819 100 1008,624,1224,1200
820 100 1008,648,1224,1200
821 100 984,648,1224,1200
822 100 984,648,1224,1200
823 100 936,648,1224,1224
824 100 936,648,1224,1200
825 100 960,600,1224,1200
826 100 984,576,1224,1200
827 100 984,576,1224,1200
828 100 984,552,1224,1200
829 100 1008,552,1224,1200
830 100 1008,528,1224,1200
831 100 1032,528,1224,1200
832 100 1032,504,1224,1224
833 100 1032,528,1224,1200
834 100 1032,528,1224,1200
835 100 1032,528,1224,1200
836 100 1032,528,1224,1224
837 100 1032,552,1224,1200
838 100 1032,552,1224,1200
839 100 1056,528,1224,1224
840 100 1056,528,1224,1200
841 100 1056,552,1224,1200
842 100 1056,552,1224,1200
843 100 1056,528,1224,1224
844 100 1056,528,1224,1224
845 100 1056,552,1224,1200
846 100 1056,552,1224,1200
847 100 1056,576,1224,1200
848 100 1056,576,1224,1224
849 100 1056,600,1224,1200
850 100 1056,600,1224,1224
851 100 1056,600,1224,1224
852 100 1080,600,1224,1224
853 100 1080,600,1224,1200
854 100 1104,576,1224,1224
855 100 1128,576,1224,1200
856 100 1152,552,1224,1224
857 100 1176,552,1224,1200
858 100 1200,528,1224,1200
859 100 1176,480,1224,1224
860 100 1176,456,1224,1224
861 100 1176,432,1224,1224
862 100 1152,408,1224,1224
863 100 1152,408,1224,1224
864 100 1152,432,1224,1200
865 100 1152,456,1224,1200
866 100 1152,480,1224,1200
867 100 1152,480,1224,1200
868 100 1128,456,1224,1200
869 100 1128,456,1224,1200
870 100 1128,432,1224,1224
871 100 1128,432,1224,1200
872 100 1128,432,1224,1200
873 100 1128,432,1224,1200
874 100 1128,408,1224,1224
875 100 1128,408,1224,1224
876 100 1128,408,1224,1200
877 100 1152,408,1224,1200
878 100 1152,408,1224,1200
879 100 1152,408,1224,1200
880 100 1152,408,1224,1200
881 100 1152,408,1224,1200
882 100 1152,408,1224,1200
883 100 1152,384,1224,1224
884 100 1152,384,1224,1224
885 100 1152,384,1224,1200
886 100 1152,384,1224,1200
887 100 1152,360,1224,1200
888 100 1152,360,1224,1200
889 100 1152,336,1224,1224
890 100 1152,336,1224,1200
891 100 1152,312,1224,1224
892 100 1152,312,1224,1200
893 100 1152,288,1224,1224
894 100 1152,288,1224,1200
895 100 1152,264,1224,1200
896 100 1152,240,1224,1224
897 100 1128,240,1224,1200
898 100 1128,240,1224,1200
899 100 1128,240,1224,1200
900 100 1128,240,1224,1200
901 100 1104,216,1224,1224
902 100 1104,216,1224,1200
903 100 1056,192,1224,1200
904 100 1032,192,1224,1200
905 100 1032,168,1224,1200
906 100 1008,168,1224,1200
907 100 1008,168,1224,1200
908 100 1032,168,1224,1224
909 100 1032,192,1224,1200
910 100 1032,216,1224,1200
911 100 1032,216,1224,1224
912 100 1032,240,1224,1200
913 100 1056,264,1224,1200
914 100 1056,264,1224,1224
915 100 1056,288,1224,1224
916 100 1080,312,1224,1224
917 100 1104,360,1224,1200
918 100 1128,384,1224,1224
919 100 1152,432,1224,1200
920 100 1176,456,1224,1200
921 100 1176,480,1224,1200
922 100 1200,504,1224,1200
923 100 1200,504,1224,1200
924 100 1200,504,1224,1224
925 100 1200,504,1224,1200
926 100 1176,504,1224,1200
927 100 1176,504,1224,1224
928 100 1200,504,1224,1224
929 100 1200,528,1224,1200
930 100 1200,528,1224,1200
931 100 1200,528,1224,1200
932 100 1200,528,1224,1200
933 100 1200,528,1224,1200
934 100 1200,528,1224,1200
935 100 1200,528,1224,1200
936 100 1200,528,1224,1224
937 100 1200,528,1224,1224
938 100 1200,528,1224,1224
939 100 1200,528,1224,1224
940 100 1200,528,1224,1224
941 100 1200,528,1224,1224
942 100 1200,528,1224,1224
943 100 1200,528,1224,1224
944 100 1200,528,1224,1224
945 100 1200,528,1224,1200
946 100 1200,528,1224,1200
947 100 1200,528,1224,1200
948 100 1200,528,1224,1200
949 100 1200,528,1224,1200
950 100 1176,528,1224,1200
951 100 1176,528,1224,1200
952 100 1176,528,1224,1200
953 100 1176,504,1224,1224
954 100 1176,504,1224,1224
955 100 1176,504,1224,1224
956 100 1176,504,1224,1224
957 100 1176,504,1224,1224
958 100 1176,504,1224,1224
959 100 1176,504,1224,1200
960 100 1176,504,1224,1200
961 100 1176,504,1224,1224
962 100 1176,504,1224,1200
963 100 1176,504,1224,1200
964 100 1176,504,1224,1200
965 100 1176,504,1224,1224
966 100 1176,504,1224,1224
967 100 1176,528,1224,1200
968 100 1176,528,1224,1200
969 100 1176,528,1224,1200
970 100 1176,504,1224,1224
971 100 1176,504,1224,1224
972 100 1176,504,1224,1200
973 100 1176,504,1224,1200
974 100 1176,504,1224,1200
975 100 1176,504,1224,1200
976 100 1176,504,1224,1200
977 100 1176,504,1224,1200
978 100 1176,504,1224,1200
979 100 1176,504,1224,1200
980 100 1176,504,1224,1200
981 100 1176,504,1224,1200
982 100 1176,504,1224,1200
983 100 1176,504,1224,1200
984 100 1176,504,1224,1200
985 100 1176,504,1224,1200
986 100 1176,504,1224,1200
987 100 1176,480,1224,1224
988 100 1152,480,1224,1224
989 100 1152,480,1224,1224
990 100 1152,480,1224,1200
991 100 1152,480,1224,1200
992 100 1152,480,1224,1224
993 100 1152,504,1224,1200
994 100 1128,480,1224,1224
995 100 1128,480,1224,1224
996 100 1104,480,1224,1224
997 100 1104,480,1224,1200
998 100 1080,480,1224,1200
999 100 1080,480,1224,1200
1000 100 1080,480,1224,1200
1001 100 1080,480,1224,1200
1002 100 1080,480,1224,1200
1003 100 1080,480,1224,1200
1004 100 1056,480,1224,1200
1005 100 1056,480,1224,1200
1006 100 1080,480,1224,1200
1007 100 1080,480,1224,1200
1008 100 1080,480,1224,1200
1009 100 1080,480,1224,1200
1010 100 1080,480,1224,1200
1011 100 1080,480,1224,1200
1012 100 1080,480,1224,1200
1013 100 1080,480,1224,1200
1014 100 1080,480,1224,1224
1015 100 1104,480,1224,1224
1016 100 1104,480,1224,1224
1017 100 1104,504,1224,1200
1018 100 1104,504,1224,1200
1019 100 1104,504,1224,1200
1020 100 1104,504,1224,1200
1021 100 1104,504,1224,1200
1022 100 1104,504,1224,1200
1023 100 1104,504,1224,1200
1024 100 1104,504,1224,1200
1025 100 1104,504,1224,1200
1026 100 1128,504,1224,1200
1027 100 1128,504,1224,1200
1028 100 1128,504,1224,1200
1029 100 1128,504,1224,1200
1030 100 1128,504,1224,1200
1031 100 1128,504,1224,1200
1032 100 1128,504,1224,1200
1033 100 1128,504,1224,1200
1034 100 1128,504,1224,1200
1035 100 1128,504,1224,1200
1036 100 1128,504,1224,1200
1037 100 1128,504,1224,1200
1038 100 1128,504,1224,1200
1039 100 1128,504,1224,1224
1040 100 1128,504,1224,1224
1041 100 1128,504,1224,1224
1042 100 1128,504,1224,1224
1043 100 1128,504,1224,1224
1044 100 1128,504,1224,1224
1045 100 1128,504,1224,1224
1046 100 1128,504,1224,1224
1047 100 1128,504,1224,1224
1048 100 1128,504,1224,1224
1049 100 1104,504,1224,1224
1050 100 1104,504,1224,1224
1051 100 1104,504,1224,1224
1052 100 1104,504,1224,1224
1053 100 1104,504,1224,1224
1054 100 1104,504,1224,1224
1055 100 1104,504,1224,1224
1056 100 1080,504,1224,1224
1057 100 1080,504,1224,1224
1058 100 1080,504,1224,1224
1059 100 1056,504,1224,1200
1060 100 1056,504,1224,1200
1061 100 1032,504,1224,1200
1062 100 1032,504,1224,1200
1063 100 1008,504,1224,1200
1064 100 1008,504,1224,1200
1065 100 984,480,1224,1224
1066 100 984,480,1224,1224
1067 100 984,480,1224,1224
1068 100 960,480,1224,1224
1069 100 960,480,1224,1224
1070 100 960,480,1224,1224
1071 100 960,504,1224,1200
1072 100 960,504,1224,1200
1073 100 960,504,1224,1200
1074 100 984,504,1224,1200
1075 100 984,504,1224,1200
1076 100 984,504,1224,1200
1077 100 984,504,1224,1200
1078 100 984,504,1224,1200
1079 100 984,504,1224,1200
1080 100 984,504,1224,1200
1081 100 984,504,1224,1200
1082 100 984,504,1224,1200
1083 100 1008,504,1224,1200
1084 100 1008,504,1224,1200
1085 100 1008,504,1224,1200
1086 100 1008,504,1224,1200
1087 100 1008,504,1224,1200
1088 100 1008,504,1224,1200
1089 100 1008,504,1224,1224
1090 100 1008,504,1224,1224
1091 100 1008,528,1224,1200
1092 100 1008,528,1224,1200
1093 100 1008,504,1224,1224
1094 100 1008,528,1224,1200
1095 100 1008,528,1224,1200
1096 100 984,528,1224,1200
1097 100 984,528,1224,1224
1098 100 984,528,1224,1224
1099 100 984,528,1224,1224
1100 100 984,528,1224,1224
1101 100 984,528,1224,1224
1102 100 984,528,1224,1224
1103 100 984,528,1224,1224
1104 100 984,528,1224,1224
1105 100 984,528,1224,1224
1106 100 984,528,1224,1224
1107 100 984,528,1224,1224
1108 100 984,528,1224,1224
1109 100 984,528,1224,1224
1110 100 984,528,1224,1224
1111 100 984,528,1224,1224
1112 100 984,528,1224,1224
1113 100 984,528,1224,1224
1114 100 984,528,1224,1224
1115 100 984,528,1224,1200
1116 100 984,528,1224,1200
1117 100 1008,504,1224,1224
1118 100 1008,480,1224,1224
1119 100 984,480,1224,1200
1120 100 984,480,1224,1200
1121 100 984,480,1224,1200
1122 100 960,480,1224,1200
1123 100 960,480,1224,1200
1124 100 960,480,1224,1200
1125 100 936,480,1224,1224
1126 100 912,480,1224,1224
1127 100 888,504,1224,1200
1128 100 864,504,1224,1200
1129 100 840,504,1224,1224
1130 100 816,504,1224,1224
1131 100 816,504,1224,1224
1132 100 816,504,1224,1224
1133 100 816,504,1224,1224
1134 100 816,504,1224,1200
1135 100 816,504,1224,1224
1136 100 816,504,1224,1224
1137 100 792,504,1224,1224
1138 100 792,528,1224,1200
1139 100 768,528,1224,1200
1140 100 744,528,1224,1200
1141 100 744,528,1224,1200
1142 100 720,504,1224,1200
1143 100 720,504,1224,1200
1144 100 720,480,1224,1224
1145 100 720,480,1224,1200
1146 100 720,480,1224,1224
1147 100 720,480,1224,1224
1148 100 720,480,1224,1224
1149 100 720,480,1224,1224
1150 100 744,480,1224,1224
1151 100 744,480,1224,1224
1152 100 768,504,1224,1200
1153 100 768,504,1224,1200
1154 100 792,504,1224,1200
1155 100 792,504,1224,1200
1156 100 816,504,1224,1200
1157 100 816,504,1224,1200
1158 100 840,504,1224,1200
1159 100 864,504,1224,1200
1160 100 912,504,1224,1200
1161 100 984,504,1224,1200
1162 100 1032,480,1224,1224
1163 100 1080,504,1224,1200
1164 100 1104,504,1224,1200
1165 100 1128,480,1224,1224
1166 100 1152,480,1224,1224
1167 100 1176,504,1224,1200
1168 100 1176,504,1224,1200
1169 100 1200,504,1224,1200
1170 100 1200,504,1224,1200
1171 100 1200,504,1224,1200
1172 100 1200,504,1224,1200
1173 100 1200,504,1224,1200
1174 100 1176,504,1224,1200
1175 100 1176,504,1224,1200
1176 100 1176,504,1224,1200
1177 100 1152,504,1224,1200
1178 100 1152,504,1224,1224
1179 100 1152,504,1224,1224
1180 100 1128,504,1224,1224
1181 100 1128,504,1224,1224
1182 100 1104,528,1224,1200
1183 100 1104,528,1224,1200
1184 100 1080,528,1224,1200
1185 100 1080,528,1224,1200
1186 100 1080,528,1224,1200
1187 100 1056,528,1224,1200
1188 100 1056,528,1224,1200
1189 100 1056,528,1224,1200
1190 100 1032,528,1224,1200
1191 100 1032,528,1224,1200
1192 100 1032,528,1224,1200
1193 100 1008,528,1224,1200
1194 100 1008,528,1224,1200
1195 100 1008,528,1224,1200
1196 100 1008,528,1224,1200
1197 100 1008,528,1224,1200
1198 100 1008,528,1224,1200
1199 100 1008,528,1224,1200
1200 100 1008,528,1224,1200
1201 100 1008,528,1224,1200
1202 100 1008,528,1224,1200
1203 100 1008,528,1224,1200
1204 100 1008,528,1224,1200
1205 100 1008,528,1224,1200
1206 100 1008,528,1224,1200
1207 100 1008,528,1224,1200
1208 100 1008,528,1224,1200
1209 100 1008,528,1224,1200
1210 100 1008,504,1224,1224
1211 100 1008,504,1224,1200
1212 100 1008,504,1224,1200
1213 100 1008,504,1224,1200
1214 100 1008,504,1224,1200
1215 100 1008,504,1224,1200
1216 100 1008,480,1224,1224
1217 100 1008,504,1224,1200
1218 100 1008,504,1224,1200
1219 100 1008,504,1224,1200
1220 100 1008,504,1224,1200
1221 100 1008,504,1224,1200
1222 100 1008,504,1224,1200
1223 100 1008,504,1224,1200
1224 100 1008,504,1224,1200
1225 100 1008,504,1224,1200
1226 100 1008,504,1224,1200
1227 100 1008,504,1224,1200
1228 100 1008,504,1224,1200
1229 100 1008,504,1224,1200
1230 100 1008,504,1224,1200
1231 100 1008,504,1224,1200
1232 100 1032,504,1224,1200
1233 100 1032,504,1224,1224
1234 100 1032,504,1224,1224
1235 100 1032,504,1224,1224
1236 100 1032,504,1224,1224
1237 100 1056,528,1224,1200
1238 100 1056,528,1224,1200
1239 100 1056,528,1224,1200
1240 100 1056,528,1224,1200
1241 100 1056,528,1224,1200
1242 100 1056,528,1224,1200
1243 100 1056,528,1224,1200
1244 100 1056,528,1224,1200
1245 100 1056,528,1224,1200
1246 100 1056,528,1224,1200
1247 100 1056,528,1224,1200
1248 100 1056,528,1224,1200
1249 100 1080,528,1224,1200
1250 100 1080,528,1224,1200
1251 100 1080,528,1224,1200
1252 100 1080,528,1224,1200
1253 100 1080,528,1224,1200
1254 100 1080,528,1224,1224
1255 100 1080,528,1224,1224
1256 100 1080,528,1224,1224
1257 100 1080,528,1224,1224
1258 100 1080,528,1224,1224
1259 100 1080,552,1224,1200
1260 100 1080,552,1224,1200
1261 100 1080,552,1224,1200
1262 100 1080,552,1224,1200
1263 100 1080,552,1224,1200
1264 100 1080,552,1224,1200
1265 100 1080,552,1224,1200
1266 100 1080,552,1224,1200
1267 100 1080,552,1224,1200
1268 100 1080,552,1224,1200
1269 100 1080,552,1224,1200
1270 100 1080,552,1224,1200
1271 100 1104,552,1224,1200
1272 100 1104,552,1224,1200
1273 100 1104,552,1224,1200
1274 100 1104,552,1224,1200
1275 100 1104,552,1224,1200
1276 100 1104,552,1224,1200
1277 100 1104,552,1224,1200
1278 100 1104,552,1224,1200
1279 100 1104,552,1224,1200
1280 100 1104,552,1224,1200
1281 100 1104,552,1224,1200
1282 100 1104,552,1224,1224
1283 100 1104,552,1224,1224
1284 100 1104,552,1224,1224
1285 100 1104,576,1224,1200
1286 100 1104,576,1224,1200
1287 100 1104,576,1224,1200
1288 100 1104,576,1224,1200
1289 100 1104,576,1224,1200
1290 100 1104,576,1224,1200
1291 100 1104,576,1224,1200
1292 100 1104,576,1224,1200
1293 100 1128,576,1224,1200
1294 100 1128,576,1224,1200
1295 100 1128,576,1224,1200
1296 100 1128,576,1224,1224
1297 100 1128,576,1224,1224
1298 100 1128,576,1224,1224
1299 100 1128,576,1224,1224
1300 100 1128,576,1224,1224
1301 100 1128,576,1224,1224
1302 100 1128,576,1224,1224
1303 100 1128,576,1224,1224
1304 100 1128,576,1224,1224
1305 100 1128,576,1224,1224
1306 100 1128,576,1224,1224
1307 100 1128,576,1224,1224
1308 100 1128,576,1224,1224
1309 100 1128,576,1224,1224
1310 100 1128,576,1224,1224
1311 100 1128,576,1224,1224
1312 100 1128,576,1224,1224
1313 100 1128,576,1224,1224
1314 100 1128,576,1224,1224
1315 100 1128,576,1224,1224
1316 100 1128,576,1224,1224
1317 100 1128,576,1224,1224
1318 100 1128,576,1224,1224
1319 100 1128,576,1224,1224
1320 100 1128,576,1224,1224
1321 100 1128,576,1224,1224
1322 100 1128,576,1224,1224
1323 100 1128,576,1224,1224
1324 100 1128,576,1224,1224
1325 100 1128,576,1224,1224
1326 100 1128,600,1224,1200
1327 100 1128,576,1224,1224
1328 100 1128,576,1224,1224
1329 100 1128,576,1224,1224
1330 100 1128,576,1224,1200
1331 100 1128,576,1224,1200
1332 100 1152,576,1224,1200
1333 100 1152,576,1224,1200
1334 100 1152,552,1224,1224
1335 100 1152,552,1224,1200
1336 100 1176,528,1224,1224
1337 100 1176,528,1224,1200
1338 100 1176,504,1224,1200
1339 100 1176,480,1224,1200
1340 100 1152,456,1224,1200
1341 100 1152,432,1224,1200
1342 100 1128,408,1224,1200
1343 100 1128,408,1224,1200
1344 100 1152,408,1224,1224
1345 100 1152,432,1224,1200
1346 100 1152,432,1224,1224
1347 100 1152,432,1224,1224
1348 100 1152,432,1224,1224
1349 100 1152,432,1224,1200
1350 100 1152,432,1224,1200
1351 100 1152,432,1224,1200
1352 100 1152,432,1224,1200
1353 100 1152,432,1224,1200
1354 100 1152,432,1224,1200
1355 100 1152,432,1224,1200
1356 100 1152,432,1224,1200
1357 100 1152,432,1224,1224
1358 100 1176,432,1224,1224
1359 100 1176,432,1224,1224
1360 100 1176,456,1224,1200
1361 100 1176,456,1224,1200
1362 100 1176,456,1224,1200
1363 100 1200,456,1224,1200
1364 100 1200,432,1224,1224
1365 100 1200,432,1224,1224
1366 100 1200,432,1224,1224
1367 100 1224,432,1224,1200
1368 100 1224,408,1224,1224
1369 100 1248,432,1224,1200
1370 100 1248,432,1224,1224
1371 100 1224,432,1224,1200
1372 100 1224,432,1224,1200
1373 100 1224,432,1224,1200
1374 100 1224,408,1224,1224
1375 100 1200,408,1224,1200
1376 100 1200,384,1224,1224
1377 100 1200,384,1224,1224
1378 100 1176,384,1224,1200
1379 100 1152,360,1224,1224
1380 100 1128,336,1224,1224
1381 100 1128,336,1224,1200
1382 100 1104,336,1224,1200
1383 100 1104,336,1224,1224
1384 100 1104,336,1224,1224
1385 100 1104,336,1224,1224
1386 100 1080,336,1224,1224
1387 100 1080,336,1224,1224
1388 100 1080,336,1224,1200
1389 100 1080,336,1224,1200
1390 100 1080,312,1224,1224
1391 100 1080,312,1224,1224
1392 100 1056,336,1224,1200
1393 100 1056,336,1224,1200
1394 100 1056,312,1224,1224
1395 100 1056,312,1224,1200
1396 100 1032,312,1224,1200
1397 100 1032,288,1224,1224
1398 100 1032,288,1224,1224
1399 100 1032,288,1224,1224
1400 100 1032,288,1224,1224
1401 100 1032,288,1224,1224
1402 100 1032,312,1224,1200
1403 100 1032,312,1224,1200
1404 100 1056,312,1224,1224
1405 100 1056,336,1224,1200
1406 100 1056,312,1224,1224
1407 100 1056,312,1224,1224
1408 100 1056,312,1224,1224
1409 100 1056,336,1224,1200
1410 100 1056,336,1224,1200
1411 100 1056,336,1224,1200
1412 100 1056,336,1224,1200
1413 100 1056,336,1224,1224
1414 100 1056,336,1224,1224
1415 100 1056,336,1224,1224
1416 100 1056,360,1224,1200
1417 100 1056,360,1224,1200
1418 100 1080,360,1224,1200
1419 100 1080,360,1224,1224
1420 100 1128,384,1224,1200
1421 100 1152,408,1224,1200
1422 100 1176,408,1224,1224
1423 100 1176,408,1224,1224
1424 100 1176,408,1224,1224
1425 100 1176,408,1224,1224
1426 100 1176,408,1224,1224
1427 100 1176,432,1224,1200
1428 100 1176,432,1224,1200
1429 100 1176,432,1224,1200
1430 100 1176,432,1224,1200
1431 100 1176,432,1224,1200
1432 100 1176,432,1224,1200
1433 100 1176,432,1224,1200
1434 100 1176,432,1224,1200
1435 100 1176,432,1224,1200
1436 100 1176,432,1224,1200
1437 100 1176,432,1224,1200
1438 100 1200,432,1224,1200
1439 100 1200,408,1224,1224
1440 100 1224,432,1224,1200
1441 100 1224,432,1224,1200
1442 100 1224,432,1224,1224
1443 100 1224,432,1224,1200
1444 100 1224,408,1224,1224
1445 100 1224,408,1224,1200
1446 100 1248,384,1224,1224
1447 100 1248,384,1224,1224
1448 100 1248,384,1224,1200
1449 100 1248,384,1224,1200
1450 100 1248,360,1224,1224
1451 100 1248,360,1224,1224
1452 100 1272,360,1224,1200
1453 100 1272,336,1224,1224
1454 100 1272,336,1224,1224
1455 100 1272,336,1224,1200
1456 100 1272,336,1224,1200
1457 100 1272,336,1224,1200
1458 100 1296,336,1224,1200
1459 100 1296,312,1224,1224
1460 100 1296,336,1224,1200
1461 100 1296,336,1224,1200
1462 100 1296,336,1224,1200
1463 100 1296,336,1224,1200
1464 100 1296,312,1224,1224
1465 100 1296,312,1224,1224
1466 100 1296,312,1224,1224
1467 100 1296,312,1224,1224
1468 100 1296,336,1224,1200
1469 100 1296,336,1224,1200
1470 100 1320,336,1224,1200
1471 100 1320,336,1224,1200
1472 100 1320,336,1224,1200
1473 100 1320,336,1224,1200
1474 100 1344,336,1224,1200
1475 100 1344,336,1224,1224
1476 100 1368,360,1224,1200
1477 100 1392,360,1224,1200
1478 100 1392,360,1224,1200
1479 100 1392,360,1224,1200
1480 100 1392,360,1224,1200
1481 100 1416,360,1224,1224
1482 100 1416,360,1224,1224
1483 100 1416,384,1224,1200
1484 100 1416,384,1224,1200
1485 100 1416,384,1224,1200
1486 100 1416,384,1224,1200
1487 100 1416,384,1224,1200
1488 100 1416,384,1224,1200
1489 100 1416,384,1224,1224
1490 100 1416,384,1224,1224
1491 100 1416,384,1224,1224
1492 100 1416,384,1224,1224
1493 100 1416,408,1224,1200
1494 100 1416,408,1224,1200
1495 100 1416,408,1224,1200
1496 100 1440,408,1224,1200
1497 100 1440,408,1224,1200
1498 100 1440,408,1224,1200
1499 100 1440,408,1224,1200
1500 100 1440,408,1224,1224
1501 100 1440,408,1224,1224
1502 100 1440,432,1224,1200
1503 100 1440,432,1224,1200
1504 100 1440,432,1224,1224
1505 100 1440,432,1224,1224
1506 100 1440,456,1224,1200
1507 100 1440,456,1224,1200
1508 100 1440,456,1224,1200
1509 100 1440,456,1224,1200
1510 100 1440,456,1224,1224
1511 100 1440,456,1224,1224
1512 100 1464,480,1224,1200
1513 100 1440,480,1224,1200
1514 100 1464,480,1224,1200
1515 100 1440,480,1224,1224
1516 100 1440,504,1224,1200
1517 100 1440,504,1224,1224
1518 100 1440,504,1224,1224
1519 100 1440,528,1224,1200
1520 100 1440,528,1224,1200
1521 100 1440,528,1224,1224
1522 100 1440,552,1224,1200
1523 100 1440,552,1224,1200
1524 100 1440,552,1224,1200
1525 100 1440,552,1224,1200
1526 100 1440,552,1224,1200
1527 100 1416,552,1224,1200
1528 100 1416,552,1224,1200
1529 100 1416,552,1224,1200
1530 100 1416,552,1224,1200
1531 100 1416,552,1224,1200
1532 100 1416,552,1224,1200
1533 100 1416,552,1224,1200
1534 100 1416,552,1224,1200
1535 100 1416,552,1224,1224
1536 100 1416,552,1224,1224
1537 100 1392,552,1224,1200
1538 100 1392,552,1224,1200
1539 100 1392,552,1224,1200
1540 100 1392,552,1224,1200
1541 100 1392,552,1224,1200
1542 100 1392,552,1224,1200
1543 100 1392,552,1224,1200
1544 100 1392,552,1224,1200
1545 100 1392,552,1224,1200
1546 100 1392,552,1224,1200
1547 100 1392,552,1224,1200
1548 100 1392,552,1224,1200
1549 100 1392,552,1224,1200
1550 100 1392,552,1224,1200
1551 100 1392,528,1224,1224
1552 100 1392,528,1224,1224
1553 100 1392,528,1224,1200
1554 100 1392,528,1224,1200
1555 100 1392,504,1224,1224
1556 100 1368,504,1224,1200
1557 100 1368,504,1224,1200
1558 100 1368,504,1224,1200
1559 100 1368,480,1224,1224
1560 100 1344,480,1224,1224
1561 100 1344,480,1224,1224
1562 100 1344,480,1224,1200
1563 100 1344,480,1224,1200
1564 100 1344,480,1224,1200
1565 100 1344,480,1224,1200
1566 100 1320,456,1224,1224
1567 100 1320,456,1224,1200
1568 100 1296,432,1224,1224
1569 100 1272,432,1224,1200
1570 100 1248,432,1224,1200
1571 100 1248,432,1224,1200
1572 100 1224,432,1224,1200
1573 100 1224,432,1224,1200
1574 100 1224,432,1224,1200
1575 100 1224,432,1224,1200
1576 100 1224,432,1224,1200
1577 100 1224,432,1224,1200
1578 100 1224,432,1224,1200
1579 100 1224,432,1224,1200
1580 100 1224,432,1224,1200
1581 100 1224,432,1224,1200
1582 100 1224,432,1224,1200
1583 100 1224,432,1224,1200
1584 100 1224,432,1224,1200
1585 100 1224,432,1224,1200
1586 100 1224,432,1224,1200
1587 100 1224,432,1224,1200
1588 100 1224,432,1224,1200
1589 100 1224,432,1224,1200
1590 100 1224,432,1224,1200
1591 100 1248,432,1224,1200
1592 100 1248,432,1224,1200
1593 100 1248,432,1224,1224
1594 100 1248,432,1224,1224
1595 100 1248,456,1224,1200
1596 100 1248,432,1224,1224
1597 100 1272,456,1224,1200
1598 100 1272,456,1224,1200
1599 100 1272,456,1224,1200
1600 100 1296,456,1224,1200
1601 100 1296,456,1224,1200
1602 100 1296,456,1224,1224
1603 100 1320,480,1224,1200
1604 100 1320,480,1224,1200
1605 100 1320,480,1224,1200
1606 100 1320,480,1224,1200
1607 100 1320,480,1224,1200
1608 100 1320,480,1224,1200
1609 100 1320,480,1224,1200
1610 100 1344,480,1224,1224
1611 100 1344,504,1224,1200
1612 100 1344,504,1224,1200
1613 100 1344,504,1224,1200
1614 100 1344,504,1224,1200
1615 100 1344,504,1224,1200
1616 100 1344,504,1224,1200
1617 100 1344,504,1224,1200
1618 100 1344,504,1224,1200
1619 100 1344,504,1224,1200
1620 100 1368,504,1224,1224
1621 100 1368,528,1224,1200
1622 100 1368,528,1224,1200
1623 100 1368,528,1224,1200
1624 100 1392,528,1224,1200
1625 100 1392,528,1224,1200
1626 100 1392,528,1224,1200
1627 100 1392,528,1224,1200
1628 100 1392,528,1224,1200
1629 100 1392,528,1224,1224
1630 100 1392,528,1224,1224
1631 100 1392,528,1224,1224
1632 100 1392,552,1224,1200
1633 100 1392,552,1224,1200
1634 100 1392,552,1224,1200
1635 100 1392,552,1224,1200
1636 100 1392,528,1224,1224
1637 100 1416,552,1224,1200
1638 100 1416,552,1224,1200
1639 100 1416,552,1224,1200
1640 100 1416,552,1224,1200
1641 100 1416,552,1224,1200
1642 100 1416,552,1224,1200
1643 100 1440,552,1224,1200
1644 100 1440,552,1224,1200
1645 100 1440,552,1224,1200
1646 100 1440,552,1224,1200
1647 100 1464,552,1224,1200
1648 100 1464,552,1224,1200
1649 100 1464,552,1224,1200
1650 100 1464,552,1224,1200
1651 100 1488,552,1224,1200
1652 100 1488,552,1224,1200
1653 100 1488,552,1224,1200
1654 100 1488,552,1224,1200
1655 100 1488,552,1224,1200
1656 100 1488,552,1224,1200
1657 100 1488,552,1224,1200
1658 100 1488,552,1224,1200
1659 100 1512,552,1224,1200
1660 100 1512,528,1224,1224
1661 100 1488,528,1224,1200
1662 100 1488,528,1224,1200
1663 100 1488,504,1224,1224
1664 100 1488,504,1224,1200
1665 100 1488,480,1224,1224
1666 100 1488,480,1224,1200
1667 100 1488,456,1224,1224
1668 100 1488,456,1224,1200
1669 100 1488,456,1224,1200
1670 100 1488,432,1224,1224
1671 100 1464,432,1224,1200
1672 100 1464,408,1224,1224
1673 100 1464,408,1224,1200
1674 100 1464,408,1224,1200
1675 100 1440,384,1224,1224
1676 100 1440,384,1224,1224
1677 100 1440,384,1224,1200
1678 100 1440,384,1224,1200
1679 100 1440,384,1224,1200
1680 100 1464,384,1224,1200
1681 100 1464,384,1224,1200
1682 100 1488,384,1224,1224
1683 100 1512,384,1224,1224
1684 100 1536,384,1224,1224
1685 100 1584,384,1224,1224
1686 100 1608,408,1224,1200
1687 100 1608,408,1224,1200
1688 100 1608,408,1224,1200
1689 100 1632,408,1224,1200
1690 100 1632,408,1224,1200
1691 100 1632,408,1224,1200
1692 100 1656,408,1224,1200
1693 100 1704,408,1224,1224
1694 100 1728,432,1224,1200
1695 100 1752,432,1224,1200
1696 100 1800,456,1224,1200
1697 100 1824,480,1224,1224
1698 100 1872,504,1224,1200
1699 100 1896,504,1224,1200
1700 100 1920,504,1224,1224
1701 100 1920,528,1224,1200
1702 100 1920,528,1224,1224
1703 100 1920,552,1224,1200
1704 100 1920,576,1224,1200
1705 100 1896,600,1224,1224
1706 100 1872,624,1224,1224
1707 100 1872,648,1224,1200
1708 100 1848,672,1224,1200
1709 100 1848,672,1224,1200
1710 100 1848,672,1224,1200
1711 100 1848,672,1224,1200
1712 100 1824,672,1224,1200
1713 100 1824,672,1224,1200
1714 100 1824,672,1224,1200
1715 100 1824,672,1224,1224
1716 100 1800,696,1224,1200
1717 100 1800,696,1224,1200
1718 100 1776,696,1224,1224
1719 100 1776,696,1224,1200
1720 100 1752,672,1224,1224
1721 100 1728,672,1224,1200
1722 100 1704,648,1224,1224
1723 100 1680,648,1224,1200
1724 100 1632,624,1224,1200
1725 100 1608,624,1224,1200
1726 100 1560,600,1224,1200
1727 100 1536,600,1224,1200
1728 100 1512,576,1224,1224
1729 100 1488,576,1224,1200
1730 100 1464,576,1224,1200
1731 100 1440,576,1224,1200
1732 100 1416,552,1224,1224
1733 100 1392,552,1224,1200
1734 100 1368,552,1224,1200
1735 100 1344,552,1224,1200
1736 100 1320,552,1224,1200
1737 100 1296,528,1224,1224
1738 100 1272,528,1224,1224
1739 100 1248,552,1224,1200
1740 100 1248,552,1224,1224
1741 100 1224,552,1224,1224
1742 100 1200,552,1224,1200
1743 100 1200,552,1224,1200
1744 100 1176,552,1224,1200
1745 100 1176,552,1224,1200
1746 100 1152,552,1224,1200
1747 100 1152,528,1224,1224
1748 100 1152,528,1224,1224
1749 100 1152,528,1224,1200
1750 100 1152,528,1224,1200
1751 100 1152,528,1224,1200
1752 100 1152,528,1224,1200
1753 100 1152,504,1224,1200
1754 100 1152,504,1224,1200
1755 100 1152,504,1224,1200
1756 100 1176,480,1224,1224
1757 100 1152,480,1224,1200
1758 100 1152,480,1224,1200
1759 100 1152,480,1224,1200
1760 100 1152,480,1224,1200
1761 100 1152,456,1224,1224
1762 100 1176,456,1224,1224
1763 100 1176,456,1224,1224
1764 100 1200,456,1224,1224
1765 100 1200,480,1224,1200
1766 100 1200,456,1224,1224
1767 100 1200,456,1224,1224
1768 100 1200,456,1224,1224
1769 100 1200,456,1224,1224
1770 100 1200,456,1224,1200
1771 100 1200,456,1224,1200
1772 100 1200,456,1224,1200
1773 100 1200,456,1224,1200
1774 100 1176,456,1224,1200
1775 100 1176,432,1224,1224
1776 100 1152,432,1224,1200
1777 100 1152,432,1224,1200
1778 100 1152,432,1224,1200
1779 100 1152,432,1224,1200
1780 100 1152,432,1224,1200
1781 100 1152,432,1224,1200
1782 100 1176,432,1224,1200
1783 100 1176,432,1224,1200
1784 100 1176,432,1224,1224
1785 100 1176,456,1224,1200
1786 100 1200,456,1224,1200
1787 100 1200,456,1224,1200
1788 100 1200,456,1224,1224
1789 100 1200,456,1224,1224
1790 100 1200,456,1224,1224
1791 100 1200,480,1224,1200
1792 100 1224,480,1224,1224
1793 100 1224,504,1224,1200
1794 100 1224,504,1224,1200
1795 100 1224,504,1224,1224
1796 100 1248,528,1224,1200
1797 100 1224,528,1224,1200
1798 100 1224,528,1224,1200
1799 100 1224,528,1224,1200
1800 100 1224,528,1224,1200
1801 100 1224,528,1224,1200
1802 100 1224,504,1224,1224
1803 100 1248,504,1224,1200
1804 100 1248,480,1224,1200
1805 100 1248,480,1224,1200
1806 100 1248,480,1224,1200
1807 100 1248,480,1224,1200
1808 100 1248,480,1224,1200
1809 100 1248,480,1224,1200
1810 100 1248,480,1224,1224
1811 100 1248,504,1224,1200
1812 100 1248,504,1224,1224
1813 100 1248,504,1224,1224
1814 100 1248,504,1224,1224
1815 100 1248,504,1224,1224
1816 100 1248,504,1224,1224
1817 100 1248,504,1224,1224
1818 100 1248,504,1224,1200
1819 100 1248,504,1224,1200
1820 100 1248,504,1224,1200
1821 100 1248,504,1224,1200
1822 100 1248,504,1224,1224
1823 100 1248,528,1224,1200
1824 100 1248,528,1224,1200
1825 100 1248,528,1224,1200
1826 100 1248,504,1224,1224
1827 100 1248,504,1224,1224
1828 100 1248,504,1224,1200
1829 100 1248,504,1224,1200
1830 100 1248,504,1224,1200
1831 100 1224,504,1224,1200
1832 100 1224,480,1224,1224
1833 100 1224,480,1224,1200
1834 100 1224,480,1224,1200
1835 100 1200,480,1224,1200
1836 100 1200,456,1224,1224
1837 100 1200,456,1224,1200
1838 100 1200,456,1224,1200
1839 100 1200,456,1224,1200
1840 100 1200,456,1224,1200
1841 100 1200,432,1224,1224
1842 100 1200,432,1224,1200
1843 100 1176,432,1224,1200
1844 100 1176,432,1224,1200
1845 100 1152,432,1224,1200
1846 100 1152,408,1224,1224
1847 100 1152,408,1224,1224
1848 100 1152,408,1224,1200
1849 100 1152,408,1224,1200
1850 100 1152,408,1224,1200
1851 100 1152,408,1224,1200
1852 100 1152,408,1224,1200
1853 100 1152,408,1224,1224
1854 100 1176,408,1224,1200
1855 100 1176,408,1224,1200
1856 100 1176,408,1224,1200
1857 100 1152,408,1224,1200
1858 100 1176,408,1224,1200
1859 100 1152,408,1224,1200
1860 100 1152,408,1224,1200
1861 100 1152,408,1224,1200
1862 100 1152,408,1224,1200
1863 100 1152,408,1224,1200
1864 100 1152,408,1224,1224
1865 100 1176,432,1224,1200
1866 100 1176,432,1224,1200
1867 100 1176,432,1224,1200
1868 100 1176,432,1224,1200
1869 100 1176,432,1224,1200
1870 100 1176,432,1224,1200
1871 100 1176,408,1224,1224
1872 100 1176,408,1224,1224
1873 100 1176,408,1224,1224
1874 100 1176,408,1224,1224
1875 100 1176,408,1224,1200
1876 100 1176,408,1224,1200
1877 100 1176,408,1224,1200
1878 100 1176,408,1224,1200
1879 100 1176,408,1224,1200
1880 100 1152,408,1224,1200
1881 100 1152,408,1224,1200
1882 100 1152,408,1224,1200
1883 100 1152,384,1224,1224
1884 100 1152,384,1224,1224
1885 100 1152,384,1224,1224
1886 100 1152,384,1224,1224
1887 100 1176,384,1224,1224
1888 100 1176,384,1224,1224
1889 100 1176,408,1224,1200
1890 100 1176,408,1224,1200
1891 100 1176,408,1224,1200
1892 100 1176,408,1224,1200
1893 100 1176,408,1224,1200
1894 100 1176,408,1224,1200
1895 100 1176,384,1224,1224
1896 100 1176,384,1224,1224
1897 100 1176,384,1224,1224
1898 100 1176,384,1224,1224
1899 100 1176,384,1224,1224
