0 100 792,552,1224,1200
1 100 792,552,1224,1200
2 100 792,552,1224,1224
3 100 792,552,1224,1224
4 100 792,552,1224,1224
5 100 792,552,1224,1224
6 100 792,552,1224,1224
7 100 792,552,1224,1224
8 100 792,552,1224,1200
9 100 792,552,1224,1200
10 100 792,552,1224,1200
11 100 792,552,1224,1200
12 100 792,552,1224,1200
13 100 792,528,1224,1224
14 100 792,528,1224,1200
15 100 792,528,1224,1200
16 100 792,480,1224,1224
17 100 768,480,1224,1200
18 100 768,480,1224,1200
19 100 768,480,1224,1200
20 100 744,480,1224,1200
21 100 744,480,1224,1200
22 100 744,480,1224,1200
23 100 768,504,1224,1200
24 100 768,528,1224,1200
25 100 744,528,1224,1200
26 100 744,528,1224,1200
27 100 744,552,1224,1200
28 100 744,552,1224,1200
29 100 720,552,1224,1200
30 100 720,552,1224,1200
31 100 720,576,1224,1200
32 100 696,576,1224,1200
33 100 696,600,1224,1200
34 100 696,600,1224,1200
35 100 672,624,1224,1200
36 100 672,624,1224,1224
37 100 672,648,1224,1200
38 100 672,648,1224,1200
39 100 672,648,1224,1224
40 100 672,648,1224,1224
41 100 648,672,1224,1200
42 100 648,672,1224,1200
43 100 648,672,1224,1224
44 100 648,696,1224,1200
45 100 648,696,1224,1200
46 100 624,696,1224,1200
47 100 624,696,1224,1200
48 100 624,696,1224,1200
49 100 624,696,1224,1200
50 100 624,696,1224,1200
51 100 624,696,1224,1200
52 100 648,672,1224,1224
53 100 648,672,1224,1200
54 100 672,648,1224,1224
55 100 696,648,1224,1200
56 100 696,648,1224,1200
57 100 696,624,1224,1200
58 100 696,624,1224,1200
59 100 696,624,1224,1200
60 100 720,600,1224,1224
61 100 720,600,1224,1224
62 100 720,600,1224,1224
63 100 696,624,1224,1200
64 100 696,624,1224,1224
65 100 672,648,1224,1200
66 100 672,648,1224,1200
67 100 648,648,1224,1224
68 100 648,672,1224,1200
69 100 648,672,1224,1200
70 100 648,672,1224,1200
71 100 648,672,1224,1200
72 100 648,672,1224,1200
73 100 648,672,1224,1200
74 100 672,672,1224,1200
75 100 672,648,1224,1224
76 100 696,648,1224,1224
77 100 696,648,1224,1200
78 100 696,648,1224,1200
79 100 720,624,1224,1200
80 100 720,624,1224,1200
81 100 720,624,1224,1200
82 100 720,624,1224,1200
83 100 744,624,1224,1200
84 100 744,600,1224,1224
85 100 768,600,1224,1224
86 100 768,600,1224,1224
87 100 768,624,1224,1200
88 100 744,648,1224,1200
89 100 720,672,1224,1200
90 100 696,696,1224,1200
91 100 624,744,1224,1200
92 100 624,744,1224,1224
93 100 576,768,1224,1200
94 100 576,768,1224,1224
95 100 552,792,1224,1200
96 100 552,792,1224,1200
97 100 552,768,1224,1224
98 100 552,768,1224,1224
99 100 552,768,1224,1224
100 100 552,768,1224,1224
101 100 552,792,1224,1200
102 100 552,792,1224,1200
103 100 528,792,1224,1224
104 100 528,792,1224,1224
105 100 528,816,1224,1200
106 100 528,816,1224,1200
107 100 528,816,1224,1224
108 100 528,840,1224,1200
109 100 528,840,1224,1200
110 100 528,840,1224,1200
111 100 552,816,1224,1224
112 100 552,816,1224,1224
113 100 576,816,1224,1200
114 100 576,816,1224,1200
115 100 624,792,1224,1200
116 100 624,792,1224,1200
117 100 648,792,1224,1200
118 100 648,792,1224,1200
119 100 648,792,1224,1200
120 100 648,792,1224,1200
121 100 624,792,1224,1224
122 100 624,816,1224,1200
123 100 624,816,1224,1200
124 100 624,816,1224,1200
125 100 648,816,1224,1200
126 100 648,816,1224,1200
127 100 672,792,1224,1224
128 100 696,792,1224,1224
129 100 696,816,1224,1200
130 100 696,816,1224,1200
131 100 696,816,1224,1224
132 100 696,816,1224,1224
133 100 720,816,1224,1200
134 100 720,816,1224,1200
135 100 744,816,1224,1200
136 100 744,816,1224,1200
137 100 768,792,1224,1224
138 100 768,792,1224,1224
139 100 792,792,1224,1200
140 100 792,792,1224,1200
141 100 840,792,1224,1200
142 100 840,792,1224,1200
143 100 888,768,1224,1224
144 100 912,768,1224,1200
145 100 960,744,1224,1224
146 100 984,744,1224,1200
147 100 1008,744,1224,1200
148 100 1032,720,1224,1224
149 100 1056,720,1224,1224
150 100 1056,720,1224,1200
151 100 1080,720,1224,1200
152 100 1080,720,1224,1200
153 100 1080,720,1224,1200
154 100 1080,720,1224,1200
155 100 1080,720,1224,1224
156 100 1080,720,1224,1200
157 100 1080,720,1224,1200
158 100 1080,720,1224,1200
159 100 1080,720,1224,1200
160 100 1080,720,1224,1200
161 100 1080,696,1224,1224
162 100 1080,696,1224,1224
163 100 1080,696,1224,1200
164 100 1080,696,1224,1200
165 100 1104,672,1224,1200
166 100 1104,672,1224,1200
167 100 1080,648,1224,1200
168 100 1080,648,1224,1200
169 100 1056,624,1224,1224
170 100 1008,624,1224,1224
171 100 984,648,1224,1200
172 100 936,648,1224,1200
173 100 912,648,1224,1200
174 100 864,648,1224,1224
175 100 816,648,1224,1224
176 100 768,648,1224,1224
177 100 720,672,1224,1200
178 100 696,672,1224,1200
179 100 648,696,1224,1200
180 100 600,720,1224,1200
181 100 552,720,1224,1224
182 100 504,744,1224,1224
183 100 480,768,1224,1200
184 100 432,768,1224,1224
185 100 432,768,1224,1224
186 100 360,792,1224,1224
187 100 312,816,1224,1224
188 100 288,840,1224,1200
189 100 240,840,1224,1224
190 100 216,864,1224,1200
191 100 192,864,1224,1224
192 100 192,864,1224,1224
193 100 144,864,1224,1224
194 100 144,864,1224,1224
195 100 120,864,1224,1224
196 100 120,864,1224,1224
197 100 120,864,1224,1224
198 100 120,864,1224,1200
199 100 120,840,1224,1224
200 100 120,816,1224,1224
201 100 120,816,1224,1200
202 100 120,768,1224,1224
203 100 120,768,1224,1200
204 100 120,720,1224,1224
205 100 120,720,1224,1200
206 100 120,696,1224,1224
207 100 120,696,1224,1224
208 100 144,672,1224,1224
209 100 144,672,1224,1200
210 100 168,672,1224,1200
211 100 168,648,1224,1224
212 100 168,648,1224,1224
213 100 168,648,1224,1200
214 100 168,672,1224,1200
215 100 168,672,1224,1200
216 100 144,672,1224,1200
217 100 144,672,1224,1200
218 100 120,672,1224,1200
219 100 120,672,1224,1224
220 100 96,696,1224,1200
221 100 96,696,1224,1200
222 100 72,696,1224,1224
223 100 72,696,1224,1224
224 100 24,696,1224,1224
225 100 24,696,1224,1224
226 100 0,696,1224,1200
227 100 0,696,1224,1200
228 100 0,696,1224,1200
229 100 0,672,1224,1224
230 100 24,672,1224,1200
231 100 0,672,1224,1200
232 100 0,648,1224,1200
233 100 0,648,1224,1200
234 100 24,624,1224,1200
235 100 0,624,1224,1200
236 100 0,624,1224,1200
237 100 24,624,1224,1200
238 100 24,624,1224,1200
239 100 0,624,1224,1200
240 100 0,624,1224,1224
241 100 24,648,1224,1200
242 100 0,648,1224,1224
243 100 0,672,1224,1200
244 100 0,672,1224,1200
245 100 0,672,1224,1200
246 100 48,672,1224,1224
247 100 24,672,1224,1224
248 100 0,696,1224,1200
249 100 0,672,1224,1224
250 100 0,672,1224,1224
251 100 0,672,1224,1224
252 100 48,672,1224,1224
253 100 48,672,1224,1224
254 100 48,672,1224,1224
255 100 48,672,1224,1224
256 100 48,672,1224,1224
257 100 48,672,1224,1224
258 100 48,672,1224,1200
259 100 48,672,1224,1200
260 100 72,672,1224,1200
261 100 72,672,1224,1200
262 100 72,672,1224,1200
263 100 72,672,1224,1200
264 100 48,672,1224,1200
265 100 48,672,1224,1200
266 100 3480,672,1224,1200
267 100 3456,672,1224,1200
268 100 48,672,1224,1224
269 100 3648,672,1224,1224
270 100 3432,696,1224,1200
271 100 3360,696,1224,1200
272 100 3720,696,1224,1224
273 100 3648,696,1224,1224
274 100 3648,696,1224,1224
275 100 3744,696,1224,1224
276 100 3360,696,1224,1200
277 100 3384,696,1224,1200
278 100 3432,696,1224,1200
279 100 3432,696,1224,1200
280 100 3480,696,1224,1200
281 100 3456,696,1224,1200
282 100 3456,696,1224,1200
283 100 3456,696,1224,1200
284 100 3456,696,1224,1200
285 100 3456,696,1224,1200
286 100 3456,696,1224,1200
287 100 3456,696,1224,1200
288 100 3480,696,1224,1200
289 100 3528,696,1224,1200
290 100 3624,672,1224,1224
291 100 3336,672,1224,1200
292 100 3408,672,1224,1200
293 100 3504,672,1224,1200
294 100 3624,648,1224,1224
295 100 3672,648,1224,1224
296 100 3360,648,1224,1200
297 100 3408,648,1224,1200
298 100 3456,648,1224,1200
299 100 3456,648,1224,1200
300 100 3528,648,1224,1200
301 100 3552,648,1224,1200
302 100 3624,624,1224,1224
303 100 3672,624,1224,1224
304 100 3744,624,1224,1224
305 100 3360,624,1224,1224
306 100 3408,624,1224,1200
307 100 3408,624,1224,1200
308 100 3456,624,1224,1200
309 100 3480,624,1224,1200
310 100 3504,624,1224,1200
311 100 3528,624,1224,1200
312 100 3600,600,1224,1224
313 100 3600,600,1224,1224
314 100 3648,600,1224,1224
315 100 3696,600,1224,1224
316 100 3384,600,1224,1200
317 100 3408,600,1224,1200
318 100 3408,600,1224,1200
319 100 3408,600,1224,1200
320 100 3384,600,1224,1200
321 100 3384,600,1224,1200
322 100 3720,600,1224,1224
323 100 3624,600,1224,1224
324 100 3480,624,1224,1200
325 100 3432,624,1224,1200
326 100 3456,648,1224,1200
327 100 3360,648,1224,1200
328 100 3384,672,1224,1200
329 100 3360,672,1224,1200
330 100 3432,696,1224,1200
331 100 3432,696,1224,1200
332 100 3624,696,1224,1224
333 100 3576,696,1224,1224
334 100 3384,720,1224,1200
335 100 3336,720,1224,1200
336 100 3360,744,1224,1200
337 100 3624,744,1224,1224
338 100 3408,792,1224,1200
339 100 3768,792,1224,1224
340 100 3384,840,1224,1200
341 100 3192,840,1224,1200
342 100 3696,864,1224,1224
343 100 3456,864,1224,1224
344 100 3528,888,1224,1224
345 100 3312,888,1224,1224
346 100 3072,912,1224,1200
347 100 3000,912,1224,1200
348 100 3240,912,1224,1224
349 100 3168,912,1224,1224
350 100 2856,936,1224,1200
351 100 3528,936,1224,1224
352 100 2880,936,1224,1224
353 100 2760,960,1224,1200
354 100 3408,960,1224,1200
355 100 3600,960,1224,1200
356 100 2976,936,1224,1224
357 100 3096,936,1224,1224
358 100 3000,936,1224,1200
359 100 3192,912,1224,1224
360 100 3168,912,1224,1200
361 100 3288,888,1224,1224
362 100 3528,864,1224,1224
363 100 3192,864,1224,1200
364 100 3336,840,1224,1200
365 100 3600,816,1224,1224
366 100 3600,816,1224,1224
367 100 3432,792,1224,1200
368 100 3432,792,1224,1200
369 100 24,744,1224,1224
370 100 24,744,1224,1224
371 100 3432,720,1224,1200
372 100 3432,720,1224,1200
373 100 3480,672,1224,1200
374 100 3480,672,1224,1200
375 100 3408,624,1224,1200
376 100 3408,624,1224,1200
377 100 3408,576,1224,1200
378 100 3456,576,1224,1200
379 100 3456,576,1224,1200
380 100 144,528,1224,1224
381 100 3384,528,1224,1200
382 100 0,528,1224,1200
383 100 24,528,1224,1200
384 100 120,528,1224,1200
385 100 0,504,1224,1224
386 100 48,504,1224,1200
387 100 72,504,1224,1200
388 100 24,504,1224,1200
389 100 48,480,1224,1224
390 100 48,480,1224,1200
391 100 0,480,1224,1200
392 100 0,456,1224,1224
393 100 0,456,1224,1224
394 100 0,456,1224,1200
395 100 24,456,1224,1200
396 100 0,456,1224,1200
397 100 24,456,1224,1200
398 100 0,456,1224,1200
399 100 0,456,1224,1200
400 100 0,456,1224,1224
401 100 0,480,1224,1200
402 100 72,480,1224,1200
403 100 72,480,1224,1200
404 100 120,504,1224,1200
405 100 144,504,1224,1200
406 100 192,528,1224,1200
407 100 192,528,1224,1200
408 100 240,528,1224,1200
409 100 240,528,1224,1200
410 100 288,552,1224,1200
411 100 288,552,1224,1200
412 100 312,552,1224,1224
413 100 336,552,1224,1224
414 100 360,576,1224,1200
415 100 360,576,1224,1224
416 100 384,576,1224,1224
417 100 384,600,1224,1200
418 100 408,600,1224,1200
419 100 408,600,1224,1200
420 100 432,600,1224,1200
421 100 432,600,1224,1200
422 100 432,600,1224,1200
423 100 456,600,1224,1200
424 100 480,600,1224,1224
425 100 480,600,1224,1224
426 100 480,600,1224,1224
427 100 504,648,1224,1200
428 100 504,648,1224,1200
429 100 528,672,1224,1200
430 100 528,696,1224,1200
431 100 528,696,1224,1224
432 100 552,720,1224,1224
433 100 552,720,1224,1224
434 100 552,744,1224,1200
435 100 552,744,1224,1200
436 100 552,744,1224,1224
437 100 552,744,1224,1224
438 100 552,744,1224,1200
439 100 552,744,1224,1224
440 100 528,744,1224,1224
441 100 528,744,1224,1224
442 100 504,768,1224,1200
443 100 504,768,1224,1200
444 100 528,768,1224,1200
445 100 528,768,1224,1200
446 100 552,768,1224,1200
447 100 576,768,1224,1200
448 100 600,768,1224,1200
449 100 624,744,1224,1224
450 100 648,768,1224,1200
451 100 672,744,1224,1224
452 100 720,744,1224,1224
453 100 720,768,1224,1200
454 100 744,768,1224,1224
455 100 744,768,1224,1224
456 100 768,768,1224,1224
457 100 792,768,1224,1224
458 100 816,768,1224,1224
459 100 816,768,1224,1224
460 100 864,744,1224,1224
461 100 864,744,1224,1224
462 100 912,744,1224,1200
463 100 912,720,1224,1224
464 100 960,720,1224,1224
465 100 984,720,1224,1224
466 100 1008,696,1224,1224
467 100 1008,696,1224,1224
468 100 1032,696,1224,1224
469 100 1032,696,1224,1224
470 100 1056,696,1224,1224
471 100 1056,696,1224,1224
472 100 1056,696,1224,1224
473 100 1056,696,1224,1224
474 100 1056,696,1224,1224
475 100 1056,696,1224,1224
476 100 1056,696,1224,1224
477 100 1056,696,1224,1224
478 100 1056,672,1224,1224
479 100 1056,672,1224,1224
480 100 1056,672,1224,1224
481 100 1056,672,1224,1224
482 100 1056,672,1224,1224
483 100 1080,672,1224,1224
484 100 1080,672,1224,1224
485 100 1056,672,1224,1224
486 100 1080,672,1224,1200
487 100 1080,672,1224,1200
488 100 1080,672,1224,1200
489 100 1104,648,1224,1224
490 100 1104,648,1224,1224
491 100 1104,648,1224,1224
492 100 1104,648,1224,1224
493 100 1104,648,1224,1224
494 100 1104,648,1224,1224
495 100 1104,648,1224,1224
496 100 1104,648,1224,1224
497 100 1128,648,1224,1200
498 100 1128,648,1224,1200
499 100 1128,648,1224,1200
500 100 1128,648,1224,1200
501 100 1152,624,1224,1224
502 100 1152,624,1224,1224
503 100 1152,624,1224,1200
504 100 1152,624,1224,1200
505 100 1152,624,1224,1200
506 100 1176,624,1224,1200
507 100 1176,624,1224,1200
508 100 1152,600,1224,1200
509 100 1152,600,1224,1224
510 100 1152,600,1224,1224
511 100 1152,600,1224,1224
512 100 1152,600,1224,1224
513 100 1152,600,1224,1200
514 100 1152,600,1224,1200
515 100 1200,600,1224,1200
516 100 1224,600,1224,1200
517 100 1224,576,1224,1224
518 100 1248,576,1224,1224
519 100 1248,576,1224,1224
520 100 1248,576,1224,1224
521 100 1272,576,1224,1224
522 100 1272,576,1224,1224
523 100 1296,576,1224,1224
524 100 1320,576,1224,1224
525 100 1320,576,1224,1224
526 100 1320,576,1224,1224
527 100 1320,576,1224,1224
528 100 1320,576,1224,1200
529 100 1320,576,1224,1200
530 100 1320,576,1224,1224
531 100 1320,576,1224,1224
532 100 1320,576,1224,1224
533 100 1296,576,1224,1224
534 100 1296,600,1224,1200
535 100 1296,600,1224,1200
536 100 1272,600,1224,1224
537 100 1272,624,1224,1200
538 100 1272,624,1224,1200
539 100 1272,624,1224,1200
540 100 1248,624,1224,1224
541 100 1248,648,1224,1200
542 100 1248,648,1224,1200
543 100 1248,648,1224,1200
544 100 1248,648,1224,1200
545 100 1224,648,1224,1224
546 100 1224,648,1224,1224
547 100 1224,648,1224,1224
548 100 1224,648,1224,1200
549 100 1248,648,1224,1200
550 100 1248,648,1224,1224
551 100 1248,648,1224,1224
552 100 1224,672,1224,1200
553 100 1224,672,1224,1200
554 100 1224,648,1224,1224
555 100 1224,648,1224,1200
556 100 1224,624,1224,1224
557 100 1248,600,1224,1224
558 100 1272,600,1224,1200
559 100 1272,576,1224,1224
560 100 1248,576,1224,1224
561 100 1248,600,1224,1224
562 100 1248,600,1224,1224
563 100 1248,624,1224,1200
564 100 1248,624,1224,1224
565 100 1224,648,1224,1200
566 100 1224,648,1224,1224
567 100 1224,672,1224,1200
568 100 1224,672,1224,1200
569 100 1224,696,1224,1200
570 100 1224,696,1224,1224
571 100 1248,720,1224,1224
572 100 1248,744,1224,1200
573 100 1272,744,1224,1224
574 100 1272,768,1224,1200
575 100 1272,768,1224,1200
576 100 1272,768,1224,1200
577 100 1296,768,1224,1200
578 100 1296,768,1224,1200
579 100 1296,768,1224,1200
580 100 1296,768,1224,1200
581 100 1248,768,1224,1200
582 100 1248,768,1224,1200
583 100 1248,768,1224,1200
584 100 1248,768,1224,1224
585 100 1248,768,1224,1224
586 100 1248,768,1224,1224
587 100 1248,768,1224,1224
588 100 1224,768,1224,1224
589 100 1224,768,1224,1200
590 100 1200,768,1224,1224
591 100 1200,768,1224,1200
592 100 1200,768,1224,1200
593 100 1176,768,1224,1200
594 100 1200,744,1224,1224
595 100 1176,744,1224,1200
596 100 1176,744,1224,1224
597 100 1176,744,1224,1224
598 100 1176,744,1224,1200
599 100 1176,744,1224,1200
600 100 1176,744,1224,1200
601 100 1176,744,1224,1200
602 100 1176,744,1224,1200
603 100 1152,744,1224,1200
604 100 1152,720,1224,1224
605 100 1152,720,1224,1224
606 100 1152,744,1224,1200
607 100 1152,744,1224,1200
608 100 1152,768,1224,1200
609 100 1128,768,1224,1200
610 100 1128,768,1224,1224
611 100 1128,792,1224,1200
612 100 1104,792,1224,1224
613 100 1104,792,1224,1224
614 100 1128,792,1224,1200
615 100 1128,792,1224,1224
616 100 1128,792,1224,1224
617 100 1128,792,1224,1224
618 100 1128,792,1224,1224
619 100 1128,792,1224,1224
620 100 1128,792,1224,1224
621 100 1128,792,1224,1200
622 100 1128,792,1224,1200
623 100 1104,792,1224,1200
624 100 1104,816,1224,1200
625 100 1104,816,1224,1200
626 100 1104,816,1224,1200
627 100 1104,816,1224,1200
628 100 1080,816,1224,1224
629 100 1080,840,1224,1200
630 100 1080,840,1224,1200
631 100 1080,840,1224,1200
632 100 1080,840,1224,1200
633 100 1056,840,1224,1224
634 100 1056,864,1224,1200
635 100 1032,864,1224,1200
636 100 1032,864,1224,1224
637 100 1008,888,1224,1200
638 100 1008,888,1224,1200
639 100 1008,888,1224,1224
640 100 1008,888,1224,1224
641 100 984,912,1224,1200
642 100 984,912,1224,1200
643 100 984,912,1224,1200
644 100 1008,912,1224,1200
645 100 1008,888,1224,1224
646 100 1008,888,1224,1224
647 100 1008,888,1224,1224
648 100 1008,888,1224,1224
649 100 1008,888,1224,1224
650 100 1008,888,1224,1224
651 100 1008,912,1224,1200
652 100 984,912,1224,1200
653 100 984,912,1224,1200
654 100 984,912,1224,1224
655 100 960,936,1224,1200
656 100 960,936,1224,1200
657 100 936,936,1224,1200
658 100 936,936,1224,1224
659 100 936,936,1224,1224
660 100 936,936,1224,1224
661 100 936,936,1224,1224
662 100 936,936,1224,1224
663 100 936,936,1224,1224
664 100 936,936,1224,1224
665 100 912,936,1224,1224
666 100 912,936,1224,1224
667 100 936,936,1224,1200
668 100 936,936,1224,1200
669 100 936,936,1224,1200
670 100 936,936,1224,1200
671 100 936,936,1224,1200
672 100 936,912,1224,1224
673 100 960,912,1224,1224
674 100 936,912,1224,1224
675 100 936,912,1224,1224
676 100 936,912,1224,1224
677 100 936,912,1224,1224
678 100 936,912,1224,1224
679 100 936,912,1224,1224
680 100 960,912,1224,1200
681 100 960,912,1224,1200
682 100 960,912,1224,1200
683 100 960,912,1224,1200
684 100 960,912,1224,1200
685 100 960,912,1224,1200
686 100 960,912,1224,1200
687 100 960,912,1224,1200
688 100 960,912,1224,1200
689 100 960,912,1224,1200
690 100 960,912,1224,1200
691 100 960,912,1224,1200
692 100 960,912,1224,1200
693 100 960,912,1224,1200
694 100 960,912,1224,1200
695 100 960,912,1224,1200
696 100 960,888,1224,1224
697 100 960,888,1224,1224
698 100 984,888,1224,1200
699 100 984,888,1224,1200
700 100 984,888,1224,1200
701 100 984,864,1224,1224
702 100 1008,864,1224,1224
703 100 984,864,1224,1200
704 100 984,864,1224,1200
705 100 984,864,1224,1200
706 100 1008,864,1224,1200
707 100 1008,864,1224,1200
708 100 1008,864,1224,1200
709 100 1008,840,1224,1224
710 100 1008,840,1224,1224
711 100 1008,840,1224,1224
712 100 1008,840,1224,1224
713 100 1008,840,1224,1224
714 100 1008,840,1224,1224
715 100 1008,840,1224,1224
716 100 1008,840,1224,1224
717 100 1008,840,1224,1224
718 100 1008,840,1224,1224
719 100 1008,840,1224,1224
720 100 1032,840,1224,1224
721 100 1032,840,1224,1224
722 100 1032,840,1224,1224
723 100 1032,840,1224,1224
724 100 1008,840,1224,1224
725 100 1008,840,1224,1224
726 100 1008,864,1224,1200
727 100 1008,864,1224,1200
728 100 1008,864,1224,1200
729 100 1008,864,1224,1200
730 100 1008,864,1224,1200
731 100 1008,864,1224,1200
732 100 1008,864,1224,1200
733 100 1008,864,1224,1200
734 100 1008,864,1224,1200
735 100 1008,864,1224,1200
736 100 1008,864,1224,1200
737 100 1008,864,1224,1200
738 100 1008,864,1224,1200
739 100 1008,864,1224,1200
740 100 1008,864,1224,1200
741 100 1008,864,1224,1200
742 100 1008,864,1224,1200
743 100 1008,864,1224,1200
744 100 1032,840,1224,1224
745 100 1008,864,1224,1200
746 100 1008,864,1224,1224
747 100 984,888,1224,1224
748 100 960,912,1224,1224
749 100 936,912,1224,1224
750 100 912,936,1224,1200
751 100 888,936,1224,1224
752 100 888,936,1224,1224
753 100 888,936,1224,1224
754 100 888,960,1224,1200
755 100 864,960,1224,1200
756 100 864,960,1224,1200
757 100 864,960,1224,1200
758 100 864,984,1224,1176
759 100 864,984,1224,1176
760 100 864,960,1224,1200
761 100 864,960,1224,1200
762 100 888,960,1224,1200
763 100 888,960,1224,1200
764 100 888,960,1224,1200
765 100 888,960,1224,1200
766 100 912,960,1224,1200
767 100 888,960,1224,1200
768 100 888,960,1224,1200
769 100 888,960,1224,1200
770 100 888,960,1224,1200
771 100 912,960,1224,1200
772 100 912,960,1224,1200
773 100 912,960,1224,1200
774 100 912,936,1224,1224
775 100 912,936,1224,1224
776 100 912,936,1224,1224
777 100 936,936,1224,1200
778 100 936,936,1224,1200
779 100 936,936,1224,1200
780 100 936,936,1224,1200
781 100 936,912,1224,1224
782 100 936,912,1224,1224
783 100 936,912,1224,1224
784 100 960,912,1224,1224
785 100 960,912,1224,1200
786 100 960,912,1224,1200
787 100 960,912,1224,1200
788 100 960,912,1224,1200
789 100 960,912,1224,1200
790 100 960,912,1224,1200
791 100 960,912,1224,1200
792 100 960,912,1224,1200
793 100 960,888,1224,1224
794 100 960,888,1224,1224
795 100 984,888,1224,1200
796 100 984,888,1224,1200
797 100 984,888,1224,1200
798 100 984,888,1224,1200
799 100 984,888,1224,1200
800 100 984,888,1224,1200
801 100 984,888,1224,1200
802 100 984,888,1224,1200
803 100 984,864,1224,1224
804 100 984,864,1224,1224
805 100 1008,864,1224,1224
806 100 1008,864,1224,1200
807 100 1008,864,1224,1200
808 100 1008,864,1224,1200
809 100 1032,864,1224,1200
810 100 1032,840,1224,1224
811 100 1032,840,1224,1224
812 100 1032,840,1224,1224
813 100 1032,840,1224,1224
814 100 1032,840,1224,1224
815 100 1032,840,1224,1224
816 100 1032,840,1224,1224
817 100 1032,840,1224,1224
818 100 1032,840,1224,1224
819 100 1032,840,1224,1224
820 100 1056,840,1224,1224
821 100 1056,840,1224,1224
822 100 1056,840,1224,1200
823 100 1056,840,1224,1200
824 100 1056,840,1224,1200
825 100 1056,840,1224,1200
826 100 1056,840,1224,1200
827 100 1032,840,1224,1200
828 100 1032,840,1224,1200
829 100 1032,840,1224,1200
830 100 1056,840,1224,1200
831 100 1056,840,1224,1200
832 100 1056,840,1224,1200
833 100 1056,840,1224,1200
834 100 1056,816,1224,1224
835 100 1080,816,1224,1200
836 100 1080,816,1224,1200
837 100 1080,816,1224,1200
838 100 1080,816,1224,1200
839 100 1056,816,1224,1200
840 100 1056,816,1224,1200
841 100 1056,816,1224,1224
842 100 1056,816,1224,1224
843 100 1056,816,1224,1224
844 100 1056,840,1224,1200
845 100 1056,840,1224,1200
846 100 1056,840,1224,1200
847 100 1032,840,1224,1200
848 100 1032,840,1224,1224
849 100 1032,840,1224,1224
850 100 1008,864,1224,1200
851 100 1008,864,1224,1200
852 100 1008,864,1224,1200
853 100 984,864,1224,1200
854 100 984,864,1224,1200
855 100 984,864,1224,1200
856 100 1008,864,1224,1200
857 100 984,864,1224,1200
858 100 984,864,1224,1200
859 100 984,864,1224,1224
860 100 984,864,1224,1224
861 100 984,864,1224,1224
862 100 1008,864,1224,1224
863 100 1008,864,1224,1200
864 100 1008,864,1224,1200
865 100 1008,864,1224,1200
866 100 1008,864,1224,1200
867 100 984,864,1224,1224
868 100 984,864,1224,1224
869 100 984,888,1224,1200
870 100 984,888,1224,1200
871 100 960,888,1224,1200
872 100 960,888,1224,1224
873 100 936,912,1224,1200
874 100 936,912,1224,1224
875 100 912,912,1224,1224
876 100 912,912,1224,1224
877 100 912,936,1224,1200
878 100 912,936,1224,1200
879 100 912,936,1224,1224
880 100 888,960,1224,1200
881 100 888,960,1224,1200
882 100 888,960,1224,1200
883 100 888,960,1224,1200
884 100 888,960,1224,1200
885 100 888,960,1224,1200
886 100 888,960,1224,1200
887 100 888,960,1224,1200
888 100 888,936,1224,1224
889 100 888,936,1224,1224
890 100 864,960,1224,1200
891 100 864,960,1224,1200
892 100 864,960,1224,1200
893 100 888,936,1224,1224
894 100 888,936,1224,1224
895 100 888,936,1224,1224
896 100 888,936,1224,1224
897 100 888,936,1224,1224
898 100 888,936,1224,1224
899 100 888,936,1224,1224
900 100 888,936,1224,1224
901 100 888,936,1224,1200
902 100 888,936,1224,1200
903 100 888,936,1224,1200
904 100 888,936,1224,1200
905 100 888,936,1224,1200
906 100 912,912,1224,1224
907 100 912,912,1224,1224
908 100 912,912,1224,1200
909 100 912,912,1224,1200
910 100 936,888,1224,1224
911 100 936,888,1224,1224
912 100 936,888,1224,1200
913 100 936,888,1224,1200
914 100 960,864,1224,1224
915 100 984,840,1224,1224
916 100 1008,816,1224,1224
917 100 1008,816,1224,1200
918 100 1032,792,1224,1224
919 100 1056,792,1224,1200
920 100 1056,768,1224,1200
921 100 1080,744,1224,1224
922 100 1104,744,1224,1200
923 100 1104,720,1224,1224
924 100 1128,720,1224,1200
925 100 1152,696,1224,1200
926 100 1176,696,1224,1200
927 100 1200,672,1224,1200
928 100 1200,648,1224,1224
929 100 1200,648,1224,1200
930 100 1200,624,1224,1224
931 100 1200,624,1224,1200
932 100 1200,600,1224,1224
933 100 1200,600,1224,1200
934 100 1224,576,1224,1200
935 100 1224,576,1224,1200
936 100 1224,552,1224,1200
937 100 1224,528,1224,1224
938 100 1224,528,1224,1200
939 100 1200,504,1224,1200
940 100 1200,504,1224,1200
941 100 1200,480,1224,1200
942 100 1176,456,1224,1224
943 100 1176,456,1224,1200
944 100 1176,432,1224,1224
945 100 1176,432,1224,1200
946 100 1176,432,1224,1200
947 100 1176,408,1224,1224
948 100 1176,408,1224,1200
949 100 1176,408,1224,1200
950 100 1176,384,1224,1224
951 100 1176,384,1224,1200
952 100 1176,360,1224,1224
953 100 1152,360,1224,1224
954 100 1152,360,1224,1200
955 100 1152,360,1224,1200
956 100 1152,336,1224,1224
957 100 1152,336,1224,1224
958 100 1152,336,1224,1200
959 100 1152,336,1224,1200
960 100 1152,336,1224,1200
961 100 1152,312,1224,1224
962 100 1152,312,1224,1224
963 100 1152,312,1224,1200
964 100 1152,312,1224,1200
965 100 1128,312,1224,1200
966 100 1128,312,1224,1200
967 100 1152,288,1224,1224
968 100 1152,288,1224,1224
969 100 1152,288,1224,1224
970 100 1152,288,1224,1224
971 100 1176,288,1224,1224
972 100 1200,312,1224,1200
973 100 1224,312,1224,1200
974 100 1248,312,1224,1224
975 100 1272,312,1224,1224
976 100 1272,312,1224,1224
977 100 1296,312,1224,1224
978 100 1320,336,1224,1200
979 100 1320,336,1224,1200
980 100 1320,312,1224,1224
981 100 1344,312,1224,1224
982 100 1344,312,1224,1224
983 100 1344,312,1224,1224
984 100 1344,312,1224,1224
985 100 1344,312,1224,1224
986 100 1344,312,1224,1200
987 100 1344,312,1224,1200
988 100 1344,312,1224,1200
989 100 1344,312,1224,1200
990 100 1344,312,1224,1200
991 100 1344,312,1224,1200
992 100 1344,312,1224,1200
993 100 1344,312,1224,1200
994 100 1344,312,1224,1200
995 100 1344,312,1224,1200
996 100 1368,312,1224,1200
997 100 1368,312,1224,1200
998 100 1368,312,1224,1200
999 100 1368,312,1224,1224
1000 100 1368,312,1224,1224
1001 100 1368,336,1224,1200
1002 100 1368,336,1224,1200
1003 100 1392,336,1224,1224
1004 100 1392,360,1224,1200
1005 100 1392,360,1224,1224
1006 100 1392,384,1224,1200
1007 100 1392,384,1224,1200
1008 100 1416,384,1224,1224
1009 100 1416,384,1224,1224
1010 100 1440,408,1224,1200
1011 100 1440,408,1224,1224
1012 100 1464,408,1224,1224
1013 100 1464,408,1224,1224
1014 100 1464,432,1224,1200
1015 100 1488,432,1224,1200
1016 100 1488,432,1224,1200
1017 100 1488,432,1224,1200
1018 100 1488,432,1224,1200
1019 100 1488,432,1224,1224
1020 100 1488,432,1224,1224
1021 100 1488,432,1224,1224
1022 100 1488,432,1224,1224
1023 100 1488,456,1224,1200
1024 100 1464,456,1224,1224
1025 100 1464,456,1224,1224
1026 100 1464,480,1224,1224
1027 100 1464,480,1224,1224
1028 100 1464,504,1224,1200
1029 100 1464,504,1224,1224
1030 100 1464,504,1224,1224
1031 100 1464,504,1224,1224
1032 100 1464,504,1224,1224
1033 100 1464,504,1224,1224
1034 100 1488,528,1224,1200
1035 100 1488,528,1224,1224
1036 100 1488,528,1224,1224
1037 100 1488,528,1224,1224
1038 100 1512,528,1224,1224
1039 100 1512,552,1224,1224
1040 100 1512,552,1224,1224
1041 100 1512,552,1224,1224
1042 100 1512,576,1224,1200
1043 100 1512,576,1224,1224
1044 100 1488,576,1224,1224
1045 100 1488,576,1224,1224
1046 100 1464,576,1224,1224
1047 100 1464,576,1224,1224
1048 100 1440,576,1224,1224
1049 100 1440,576,1224,1224
1050 100 1440,576,1224,1224
1051 100 1416,576,1224,1224
1052 100 1392,576,1224,1224
1053 100 1392,600,1224,1200
1054 100 1368,576,1224,1224
1055 100 1368,576,1224,1224
1056 100 1344,576,1224,1200
1057 100 1344,576,1224,1200
1058 100 1320,576,1224,1200
1059 100 1320,576,1224,1200
1060 100 1296,576,1224,1200
1061 100 1272,576,1224,1200
1062 100 1248,576,1224,1200
1063 100 1224,576,1224,1224
1064 100 1200,600,1224,1200
1065 100 1176,600,1224,1200
1066 100 1152,600,1224,1200
1067 100 1152,600,1224,1200
1068 100 1152,600,1224,1200
1069 100 1128,600,1224,1200
1070 100 1128,600,1224,1200
1071 100 1128,600,1224,1200
1072 100 1128,600,1224,1200
1073 100 1152,600,1224,1200
1074 100 1152,600,1224,1200
1075 100 1128,600,1224,1200
1076 100 1128,600,1224,1200
1077 100 1128,576,1224,1224
1078 100 1128,576,1224,1224
1079 100 1128,600,1224,1200
1080 100 1104,600,1224,1200
1081 100 1104,576,1224,1224
1082 100 1104,576,1224,1224
1083 100 1104,576,1224,1224
1084 100 1080,576,1224,1224
1085 100 1080,576,1224,1224
1086 100 1056,576,1224,1224
1087 100 1056,576,1224,1224
1088 100 1056,576,1224,1224
1089 100 1056,576,1224,1200
1090 100 1056,576,1224,1200
1091 100 1056,552,1224,1224
1092 100 1056,552,1224,1224
1093 100 1056,552,1224,1200
1094 100 1056,552,1224,1200
1095 100 1056,552,1224,1200
1096 100 1056,552,1224,1200
1097 100 1056,552,1224,1200
1098 100 1032,552,1224,1200
1099 100 1032,552,1224,1224
1100 100 1008,576,1224,1200
1101 100 1008,576,1224,1200
1102 100 1008,576,1224,1224
1103 100 1008,600,1224,1200
1104 100 984,600,1224,1200
1105 100 984,600,1224,1200
1106 100 984,576,1224,1224
1107 100 984,576,1224,1224
1108 100 984,576,1224,1224
1109 100 960,600,1224,1200
1110 100 936,600,1224,1200
1111 100 912,600,1224,1200
1112 100 888,600,1224,1200
1113 100 888,600,1224,1200
1114 100 864,576,1224,1224
1115 100 864,576,1224,1224
1116 100 864,576,1224,1224
1117 100 864,576,1224,1200
1118 100 864,576,1224,1200
1119 100 864,576,1224,1200
1120 100 840,552,1224,1224
1121 100 840,552,1224,1200
1122 100 840,552,1224,1200
1123 100 816,552,1224,1200
1124 100 792,552,1224,1200
1125 100 792,552,1224,1224
1126 100 768,552,1224,1224
1127 100 768,552,1224,1224
1128 100 744,576,1224,1200
1129 100 720,576,1224,1200
1130 100 696,576,1224,1224
1131 100 696,600,1224,1200
1132 100 672,600,1224,1200
1133 100 672,600,1224,1224
1134 100 648,600,1224,1200
1135 100 648,600,1224,1200
1136 100 648,600,1224,1200
1137 100 648,576,1224,1224
1138 100 648,576,1224,1200
1139 100 648,576,1224,1200
1140 100 648,576,1224,1200
1141 100 648,576,1224,1200
1142 100 648,552,1224,1224
1143 100 648,552,1224,1224
1144 100 648,552,1224,1200
1145 100 648,552,1224,1200
1146 100 648,552,1224,1200
1147 100 672,528,1224,1224
1148 100 672,528,1224,1200
1149 100 672,528,1224,1200
1150 100 672,528,1224,1200
1151 100 672,528,1224,1200
1152 100 672,504,1224,1224
1153 100 672,504,1224,1224
1154 100 696,528,1224,1200
1155 100 696,528,1224,1200
1156 100 696,528,1224,1200
1157 100 696,528,1224,1200
1158 100 720,528,1224,1200
1159 100 720,528,1224,1200
1160 100 720,528,1224,1200
1161 100 744,528,1224,1200
1162 100 744,528,1224,1200
1163 100 744,528,1224,1200
1164 100 744,528,1224,1200
1165 100 744,528,1224,1200
1166 100 744,528,1224,1224
1167 100 744,528,1224,1224
1168 100 768,528,1224,1224
1169 100 768,528,1224,1224
1170 100 792,528,1224,1224
1171 100 792,528,1224,1224
1172 100 792,528,1224,1200
1173 100 792,528,1224,1200
1174 100 792,528,1224,1200
1175 100 792,528,1224,1200
1176 100 792,504,1224,1224
1177 100 792,504,1224,1200
1178 100 792,504,1224,1200
1179 100 768,504,1224,1200
1180 100 768,504,1224,1200
1181 100 768,504,1224,1224
1182 100 744,528,1224,1200
1183 100 744,552,1224,1200
1184 100 720,576,1224,1200
1185 100 696,576,1224,1224
1186 100 696,600,1224,1224
1187 100 696,600,1224,1248
1188 100 696,624,1224,1224
1189 100 720,624,1224,1224
1190 100 744,624,1224,1224
1191 100 744,624,1224,1224
1192 100 768,624,1224,1224
1193 100 768,624,1224,1224
1194 100 792,624,1224,1224
1195 100 792,624,1224,1224
1196 100 792,624,1224,1224
1197 100 816,624,1224,1224
1198 100 792,624,1224,1224
1199 100 816,624,1224,1224
1200 100 816,624,1224,1224
1201 100 696,648,1224,1200
1202 100 768,600,1224,1248
1203 100 792,624,1224,1224
1204 100 792,624,1224,1224
1205 100 792,600,1224,1224
1206 100 792,600,1224,1224
1207 100 792,600,1224,1224
1208 100 792,576,1224,1224
1209 100 816,600,1224,1200
1210 100 816,600,1224,1200
1211 100 816,600,1224,1200
1212 100 840,576,1224,1200
1213 100 840,576,1224,1200
1214 100 912,528,1224,1200
1215 100 984,552,1224,1224
1216 100 984,552,1224,1200
1217 100 1008,528,1224,1224
1218 100 1008,528,1224,1224
1219 100 960,528,1224,1224
1220 100 936,552,1224,1200
1221 100 936,552,1224,1224
1222 100 936,576,1224,1200
1223 100 936,576,1224,1200
1224 100 936,576,1224,1200
1225 100 936,576,1224,1200
1226 100 936,576,1224,1200
1227 100 936,576,1224,1200
1228 100 936,576,1224,1200
1229 100 912,576,1224,1200
1230 100 912,552,1224,1224
1231 100 912,552,1224,1224
1232 100 912,552,1224,1224
1233 100 912,552,1224,1224
1234 100 912,552,1224,1224
1235 100 912,576,1224,1200
1236 100 912,576,1224,1200
1237 100 912,552,1224,1224
1238 100 912,552,1224,1224
1239 100 912,576,1224,1200
1240 100 912,576,1224,1200
1241 100 888,576,1224,1200
1242 100 888,576,1224,1200
1243 100 888,576,1224,1200
1244 100 888,576,1224,1224
1245 100 888,576,1224,1224
1246 100 912,576,1224,1224
1247 100 912,576,1224,1224
1248 100 912,576,1224,1200
1249 100 912,576,1224,1200
1250 100 912,576,1224,1200
1251 100 912,576,1224,1200
1252 100 912,576,1224,1200
1253 100 912,576,1224,1224
1254 100 912,576,1224,1224
1255 100 912,576,1224,1224
1256 100 936,576,1224,1224
1257 100 936,576,1224,1224
1258 100 936,576,1224,1224
1259 100 936,576,1224,1224
1260 100 936,576,1224,1224
1261 100 936,576,1224,1200
1262 100 936,576,1224,1224
1263 100 936,576,1224,1224
1264 100 936,576,1224,1224
1265 100 936,576,1224,1224
1266 100 912,576,1224,1200
1267 100 912,576,1224,1200
1268 100 912,576,1224,1224
1269 100 912,576,1224,1200
1270 100 912,576,1224,1200
1271 100 912,576,1224,1200
1272 100 912,576,1224,1200
1273 100 912,576,1224,1200
1274 100 888,576,1224,1200
1275 100 888,576,1224,1200
1276 100 888,576,1224,1200
1277 100 888,576,1224,1200
1278 100 888,576,1224,1200
1279 100 888,576,1224,1200
1280 100 888,576,1224,1200
1281 100 888,576,1224,1200
1282 100 888,576,1224,1200
1283 100 888,576,1224,1200
1284 100 888,576,1224,1200
1285 100 912,552,1224,1224
1286 100 888,552,1224,1224
1287 100 888,552,1224,1224
1288 100 912,552,1224,1224
1289 100 912,552,1224,1224
1290 100 912,552,1224,1224
1291 100 912,552,1224,1224
1292 100 912,576,1224,1200
1293 100 912,576,1224,1200
1294 100 936,576,1224,1200
1295 100 936,576,1224,1200
1296 100 960,576,1224,1200
1297 100 984,576,1224,1224
1298 100 984,576,1224,1224
1299 100 1008,576,1224,1224
1300 100 1032,576,1224,1224
1301 100 1032,576,1224,1224
1302 100 1056,576,1224,1224
1303 100 1080,576,1224,1224
1304 100 1080,576,1224,1224
1305 100 1104,576,1224,1200
1306 100 1128,576,1224,1200
1307 100 1152,576,1224,1200
1308 100 1152,576,1224,1200
1309 100 1176,576,1224,1200
1310 100 1200,576,1224,1200
1311 100 1224,576,1224,1200
1312 100 1248,576,1224,1200
1313 100 1248,576,1224,1200
1314 100 1272,576,1224,1200
1315 100 1296,576,1224,1200
1316 100 1320,576,1224,1200
1317 100 1344,552,1224,1224
1318 100 1368,552,1224,1200
1319 100 1392,552,1224,1200
1320 100 1392,528,1224,1200
1321 100 1416,528,1224,1200
1322 100 1416,504,1224,1224
1323 100 1392,504,1224,1200
1324 100 1392,480,1224,1224
1325 100 1392,480,1224,1200
1326 100 1392,456,1224,1200
1327 100 1392,456,1224,1200
1328 100 1392,432,1224,1224
1329 100 1392,432,1224,1224
1330 100 1392,432,1224,1200
1331 100 1392,432,1224,1200
1332 100 1392,432,1224,1200
1333 100 1392,408,1224,1224
1334 100 1392,408,1224,1224
1335 100 1416,408,1224,1200
1336 100 1416,408,1224,1200
1337 100 1416,384,1224,1224
1338 100 1416,384,1224,1200
1339 100 1416,384,1224,1200
1340 100 1416,360,1224,1224
1341 100 1392,360,1224,1200
1342 100 1392,336,1224,1224
1343 100 1392,336,1224,1200
1344 100 1392,336,1224,1200
1345 100 1416,336,1224,1200
1346 100 1440,336,1224,1200
1347 100 1440,336,1224,1200
1348 100 1464,336,1224,1224
1349 100 1464,336,1224,1224
1350 100 1464,336,1224,1224
1351 100 1440,336,1224,1224
1352 100 1440,360,1224,1200
1353 100 1440,360,1224,1200
1354 100 1440,384,1224,1200
1355 100 1440,384,1224,1200
1356 100 1440,408,1224,1200
1357 100 1416,408,1224,1224
1358 100 1392,432,1224,1200
1359 100 1392,432,1224,1200
1360 100 1368,432,1224,1224
1361 100 1368,456,1224,1200
1362 100 1344,456,1224,1200
1363 100 1344,456,1224,1224
1364 100 1344,456,1224,1200
1365 100 1344,456,1224,1200
1366 100 1344,456,1224,1200
1367 100 1344,456,1224,1200
1368 100 1344,456,1224,1200
1369 100 1344,456,1224,1200
1370 100 1344,456,1224,1200
1371 100 1320,432,1224,1224
1372 100 1320,432,1224,1224
1373 100 1320,432,1224,1224
1374 100 1320,432,1224,1200
1375 100 1320,432,1224,1224
1376 100 1320,432,1224,1224
1377 100 1320,432,1224,1224
1378 100 1320,456,1224,1200
1379 100 1320,456,1224,1200
1380 100 1320,456,1224,1200
1381 100 1296,432,1224,1224
1382 100 1296,432,1224,1224
1383 100 1272,432,1224,1224
1384 100 1272,432,1224,1200
1385 100 1296,432,1224,1200
1386 100 1296,432,1224,1200
1387 100 1320,432,1224,1224
1388 100 1320,456,1224,1200
1389 100 1320,456,1224,1224
1390 100 1320,456,1224,1224
1391 100 1320,480,1224,1224
1392 100 1320,480,1224,1224
1393 100 1320,480,1224,1200
1394 100 1320,480,1224,1200
1395 100 1320,480,1224,1200
1396 100 1320,456,1224,1224
1397 100 1320,456,1224,1200
1398 100 1320,456,1224,1200
1399 100 1320,456,1224,1200
1400 100 1320,456,1224,1200
1401 100 1320,456,1224,1224
1402 100 1320,456,1224,1200
1403 100 1320,456,1224,1200
1404 100 1296,456,1224,1200
1405 100 1296,456,1224,1200
1406 100 1296,456,1224,1200
1407 100 1296,456,1224,1200
1408 100 1296,432,1224,1224
1409 100 1296,432,1224,1224
1410 100 1272,432,1224,1224
1411 100 1272,432,1224,1224
1412 100 1272,432,1224,1224
1413 100 1272,432,1224,1224
1414 100 1272,432,1224,1224
1415 100 1272,432,1224,1200
1416 100 1272,432,1224,1200
1417 100 1272,432,1224,1200
1418 100 1248,432,1224,1200
1419 100 1248,408,1224,1224
1420 100 1248,408,1224,1224
1421 100 1248,408,1224,1200
1422 100 1248,408,1224,1200
1423 100 1248,408,1224,1224
1424 100 1248,408,1224,1224
1425 100 1248,408,1224,1224
1426 100 1272,432,1224,1200
1427 100 1272,432,1224,1200
1428 100 1272,432,1224,1200
1429 100 1272,432,1224,1224
1430 100 1296,432,1224,1224
1431 100 1296,456,1224,1200
1432 100 1296,456,1224,1200
1433 100 1272,456,1224,1200
1434 100 1272,456,1224,1200
1435 100 1272,456,1224,1200
1436 100 1296,456,1224,1200
1437 100 1296,456,1224,1224
1438 100 1296,456,1224,1224
1439 100 1296,456,1224,1224
1440 100 1320,456,1224,1224
1441 100 1320,456,1224,1224
1442 100 1320,480,1224,1200
1443 100 1344,480,1224,1200
1444 100 1344,480,1224,1200
1445 100 1368,480,1224,1200
1446 100 1368,480,1224,1200
1447 100 1368,480,1224,1200
1448 100 1392,480,1224,1200
1449 100 1392,480,1224,1200
1450 100 1392,480,1224,1200
1451 100 1392,480,1224,1200
1452 100 1368,480,1224,1200
1453 100 1368,480,1224,1200
1454 100 1368,480,1224,1200
1455 100 1368,480,1224,1200
1456 100 1368,480,1224,1200
1457 100 1368,480,1224,1200
1458 100 1368,480,1224,1200
1459 100 1368,480,1224,1200
1460 100 1368,480,1224,1200
1461 100 1368,480,1224,1200
1462 100 1368,480,1224,1200
1463 100 1368,480,1224,1200
1464 100 1368,480,1224,1200
1465 100 1368,456,1224,1224
1466 100 1392,480,1224,1200
1467 100 1392,480,1224,1200
1468 100 1392,480,1224,1200
1469 100 1392,480,1224,1200
1470 100 1392,480,1224,1200
1471 100 1392,480,1224,1200
1472 100 1392,480,1224,1200
1473 100 1392,480,1224,1200
1474 100 1392,480,1224,1200
1475 100 1392,480,1224,1200
1476 100 1392,480,1224,1224
1477 100 1392,480,1224,1224
1478 100 1392,480,1224,1224
1479 100 1392,480,1224,1224
1480 100 1392,480,1224,1224
1481 100 1392,480,1224,1224
1482 100 1392,480,1224,1224
1483 100 1392,480,1224,1224
1484 100 1392,480,1224,1224
1485 100 1392,480,1224,1224
1486 100 1392,480,1224,1224
1487 100 1392,504,1224,1200
1488 100 1392,504,1224,1224
1489 100 1392,504,1224,1224
1490 100 1368,528,1224,1200
1491 100 1344,528,1224,1200
1492 100 1320,528,1224,1200
1493 100 1320,504,1224,1200
1494 100 1296,480,1224,1224
1495 100 1296,480,1224,1200
1496 100 1296,456,1224,1224
1497 100 1296,456,1224,1224
1498 100 1320,480,1224,1224
1499 100 1320,480,1224,1224
1500 100 1320,480,1224,1224
1501 100 1368,504,1224,1224
1502 100 1368,504,1224,1224
1503 100 1368,504,1224,1224
1504 100 1368,504,1224,1224
1505 100 1368,504,1224,1224
1506 100 1368,504,1224,1224
1507 100 1344,504,1224,1200
1508 100 1344,504,1224,1200
1509 100 1320,480,1224,1200
1510 100 1320,480,1224,1200
1511 100 1320,480,1224,1200
1512 100 1344,480,1224,1224
1513 100 1344,480,1224,1224
1514 100 1368,528,1224,1200
1515 100 1392,528,1224,1224
1516 100 1392,528,1224,1224
1517 100 1392,528,1224,1224
1518 100 1368,528,1224,1224
1519 100 1344,528,1224,1200
1520 100 1344,504,1224,1224
1521 100 1320,504,1224,1200
1522 100 1320,504,1224,1200
1523 100 1296,480,1224,1224
1524 100 1296,480,1224,1224
1525 100 1296,504,1224,1224
1526 100 1296,504,1224,1224
1527 100 1296,504,1224,1224
1528 100 1296,504,1224,1248
1529 100 1272,504,1224,1248
1530 100 1272,504,1224,1248
1531 100 1272,504,1224,1248
1532 100 1272,504,1224,1248
1533 100 1272,504,1224,1248
1534 100 1272,504,1224,1248
1535 100 1272,504,1224,1224
1536 100 1248,504,1224,1224
1537 100 1248,504,1224,1224
1538 100 1248,504,1224,1224
1539 100 1272,480,1224,1248
1540 100 1272,480,1224,1248
1541 100 1272,480,1224,1248
1542 100 1248,480,1224,1224
1543 100 1248,480,1224,1224
1544 100 1248,480,1224,1224
1545 100 1248,480,1224,1224
1546 100 1248,480,1224,1224
1547 100 1248,480,1224,1224
1548 100 1248,480,1224,1224
1549 100 1248,480,1224,1224
1550 100 1224,480,1224,1224
1551 100 1248,480,1224,1224
1552 100 1248,480,1224,1224
1553 100 1224,480,1224,1224
1554 100 1224,480,1224,1224
1555 100 1224,480,1224,1224
1556 100 1224,480,1224,1224
1557 100 1224,480,1224,1224
1558 100 1200,456,1224,1248
1559 100 1200,456,1224,1248
1560 100 1200,456,1224,1248
1561 100 1200,456,1224,1248
1562 100 1200,456,1224,1248
1563 100 1200,432,1224,1248
1564 100 1176,432,1224,1224
1565 100 1176,432,1224,1224
1566 100 1176,432,1224,1224
1567 100 1176,432,1224,1224
1568 100 1200,456,1224,1200
1569 100 1224,456,1224,1224
1570 100 1224,456,1224,1224
1571 100 1224,456,1224,1224
1572 100 1224,456,1224,1200
1573 100 1224,456,1224,1224
1574 100 1224,456,1224,1224
1575 100 1224,456,1224,1224
1576 100 1248,456,1224,1224
1577 100 1248,456,1224,1224
1578 100 1248,456,1224,1224
1579 100 1224,456,1224,1224
1580 100 1248,456,1224,1224
1581 100 1248,456,1224,1224
1582 100 1248,456,1224,1224
1583 100 1248,456,1224,1224
1584 100 1224,456,1224,1224
1585 100 1224,456,1224,1224
1586 100 1224,456,1224,1224
1587 100 1224,456,1224,1224
1588 100 1224,456,1224,1224
1589 100 1224,456,1224,1200
1590 100 1224,456,1224,1200
1591 100 1224,432,1224,1224
1592 100 1224,432,1224,1200
1593 100 1224,432,1224,1200
1594 100 1224,408,1224,1224
1595 100 1224,408,1224,1224
1596 100 1224,408,1224,1224
1597 100 1200,408,1224,1200
1598 100 1200,408,1224,1200
1599 100 1200,408,1224,1200
1600 100 1200,408,1224,1200
1601 100 1200,408,1224,1200
1602 100 1200,408,1224,1200
1603 100 1200,408,1224,1200
1604 100 1200,408,1224,1200
1605 100 1200,408,1224,1224
1606 100 1200,408,1224,1224
1607 100 1200,408,1224,1224
1608 100 1200,408,1224,1224
1609 100 1200,432,1224,1200
1610 100 1200,432,1224,1200
1611 100 1224,432,1224,1200
1612 100 1224,432,1224,1200
1613 100 1224,432,1224,1200
1614 100 1224,456,1224,1200
1615 100 1224,456,1224,1200
1616 100 1224,456,1224,1200
1617 100 1248,480,1224,1224
1618 100 1248,480,1224,1224
1619 100 1296,528,1224,1200
1620 100 1272,552,1224,1200
1621 100 1272,552,1224,1224
1622 100 1272,552,1224,1224
1623 100 1272,576,1224,1224
1624 100 1272,576,1224,1224
1625 100 1272,576,1224,1224
1626 100 1272,600,1224,1200
1627 100 1272,600,1224,1200
1628 100 1272,600,1224,1224
1629 100 1272,624,1224,1200
1630 100 1272,624,1224,1200
1631 100 1296,624,1224,1224
1632 100 1296,624,1224,1224
1633 100 1320,672,1224,1200
1634 100 1320,672,1224,1200
1635 100 1344,672,1224,1200
1636 100 1344,672,1224,1200
1637 100 1368,648,1224,1224
1638 100 1368,648,1224,1224
1639 100 1392,648,1224,1224
1640 100 1416,648,1224,1200
1641 100 1416,648,1224,1200
1642 100 1416,648,1224,1200
1643 100 1440,624,1224,1224
1644 100 1440,624,1224,1224
1645 100 1464,624,1224,1224
1646 100 1464,624,1224,1224
1647 100 1488,624,1224,1224
1648 100 1488,624,1224,1224
1649 100 1488,624,1224,1224
1650 100 1512,624,1224,1224
1651 100 1512,624,1224,1224
1652 100 1536,624,1224,1224
1653 100 1560,624,1224,1224
1654 100 1560,624,1224,1224
1655 100 1584,624,1224,1224
1656 100 1608,600,1224,1248
1657 100 1608,600,1224,1248
1658 100 1608,600,1224,1248
1659 100 1584,600,1224,1224
1660 100 1584,576,1224,1248
1661 100 1584,576,1224,1248
1662 100 1584,576,1224,1248
1663 100 1584,576,1224,1248
1664 100 1584,552,1224,1248
1665 100 1584,552,1224,1248
1666 100 1584,552,1224,1248
1667 100 1560,528,1224,1224
1668 100 1560,480,1224,1248
1669 100 1536,480,1224,1224
1670 100 1536,480,1224,1224
1671 100 1536,456,1224,1224
1672 100 1512,432,1224,1224
1673 100 1512,432,1224,1224
1674 100 1512,432,1224,1224
1675 100 1512,408,1224,1224
1676 100 1512,408,1224,1224
1677 100 1512,408,1224,1224
1678 100 1512,408,1224,1224
1679 100 1488,384,1224,1248
1680 100 1488,384,1224,1224
1681 100 1488,384,1224,1224
1682 100 1464,384,1224,1224
1683 100 1464,384,1224,1224
1684 100 1440,384,1224,1224
1685 100 1440,384,1224,1224
1686 100 1416,384,1224,1224
1687 100 1416,384,1224,1224
1688 100 1392,384,1224,1200
1689 100 1392,384,1224,1200
1690 100 1392,384,1224,1224
1691 100 1392,384,1224,1224
1692 100 1392,384,1224,1224
1693 100 1392,384,1224,1224
1694 100 1392,384,1224,1224
1695 100 1392,408,1224,1200
1696 100 1416,408,1224,1224
1697 100 1416,408,1224,1224
1698 100 1416,408,1224,1224
1699 100 1416,408,1224,1224
1700 100 1416,408,1224,1224
1701 100 1416,408,1224,1224
1702 100 1416,432,1224,1200
1703 100 1416,432,1224,1200
1704 100 1416,432,1224,1200
1705 100 1416,432,1224,1224
1706 100 1416,432,1224,1224
1707 100 1440,432,1224,1224
1708 100 1440,456,1224,1200
1709 100 1440,456,1224,1200
1710 100 1440,456,1224,1200
1711 100 1416,432,1224,1224
1712 100 1416,432,1224,1224
1713 100 1416,432,1224,1224
1714 100 1416,432,1224,1224
1715 100 1416,456,1224,1200
1716 100 1416,456,1224,1200
1717 100 1416,456,1224,1200
1718 100 1416,456,1224,1200
1719 100 1392,456,1224,1224
1720 100 1392,456,1224,1224
1721 100 1392,456,1224,1224
1722 100 1392,456,1224,1224
1723 100 1368,456,1224,1224
1724 100 1368,456,1224,1224
1725 100 1368,456,1224,1224
1726 100 1368,456,1224,1224
1727 100 1344,456,1224,1224
1728 100 1344,456,1224,1224
1729 100 1344,456,1224,1224
1730 100 1344,480,1224,1200
1731 100 1344,480,1224,1200
1732 100 1344,480,1224,1200
1733 100 1344,480,1224,1200
1734 100 1368,480,1224,1200
1735 100 1368,480,1224,1200
1736 100 1368,480,1224,1200
1737 100 1368,480,1224,1200
1738 100 1368,480,1224,1200
1739 100 1368,480,1224,1224
1740 100 1368,480,1224,1224
1741 100 1368,480,1224,1224
1742 100 1368,480,1224,1224
1743 100 1368,480,1224,1224
1744 100 1368,480,1224,1224
1745 100 1344,480,1224,1224
1746 100 1344,480,1224,1224
1747 100 1320,480,1224,1200
1748 100 1320,480,1224,1200
1749 100 1296,480,1224,1224
1750 100 1296,480,1224,1224
1751 100 1248,480,1224,1224
1752 100 1248,480,1224,1224
1753 100 1224,480,1224,1224
1754 100 1224,480,1224,1224
1755 100 1176,480,1224,1224
1756 100 1152,480,1224,1224
1757 100 1152,480,1224,1224
1758 100 1128,480,1224,1224
1759 100 1128,480,1224,1224
1760 100 1128,480,1224,1224
1761 100 1128,480,1224,1224
1762 100 1152,480,1224,1200
1763 100 1152,480,1224,1200
1764 100 1152,480,1224,1200
1765 100 1176,456,1224,1224
1766 100 1176,456,1224,1224
1767 100 1176,456,1224,1224
1768 100 1176,456,1224,1224
1769 100 1176,456,1224,1224
1770 100 1176,456,1224,1224
1771 100 1176,456,1224,1224
1772 100 1176,456,1224,1224
1773 100 1176,456,1224,1224
1774 100 1176,456,1224,1224
1775 100 1176,456,1224,1224
1776 100 1176,456,1224,1224
1777 100 1176,456,1224,1224
1778 100 1200,456,1224,1224
1779 100 1200,456,1224,1224
1780 100 1200,456,1224,1224
1781 100 1200,456,1224,1224
1782 100 1200,456,1224,1224
1783 100 1200,456,1224,1224
1784 100 1200,456,1224,1224
1785 100 1200,456,1224,1224
1786 100 1200,456,1224,1224
1787 100 1224,456,1224,1224
1788 100 1224,456,1224,1224
1789 100 1248,456,1224,1224
1790 100 1248,456,1224,1224
1791 100 1248,456,1224,1224
1792 100 1272,456,1224,1200
1793 100 1272,456,1224,1200
1794 100 1272,456,1224,1200
1795 100 1272,432,1224,1224
1796 100 1272,432,1224,1200
1797 100 1272,408,1224,1224
1798 100 1272,408,1224,1224
1799 100 1272,408,1224,1200
1800 100 1272,408,1224,1200
1801 100 1272,408,1224,1200
1802 100 1272,408,1224,1200
1803 100 1296,408,1224,1200
1804 100 1296,408,1224,1200
1805 100 1296,408,1224,1200
1806 100 1320,384,1224,1224
1807 100 1296,360,1224,1224
1808 100 1296,360,1224,1224
1809 100 1296,360,1224,1224
1810 100 1296,360,1224,1224
1811 100 1296,360,1224,1224
1812 100 1296,360,1224,1224
1813 100 1296,360,1224,1224
1814 100 1296,360,1224,1224
1815 100 1296,360,1224,1224
1816 100 1296,360,1224,1224
1817 100 1296,360,1224,1224
1818 100 1296,360,1224,1224
1819 100 1296,360,1224,1224
1820 100 1296,360,1224,1224
1821 100 1296,360,1224,1224
1822 100 1296,360,1224,1224
1823 100 1296,360,1224,1224
1824 100 1296,360,1224,1224
1825 100 1296,384,1224,1200
1826 100 1296,384,1224,1200
1827 100 1296,384,1224,1200
1828 100 1320,384,1224,1200
1829 100 1320,384,1224,1200
1830 100 1320,384,1224,1200
1831 100 1320,384,1224,1200
1832 100 1320,384,1224,1200
1833 100 1320,384,1224,1200
1834 100 1320,384,1224,1224
1835 100 1344,384,1224,1224
1836 100 1344,384,1224,1224
1837 100 1344,384,1224,1224
1838 100 1320,384,1224,1224
1839 100 1320,384,1224,1224
1840 100 1320,384,1224,1224
1841 100 1320,384,1224,1224
1842 100 1320,384,1224,1224
1843 100 1320,384,1224,1224
1844 100 1320,384,1224,1224
1845 100 1320,408,1224,1200
1846 100 1344,408,1224,1200
1847 100 1344,408,1224,1200
1848 100 1344,408,1224,1224
1849 100 1344,408,1224,1224
1850 100 1344,408,1224,1224
1851 100 1320,384,1224,1224
1852 100 1320,384,1224,1224
1853 100 1320,384,1224,1224
1854 100 1320,384,1224,1224
1855 100 1320,408,1224,1200
1856 100 1320,408,1224,1200
1857 100 1320,408,1224,1224
1858 100 1320,408,1224,1224
1859 100 1296,408,1224,1224
1860 100 1296,408,1224,1224
1861 100 1296,384,1224,1224
1862 100 1296,408,1224,1200
1863 100 1296,408,1224,1200
1864 100 1296,408,1224,1224
1865 100 1296,408,1224,1224
1866 100 1296,408,1224,1224
1867 100 1296,408,1224,1224
1868 100 1296,408,1224,1224
1869 100 1296,408,1224,1224
1870 100 1296,408,1224,1224
1871 100 1296,408,1224,1224
1872 100 1272,408,1224,1224
1873 100 1272,408,1224,1224
1874 100 1272,408,1224,1200
1875 100 1272,408,1224,1200
1876 100 1272,408,1224,1200
1877 100 1272,408,1224,1200
1878 100 1296,384,1224,1224
1879 100 1272,384,1224,1224
1880 100 1272,384,1224,1200
1881 100 1272,384,1224,1200
1882 100 1272,384,1224,1200
1883 100 1296,360,1224,1224
1884 100 1296,360,1224,1224
1885 100 1296,360,1224,1224
1886 100 1296,360,1224,1224
1887 100 1296,384,1224,1200
1888 100 1296,384,1224,1200
1889 100 1296,384,1224,1200
1890 100 1296,384,1224,1200
1891 100 1296,384,1224,1200
1892 100 1296,360,1224,1224
1893 100 1296,360,1224,1224
1894 100 1296,360,1224,1200
1895 100 1296,360,1224,1200
1896 100 1296,360,1224,1200
1897 100 1296,360,1224,1200
1898 100 1296,336,1224,1224
1899 100 1296,336,1224,1224
1900 100 1296,336,1224,1224
1901 100 1296,336,1224,1200
1902 100 1296,336,1224,1200
1903 100 1296,312,1224,1224
1904 100 1296,312,1224,1224
1905 100 1296,312,1224,1248
1906 100 1296,312,1224,1248
1907 100 1320,336,1224,1224
1908 100 1320,336,1224,1224
1909 100 1320,336,1224,1224
1910 100 1320,336,1224,1224
1911 100 1320,336,1224,1224
1912 100 1320,336,1224,1224
1913 100 1320,384,1224,1224
1914 100 1344,384,1224,1224
1915 100 1344,384,1224,1224
1916 100 1344,432,1224,1224
1917 100 1368,432,1224,1224
1918 100 1368,432,1224,1224
1919 100 1392,456,1224,1224
1920 100 1392,480,1224,1200
1921 100 1392,480,1224,1200
1922 100 1440,504,1224,1200
1923 100 1440,504,1224,1200
1924 100 1440,504,1224,1200
1925 100 1440,504,1224,1224
1926 100 1440,504,1224,1224
1927 100 1464,528,1224,1224
1928 100 1464,528,1224,1224
1929 100 1488,552,1224,1224
1930 100 1488,552,1224,1224
1931 100 1488,552,1224,1224
1932 100 1488,552,1224,1224
1933 100 1488,576,1224,1200
1934 100 1488,576,1224,1200
1935 100 1464,576,1224,1200
1936 100 1464,576,1224,1200
1937 100 1464,576,1224,1224
1938 100 1464,576,1224,1224
1939 100 1464,576,1224,1224
1940 100 1464,576,1224,1224
1941 100 1464,576,1224,1224
1942 100 1464,576,1224,1224
1943 100 1464,600,1224,1200
1944 100 1488,600,1224,1224
1945 100 1488,600,1224,1224
1946 100 1512,600,1224,1224
1947 100 1512,600,1224,1224
1948 100 1512,600,1224,1224
1949 100 1512,600,1224,1224
1950 100 1488,600,1224,1224
1951 100 1488,624,1224,1200
1952 100 1464,648,1224,1200
1953 100 1464,648,1224,1224
1954 100 1416,672,1224,1224
1955 100 1416,696,1224,1200
1956 100 1368,720,1224,1224
1957 100 1368,720,1224,1224
1958 100 1320,744,1224,1200
1959 100 1320,744,1224,1224
1960 100 1272,768,1224,1200
1961 100 1272,768,1224,1224
1962 100 1248,768,1224,1224
1963 100 1224,792,1224,1200
1964 100 1224,792,1224,1224
1965 100 1200,792,1224,1224
1966 100 1200,816,1224,1200
1967 100 1200,816,1224,1200
1968 100 1200,816,1224,1200
1969 100 1200,816,1224,1224
1970 100 1224,816,1224,1200
1971 100 1224,816,1224,1200
1972 100 1224,792,1224,1224
1973 100 1224,792,1224,1224
1974 100 1224,792,1224,1224
1975 100 1224,792,1224,1224
1976 100 1248,792,1224,1200
1977 100 1248,792,1224,1200
1978 100 1248,792,1224,1200
1979 100 1248,768,1224,1224
1980 100 1248,768,1224,1224
1981 100 1248,768,1224,1224
1982 100 1248,768,1224,1224
1983 100 1272,768,1224,1200
1984 100 1272,744,1224,1224
1985 100 1272,744,1224,1224
1986 100 1320,720,1224,1224
1987 100 1320,720,1224,1224
1988 100 1344,696,1224,1224
1989 100 1344,696,1224,1224
1990 100 1368,672,1224,1224
1991 100 1368,672,1224,1224
1992 100 1392,648,1224,1200
1993 100 1392,648,1224,1200
1994 100 1440,600,1224,1224
1995 100 1440,600,1224,1224
1996 100 1464,552,1224,1224
1997 100 1464,552,1224,1224
1998 100 1464,528,1224,1224
1999 100 1464,528,1224,1224
2000 100 1464,480,1224,1224
2001 100 1464,480,1224,1224
2002 100 1464,432,1224,1224
2003 100 1464,432,1224,1224
2004 100 1464,432,1224,1224
2005 100 1440,408,1224,1224
2006 100 1440,408,1224,1224
2007 100 1440,384,1224,1224
2008 100 1440,384,1224,1224
2009 100 1440,384,1224,1224
2010 100 1416,384,1224,1224
2011 100 1440,384,1224,1200
2012 100 1440,384,1224,1200
2013 100 1440,384,1224,1200
2014 100 1416,360,1224,1224
2015 100 1416,360,1224,1224
2016 100 1416,360,1224,1224
2017 100 1416,360,1224,1224
2018 100 1416,360,1224,1224
2019 100 1416,360,1224,1224
2020 100 1416,360,1224,1224
2021 100 1392,336,1224,1224
2022 100 1392,336,1224,1224
2023 100 1392,336,1224,1224
2024 100 1392,336,1224,1224
2025 100 1368,312,1224,1224
2026 100 1368,312,1224,1224
2027 100 1368,312,1224,1224
2028 100 1344,312,1224,1224
2029 100 1344,312,1224,1224
2030 100 1344,312,1224,1224
2031 100 1320,312,1224,1224
2032 100 1320,312,1224,1224
2033 100 1320,312,1224,1224
2034 100 1320,312,1224,1224
2035 100 1296,312,1224,1224
2036 100 1296,312,1224,1224
2037 100 1296,312,1224,1224
2038 100 1296,312,1224,1224
2039 100 1296,312,1224,1224
2040 100 1296,312,1224,1224
2041 100 1296,312,1224,1224
2042 100 1296,312,1224,1224
2043 100 1296,312,1224,1224
2044 100 1296,312,1224,1224
2045 100 1296,312,1224,1224
2046 100 1296,312,1224,1224
2047 100 1296,312,1224,1224
2048 100 1296,312,1224,1224
2049 100 1296,312,1224,1224
2050 100 1296,336,1224,1200
2051 100 1296,336,1224,1200
2052 100 1296,336,1224,1200
2053 100 1296,336,1224,1200
2054 100 1320,336,1224,1200
2055 100 1320,336,1224,1200
2056 100 1320,336,1224,1200
2057 100 1320,336,1224,1200
2058 100 1320,336,1224,1200
2059 100 1344,336,1224,1200
2060 100 1344,336,1224,1200
2061 100 1344,336,1224,1200
2062 100 1344,336,1224,1200
2063 100 1368,336,1224,1200
2064 100 1368,336,1224,1200
2065 100 1368,336,1224,1200
2066 100 1368,336,1224,1224
2067 100 1368,336,1224,1224
2068 100 1392,336,1224,1224
2069 100 1392,336,1224,1224
2070 100 1392,336,1224,1224
2071 100 1392,360,1224,1200
2072 100 1392,360,1224,1224
2073 100 1416,360,1224,1224
2074 100 1416,360,1224,1224
2075 100 1416,360,1224,1224
2076 100 1416,360,1224,1224
2077 100 1440,360,1224,1224
2078 100 1440,360,1224,1224
2079 100 1440,384,1224,1224
2080 100 1464,384,1224,1224
2081 100 1464,408,1224,1200
2082 100 1464,408,1224,1200
2083 100 1512,408,1224,1224
2084 100 1512,408,1224,1224
2085 100 1536,432,1224,1224
2086 100 1560,432,1224,1224
2087 100 1560,432,1224,1224
2088 100 1560,432,1224,1224
2089 100 1584,456,1224,1224
2090 100 1584,456,1224,1224
2091 100 1584,456,1224,1224
2092 100 1584,456,1224,1224
2093 100 1632,480,1224,1224
2094 100 1656,480,1224,1224
2095 100 1680,504,1224,1224
2096 100 1704,504,1224,1224
2097 100 1728,528,1224,1224
2098 100 1728,528,1224,1248
