0 100 2400,456,1224,1200
1 100 2400,432,1224,1200
2 100 2400,432,1224,1200
3 100 2400,432,1224,1200
4 100 2400,432,1224,1200
5 100 2400,432,1224,1200
6 100 2400,432,1224,1200
7 100 2400,432,1224,1200
8 100 2400,456,1224,1200
9 100 2400,456,1224,1200
10 100 2400,456,1224,1200
11 100 2400,456,1224,1200
12 100 2400,456,1224,1200
13 100 2400,456,1224,1200
14 100 2400,456,1224,1200
15 100 2400,456,1224,1200
16 100 2400,456,1224,1200
17 100 2400,456,1224,1200
18 100 2400,456,1224,1200
19 100 2400,456,1224,1200
20 100 2400,456,1224,1200
21 100 2424,456,1224,1200
22 100 2424,456,1224,1200
23 100 2424,456,1224,1200
24 100 2424,456,1224,1200
25 100 2424,456,1224,1224
26 100 2424,480,1224,1200
27 100 2424,480,1224,1200
28 100 2448,480,1224,1224
29 100 2448,504,1224,1224
30 100 2448,504,1224,1224
31 100 2472,528,1224,1200
32 100 2496,528,1224,1200
33 100 2496,528,1224,1200
34 100 2520,528,1224,1224
35 100 2544,552,1224,1200
36 100 2544,552,1224,1200
37 100 2544,552,1224,1200
38 100 2568,528,1224,1224
39 100 2568,528,1224,1224
40 100 2544,528,1224,1224
41 100 2544,528,1224,1224
42 100 2544,528,1224,1224
43 100 2544,528,1224,1224
44 100 2544,528,1224,1224
45 100 2544,528,1224,1200
46 100 2544,528,1224,1200
47 100 2544,528,1224,1200
48 100 2544,528,1224,1224
49 100 2520,528,1224,1224
50 100 2520,528,1224,1224
51 100 2520,552,1224,1200
52 100 2520,552,1224,1200
53 100 2520,552,1224,1200
54 100 2496,528,1224,1200
55 100 2496,528,1224,1200
56 100 2496,528,1224,1200
57 100 2520,504,1224,1224
58 100 2520,528,1224,1200
59 100 2520,528,1224,1200
60 100 2520,528,1224,1200
61 100 2520,528,1224,1200
62 100 2520,528,1224,1200
63 100 2520,528,1224,1200
64 100 2520,528,1224,1200
65 100 2520,528,1224,1200
66 100 2520,528,1224,1200
67 100 2520,528,1224,1200
68 100 2496,528,1224,1200
69 100 2496,528,1224,1200
70 100 2496,528,1224,1200
71 100 2496,528,1224,1200
72 100 2496,528,1224,1200
73 100 2496,528,1224,1200
74 100 2496,528,1224,1224
75 100 2496,528,1224,1224
76 100 2496,528,1224,1224
77 100 2496,528,1224,1200
78 100 2496,528,1224,1200
79 100 2496,528,1224,1200
80 100 2496,528,1224,1224
81 100 2496,528,1224,1200
82 100 2496,528,1224,1200
83 100 2496,528,1224,1200
84 100 2496,528,1224,1200
85 100 2496,528,1224,1200
86 100 2496,528,1224,1200
87 100 2496,528,1224,1200
88 100 2472,528,1224,1200
89 100 2472,528,1224,1200
90 100 2472,528,1224,1200
91 100 2472,528,1224,1224
92 100 2472,528,1224,1200
93 100 2472,528,1224,1200
94 100 2472,528,1224,1200
95 100 2472,528,1224,1200
96 100 2472,528,1224,1200
97 100 2472,528,1224,1200
98 100 2472,528,1224,1200
99 100 2472,528,1224,1200
100 100 2472,528,1224,1200
101 100 2472,528,1224,1200
102 100 2472,528,1224,1200
103 100 2472,528,1224,1200
104 100 2496,528,1224,1200
105 100 2496,528,1224,1200
106 100 2496,528,1224,1200
107 100 2496,528,1224,1200
108 100 2496,528,1224,1200
109 100 2496,528,1224,1200
110 100 2496,528,1224,1200
111 100 2496,528,1224,1200
112 100 2496,528,1224,1200
113 100 2496,528,1224,1200
114 100 2496,504,1224,1224
115 100 2496,528,1224,1200
116 100 2496,528,1224,1200
117 100 2496,528,1224,1200
118 100 2496,528,1224,1200
119 100 2496,528,1224,1200
120 100 2496,528,1224,1200
121 100 2496,528,1224,1200
122 100 2496,528,1224,1200
123 100 2496,528,1224,1200
124 100 2496,528,1224,1200
125 100 2496,528,1224,1200
126 100 2496,528,1224,1200
127 100 2496,528,1224,1200
128 100 2496,528,1224,1200
129 100 2496,528,1224,1200
130 100 2496,528,1224,1200
131 100 2496,528,1224,1200
132 100 2496,528,1224,1200
133 100 2496,528,1224,1200
134 100 2496,504,1224,1224
135 100 2496,504,1224,1224
136 100 2496,504,1224,1224
137 100 2496,504,1224,1224
138 100 2496,504,1224,1224
139 100 2496,504,1224,1224
140 100 2496,504,1224,1224
141 100 2496,504,1224,1224
142 100 2496,504,1224,1224
143 100 2496,528,1224,1200
144 100 2496,528,1224,1200
145 100 2496,528,1224,1200
146 100 2496,528,1224,1200
147 100 2496,528,1224,1200
148 100 2496,504,1224,1224
149 100 2496,504,1224,1224
150 100 2496,504,1224,1224
151 100 2496,504,1224,1224
152 100 2496,504,1224,1224
153 100 2496,504,1224,1224
154 100 2496,504,1224,1224
155 100 2496,504,1224,1224
156 100 2496,504,1224,1224
157 100 2496,504,1224,1224
158 100 2496,504,1224,1224
159 100 2496,504,1224,1224
160 100 2496,504,1224,1224
161 100 2496,504,1224,1224
162 100 2496,504,1224,1224
163 100 2496,504,1224,1224
164 100 2496,504,1224,1224
165 100 2496,504,1224,1224
166 100 2496,504,1224,1224
167 100 2496,504,1224,1224
168 100 2496,504,1224,1224
169 100 2496,504,1224,1224
170 100 2496,504,1224,1224
171 100 2496,504,1224,1224
172 100 2472,528,1224,1200
173 100 2472,528,1224,1200
174 100 2472,528,1224,1200
175 100 2472,552,1224,1200
176 100 2472,552,1224,1200
177 100 2472,528,1224,1224
178 100 2472,528,1224,1224
179 100 2496,528,1224,1224
180 100 2496,528,1224,1200
181 100 2496,528,1224,1200
182 100 2496,528,1224,1200
183 100 2496,528,1224,1200
184 100 2496,528,1224,1200
185 100 2496,528,1224,1200
186 100 2496,528,1224,1200
187 100 2496,528,1224,1200
188 100 2496,528,1224,1200
189 100 2496,528,1224,1200
190 100 2496,528,1224,1200
191 100 2496,528,1224,1200
192 100 2496,552,1224,1200
193 100 2496,552,1224,1200
194 100 2496,552,1224,1200
195 100 2472,552,1224,1200
196 100 2472,552,1224,1200
197 100 2472,552,1224,1200
198 100 2472,576,1224,1200
199 100 2472,576,1224,1200
200 100 2472,576,1224,1200
201 100 2472,576,1224,1200
202 100 2472,576,1224,1200
203 100 2472,576,1224,1224
204 100 2472,576,1224,1224
205 100 2472,576,1224,1224
206 100 2472,576,1224,1224
207 100 2472,576,1224,1224
208 100 2496,576,1224,1200
209 100 2496,576,1224,1200
210 100 2496,576,1224,1200
211 100 2496,576,1224,1224
212 100 2496,600,1224,1200
213 100 2496,600,1224,1200
214 100 2496,600,1224,1200
215 100 2496,600,1224,1200
216 100 2496,600,1224,1200
217 100 2496,600,1224,1200
218 100 2496,600,1224,1200
219 100 2496,600,1224,1200
220 100 2520,600,1224,1200
221 100 2520,600,1224,1200
222 100 2544,600,1224,1200
223 100 2568,600,1224,1200
224 100 2568,600,1224,1200
225 100 2592,576,1224,1224
226 100 2616,576,1224,1224
227 100 2616,576,1224,1224
228 100 2616,576,1224,1200
229 100 2616,576,1224,1200
230 100 2616,576,1224,1200
231 100 2616,576,1224,1200
232 100 2640,576,1224,1200
233 100 2640,576,1224,1200
234 100 2664,576,1224,1200
235 100 2616,576,1224,1200
236 100 2616,576,1224,1200
237 100 2616,552,1224,1224
238 100 2592,552,1224,1200
239 100 2592,552,1224,1200
240 100 2520,528,1224,1200
241 100 2520,528,1224,1200
242 100 2472,528,1224,1200
243 100 2400,504,1224,1224
244 100 2400,504,1224,1224
245 100 2376,504,1224,1200
246 100 2352,480,1224,1224
247 100 2352,480,1224,1224
248 100 2328,480,1224,1200
249 100 2328,480,1224,1224
250 100 2328,480,1224,1224
251 100 2304,480,1224,1200
252 100 2280,456,1224,1224
253 100 2280,456,1224,1224
254 100 2256,456,1224,1224
255 100 2184,456,1224,1224
256 100 2184,456,1224,1224
257 100 2160,456,1224,1224
258 100 2112,480,1224,1200
259 100 2112,480,1224,1200
260 100 2088,480,1224,1200
261 100 2088,480,1224,1200
262 100 2088,480,1224,1200
263 100 2088,480,1224,1200
264 100 2088,480,1224,1200
265 100 2088,480,1224,1200
266 100 2088,480,1224,1200
267 100 2088,480,1224,1200
268 100 2064,480,1224,1200
269 100 2064,480,1224,1200
270 100 2064,480,1224,1200
271 100 2064,480,1224,1200
272 100 2064,480,1224,1200
273 100 2064,480,1224,1200
274 100 2064,480,1224,1200
275 100 2064,456,1224,1224
276 100 2064,456,1224,1224
277 100 2064,456,1224,1224
278 100 2064,456,1224,1224
279 100 2064,456,1224,1224
280 100 2040,456,1224,1224
281 100 2040,480,1224,1200
282 100 2040,480,1224,1200
283 100 2016,480,1224,1200
284 100 1992,480,1224,1200
285 100 1992,480,1224,1200
286 100 1944,504,1224,1200
287 100 1920,504,1224,1200
288 100 1920,504,1224,1200
289 100 1872,504,1224,1224
290 100 1872,504,1224,1224
291 100 1848,504,1224,1224
292 100 1824,504,1224,1200
293 100 1824,504,1224,1200
294 100 1800,504,1224,1224
295 100 1776,528,1224,1200
296 100 1776,528,1224,1200
297 100 1728,528,1224,1224
298 100 1704,528,1224,1200
299 100 1704,528,1224,1200
300 100 1704,504,1224,1224
301 100 1680,504,1224,1200
302 100 1680,504,1224,1200
303 100 1680,504,1224,1200
304 100 1656,504,1224,1200
305 100 1656,504,1224,1200
306 100 1632,504,1224,1200
307 100 1608,480,1224,1224
308 100 1608,480,1224,1224
309 100 1584,480,1224,1200
310 100 1560,480,1224,1200
311 100 1560,480,1224,1200
312 100 1512,456,1224,1224
313 100 1512,456,1224,1224
314 100 1488,456,1224,1200
315 100 1464,456,1224,1200
316 100 1464,456,1224,1200
317 100 1464,432,1224,1224
318 100 1440,432,1224,1224
319 100 1440,432,1224,1224
320 100 1440,432,1224,1200
321 100 1440,408,1224,1224
322 100 1440,408,1224,1224
323 100 1440,432,1224,1200
324 100 1440,432,1224,1200
325 100 1440,432,1224,1200
326 100 1440,432,1224,1200
327 100 1440,432,1224,1200
328 100 1440,432,1224,1200
329 100 1416,432,1224,1224
330 100 1416,432,1224,1224
331 100 1416,432,1224,1224
332 100 1416,432,1224,1224
333 100 1392,432,1224,1224
334 100 1392,432,1224,1224
335 100 1392,432,1224,1224
336 100 1368,456,1224,1200
337 100 1368,456,1224,1200
338 100 1344,432,1224,1224
339 100 1344,432,1224,1224
340 100 1344,432,1224,1224
341 100 1320,432,1224,1224
342 100 1320,432,1224,1224
343 100 1320,432,1224,1200
344 100 1320,432,1224,1200
345 100 1320,432,1224,1200
346 100 1320,456,1224,1200
347 100 1320,456,1224,1224
348 100 1320,456,1224,1224
349 100 1320,456,1224,1224
350 100 1296,456,1224,1200
351 100 1296,456,1224,1200
352 100 1296,456,1224,1200
353 100 1296,456,1224,1200
354 100 1320,456,1224,1224
355 100 1320,456,1224,1224
356 100 1320,456,1224,1224
357 100 1344,456,1224,1224
358 100 1368,456,1224,1224
359 100 1368,456,1224,1224
360 100 1392,480,1224,1200
361 100 1416,480,1224,1224
362 100 1416,480,1224,1224
363 100 1440,456,1224,1224
364 100 1440,480,1224,1200
365 100 1440,480,1224,1200
366 100 1440,480,1224,1200
367 100 1440,456,1224,1224
368 100 1440,456,1224,1224
369 100 1440,456,1224,1224
370 100 1440,456,1224,1224
371 100 1416,456,1224,1200
372 100 1416,432,1224,1224
373 100 1416,432,1224,1224
374 100 1416,432,1224,1224
375 100 1416,432,1224,1200
376 100 1416,432,1224,1200
377 100 1440,432,1224,1200
378 100 1440,432,1224,1200
379 100 1440,432,1224,1200
380 100 1440,408,1224,1224
381 100 1440,408,1224,1224
382 100 1440,408,1224,1224
383 100 1440,408,1224,1224
384 100 1440,432,1224,1200
385 100 1440,432,1224,1200
386 100 1440,432,1224,1200
387 100 1416,432,1224,1224
388 100 1416,432,1224,1224
389 100 1416,432,1224,1200
390 100 1416,432,1224,1200
391 100 1416,432,1224,1200
392 100 1416,432,1224,1200
393 100 1416,432,1224,1200
394 100 1416,432,1224,1200
395 100 1416,432,1224,1200
396 100 1416,432,1224,1200
397 100 1416,408,1224,1224
398 100 1416,408,1224,1224
399 100 1416,408,1224,1224
400 100 1416,432,1224,1200
401 100 1416,408,1224,1224
402 100 1416,408,1224,1224
403 100 1416,408,1224,1200
404 100 1416,408,1224,1200
405 100 1416,408,1224,1200
406 100 1416,408,1224,1200
407 100 1416,408,1224,1200
408 100 1416,408,1224,1200
409 100 1416,408,1224,1200
410 100 1416,408,1224,1224
411 100 1416,408,1224,1224
412 100 1440,432,1224,1200
413 100 1440,432,1224,1200
414 100 1440,432,1224,1200
415 100 1440,432,1224,1224
416 100 1440,432,1224,1224
417 100 1464,432,1224,1224
418 100 1440,432,1224,1200
419 100 1440,432,1224,1200
420 100 1440,408,1224,1200
421 100 1440,408,1224,1200
422 100 1440,408,1224,1200
423 100 1440,408,1224,1200
424 100 1440,408,1224,1200
425 100 1440,408,1224,1200
426 100 1416,384,1224,1200
427 100 1392,384,1224,1224
428 100 1392,384,1224,1224
429 100 1368,384,1224,1200
430 100 1368,384,1224,1200
431 100 1368,384,1224,1200
432 100 1344,384,1224,1200
433 100 1344,384,1224,1200
434 100 1344,384,1224,1200
435 100 1344,384,1224,1200
436 100 1344,384,1224,1200
437 100 1344,384,1224,1200
438 100 1344,384,1224,1200
439 100 1344,384,1224,1200
440 100 1344,360,1224,1224
441 100 1368,360,1224,1224
442 100 1368,360,1224,1224
443 100 1368,360,1224,1200
444 100 1368,360,1224,1200
445 100 1368,360,1224,1200
446 100 1368,360,1224,1200
447 100 1368,384,1224,1200
448 100 1368,384,1224,1200
449 100 1344,360,1224,1200
450 100 1344,384,1224,1200
451 100 1344,384,1224,1200
452 100 1344,384,1224,1200
453 100 1344,384,1224,1200
454 100 1320,384,1224,1224
455 100 1296,408,1224,1200
456 100 1296,408,1224,1200
457 100 1296,408,1224,1200
458 100 1296,408,1224,1200
459 100 1296,408,1224,1200
460 100 1320,408,1224,1200
461 100 1320,432,1224,1200
462 100 1320,432,1224,1200
463 100 1344,456,1224,1200
464 100 1344,456,1224,1200
465 100 1344,456,1224,1200
466 100 1344,456,1224,1200
467 100 1368,456,1224,1200
468 100 1368,456,1224,1200
469 100 1368,456,1224,1200
470 100 1344,456,1224,1200
471 100 1344,456,1224,1200
472 100 1344,456,1224,1200
473 100 1344,456,1224,1200
474 100 1344,456,1224,1200
475 100 1344,456,1224,1200
476 100 1344,456,1224,1200
477 100 1344,456,1224,1224
478 100 1344,480,1224,1200
479 100 1344,480,1224,1200
480 100 1320,456,1224,1224
481 100 1296,456,1224,1224
482 100 1296,456,1224,1224
483 100 1272,456,1224,1200
484 100 1248,456,1224,1200
485 100 1248,456,1224,1200
486 100 1248,456,1224,1224
487 100 1272,456,1224,1224
488 100 1272,456,1224,1224
489 100 1272,456,1224,1224
490 100 1272,456,1224,1224
491 100 1272,456,1224,1200
492 100 1272,456,1224,1200
493 100 1272,456,1224,1200
494 100 1272,456,1224,1200
495 100 1272,456,1224,1200
496 100 1272,456,1224,1200
497 100 1272,456,1224,1200
498 100 1272,456,1224,1200
499 100 1272,456,1224,1200
500 100 1248,432,1224,1224
501 100 1248,432,1224,1200
502 100 1248,432,1224,1200
503 100 1224,432,1224,1200
504 100 1224,432,1224,1200
505 100 1224,432,1224,1200
506 100 1224,432,1224,1200
507 100 1224,408,1224,1224
508 100 1224,408,1224,1224
509 100 1224,408,1224,1200
510 100 1248,408,1224,1200
511 100 1248,408,1224,1200
512 100 1272,408,1224,1200
513 100 1272,408,1224,1200
514 100 1296,408,1224,1200
515 100 1368,432,1224,1200
516 100 1368,432,1224,1200
517 100 1440,432,1224,1224
518 100 1512,432,1224,1224
519 100 1512,432,1224,1224
520 100 1560,456,1224,1224
521 100 1608,456,1224,1224
522 100 1608,456,1224,1224
523 100 1608,456,1224,1224
524 100 1608,456,1224,1224
525 100 1608,456,1224,1224
526 100 1608,456,1224,1200
527 100 1608,456,1224,1200
528 100 1608,456,1224,1200
529 100 1608,432,1224,1224
530 100 1584,432,1224,1224
531 100 1584,432,1224,1224
532 100 1560,432,1224,1224
533 100 1560,432,1224,1224
534 100 1536,432,1224,1200
535 100 1512,432,1224,1200
536 100 1512,432,1224,1200
537 100 1512,432,1224,1200
538 100 1488,432,1224,1200
539 100 1488,432,1224,1200
540 100 1488,432,1224,1200
541 100 1464,408,1224,1224
542 100 1464,408,1224,1224
543 100 1464,408,1224,1224
544 100 1440,408,1224,1224
545 100 1440,408,1224,1224
546 100 1440,408,1224,1224
547 100 1440,408,1224,1224
548 100 1440,408,1224,1224
549 100 1416,408,1224,1224
550 100 1416,408,1224,1224
551 100 1416,408,1224,1224
552 100 1392,408,1224,1200
553 100 1392,408,1224,1200
554 100 1392,408,1224,1200
555 100 1392,408,1224,1200
556 100 1392,408,1224,1200
557 100 1392,408,1224,1200
558 100 1392,408,1224,1200
559 100 1392,408,1224,1200
560 100 1368,384,1224,1224
561 100 1368,384,1224,1200
562 100 1368,384,1224,1200
563 100 1344,384,1224,1200
564 100 1344,384,1224,1200
565 100 1344,384,1224,1200
566 100 1344,384,1224,1200
567 100 1344,384,1224,1200
568 100 1344,384,1224,1200
569 100 1344,384,1224,1200
570 100 1344,384,1224,1200
571 100 1344,384,1224,1200
572 100 1344,384,1224,1200
573 100 1344,384,1224,1200
574 100 1344,384,1224,1200
575 100 1344,384,1224,1224
576 100 1344,384,1224,1224
577 100 1344,408,1224,1200
578 100 1344,408,1224,1200
579 100 1344,408,1224,1200
580 100 1344,408,1224,1200
581 100 1344,408,1224,1200
582 100 1344,408,1224,1200
583 100 1344,408,1224,1200
584 100 1344,408,1224,1200
585 100 1344,408,1224,1200
586 100 1344,408,1224,1200
587 100 1344,408,1224,1200
588 100 1344,408,1224,1200
589 100 1344,408,1224,1200
590 100 1344,432,1224,1200
591 100 1344,432,1224,1200
592 100 1344,432,1224,1200
593 100 1344,456,1224,1200
594 100 1344,456,1224,1200
595 100 1368,456,1224,1200
596 100 1344,456,1224,1200
597 100 1344,456,1224,1200
598 100 1344,456,1224,1200
599 100 1344,456,1224,1200
600 100 1344,456,1224,1224
601 100 1368,456,1224,1224
602 100 1368,456,1224,1224
603 100 1368,456,1224,1224
604 100 1344,480,1224,1200
605 100 1344,480,1224,1200
606 100 1344,480,1224,1200
607 100 1344,480,1224,1200
608 100 1344,480,1224,1200
609 100 1344,480,1224,1200
610 100 1344,480,1224,1200
611 100 1344,480,1224,1200
612 100 1320,480,1224,1200
613 100 1320,480,1224,1200
614 100 1320,480,1224,1200
615 100 1344,480,1224,1224
616 100 1344,480,1224,1224
617 100 1320,480,1224,1224
618 100 1320,480,1224,1224
619 100 1320,480,1224,1224
620 100 1320,480,1224,1224
621 100 1320,480,1224,1224
622 100 1320,480,1224,1224
623 100 1320,480,1224,1224
624 100 1344,480,1224,1224
625 100 1344,480,1224,1224
626 100 1344,504,1224,1200
627 100 1344,480,1224,1224
628 100 1344,480,1224,1224
629 100 1344,480,1224,1224
630 100 1344,480,1224,1200
631 100 1344,480,1224,1200
632 100 1368,480,1224,1200
633 100 1368,480,1224,1200
634 100 1368,480,1224,1200
635 100 1368,480,1224,1200
636 100 1368,480,1224,1200
637 100 1368,480,1224,1200
638 100 1368,480,1224,1200
639 100 1368,480,1224,1200
640 100 1368,480,1224,1200
641 100 1368,456,1224,1224
642 100 1368,456,1224,1224
643 100 1368,456,1224,1224
644 100 1368,456,1224,1224
645 100 1368,456,1224,1224
646 100 1368,456,1224,1200
647 100 1344,456,1224,1200
648 100 1344,456,1224,1200
649 100 1344,456,1224,1200
650 100 1344,456,1224,1200
651 100 1344,456,1224,1200
652 100 1344,432,1224,1224
653 100 1344,432,1224,1224
654 100 1344,432,1224,1200
655 100 1344,432,1224,1200
656 100 1344,432,1224,1200
657 100 1344,432,1224,1200
658 100 1344,408,1224,1224
659 100 1344,408,1224,1224
660 100 1320,408,1224,1200
661 100 1320,408,1224,1200
662 100 1320,408,1224,1200
663 100 1320,384,1224,1224
664 100 1320,384,1224,1200
665 100 1320,384,1224,1200
666 100 1320,384,1224,1200
667 100 1320,360,1224,1224
668 100 1320,360,1224,1224
669 100 1320,360,1224,1200
670 100 1320,360,1224,1200
671 100 1320,360,1224,1200
672 100 1320,360,1224,1200
673 100 1320,360,1224,1200
674 100 1320,360,1224,1200
675 100 1320,360,1224,1200
676 100 1320,360,1224,1200
677 100 1320,336,1224,1224
678 100 1320,336,1224,1224
679 100 1320,336,1224,1224
680 100 1320,336,1224,1224
681 100 1320,336,1224,1224
682 100 1320,336,1224,1224
683 100 1320,336,1224,1224
684 100 1320,336,1224,1224
685 100 1320,336,1224,1224
686 100 1320,336,1224,1224
687 100 1296,336,1224,1224
688 100 1296,336,1224,1224
689 100 1296,336,1224,1224
690 100 1296,360,1224,1200
691 100 1296,360,1224,1200
692 100 1320,360,1224,1200
693 100 1296,360,1224,1200
694 100 1296,360,1224,1200
695 100 1320,384,1224,1200
696 100 1320,384,1224,1200
697 100 1320,384,1224,1200
698 100 1320,408,1224,1200
699 100 1320,408,1224,1200
700 100 1320,408,1224,1200
701 100 1320,408,1224,1200
702 100 1320,408,1224,1200
703 100 1296,384,1224,1224
704 100 1296,384,1224,1200
705 100 1296,384,1224,1200
706 100 1296,384,1224,1200
707 100 1320,384,1224,1200
708 100 1320,384,1224,1200
709 100 1320,384,1224,1200
710 100 1320,360,1224,1224
711 100 1320,360,1224,1224
712 100 1320,384,1224,1200
713 100 1320,384,1224,1200
714 100 1320,384,1224,1200
715 100 1344,384,1224,1200
716 100 1344,384,1224,1200
717 100 1344,384,1224,1200
718 100 1344,384,1224,1200
719 100 1344,384,1224,1200
720 100 1344,384,1224,1200
721 100 1344,384,1224,1224
722 100 1344,384,1224,1224
723 100 1344,384,1224,1224
724 100 1344,384,1224,1224
725 100 1344,384,1224,1224
726 100 1344,384,1224,1224
727 100 1344,384,1224,1224
728 100 1344,384,1224,1224
729 100 1344,384,1224,1224
730 100 1344,384,1224,1224
731 100 1344,384,1224,1224
732 100 1344,384,1224,1224
733 100 1344,384,1224,1224
734 100 1344,384,1224,1224
735 100 1344,384,1224,1224
736 100 1344,384,1224,1200
737 100 1344,384,1224,1200
738 100 1344,384,1224,1224
739 100 1344,384,1224,1224
740 100 1344,384,1224,1224
741 100 1344,384,1224,1224
742 100 1344,384,1224,1224
743 100 1344,384,1224,1200
744 100 1344,384,1224,1224
745 100 1344,384,1224,1224
746 100 1344,384,1224,1224
747 100 1344,384,1224,1224
748 100 1344,384,1224,1224
749 100 1344,384,1224,1224
750 100 1344,384,1224,1224
751 100 1344,384,1224,1224
752 100 1344,384,1224,1224
753 100 1344,384,1224,1224
754 100 1344,384,1224,1224
755 100 1368,408,1224,1200
756 100 1368,408,1224,1200
757 100 1368,408,1224,1200
758 100 1344,408,1224,1200
759 100 1344,408,1224,1200
760 100 1344,384,1224,1224
761 100 1344,408,1224,1200
762 100 1344,408,1224,1200
763 100 1344,384,1224,1224
764 100 1368,408,1224,1200
765 100 1368,408,1224,1200
766 100 1344,408,1224,1200
767 100 1344,384,1224,1224
768 100 1344,384,1224,1224
769 100 1344,384,1224,1224
770 100 1344,384,1224,1224
771 100 1344,384,1224,1224
772 100 1344,384,1224,1224
773 100 1344,408,1224,1200
774 100 1344,408,1224,1200
775 100 1320,408,1224,1200
776 100 1320,384,1224,1224
777 100 1320,384,1224,1224
778 100 1320,384,1224,1224
779 100 1320,384,1224,1224
780 100 1320,384,1224,1224
781 100 1320,384,1224,1200
782 100 1320,384,1224,1200
783 100 1320,360,1224,1224
784 100 1320,384,1224,1200
785 100 1320,384,1224,1200
786 100 1320,384,1224,1200
787 100 1320,384,1224,1200
788 100 1320,384,1224,1200
789 100 1320,384,1224,1200
790 100 1320,384,1224,1200
791 100 1320,384,1224,1200
792 100 1320,384,1224,1224
793 100 1344,384,1224,1224
794 100 1344,384,1224,1224
795 100 1344,408,1224,1200
796 100 1344,384,1224,1224
797 100 1344,384,1224,1224
798 100 1344,408,1224,1200
799 100 1344,408,1224,1200
800 100 1344,408,1224,1200
801 100 1344,408,1224,1224
802 100 1344,408,1224,1200
803 100 1344,408,1224,1200
804 100 1344,384,1224,1224
805 100 1344,384,1224,1224
806 100 1344,384,1224,1224
807 100 1344,384,1224,1224
808 100 1344,384,1224,1224
809 100 1344,408,1224,1200
810 100 1344,408,1224,1200
811 100 1344,408,1224,1200
812 100 1344,408,1224,1200
813 100 1344,408,1224,1200
814 100 1344,408,1224,1200
815 100 1344,408,1224,1200
816 100 1344,408,1224,1200
817 100 1344,408,1224,1200
818 100 1344,384,1224,1224
819 100 1344,408,1224,1200
820 100 1344,408,1224,1200
821 100 1344,408,1224,1200
822 100 1344,408,1224,1200
823 100 1344,408,1224,1200
824 100 1320,408,1224,1200
825 100 1320,408,1224,1200
826 100 1320,408,1224,1200
827 100 1320,408,1224,1200
828 100 1320,408,1224,1200
829 100 1320,408,1224,1200
830 100 1320,408,1224,1200
831 100 1320,408,1224,1200
832 100 1320,408,1224,1200
833 100 1320,408,1224,1200
834 100 1320,408,1224,1200
835 100 1320,408,1224,1200
836 100 1320,408,1224,1200
837 100 1320,408,1224,1200
838 100 1320,408,1224,1200
839 100 1320,408,1224,1200
840 100 1320,408,1224,1200
841 100 1320,408,1224,1200
842 100 1320,408,1224,1200
843 100 1320,408,1224,1200
844 100 1320,408,1224,1200
845 100 1320,408,1224,1224
846 100 1320,408,1224,1224
847 100 1320,408,1224,1224
848 100 1320,408,1224,1200
849 100 1320,408,1224,1200
850 100 1320,408,1224,1224
851 100 1320,408,1224,1224
852 100 1320,408,1224,1224
853 100 1320,408,1224,1224
854 100 1320,408,1224,1224
855 100 1320,408,1224,1224
856 100 1320,408,1224,1224
857 100 1320,408,1224,1224
858 100 1320,408,1224,1224
859 100 1320,408,1224,1224
860 100 1320,408,1224,1224
861 100 1296,408,1224,1224
862 100 1296,432,1224,1200
863 100 1296,432,1224,1200
864 100 1272,432,1224,1200
865 100 1272,432,1224,1200
866 100 1272,432,1224,1200
867 100 1272,432,1224,1224
868 100 1272,432,1224,1224
869 100 1248,456,1224,1200
870 100 1248,456,1224,1200
871 100 1248,456,1224,1200
872 100 1248,456,1224,1200
873 100 1248,456,1224,1200
874 100 1248,456,1224,1200
875 100 1248,456,1224,1224
876 100 1272,480,1224,1200
877 100 1272,480,1224,1200
878 100 1272,480,1224,1200
879 100 1272,480,1224,1200
880 100 1272,480,1224,1200
881 100 1296,480,1224,1200
882 100 1296,480,1224,1200
883 100 1296,480,1224,1200
884 100 1296,480,1224,1224
885 100 1296,480,1224,1224
886 100 1296,480,1224,1224
887 100 1320,480,1224,1224
888 100 1320,480,1224,1224
889 100 1320,504,1224,1200
890 100 1320,504,1224,1200
891 100 1320,504,1224,1200
892 100 1320,504,1224,1200
893 100 1320,504,1224,1200
894 100 1320,504,1224,1200
895 100 1320,504,1224,1200
896 100 1320,504,1224,1200
897 100 1320,504,1224,1200
898 100 1320,504,1224,1200
899 100 1320,504,1224,1200
900 100 1320,504,1224,1200
901 100 1320,504,1224,1224
902 100 1320,504,1224,1200
903 100 1320,504,1224,1200
904 100 1320,504,1224,1224
905 100 1320,504,1224,1224
906 100 1320,504,1224,1224
907 100 1320,504,1224,1224
908 100 1320,528,1224,1200
909 100 1320,528,1224,1200
910 100 1320,528,1224,1200
911 100 1320,528,1224,1224
912 100 1320,528,1224,1224
913 100 1344,528,1224,1224
914 100 1344,552,1224,1200
915 100 1344,552,1224,1200
916 100 1320,552,1224,1200
917 100 1320,552,1224,1200
918 100 1320,552,1224,1224
919 100 1344,576,1224,1200
920 100 1344,576,1224,1200
921 100 1320,576,1224,1200
922 100 1320,576,1224,1200
923 100 1320,576,1224,1200
924 100 1344,552,1224,1224
925 100 1344,552,1224,1224
926 100 1344,552,1224,1224
927 100 1344,552,1224,1224
928 100 1344,552,1224,1224
929 100 1344,552,1224,1224
930 100 1344,552,1224,1200
931 100 1368,552,1224,1200
932 100 1368,552,1224,1200
933 100 1368,528,1224,1224
934 100 1392,528,1224,1200
935 100 1392,528,1224,1200
936 100 1392,528,1224,1200
937 100 1392,504,1224,1224
938 100 1392,504,1224,1224
939 100 1392,504,1224,1200
940 100 1392,504,1224,1200
941 100 1416,480,1224,1224
942 100 1416,480,1224,1200
943 100 1416,480,1224,1200
944 100 1392,480,1224,1200
945 100 1392,480,1224,1200
946 100 1392,480,1224,1200
947 100 1392,480,1224,1200
948 100 1392,480,1224,1200
949 100 1392,480,1224,1200
950 100 1392,456,1224,1224
951 100 1392,456,1224,1224
952 100 1392,456,1224,1224
953 100 1392,456,1224,1200
954 100 1392,456,1224,1200
955 100 1392,456,1224,1200
956 100 1368,456,1224,1200
957 100 1368,432,1224,1224
958 100 1368,432,1224,1224
959 100 1368,432,1224,1200
960 100 1368,432,1224,1200
961 100 1368,432,1224,1200
962 100 1344,432,1224,1200
963 100 1344,432,1224,1200
964 100 1344,432,1224,1200
965 100 1344,432,1224,1200
966 100 1344,432,1224,1200
967 100 1320,408,1224,1224
968 100 1320,408,1224,1224
969 100 1320,408,1224,1224
970 100 1320,408,1224,1200
971 100 1296,408,1224,1200
972 100 1296,408,1224,1200
973 100 1296,408,1224,1200
974 100 1296,408,1224,1200
975 100 1296,408,1224,1200
976 100 1296,408,1224,1200
977 100 1296,408,1224,1200
978 100 1296,408,1224,1200
979 100 1296,408,1224,1200
980 100 1296,384,1224,1224
981 100 1296,384,1224,1224
982 100 1296,384,1224,1224
983 100 1296,384,1224,1224
984 100 1296,384,1224,1224
985 100 1296,408,1224,1200
986 100 1296,408,1224,1200
987 100 1296,384,1224,1224
988 100 1272,384,1224,1224
989 100 1272,384,1224,1224
990 100 1272,384,1224,1224
991 100 1272,384,1224,1224
992 100 1272,384,1224,1224
993 100 1272,384,1224,1224
994 100 1272,384,1224,1200
995 100 1272,384,1224,1200
996 100 1272,384,1224,1200
997 100 1272,384,1224,1200
998 100 1272,384,1224,1200
999 100 1272,384,1224,1200
1000 100 1272,384,1224,1200
1001 100 1272,384,1224,1200
1002 100 1272,384,1224,1200
1003 100 1272,384,1224,1200
1004 100 1272,384,1224,1200
1005 100 1272,384,1224,1200
1006 100 1272,384,1224,1200
1007 100 1272,384,1224,1200
1008 100 1272,384,1224,1200
1009 100 1272,384,1224,1200
1010 100 1272,384,1224,1200
1011 100 1272,384,1224,1200
1012 100 1272,384,1224,1200
1013 100 1272,384,1224,1200
1014 100 1272,384,1224,1200
1015 100 1272,384,1224,1200
1016 100 1272,384,1224,1200
1017 100 1272,384,1224,1200
1018 100 1272,384,1224,1200
1019 100 1272,360,1224,1224
1020 100 1272,360,1224,1224
1021 100 1272,360,1224,1224
1022 100 1272,360,1224,1200
1023 100 1272,360,1224,1200
1024 100 1272,360,1224,1200
1025 100 1272,336,1224,1200
1026 100 1272,312,1224,1224
1027 100 1272,312,1224,1224
1028 100 1272,312,1224,1224
1029 100 1272,312,1224,1224
1030 100 1272,312,1224,1224
1031 100 1248,312,1224,1224
1032 100 1248,312,1224,1224
1033 100 1248,312,1224,1200
1034 100 1248,312,1224,1200
1035 100 1248,312,1224,1200
1036 100 1248,312,1224,1200
1037 100 1224,312,1224,1200
1038 100 1224,312,1224,1200
1039 100 1224,312,1224,1200
1040 100 1224,312,1224,1200
1041 100 1224,312,1224,1200
1042 100 1200,312,1224,1200
1043 100 1200,312,1224,1224
1044 100 1200,312,1224,1224
1045 100 1176,336,1224,1200
1046 100 1128,336,1224,1200
1047 100 1128,336,1224,1200
1048 100 1104,336,1224,1200
1049 100 1080,336,1224,1224
1050 100 1080,336,1224,1224
1051 100 1056,336,1224,1224
1052 100 1032,336,1224,1224
1053 100 1032,336,1224,1224
1054 100 1008,336,1224,1224
1055 100 1008,336,1224,1224
1056 100 1008,336,1224,1224
1057 100 984,360,1224,1200
1058 100 984,360,1224,1200
1059 100 984,360,1224,1200
1060 100 960,360,1224,1200
1061 100 960,360,1224,1200
1062 100 960,360,1224,1200
1063 100 960,360,1224,1200
1064 100 960,360,1224,1200
1065 100 936,360,1224,1200
1066 100 936,360,1224,1200
1067 100 936,360,1224,1200
1068 100 912,360,1224,1224
1069 100 912,384,1224,1200
1070 100 912,384,1224,1200
1071 100 888,384,1224,1200
1072 100 888,384,1224,1224
1073 100 888,384,1224,1224
1074 100 864,408,1224,1200
1075 100 864,408,1224,1200
1076 100 864,408,1224,1200
1077 100 864,408,1224,1200
1078 100 840,408,1224,1200
1079 100 840,408,1224,1200
1080 100 840,408,1224,1200
1081 100 840,408,1224,1200
1082 100 840,408,1224,1200
1083 100 840,408,1224,1200
1084 100 840,408,1224,1200
1085 100 816,408,1224,1224
1086 100 816,432,1224,1200
1087 100 816,432,1224,1200
1088 100 792,432,1224,1200
1089 100 768,432,1224,1224
1090 100 768,432,1224,1224
1091 100 768,456,1224,1200
1092 100 744,456,1224,1200
1093 100 744,456,1224,1200
1094 100 744,456,1224,1200
1095 100 744,456,1224,1200
1096 100 744,456,1224,1200
1097 100 720,456,1224,1200
1098 100 720,456,1224,1200
1099 100 720,456,1224,1200
1100 100 720,456,1224,1224
1101 100 720,456,1224,1224
1102 100 720,480,1224,1200
1103 100 720,480,1224,1200
1104 100 720,480,1224,1200
1105 100 720,480,1224,1224
1106 100 720,504,1224,1200
1107 100 720,504,1224,1200
1108 100 720,504,1224,1224
1109 100 696,528,1224,1200
1110 100 696,528,1224,1200
1111 100 696,552,1224,1200
1112 100 696,552,1224,1200
1113 100 696,552,1224,1200
1114 100 672,552,1224,1200
1115 100 672,552,1224,1200
1116 100 672,552,1224,1200
1117 100 672,552,1224,1200
1118 100 672,552,1224,1200
1119 100 672,552,1224,1200
1120 100 672,552,1224,1200
1121 100 672,552,1224,1200
1122 100 672,552,1224,1200
1123 100 648,552,1224,1200
1124 100 648,552,1224,1200
1125 100 648,552,1224,1200
1126 100 648,552,1224,1200
1127 100 648,552,1224,1200
1128 100 648,552,1224,1200
1129 100 648,552,1224,1200
1130 100 648,552,1224,1200
1131 100 648,552,1224,1200
1132 100 624,552,1224,1200
1133 100 624,552,1224,1200
1134 100 624,552,1224,1200
1135 100 624,552,1224,1200
1136 100 624,552,1224,1200
1137 100 624,528,1224,1224
1138 100 624,528,1224,1224
1139 100 624,528,1224,1224
1140 100 624,528,1224,1224
1141 100 624,528,1224,1224
1142 100 624,528,1224,1224
1143 100 624,528,1224,1200
1144 100 624,528,1224,1200
1145 100 624,528,1224,1200
1146 100 624,528,1224,1200
1147 100 624,528,1224,1200
1148 100 624,528,1224,1200
1149 100 648,528,1224,1200
1150 100 648,528,1224,1200
1151 100 648,504,1224,1224
1152 100 648,504,1224,1200
1153 100 648,504,1224,1200
1154 100 672,504,1224,1200
1155 100 672,504,1224,1200
1156 100 672,504,1224,1200
1157 100 672,504,1224,1200
1158 100 672,504,1224,1200
1159 100 672,504,1224,1200
1160 100 672,504,1224,1200
1161 100 672,504,1224,1200
1162 100 696,504,1224,1200
1163 100 696,504,1224,1200
1164 100 696,504,1224,1200
1165 100 720,504,1224,1200
1166 100 720,480,1224,1224
1167 100 720,480,1224,1224
1168 100 720,480,1224,1224
1169 100 744,480,1224,1224
1170 100 744,480,1224,1224
1171 100 744,480,1224,1224
1172 100 744,480,1224,1200
1173 100 744,480,1224,1200
1174 100 744,480,1224,1200
1175 100 744,480,1224,1200
1176 100 744,480,1224,1200
1177 100 768,456,1224,1224
1178 100 768,456,1224,1224
1179 100 768,456,1224,1224
1180 100 768,456,1224,1200
1181 100 768,456,1224,1200
1182 100 768,456,1224,1224
1183 100 768,456,1224,1200
1184 100 768,456,1224,1200
1185 100 768,456,1224,1200
1186 100 768,456,1224,1200
1187 100 768,456,1224,1200
1188 100 768,456,1224,1200
1189 100 768,456,1224,1200
1190 100 768,456,1224,1200
1191 100 768,432,1224,1224
1192 100 768,432,1224,1224
1193 100 768,432,1224,1224
1194 100 768,432,1224,1224
1195 100 768,432,1224,1224
1196 100 768,432,1224,1224
1197 100 768,432,1224,1224
1198 100 792,432,1224,1200
1199 100 792,432,1224,1200
1200 100 816,432,1224,1200
1201 100 816,432,1224,1200
1202 100 864,432,1224,1200
1203 100 936,408,1224,1224
1204 100 936,408,1224,1224
1205 100 1008,408,1224,1224
1206 100 1032,408,1224,1224
1207 100 1032,408,1224,1224
1208 100 1080,408,1224,1224
1209 100 1128,408,1224,1224
1210 100 1128,408,1224,1224
1211 100 1200,408,1224,1224
1212 100 1224,408,1224,1224
1213 100 1224,408,1224,1224
1214 100 1248,408,1224,1200
1215 100 1248,408,1224,1200
1216 100 1248,408,1224,1200
1217 100 1224,408,1224,1200
1218 100 1248,408,1224,1200
1219 100 1248,408,1224,1200
1220 100 1248,408,1224,1200
1221 100 1248,408,1224,1200
1222 100 1248,408,1224,1200
1223 100 1248,408,1224,1200
1224 100 1248,408,1224,1200
1225 100 1224,384,1224,1224
1226 100 1224,384,1224,1200
1227 100 1224,384,1224,1200
1228 100 1224,384,1224,1200
1229 100 1224,384,1224,1200
1230 100 1224,384,1224,1200
1231 100 1248,384,1224,1200
1232 100 1272,384,1224,1224
1233 100 1272,384,1224,1224
1234 100 1272,384,1224,1224
1235 100 1296,384,1224,1200
1236 100 1296,384,1224,1200
1237 100 1296,360,1224,1224
1238 100 1320,360,1224,1224
1239 100 1320,360,1224,1224
1240 100 1320,360,1224,1224
1241 100 1320,360,1224,1200
1242 100 1320,360,1224,1200
1243 100 1344,360,1224,1200
1244 100 1344,360,1224,1200
1245 100 1368,384,1224,1200
1246 100 1368,360,1224,1224
1247 100 1368,360,1224,1224
1248 100 1368,360,1224,1224
1249 100 1416,384,1224,1200
1250 100 1416,384,1224,1200
1251 100 1440,384,1224,1200
1252 100 1440,360,1224,1224
1253 100 1440,360,1224,1224
1254 100 1464,360,1224,1200
1255 100 1464,336,1224,1224
1256 100 1464,336,1224,1224
1257 100 1488,336,1224,1224
1258 100 1488,336,1224,1224
1259 100 1488,336,1224,1224
1260 100 1488,336,1224,1224
1261 100 1488,336,1224,1224
1262 100 1488,336,1224,1224
1263 100 1488,360,1224,1224
1264 100 1488,360,1224,1224
1265 100 1488,384,1224,1224
1266 100 1488,384,1224,1224
1267 100 1488,384,1224,1224
1268 100 1464,360,1224,1224
1269 100 1464,360,1224,1224
1270 100 1464,360,1224,1224
1271 100 1464,384,1224,1200
1272 100 1440,360,1224,1224
1273 100 1440,360,1224,1224
1274 100 1464,384,1224,1200
1275 100 1440,360,1224,1224
1276 100 1440,360,1224,1224
1277 100 1440,384,1224,1200
1278 100 1440,360,1224,1224
1279 100 1440,360,1224,1224
1280 100 1440,360,1224,1224
1281 100 1440,384,1224,1200
1282 100 1440,384,1224,1200
1283 100 1440,384,1224,1224
1284 100 1440,408,1224,1224
1285 100 1440,408,1224,1224
1286 100 1440,408,1224,1224
1287 100 1440,408,1224,1224
1288 100 1416,384,1224,1224
1289 100 1416,384,1224,1224
1290 100 1416,384,1224,1224
1291 100 1392,408,1224,1200
1292 100 1368,408,1224,1200
1293 100 1368,408,1224,1200
1294 100 1344,384,1224,1200
1295 100 1320,360,1224,1224
1296 100 1320,360,1224,1224
1297 100 1272,360,1224,1200
1298 100 1248,360,1224,1200
1299 100 1248,360,1224,1200
1300 100 1200,336,1224,1224
1301 100 1176,336,1224,1200
1302 100 1176,336,1224,1200
1303 100 1152,336,1224,1224
1304 100 1152,336,1224,1224
1305 100 1152,360,1224,1200
1306 100 1152,360,1224,1224
1307 100 1152,360,1224,1224
1308 100 1152,360,1224,1224
1309 100 1152,360,1224,1224
1310 100 1152,360,1224,1224
1311 100 1152,384,1224,1200
1312 100 1152,384,1224,1200
1313 100 1152,384,1224,1200
1314 100 1176,384,1224,1200
1315 100 1176,384,1224,1200
1316 100 1176,384,1224,1200
1317 100 1176,384,1224,1200
1318 100 1200,384,1224,1200
1319 100 1200,384,1224,1200
1320 100 1200,384,1224,1200
1321 100 1224,360,1224,1224
1322 100 1224,360,1224,1224
1323 100 1224,360,1224,1200
1324 100 1224,360,1224,1200
1325 100 1224,336,1224,1224
1326 100 1248,336,1224,1224
1327 100 1248,336,1224,1224
1328 100 1248,336,1224,1200
1329 100 1248,312,1224,1224
1330 100 1248,312,1224,1224
1331 100 1248,288,1224,1224
1332 100 1224,288,1224,1200
1333 100 1224,288,1224,1200
1334 100 1224,264,1224,1200
1335 100 1224,240,1224,1224
1336 100 1224,240,1224,1224
1337 100 1224,240,1224,1200
1338 100 1224,216,1224,1224
1339 100 1224,216,1224,1224
1340 100 1224,216,1224,1200
1341 100 1224,192,1224,1200
1342 100 1224,192,1224,1200
1343 100 1224,168,1224,1224
1344 100 1200,144,1224,1224
1345 100 1200,144,1224,1224
1346 100 1200,144,1224,1200
1347 100 1224,120,1224,1224
1348 100 1224,120,1224,1224
1349 100 1200,96,1224,1224
1350 100 1200,96,1224,1224
1351 100 1176,72,1224,1248
1352 100 1152,48,1224,1248
1353 100 1152,48,1224,1248
1354 100 1152,48,1224,1224
1355 100 1152,72,1224,1224
1356 100 1152,72,1224,1224
1357 100 1152,72,1224,1224
1358 100 1152,48,1224,1248
1359 100 1152,48,1224,1248
1360 100 1152,72,1224,1224
1361 100 1176,72,1224,1224
1362 100 1176,72,1224,1224
1363 100 1176,72,1224,1248
1364 100 1176,72,1224,1248
1365 100 1176,72,1224,1248
1366 100 1200,72,1224,1248
1367 100 1224,72,1224,1248
1368 100 1224,72,1224,1248
1369 100 1224,72,1224,1272
1370 100 1248,96,1224,1248
1371 100 1248,96,1224,1248
1372 100 1272,96,1224,1248
1373 100 1272,96,1224,1248
1374 100 1272,96,1224,1248
1375 100 1272,96,1224,1248
1376 100 1272,96,1224,1248
1377 100 1272,96,1224,1248
1378 100 1272,96,1224,1248
1379 100 1272,96,1224,1248
1380 100 1272,96,1224,1248
1381 100 1272,96,1224,1248
1382 100 1272,96,1224,1248
1383 100 1272,96,1224,1248
1384 100 1296,120,1224,1224
1385 100 1296,120,1224,1224
1386 100 1272,120,1224,1224
1387 100 1272,120,1224,1224
1388 100 1272,120,1224,1224
1389 100 1272,120,1224,1224
1390 100 1248,120,1224,1224
1391 100 1248,120,1224,1224
1392 100 1248,120,1224,1224
1393 100 1248,120,1224,1224
1394 100 1248,120,1224,1224
1395 100 1248,120,1224,1224
1396 100 1224,120,1224,1224
1397 100 1224,120,1224,1224
1398 100 1224,120,1224,1224
1399 100 1224,120,1224,1224
1400 100 1200,120,1224,1200
1401 100 1176,120,1224,1200
1402 100 1176,120,1224,1200
1403 100 1200,120,1224,1200
1404 100 1200,120,1224,1200
1405 100 1200,120,1224,1200
1406 100 1200,120,1224,1224
1407 100 1200,120,1224,1200
1408 100 1200,120,1224,1200
1409 100 1200,120,1224,1200
1410 100 1176,120,1224,1200
1411 100 1176,120,1224,1200
1412 100 1176,120,1224,1200
1413 100 1176,120,1224,1200
1414 100 1176,120,1224,1200
1415 100 1176,144,1224,1200
1416 100 1200,144,1224,1200
1417 100 1200,144,1224,1200
1418 100 1200,144,1224,1224
1419 100 1200,144,1224,1224
1420 100 1200,144,1224,1224
1421 100 1200,144,1224,1200
1422 100 1200,144,1224,1200
1423 100 1200,144,1224,1200
1424 100 1200,144,1224,1200
1425 100 1200,144,1224,1200
1426 100 1200,144,1224,1200
1427 100 1200,144,1224,1200
1428 100 1200,144,1224,1200
1429 100 1200,144,1224,1200
1430 100 1176,144,1224,1200
1431 100 1176,144,1224,1200
1432 100 1176,120,1224,1224
1433 100 1152,120,1224,1224
1434 100 1152,120,1224,1224
1435 100 1152,120,1224,1200
1436 100 1152,120,1224,1200
1437 100 1152,120,1224,1200
1438 100 1176,120,1224,1200
1439 100 1176,120,1224,1200
