0 100 1728,672,1224,1224
1 100 1728,672,1224,1224
2 100 1728,672,1224,1224
3 100 1728,672,1224,1224
4 100 1728,672,1224,1224
5 100 1728,672,1224,1224
6 100 1728,672,1224,1224
7 100 1728,672,1224,1224
8 100 1728,672,1224,1224
9 100 1728,672,1224,1224
10 100 1752,672,1224,1224
11 100 1752,672,1224,1224
12 100 1752,696,1224,1200
13 100 1752,672,1224,1224
14 100 1752,696,1224,1200
15 100 1752,696,1224,1200
16 100 1752,696,1224,1200
17 100 1752,672,1224,1224
18 100 1752,672,1224,1224
19 100 1752,672,1224,1200
20 100 1752,648,1224,1224
21 100 1752,648,1224,1224
22 100 1752,648,1224,1200
23 100 1728,648,1224,1200
24 100 1728,624,1224,1224
25 100 1704,624,1224,1224
26 100 1680,624,1224,1224
27 100 1680,624,1224,1224
28 100 1656,624,1224,1200
29 100 1656,600,1224,1224
30 100 1632,600,1224,1224
31 100 1608,600,1224,1224
32 100 1608,600,1224,1200
33 100 1584,600,1224,1200
34 100 1560,576,1224,1224
35 100 1536,576,1224,1224
36 100 1512,576,1224,1200
37 100 1488,552,1224,1224
38 100 1464,552,1224,1224
39 100 1416,552,1224,1200
40 100 1392,552,1224,1200
41 100 1392,552,1224,1200
42 100 1368,528,1224,1224
43 100 1344,528,1224,1224
44 100 1344,528,1224,1224
45 100 1344,528,1224,1224
46 100 1344,528,1224,1224
47 100 1344,528,1224,1224
48 100 1344,528,1224,1200
49 100 1344,528,1224,1200
50 100 1344,528,1224,1200
51 100 1344,528,1224,1200
52 100 1344,528,1224,1200
53 100 1344,528,1224,1200
54 100 1344,528,1224,1200
55 100 1320,528,1224,1200
56 100 1320,504,1224,1224
57 100 1296,480,1224,1224
58 100 1296,480,1224,1200
59 100 1272,456,1224,1200
60 100 1248,432,1224,1224
61 100 1248,432,1224,1224
62 100 1248,432,1224,1200
63 100 1248,432,1224,1200
64 100 1248,432,1224,1200
65 100 1248,408,1224,1224
66 100 1248,408,1224,1224
67 100 1248,408,1224,1224
68 100 1248,408,1224,1224
69 100 1248,408,1224,1224
70 100 1248,408,1224,1224
71 100 1272,408,1224,1224
72 100 1272,408,1224,1224
73 100 1272,408,1224,1224
74 100 1272,408,1224,1224
75 100 1272,408,1224,1224
76 100 1272,408,1224,1224
77 100 1272,408,1224,1224
78 100 1272,432,1224,1200
79 100 1248,432,1224,1200
80 100 1248,432,1224,1200
81 100 1248,432,1224,1200
82 100 1248,432,1224,1200
83 100 1248,432,1224,1200
84 100 1248,432,1224,1200
85 100 1224,432,1224,1200
86 100 1224,432,1224,1200
87 100 1224,432,1224,1200
88 100 1224,432,1224,1200
89 100 1224,432,1224,1200
90 100 1248,432,1224,1200
91 100 1248,432,1224,1200
92 100 1248,432,1224,1200
93 100 1248,432,1224,1200
94 100 1248,432,1224,1200
95 100 1248,432,1224,1200
96 100 1272,432,1224,1224
97 100 1272,432,1224,1224
98 100 1272,432,1224,1224
99 100 1272,432,1224,1224
100 100 1272,432,1224,1224
101 100 1272,456,1224,1200
102 100 1272,456,1224,1200
103 100 1272,456,1224,1200
104 100 1272,456,1224,1200
105 100 1248,456,1224,1224
106 100 1248,480,1224,1200
107 100 1248,480,1224,1224
108 100 1248,504,1224,1224
109 100 1272,552,1224,1200
110 100 1248,552,1224,1224
111 100 1248,552,1224,1224
112 100 1248,552,1224,1224
113 100 1248,552,1224,1200
114 100 1248,552,1224,1200
115 100 1272,552,1224,1200
116 100 1272,552,1224,1200
117 100 1272,552,1224,1200
118 100 1272,552,1224,1200
119 100 1272,528,1224,1224
120 100 1272,528,1224,1224
121 100 1272,528,1224,1200
122 100 1272,528,1224,1200
123 100 1272,528,1224,1224
124 100 1296,528,1224,1224
125 100 1296,528,1224,1224
126 100 1320,528,1224,1200
127 100 1320,528,1224,1200
128 100 1368,528,1224,1200
129 100 1392,528,1224,1200
130 100 1440,504,1224,1224
131 100 1464,504,1224,1224
132 100 1512,528,1224,1200
133 100 1560,504,1224,1224
134 100 1584,504,1224,1200
135 100 1632,504,1224,1200
136 100 1680,504,1224,1200
137 100 1728,504,1224,1200
138 100 1776,504,1224,1200
139 100 1800,504,1224,1200
140 100 1848,504,1224,1200
141 100 1872,504,1224,1200
142 100 1920,480,1224,1224
143 100 1944,504,1224,1200
144 100 1992,504,1224,1200
145 100 2016,504,1224,1200
146 100 2040,504,1224,1200
147 100 2064,504,1224,1224
148 100 2064,504,1224,1224
149 100 2064,504,1224,1224
150 100 2088,504,1224,1200
151 100 2088,504,1224,1200
152 100 2088,504,1224,1200
153 100 2112,504,1224,1200
154 100 2112,504,1224,1200
155 100 2112,480,1224,1200
156 100 2088,456,1224,1224
157 100 2088,456,1224,1224
158 100 2088,480,1224,1200
159 100 2088,480,1224,1200
160 100 2088,480,1224,1224
161 100 2088,504,1224,1200
162 100 2088,504,1224,1200
163 100 2064,504,1224,1200
164 100 2064,504,1224,1224
165 100 2040,528,1224,1200
166 100 2016,528,1224,1200
167 100 1992,504,1224,1224
168 100 1968,504,1224,1224
169 100 1968,504,1224,1224
170 100 1944,528,1224,1200
171 100 1944,504,1224,1224
172 100 1920,504,1224,1224
173 100 1920,528,1224,1200
174 100 1896,528,1224,1200
175 100 1872,528,1224,1224
176 100 1848,528,1224,1224
177 100 1848,552,1224,1200
178 100 1824,552,1224,1200
179 100 1800,552,1224,1200
180 100 1800,552,1224,1200
181 100 1776,528,1224,1224
182 100 1752,552,1224,1200
183 100 1752,552,1224,1200
184 100 1728,552,1224,1200
185 100 1728,552,1224,1200
186 100 1704,552,1224,1200
187 100 1680,528,1224,1224
188 100 1680,528,1224,1224
189 100 1656,528,1224,1200
190 100 1656,528,1224,1200
191 100 1632,528,1224,1200
192 100 1632,528,1224,1200
193 100 1632,528,1224,1200
194 100 1632,528,1224,1200
195 100 1632,528,1224,1200
196 100 1632,528,1224,1224
197 100 1632,528,1224,1224
198 100 1632,552,1224,1200
199 100 1608,552,1224,1200
200 100 1608,552,1224,1200
201 100 1608,552,1224,1200
202 100 1584,552,1224,1200
203 100 1584,552,1224,1200
204 100 1584,528,1224,1224
205 100 1560,528,1224,1224
206 100 1560,528,1224,1224
207 100 1560,528,1224,1224
208 100 1536,528,1224,1224
209 100 1536,528,1224,1224
210 100 1536,528,1224,1224
211 100 1512,528,1224,1224
212 100 1512,528,1224,1224
213 100 1512,528,1224,1200
214 100 1488,528,1224,1200
215 100 1488,528,1224,1200
216 100 1464,528,1224,1200
217 100 1464,528,1224,1200
218 100 1464,528,1224,1200
219 100 1464,528,1224,1200
220 100 1464,528,1224,1200
221 100 1464,528,1224,1200
222 100 1440,528,1224,1200
223 100 1440,528,1224,1200
224 100 1440,528,1224,1200
225 100 1440,528,1224,1200
226 100 1440,528,1224,1200
227 100 1440,528,1224,1200
228 100 1440,504,1224,1224
229 100 1440,504,1224,1224
230 100 1440,528,1224,1200
231 100 1440,528,1224,1200
232 100 1440,528,1224,1200
233 100 1464,528,1224,1200
234 100 1464,528,1224,1200
235 100 1464,528,1224,1200
236 100 1464,528,1224,1200
237 100 1464,528,1224,1200
238 100 1464,528,1224,1200
239 100 1464,528,1224,1200
240 100 1464,528,1224,1200
241 100 1464,528,1224,1200
242 100 1464,528,1224,1200
243 100 1464,528,1224,1200
244 100 1464,528,1224,1200
245 100 1464,504,1224,1224
246 100 1488,528,1224,1200
247 100 1488,504,1224,1224
248 100 1464,504,1224,1224
249 100 1488,528,1224,1200
250 100 1464,504,1224,1224
251 100 1464,528,1224,1200
252 100 1464,528,1224,1200
253 100 1464,528,1224,1200
254 100 1464,528,1224,1200
255 100 1464,528,1224,1200
256 100 1464,528,1224,1200
257 100 1464,528,1224,1200
258 100 1464,528,1224,1200
259 100 1464,528,1224,1200
260 100 1464,528,1224,1200
261 100 1440,528,1224,1200
262 100 1440,528,1224,1200
263 100 1440,528,1224,1200
264 100 1440,528,1224,1200
265 100 1440,528,1224,1200
266 100 1440,528,1224,1200
267 100 1440,528,1224,1200
268 100 1440,528,1224,1200
269 100 1440,528,1224,1200
270 100 1440,528,1224,1200
271 100 1440,528,1224,1200
272 100 1440,528,1224,1200
273 100 1440,528,1224,1200
274 100 1440,528,1224,1200
275 100 1440,528,1224,1200
276 100 1440,528,1224,1200
277 100 1440,528,1224,1200
278 100 1440,528,1224,1200
279 100 1440,528,1224,1200
280 100 1440,528,1224,1200
281 100 1440,528,1224,1200
282 100 1440,528,1224,1200
283 100 1440,528,1224,1200
284 100 1440,528,1224,1200
285 100 1440,528,1224,1200
286 100 1440,528,1224,1200
287 100 1440,528,1224,1200
288 100 1440,528,1224,1200
289 100 1440,528,1224,1200
290 100 1440,528,1224,1200
291 100 1440,528,1224,1200
292 100 1440,528,1224,1200
293 100 1440,528,1224,1200
294 100 1440,528,1224,1200
295 100 1440,528,1224,1200
296 100 1440,528,1224,1200
297 100 1440,528,1224,1200
298 100 1440,528,1224,1200
299 100 1440,528,1224,1200
300 100 1440,528,1224,1200
301 100 1440,528,1224,1200
302 100 1440,504,1224,1224
303 100 1440,504,1224,1224
304 100 1440,528,1224,1200
305 100 1440,528,1224,1200
306 100 1440,528,1224,1200
307 100 1440,528,1224,1200
308 100 1416,528,1224,1200
309 100 1416,528,1224,1200
310 100 1416,528,1224,1200
311 100 1440,528,1224,1200
312 100 1440,528,1224,1200
313 100 1440,528,1224,1200
314 100 1440,528,1224,1200
315 100 1440,528,1224,1200
316 100 1440,528,1224,1200
317 100 1440,528,1224,1200
318 100 1440,528,1224,1200
319 100 1440,528,1224,1200
320 100 1440,528,1224,1200
321 100 1416,504,1224,1224
322 100 1416,528,1224,1200
323 100 1416,504,1224,1224
324 100 1416,504,1224,1224
325 100 1392,504,1224,1224
326 100 1392,504,1224,1224
327 100 1368,504,1224,1224
328 100 1368,504,1224,1224
329 100 1344,504,1224,1224
330 100 1344,504,1224,1224
331 100 1320,504,1224,1224
332 100 1320,528,1224,1200
333 100 1296,528,1224,1200
334 100 1272,528,1224,1200
335 100 1272,528,1224,1200
336 100 1248,528,1224,1200
337 100 1248,528,1224,1200
338 100 1224,528,1224,1200
339 100 1224,528,1224,1200
340 100 1200,528,1224,1200
341 100 1200,528,1224,1200
342 100 1200,528,1224,1200
343 100 1200,528,1224,1200
344 100 1200,528,1224,1200
345 100 1200,528,1224,1200
346 100 1224,528,1224,1200
347 100 1224,528,1224,1200
348 100 1224,528,1224,1200
349 100 1248,528,1224,1200
350 100 1272,528,1224,1200
351 100 1272,504,1224,1224
352 100 1272,504,1224,1224
353 100 1272,504,1224,1200
354 100 1272,504,1224,1200
355 100 1272,504,1224,1200
356 100 1272,480,1224,1224
357 100 1272,480,1224,1200
358 100 1272,480,1224,1200
359 100 1272,480,1224,1200
360 100 1272,456,1224,1224
361 100 1272,456,1224,1200
362 100 1272,456,1224,1200
363 100 1272,456,1224,1200
364 100 1272,456,1224,1200
365 100 1272,456,1224,1200
366 100 1272,456,1224,1200
367 100 1272,456,1224,1200
368 100 1272,456,1224,1200
369 100 1272,456,1224,1200
370 100 1272,456,1224,1200
371 100 1272,456,1224,1200
372 100 1296,456,1224,1200
373 100 1272,456,1224,1200
374 100 1272,456,1224,1200
375 100 1272,456,1224,1200
376 100 1272,456,1224,1200
377 100 1296,456,1224,1200
378 100 1296,456,1224,1200
379 100 1296,456,1224,1200
380 100 1296,456,1224,1200
381 100 1296,456,1224,1224
382 100 1320,456,1224,1224
383 100 1320,456,1224,1224
384 100 1320,456,1224,1224
385 100 1320,456,1224,1224
386 100 1320,456,1224,1224
387 100 1320,456,1224,1224
388 100 1320,456,1224,1224
389 100 1320,456,1224,1224
390 100 1320,456,1224,1224
391 100 1320,456,1224,1224
392 100 1320,456,1224,1224
393 100 1320,456,1224,1224
394 100 1320,480,1224,1200
395 100 1320,480,1224,1200
396 100 1320,480,1224,1200
397 100 1320,480,1224,1200
398 100 1320,480,1224,1200
399 100 1320,480,1224,1200
400 100 1320,480,1224,1200
401 100 1320,480,1224,1200
402 100 1320,480,1224,1200
403 100 1320,480,1224,1200
404 100 1320,480,1224,1200
405 100 1320,480,1224,1200
406 100 1320,480,1224,1224
407 100 1320,480,1224,1224
408 100 1320,480,1224,1224
409 100 1320,480,1224,1224
410 100 1320,480,1224,1224
411 100 1320,480,1224,1224
412 100 1320,480,1224,1224
413 100 1320,480,1224,1224
414 100 1320,480,1224,1224
415 100 1320,480,1224,1224
416 100 1320,504,1224,1200
417 100 1320,504,1224,1200
418 100 1320,480,1224,1224
419 100 1320,504,1224,1200
420 100 1320,504,1224,1200
421 100 1320,504,1224,1200
422 100 1344,504,1224,1200
423 100 1344,504,1224,1224
424 100 1344,504,1224,1224
425 100 1344,528,1224,1200
426 100 1344,528,1224,1200
427 100 1344,528,1224,1200
428 100 1344,528,1224,1200
429 100 1344,528,1224,1200
430 100 1344,528,1224,1200
431 100 1344,528,1224,1200
432 100 1368,528,1224,1200
433 100 1368,528,1224,1200
434 100 1368,528,1224,1200
435 100 1368,528,1224,1200
436 100 1368,552,1224,1200
437 100 1368,552,1224,1200
438 100 1368,552,1224,1224
439 100 1368,576,1224,1224
440 100 1368,600,1224,1200
441 100 1368,600,1224,1224
442 100 1368,624,1224,1200
443 100 1368,624,1224,1200
444 100 1368,624,1224,1224
445 100 1368,624,1224,1200
446 100 1368,624,1224,1200
447 100 1368,624,1224,1200
448 100 1344,624,1224,1200
449 100 1344,624,1224,1224
450 100 1320,648,1224,1200
451 100 1296,648,1224,1224
452 100 1272,672,1224,1224
453 100 1224,696,1224,1200
454 100 1224,696,1224,1224
455 100 1224,696,1224,1224
456 100 1224,720,1224,1200
457 100 1224,720,1224,1224
458 100 1224,720,1224,1224
459 100 1224,744,1224,1200
460 100 1224,744,1224,1200
461 100 1248,744,1224,1200
462 100 1248,720,1224,1224
463 100 1248,720,1224,1200
464 100 1248,720,1224,1200
465 100 1248,720,1224,1200
466 100 1248,696,1224,1224
467 100 1248,696,1224,1200
468 100 1248,672,1224,1224
469 100 1248,672,1224,1200
470 100 1272,648,1224,1200
471 100 1272,624,1224,1224
472 100 1296,624,1224,1200
473 100 1296,600,1224,1224
474 100 1320,576,1224,1224
475 100 1344,552,1224,1224
476 100 1320,504,1224,1224
477 100 1320,480,1224,1224
478 100 1296,480,1224,1224
479 100 1296,480,1224,1224
480 100 1272,480,1224,1224
481 100 1272,480,1224,1224
482 100 1248,480,1224,1224
483 100 1248,480,1224,1248
484 100 1224,480,1224,1248
485 100 1224,480,1224,1248
486 100 1248,480,1224,1248
487 100 1248,480,1224,1224
488 100 1248,480,1224,1224
489 100 1272,456,1224,1224
490 100 1296,456,1224,1224
491 100 1296,456,1224,1224
492 100 1320,456,1224,1224
493 100 1296,456,1224,1224
494 100 1296,456,1224,1224
495 100 1296,456,1224,1224
496 100 1296,456,1224,1224
497 100 1296,456,1224,1224
498 100 1272,456,1224,1224
499 100 1272,432,1224,1224
500 100 1272,432,1224,1248
501 100 1296,432,1224,1248
502 100 1296,432,1224,1248
503 100 1296,432,1224,1224
504 100 1296,456,1224,1224
505 100 1296,456,1224,1224
506 100 1320,456,1224,1200
507 100 1320,456,1224,1200
508 100 1344,456,1224,1200
509 100 1368,456,1224,1200
510 100 1368,456,1224,1200
511 100 1368,456,1224,1200
512 100 1368,432,1224,1224
513 100 1368,432,1224,1224
514 100 1368,432,1224,1224
515 100 1368,432,1224,1200
516 100 1368,432,1224,1200
517 100 1368,432,1224,1200
518 100 1368,408,1224,1224
519 100 1392,408,1224,1224
520 100 1392,408,1224,1224
521 100 1368,408,1224,1224
522 100 1368,408,1224,1224
523 100 1368,408,1224,1224
524 100 1368,408,1224,1224
525 100 1368,408,1224,1224
526 100 1368,408,1224,1224
527 100 1368,408,1224,1224
528 100 1344,408,1224,1224
529 100 1344,408,1224,1224
530 100 1344,408,1224,1224
531 100 1320,408,1224,1224
532 100 1320,408,1224,1224
533 100 1320,408,1224,1224
534 100 1320,408,1224,1224
535 100 1320,432,1224,1200
536 100 1320,432,1224,1224
537 100 1320,432,1224,1224
538 100 1320,432,1224,1224
539 100 1320,432,1224,1224
540 100 1320,432,1224,1224
541 100 1320,432,1224,1224
542 100 1320,456,1224,1200
543 100 1320,456,1224,1224
544 100 1296,456,1224,1224
545 100 1296,480,1224,1224
546 100 1296,480,1224,1224
547 100 1296,504,1224,1200
548 100 1296,504,1224,1224
549 100 1296,504,1224,1224
550 100 1296,504,1224,1224
551 100 1272,504,1224,1224
552 100 1272,528,1224,1200
553 100 1272,528,1224,1200
554 100 1272,528,1224,1200
555 100 1272,528,1224,1200
556 100 1272,528,1224,1224
557 100 1272,528,1224,1224
558 100 1272,528,1224,1224
559 100 1272,528,1224,1224
560 100 1272,528,1224,1224
561 100 1272,528,1224,1224
562 100 1272,528,1224,1224
563 100 1248,528,1224,1224
564 100 1248,528,1224,1224
565 100 1248,528,1224,1224
566 100 1248,528,1224,1224
567 100 1224,528,1224,1224
568 100 1200,528,1224,1224
569 100 1176,528,1224,1224
570 100 1152,528,1224,1224
571 100 1104,528,1224,1224
572 100 1056,528,1224,1200
573 100 1032,528,1224,1200
574 100 1008,528,1224,1200
575 100 984,528,1224,1224
576 100 960,528,1224,1224
577 100 936,528,1224,1224
578 100 912,528,1224,1224
579 100 888,528,1224,1200
580 100 840,528,1224,1200
581 100 840,528,1224,1224
582 100 816,528,1224,1200
583 100 792,528,1224,1200
584 100 768,528,1224,1200
585 100 744,528,1224,1200
586 100 744,528,1224,1200
587 100 720,528,1224,1200
588 100 696,528,1224,1200
589 100 696,528,1224,1200
590 100 696,504,1224,1224
591 100 696,504,1224,1224
592 100 696,504,1224,1224
593 100 696,504,1224,1224
594 100 672,504,1224,1224
595 100 672,504,1224,1224
596 100 672,504,1224,1224
597 100 648,504,1224,1224
598 100 648,504,1224,1224
599 100 672,528,1224,1200
600 100 672,528,1224,1200
601 100 672,528,1224,1200
602 100 648,528,1224,1200
603 100 648,528,1224,1200
604 100 648,528,1224,1200
605 100 648,528,1224,1200
606 100 648,528,1224,1224
607 100 648,552,1224,1200
608 100 672,552,1224,1200
609 100 672,528,1224,1224
610 100 672,528,1224,1224
611 100 672,528,1224,1224
612 100 672,528,1224,1224
613 100 672,528,1224,1224
614 100 696,528,1224,1200
615 100 696,528,1224,1200
616 100 720,528,1224,1200
617 100 720,528,1224,1200
618 100 744,528,1224,1200
619 100 768,528,1224,1200
620 100 792,504,1224,1224
621 100 816,504,1224,1224
622 100 840,504,1224,1200
623 100 864,504,1224,1200
624 100 912,504,1224,1200
625 100 936,504,1224,1200
626 100 984,504,1224,1200
627 100 1008,480,1224,1224
628 100 1032,480,1224,1224
629 100 1056,480,1224,1224
630 100 1080,480,1224,1200
631 100 1104,480,1224,1200
632 100 1128,480,1224,1200
633 100 1128,480,1224,1200
634 100 1128,480,1224,1224
635 100 1128,480,1224,1224
636 100 1128,480,1224,1224
637 100 1128,480,1224,1224
638 100 1152,480,1224,1224
639 100 1152,480,1224,1224
640 100 1176,480,1224,1224
641 100 1176,480,1224,1224
642 100 1200,504,1224,1200
643 100 1224,504,1224,1200
644 100 1248,504,1224,1200
645 100 1272,504,1224,1224
646 100 1320,504,1224,1224
647 100 1320,504,1224,1224
648 100 1344,504,1224,1224
649 100 1368,528,1224,1200
650 100 1368,528,1224,1200
651 100 1392,528,1224,1200
652 100 1416,528,1224,1200
653 100 1440,528,1224,1200
654 100 1488,528,1224,1200
655 100 1512,528,1224,1200
656 100 1536,528,1224,1224
657 100 1560,528,1224,1224
658 100 1584,528,1224,1200
659 100 1608,528,1224,1200
660 100 1632,528,1224,1200
661 100 1656,528,1224,1200
662 100 1704,528,1224,1200
663 100 1728,528,1224,1200
664 100 1776,528,1224,1200
665 100 1800,528,1224,1200
666 100 1824,528,1224,1200
667 100 1872,528,1224,1200
668 100 1896,528,1224,1200
669 100 1944,528,1224,1200
670 100 1968,504,1224,1224
671 100 1992,528,1224,1200
672 100 2016,528,1224,1200
673 100 2016,528,1224,1200
674 100 2040,528,1224,1200
675 100 2064,528,1224,1200
676 100 2088,528,1224,1200
677 100 2136,528,1224,1200
678 100 2136,528,1224,1200
679 100 2160,528,1224,1224
680 100 2184,528,1224,1224
681 100 2208,528,1224,1200
682 100 2232,528,1224,1200
683 100 2232,528,1224,1200
684 100 2256,528,1224,1200
685 100 2256,528,1224,1200
686 100 2280,528,1224,1200
687 100 2280,528,1224,1200
688 100 2280,528,1224,1200
689 100 2280,528,1224,1200
690 100 2280,528,1224,1200
691 100 2280,528,1224,1200
692 100 2256,528,1224,1200
693 100 2256,528,1224,1200
694 100 2256,528,1224,1200
695 100 2232,528,1224,1200
696 100 2232,528,1224,1224
697 100 2232,528,1224,1224
698 100 2208,552,1224,1200
699 100 2184,552,1224,1200
700 100 2184,552,1224,1200
701 100 2160,552,1224,1224
702 100 2136,576,1224,1200
703 100 2112,576,1224,1200
704 100 2088,576,1224,1200
705 100 2064,576,1224,1224
706 100 2016,576,1224,1224
707 100 1992,576,1224,1224
708 100 1968,576,1224,1224
709 100 1968,576,1224,1224
710 100 1944,600,1224,1200
711 100 1920,600,1224,1200
712 100 1896,600,1224,1200
713 100 1848,600,1224,1200
714 100 1800,600,1224,1224
715 100 1776,600,1224,1224
716 100 1728,600,1224,1224
717 100 1728,600,1224,1224
718 100 1728,600,1224,1200
719 100 1752,600,1224,1200
720 100 1752,600,1224,1224
721 100 1752,600,1224,1224
722 100 1752,600,1224,1224
723 100 1752,624,1224,1200
724 100 1752,624,1224,1200
725 100 1728,624,1224,1200
726 100 1728,624,1224,1200
727 100 1728,624,1224,1200
728 100 1728,624,1224,1200
729 100 1728,624,1224,1200
730 100 1728,624,1224,1200
731 100 1704,624,1224,1200
732 100 1704,624,1224,1200
733 100 1704,600,1224,1224
734 100 1680,600,1224,1224
735 100 1680,600,1224,1224
736 100 1704,600,1224,1224
737 100 1704,600,1224,1224
738 100 1704,600,1224,1224
739 100 1704,600,1224,1224
740 100 1704,600,1224,1224
741 100 1704,600,1224,1224
742 100 1704,600,1224,1224
743 100 1704,600,1224,1224
744 100 1704,600,1224,1224
745 100 1704,600,1224,1224
746 100 1704,600,1224,1200
747 100 1680,600,1224,1224
748 100 1680,600,1224,1224
749 100 1680,624,1224,1200
750 100 1680,624,1224,1200
751 100 1704,624,1224,1200
752 100 1704,624,1224,1200
753 100 1704,624,1224,1200
754 100 1704,624,1224,1200
755 100 1704,624,1224,1200
756 100 1704,624,1224,1200
757 100 1704,624,1224,1200
758 100 1704,600,1224,1224
759 100 1704,600,1224,1224
760 100 1704,600,1224,1224
761 100 1704,600,1224,1224
762 100 1704,600,1224,1200
763 100 1704,600,1224,1200
764 100 1680,600,1224,1224
765 100 1680,624,1224,1200
766 100 1680,624,1224,1200
767 100 1680,624,1224,1200
768 100 1680,600,1224,1224
769 100 1680,600,1224,1224
770 100 1680,600,1224,1224
771 100 1656,624,1224,1200
772 100 1656,624,1224,1200
773 100 1656,624,1224,1200
774 100 1680,600,1224,1224
775 100 1680,600,1224,1224
776 100 1680,600,1224,1200
777 100 1704,576,1224,1200
778 100 1728,528,1224,1224
779 100 1728,504,1224,1200
780 100 1728,480,1224,1224
781 100 1752,504,1224,1200
782 100 1800,504,1224,1200
783 100 1824,504,1224,1224
784 100 1848,528,1224,1200
785 100 1848,528,1224,1224
786 100 1872,552,1224,1200
787 100 1872,552,1224,1224
788 100 1896,552,1224,1224
789 100 1920,576,1224,1200
790 100 1920,552,1224,1224
791 100 1920,552,1224,1200
792 100 1920,552,1224,1200
793 100 1920,552,1224,1200
794 100 1920,552,1224,1200
795 100 1896,552,1224,1200
796 100 1896,552,1224,1200
797 100 1872,528,1224,1224
798 100 1872,528,1224,1224
799 100 1896,528,1224,1224
800 100 1872,504,1224,1224
801 100 1848,504,1224,1224
802 100 1824,504,1224,1248
803 100 1800,528,1224,1224
804 100 1800,528,1224,1224
805 100 1776,528,1224,1248
806 100 1752,552,1224,1224
807 100 1752,576,1224,1224
808 100 1728,600,1224,1248
809 100 1728,624,1224,1224
810 100 1728,624,1224,1224
811 100 1752,624,1224,1224
812 100 1776,600,1224,1248
813 100 1800,600,1224,1248
814 100 1800,600,1224,1248
815 100 1824,600,1224,1248
816 100 1824,600,1224,1248
817 100 1824,600,1224,1248
818 100 1824,600,1224,1248
819 100 1800,600,1224,1224
820 100 1776,648,1224,1200
821 100 1752,648,1224,1224
822 100 1728,648,1224,1200
823 100 1680,648,1224,1224
824 100 1656,648,1224,1200
825 100 1632,624,1224,1224
826 100 1608,624,1224,1224
827 100 1608,624,1224,1224
828 100 1584,648,1224,1200
829 100 1560,648,1224,1200
830 100 1560,648,1224,1200
831 100 1560,648,1224,1200
832 100 1536,648,1224,1200
833 100 1536,648,1224,1200
834 100 1560,624,1224,1200
835 100 1560,624,1224,1200
836 100 1560,600,1224,1224
837 100 1560,600,1224,1200
838 100 1560,600,1224,1200
839 100 1560,600,1224,1200
840 100 1560,600,1224,1200
841 100 1560,576,1224,1224
842 100 1536,576,1224,1224
843 100 1536,576,1224,1224
844 100 1536,576,1224,1200
845 100 1536,576,1224,1200
846 100 1536,576,1224,1200
847 100 1536,576,1224,1200
848 100 1512,576,1224,1200
849 100 1512,576,1224,1200
850 100 1512,552,1224,1224
851 100 1512,576,1224,1200
852 100 1536,576,1224,1200
853 100 1536,552,1224,1224
854 100 1560,552,1224,1224
855 100 1560,552,1224,1200
856 100 1560,552,1224,1224
857 100 1560,576,1224,1200
858 100 1560,576,1224,1200
859 100 1560,576,1224,1200
860 100 1584,552,1224,1224
861 100 1560,552,1224,1224
862 100 1560,576,1224,1200
863 100 1560,576,1224,1200
864 100 1560,576,1224,1200
865 100 1560,576,1224,1200
866 100 1560,576,1224,1200
867 100 1560,576,1224,1200
868 100 1560,576,1224,1200
869 100 1560,576,1224,1224
870 100 1560,576,1224,1224
871 100 1560,576,1224,1224
872 100 1560,600,1224,1200
873 100 1560,600,1224,1200
874 100 1560,600,1224,1200
875 100 1560,600,1224,1200
876 100 1560,600,1224,1200
877 100 1560,600,1224,1224
878 100 1584,600,1224,1224
879 100 1584,600,1224,1200
880 100 1560,600,1224,1200
881 100 1560,600,1224,1200
882 100 1560,600,1224,1200
883 100 1536,600,1224,1200
884 100 1536,600,1224,1200
885 100 1536,600,1224,1224
886 100 1512,600,1224,1224
887 100 1512,624,1224,1200
888 100 1512,624,1224,1200
889 100 1512,624,1224,1200
890 100 1512,624,1224,1224
891 100 1512,648,1224,1200
892 100 1512,648,1224,1200
893 100 1488,648,1224,1200
894 100 1488,648,1224,1200
895 100 1488,648,1224,1200
896 100 1512,648,1224,1200
897 100 1512,648,1224,1200
898 100 1512,648,1224,1200
899 100 1512,624,1224,1224
900 100 1512,624,1224,1200
901 100 1512,624,1224,1224
902 100 1512,624,1224,1224
903 100 1488,648,1224,1200
904 100 1488,648,1224,1200
905 100 1488,672,1224,1200
906 100 1464,672,1224,1224
907 100 1440,696,1224,1200
908 100 1416,696,1224,1224
909 100 1416,696,1224,1200
910 100 1440,696,1224,1200
911 100 1416,696,1224,1200
912 100 1392,696,1224,1224
913 100 1392,720,1224,1200
914 100 1392,720,1224,1200
915 100 1392,720,1224,1224
916 100 1392,744,1224,1200
917 100 1416,744,1224,1200
918 100 1416,744,1224,1200
919 100 1416,744,1224,1200
920 100 1416,744,1224,1200
921 100 1392,744,1224,1200
922 100 1392,744,1224,1200
923 100 1416,720,1224,1224
924 100 1416,720,1224,1224
925 100 1416,720,1224,1224
926 100 1392,720,1224,1224
927 100 1392,720,1224,1224
928 100 1416,696,1224,1224
929 100 1416,696,1224,1200
930 100 1416,672,1224,1224
931 100 1416,672,1224,1224
932 100 1416,672,1224,1224
933 100 1416,672,1224,1224
934 100 1416,672,1224,1200
935 100 1416,672,1224,1200
936 100 1440,648,1224,1224
937 100 1440,648,1224,1200
938 100 1440,624,1224,1224
939 100 1416,648,1224,1200
940 100 1416,648,1224,1200
941 100 1416,624,1224,1224
942 100 1416,624,1224,1200
943 100 1416,624,1224,1224
944 100 1416,648,1224,1200
945 100 1392,672,1224,1200
946 100 1392,696,1224,1224
947 100 1368,720,1224,1200
948 100 1368,720,1224,1200
949 100 1344,744,1224,1200
950 100 1344,744,1224,1200
951 100 1344,720,1224,1224
952 100 1368,720,1224,1200
953 100 1368,720,1224,1200
954 100 1368,696,1224,1224
955 100 1392,696,1224,1200
956 100 1392,672,1224,1224
957 100 1392,672,1224,1200
958 100 1392,672,1224,1200
959 100 1392,672,1224,1200
960 100 1416,672,1224,1200
961 100 1392,672,1224,1200
962 100 1416,672,1224,1200
963 100 1416,672,1224,1200
964 100 1416,648,1224,1224
965 100 1416,648,1224,1224
966 100 1416,648,1224,1200
967 100 1416,648,1224,1200
968 100 1416,648,1224,1200
969 100 1416,648,1224,1200
970 100 1416,648,1224,1200
971 100 1416,624,1224,1224
972 100 1416,624,1224,1200
973 100 1416,624,1224,1200
974 100 1416,624,1224,1224
975 100 1416,624,1224,1224
976 100 1416,624,1224,1224
977 100 1416,624,1224,1224
978 100 1440,624,1224,1200
979 100 1440,624,1224,1200
980 100 1440,624,1224,1200
981 100 1440,624,1224,1200
982 100 1440,624,1224,1200
983 100 1440,624,1224,1200
984 100 1440,600,1224,1224
985 100 1440,600,1224,1200
986 100 1416,600,1224,1200
987 100 1416,600,1224,1200
988 100 1416,600,1224,1200
989 100 1416,600,1224,1200
990 100 1416,600,1224,1200
991 100 1416,600,1224,1200
992 100 1416,600,1224,1200
993 100 1416,576,1224,1224
994 100 1416,576,1224,1200
995 100 1416,576,1224,1200
996 100 1416,576,1224,1200
997 100 1416,576,1224,1200
998 100 1416,576,1224,1200
999 100 1416,576,1224,1200
1000 100 1416,576,1224,1200
1001 100 1416,576,1224,1200
1002 100 1416,576,1224,1200
1003 100 1416,576,1224,1200
1004 100 1416,576,1224,1200
1005 100 1416,576,1224,1200
1006 100 1416,576,1224,1200
1007 100 1416,576,1224,1200
1008 100 1416,576,1224,1200
1009 100 1416,576,1224,1200
1010 100 1416,576,1224,1200
1011 100 1416,576,1224,1200
1012 100 1416,576,1224,1200
1013 100 1416,576,1224,1200
1014 100 1416,576,1224,1200
1015 100 1416,576,1224,1200
1016 100 1416,576,1224,1200
1017 100 1416,576,1224,1200
1018 100 1416,576,1224,1200
1019 100 1416,576,1224,1200
1020 100 1416,576,1224,1200
1021 100 1416,576,1224,1200
1022 100 1416,576,1224,1200
1023 100 1416,576,1224,1200
1024 100 1416,576,1224,1200
1025 100 1416,552,1224,1224
1026 100 1416,552,1224,1224
1027 100 1416,552,1224,1224
1028 100 1416,552,1224,1224
1029 100 1416,552,1224,1200
1030 100 1416,552,1224,1200
1031 100 1416,552,1224,1200
1032 100 1416,552,1224,1200
1033 100 1416,552,1224,1200
1034 100 1416,552,1224,1200
1035 100 1416,552,1224,1200
1036 100 1416,552,1224,1200
1037 100 1416,552,1224,1200
1038 100 1416,552,1224,1200
1039 100 1416,552,1224,1200
1040 100 1416,552,1224,1200
1041 100 1416,552,1224,1200
1042 100 1416,552,1224,1200
1043 100 1416,552,1224,1200
1044 100 1416,552,1224,1200
1045 100 1416,552,1224,1200
1046 100 1440,528,1224,1224
1047 100 1440,552,1224,1200
1048 100 1440,552,1224,1200
1049 100 1440,552,1224,1200
1050 100 1440,552,1224,1200
1051 100 1440,552,1224,1200
1052 100 1440,552,1224,1200
1053 100 1440,552,1224,1200
1054 100 1440,552,1224,1200
1055 100 1440,552,1224,1200
1056 100 1440,552,1224,1200
1057 100 1440,552,1224,1200
1058 100 1440,552,1224,1200
1059 100 1440,552,1224,1200
1060 100 1416,552,1224,1200
1061 100 1440,552,1224,1200
1062 100 1440,528,1224,1224
1063 100 1440,528,1224,1224
1064 100 1440,528,1224,1224
1065 100 1440,528,1224,1224
1066 100 1440,528,1224,1224
1067 100 1440,528,1224,1224
1068 100 1440,528,1224,1224
1069 100 1440,528,1224,1224
1070 100 1440,528,1224,1224
1071 100 1440,528,1224,1224
1072 100 1440,528,1224,1224
1073 100 1440,528,1224,1200
1074 100 1440,528,1224,1200
1075 100 1440,528,1224,1200
1076 100 1440,528,1224,1200
1077 100 1440,528,1224,1200
1078 100 1440,528,1224,1200
1079 100 1440,528,1224,1200
1080 100 1440,528,1224,1200
1081 100 1440,528,1224,1200
1082 100 1440,528,1224,1200
1083 100 1440,528,1224,1200
1084 100 1464,528,1224,1200
1085 100 1464,528,1224,1200
1086 100 1440,528,1224,1200
1087 100 1440,528,1224,1200
1088 100 1440,528,1224,1200
1089 100 1440,528,1224,1200
1090 100 1440,528,1224,1200
1091 100 1440,528,1224,1200
1092 100 1440,504,1224,1224
1093 100 1440,528,1224,1200
1094 100 1440,528,1224,1200
1095 100 1440,528,1224,1200
1096 100 1440,528,1224,1200
1097 100 1440,528,1224,1200
1098 100 1440,528,1224,1200
1099 100 1440,528,1224,1200
1100 100 1440,528,1224,1200
1101 100 1440,528,1224,1200
1102 100 1440,528,1224,1200
1103 100 1440,528,1224,1200
1104 100 1440,528,1224,1200
1105 100 1440,528,1224,1224
1106 100 1464,528,1224,1200
1107 100 1440,528,1224,1224
1108 100 1440,528,1224,1224
1109 100 1440,552,1224,1200
1110 100 1440,528,1224,1224
1111 100 1440,528,1224,1224
1112 100 1440,552,1224,1200
1113 100 1440,552,1224,1200
1114 100 1440,552,1224,1200
1115 100 1440,552,1224,1200
1116 100 1440,552,1224,1200
1117 100 1440,552,1224,1200
1118 100 1440,552,1224,1224
1119 100 1440,552,1224,1200
1120 100 1440,552,1224,1200
1121 100 1440,552,1224,1200
1122 100 1464,552,1224,1200
1123 100 1464,552,1224,1200
1124 100 1464,552,1224,1200
1125 100 1464,552,1224,1200
1126 100 1464,528,1224,1200
1127 100 1464,528,1224,1224
1128 100 1464,528,1224,1224
1129 100 1464,528,1224,1200
1130 100 1488,528,1224,1200
1131 100 1464,528,1224,1200
1132 100 1464,528,1224,1224
1133 100 1464,528,1224,1200
1134 100 1464,528,1224,1200
1135 100 1464,528,1224,1224
1136 100 1464,528,1224,1224
1137 100 1488,528,1224,1224
1138 100 1488,528,1224,1224
1139 100 1488,552,1224,1200
1140 100 1488,552,1224,1200
1141 100 1488,552,1224,1200
1142 100 1488,552,1224,1200
1143 100 1464,552,1224,1200
1144 100 1464,552,1224,1200
1145 100 1464,528,1224,1224
1146 100 1464,552,1224,1200
1147 100 1464,528,1224,1224
1148 100 1464,528,1224,1224
1149 100 1464,528,1224,1224
1150 100 1464,528,1224,1224
1151 100 1464,528,1224,1224
1152 100 1464,528,1224,1224
1153 100 1464,528,1224,1224
1154 100 1464,528,1224,1200
1155 100 1464,528,1224,1224
1156 100 1464,552,1224,1200
1157 100 1464,528,1224,1224
1158 100 1464,528,1224,1200
1159 100 1464,528,1224,1200
1160 100 1464,528,1224,1200
1161 100 1464,528,1224,1200
1162 100 1464,528,1224,1200
1163 100 1464,528,1224,1200
1164 100 1464,528,1224,1200
1165 100 1464,528,1224,1200
1166 100 1464,528,1224,1200
1167 100 1464,528,1224,1200
1168 100 1464,528,1224,1200
1169 100 1464,528,1224,1200
1170 100 1464,528,1224,1200
1171 100 1464,528,1224,1200
1172 100 1464,528,1224,1200
1173 100 1464,528,1224,1200
1174 100 1464,528,1224,1200
1175 100 1464,528,1224,1200
1176 100 1464,528,1224,1200
1177 100 1464,528,1224,1224
1178 100 1464,528,1224,1224
1179 100 1464,552,1224,1200
1180 100 1464,528,1224,1224
1181 100 1464,552,1224,1200
1182 100 1464,552,1224,1200
1183 100 1464,552,1224,1200
1184 100 1464,552,1224,1200
1185 100 1464,552,1224,1200
1186 100 1464,552,1224,1200
1187 100 1440,552,1224,1200
1188 100 1440,552,1224,1200
1189 100 1440,552,1224,1200
1190 100 1440,552,1224,1200
1191 100 1440,552,1224,1200
1192 100 1440,552,1224,1200
1193 100 1440,552,1224,1200
1194 100 1440,552,1224,1200
1195 100 1440,552,1224,1200
1196 100 1440,528,1224,1200
1197 100 1440,528,1224,1200
1198 100 1440,504,1224,1200
1199 100 1440,504,1224,1200
1200 100 1440,504,1224,1200
1201 100 1440,504,1224,1200
1202 100 1440,504,1224,1200
1203 100 1464,504,1224,1200
1204 100 1464,504,1224,1224
1205 100 1464,504,1224,1224
1206 100 1464,504,1224,1224
1207 100 1464,504,1224,1224
1208 100 1464,528,1224,1200
1209 100 1464,528,1224,1200
1210 100 1440,528,1224,1200
1211 100 1464,528,1224,1224
1212 100 1440,528,1224,1224
1213 100 1440,528,1224,1200
1214 100 1464,528,1224,1200
1215 100 1440,528,1224,1224
1216 100 1464,528,1224,1200
1217 100 1464,528,1224,1224
1218 100 1440,528,1224,1224
1219 100 1440,528,1224,1224
1220 100 1440,528,1224,1224
1221 100 1440,528,1224,1224
1222 100 1440,552,1224,1200
1223 100 1440,552,1224,1200
1224 100 1440,528,1224,1224
1225 100 1440,528,1224,1200
1226 100 1440,528,1224,1200
1227 100 1440,528,1224,1200
1228 100 1440,504,1224,1224
1229 100 1440,504,1224,1224
1230 100 1440,504,1224,1200
1231 100 1440,504,1224,1200
1232 100 1440,504,1224,1200
1233 100 1416,504,1224,1200
1234 100 1416,504,1224,1200
1235 100 1416,504,1224,1200
1236 100 1392,504,1224,1200
1237 100 1392,480,1224,1224
1238 100 1368,480,1224,1224
1239 100 1368,504,1224,1200
1240 100 1344,480,1224,1224
1241 100 1344,480,1224,1224
1242 100 1320,480,1224,1224
1243 100 1320,504,1224,1200
1244 100 1320,504,1224,1200
1245 100 1296,504,1224,1200
1246 100 1296,504,1224,1200
1247 100 1320,480,1224,1224
1248 100 1320,504,1224,1200
1249 100 1344,504,1224,1224
1250 100 1344,504,1224,1224
1251 100 1368,528,1224,1200
1252 100 1368,528,1224,1200
1253 100 1368,528,1224,1200
1254 100 1344,528,1224,1224
1255 100 1344,528,1224,1224
1256 100 1344,528,1224,1224
1257 100 1320,528,1224,1224
1258 100 1320,528,1224,1224
1259 100 1320,528,1224,1224
1260 100 1296,528,1224,1224
1261 100 1272,552,1224,1200
1262 100 1272,552,1224,1200
1263 100 1248,552,1224,1200
1264 100 1248,552,1224,1200
1265 100 1224,552,1224,1224
1266 100 1224,552,1224,1224
1267 100 1224,576,1224,1200
1268 100 1224,576,1224,1200
1269 100 1200,600,1224,1200
1270 100 1224,576,1224,1200
1271 100 1224,576,1224,1200
1272 100 1224,576,1224,1200
1273 100 1224,576,1224,1224
1274 100 1224,576,1224,1200
1275 100 1224,576,1224,1200
1276 100 1224,576,1224,1224
1277 100 1224,576,1224,1200
1278 100 1224,576,1224,1200
1279 100 1224,552,1224,1224
1280 100 1248,552,1224,1200
1281 100 1248,552,1224,1200
1282 100 1248,528,1224,1224
1283 100 1248,528,1224,1200
1284 100 1248,528,1224,1200
1285 100 1248,528,1224,1200
1286 100 1248,504,1224,1224
1287 100 1224,504,1224,1200
1288 100 1224,504,1224,1200
1289 100 1224,504,1224,1200
1290 100 1224,504,1224,1200
1291 100 1224,480,1224,1224
1292 100 1224,480,1224,1224
1293 100 1224,480,1224,1224
1294 100 1224,480,1224,1224
1295 100 1248,504,1224,1200
1296 100 1248,504,1224,1200
1297 100 1248,504,1224,1200
1298 100 1248,504,1224,1200
1299 100 1248,480,1224,1224
1300 100 1224,480,1224,1200
1301 100 1224,456,1224,1224
1302 100 1200,432,1224,1200
1303 100 1200,432,1224,1200
1304 100 1176,408,1224,1224
1305 100 1176,408,1224,1224
1306 100 1176,408,1224,1200
1307 100 1176,408,1224,1200
1308 100 1200,408,1224,1200
1309 100 1200,408,1224,1200
1310 100 1200,384,1224,1224
1311 100 1224,384,1224,1200
1312 100 1224,360,1224,1224
1313 100 1224,336,1224,1224
1314 100 1200,312,1224,1224
1315 100 1176,312,1224,1200
1316 100 1176,312,1224,1200
1317 100 1152,288,1224,1200
1318 100 1152,288,1224,1200
1319 100 1128,264,1224,1200
1320 100 1128,216,1224,1224
1321 100 1128,216,1224,1200
1322 100 1128,216,1224,1200
1323 100 1128,216,1224,1200
1324 100 1128,216,1224,1200
1325 100 1128,216,1224,1200
1326 100 1152,216,1224,1200
1327 100 1152,216,1224,1200
1328 100 1176,216,1224,1200
1329 100 1176,216,1224,1200
1330 100 1200,216,1224,1200
1331 100 1200,216,1224,1200
1332 100 1200,216,1224,1200
1333 100 1200,192,1224,1224
1334 100 1200,192,1224,1200
1335 100 1200,192,1224,1200
1336 100 1224,168,1224,1224
1337 100 1248,168,1224,1224
1338 100 1296,168,1224,1224
1339 100 1320,192,1224,1200
1340 100 1368,192,1224,1200
1341 100 1416,192,1224,1200
1342 100 1440,192,1224,1200
1343 100 1488,192,1224,1200
1344 100 1512,192,1224,1200
1345 100 1512,168,1224,1224
1346 100 1536,168,1224,1224
1347 100 1536,168,1224,1200
1348 100 1536,168,1224,1200
1349 100 1536,168,1224,1200
1350 100 1512,144,1224,1224
1351 100 1512,144,1224,1224
1352 100 1512,144,1224,1200
1353 100 1512,144,1224,1200
1354 100 1536,144,1224,1200
1355 100 1560,144,1224,1200
1356 100 1560,144,1224,1200
1357 100 1584,144,1224,1200
1358 100 1632,144,1224,1200
1359 100 1656,144,1224,1224
1360 100 1704,168,1224,1200
1361 100 1728,168,1224,1200
1362 100 1752,168,1224,1200
1363 100 1776,168,1224,1200
1364 100 1800,144,1224,1224
1365 100 1824,144,1224,1224
1366 100 1872,144,1224,1224
1367 100 1920,168,1224,1224
1368 100 1968,168,1224,1224
1369 100 1992,168,1224,1224
1370 100 2040,168,1224,1224
1371 100 2064,168,1224,1248
1372 100 2112,168,1224,1248
1373 100 2136,192,1224,1224
1374 100 2184,192,1224,1248
1375 100 2208,216,1224,1224
1376 100 2232,216,1224,1224
1377 100 2280,240,1224,1224
1378 100 2328,240,1224,1224
1379 100 2352,264,1224,1224
1380 100 2400,288,1224,1224
1381 100 2448,312,1224,1224
1382 100 2472,336,1224,1200
1383 100 2496,336,1224,1224
1384 100 2520,360,1224,1224
1385 100 2520,360,1224,1224
1386 100 2544,360,1224,1224
1387 100 2568,384,1224,1200
1388 100 2592,384,1224,1224
1389 100 2616,384,1224,1224
1390 100 2640,408,1224,1200
1391 100 2664,408,1224,1224
1392 100 2688,408,1224,1224
1393 100 2712,432,1224,1200
1394 100 2712,432,1224,1200
1395 100 2736,432,1224,1200
1396 100 2832,432,1224,1200
1397 100 2856,432,1224,1224
1398 100 2856,432,1224,1224
1399 100 2832,456,1224,1200
1400 100 2832,456,1224,1200
1401 100 2832,456,1224,1200
1402 100 2808,456,1224,1200
1403 100 2712,456,1224,1200
1404 100 2688,456,1224,1200
1405 100 2640,456,1224,1200
1406 100 2616,432,1224,1224
1407 100 2592,432,1224,1224
1408 100 2592,432,1224,1224
1409 100 2616,432,1224,1224
1410 100 2640,432,1224,1224
1411 100 2640,432,1224,1224
1412 100 2664,456,1224,1200
1413 100 2664,432,1224,1224
1414 100 2640,432,1224,1224
1415 100 2640,432,1224,1224
1416 100 2640,432,1224,1224
1417 100 2616,432,1224,1224
1418 100 2616,432,1224,1224
1419 100 2616,432,1224,1224
1420 100 2616,432,1224,1224
1421 100 2616,432,1224,1224
1422 100 2592,432,1224,1224
1423 100 2592,432,1224,1224
1424 100 2592,432,1224,1224
1425 100 2592,432,1224,1224
1426 100 2616,432,1224,1224
1427 100 2616,456,1224,1200
1428 100 2616,456,1224,1200
1429 100 2616,456,1224,1200
1430 100 2616,456,1224,1200
1431 100 2616,456,1224,1200
1432 100 2592,456,1224,1200
1433 100 2592,456,1224,1200
1434 100 2592,456,1224,1200
1435 100 2592,456,1224,1200
1436 100 2592,456,1224,1200
1437 100 2592,456,1224,1224
1438 100 2568,456,1224,1224
1439 100 2568,456,1224,1224
