0 100 1224,576,1224,1200
1 100 1224,576,1224,1200
2 100 1248,552,1224,1224
3 100 1248,552,1224,1224
4 100 1248,552,1224,1224
5 100 1248,552,1224,1224
6 100 1248,552,1224,1224
7 100 1248,552,1224,1224
8 100 1248,552,1224,1224
9 100 1248,552,1224,1224
10 100 1248,552,1224,1224
11 100 1248,552,1224,1200
12 100 1248,552,1224,1200
13 100 1248,552,1224,1200
14 100 1248,552,1224,1200
15 100 1248,552,1224,1200
16 100 1248,552,1224,1200
17 100 1248,552,1224,1200
18 100 1248,552,1224,1200
19 100 1248,552,1224,1200
20 100 1248,552,1224,1200
21 100 1224,552,1224,1224
22 100 1224,552,1224,1224
23 100 1224,552,1224,1224
24 100 1224,552,1224,1224
25 100 1224,552,1224,1224
26 100 1224,576,1224,1200
27 100 1224,576,1224,1200
28 100 1224,576,1224,1200
29 100 1224,576,1224,1200
30 100 1224,576,1224,1200
31 100 1248,528,1224,1224
32 100 1248,528,1224,1224
33 100 1248,528,1224,1224
34 100 1248,528,1224,1224
35 100 1248,528,1224,1224
36 100 1272,480,1224,1200
37 100 1272,480,1224,1200
38 100 1272,480,1224,1200
39 100 1272,480,1224,1200
40 100 1272,480,1224,1200
41 100 1248,384,1224,1224
42 100 1248,384,1224,1224
43 100 1248,384,1224,1224
44 100 1248,384,1224,1224
45 100 1248,384,1224,1224
46 100 1224,336,1224,1200
47 100 1224,336,1224,1200
48 100 1224,336,1224,1200
49 100 1224,336,1224,1200
50 100 1224,336,1224,1200
51 100 1200,264,1224,1224
52 100 1200,264,1224,1224
53 100 1200,264,1224,1224
54 100 1200,264,1224,1224
55 100 1200,264,1224,1224
56 100 1152,216,1224,1200
57 100 1152,216,1224,1200
58 100 1152,216,1224,1200
59 100 1152,216,1224,1200
60 100 1152,216,1224,1200
61 100 1080,144,1224,1224
62 100 1080,144,1224,1224
63 100 1080,144,1224,1224
64 100 1080,144,1224,1224
65 100 1080,144,1224,1224
66 100 1080,144,1224,1224
67 100 1056,96,1224,1224
68 100 1056,96,1224,1224
69 100 1056,96,1224,1224
70 100 1056,96,1224,1224
71 100 1056,96,1224,1224
72 100 1008,96,1224,1200
73 100 1008,96,1224,1200
74 100 1008,96,1224,1200
75 100 1008,96,1224,1200
76 100 1008,96,1224,1200
77 100 1008,96,1224,1200
78 100 1008,96,1224,1200
79 100 1008,96,1224,1200
80 100 1008,96,1224,1200
81 100 1008,96,1224,1200
82 100 1008,96,1224,1200
83 100 1008,96,1224,1200
84 100 1008,96,1224,1200
85 100 1008,96,1224,1200
86 100 1008,96,1224,1200
87 100 1008,144,1224,1200
88 100 1008,144,1224,1200
89 100 1008,144,1224,1200
90 100 1008,144,1224,1200
91 100 1008,144,1224,1200
92 100 984,168,1224,1200
93 100 984,168,1224,1200
94 100 984,168,1224,1200
95 100 984,168,1224,1200
96 100 984,168,1224,1200
97 100 888,216,1224,1200
98 100 888,216,1224,1200
99 100 888,216,1224,1200
100 100 888,216,1224,1200
101 100 888,216,1224,1200
102 100 720,192,1224,1224
103 100 720,192,1224,1224
104 100 720,192,1224,1224
105 100 720,192,1224,1224
106 100 720,192,1224,1224
107 100 504,168,1224,1224
108 100 504,168,1224,1224
109 100 504,168,1224,1224
110 100 504,168,1224,1224
111 100 504,168,1224,1224
112 100 360,144,1224,1200
113 100 360,144,1224,1200
114 100 360,144,1224,1200
115 100 360,144,1224,1200
116 100 360,144,1224,1200
117 100 240,120,1224,1200
118 100 240,120,1224,1200
119 100 240,120,1224,1200
120 100 240,120,1224,1200
121 100 240,120,1224,1200
122 100 216,96,1224,1200
123 100 216,96,1224,1200
124 100 216,96,1224,1200
125 100 216,96,1224,1200
126 100 216,96,1224,1200
127 100 192,72,1224,1224
128 100 192,72,1224,1224
129 100 192,72,1224,1224
130 100 192,72,1224,1224
131 100 192,72,1224,1224
132 100 216,72,1224,1224
133 100 216,72,1224,1224
134 100 216,72,1224,1224
135 100 216,72,1224,1224
136 100 216,72,1224,1224
137 100 288,72,1224,1200
138 100 288,72,1224,1200
139 100 288,72,1224,1200
140 100 288,72,1224,1200
141 100 288,72,1224,1200
142 100 240,24,1224,1200
143 100 240,24,1224,1200
144 100 240,24,1224,1200
145 100 240,24,1224,1200
146 100 240,24,1224,1200
147 100 0,24,1224,1176
148 100 0,24,1224,1176
149 100 0,24,1224,1176
150 100 0,24,1224,1176
151 100 0,24,1224,1176
152 100 0,24,1224,1152
153 100 0,24,1224,1152
154 100 0,24,1224,1152
155 100 0,24,1224,1152
156 100 0,24,1224,1152
157 100 0,24,1224,1152
158 100 0,24,1224,1152
159 100 0,24,1224,1152
160 100 0,24,1224,1152
161 100 0,24,1224,1152
162 100 408,24,1224,1176
163 100 408,24,1224,1176
164 100 408,24,1224,1176
165 100 408,24,1224,1176
166 100 408,24,1224,1176
167 100 0,24,1224,1248
168 100 0,24,1224,1248
169 100 0,24,1224,1248
170 100 0,24,1224,1248
171 100 0,24,1224,1248
172 100 1632,48,1224,1248
173 100 1632,48,1224,1248
174 100 1632,48,1224,1248
175 100 1632,48,1224,1248
176 100 1632,48,1224,1248
177 100 1728,72,1224,1248
178 100 1728,72,1224,1248
179 100 1728,72,1224,1248
180 100 1728,72,1224,1248
181 100 1728,72,1224,1248
182 100 1752,96,1224,1248
183 100 1752,96,1224,1248
184 100 1752,96,1224,1248
185 100 1752,96,1224,1248
186 100 1752,96,1224,1248
187 100 1800,168,1224,1224
188 100 1800,168,1224,1224
189 100 1800,168,1224,1224
190 100 1800,168,1224,1224
191 100 1800,168,1224,1224
192 100 1920,336,1224,1224
193 100 1920,336,1224,1224
194 100 1920,336,1224,1224
195 100 1920,336,1224,1224
196 100 1920,336,1224,1224
197 100 1920,336,1224,1224
198 100 1944,504,1224,1224
199 100 1944,504,1224,1224
200 100 1944,504,1224,1224
201 100 1944,504,1224,1224
202 100 1944,504,1224,1224
203 100 1872,624,1224,1200
204 100 1872,624,1224,1200
205 100 1872,624,1224,1200
206 100 1872,624,1224,1200
207 100 1872,624,1224,1200
208 100 1800,696,1224,1224
209 100 1800,696,1224,1224
210 100 1800,696,1224,1224
211 100 1800,696,1224,1224
212 100 1800,696,1224,1224
213 100 1728,744,1224,1200
214 100 1728,744,1224,1200
215 100 1728,744,1224,1200
216 100 1728,744,1224,1200
217 100 1728,744,1224,1200
218 100 1632,744,1224,1224
219 100 1632,744,1224,1224
220 100 1632,744,1224,1224
221 100 1632,744,1224,1224
222 100 1632,744,1224,1224
223 100 1464,768,1224,1200
224 100 1464,768,1224,1200
225 100 1464,768,1224,1200
226 100 1464,768,1224,1200
227 100 1464,768,1224,1200
228 100 1272,792,1224,1200
229 100 1272,792,1224,1200
230 100 1272,792,1224,1200
231 100 1272,792,1224,1200
232 100 1272,792,1224,1200
233 100 1080,792,1224,1200
234 100 1080,792,1224,1200
235 100 1080,792,1224,1200
236 100 1080,792,1224,1200
237 100 1080,792,1224,1200
238 100 912,792,1224,1200
239 100 912,792,1224,1200
240 100 912,792,1224,1200
241 100 912,792,1224,1200
242 100 912,792,1224,1200
243 100 768,744,1224,1224
244 100 768,744,1224,1224
245 100 768,744,1224,1224
246 100 768,744,1224,1224
247 100 768,744,1224,1224
248 100 672,720,1224,1224
249 100 672,720,1224,1224
250 100 672,720,1224,1224
251 100 672,720,1224,1224
252 100 672,720,1224,1224
253 100 696,696,1224,1200
254 100 696,696,1224,1200
255 100 696,696,1224,1200
256 100 696,696,1224,1200
257 100 696,696,1224,1200
258 100 840,624,1224,1224
259 100 840,624,1224,1224
260 100 840,624,1224,1224
261 100 840,624,1224,1224
262 100 840,624,1224,1224
263 100 1032,576,1224,1224
264 100 1032,576,1224,1224
265 100 1032,576,1224,1224
266 100 1032,576,1224,1224
267 100 1032,576,1224,1224
268 100 1128,528,1224,1200
269 100 1128,528,1224,1200
270 100 1128,528,1224,1200
271 100 1128,528,1224,1200
272 100 1128,528,1224,1200
273 100 1128,480,1224,1200
274 100 1128,480,1224,1200
275 100 1128,480,1224,1200
276 100 1128,480,1224,1200
277 100 1128,480,1224,1200
278 100 1032,432,1224,1200
279 100 1032,432,1224,1200
280 100 1032,432,1224,1200
281 100 1032,432,1224,1200
282 100 1080,384,1224,1200
283 100 1080,384,1224,1200
284 100 1080,384,1224,1200
285 100 1080,384,1224,1200
286 100 1080,384,1224,1200
287 100 1080,384,1224,1200
288 100 1080,360,1224,1200
289 100 1080,360,1224,1200
290 100 1080,360,1224,1200
291 100 1080,360,1224,1200
292 100 1080,360,1224,1200
293 100 1176,336,1224,1200
294 100 1176,336,1224,1200
295 100 1176,336,1224,1200
296 100 1176,336,1224,1200
297 100 1176,336,1224,1200
298 100 1200,336,1224,1224
299 100 1200,336,1224,1224
300 100 1200,336,1224,1224
301 100 1200,336,1224,1224
302 100 1200,336,1224,1224
303 100 1200,360,1224,1200
304 100 1200,360,1224,1200
305 100 1200,360,1224,1200
306 100 1200,360,1224,1200
307 100 1200,360,1224,1200
308 100 1200,360,1224,1200
309 100 1200,360,1224,1200
310 100 1200,360,1224,1200
311 100 1200,360,1224,1200
312 100 1200,360,1224,1200
313 100 1200,360,1224,1200
314 100 1200,360,1224,1200
315 100 1200,360,1224,1200
316 100 1200,360,1224,1200
317 100 1200,360,1224,1200
318 100 1200,360,1224,1200
319 100 1200,360,1224,1200
320 100 1200,360,1224,1200
321 100 1200,360,1224,1200
322 100 1176,360,1224,1200
323 100 1176,360,1224,1200
324 100 1176,360,1224,1200
325 100 1176,360,1224,1200
326 100 1176,360,1224,1200
327 100 1176,360,1224,1224
328 100 1176,360,1224,1224
329 100 1176,360,1224,1224
330 100 1176,360,1224,1224
331 100 1176,360,1224,1224
332 100 1176,360,1224,1224
333 100 1176,360,1224,1224
334 100 1176,360,1224,1224
335 100 1176,360,1224,1224
336 100 1176,360,1224,1224
337 100 1176,360,1224,1224
338 100 1176,360,1224,1224
339 100 1176,360,1224,1224
340 100 1176,360,1224,1224
341 100 1176,360,1224,1224
342 100 1176,360,1224,1224
343 100 1176,360,1224,1224
344 100 1176,360,1224,1224
345 100 1176,360,1224,1224
346 100 1176,360,1224,1224
347 100 1200,360,1224,1224
348 100 1200,360,1224,1224
349 100 1200,360,1224,1224
350 100 1200,360,1224,1224
351 100 1200,360,1224,1224
352 100 1200,360,1224,1200
353 100 1200,360,1224,1200
354 100 1200,360,1224,1200
355 100 1200,360,1224,1200
356 100 1200,360,1224,1200
357 100 1200,336,1224,1200
358 100 1200,336,1224,1200
359 100 1200,336,1224,1200
360 100 1200,336,1224,1200
361 100 1200,336,1224,1200
362 100 1224,312,1224,1200
363 100 1224,312,1224,1200
364 100 1224,312,1224,1200
365 100 1224,312,1224,1200
366 100 1224,312,1224,1200
367 100 1224,312,1224,1200
368 100 1248,288,1224,1200
369 100 1248,288,1224,1200
370 100 1248,288,1224,1200
371 100 1248,288,1224,1200
372 100 1248,288,1224,1200
373 100 1272,288,1224,1200
374 100 1272,288,1224,1200
375 100 1272,288,1224,1200
376 100 1272,288,1224,1200
377 100 1272,288,1224,1200
378 100 1272,288,1224,1200
379 100 1272,288,1224,1200
380 100 1272,288,1224,1200
381 100 1272,288,1224,1200
382 100 1272,288,1224,1200
383 100 1272,264,1224,1224
384 100 1272,264,1224,1224
385 100 1272,264,1224,1224
386 100 1272,264,1224,1224
387 100 1272,288,1224,1200
388 100 1272,288,1224,1200
389 100 1272,288,1224,1200
390 100 1272,288,1224,1200
391 100 1272,288,1224,1200
392 100 1272,288,1224,1200
393 100 1248,288,1224,1200
394 100 1248,288,1224,1200
395 100 1248,288,1224,1200
396 100 1248,288,1224,1200
397 100 1248,288,1224,1200
398 100 1200,288,1224,1200
399 100 1200,288,1224,1200
400 100 1200,288,1224,1200
401 100 1200,288,1224,1200
402 100 1200,288,1224,1200
403 100 1152,288,1224,1200
404 100 1152,288,1224,1200
405 100 1152,288,1224,1200
406 100 1152,288,1224,1200
407 100 1152,288,1224,1200
408 100 1104,264,1224,1224
409 100 1104,264,1224,1224
410 100 1104,264,1224,1224
411 100 1104,264,1224,1224
412 100 1104,264,1224,1224
413 100 1056,264,1224,1200
414 100 1056,264,1224,1200
415 100 1056,264,1224,1200
416 100 1056,264,1224,1200
417 100 1056,264,1224,1200
418 100 1080,264,1224,1200
419 100 1080,264,1224,1200
420 100 1080,264,1224,1200
421 100 1080,264,1224,1200
422 100 1080,264,1224,1200
423 100 1080,240,1224,1224
424 100 1080,240,1224,1224
425 100 1080,240,1224,1224
426 100 1080,240,1224,1224
427 100 1080,240,1224,1224
428 100 1128,240,1224,1224
429 100 1128,240,1224,1224
430 100 1128,240,1224,1224
431 100 1128,240,1224,1224
432 100 1128,240,1224,1224
433 100 1152,240,1224,1224
434 100 1152,240,1224,1224
435 100 1152,240,1224,1224
436 100 1152,240,1224,1224
437 100 1152,240,1224,1224
438 100 1176,240,1224,1224
439 100 1176,240,1224,1224
440 100 1176,240,1224,1224
441 100 1176,240,1224,1224
442 100 1176,240,1224,1224
443 100 1176,240,1224,1224
444 100 1200,264,1224,1224
445 100 1200,264,1224,1224
446 100 1200,264,1224,1224
447 100 1200,264,1224,1224
448 100 1224,288,1224,1200
449 100 1224,288,1224,1200
450 100 1224,288,1224,1200
451 100 1224,288,1224,1200
452 100 1224,288,1224,1200
453 100 1224,288,1224,1200
454 100 1248,288,1224,1200
455 100 1248,288,1224,1200
456 100 1248,288,1224,1200
457 100 1248,288,1224,1200
458 100 1320,288,1224,1224
459 100 1320,288,1224,1224
460 100 1320,288,1224,1224
461 100 1320,288,1224,1224
462 100 1320,288,1224,1224
463 100 1320,288,1224,1224
464 100 1344,312,1224,1200
465 100 1344,312,1224,1200
466 100 1344,312,1224,1200
467 100 1344,312,1224,1200
468 100 1344,288,1224,1200
469 100 1344,288,1224,1200
470 100 1344,288,1224,1200
471 100 1344,288,1224,1200
472 100 1344,288,1224,1200
473 100 1344,288,1224,1200
474 100 1344,288,1224,1200
475 100 1344,288,1224,1200
476 100 1344,288,1224,1200
477 100 1344,288,1224,1200
478 100 1344,288,1224,1224
479 100 1344,288,1224,1224
480 100 1344,288,1224,1224
481 100 1344,288,1224,1224
482 100 1344,288,1224,1224
483 100 1344,288,1224,1224
484 100 1296,288,1224,1224
485 100 1296,288,1224,1224
486 100 1296,288,1224,1224
487 100 1296,288,1224,1224
488 100 1248,312,1224,1200
489 100 1248,312,1224,1200
490 100 1248,312,1224,1200
491 100 1248,312,1224,1200
492 100 1248,312,1224,1200
493 100 1248,312,1224,1200
494 100 1200,312,1224,1200
495 100 1200,312,1224,1200
496 100 1200,312,1224,1200
497 100 1200,312,1224,1200
498 100 1200,312,1224,1200
499 100 1200,312,1224,1200
500 100 1200,312,1224,1200
501 100 1200,312,1224,1200
502 100 1200,312,1224,1200
503 100 1200,312,1224,1200
504 100 1200,312,1224,1224
505 100 1200,312,1224,1224
506 100 1200,312,1224,1224
507 100 1200,312,1224,1224
508 100 1200,312,1224,1224
509 100 1200,312,1224,1224
510 100 1200,312,1224,1224
511 100 1200,312,1224,1224
512 100 1200,312,1224,1224
513 100 1200,312,1224,1224
514 100 1224,336,1224,1200
515 100 1224,336,1224,1200
516 100 1224,336,1224,1200
517 100 1224,336,1224,1200
518 100 1224,336,1224,1200
519 100 1224,336,1224,1200
520 100 1248,336,1224,1200
521 100 1248,336,1224,1200
522 100 1248,336,1224,1200
523 100 1248,336,1224,1200
524 100 1272,336,1224,1224
525 100 1272,336,1224,1224
526 100 1272,336,1224,1224
527 100 1272,336,1224,1224
528 100 1272,336,1224,1224
529 100 1272,336,1224,1224
530 100 1272,336,1224,1224
531 100 1272,336,1224,1224
532 100 1272,336,1224,1224
533 100 1272,336,1224,1224
534 100 1272,360,1224,1224
535 100 1272,360,1224,1224
536 100 1272,360,1224,1224
537 100 1272,360,1224,1224
538 100 1320,432,1224,1200
539 100 1320,432,1224,1200
540 100 1320,432,1224,1200
541 100 1320,432,1224,1200
542 100 1320,432,1224,1200
543 100 1344,480,1224,1200
544 100 1344,480,1224,1200
545 100 1344,480,1224,1200
546 100 1344,480,1224,1200
547 100 1344,480,1224,1200
548 100 1320,504,1224,1200
549 100 1320,504,1224,1200
550 100 1320,504,1224,1200
551 100 1320,504,1224,1200
552 100 1320,504,1224,1200
553 100 1296,504,1224,1200
554 100 1296,504,1224,1200
555 100 1296,504,1224,1200
556 100 1296,504,1224,1200
557 100 1296,504,1224,1200
558 100 1296,480,1224,1224
559 100 1296,480,1224,1224
560 100 1296,480,1224,1224
561 100 1296,480,1224,1224
562 100 1296,480,1224,1224
563 100 1296,480,1224,1224
564 100 1296,456,1224,1200
565 100 1296,456,1224,1200
566 100 1296,456,1224,1200
567 100 1296,456,1224,1200
568 100 1296,432,1224,1224
569 100 1296,432,1224,1224
570 100 1296,432,1224,1224
571 100 1296,432,1224,1224
572 100 1296,432,1224,1224
573 100 1320,408,1224,1224
574 100 1320,408,1224,1224
575 100 1320,408,1224,1224
576 100 1320,408,1224,1224
577 100 1320,408,1224,1200
578 100 1320,408,1224,1200
579 100 1320,408,1224,1200
580 100 1320,408,1224,1200
581 100 1320,408,1224,1200
582 100 1320,408,1224,1200
583 100 1320,408,1224,1200
584 100 1296,408,1224,1200
585 100 1296,408,1224,1200
586 100 1296,408,1224,1200
587 100 1296,408,1224,1200
588 100 1296,408,1224,1200
589 100 1272,384,1224,1224
590 100 1272,384,1224,1224
591 100 1272,384,1224,1224
592 100 1272,384,1224,1224
593 100 1248,384,1224,1200
594 100 1248,384,1224,1200
595 100 1248,384,1224,1200
596 100 1248,384,1224,1200
597 100 1248,384,1224,1200
598 100 1248,360,1224,1224
599 100 1248,360,1224,1224
600 100 1248,360,1224,1224
601 100 1248,360,1224,1224
602 100 1248,360,1224,1224
603 100 1224,360,1224,1224
604 100 1224,360,1224,1224
605 100 1224,360,1224,1224
606 100 1224,360,1224,1224
607 100 1224,360,1224,1224
608 100 1224,384,1224,1200
609 100 1224,384,1224,1200
610 100 1224,384,1224,1200
611 100 1224,384,1224,1200
612 100 1224,384,1224,1200
613 100 1272,480,1224,1224
614 100 1272,480,1224,1224
615 100 1272,480,1224,1224
616 100 1272,480,1224,1224
617 100 1272,480,1224,1224
618 100 1032,528,1224,1200
619 100 1032,528,1224,1200
620 100 1032,528,1224,1200
621 100 1032,528,1224,1200
622 100 1032,528,1224,1200
623 100 1032,528,1224,1200
624 100 816,480,1224,1224
625 100 816,480,1224,1224
626 100 816,480,1224,1224
627 100 816,480,1224,1224
628 100 696,480,1224,1200
629 100 696,480,1224,1200
630 100 696,480,1224,1200
631 100 696,480,1224,1200
632 100 696,480,1224,1200
633 100 624,480,1224,1200
634 100 624,480,1224,1200
635 100 624,480,1224,1200
636 100 624,480,1224,1200
637 100 624,480,1224,1200
638 100 624,480,1224,1200
639 100 576,456,1224,1224
640 100 576,456,1224,1224
641 100 576,456,1224,1224
642 100 576,456,1224,1224
643 100 552,456,1224,1200
644 100 552,456,1224,1200
645 100 552,456,1224,1200
646 100 552,456,1224,1200
647 100 552,456,1224,1200
648 100 528,432,1224,1224
649 100 528,432,1224,1224
650 100 528,432,1224,1224
651 100 528,432,1224,1224
652 100 528,432,1224,1224
653 100 528,432,1224,1224
654 100 528,432,1224,1224
655 100 528,432,1224,1224
656 100 528,432,1224,1224
657 100 528,432,1224,1224
658 100 528,432,1224,1224
659 100 528,432,1224,1224
660 100 528,432,1224,1224
661 100 528,432,1224,1224
662 100 528,432,1224,1224
663 100 528,456,1224,1200
664 100 528,456,1224,1200
665 100 528,456,1224,1200
666 100 528,456,1224,1200
667 100 528,456,1224,1200
668 100 552,456,1224,1224
669 100 552,456,1224,1224
670 100 552,456,1224,1224
671 100 552,456,1224,1224
672 100 552,456,1224,1224
673 100 528,504,1224,1200
674 100 528,504,1224,1200
675 100 528,504,1224,1200
676 100 528,504,1224,1200
677 100 528,504,1224,1200
678 100 456,576,1224,1200
679 100 456,576,1224,1200
680 100 456,576,1224,1200
681 100 456,576,1224,1200
682 100 456,576,1224,1200
683 100 336,600,1224,1200
684 100 336,600,1224,1200
685 100 336,600,1224,1200
686 100 336,600,1224,1200
687 100 336,600,1224,1200
688 100 264,600,1224,1224
689 100 264,600,1224,1224
690 100 264,600,1224,1224
691 100 264,600,1224,1224
692 100 264,600,1224,1224
693 100 240,600,1224,1224
694 100 240,600,1224,1224
695 100 240,600,1224,1224
696 100 240,600,1224,1224
697 100 240,600,1224,1224
698 100 240,600,1224,1200
699 100 240,600,1224,1200
700 100 240,600,1224,1200
701 100 240,600,1224,1200
702 100 240,600,1224,1200
703 100 336,576,1224,1200
704 100 336,576,1224,1200
705 100 336,576,1224,1200
706 100 336,576,1224,1200
707 100 336,576,1224,1200
708 100 504,552,1224,1200
709 100 504,552,1224,1200
710 100 504,552,1224,1200
711 100 504,552,1224,1200
712 100 504,552,1224,1200
713 100 696,528,1224,1224
714 100 696,528,1224,1224
715 100 696,528,1224,1224
716 100 696,528,1224,1224
717 100 696,528,1224,1224
718 100 888,528,1224,1224
719 100 888,528,1224,1224
720 100 888,528,1224,1224
721 100 888,528,1224,1224
722 100 888,528,1224,1224
723 100 1032,528,1224,1224
724 100 1032,528,1224,1224
725 100 1032,528,1224,1224
726 100 1032,528,1224,1224
727 100 1032,528,1224,1224
728 100 1152,504,1224,1224
729 100 1152,504,1224,1224
730 100 1152,504,1224,1224
731 100 1152,504,1224,1224
732 100 1152,504,1224,1224
733 100 1248,504,1224,1224
734 100 1248,504,1224,1224
735 100 1248,504,1224,1224
736 100 1248,504,1224,1224
737 100 1248,504,1224,1224
738 100 1320,480,1224,1224
739 100 1320,480,1224,1224
740 100 1320,480,1224,1224
741 100 1320,480,1224,1224
742 100 1320,480,1224,1224
743 100 1368,456,1224,1224
744 100 1368,456,1224,1224
745 100 1368,456,1224,1224
746 100 1368,456,1224,1224
747 100 1368,456,1224,1224
748 100 1416,456,1224,1200
749 100 1416,456,1224,1200
750 100 1416,456,1224,1200
751 100 1416,456,1224,1200
752 100 1416,456,1224,1200
753 100 1440,456,1224,1200
754 100 1440,456,1224,1200
755 100 1440,456,1224,1200
756 100 1440,456,1224,1200
757 100 1440,456,1224,1200
758 100 1440,432,1224,1224
759 100 1440,432,1224,1224
760 100 1440,432,1224,1224
761 100 1440,432,1224,1224
762 100 1440,432,1224,1224
763 100 1440,456,1224,1200
764 100 1440,456,1224,1200
765 100 1440,456,1224,1200
766 100 1440,456,1224,1200
767 100 1440,456,1224,1200
768 100 1464,456,1224,1200
769 100 1464,456,1224,1200
770 100 1464,456,1224,1200
771 100 1464,456,1224,1200
772 100 1464,456,1224,1200
773 100 1464,456,1224,1200
774 100 1464,456,1224,1200
775 100 1464,456,1224,1200
776 100 1464,456,1224,1200
777 100 1464,456,1224,1200
778 100 1488,456,1224,1224
779 100 1488,456,1224,1224
780 100 1488,456,1224,1224
781 100 1488,456,1224,1224
782 100 1488,456,1224,1224
783 100 1512,408,1224,1224
784 100 1512,408,1224,1224
785 100 1512,408,1224,1224
786 100 1512,408,1224,1224
787 100 1512,408,1224,1224
788 100 1584,432,1224,1224
789 100 1584,432,1224,1224
790 100 1584,432,1224,1224
791 100 1584,432,1224,1224
792 100 1584,432,1224,1224
793 100 1632,456,1224,1224
794 100 1632,456,1224,1224
795 100 1632,456,1224,1224
796 100 1632,456,1224,1224
797 100 1632,456,1224,1224
798 100 1704,504,1224,1224
799 100 1704,504,1224,1224
800 100 1704,504,1224,1224
801 100 1704,504,1224,1224
802 100 1704,504,1224,1224
803 100 1704,528,1224,1248
804 100 1704,528,1224,1248
805 100 1704,528,1224,1248
806 100 1704,528,1224,1248
807 100 1704,528,1224,1248
808 100 1728,528,1224,1224
809 100 1728,528,1224,1224
810 100 1728,528,1224,1224
811 100 1728,528,1224,1224
812 100 1728,528,1224,1224
813 100 1752,552,1224,1224
814 100 1752,552,1224,1224
815 100 1752,552,1224,1224
816 100 1752,552,1224,1224
817 100 1752,552,1224,1224
818 100 1776,552,1224,1224
819 100 1776,552,1224,1224
820 100 1776,552,1224,1224
821 100 1776,552,1224,1224
822 100 1776,552,1224,1224
823 100 1824,552,1224,1224
824 100 1824,552,1224,1224
825 100 1824,552,1224,1224
826 100 1824,552,1224,1224
827 100 1824,552,1224,1224
828 100 1848,576,1224,1224
829 100 1848,576,1224,1224
830 100 1848,576,1224,1224
831 100 1848,576,1224,1224
832 100 1848,576,1224,1224
833 100 1848,576,1224,1200
834 100 1848,576,1224,1200
835 100 1848,576,1224,1200
836 100 1848,576,1224,1200
837 100 1848,576,1224,1200
838 100 1824,552,1224,1200
839 100 1824,552,1224,1200
840 100 1824,552,1224,1200
841 100 1824,552,1224,1200
842 100 1824,552,1224,1200
843 100 1776,528,1224,1224
844 100 1776,528,1224,1224
845 100 1776,528,1224,1224
846 100 1776,528,1224,1224
847 100 1776,528,1224,1224
848 100 1680,504,1224,1224
849 100 1680,504,1224,1224
850 100 1680,504,1224,1224
851 100 1680,504,1224,1224
852 100 1680,504,1224,1224
853 100 1584,504,1224,1200
854 100 1584,504,1224,1200
855 100 1584,504,1224,1200
856 100 1584,504,1224,1200
857 100 1584,504,1224,1200
858 100 1488,480,1224,1224
859 100 1488,480,1224,1224
860 100 1488,480,1224,1224
861 100 1488,480,1224,1224
862 100 1488,480,1224,1224
863 100 1392,480,1224,1200
864 100 1392,480,1224,1200
865 100 1392,480,1224,1200
866 100 1392,480,1224,1200
867 100 1392,480,1224,1200
868 100 1320,456,1224,1224
869 100 1320,456,1224,1224
870 100 1320,456,1224,1224
871 100 1320,456,1224,1224
872 100 1320,456,1224,1224
873 100 1272,456,1224,1200
874 100 1272,456,1224,1200
875 100 1272,456,1224,1200
876 100 1272,456,1224,1200
877 100 1272,456,1224,1200
878 100 1224,456,1224,1200
879 100 1224,456,1224,1200
880 100 1224,456,1224,1200
881 100 1224,456,1224,1200
882 100 1224,456,1224,1200
883 100 1200,480,1224,1200
884 100 1200,480,1224,1200
885 100 1200,480,1224,1200
886 100 1200,480,1224,1200
887 100 1200,480,1224,1200
888 100 1200,480,1224,1200
889 100 1200,480,1224,1200
890 100 1200,480,1224,1200
891 100 1200,480,1224,1200
892 100 1200,480,1224,1200
893 100 1224,456,1224,1224
894 100 1224,456,1224,1224
895 100 1224,456,1224,1224
896 100 1224,456,1224,1224
897 100 1224,456,1224,1224
898 100 1224,456,1224,1224
899 100 1224,456,1224,1224
900 100 1224,456,1224,1224
901 100 1224,456,1224,1224
902 100 1224,456,1224,1224
903 100 1224,432,1224,1224
904 100 1224,432,1224,1224
905 100 1224,432,1224,1224
906 100 1224,432,1224,1224
907 100 1224,432,1224,1224
908 100 1200,432,1224,1200
909 100 1200,432,1224,1200
910 100 1200,432,1224,1200
911 100 1200,432,1224,1200
912 100 1200,432,1224,1200
913 100 1176,408,1224,1200
914 100 1176,408,1224,1200
915 100 1176,408,1224,1200
916 100 1176,408,1224,1200
917 100 1176,408,1224,1200
918 100 1152,384,1224,1200
919 100 1152,384,1224,1200
920 100 1152,384,1224,1200
921 100 1152,384,1224,1200
922 100 1152,384,1224,1200
923 100 1152,336,1224,1224
924 100 1152,336,1224,1224
925 100 1152,336,1224,1224
926 100 1152,336,1224,1224
927 100 1152,336,1224,1224
928 100 1152,312,1224,1200
929 100 1152,312,1224,1200
930 100 1152,312,1224,1200
931 100 1152,312,1224,1200
932 100 1152,312,1224,1200
933 100 1176,264,1224,1224
934 100 1176,264,1224,1224
935 100 1176,264,1224,1224
936 100 1176,264,1224,1224
937 100 1176,264,1224,1224
938 100 1224,264,1224,1200
939 100 1224,264,1224,1200
940 100 1224,264,1224,1200
941 100 1224,264,1224,1200
942 100 1224,264,1224,1200
943 100 1272,264,1224,1200
944 100 1272,264,1224,1200
945 100 1272,264,1224,1200
946 100 1272,264,1224,1200
947 100 1272,264,1224,1200
948 100 1296,240,1224,1224
949 100 1296,240,1224,1224
950 100 1296,240,1224,1224
951 100 1296,240,1224,1224
952 100 1296,240,1224,1224
953 100 1320,240,1224,1224
954 100 1320,240,1224,1224
955 100 1320,240,1224,1224
956 100 1320,240,1224,1224
957 100 1320,240,1224,1224
958 100 1320,264,1224,1200
959 100 1320,264,1224,1200
960 100 1320,264,1224,1200
961 100 1320,264,1224,1200
962 100 1320,264,1224,1200
963 100 1344,264,1224,1224
964 100 1344,264,1224,1224
965 100 1344,264,1224,1224
966 100 1344,264,1224,1224
967 100 1320,288,1224,1224
968 100 1320,288,1224,1224
969 100 1320,288,1224,1224
970 100 1320,288,1224,1224
971 100 1320,288,1224,1224
972 100 1320,288,1224,1224
973 100 1320,336,1224,1200
974 100 1320,336,1224,1200
975 100 1320,336,1224,1200
976 100 1320,336,1224,1200
977 100 1320,336,1224,1200
978 100 1320,384,1224,1200
979 100 1320,384,1224,1200
980 100 1320,384,1224,1200
981 100 1320,384,1224,1200
982 100 1320,384,1224,1200
983 100 1320,408,1224,1224
984 100 1320,408,1224,1224
985 100 1320,408,1224,1224
986 100 1320,408,1224,1224
987 100 1320,408,1224,1224
988 100 1296,432,1224,1224
989 100 1296,432,1224,1224
990 100 1296,432,1224,1224
991 100 1296,432,1224,1224
992 100 1296,456,1224,1224
993 100 1296,456,1224,1224
994 100 1296,456,1224,1224
995 100 1296,456,1224,1224
996 100 1296,456,1224,1224
997 100 1296,456,1224,1224
998 100 1296,456,1224,1200
999 100 1296,456,1224,1200
1000 100 1296,456,1224,1200
1001 100 1296,456,1224,1200
1002 100 1296,456,1224,1200
1003 100 1272,456,1224,1200
1004 100 1272,456,1224,1200
1005 100 1272,456,1224,1200
1006 100 1272,456,1224,1200
1007 100 1272,456,1224,1200
1008 100 1296,456,1224,1200
1009 100 1296,456,1224,1200
1010 100 1296,456,1224,1200
1011 100 1296,456,1224,1200
1012 100 1296,456,1224,1200
1013 100 1296,456,1224,1200
1014 100 1296,456,1224,1200
1015 100 1296,456,1224,1200
1016 100 1296,456,1224,1200
1017 100 1296,456,1224,1200
1018 100 1296,456,1224,1200
1019 100 1296,456,1224,1200
1020 100 1296,456,1224,1200
1021 100 1296,456,1224,1200
1022 100 1296,456,1224,1200
1023 100 1320,456,1224,1200
1024 100 1320,456,1224,1200
1025 100 1320,456,1224,1200
1026 100 1320,456,1224,1200
1027 100 1320,456,1224,1200
1028 100 1320,432,1224,1224
1029 100 1320,432,1224,1224
1030 100 1320,432,1224,1224
1031 100 1320,432,1224,1224
1032 100 1320,432,1224,1224
1033 100 1320,432,1224,1200
1034 100 1320,432,1224,1200
1035 100 1320,432,1224,1200
1036 100 1320,432,1224,1200
1037 100 1320,432,1224,1200
1038 100 1320,408,1224,1224
1039 100 1320,408,1224,1224
1040 100 1320,408,1224,1224
1041 100 1320,408,1224,1224
1042 100 1320,408,1224,1224
1043 100 1320,384,1224,1224
1044 100 1320,384,1224,1224
1045 100 1320,384,1224,1224
1046 100 1320,384,1224,1224
1047 100 1320,384,1224,1224
1048 100 1296,360,1224,1224
1049 100 1296,360,1224,1224
1050 100 1296,360,1224,1224
1051 100 1296,360,1224,1224
1052 100 1296,360,1224,1224
1053 100 1272,312,1224,1200
1054 100 1272,312,1224,1200
1055 100 1272,312,1224,1200
1056 100 1272,312,1224,1200
1057 100 1272,312,1224,1200
1058 100 1224,264,1224,1200
1059 100 1224,264,1224,1200
1060 100 1224,264,1224,1200
1061 100 1224,264,1224,1200
1062 100 1224,264,1224,1200
1063 100 1200,240,1224,1200
1064 100 1200,240,1224,1200
1065 100 1200,240,1224,1200
1066 100 1200,240,1224,1200
1067 100 1200,240,1224,1200
1068 100 1176,216,1224,1224
1069 100 1176,216,1224,1224
1070 100 1176,216,1224,1224
1071 100 1176,216,1224,1224
1072 100 1176,216,1224,1224
1073 100 1176,216,1224,1200
1074 100 1176,216,1224,1200
1075 100 1176,216,1224,1200
1076 100 1176,216,1224,1200
1077 100 1176,216,1224,1200
1078 100 1176,216,1224,1200
1079 100 1176,216,1224,1200
1080 100 1176,216,1224,1200
1081 100 1176,216,1224,1200
1082 100 1176,216,1224,1200
1083 100 1176,216,1224,1224
1084 100 1176,216,1224,1224
1085 100 1176,216,1224,1224
1086 100 1176,216,1224,1224
1087 100 1176,216,1224,1224
1088 100 1176,216,1224,1224
1089 100 1176,216,1224,1224
1090 100 1176,216,1224,1224
1091 100 1176,216,1224,1224
1092 100 1176,216,1224,1224
1093 100 1176,216,1224,1224
1094 100 1176,216,1224,1224
1095 100 1176,216,1224,1224
1096 100 1176,216,1224,1224
1097 100 1176,216,1224,1224
1098 100 1176,240,1224,1200
1099 100 1176,240,1224,1200
1100 100 1176,240,1224,1200
1101 100 1176,240,1224,1200
1102 100 1176,240,1224,1200
1103 100 1176,240,1224,1200
1104 100 1176,240,1224,1200
1105 100 1176,240,1224,1200
1106 100 1176,240,1224,1200
1107 100 1176,240,1224,1200
1108 100 1176,240,1224,1200
1109 100 1176,240,1224,1200
1110 100 1176,240,1224,1200
1111 100 1176,240,1224,1200
1112 100 1176,240,1224,1200
1113 100 1176,240,1224,1200
1114 100 1176,240,1224,1200
1115 100 1176,240,1224,1200
1116 100 1176,240,1224,1200
1117 100 1176,240,1224,1200
1118 100 1200,240,1224,1224
1119 100 1200,240,1224,1224
1120 100 1200,240,1224,1224
1121 100 1200,240,1224,1224
1122 100 1200,240,1224,1224
1123 100 1200,264,1224,1200
1124 100 1200,264,1224,1200
1125 100 1200,264,1224,1200
1126 100 1200,264,1224,1200
1127 100 1200,264,1224,1200
1128 100 1200,264,1224,1200
1129 100 1200,264,1224,1200
1130 100 1200,264,1224,1200
1131 100 1200,264,1224,1200
1132 100 1200,264,1224,1224
1133 100 1200,264,1224,1224
1134 100 1200,264,1224,1224
1135 100 1200,264,1224,1224
1136 100 1200,264,1224,1224
1137 100 1200,264,1224,1224
1138 100 1200,264,1224,1224
1139 100 1200,264,1224,1224
1140 100 1200,264,1224,1224
1141 100 1200,264,1224,1224
1142 100 1200,264,1224,1224
1143 100 1200,264,1224,1224
1144 100 1200,264,1224,1224
1145 100 1200,264,1224,1224
1146 100 1200,264,1224,1224
1147 100 1200,264,1224,1224
1148 100 1200,264,1224,1224
1149 100 1200,264,1224,1224
1150 100 1200,264,1224,1224
1151 100 1200,264,1224,1224
1152 100 1200,264,1224,1224
1153 100 1224,288,1224,1224
1154 100 1224,288,1224,1224
1155 100 1224,288,1224,1224
1156 100 1224,288,1224,1224
1157 100 1224,288,1224,1224
1158 100 1224,288,1224,1200
1159 100 1224,288,1224,1200
1160 100 1224,288,1224,1200
1161 100 1224,288,1224,1200
1162 100 1224,288,1224,1200
1163 100 1224,288,1224,1200
1164 100 1224,288,1224,1224
1165 100 1224,288,1224,1224
1166 100 1224,288,1224,1224
1167 100 1224,288,1224,1224
1168 100 1224,288,1224,1224
1169 100 1248,312,1224,1200
1170 100 1248,312,1224,1200
1171 100 1248,312,1224,1200
1172 100 1248,312,1224,1200
1173 100 1248,312,1224,1200
1174 100 1248,312,1224,1200
1175 100 1248,312,1224,1200
1176 100 1248,312,1224,1200
1177 100 1248,312,1224,1200
1178 100 1248,312,1224,1224
1179 100 1248,312,1224,1224
1180 100 1248,312,1224,1224
1181 100 1248,312,1224,1224
1182 100 1248,312,1224,1224
1183 100 1248,312,1224,1224
1184 100 1248,312,1224,1224
1185 100 1248,312,1224,1224
1186 100 1248,312,1224,1224
1187 100 1248,312,1224,1224
1188 100 1224,312,1224,1224
1189 100 1224,312,1224,1224
1190 100 1224,312,1224,1224
1191 100 1224,312,1224,1224
1192 100 1224,312,1224,1224
1193 100 1224,312,1224,1224
1194 100 1224,312,1224,1224
1195 100 1224,312,1224,1224
1196 100 1224,312,1224,1224
1197 100 1224,312,1224,1224
1198 100 1224,312,1224,1200
1199 100 1224,312,1224,1200
1200 100 1224,312,1224,1200
1201 100 1224,312,1224,1200
1202 100 1224,312,1224,1200
1203 100 1224,312,1224,1200
1204 100 1224,312,1224,1200
1205 100 1224,312,1224,1200
1206 100 1224,312,1224,1200
1207 100 1224,312,1224,1200
1208 100 1224,312,1224,1200
1209 100 1200,312,1224,1224
1210 100 1200,312,1224,1224
1211 100 1200,312,1224,1224
1212 100 1200,312,1224,1224
1213 100 1176,312,1224,1224
1214 100 1176,312,1224,1224
1215 100 1176,312,1224,1224
1216 100 1176,312,1224,1224
1217 100 1176,312,1224,1224
1218 100 1152,336,1224,1200
1219 100 1152,336,1224,1200
1220 100 1152,336,1224,1200
1221 100 1152,336,1224,1200
1222 100 1152,336,1224,1200
1223 100 1152,336,1224,1200
1224 100 1152,336,1224,1200
1225 100 1152,336,1224,1200
1226 100 1152,336,1224,1200
1227 100 1152,336,1224,1200
1228 100 1200,336,1224,1200
1229 100 1200,336,1224,1200
1230 100 1200,336,1224,1200
1231 100 1200,336,1224,1200
1232 100 1200,336,1224,1200
1233 100 1200,336,1224,1200
1234 100 1248,336,1224,1224
1235 100 1248,336,1224,1224
1236 100 1248,336,1224,1224
1237 100 1248,336,1224,1224
1238 100 1344,336,1224,1224
1239 100 1344,336,1224,1224
1240 100 1344,336,1224,1224
1241 100 1344,336,1224,1224
1242 100 1344,336,1224,1224
1243 100 1392,312,1224,1224
1244 100 1392,312,1224,1224
1245 100 1392,312,1224,1224
1246 100 1392,312,1224,1224
1247 100 1392,312,1224,1224
1248 100 1392,312,1224,1224
1249 100 1416,312,1224,1200
1250 100 1416,312,1224,1200
1251 100 1416,312,1224,1200
1252 100 1416,312,1224,1200
1253 100 1416,288,1224,1224
1254 100 1416,288,1224,1224
1255 100 1416,288,1224,1224
1256 100 1416,288,1224,1224
1257 100 1416,288,1224,1224
1258 100 1416,288,1224,1200
1259 100 1416,288,1224,1200
1260 100 1416,288,1224,1200
1261 100 1416,288,1224,1200
1262 100 1416,288,1224,1200
1263 100 1416,288,1224,1200
1264 100 1368,264,1224,1224
1265 100 1368,264,1224,1224
1266 100 1368,264,1224,1224
1267 100 1368,264,1224,1224
1268 100 1344,264,1224,1200
1269 100 1344,264,1224,1200
1270 100 1344,264,1224,1200
1271 100 1344,264,1224,1200
1272 100 1344,264,1224,1200
1273 100 1296,240,1224,1224
1274 100 1296,240,1224,1224
1275 100 1296,240,1224,1224
1276 100 1296,240,1224,1224
1277 100 1296,240,1224,1224
1278 100 1296,240,1224,1224
1279 100 1224,240,1224,1200
1280 100 1224,240,1224,1200
1281 100 1224,240,1224,1200
1282 100 1224,240,1224,1200
1283 100 1152,216,1224,1224
1284 100 1152,216,1224,1224
1285 100 1152,216,1224,1224
1286 100 1152,216,1224,1224
1287 100 1152,216,1224,1224
1288 100 1104,216,1224,1224
1289 100 1104,216,1224,1224
1290 100 1104,216,1224,1224
1291 100 1104,216,1224,1224
1292 100 1104,216,1224,1224
1293 100 1104,216,1224,1224
1294 100 1056,216,1224,1200
1295 100 1056,216,1224,1200
1296 100 1056,216,1224,1200
1297 100 1056,216,1224,1200
1298 100 1008,192,1224,1224
1299 100 1008,192,1224,1224
1300 100 1008,192,1224,1224
1301 100 1008,192,1224,1224
1302 100 1008,192,1224,1224
1303 100 960,192,1224,1224
1304 100 960,192,1224,1224
1305 100 960,192,1224,1224
1306 100 960,192,1224,1224
1307 100 960,192,1224,1224
1308 100 912,192,1224,1200
1309 100 912,192,1224,1200
1310 100 912,192,1224,1200
1311 100 912,192,1224,1200
1312 100 912,192,1224,1200
1313 100 864,192,1224,1200
1314 100 864,192,1224,1200
1315 100 864,192,1224,1200
1316 100 864,192,1224,1200
1317 100 864,192,1224,1200
1318 100 864,192,1224,1200
1319 100 864,192,1224,1200
1320 100 864,192,1224,1200
1321 100 864,192,1224,1200
1322 100 864,192,1224,1200
1323 100 888,192,1224,1200
1324 100 888,192,1224,1200
1325 100 888,192,1224,1200
1326 100 888,192,1224,1200
1327 100 888,192,1224,1200
1328 100 888,192,1224,1200
1329 100 984,192,1224,1224
1330 100 984,192,1224,1224
1331 100 984,192,1224,1224
1332 100 984,192,1224,1224
1333 100 1104,192,1224,1224
1334 100 1104,192,1224,1224
1335 100 1104,192,1224,1224
1336 100 1104,192,1224,1224
1337 100 1104,192,1224,1224
1338 100 1224,216,1224,1200
1339 100 1224,216,1224,1200
1340 100 1224,216,1224,1200
1341 100 1224,216,1224,1200
1342 100 1224,216,1224,1200
1343 100 1272,192,1224,1224
1344 100 1272,192,1224,1224
1345 100 1272,192,1224,1224
1346 100 1272,192,1224,1224
1347 100 1272,192,1224,1224
1348 100 1320,192,1224,1224
1349 100 1320,192,1224,1224
1350 100 1320,192,1224,1224
1351 100 1320,192,1224,1224
1352 100 1320,192,1224,1224
1353 100 1320,168,1224,1224
1354 100 1320,168,1224,1224
1355 100 1320,168,1224,1224
1356 100 1320,168,1224,1224
1357 100 1320,168,1224,1224
1358 100 1296,144,1224,1224
1359 100 1296,144,1224,1224
1360 100 1296,144,1224,1224
1361 100 1296,144,1224,1224
1362 100 1296,144,1224,1224
1363 100 1296,120,1224,1224
1364 100 1296,120,1224,1224
1365 100 1296,120,1224,1224
1366 100 1296,120,1224,1224
1367 100 1296,120,1224,1224
1368 100 1296,96,1224,1224
1369 100 1296,96,1224,1224
1370 100 1296,96,1224,1224
1371 100 1296,96,1224,1224
1372 100 1296,96,1224,1224
1373 100 1272,72,1224,1224
1374 100 1272,72,1224,1224
1375 100 1272,72,1224,1224
1376 100 1272,72,1224,1224
1377 100 1272,72,1224,1224
1378 100 1248,48,1224,1224
1379 100 1248,48,1224,1224
1380 100 1248,48,1224,1224
1381 100 1248,48,1224,1224
1382 100 1248,48,1224,1224
1383 100 1248,48,1224,1224
1384 100 1248,48,1224,1224
1385 100 1248,48,1224,1224
1386 100 1248,48,1224,1224
1387 100 1248,48,1224,1224
1388 100 1224,48,1224,1224
1389 100 1224,48,1224,1224
1390 100 1224,48,1224,1224
1391 100 1224,48,1224,1224
1392 100 1224,48,1224,1224
1393 100 0,24,1224,1248
1394 100 0,24,1224,1248
1395 100 0,24,1224,1248
1396 100 0,24,1224,1248
1397 100 0,24,1224,1248
1398 100 0,24,1224,1224
1399 100 0,24,1224,1224
1400 100 0,24,1224,1224
1401 100 0,24,1224,1224
1402 100 0,24,1224,1224
1403 100 480,24,1224,1224
1404 100 480,24,1224,1224
1405 100 480,24,1224,1224
1406 100 480,24,1224,1224
1407 100 480,24,1224,1224
1408 100 744,24,1224,1248
1409 100 744,24,1224,1248
1410 100 744,24,1224,1248
1411 100 744,24,1224,1248
1412 100 744,24,1224,1248
1413 100 0,24,1224,1272
1414 100 0,24,1224,1272
1415 100 0,24,1224,1272
1416 100 0,24,1224,1272
1417 100 0,24,1224,1272
1418 100 0,24,1224,1272
1419 100 0,24,1224,1272
1420 100 0,24,1224,1272
1421 100 0,24,1224,1272
1422 100 0,24,1224,1272
1423 100 1368,24,1224,1272
1424 100 1368,24,1224,1272
1425 100 1368,24,1224,1272
1426 100 1368,24,1224,1272
1427 100 1368,24,1224,1272
1428 100 1800,48,1224,1272
1429 100 1800,48,1224,1272
1430 100 1800,48,1224,1272
1431 100 1800,48,1224,1272
1432 100 1800,48,1224,1272
1433 100 1992,96,1224,1272
1434 100 1992,96,1224,1272
1435 100 1992,96,1224,1272
1436 100 1992,96,1224,1272
1437 100 1992,96,1224,1272
1438 100 2184,192,1224,1248
1439 100 2184,192,1224,1248
1440 100 2184,192,1224,1248
1441 100 2184,192,1224,1248
1442 100 2184,192,1224,1248
1443 100 2352,288,1224,1224
1444 100 2352,288,1224,1224
1445 100 2352,288,1224,1224
1446 100 2352,288,1224,1224
1447 100 2352,288,1224,1224
1448 100 2424,432,1224,1200
1449 100 2424,432,1224,1200
1450 100 2424,432,1224,1200
1451 100 2424,432,1224,1200
1452 100 2424,432,1224,1200
1453 100 2256,480,1224,1224
1454 100 2256,480,1224,1224
1455 100 2256,480,1224,1224
1456 100 2256,480,1224,1224
1457 100 2256,480,1224,1224
1458 100 1872,312,1224,1224
1459 100 1872,312,1224,1224
1460 100 1872,312,1224,1224
1461 100 1872,312,1224,1224
1462 100 1872,312,1224,1224
1463 100 1536,144,1224,1224
1464 100 1536,144,1224,1224
1465 100 1536,144,1224,1224
1466 100 1536,144,1224,1224
1467 100 1536,144,1224,1224
1468 100 1296,48,1224,1200
1469 100 1296,48,1224,1200
1470 100 1296,48,1224,1200
1471 100 1296,48,1224,1200
1472 100 1296,48,1224,1200
1473 100 1152,48,1224,1224
1474 100 1152,48,1224,1224
1475 100 1152,48,1224,1224
1476 100 1152,48,1224,1224
1477 100 1152,48,1224,1224
1478 100 1032,120,1224,1200
1479 100 1032,120,1224,1200
1480 100 1032,120,1224,1200
1481 100 1032,120,1224,1200
1482 100 1032,120,1224,1200
1483 100 912,168,1224,1224
1484 100 912,168,1224,1224
1485 100 912,168,1224,1224
1486 100 912,168,1224,1224
1487 100 912,168,1224,1224
1488 100 864,216,1224,1200
1489 100 864,216,1224,1200
1490 100 864,216,1224,1200
1491 100 864,216,1224,1200
1492 100 864,216,1224,1200
1493 100 912,216,1224,1224
1494 100 912,216,1224,1224
1495 100 912,216,1224,1224
1496 100 912,216,1224,1224
1497 100 912,216,1224,1224
1498 100 1008,216,1224,1200
1499 100 1008,216,1224,1200
1500 100 1008,216,1224,1200
1501 100 1008,216,1224,1200
1502 100 1008,216,1224,1200
1503 100 1152,168,1224,1224
1504 100 1152,168,1224,1224
1505 100 1152,168,1224,1224
1506 100 1152,168,1224,1224
1507 100 1152,168,1224,1224
1508 100 1200,120,1224,1224
1509 100 1200,120,1224,1224
1510 100 1200,120,1224,1224
1511 100 1200,120,1224,1224
1512 100 1200,120,1224,1224
1513 100 0,24,1224,1224
1514 100 0,24,1224,1224
1515 100 0,24,1224,1224
1516 100 0,24,1224,1224
1517 100 0,24,1224,1224
1518 100 0,24,1224,1128
1519 100 0,24,1224,1128
1520 100 0,24,1224,1128
1521 100 0,24,1224,1128
1522 100 0,24,1224,1128
1523 100 0,24,1224,1080
1524 100 0,24,1224,1080
1525 100 0,24,1224,1080
1526 100 0,24,1224,1080
1527 100 0,24,1224,1080
1528 100 720,24,1224,1056
1529 100 720,24,1224,1056
1530 100 720,24,1224,1056
1531 100 720,24,1224,1056
1532 100 720,24,1224,1056
1533 100 720,24,1224,1056
1534 100 0,24,1224,1056
1535 100 0,24,1224,1056
1536 100 0,24,1224,1056
1537 100 0,24,1224,1056
1538 100 552,24,1224,1032
1539 100 552,24,1224,1032
1540 100 552,24,1224,1032
1541 100 552,24,1224,1032
1542 100 552,24,1224,1032
1543 100 576,24,1224,1032
1544 100 576,24,1224,1032
1545 100 576,24,1224,1032
1546 100 576,24,1224,1032
1547 100 576,24,1224,1032
1548 100 96,24,1224,1032
1549 100 96,24,1224,1032
1550 100 96,24,1224,1032
1551 100 96,24,1224,1032
1552 100 96,24,1224,1032
1553 100 96,24,1224,1056
1554 100 96,24,1224,1056
1555 100 96,24,1224,1056
1556 100 96,24,1224,1056
1557 100 96,24,1224,1056
1558 100 48,24,1224,1104
1559 100 48,24,1224,1104
1560 100 48,24,1224,1104
1561 100 48,24,1224,1104
1562 100 48,24,1224,1104
1563 100 0,24,1224,1128
1564 100 0,24,1224,1128
1565 100 0,24,1224,1128
1566 100 0,24,1224,1128
1567 100 0,24,1224,1128
1568 100 96,24,1224,1176
1569 100 96,24,1224,1176
1570 100 96,24,1224,1176
1571 100 96,24,1224,1176
1572 100 96,24,1224,1176
1573 100 96,24,1224,1176
1574 100 168,24,1224,1200
1575 100 168,24,1224,1200
1576 100 168,24,1224,1200
1577 100 168,24,1224,1200
1578 100 168,24,1224,1200
1579 100 72,24,1224,1176
1580 100 72,24,1224,1176
1581 100 72,24,1224,1176
1582 100 72,24,1224,1176
1583 100 72,24,1224,1152
1584 100 72,24,1224,1152
1585 100 72,24,1224,1152
1586 100 72,24,1224,1152
1587 100 72,24,1224,1152
1588 100 72,24,1224,1128
1589 100 72,24,1224,1128
1590 100 72,24,1224,1128
1591 100 72,24,1224,1128
1592 100 72,24,1224,1128
1593 100 72,24,1224,1128
1594 100 48,24,1224,1104
1595 100 48,24,1224,1104
1596 100 48,24,1224,1104
1597 100 48,24,1224,1104
1598 100 48,24,1224,1104
1599 100 48,24,1224,1104
1600 100 72,24,1224,1080
1601 100 72,24,1224,1080
1602 100 72,24,1224,1080
1603 100 72,24,1224,1080
1604 100 72,24,1224,1080
1605 100 72,24,1224,1080
1606 100 120,24,1224,1056
1607 100 120,24,1224,1056
1608 100 120,24,1224,1056
1609 100 120,24,1224,1056
1610 100 360,24,1224,1032
1611 100 360,24,1224,1032
1612 100 360,24,1224,1032
1613 100 360,24,1224,1032
1614 100 360,24,1224,1032
1615 100 0,24,1224,1032
1616 100 0,24,1224,1032
1617 100 0,24,1224,1032
1618 100 0,24,1224,1032
1619 100 72,24,1224,1056
1620 100 72,24,1224,1056
1621 100 72,24,1224,1056
1622 100 72,24,1224,1056
1623 100 72,24,1224,1056
1624 100 24,24,1224,1152
1625 100 24,24,1224,1152
1626 100 24,24,1224,1152
1627 100 24,24,1224,1152
1628 100 24,24,1224,1152
1629 100 24,24,1224,1152
1630 100 48,24,1224,1176
1631 100 48,24,1224,1176
1632 100 48,24,1224,1176
1633 100 48,24,1224,1176
1634 100 72,24,1224,1176
1635 100 72,24,1224,1176
1636 100 72,24,1224,1176
1637 100 72,24,1224,1176
1638 100 72,24,1224,1176
1639 100 72,24,1224,1176
1640 100 0,24,1224,1128
1641 100 0,24,1224,1128
1642 100 0,24,1224,1128
1643 100 0,24,1224,1128
1644 100 0,24,1224,1128
1645 100 0,24,1224,1128
1646 100 192,24,1224,1176
1647 100 192,24,1224,1176
1648 100 192,24,1224,1176
1649 100 0,24,1224,1200
1650 100 0,24,1224,1200
1651 100 0,24,1224,1200
1652 100 0,24,1224,1200
1653 100 0,24,1224,1200
1654 100 912,48,1224,1248
1655 100 912,48,1224,1248
1656 100 912,48,1224,1248
1657 100 912,48,1224,1248
1658 100 912,48,1224,1248
1659 100 912,48,1224,1248
1660 100 1032,96,1224,1248
1661 100 1032,96,1224,1248
1662 100 1032,96,1224,1248
1663 100 1032,96,1224,1248
1664 100 1032,96,1224,1248
1665 100 1128,168,1224,1224
1666 100 1128,168,1224,1224
1667 100 1128,168,1224,1224
1668 100 1128,168,1224,1224
1669 100 1176,264,1224,1224
1670 100 1176,264,1224,1224
1671 100 1176,264,1224,1224
1672 100 1176,264,1224,1224
1673 100 1176,264,1224,1224
1674 100 1224,360,1224,1224
1675 100 1224,360,1224,1224
1676 100 1224,360,1224,1224
1677 100 1224,360,1224,1224
1678 100 1224,360,1224,1224
1679 100 1224,480,1224,1200
1680 100 1224,480,1224,1200
1681 100 1224,480,1224,1200
1682 100 1224,480,1224,1200
1683 100 1224,480,1224,1200
1684 100 1128,576,1224,1200
1685 100 1128,576,1224,1200
1686 100 1128,576,1224,1200
1687 100 1128,576,1224,1200
1688 100 1128,576,1224,1200
1689 100 1080,624,1224,1224
1690 100 1080,624,1224,1224
1691 100 1080,624,1224,1224
1692 100 1080,624,1224,1224
1693 100 1080,624,1224,1224
1694 100 1080,624,1224,1224
1695 100 1080,648,1224,1200
1696 100 1080,648,1224,1200
1697 100 1080,648,1224,1200
1698 100 1080,648,1224,1200
1699 100 1128,624,1224,1224
1700 100 1128,624,1224,1224
1701 100 1128,624,1224,1224
1702 100 1128,624,1224,1224
1703 100 1128,624,1224,1224
1704 100 1128,624,1224,1224
1705 100 1224,576,1224,1224
1706 100 1224,576,1224,1224
1707 100 1224,576,1224,1224
1708 100 1224,576,1224,1224
1709 100 1296,552,1224,1224
1710 100 1296,552,1224,1224
1711 100 1296,552,1224,1224
1712 100 1296,552,1224,1224
1713 100 1296,552,1224,1224
1714 100 1296,552,1224,1224
1715 100 1344,528,1224,1224
1716 100 1344,528,1224,1224
1717 100 1344,528,1224,1224
1718 100 1344,528,1224,1224
1719 100 1392,504,1224,1224
1720 100 1392,504,1224,1224
1721 100 1392,504,1224,1224
1722 100 1392,504,1224,1224
1723 100 1392,504,1224,1224
1724 100 1392,504,1224,1224
1725 100 1392,504,1224,1200
1726 100 1392,504,1224,1200
1727 100 1392,504,1224,1200
1728 100 1392,504,1224,1200
1729 100 1416,480,1224,1200
1730 100 1416,480,1224,1200
1731 100 1416,480,1224,1200
1732 100 1416,480,1224,1200
1733 100 1416,480,1224,1200
1734 100 1416,480,1224,1200
1735 100 1416,456,1224,1200
1736 100 1416,456,1224,1200
1737 100 1416,456,1224,1200
1738 100 1416,456,1224,1200
1739 100 1392,432,1224,1224
1740 100 1392,432,1224,1224
1741 100 1392,432,1224,1224
1742 100 1392,432,1224,1224
1743 100 1392,432,1224,1224
1744 100 1392,432,1224,1224
1745 100 1368,408,1224,1224
1746 100 1368,408,1224,1224
1747 100 1368,408,1224,1224
1748 100 1368,408,1224,1224
1749 100 1320,408,1224,1224
1750 100 1320,408,1224,1224
1751 100 1320,408,1224,1224
1752 100 1320,408,1224,1224
1753 100 1320,408,1224,1224
1754 100 1320,408,1224,1224
1755 100 1224,408,1224,1200
1756 100 1224,408,1224,1200
1757 100 1224,408,1224,1200
1758 100 1224,408,1224,1200
1759 100 1128,384,1224,1224
1760 100 1128,384,1224,1224
1761 100 1128,384,1224,1224
1762 100 1128,384,1224,1224
1763 100 1128,384,1224,1224
1764 100 1128,384,1224,1224
1765 100 1032,384,1224,1200
1766 100 1032,384,1224,1200
1767 100 1032,384,1224,1200
1768 100 1032,384,1224,1200
1769 100 936,360,1224,1200
1770 100 936,360,1224,1200
1771 100 936,360,1224,1200
1772 100 936,360,1224,1200
1773 100 936,360,1224,1200
1774 100 936,360,1224,1200
1775 100 864,360,1224,1200
1776 100 864,360,1224,1200
1777 100 864,360,1224,1200
1778 100 864,360,1224,1200
1779 100 864,360,1224,1200
1780 100 792,360,1224,1200
1781 100 792,360,1224,1200
1782 100 792,360,1224,1200
1783 100 792,360,1224,1200
1784 100 792,360,1224,1200
1785 100 792,360,1224,1200
1786 100 744,360,1224,1200
1787 100 744,360,1224,1200
1788 100 744,360,1224,1200
1789 100 744,360,1224,1200
1790 100 696,360,1224,1224
1791 100 696,360,1224,1224
1792 100 696,360,1224,1224
1793 100 696,360,1224,1224
1794 100 696,360,1224,1224
1795 100 672,384,1224,1200
1796 100 672,384,1224,1200
1797 100 672,384,1224,1200
1798 100 672,384,1224,1200
1799 100 672,384,1224,1200
1800 100 648,384,1224,1224
1801 100 648,384,1224,1224
1802 100 648,384,1224,1224
1803 100 648,384,1224,1224
1804 100 648,384,1224,1224
1805 100 624,408,1224,1200
1806 100 624,408,1224,1200
1807 100 624,408,1224,1200
1808 100 624,408,1224,1200
1809 100 624,408,1224,1200
1810 100 624,408,1224,1200
1811 100 624,408,1224,1200
1812 100 624,408,1224,1200
1813 100 624,408,1224,1200
1814 100 624,408,1224,1200
1815 100 624,408,1224,1224
1816 100 624,408,1224,1224
1817 100 624,408,1224,1224
1818 100 624,408,1224,1224
1819 100 624,408,1224,1224
1820 100 648,432,1224,1200
1821 100 648,432,1224,1200
1822 100 648,432,1224,1200
1823 100 648,432,1224,1200
1824 100 648,432,1224,1200
1825 100 648,432,1224,1200
1826 100 648,432,1224,1200
1827 100 648,432,1224,1200
1828 100 648,432,1224,1200
1829 100 648,432,1224,1200
1830 100 672,432,1224,1200
1831 100 672,432,1224,1200
1832 100 672,432,1224,1200
1833 100 672,432,1224,1200
1834 100 672,432,1224,1200
1835 100 672,432,1224,1200
1836 100 672,432,1224,1200
1837 100 672,432,1224,1200
1838 100 672,432,1224,1200
1839 100 672,432,1224,1200
1840 100 672,432,1224,1200
1841 100 672,432,1224,1200
1842 100 672,432,1224,1200
1843 100 672,432,1224,1200
1844 100 672,432,1224,1200
1845 100 696,432,1224,1200
1846 100 696,432,1224,1200
1847 100 696,432,1224,1200
1848 100 696,432,1224,1200
1849 100 696,432,1224,1200
1850 100 696,432,1224,1224
1851 100 696,432,1224,1224
1852 100 696,432,1224,1224
1853 100 696,432,1224,1224
1854 100 696,432,1224,1224
1855 100 720,432,1224,1224
1856 100 720,432,1224,1224
1857 100 720,432,1224,1224
1858 100 720,432,1224,1224
1859 100 720,432,1224,1224
1860 100 720,456,1224,1200
1861 100 720,456,1224,1200
1862 100 720,456,1224,1200
1863 100 720,456,1224,1200
1864 100 720,456,1224,1200
1865 100 744,456,1224,1200
1866 100 744,456,1224,1200
1867 100 744,456,1224,1200
1868 100 744,456,1224,1200
1869 100 744,456,1224,1200
1870 100 744,456,1224,1200
1871 100 744,456,1224,1200
1872 100 744,456,1224,1200
1873 100 744,456,1224,1200
1874 100 744,456,1224,1200
1875 100 768,456,1224,1200
1876 100 768,456,1224,1200
1877 100 768,456,1224,1200
1878 100 768,456,1224,1200
1879 100 768,456,1224,1200
1880 100 768,456,1224,1200
1881 100 768,456,1224,1200
1882 100 768,456,1224,1200
1883 100 768,456,1224,1200
1884 100 768,456,1224,1200
1885 100 792,432,1224,1224
1886 100 792,432,1224,1224
1887 100 792,432,1224,1224
1888 100 792,432,1224,1224
1889 100 792,432,1224,1224
1890 100 792,432,1224,1224
1891 100 816,432,1224,1224
1892 100 816,432,1224,1224
1893 100 816,432,1224,1224
1894 100 816,432,1224,1224
1895 100 840,432,1224,1200
1896 100 840,432,1224,1200
1897 100 840,432,1224,1200
1898 100 840,432,1224,1200
1899 100 840,432,1224,1200
1900 100 864,408,1224,1224
1901 100 864,408,1224,1224
1902 100 864,408,1224,1224
1903 100 864,408,1224,1224
1904 100 864,408,1224,1224
1905 100 864,408,1224,1224
1906 100 864,408,1224,1224
1907 100 864,408,1224,1224
1908 100 864,408,1224,1224
1909 100 864,408,1224,1224
1910 100 888,408,1224,1200
1911 100 888,408,1224,1200
1912 100 888,408,1224,1200
1913 100 888,408,1224,1200
1914 100 888,408,1224,1200
1915 100 912,408,1224,1200
1916 100 912,408,1224,1200
1917 100 912,408,1224,1200
1918 100 912,408,1224,1200
1919 100 912,408,1224,1200
1920 100 912,408,1224,1200
1921 100 936,384,1224,1224
1922 100 936,384,1224,1224
1923 100 936,384,1224,1224
1924 100 936,384,1224,1224
1925 100 936,384,1224,1224
1926 100 936,384,1224,1224
1927 100 936,384,1224,1224
1928 100 936,384,1224,1224
1929 100 936,384,1224,1224
1930 100 912,384,1224,1200
1931 100 912,384,1224,1200
1932 100 912,384,1224,1200
1933 100 912,384,1224,1200
1934 100 912,384,1224,1200
1935 100 912,384,1224,1200
1936 100 912,360,1224,1224
1937 100 912,360,1224,1224
1938 100 912,360,1224,1224
1939 100 912,360,1224,1224
1940 100 912,360,1224,1200
1941 100 912,360,1224,1200
1942 100 912,360,1224,1200
1943 100 912,360,1224,1200
1944 100 912,360,1224,1200
1945 100 912,360,1224,1200
1946 100 936,360,1224,1224
1947 100 936,360,1224,1224
1948 100 936,360,1224,1224
1949 100 936,360,1224,1224
1950 100 960,384,1224,1200
1951 100 960,384,1224,1200
1952 100 960,384,1224,1200
1953 100 960,384,1224,1200
1954 100 960,384,1224,1200
1955 100 984,384,1224,1224
1956 100 984,384,1224,1224
1957 100 984,384,1224,1224
1958 100 984,384,1224,1224
1959 100 984,384,1224,1224
1960 100 984,384,1224,1224
1961 100 984,408,1224,1224
1962 100 984,408,1224,1224
1963 100 984,408,1224,1224
1964 100 984,408,1224,1224
1965 100 984,432,1224,1224
1966 100 984,432,1224,1224
1967 100 984,432,1224,1224
1968 100 984,432,1224,1224
1969 100 984,432,1224,1224
1970 100 1008,432,1224,1224
1971 100 1008,432,1224,1224
1972 100 1008,432,1224,1224
1973 100 1008,432,1224,1224
1974 100 1008,432,1224,1224
1975 100 1008,432,1224,1224
1976 100 1008,432,1224,1224
1977 100 1008,432,1224,1224
1978 100 1008,432,1224,1224
1979 100 1008,432,1224,1224
1980 100 1104,432,1224,1200
1981 100 1104,432,1224,1200
1982 100 1104,432,1224,1200
1983 100 1104,432,1224,1200
1984 100 1104,432,1224,1200
1985 100 1200,432,1224,1200
1986 100 1200,432,1224,1200
1987 100 1200,432,1224,1200
1988 100 1200,432,1224,1200
1989 100 1200,432,1224,1200
1990 100 1200,432,1224,1200
1991 100 1296,408,1224,1224
1992 100 1296,408,1224,1224
1993 100 1296,408,1224,1224
1994 100 1296,408,1224,1224
1995 100 1344,408,1224,1224
1996 100 1344,408,1224,1224
1997 100 1344,408,1224,1224
1998 100 1344,408,1224,1224
1999 100 1344,408,1224,1224
2000 100 1416,408,1224,1224
2001 100 1416,408,1224,1224
2002 100 1416,408,1224,1224
2003 100 1416,408,1224,1224
2004 100 1416,408,1224,1224
2005 100 1464,408,1224,1224
2006 100 1464,408,1224,1224
2007 100 1464,408,1224,1224
2008 100 1464,408,1224,1224
2009 100 1464,408,1224,1224
2010 100 1488,432,1224,1224
2011 100 1488,432,1224,1224
2012 100 1488,432,1224,1224
2013 100 1488,432,1224,1224
2014 100 1488,432,1224,1224
2015 100 1536,432,1224,1224
2016 100 1536,432,1224,1224
2017 100 1536,432,1224,1224
2018 100 1536,432,1224,1224
2019 100 1536,432,1224,1224
2020 100 1560,456,1224,1224
2021 100 1560,456,1224,1224
2022 100 1560,456,1224,1224
2023 100 1560,456,1224,1224
2024 100 1560,456,1224,1224
2025 100 1560,480,1224,1224
2026 100 1560,480,1224,1224
2027 100 1560,480,1224,1224
2028 100 1560,480,1224,1224
2029 100 1560,480,1224,1224
2030 100 1584,480,1224,1224
2031 100 1584,480,1224,1224
2032 100 1584,480,1224,1224
2033 100 1584,480,1224,1224
2034 100 1584,480,1224,1224
2035 100 1584,504,1224,1200
2036 100 1584,504,1224,1200
2037 100 1584,504,1224,1200
2038 100 1584,504,1224,1200
2039 100 1584,504,1224,1200
2040 100 1608,504,1224,1224
2041 100 1608,504,1224,1224
2042 100 1608,504,1224,1224
2043 100 1608,504,1224,1224
2044 100 1608,504,1224,1224
2045 100 1608,504,1224,1224
2046 100 1608,504,1224,1224
2047 100 1608,504,1224,1224
2048 100 1608,504,1224,1224
2049 100 1608,504,1224,1224
2050 100 1608,504,1224,1224
2051 100 1608,504,1224,1224
2052 100 1608,504,1224,1224
2053 100 1608,504,1224,1224
2054 100 1608,504,1224,1224
2055 100 1608,504,1224,1224
2056 100 1608,504,1224,1224
2057 100 1608,504,1224,1224
2058 100 1608,504,1224,1224
2059 100 1608,504,1224,1224
2060 100 1608,504,1224,1224
2061 100 1608,504,1224,1224
2062 100 1608,504,1224,1224
2063 100 1608,504,1224,1224
2064 100 1608,504,1224,1224
2065 100 1608,504,1224,1224
2066 100 1608,504,1224,1224
2067 100 1608,504,1224,1224
2068 100 1608,504,1224,1224
2069 100 1608,504,1224,1224
2070 100 1608,504,1224,1224
2071 100 1656,504,1224,1200
2072 100 1656,504,1224,1200
2073 100 1656,504,1224,1200
2074 100 1656,504,1224,1200
2075 100 1656,504,1224,1200
2076 100 1728,504,1224,1200
2077 100 1728,504,1224,1200
2078 100 1728,504,1224,1200
2079 100 1728,504,1224,1200
2080 100 1728,504,1224,1200
2081 100 1824,480,1224,1224
2082 100 1824,480,1224,1224
2083 100 1824,480,1224,1224
2084 100 1824,480,1224,1224
2085 100 1824,480,1224,1224
2086 100 1896,480,1224,1200
2087 100 1896,480,1224,1200
2088 100 1896,480,1224,1200
2089 100 1896,480,1224,1200
2090 100 1896,480,1224,1200
2091 100 1968,480,1224,1200
2092 100 1968,480,1224,1200
2093 100 1968,480,1224,1200
2094 100 1968,480,1224,1200
2095 100 1968,480,1224,1200
2096 100 2016,480,1224,1200
2097 100 2016,480,1224,1200
2098 100 2016,480,1224,1200
2099 100 2016,480,1224,1200
