0 100 672,624,1224,1200
1 100 672,624,1224,1200
2 100 672,624,1224,1200
3 100 672,624,1224,1200
4 100 672,624,1224,1200
5 100 672,624,1224,1200
6 100 672,624,1224,1200
7 100 672,624,1224,1200
8 100 672,624,1224,1200
9 100 672,624,1224,1200
10 100 672,624,1224,1200
11 100 672,624,1224,1200
12 100 672,624,1224,1200
13 100 672,624,1224,1200
14 100 672,624,1224,1200
15 100 672,624,1224,1200
16 100 672,624,1224,1200
17 100 672,624,1224,1200
18 100 672,624,1224,1200
19 100 672,624,1224,1200
20 100 672,624,1224,1200
21 100 672,624,1224,1200
22 100 672,624,1224,1200
23 100 672,624,1224,1200
24 100 672,624,1224,1200
25 100 672,624,1224,1200
26 100 672,624,1224,1200
27 100 672,624,1224,1200
28 100 672,624,1224,1200
29 100 672,624,1224,1200
30 100 672,624,1224,1200
31 100 672,624,1224,1200
32 100 672,624,1224,1200
33 100 672,624,1224,1200
34 100 672,624,1224,1200
35 100 672,624,1224,1200
36 100 696,600,1224,1224
37 100 696,600,1224,1224
38 100 696,600,1224,1224
39 100 696,600,1224,1224
40 100 696,600,1224,1224
41 100 696,624,1224,1200
42 100 696,624,1224,1200
43 100 696,624,1224,1200
44 100 696,624,1224,1200
45 100 696,624,1224,1200
46 100 672,600,1224,1224
47 100 672,600,1224,1224
48 100 672,600,1224,1224
49 100 672,600,1224,1224
50 100 672,600,1224,1224
51 100 672,600,1224,1200
52 100 672,600,1224,1200
53 100 672,600,1224,1200
54 100 672,600,1224,1200
55 100 672,600,1224,1200
56 100 648,600,1224,1200
57 100 648,600,1224,1200
58 100 648,600,1224,1200
59 100 648,600,1224,1200
60 100 648,600,1224,1200
61 100 648,600,1224,1200
62 100 648,600,1224,1200
63 100 648,600,1224,1200
64 100 648,600,1224,1200
65 100 648,600,1224,1200
66 100 648,600,1224,1200
67 100 648,600,1224,1200
68 100 648,600,1224,1200
69 100 648,600,1224,1200
70 100 648,600,1224,1200
71 100 600,600,1224,1200
72 100 600,600,1224,1200
73 100 600,600,1224,1200
74 100 600,600,1224,1200
75 100 600,600,1224,1200
76 100 576,600,1224,1200
77 100 576,600,1224,1200
78 100 576,600,1224,1200
79 100 576,600,1224,1200
80 100 576,600,1224,1200
81 100 576,600,1224,1200
82 100 552,600,1224,1200
83 100 552,600,1224,1200
84 100 552,600,1224,1200
85 100 552,600,1224,1200
86 100 528,600,1224,1200
87 100 528,600,1224,1200
88 100 528,600,1224,1200
89 100 528,600,1224,1200
90 100 528,600,1224,1200
91 100 504,600,1224,1200
92 100 504,600,1224,1200
93 100 504,600,1224,1200
94 100 504,600,1224,1200
95 100 504,600,1224,1200
96 100 480,600,1224,1200
97 100 480,600,1224,1200
98 100 480,600,1224,1200
99 100 480,600,1224,1200
100 100 480,600,1224,1200
101 100 432,600,1224,1200
102 100 432,600,1224,1200
103 100 432,600,1224,1200
104 100 432,600,1224,1200
105 100 432,600,1224,1200
106 100 408,600,1224,1200
107 100 408,600,1224,1200
108 100 408,600,1224,1200
109 100 408,600,1224,1200
110 100 408,600,1224,1200
111 100 408,600,1224,1224
112 100 408,600,1224,1224
113 100 408,600,1224,1224
114 100 408,600,1224,1224
115 100 408,600,1224,1224
116 100 384,600,1224,1200
117 100 384,600,1224,1200
118 100 384,600,1224,1200
119 100 384,600,1224,1200
120 100 384,600,1224,1200
121 100 360,576,1224,1224
122 100 360,576,1224,1224
123 100 360,576,1224,1224
124 100 360,576,1224,1224
125 100 360,576,1224,1224
126 100 336,576,1224,1200
127 100 336,576,1224,1200
128 100 336,576,1224,1200
129 100 336,576,1224,1200
130 100 336,576,1224,1200
131 100 312,576,1224,1200
132 100 312,576,1224,1200
133 100 312,576,1224,1200
134 100 312,576,1224,1200
135 100 312,576,1224,1200
136 100 312,576,1224,1200
137 100 312,576,1224,1200
138 100 312,576,1224,1200
139 100 312,576,1224,1200
140 100 312,576,1224,1200
141 100 288,552,1224,1200
142 100 288,552,1224,1200
143 100 288,552,1224,1200
144 100 288,552,1224,1200
145 100 288,552,1224,1200
146 100 264,552,1224,1200
147 100 264,552,1224,1200
148 100 264,552,1224,1200
149 100 264,552,1224,1200
150 100 240,528,1224,1224
151 100 240,528,1224,1224
152 100 240,528,1224,1224
153 100 240,528,1224,1224
154 100 240,528,1224,1224
155 100 216,528,1224,1200
156 100 216,528,1224,1200
157 100 216,528,1224,1200
158 100 216,528,1224,1200
159 100 216,528,1224,1200
160 100 216,504,1224,1224
161 100 216,504,1224,1224
162 100 216,504,1224,1224
163 100 216,504,1224,1224
164 100 216,504,1224,1224
165 100 216,504,1224,1200
166 100 216,504,1224,1200
167 100 216,504,1224,1200
168 100 216,504,1224,1200
169 100 216,504,1224,1200
170 100 192,480,1224,1200
171 100 192,480,1224,1200
172 100 192,480,1224,1200
173 100 192,480,1224,1200
174 100 192,480,1224,1200
175 100 192,456,1224,1200
176 100 192,456,1224,1200
177 100 192,456,1224,1200
178 100 192,456,1224,1200
179 100 192,456,1224,1200
180 100 192,456,1224,1200
181 100 192,432,1224,1224
182 100 192,432,1224,1224
183 100 192,432,1224,1224
184 100 192,432,1224,1224
185 100 192,432,1224,1224
186 100 192,432,1224,1200
187 100 192,432,1224,1200
188 100 192,432,1224,1200
189 100 192,432,1224,1200
190 100 192,432,1224,1200
191 100 192,432,1224,1200
192 100 240,432,1224,1224
193 100 240,432,1224,1224
194 100 240,432,1224,1224
195 100 240,432,1224,1224
196 100 240,432,1224,1224
197 100 288,456,1224,1200
198 100 288,456,1224,1200
199 100 288,456,1224,1200
200 100 288,456,1224,1200
201 100 312,480,1224,1224
202 100 312,480,1224,1224
203 100 312,480,1224,1224
204 100 312,480,1224,1224
205 100 312,480,1224,1224
206 100 384,528,1224,1200
207 100 384,528,1224,1200
208 100 384,528,1224,1200
209 100 384,528,1224,1200
210 100 384,528,1224,1200
211 100 432,552,1224,1200
212 100 432,552,1224,1200
213 100 432,552,1224,1200
214 100 432,552,1224,1200
215 100 432,552,1224,1200
216 100 456,576,1224,1200
217 100 456,576,1224,1200
218 100 456,576,1224,1200
219 100 456,576,1224,1200
220 100 456,576,1224,1200
221 100 456,600,1224,1200
222 100 456,600,1224,1200
223 100 456,600,1224,1200
224 100 456,600,1224,1200
225 100 456,600,1224,1200
226 100 480,600,1224,1200
227 100 480,600,1224,1200
228 100 480,600,1224,1200
229 100 480,600,1224,1200
230 100 480,600,1224,1200
231 100 480,600,1224,1200
232 100 504,600,1224,1200
233 100 504,600,1224,1200
234 100 504,600,1224,1200
235 100 504,600,1224,1200
236 100 504,600,1224,1200
237 100 504,600,1224,1200
238 100 504,600,1224,1200
239 100 504,600,1224,1200
240 100 504,600,1224,1200
241 100 504,600,1224,1200
242 100 528,600,1224,1200
243 100 528,600,1224,1200
244 100 528,600,1224,1200
245 100 528,600,1224,1200
246 100 528,600,1224,1200
247 100 528,600,1224,1200
248 100 528,600,1224,1200
249 100 528,600,1224,1200
250 100 528,600,1224,1200
251 100 528,600,1224,1200
252 100 528,600,1224,1200
253 100 528,600,1224,1200
254 100 528,600,1224,1200
255 100 528,600,1224,1200
256 100 552,600,1224,1200
257 100 552,600,1224,1200
258 100 552,600,1224,1200
259 100 552,600,1224,1200
260 100 552,600,1224,1200
261 100 552,600,1224,1200
262 100 552,600,1224,1200
263 100 552,600,1224,1200
264 100 552,600,1224,1200
265 100 552,600,1224,1200
266 100 552,600,1224,1200
267 100 552,600,1224,1200
268 100 552,600,1224,1200
269 100 552,600,1224,1200
270 100 552,600,1224,1200
271 100 528,600,1224,1224
272 100 528,600,1224,1224
273 100 528,600,1224,1224
274 100 528,600,1224,1224
275 100 528,600,1224,1224
276 100 528,624,1224,1200
277 100 528,624,1224,1200
278 100 528,624,1224,1200
279 100 528,624,1224,1200
280 100 528,624,1224,1200
281 100 528,624,1224,1200
282 100 528,624,1224,1200
283 100 528,624,1224,1200
284 100 528,624,1224,1200
285 100 528,624,1224,1200
286 100 528,624,1224,1200
287 100 528,624,1224,1200
288 100 528,624,1224,1200
289 100 528,624,1224,1200
290 100 528,624,1224,1200
291 100 552,624,1224,1200
292 100 552,624,1224,1200
293 100 552,624,1224,1200
294 100 552,624,1224,1200
295 100 552,624,1224,1200
296 100 552,600,1224,1224
297 100 552,600,1224,1224
298 100 552,600,1224,1224
299 100 552,600,1224,1224
300 100 552,600,1224,1224
301 100 672,576,1224,1200
302 100 672,576,1224,1200
303 100 672,576,1224,1200
304 100 672,576,1224,1200
305 100 672,576,1224,1200
306 100 768,552,1224,1224
307 100 768,552,1224,1224
308 100 768,552,1224,1224
309 100 768,552,1224,1224
310 100 768,552,1224,1224
311 100 840,552,1224,1224
312 100 840,552,1224,1224
313 100 840,552,1224,1224
314 100 840,552,1224,1224
315 100 840,552,1224,1224
316 100 912,552,1224,1200
317 100 912,552,1224,1200
318 100 912,552,1224,1200
319 100 912,552,1224,1200
320 100 912,552,1224,1200
321 100 984,552,1224,1200
322 100 984,552,1224,1200
323 100 984,552,1224,1200
324 100 984,552,1224,1200
325 100 984,552,1224,1200
326 100 1008,552,1224,1200
327 100 1008,552,1224,1200
328 100 1008,552,1224,1200
329 100 1008,552,1224,1200
330 100 1008,552,1224,1200
331 100 1056,552,1224,1200
332 100 1056,552,1224,1200
333 100 1056,552,1224,1200
334 100 1056,552,1224,1200
335 100 1056,552,1224,1200
336 100 1104,528,1224,1224
337 100 1104,528,1224,1224
338 100 1104,528,1224,1224
339 100 1104,528,1224,1224
340 100 1104,528,1224,1224
341 100 1152,528,1224,1200
342 100 1152,528,1224,1200
343 100 1152,528,1224,1200
344 100 1152,528,1224,1200
345 100 1200,504,1224,1200
346 100 1200,504,1224,1200
347 100 1200,504,1224,1200
348 100 1200,504,1224,1200
349 100 1200,504,1224,1200
350 100 1200,504,1224,1200
351 100 1248,480,1224,1200
352 100 1248,480,1224,1200
353 100 1248,480,1224,1200
354 100 1248,480,1224,1200
355 100 1272,456,1224,1224
356 100 1272,456,1224,1224
357 100 1272,456,1224,1224
358 100 1272,456,1224,1224
359 100 1272,456,1224,1224
360 100 1272,456,1224,1224
361 100 1296,432,1224,1200
362 100 1296,432,1224,1200
363 100 1296,432,1224,1200
364 100 1296,432,1224,1200
365 100 1296,408,1224,1224
366 100 1296,408,1224,1224
367 100 1296,408,1224,1224
368 100 1296,408,1224,1224
369 100 1296,408,1224,1224
370 100 1296,408,1224,1224
371 100 1272,384,1224,1200
372 100 1272,384,1224,1200
373 100 1272,384,1224,1200
374 100 1272,384,1224,1200
375 100 1272,360,1224,1224
376 100 1272,360,1224,1224
377 100 1272,360,1224,1224
378 100 1272,360,1224,1224
379 100 1272,360,1224,1224
380 100 1272,360,1224,1224
381 100 1248,360,1224,1200
382 100 1248,360,1224,1200
383 100 1248,360,1224,1200
384 100 1248,360,1224,1200
385 100 1248,360,1224,1200
386 100 1248,360,1224,1200
387 100 1248,360,1224,1200
388 100 1248,360,1224,1200
389 100 1248,360,1224,1200
390 100 1248,360,1224,1200
391 100 1224,360,1224,1200
392 100 1224,360,1224,1200
393 100 1224,360,1224,1200
394 100 1224,360,1224,1200
395 100 1248,360,1224,1200
396 100 1248,360,1224,1200
397 100 1248,360,1224,1200
398 100 1248,360,1224,1200
399 100 1248,360,1224,1200
400 100 1248,360,1224,1200
401 100 1224,360,1224,1224
402 100 1224,360,1224,1224
403 100 1224,360,1224,1224
404 100 1224,360,1224,1224
405 100 1224,360,1224,1224
406 100 1224,360,1224,1200
407 100 1224,360,1224,1200
408 100 1224,360,1224,1200
409 100 1224,360,1224,1200
410 100 1224,360,1224,1224
411 100 1224,360,1224,1224
412 100 1224,360,1224,1224
413 100 1224,360,1224,1224
414 100 1224,360,1224,1224
415 100 1224,360,1224,1224
416 100 1224,384,1224,1224
417 100 1224,384,1224,1224
418 100 1224,384,1224,1224
419 100 1224,384,1224,1224
420 100 1224,408,1224,1200
421 100 1224,408,1224,1200
422 100 1224,408,1224,1200
423 100 1224,408,1224,1200
424 100 1224,408,1224,1200
425 100 1224,408,1224,1200
426 100 1224,408,1224,1200
427 100 1224,408,1224,1200
428 100 1224,408,1224,1200
429 100 1224,408,1224,1200
430 100 1224,408,1224,1200
431 100 1224,408,1224,1200
432 100 1224,408,1224,1200
433 100 1224,408,1224,1200
434 100 1224,408,1224,1200
435 100 1224,408,1224,1200
436 100 1224,360,1224,1200
437 100 1224,360,1224,1200
438 100 1224,360,1224,1200
439 100 1224,360,1224,1200
440 100 1176,264,1224,1224
441 100 1176,264,1224,1224
442 100 1176,264,1224,1224
443 100 1176,264,1224,1224
444 100 1176,264,1224,1224
445 100 1176,264,1224,1224
446 100 1200,264,1224,1200
447 100 1200,264,1224,1200
448 100 1200,264,1224,1200
449 100 1200,264,1224,1200
450 100 1224,264,1224,1224
451 100 1224,264,1224,1224
452 100 1224,264,1224,1224
453 100 1224,264,1224,1224
454 100 1224,264,1224,1224
455 100 1224,264,1224,1224
456 100 1248,288,1224,1224
457 100 1248,288,1224,1224
458 100 1248,288,1224,1224
459 100 1248,288,1224,1224
460 100 1272,312,1224,1224
461 100 1272,312,1224,1224
462 100 1272,312,1224,1224
463 100 1272,312,1224,1224
464 100 1272,312,1224,1224
465 100 1272,312,1224,1224
466 100 1272,384,1224,1224
467 100 1272,384,1224,1224
468 100 1272,384,1224,1224
469 100 1272,384,1224,1224
470 100 1272,384,1224,1224
471 100 1296,408,1224,1224
472 100 1296,408,1224,1224
473 100 1296,408,1224,1224
474 100 1296,408,1224,1224
475 100 1296,408,1224,1224
476 100 1320,456,1224,1200
477 100 1320,456,1224,1200
478 100 1320,456,1224,1200
479 100 1320,456,1224,1200
480 100 1320,456,1224,1200
481 100 1416,456,1224,1224
482 100 1416,456,1224,1224
483 100 1416,456,1224,1224
484 100 1416,456,1224,1224
485 100 1416,456,1224,1224
486 100 1512,480,1224,1200
487 100 1512,480,1224,1200
488 100 1512,480,1224,1200
489 100 1512,480,1224,1200
490 100 1512,480,1224,1200
491 100 1680,480,1224,1200
492 100 1680,480,1224,1200
493 100 1680,480,1224,1200
494 100 1680,480,1224,1200
495 100 1680,480,1224,1200
496 100 1848,456,1224,1200
497 100 1848,456,1224,1200
498 100 1848,456,1224,1200
499 100 1848,456,1224,1200
500 100 1848,456,1224,1200
501 100 1968,480,1224,1200
502 100 1968,480,1224,1200
503 100 1968,480,1224,1200
504 100 1968,480,1224,1200
505 100 1968,480,1224,1200
506 100 1968,480,1224,1200
507 100 1992,480,1224,1224
508 100 1992,480,1224,1224
509 100 1992,480,1224,1224
510 100 1992,480,1224,1224
511 100 1968,504,1224,1200
512 100 1968,504,1224,1200
513 100 1968,504,1224,1200
514 100 1968,504,1224,1200
515 100 1968,504,1224,1200
516 100 1944,504,1224,1200
517 100 1944,504,1224,1200
518 100 1944,504,1224,1200
519 100 1944,504,1224,1200
520 100 1944,504,1224,1200
521 100 1848,504,1224,1200
522 100 1848,504,1224,1200
523 100 1848,504,1224,1200
524 100 1848,504,1224,1200
525 100 1848,504,1224,1200
526 100 1656,504,1224,1200
527 100 1656,504,1224,1200
528 100 1656,504,1224,1200
529 100 1656,504,1224,1200
530 100 1656,504,1224,1200
531 100 1488,480,1224,1200
532 100 1488,480,1224,1200
533 100 1488,480,1224,1200
534 100 1488,480,1224,1200
535 100 1488,480,1224,1200
536 100 1248,456,1224,1224
537 100 1248,456,1224,1224
538 100 1248,456,1224,1224
539 100 1248,456,1224,1224
540 100 1248,456,1224,1224
541 100 1032,456,1224,1200
542 100 1032,456,1224,1200
543 100 1032,456,1224,1200
544 100 1032,456,1224,1200
545 100 1032,456,1224,1200
546 100 888,456,1224,1224
547 100 888,456,1224,1224
548 100 888,456,1224,1224
549 100 888,456,1224,1224
550 100 888,456,1224,1224
551 100 840,456,1224,1200
552 100 840,456,1224,1200
553 100 840,456,1224,1200
554 100 840,456,1224,1200
555 100 840,456,1224,1200
556 100 840,456,1224,1200
557 100 840,456,1224,1200
558 100 840,456,1224,1200
559 100 840,456,1224,1200
560 100 840,456,1224,1200
561 100 912,480,1224,1200
562 100 912,480,1224,1200
563 100 912,480,1224,1200
564 100 912,480,1224,1200
565 100 912,480,1224,1200
566 100 1008,480,1224,1200
567 100 1008,480,1224,1200
568 100 1008,480,1224,1200
569 100 1008,480,1224,1200
570 100 1008,480,1224,1200
571 100 1200,480,1224,1200
572 100 1200,480,1224,1200
573 100 1200,480,1224,1200
574 100 1200,480,1224,1200
575 100 1200,480,1224,1200
576 100 1344,480,1224,1200
577 100 1344,480,1224,1200
578 100 1344,480,1224,1200
579 100 1344,480,1224,1200
580 100 1344,480,1224,1200
581 100 1464,504,1224,1200
582 100 1464,504,1224,1200
583 100 1464,504,1224,1200
584 100 1464,504,1224,1200
585 100 1464,504,1224,1200
586 100 1512,504,1224,1200
587 100 1512,504,1224,1200
588 100 1512,504,1224,1200
589 100 1512,504,1224,1200
590 100 1512,504,1224,1200
591 100 1512,504,1224,1200
592 100 1512,504,1224,1224
593 100 1512,504,1224,1224
594 100 1512,504,1224,1224
595 100 1512,504,1224,1224
596 100 1512,504,1224,1224
597 100 1464,528,1224,1200
598 100 1464,528,1224,1200
599 100 1464,528,1224,1200
600 100 1464,528,1224,1200
601 100 1464,528,1224,1200
602 100 1416,528,1224,1200
603 100 1416,528,1224,1200
604 100 1416,528,1224,1200
605 100 1416,528,1224,1200
606 100 1416,528,1224,1200
607 100 1368,528,1224,1200
608 100 1368,528,1224,1200
609 100 1368,528,1224,1200
610 100 1368,528,1224,1200
611 100 1368,528,1224,1200
612 100 1320,528,1224,1200
613 100 1320,528,1224,1200
614 100 1320,528,1224,1200
615 100 1320,528,1224,1200
616 100 1320,528,1224,1200
617 100 1272,528,1224,1200
618 100 1272,528,1224,1200
619 100 1272,528,1224,1200
620 100 1272,528,1224,1200
621 100 1272,528,1224,1200
622 100 1224,528,1224,1200
623 100 1224,528,1224,1200
624 100 1224,528,1224,1200
625 100 1224,528,1224,1200
626 100 1224,528,1224,1200
627 100 1200,528,1224,1200
628 100 1200,528,1224,1200
629 100 1200,528,1224,1200
630 100 1200,528,1224,1200
631 100 1200,528,1224,1200
632 100 1176,528,1224,1200
633 100 1176,528,1224,1200
634 100 1176,528,1224,1200
635 100 1176,528,1224,1200
636 100 1176,528,1224,1200
637 100 1152,528,1224,1200
638 100 1152,528,1224,1200
639 100 1152,528,1224,1200
640 100 1152,528,1224,1200
641 100 1152,528,1224,1200
642 100 1152,528,1224,1224
643 100 1152,528,1224,1224
644 100 1152,528,1224,1224
645 100 1152,528,1224,1224
646 100 1152,528,1224,1224
647 100 1128,528,1224,1224
648 100 1128,528,1224,1224
649 100 1128,528,1224,1224
650 100 1128,528,1224,1224
651 100 1128,528,1224,1224
652 100 1128,528,1224,1224
653 100 1128,528,1224,1224
654 100 1128,528,1224,1224
655 100 1128,528,1224,1224
656 100 1128,528,1224,1224
657 100 1128,528,1224,1200
658 100 1128,528,1224,1200
659 100 1128,528,1224,1200
660 100 1128,528,1224,1200
661 100 1128,528,1224,1200
662 100 1128,528,1224,1200
663 100 1128,528,1224,1200
664 100 1128,528,1224,1200
665 100 1128,528,1224,1200
666 100 1152,528,1224,1224
667 100 1152,528,1224,1224
668 100 1152,528,1224,1224
669 100 1152,528,1224,1224
670 100 1152,528,1224,1224
671 100 1152,552,1224,1200
672 100 1152,552,1224,1200
673 100 1152,552,1224,1200
674 100 1152,552,1224,1200
675 100 1152,552,1224,1200
676 100 1152,552,1224,1200
677 100 1152,528,1224,1224
678 100 1152,528,1224,1224
679 100 1152,528,1224,1224
680 100 1152,528,1224,1224
681 100 1152,528,1224,1224
682 100 1152,528,1224,1224
683 100 1152,528,1224,1224
684 100 1152,528,1224,1224
685 100 1152,528,1224,1224
686 100 1152,528,1224,1224
687 100 1152,528,1224,1224
688 100 1152,528,1224,1224
689 100 1152,528,1224,1224
690 100 1152,528,1224,1224
691 100 1152,528,1224,1224
692 100 1152,528,1224,1224
693 100 1152,528,1224,1224
694 100 1152,528,1224,1224
695 100 1152,528,1224,1224
696 100 1152,528,1224,1224
697 100 1152,528,1224,1224
698 100 1152,528,1224,1224
699 100 1152,528,1224,1224
700 100 1152,528,1224,1224
701 100 1152,528,1224,1224
702 100 1152,528,1224,1224
703 100 1152,528,1224,1224
704 100 1152,528,1224,1224
705 100 1152,528,1224,1224
706 100 1152,528,1224,1224
707 100 1152,528,1224,1224
708 100 1152,528,1224,1224
709 100 1152,528,1224,1224
710 100 1152,528,1224,1224
711 100 1152,528,1224,1224
712 100 1152,528,1224,1224
713 100 1152,528,1224,1224
714 100 1152,528,1224,1224
715 100 1152,528,1224,1224
716 100 1152,528,1224,1224
717 100 1128,528,1224,1224
718 100 1128,528,1224,1224
719 100 1128,528,1224,1224
720 100 1128,528,1224,1224
721 100 1128,528,1224,1224
722 100 1128,528,1224,1224
723 100 1128,528,1224,1224
724 100 1128,528,1224,1224
725 100 1128,528,1224,1224
726 100 1128,528,1224,1224
727 100 1128,528,1224,1224
728 100 1128,528,1224,1224
729 100 1128,528,1224,1224
730 100 1128,528,1224,1224
731 100 1128,528,1224,1224
732 100 1128,528,1224,1224
733 100 1128,528,1224,1224
734 100 1128,528,1224,1224
735 100 1128,528,1224,1224
736 100 1128,528,1224,1224
737 100 1128,528,1224,1224
738 100 1128,528,1224,1224
739 100 1128,528,1224,1224
740 100 1128,528,1224,1224
741 100 1128,528,1224,1224
742 100 1128,528,1224,1200
743 100 1128,528,1224,1200
744 100 1128,528,1224,1200
745 100 1128,528,1224,1200
746 100 1128,528,1224,1200
747 100 1080,528,1224,1200
748 100 1080,528,1224,1200
749 100 1080,528,1224,1200
750 100 1080,528,1224,1200
751 100 1080,528,1224,1200
752 100 1008,528,1224,1200
753 100 1008,528,1224,1200
754 100 1008,528,1224,1200
755 100 1008,528,1224,1200
756 100 1008,528,1224,1200
757 100 840,528,1224,1200
758 100 840,528,1224,1200
759 100 840,528,1224,1200
760 100 840,528,1224,1200
761 100 840,528,1224,1200
762 100 696,528,1224,1200
763 100 696,528,1224,1200
764 100 696,528,1224,1200
765 100 696,528,1224,1200
766 100 696,528,1224,1200
767 100 552,528,1224,1200
768 100 552,528,1224,1200
769 100 552,528,1224,1200
770 100 552,528,1224,1200
771 100 552,528,1224,1200
772 100 408,528,1224,1200
773 100 408,528,1224,1200
774 100 408,528,1224,1200
775 100 408,528,1224,1200
776 100 408,528,1224,1200
777 100 288,528,1224,1200
778 100 288,528,1224,1200
779 100 288,528,1224,1200
780 100 288,528,1224,1200
781 100 216,552,1224,1200
782 100 216,552,1224,1200
783 100 216,552,1224,1200
784 100 216,552,1224,1200
785 100 216,552,1224,1200
786 100 216,552,1224,1200
787 100 144,552,1224,1200
788 100 144,552,1224,1200
789 100 144,552,1224,1200
790 100 144,552,1224,1200
791 100 144,552,1224,1200
792 100 96,552,1224,1200
793 100 96,552,1224,1200
794 100 96,552,1224,1200
795 100 96,552,1224,1200
796 100 96,552,1224,1200
797 100 48,552,1224,1200
798 100 48,552,1224,1200
799 100 48,552,1224,1200
800 100 48,552,1224,1200
801 100 48,552,1224,1200
802 100 0,552,1224,1200
803 100 0,552,1224,1200
804 100 0,552,1224,1200
805 100 0,552,1224,1200
806 100 0,552,1224,1200
807 100 0,552,1224,1200
808 100 0,552,1224,1200
809 100 0,552,1224,1200
810 100 0,552,1224,1200
811 100 24,504,1224,1200
812 100 24,504,1224,1200
813 100 24,504,1224,1200
814 100 24,504,1224,1200
815 100 24,504,1224,1200
816 100 0,456,1224,1200
817 100 0,456,1224,1200
818 100 0,456,1224,1200
819 100 0,456,1224,1200
820 100 0,456,1224,1200
821 100 24,384,1224,1200
822 100 24,384,1224,1200
823 100 24,384,1224,1200
824 100 24,384,1224,1200
825 100 24,384,1224,1200
826 100 24,384,1224,1200
827 100 0,312,1224,1224
828 100 0,312,1224,1224
829 100 0,312,1224,1224
830 100 0,312,1224,1224
831 100 0,288,1224,1200
832 100 0,288,1224,1200
833 100 0,288,1224,1200
834 100 0,288,1224,1200
835 100 0,288,1224,1200
836 100 0,264,1224,1224
837 100 0,264,1224,1224
838 100 0,264,1224,1224
839 100 0,264,1224,1224
840 100 0,264,1224,1224
841 100 0,312,1224,1224
842 100 0,312,1224,1224
843 100 0,312,1224,1224
844 100 0,312,1224,1224
845 100 0,312,1224,1224
846 100 0,408,1224,1200
847 100 0,408,1224,1200
848 100 0,408,1224,1200
849 100 0,408,1224,1200
850 100 0,408,1224,1200
851 100 0,456,1224,1200
852 100 0,456,1224,1200
853 100 0,456,1224,1200
854 100 0,456,1224,1200
855 100 0,456,1224,1200
856 100 48,504,1224,1200
857 100 48,504,1224,1200
858 100 48,504,1224,1200
859 100 48,504,1224,1200
860 100 48,504,1224,1200
861 100 48,528,1224,1224
862 100 48,528,1224,1224
863 100 48,528,1224,1224
864 100 48,528,1224,1224
865 100 48,528,1224,1224
866 100 48,528,1224,1224
867 100 72,576,1224,1200
868 100 72,576,1224,1200
869 100 72,576,1224,1200
870 100 72,576,1224,1200
871 100 144,576,1224,1200
872 100 144,576,1224,1200
873 100 144,576,1224,1200
874 100 144,576,1224,1200
875 100 144,576,1224,1200
876 100 240,552,1224,1224
877 100 240,552,1224,1224
878 100 240,552,1224,1224
879 100 240,552,1224,1224
880 100 240,552,1224,1224
881 100 336,552,1224,1224
882 100 336,552,1224,1224
883 100 336,552,1224,1224
884 100 336,552,1224,1224
885 100 336,552,1224,1224
886 100 408,552,1224,1200
887 100 408,552,1224,1200
888 100 408,552,1224,1200
889 100 408,552,1224,1200
890 100 408,552,1224,1200
891 100 504,552,1224,1200
892 100 504,552,1224,1200
893 100 504,552,1224,1200
894 100 504,552,1224,1200
895 100 504,552,1224,1200
896 100 576,552,1224,1200
897 100 576,552,1224,1200
898 100 576,552,1224,1200
899 100 576,552,1224,1200
900 100 576,552,1224,1200
901 100 624,552,1224,1200
902 100 624,552,1224,1200
903 100 624,552,1224,1200
904 100 624,552,1224,1200
905 100 624,552,1224,1200
906 100 648,552,1224,1200
907 100 648,552,1224,1200
908 100 648,552,1224,1200
909 100 648,552,1224,1200
910 100 648,552,1224,1200
911 100 648,528,1224,1224
912 100 648,528,1224,1224
913 100 648,528,1224,1224
914 100 648,528,1224,1224
915 100 648,528,1224,1224
916 100 672,528,1224,1200
917 100 672,528,1224,1200
918 100 672,528,1224,1200
919 100 672,528,1224,1200
920 100 672,528,1224,1200
921 100 648,528,1224,1200
922 100 648,528,1224,1200
923 100 648,528,1224,1200
924 100 648,528,1224,1200
925 100 648,528,1224,1200
926 100 648,528,1224,1200
927 100 648,528,1224,1200
928 100 648,528,1224,1200
929 100 648,528,1224,1200
930 100 648,528,1224,1200
931 100 648,528,1224,1200
932 100 648,528,1224,1200
933 100 648,528,1224,1200
934 100 648,528,1224,1200
935 100 648,528,1224,1200
936 100 648,528,1224,1224
937 100 648,528,1224,1224
938 100 648,528,1224,1224
939 100 648,528,1224,1224
940 100 648,528,1224,1224
941 100 648,528,1224,1224
942 100 648,528,1224,1224
943 100 648,528,1224,1224
944 100 648,528,1224,1224
945 100 624,552,1224,1200
946 100 624,552,1224,1200
947 100 624,552,1224,1200
948 100 624,552,1224,1200
949 100 624,552,1224,1200
950 100 624,552,1224,1200
951 100 624,552,1224,1200
952 100 624,552,1224,1200
953 100 624,552,1224,1200
954 100 624,552,1224,1200
955 100 624,552,1224,1224
956 100 624,552,1224,1224
957 100 624,552,1224,1224
958 100 624,552,1224,1224
959 100 624,552,1224,1224
960 100 624,552,1224,1224
961 100 624,552,1224,1200
962 100 624,552,1224,1200
963 100 624,552,1224,1200
964 100 624,552,1224,1200
965 100 600,552,1224,1200
966 100 600,552,1224,1200
967 100 600,552,1224,1200
968 100 600,552,1224,1200
969 100 600,552,1224,1200
970 100 600,552,1224,1200
971 100 600,552,1224,1200
972 100 600,552,1224,1200
973 100 600,552,1224,1200
974 100 600,552,1224,1200
975 100 576,552,1224,1224
976 100 576,552,1224,1224
977 100 576,552,1224,1224
978 100 576,552,1224,1224
979 100 576,552,1224,1224
980 100 576,552,1224,1224
981 100 552,576,1224,1200
982 100 552,576,1224,1200
983 100 552,576,1224,1200
984 100 552,576,1224,1200
985 100 552,552,1224,1224
986 100 552,552,1224,1224
987 100 552,552,1224,1224
988 100 552,552,1224,1224
989 100 552,552,1224,1224
990 100 576,552,1224,1200
991 100 576,552,1224,1200
992 100 576,552,1224,1200
993 100 576,552,1224,1200
994 100 576,552,1224,1200
995 100 576,528,1224,1224
996 100 576,528,1224,1224
997 100 576,528,1224,1224
998 100 576,528,1224,1224
999 100 576,528,1224,1224
1000 100 600,528,1224,1200
1001 100 600,528,1224,1200
1002 100 600,528,1224,1200
1003 100 600,528,1224,1200
1004 100 600,528,1224,1200
1005 100 600,528,1224,1200
1006 100 600,528,1224,1200
1007 100 600,528,1224,1200
1008 100 600,528,1224,1200
1009 100 600,528,1224,1200
1010 100 600,528,1224,1200
1011 100 600,528,1224,1200
1012 100 600,528,1224,1200
1013 100 600,528,1224,1200
1014 100 600,528,1224,1200
1015 100 600,528,1224,1200
1016 100 600,528,1224,1200
1017 100 600,528,1224,1200
1018 100 600,528,1224,1200
1019 100 600,528,1224,1200
1020 100 600,528,1224,1200
1021 100 600,528,1224,1200
1022 100 600,528,1224,1200
1023 100 600,528,1224,1200
1024 100 600,528,1224,1200
1025 100 600,528,1224,1200
1026 100 600,528,1224,1200
1027 100 600,528,1224,1200
1028 100 600,528,1224,1200
1029 100 600,528,1224,1200
1030 100 600,528,1224,1200
1031 100 480,552,1224,1200
1032 100 480,552,1224,1200
1033 100 480,552,1224,1200
1034 100 480,552,1224,1200
1035 100 312,576,1224,1200
1036 100 312,576,1224,1200
1037 100 312,576,1224,1200
1038 100 312,576,1224,1200
1039 100 312,576,1224,1200
1040 100 312,576,1224,1200
1041 100 120,600,1224,1200
1042 100 120,600,1224,1200
1043 100 120,600,1224,1200
1044 100 120,600,1224,1200
1045 100 0,576,1224,1200
1046 100 0,576,1224,1200
1047 100 0,576,1224,1200
1048 100 0,576,1224,1200
1049 100 0,576,1224,1200
1050 100 0,576,1224,1200
1051 100 24,552,1224,1224
1052 100 24,552,1224,1224
1053 100 24,552,1224,1224
1054 100 24,552,1224,1224
1055 100 24,528,1224,1224
1056 100 24,528,1224,1224
1057 100 24,528,1224,1224
1058 100 24,528,1224,1224
1059 100 24,528,1224,1224
1060 100 24,528,1224,1224
1061 100 48,528,1224,1200
1062 100 48,528,1224,1200
1063 100 48,528,1224,1200
1064 100 48,528,1224,1200
1065 100 48,504,1224,1200
1066 100 48,504,1224,1200
1067 100 48,504,1224,1200
1068 100 48,504,1224,1200
1069 100 48,504,1224,1200
1070 100 48,504,1224,1200
1071 100 48,528,1224,1200
1072 100 48,528,1224,1200
1073 100 48,528,1224,1200
1074 100 48,528,1224,1200
1075 100 3552,528,1224,1200
1076 100 3552,528,1224,1200
1077 100 3552,528,1224,1200
1078 100 3552,528,1224,1200
1079 100 3552,528,1224,1200
1080 100 3552,528,1224,1200
1081 100 3456,528,1224,1200
1082 100 3456,528,1224,1200
1083 100 3456,528,1224,1200
1084 100 3456,528,1224,1200
1085 100 3360,504,1224,1224
1086 100 3360,504,1224,1224
1087 100 3360,504,1224,1224
1088 100 3360,504,1224,1224
1089 100 3360,504,1224,1224
1090 100 3360,504,1224,1224
1091 100 3336,504,1224,1224
1092 100 3336,504,1224,1224
1093 100 3336,504,1224,1224
1094 100 3336,504,1224,1224
1095 100 3000,528,1224,1200
1096 100 3000,528,1224,1200
1097 100 3000,528,1224,1200
1098 100 3000,528,1224,1200
1099 100 3000,528,1224,1200
1100 100 3000,528,1224,1200
1101 100 2880,504,1224,1200
1102 100 2880,504,1224,1200
1103 100 2880,504,1224,1200
1104 100 2880,504,1224,1200
1105 100 2880,504,1224,1200
1106 100 2784,504,1224,1224
1107 100 2784,504,1224,1224
1108 100 2784,504,1224,1224
1109 100 2784,504,1224,1224
1110 100 2688,528,1224,1200
1111 100 2688,528,1224,1200
1112 100 2688,528,1224,1200
1113 100 2688,528,1224,1200
1114 100 2688,528,1224,1200
1115 100 2688,528,1224,1200
1116 100 2688,528,1224,1200
1117 100 2640,528,1224,1224
1118 100 2640,528,1224,1224
1119 100 2640,528,1224,1224
1120 100 2640,528,1224,1224
1121 100 2568,552,1224,1200
1122 100 2568,552,1224,1200
1123 100 2568,552,1224,1200
1124 100 2568,552,1224,1200
1125 100 2568,552,1224,1200
1126 100 2520,552,1224,1224
1127 100 2520,552,1224,1224
1128 100 2520,552,1224,1224
1129 100 2520,552,1224,1224
1130 100 2520,576,1224,1200
1131 100 2520,576,1224,1200
1132 100 2520,576,1224,1200
1133 100 2520,576,1224,1200
1134 100 2520,576,1224,1200
1135 100 2520,576,1224,1200
1136 100 2544,576,1224,1200
1137 100 2544,576,1224,1200
1138 100 2544,576,1224,1200
1139 100 2544,576,1224,1200
1140 100 2568,552,1224,1224
1141 100 2568,552,1224,1224
1142 100 2568,552,1224,1224
1143 100 2568,552,1224,1224
1144 100 2568,552,1224,1224
1145 100 2568,552,1224,1224
1146 100 2640,552,1224,1200
1147 100 2640,552,1224,1200
1148 100 2640,552,1224,1200
1149 100 2640,552,1224,1200
1150 100 2688,552,1224,1200
1151 100 2688,552,1224,1200
1152 100 2688,552,1224,1200
1153 100 2688,552,1224,1200
1154 100 2688,552,1224,1200
1155 100 2688,552,1224,1200
1156 100 2904,552,1224,1200
1157 100 2904,552,1224,1200
1158 100 2904,552,1224,1200
1159 100 2904,552,1224,1200
1160 100 2904,552,1224,1200
1161 100 3144,576,1224,1200
1162 100 3144,576,1224,1200
1163 100 3144,576,1224,1200
1164 100 3144,576,1224,1200
1165 100 3504,576,1224,1200
1166 100 3504,576,1224,1200
1167 100 3504,576,1224,1200
1168 100 3504,576,1224,1200
1169 100 3504,576,1224,1200
1170 100 3648,576,1224,1224
1171 100 3648,576,1224,1224
1172 100 3648,576,1224,1224
1173 100 3648,576,1224,1224
1174 100 3648,576,1224,1224
1175 100 48,600,1224,1200
1176 100 48,600,1224,1200
1177 100 48,600,1224,1200
1178 100 48,600,1224,1200
1179 100 48,600,1224,1200
1180 100 24,600,1224,1224
1181 100 24,600,1224,1224
1182 100 24,600,1224,1224
1183 100 24,600,1224,1224
1184 100 24,600,1224,1224
1185 100 24,600,1224,1224
1186 100 24,600,1224,1224
1187 100 48,600,1224,1200
1188 100 48,600,1224,1200
1189 100 48,600,1224,1200
1190 100 0,576,1224,1224
1191 100 0,576,1224,1224
1192 100 0,576,1224,1224
1193 100 0,576,1224,1224
1194 100 0,576,1224,1224
1195 100 0,576,1224,1224
1196 100 0,576,1224,1200
1197 100 0,576,1224,1200
1198 100 0,576,1224,1200
1199 100 0,576,1224,1200
1200 100 0,576,1224,1200
1201 100 96,576,1224,1200
1202 100 96,576,1224,1200
1203 100 96,576,1224,1200
1204 100 96,576,1224,1200
1205 100 96,576,1224,1200
1206 100 192,600,1224,1200
1207 100 192,600,1224,1200
1208 100 192,600,1224,1200
1209 100 192,600,1224,1200
1210 100 192,600,1224,1200
1211 100 264,600,1224,1224
1212 100 264,600,1224,1224
1213 100 264,600,1224,1224
1214 100 264,600,1224,1224
1215 100 264,600,1224,1224
1216 100 336,624,1224,1200
1217 100 336,624,1224,1200
1218 100 336,624,1224,1200
1219 100 336,624,1224,1200
1220 100 336,624,1224,1200
1221 100 384,624,1224,1200
1222 100 384,624,1224,1200
1223 100 384,624,1224,1200
1224 100 384,624,1224,1200
1225 100 384,624,1224,1200
1226 100 408,600,1224,1200
1227 100 408,600,1224,1200
1228 100 408,600,1224,1200
1229 100 408,600,1224,1200
1230 100 408,600,1224,1200
1231 100 456,576,1224,1224
1232 100 456,576,1224,1224
1233 100 456,576,1224,1224
1234 100 456,576,1224,1224
1235 100 456,576,1224,1224
1236 100 480,600,1224,1200
1237 100 480,600,1224,1200
1238 100 480,600,1224,1200
1239 100 480,600,1224,1200
1240 100 480,600,1224,1200
1241 100 504,576,1224,1224
1242 100 504,576,1224,1224
1243 100 504,576,1224,1224
1244 100 504,576,1224,1224
1245 100 504,576,1224,1224
1246 100 552,600,1224,1224
1247 100 552,600,1224,1224
1248 100 552,600,1224,1224
1249 100 552,600,1224,1224
1250 100 552,600,1224,1224
1251 100 624,600,1224,1200
1252 100 624,600,1224,1200
1253 100 624,600,1224,1200
1254 100 624,600,1224,1200
1255 100 624,600,1224,1200
1256 100 696,576,1224,1224
1257 100 696,576,1224,1224
1258 100 696,576,1224,1224
1259 100 696,576,1224,1224
1260 100 696,576,1224,1224
1261 100 816,576,1224,1200
1262 100 816,576,1224,1200
1263 100 816,576,1224,1200
1264 100 816,576,1224,1200
1265 100 816,576,1224,1200
1266 100 864,576,1224,1200
1267 100 864,576,1224,1200
1268 100 864,576,1224,1200
1269 100 864,576,1224,1200
1270 100 864,576,1224,1200
1271 100 912,576,1224,1200
1272 100 912,576,1224,1200
1273 100 912,576,1224,1200
1274 100 912,576,1224,1200
1275 100 912,576,1224,1200
1276 100 960,576,1224,1200
1277 100 960,576,1224,1200
1278 100 960,576,1224,1200
1279 100 960,576,1224,1200
1280 100 960,576,1224,1200
1281 100 1080,576,1224,1200
1282 100 1080,576,1224,1200
1283 100 1080,576,1224,1200
1284 100 1080,576,1224,1200
1285 100 1080,576,1224,1200
1286 100 1200,504,1224,1200
1287 100 1200,504,1224,1200
1288 100 1200,504,1224,1200
1289 100 1200,504,1224,1200
1290 100 1200,504,1224,1200
1291 100 1296,432,1224,1200
1292 100 1296,432,1224,1200
1293 100 1296,432,1224,1200
1294 100 1296,432,1224,1200
1295 100 1296,432,1224,1200
1296 100 1320,408,1224,1200
1297 100 1320,408,1224,1200
1298 100 1320,408,1224,1200
1299 100 1320,408,1224,1200
1300 100 1320,408,1224,1200
1301 100 1296,336,1224,1200
1302 100 1296,336,1224,1200
1303 100 1296,336,1224,1200
1304 100 1296,336,1224,1200
1305 100 1296,336,1224,1200
1306 100 1224,288,1224,1200
1307 100 1224,288,1224,1200
1308 100 1224,288,1224,1200
1309 100 1224,288,1224,1200
1310 100 1224,288,1224,1200
1311 100 1104,240,1224,1200
1312 100 1104,240,1224,1200
1313 100 1104,240,1224,1200
1314 100 1104,240,1224,1200
1315 100 1104,240,1224,1200
1316 100 960,216,1224,1200
1317 100 960,216,1224,1200
1318 100 960,216,1224,1200
1319 100 960,216,1224,1200
1320 100 960,216,1224,1200
1321 100 864,168,1224,1200
1322 100 864,168,1224,1200
1323 100 864,168,1224,1200
1324 100 864,168,1224,1200
1325 100 864,168,1224,1200
1326 100 768,120,1224,1224
1327 100 768,120,1224,1224
1328 100 768,120,1224,1224
1329 100 768,120,1224,1224
1330 100 768,120,1224,1224
1331 100 744,96,1224,1224
1332 100 744,96,1224,1224
1333 100 744,96,1224,1224
1334 100 744,96,1224,1224
1335 100 744,96,1224,1224
1336 100 744,120,1224,1200
1337 100 744,120,1224,1200
1338 100 744,120,1224,1200
1339 100 744,120,1224,1200
1340 100 744,120,1224,1200
1341 100 816,144,1224,1224
1342 100 816,144,1224,1224
1343 100 816,144,1224,1224
1344 100 816,144,1224,1224
1345 100 816,144,1224,1224
1346 100 984,216,1224,1224
1347 100 984,216,1224,1224
1348 100 984,216,1224,1224
1349 100 984,216,1224,1224
1350 100 984,216,1224,1224
1351 100 1176,288,1224,1224
1352 100 1176,288,1224,1224
1353 100 1176,288,1224,1224
1354 100 1176,288,1224,1224
1355 100 1176,288,1224,1224
1356 100 1296,312,1224,1224
1357 100 1296,312,1224,1224
1358 100 1296,312,1224,1224
1359 100 1296,312,1224,1224
1360 100 1296,312,1224,1224
1361 100 1416,360,1224,1200
1362 100 1416,360,1224,1200
1363 100 1416,360,1224,1200
1364 100 1416,360,1224,1200
1365 100 1416,360,1224,1200
1366 100 1464,336,1224,1200
1367 100 1464,336,1224,1200
1368 100 1464,336,1224,1200
1369 100 1464,336,1224,1200
1370 100 1464,336,1224,1200
1371 100 1440,312,1224,1200
1372 100 1440,312,1224,1200
1373 100 1440,312,1224,1200
1374 100 1440,312,1224,1200
1375 100 1440,312,1224,1200
1376 100 1392,264,1224,1200
1377 100 1392,264,1224,1200
1378 100 1392,264,1224,1200
1379 100 1392,264,1224,1200
1380 100 1392,264,1224,1200
1381 100 1368,240,1224,1224
1382 100 1368,240,1224,1224
1383 100 1368,240,1224,1224
1384 100 1368,240,1224,1224
1385 100 1368,240,1224,1224
1386 100 1344,240,1224,1200
1387 100 1344,240,1224,1200
1388 100 1344,240,1224,1200
1389 100 1344,240,1224,1200
1390 100 1344,240,1224,1200
1391 100 1344,216,1224,1200
1392 100 1344,216,1224,1200
1393 100 1344,216,1224,1200
1394 100 1344,216,1224,1200
1395 100 1344,216,1224,1200
1396 100 1344,216,1224,1200
1397 100 1344,216,1224,1200
1398 100 1344,216,1224,1200
1399 100 1344,216,1224,1200
1400 100 1344,216,1224,1200
1401 100 1344,192,1224,1224
1402 100 1344,192,1224,1224
1403 100 1344,192,1224,1224
1404 100 1344,192,1224,1224
1405 100 1344,192,1224,1224
1406 100 1272,168,1224,1224
1407 100 1272,168,1224,1224
1408 100 1272,168,1224,1224
1409 100 1272,168,1224,1224
1410 100 1272,168,1224,1224
1411 100 1224,144,1224,1224
1412 100 1224,144,1224,1224
1413 100 1224,144,1224,1224
1414 100 1224,144,1224,1224
1415 100 1224,144,1224,1224
1416 100 1152,120,1224,1200
1417 100 1152,120,1224,1200
1418 100 1152,120,1224,1200
1419 100 1152,120,1224,1200
1420 100 1152,120,1224,1200
1421 100 1056,48,1224,1224
1422 100 1056,48,1224,1224
1423 100 1056,48,1224,1224
1424 100 1056,48,1224,1224
1425 100 1056,48,1224,1224
1426 100 1008,48,1224,1224
1427 100 1008,48,1224,1224
1428 100 1008,48,1224,1224
1429 100 1008,48,1224,1224
1430 100 1008,48,1224,1224
1431 100 960,48,1224,1200
1432 100 960,48,1224,1200
1433 100 960,48,1224,1200
1434 100 960,48,1224,1200
1435 100 960,48,1224,1200
1436 100 936,48,1224,1200
1437 100 936,48,1224,1200
1438 100 936,48,1224,1200
1439 100 936,48,1224,1200
1440 100 936,48,1224,1200
1441 100 936,48,1224,1200
1442 100 936,48,1224,1200
1443 100 936,48,1224,1200
1444 100 936,48,1224,1200
1445 100 936,48,1224,1200
1446 100 936,48,1224,1200
1447 100 936,48,1224,1200
1448 100 936,48,1224,1200
1449 100 936,48,1224,1200
1450 100 936,48,1224,1200
1451 100 960,48,1224,1200
1452 100 960,48,1224,1200
1453 100 960,48,1224,1200
1454 100 960,48,1224,1200
1455 100 960,48,1224,1200
1456 100 1008,72,1224,1200
1457 100 1008,72,1224,1200
1458 100 1008,72,1224,1200
1459 100 1008,72,1224,1200
1460 100 1008,72,1224,1200
1461 100 1080,96,1224,1224
1462 100 1080,96,1224,1224
1463 100 1080,96,1224,1224
1464 100 1080,96,1224,1224
1465 100 1080,96,1224,1224
1466 100 1176,144,1224,1224
1467 100 1176,144,1224,1224
1468 100 1176,144,1224,1224
1469 100 1176,144,1224,1224
1470 100 1176,144,1224,1224
1471 100 1248,192,1224,1224
1472 100 1248,192,1224,1224
1473 100 1248,192,1224,1224
1474 100 1248,192,1224,1224
1475 100 1248,192,1224,1224
1476 100 1296,264,1224,1200
1477 100 1296,264,1224,1200
1478 100 1296,264,1224,1200
1479 100 1296,264,1224,1200
1480 100 1296,264,1224,1200
1481 100 1368,360,1224,1200
1482 100 1368,360,1224,1200
1483 100 1368,360,1224,1200
1484 100 1368,360,1224,1200
1485 100 1368,360,1224,1200
1486 100 1416,480,1224,1200
1487 100 1416,480,1224,1200
1488 100 1416,480,1224,1200
1489 100 1416,480,1224,1200
1490 100 1416,480,1224,1200
1491 100 1368,600,1224,1224
1492 100 1368,600,1224,1224
1493 100 1368,600,1224,1224
1494 100 1368,600,1224,1224
1495 100 1368,600,1224,1224
1496 100 1296,672,1224,1224
1497 100 1296,672,1224,1224
1498 100 1296,672,1224,1224
1499 100 1296,672,1224,1224
1500 100 1296,672,1224,1224
1501 100 1248,696,1224,1200
1502 100 1248,696,1224,1200
1503 100 1248,696,1224,1200
1504 100 1248,696,1224,1200
1505 100 1248,696,1224,1200
1506 100 1248,696,1224,1200
1507 100 1248,696,1224,1200
1508 100 1248,696,1224,1200
1509 100 1248,696,1224,1200
1510 100 1248,696,1224,1200
1511 100 1272,672,1224,1200
1512 100 1272,672,1224,1200
1513 100 1272,672,1224,1200
1514 100 1272,672,1224,1200
1515 100 1272,672,1224,1200
1516 100 1296,624,1224,1224
1517 100 1296,624,1224,1224
1518 100 1296,624,1224,1224
1519 100 1296,624,1224,1224
1520 100 1296,624,1224,1224
1521 100 1296,600,1224,1224
1522 100 1296,600,1224,1224
1523 100 1296,600,1224,1224
1524 100 1296,600,1224,1224
1525 100 1296,600,1224,1224
1526 100 1320,600,1224,1200
1527 100 1320,600,1224,1200
1528 100 1320,600,1224,1200
1529 100 1320,600,1224,1200
1530 100 1320,600,1224,1200
1531 100 1320,576,1224,1200
1532 100 1320,576,1224,1200
1533 100 1320,576,1224,1200
1534 100 1320,576,1224,1200
1535 100 1320,576,1224,1200
1536 100 1296,456,1224,1224
1537 100 1296,456,1224,1224
1538 100 1296,456,1224,1224
1539 100 1296,456,1224,1224
1540 100 1296,456,1224,1224
1541 100 1224,432,1224,1224
1542 100 1224,432,1224,1224
1543 100 1224,432,1224,1224
1544 100 1224,432,1224,1224
1545 100 1224,432,1224,1224
1546 100 1224,432,1224,1224
1547 100 1152,408,1224,1224
1548 100 1152,408,1224,1224
1549 100 1152,408,1224,1224
1550 100 1152,408,1224,1224
1551 100 1152,408,1224,1224
1552 100 1080,384,1224,1200
1553 100 1080,384,1224,1200
1554 100 1080,384,1224,1200
1555 100 1080,384,1224,1200
1556 100 1080,384,1224,1200
1557 100 1008,360,1224,1200
1558 100 1008,360,1224,1200
1559 100 1008,360,1224,1200
1560 100 1008,360,1224,1200
1561 100 912,288,1224,1200
1562 100 912,288,1224,1200
1563 100 912,288,1224,1200
1564 100 912,288,1224,1200
1565 100 912,288,1224,1200
1566 100 912,288,1224,1200
1567 100 768,216,1224,1200
1568 100 768,216,1224,1200
1569 100 768,216,1224,1200
1570 100 768,216,1224,1200
1571 100 768,216,1224,1200
1572 100 648,168,1224,1200
1573 100 648,168,1224,1200
1574 100 648,168,1224,1200
1575 100 648,168,1224,1200
1576 100 576,120,1224,1200
1577 100 576,120,1224,1200
1578 100 576,120,1224,1200
1579 100 576,120,1224,1200
1580 100 576,120,1224,1200
1581 100 576,120,1224,1200
1582 100 504,96,1224,1200
1583 100 504,96,1224,1200
1584 100 504,96,1224,1200
1585 100 504,96,1224,1200
1586 100 456,72,1224,1200
1587 100 456,72,1224,1200
1588 100 456,72,1224,1200
1589 100 456,72,1224,1200
1590 100 456,72,1224,1200
1591 100 456,72,1224,1200
1592 100 456,48,1224,1224
1593 100 456,48,1224,1224
1594 100 456,48,1224,1224
1595 100 456,48,1224,1224
1596 100 456,48,1224,1224
1597 100 0,24,1224,1224
1598 100 0,24,1224,1224
1599 100 0,24,1224,1224
1600 100 0,24,1224,1224
1601 100 0,24,1224,1224
1602 100 0,24,1224,1200
1603 100 0,24,1224,1200
1604 100 0,24,1224,1200
1605 100 0,24,1224,1200
1606 100 0,24,1224,1224
1607 100 0,24,1224,1224
1608 100 0,24,1224,1224
1609 100 0,24,1224,1224
1610 100 0,24,1224,1224
1611 100 480,48,1224,1200
1612 100 480,48,1224,1200
1613 100 480,48,1224,1200
1614 100 480,48,1224,1200
1615 100 480,48,1224,1200
1616 100 480,48,1224,1200
1617 100 480,48,1224,1200
1618 100 480,48,1224,1200
1619 100 480,48,1224,1200
1620 100 480,48,1224,1200
1621 100 480,48,1224,1200
1622 100 456,48,1224,1200
1623 100 456,48,1224,1200
1624 100 456,48,1224,1200
1625 100 456,48,1224,1200
1626 100 456,48,1224,1200
1627 100 456,48,1224,1200
1628 100 456,48,1224,1200
1629 100 456,48,1224,1200
1630 100 456,48,1224,1200
1631 100 456,48,1224,1200
1632 100 432,48,1224,1200
1633 100 432,48,1224,1200
1634 100 432,48,1224,1200
1635 100 432,48,1224,1200
1636 100 432,48,1224,1200
1637 100 480,48,1224,1200
1638 100 480,48,1224,1200
1639 100 480,48,1224,1200
1640 100 480,48,1224,1200
1641 100 504,48,1224,1200
1642 100 504,48,1224,1200
1643 100 504,48,1224,1200
1644 100 504,48,1224,1200
1645 100 504,48,1224,1200
1646 100 504,48,1224,1200
1647 100 552,48,1224,1200
1648 100 552,48,1224,1200
1649 100 552,48,1224,1200
1650 100 552,48,1224,1200
1651 100 600,48,1224,1200
1652 100 600,48,1224,1200
1653 100 600,48,1224,1200
1654 100 600,48,1224,1200
1655 100 600,48,1224,1200
1656 100 600,48,1224,1200
1657 100 0,24,1224,1200
1658 100 0,24,1224,1200
1659 100 0,24,1224,1200
1660 100 0,24,1224,1200
1661 100 0,24,1224,1224
1662 100 0,24,1224,1224
1663 100 0,24,1224,1224
1664 100 0,24,1224,1224
1665 100 0,24,1224,1224
1666 100 0,24,1224,1224
1667 100 0,24,1224,1224
1668 100 0,24,1224,1224
1669 100 0,24,1224,1224
1670 100 0,24,1224,1224
1671 100 720,48,1224,1224
1672 100 720,48,1224,1224
1673 100 720,48,1224,1224
1674 100 720,48,1224,1224
1675 100 720,48,1224,1224
1676 100 720,48,1224,1224
1677 100 744,72,1224,1200
1678 100 744,72,1224,1200
1679 100 744,72,1224,1200
1680 100 744,72,1224,1200
1681 100 768,96,1224,1200
1682 100 768,96,1224,1200
1683 100 768,96,1224,1200
1684 100 768,96,1224,1200
1685 100 768,96,1224,1200
1686 100 768,96,1224,1200
1687 100 816,120,1224,1200
1688 100 816,120,1224,1200
1689 100 816,120,1224,1200
1690 100 816,120,1224,1200
1691 100 816,120,1224,1200
1692 100 816,120,1224,1200
1693 100 816,120,1224,1200
1694 100 816,120,1224,1200
1695 100 816,120,1224,1200
1696 100 816,120,1224,1200
1697 100 816,120,1224,1224
1698 100 816,120,1224,1224
1699 100 816,120,1224,1224
1700 100 816,120,1224,1224
1701 100 816,120,1224,1224
1702 100 816,120,1224,1224
1703 100 816,120,1224,1224
1704 100 816,120,1224,1224
1705 100 816,120,1224,1224
1706 100 816,120,1224,1224
1707 100 792,120,1224,1224
1708 100 792,120,1224,1224
1709 100 792,120,1224,1224
1710 100 792,120,1224,1224
1711 100 792,120,1224,1224
1712 100 792,120,1224,1224
1713 100 792,120,1224,1224
1714 100 792,120,1224,1224
1715 100 792,120,1224,1224
1716 100 792,120,1224,1224
1717 100 792,120,1224,1224
1718 100 792,120,1224,1224
1719 100 792,120,1224,1224
1720 100 792,120,1224,1224
1721 100 816,144,1224,1200
1722 100 816,144,1224,1200
1723 100 816,144,1224,1200
1724 100 816,144,1224,1200
1725 100 816,144,1224,1200
1726 100 816,144,1224,1200
1727 100 840,168,1224,1224
1728 100 840,168,1224,1224
1729 100 840,168,1224,1224
1730 100 840,168,1224,1224
1731 100 912,216,1224,1224
1732 100 912,216,1224,1224
1733 100 912,216,1224,1224
1734 100 912,216,1224,1224
1735 100 912,216,1224,1224
1736 100 912,216,1224,1224
1737 100 984,264,1224,1224
1738 100 984,264,1224,1224
1739 100 984,264,1224,1224
1740 100 984,264,1224,1224
1741 100 1080,360,1224,1224
1742 100 1080,360,1224,1224
1743 100 1080,360,1224,1224
1744 100 1080,360,1224,1224
1745 100 1080,360,1224,1224
1746 100 1080,360,1224,1224
1747 100 1128,456,1224,1224
1748 100 1128,456,1224,1224
1749 100 1128,456,1224,1224
1750 100 1128,456,1224,1224
1751 100 1176,528,1224,1200
1752 100 1176,528,1224,1200
1753 100 1176,528,1224,1200
1754 100 1176,528,1224,1200
1755 100 1176,528,1224,1200
1756 100 1176,528,1224,1200
1757 100 1200,552,1224,1200
1758 100 1200,552,1224,1200
1759 100 1200,552,1224,1200
1760 100 1200,552,1224,1200
1761 100 1200,552,1224,1200
1762 100 1176,552,1224,1224
1763 100 1176,552,1224,1224
1764 100 1176,552,1224,1224
1765 100 1176,552,1224,1224
1766 100 1008,576,1224,1200
1767 100 1008,576,1224,1200
1768 100 1008,576,1224,1200
1769 100 1008,576,1224,1200
1770 100 1008,576,1224,1200
1771 100 1008,576,1224,1200
1772 100 912,576,1224,1200
1773 100 912,576,1224,1200
1774 100 912,576,1224,1200
1775 100 912,576,1224,1200
1776 100 864,552,1224,1200
1777 100 864,552,1224,1200
1778 100 864,552,1224,1200
1779 100 864,552,1224,1200
1780 100 864,552,1224,1200
1781 100 816,528,1224,1224
1782 100 816,528,1224,1224
1783 100 816,528,1224,1224
1784 100 816,528,1224,1224
1785 100 816,528,1224,1224
1786 100 816,528,1224,1224
1787 100 672,480,1224,1224
1788 100 672,480,1224,1224
1789 100 672,480,1224,1224
1790 100 672,480,1224,1224
1791 100 648,480,1224,1200
1792 100 648,480,1224,1200
1793 100 648,480,1224,1200
1794 100 648,480,1224,1200
1795 100 648,480,1224,1200
1796 100 624,480,1224,1200
1797 100 624,480,1224,1200
1798 100 624,480,1224,1200
1799 100 624,480,1224,1200
1800 100 624,480,1224,1200
1801 100 624,480,1224,1200
1802 100 648,480,1224,1200
1803 100 648,480,1224,1200
1804 100 648,480,1224,1200
1805 100 648,480,1224,1200
1806 100 648,480,1224,1200
1807 100 648,480,1224,1200
1808 100 648,480,1224,1200
1809 100 648,480,1224,1200
1810 100 648,480,1224,1200
1811 100 672,456,1224,1224
1812 100 672,456,1224,1224
1813 100 672,456,1224,1224
1814 100 672,456,1224,1224
1815 100 672,456,1224,1224
1816 100 672,456,1224,1224
1817 100 696,456,1224,1224
1818 100 696,456,1224,1224
1819 100 696,456,1224,1224
1820 100 696,456,1224,1224
1821 100 696,456,1224,1224
1822 100 696,456,1224,1224
1823 100 696,456,1224,1224
1824 100 696,456,1224,1224
1825 100 696,456,1224,1224
1826 100 696,456,1224,1224
1827 100 720,456,1224,1200
1828 100 720,456,1224,1200
1829 100 720,456,1224,1200
1830 100 720,456,1224,1200
1831 100 720,456,1224,1200
1832 100 744,456,1224,1224
1833 100 744,456,1224,1224
1834 100 744,456,1224,1224
1835 100 744,456,1224,1224
1836 100 744,456,1224,1224
1837 100 744,456,1224,1224
1838 100 744,456,1224,1224
1839 100 744,456,1224,1224
1840 100 744,456,1224,1224
1841 100 744,456,1224,1224
1842 100 744,456,1224,1224
1843 100 744,456,1224,1224
1844 100 744,456,1224,1224
1845 100 744,456,1224,1224
1846 100 744,456,1224,1224
1847 100 744,480,1224,1200
1848 100 744,480,1224,1200
1849 100 744,480,1224,1200
1850 100 744,480,1224,1200
1851 100 744,480,1224,1200
1852 100 744,480,1224,1200
1853 100 744,480,1224,1200
1854 100 744,480,1224,1200
1855 100 744,480,1224,1200
1856 100 744,480,1224,1200
1857 100 744,456,1224,1224
1858 100 744,456,1224,1224
1859 100 744,456,1224,1224
1860 100 744,456,1224,1224
1861 100 744,456,1224,1224
1862 100 744,456,1224,1224
1863 100 744,456,1224,1224
1864 100 744,456,1224,1224
1865 100 744,456,1224,1224
1866 100 744,456,1224,1224
1867 100 744,480,1224,1200
1868 100 744,480,1224,1200
1869 100 744,480,1224,1200
1870 100 744,480,1224,1200
1871 100 744,480,1224,1200
1872 100 744,480,1224,1200
1873 100 744,480,1224,1200
1874 100 744,480,1224,1200
1875 100 744,480,1224,1200
1876 100 744,480,1224,1200
1877 100 744,456,1224,1224
1878 100 744,456,1224,1224
1879 100 744,456,1224,1224
1880 100 744,456,1224,1224
1881 100 744,456,1224,1224
1882 100 744,456,1224,1224
1883 100 744,456,1224,1224
1884 100 744,456,1224,1224
1885 100 744,456,1224,1224
1886 100 744,456,1224,1224
1887 100 744,480,1224,1200
1888 100 744,480,1224,1200
1889 100 744,480,1224,1200
1890 100 744,480,1224,1200
1891 100 744,480,1224,1200
1892 100 744,456,1224,1224
1893 100 744,456,1224,1224
1894 100 744,456,1224,1224
1895 100 744,456,1224,1224
1896 100 744,456,1224,1224
1897 100 744,480,1224,1200
1898 100 744,480,1224,1200
1899 100 744,480,1224,1200
1900 100 744,480,1224,1200
1901 100 744,480,1224,1200
1902 100 720,456,1224,1200
1903 100 720,456,1224,1200
1904 100 720,456,1224,1200
1905 100 720,456,1224,1200
1906 100 720,456,1224,1200
1907 100 720,456,1224,1200
1908 100 720,456,1224,1200
1909 100 720,456,1224,1200
1910 100 720,456,1224,1200
1911 100 720,456,1224,1200
1912 100 720,456,1224,1200
1913 100 720,456,1224,1200
1914 100 720,456,1224,1200
1915 100 720,456,1224,1200
1916 100 720,456,1224,1200
1917 100 720,456,1224,1224
1918 100 720,456,1224,1224
1919 100 720,456,1224,1224
1920 100 720,456,1224,1224
1921 100 720,456,1224,1224
1922 100 720,456,1224,1200
1923 100 720,456,1224,1200
1924 100 720,456,1224,1200
1925 100 720,456,1224,1200
1926 100 720,456,1224,1200
1927 100 744,456,1224,1200
1928 100 744,456,1224,1200
1929 100 744,456,1224,1200
1930 100 744,456,1224,1200
1931 100 744,456,1224,1200
1932 100 744,456,1224,1200
1933 100 744,456,1224,1200
1934 100 744,456,1224,1200
1935 100 744,456,1224,1200
1936 100 744,456,1224,1200
1937 100 744,456,1224,1224
1938 100 744,456,1224,1224
1939 100 744,456,1224,1224
1940 100 744,456,1224,1224
1941 100 744,456,1224,1224
1942 100 744,456,1224,1200
1943 100 744,456,1224,1200
1944 100 744,456,1224,1200
1945 100 744,456,1224,1200
1946 100 744,456,1224,1200
1947 100 744,456,1224,1224
1948 100 744,456,1224,1224
1949 100 744,456,1224,1224
1950 100 744,456,1224,1224
1951 100 744,456,1224,1224
1952 100 744,456,1224,1224
1953 100 744,456,1224,1224
1954 100 744,456,1224,1224
1955 100 744,456,1224,1224
1956 100 744,456,1224,1224
1957 100 744,456,1224,1224
1958 100 744,456,1224,1224
1959 100 744,456,1224,1224
1960 100 744,456,1224,1224
1961 100 744,456,1224,1224
1962 100 744,480,1224,1200
1963 100 744,480,1224,1200
1964 100 744,480,1224,1200
1965 100 744,480,1224,1200
1966 100 744,480,1224,1200
1967 100 744,480,1224,1200
1968 100 744,480,1224,1200
1969 100 744,480,1224,1200
1970 100 744,480,1224,1200
1971 100 744,480,1224,1200
1972 100 744,456,1224,1224
1973 100 744,456,1224,1224
1974 100 744,456,1224,1224
1975 100 744,456,1224,1224
1976 100 744,456,1224,1224
1977 100 744,480,1224,1200
1978 100 744,480,1224,1200
1979 100 744,480,1224,1200
1980 100 744,480,1224,1200
1981 100 744,480,1224,1200
1982 100 744,480,1224,1200
1983 100 744,480,1224,1200
1984 100 744,480,1224,1200
1985 100 744,480,1224,1200
1986 100 744,480,1224,1200
1987 100 744,480,1224,1200
1988 100 744,480,1224,1200
1989 100 744,480,1224,1200
1990 100 744,480,1224,1200
1991 100 744,480,1224,1200
1992 100 744,480,1224,1200
1993 100 744,480,1224,1200
1994 100 744,480,1224,1200
1995 100 744,480,1224,1200
1996 100 744,480,1224,1200
1997 100 744,480,1224,1200
1998 100 744,480,1224,1200
1999 100 744,480,1224,1200
2000 100 744,480,1224,1200
2001 100 744,480,1224,1200
2002 100 768,480,1224,1200
2003 100 768,480,1224,1200
2004 100 768,480,1224,1200
2005 100 768,480,1224,1200
2006 100 768,480,1224,1200
2007 100 888,480,1224,1200
2008 100 888,480,1224,1200
2009 100 888,480,1224,1200
2010 100 888,480,1224,1200
2011 100 888,480,1224,1200
2012 100 1032,456,1224,1224
2013 100 1032,456,1224,1224
2014 100 1032,456,1224,1224
2015 100 1032,456,1224,1224
2016 100 1032,456,1224,1224
2017 100 1152,480,1224,1200
2018 100 1152,480,1224,1200
2019 100 1152,480,1224,1200
2020 100 1152,480,1224,1200
2021 100 1152,480,1224,1200
2022 100 1176,480,1224,1200
2023 100 1176,480,1224,1200
2024 100 1176,480,1224,1200
2025 100 1176,480,1224,1200
2026 100 1176,480,1224,1200
2027 100 1200,480,1224,1200
2028 100 1200,480,1224,1200
2029 100 1200,480,1224,1200
2030 100 1200,480,1224,1200
2031 100 1200,480,1224,1200
2032 100 1224,480,1224,1200
2033 100 1224,480,1224,1200
2034 100 1224,480,1224,1200
2035 100 1224,480,1224,1200
2036 100 1224,480,1224,1200
2037 100 1224,480,1224,1200
2038 100 1224,480,1224,1200
2039 100 1224,480,1224,1200
2040 100 1224,480,1224,1200
2041 100 1224,480,1224,1200
2042 100 1248,480,1224,1224
2043 100 1248,480,1224,1224
2044 100 1248,480,1224,1224
2045 100 1248,480,1224,1224
2046 100 1248,480,1224,1224
2047 100 1296,504,1224,1200
2048 100 1296,504,1224,1200
2049 100 1296,504,1224,1200
2050 100 1296,504,1224,1200
2051 100 1296,504,1224,1200
2052 100 1296,504,1224,1200
2053 100 1296,504,1224,1200
2054 100 1296,504,1224,1200
2055 100 1296,504,1224,1200
2056 100 1296,504,1224,1200
2057 100 1320,504,1224,1200
2058 100 1320,504,1224,1200
2059 100 1320,504,1224,1200
2060 100 1320,504,1224,1200
2061 100 1320,504,1224,1200
2062 100 1296,504,1224,1224
2063 100 1296,504,1224,1224
2064 100 1296,504,1224,1224
2065 100 1296,504,1224,1224
2066 100 1296,504,1224,1224
2067 100 1296,504,1224,1224
2068 100 1296,504,1224,1224
2069 100 1296,504,1224,1224
2070 100 1296,504,1224,1224
2071 100 1296,504,1224,1224
2072 100 1272,504,1224,1224
2073 100 1272,504,1224,1224
2074 100 1272,504,1224,1224
2075 100 1272,504,1224,1224
2076 100 1272,504,1224,1224
2077 100 1272,504,1224,1224
2078 100 1272,504,1224,1224
2079 100 1272,504,1224,1224
2080 100 1272,504,1224,1224
2081 100 1272,504,1224,1224
2082 100 1272,504,1224,1224
2083 100 1272,528,1224,1200
2084 100 1272,528,1224,1200
2085 100 1272,528,1224,1200
2086 100 1272,528,1224,1200
2087 100 1272,528,1224,1200
2088 100 1272,528,1224,1200
2089 100 1272,528,1224,1200
2090 100 1272,528,1224,1200
2091 100 1272,528,1224,1200
2092 100 1272,528,1224,1200
2093 100 1272,528,1224,1200
2094 100 1272,528,1224,1200
2095 100 1272,528,1224,1200
2096 100 1272,528,1224,1200
2097 100 1272,528,1224,1200
2098 100 1272,528,1224,1200
2099 100 1272,528,1224,1200
