0 100 1920,600,1224,1200
1 100 1920,600,1224,1200
2 100 1920,600,1224,1200
3 100 1920,600,1224,1200
4 100 1920,600,1224,1200
5 100 1920,600,1224,1200
6 100 1920,600,1224,1200
7 100 1944,600,1224,1200
8 100 1944,600,1224,1200
9 100 1944,600,1224,1200
10 100 1944,600,1224,1200
11 100 1944,600,1224,1200
12 100 1944,600,1224,1200
13 100 1944,600,1224,1200
14 100 1944,600,1224,1200
15 100 1944,600,1224,1200
16 100 1944,600,1224,1200
17 100 1944,600,1224,1200
18 100 1968,600,1224,1200
19 100 1968,600,1224,1200
20 100 1968,576,1224,1200
21 100 1992,576,1224,1200
22 100 1992,576,1224,1200
23 100 1992,576,1224,1200
24 100 1992,576,1224,1200
25 100 1968,576,1224,1200
26 100 1992,552,1224,1224
27 100 1992,552,1224,1200
28 100 1992,552,1224,1200
29 100 1992,552,1224,1200
30 100 1968,552,1224,1200
31 100 1968,552,1224,1224
32 100 1968,552,1224,1200
33 100 1968,552,1224,1200
34 100 1968,552,1224,1200
35 100 1968,552,1224,1200
36 100 1968,552,1224,1200
37 100 1968,552,1224,1224
38 100 1968,576,1224,1200
39 100 1968,552,1224,1224
40 100 1968,552,1224,1200
41 100 1968,552,1224,1200
42 100 1968,552,1224,1224
43 100 1968,576,1224,1200
44 100 1992,552,1224,1224
45 100 1992,552,1224,1224
46 100 1992,552,1224,1224
47 100 1992,552,1224,1200
48 100 1992,552,1224,1200
49 100 1992,552,1224,1224
50 100 1992,552,1224,1224
51 100 1992,552,1224,1224
52 100 1992,576,1224,1200
53 100 1992,576,1224,1200
54 100 1992,552,1224,1224
55 100 1992,576,1224,1200
56 100 1992,576,1224,1200
57 100 1992,552,1224,1224
58 100 1992,552,1224,1224
59 100 1992,552,1224,1224
60 100 1992,552,1224,1224
61 100 1992,552,1224,1224
62 100 1992,576,1224,1200
63 100 1992,576,1224,1200
64 100 1992,552,1224,1224
65 100 1992,552,1224,1224
66 100 1992,552,1224,1224
67 100 1992,552,1224,1200
68 100 1992,552,1224,1200
69 100 1992,552,1224,1200
70 100 1992,552,1224,1200
71 100 1992,552,1224,1200
72 100 1992,552,1224,1200
73 100 1992,552,1224,1200
74 100 1992,552,1224,1200
75 100 1992,552,1224,1200
76 100 1992,552,1224,1200
77 100 1992,552,1224,1200
78 100 1992,552,1224,1200
79 100 1992,552,1224,1200
80 100 1992,552,1224,1200
81 100 1992,552,1224,1200
82 100 1992,552,1224,1200
83 100 1992,552,1224,1200
84 100 1992,552,1224,1200
85 100 1992,552,1224,1200
86 100 1992,552,1224,1200
87 100 1992,552,1224,1200
88 100 1992,552,1224,1200
89 100 1992,552,1224,1200
90 100 1992,552,1224,1200
91 100 1992,552,1224,1200
92 100 1992,552,1224,1200
93 100 1992,552,1224,1200
94 100 1992,552,1224,1200
95 100 1992,552,1224,1200
96 100 1992,552,1224,1200
97 100 1992,552,1224,1200
98 100 1992,552,1224,1200
99 100 1992,552,1224,1200
100 100 1992,552,1224,1200
101 100 1992,552,1224,1200
102 100 1992,552,1224,1200
103 100 1992,552,1224,1200
104 100 1992,552,1224,1200
105 100 1992,552,1224,1200
106 100 1992,552,1224,1200
107 100 1992,552,1224,1200
108 100 1992,552,1224,1200
109 100 1992,552,1224,1200
110 100 1992,552,1224,1200
111 100 1992,552,1224,1200
112 100 1992,552,1224,1200
113 100 1992,552,1224,1200
114 100 1992,552,1224,1200
115 100 1992,528,1224,1224
116 100 2016,552,1224,1200
117 100 2016,552,1224,1200
118 100 1992,552,1224,1200
119 100 2016,552,1224,1200
120 100 2016,552,1224,1200
121 100 2016,552,1224,1200
122 100 2016,552,1224,1200
123 100 2016,528,1224,1224
124 100 2016,528,1224,1224
125 100 2016,528,1224,1224
126 100 2016,528,1224,1224
127 100 2016,528,1224,1224
128 100 2016,528,1224,1224
129 100 2016,528,1224,1224
130 100 2016,528,1224,1224
131 100 2016,528,1224,1224
132 100 2016,528,1224,1224
133 100 2016,528,1224,1224
134 100 2016,552,1224,1200
135 100 2016,552,1224,1200
136 100 2016,528,1224,1224
137 100 2016,528,1224,1224
138 100 2016,552,1224,1200
139 100 2016,528,1224,1224
140 100 2016,528,1224,1224
141 100 2016,528,1224,1224
142 100 2016,552,1224,1200
143 100 2016,528,1224,1224
144 100 2016,528,1224,1224
145 100 2016,528,1224,1224
146 100 2016,528,1224,1224
147 100 2016,528,1224,1224
148 100 2016,528,1224,1224
149 100 2016,528,1224,1224
150 100 2016,528,1224,1224
151 100 2016,528,1224,1200
152 100 2016,528,1224,1224
153 100 1992,528,1224,1224
154 100 2016,528,1224,1200
155 100 2016,528,1224,1200
156 100 2016,528,1224,1200
157 100 2016,528,1224,1200
158 100 2016,528,1224,1200
159 100 1992,528,1224,1200
160 100 1992,528,1224,1200
161 100 1992,528,1224,1200
162 100 1992,528,1224,1200
163 100 1992,528,1224,1200
164 100 1992,528,1224,1200
165 100 1992,528,1224,1200
166 100 1992,528,1224,1200
167 100 2016,528,1224,1200
168 100 2016,528,1224,1200
169 100 2016,528,1224,1200
170 100 2016,528,1224,1200
171 100 2016,528,1224,1200
172 100 2016,528,1224,1200
173 100 2016,528,1224,1200
174 100 2016,528,1224,1200
175 100 2016,528,1224,1200
176 100 2016,528,1224,1200
177 100 2016,528,1224,1200
178 100 2016,528,1224,1200
179 100 1992,528,1224,1200
180 100 1992,528,1224,1224
181 100 1992,528,1224,1200
182 100 1992,528,1224,1200
183 100 1992,528,1224,1200
184 100 1992,528,1224,1200
185 100 1992,528,1224,1224
186 100 1992,528,1224,1224
187 100 1992,528,1224,1224
188 100 1992,552,1224,1200
189 100 1992,528,1224,1224
190 100 1992,528,1224,1224
191 100 1992,528,1224,1224
192 100 1992,528,1224,1224
193 100 1992,528,1224,1224
194 100 1992,528,1224,1224
195 100 1992,528,1224,1224
196 100 1992,528,1224,1224
197 100 1992,528,1224,1224
198 100 1992,552,1224,1200
199 100 1992,528,1224,1224
200 100 1992,528,1224,1224
201 100 1992,552,1224,1200
202 100 1992,528,1224,1224
203 100 1992,528,1224,1224
204 100 1992,528,1224,1224
205 100 1992,552,1224,1200
206 100 1992,552,1224,1200
207 100 1992,528,1224,1224
208 100 1992,552,1224,1200
209 100 1992,528,1224,1224
210 100 1992,528,1224,1224
211 100 1992,528,1224,1224
212 100 1992,528,1224,1224
213 100 1992,552,1224,1200
214 100 1992,528,1224,1224
215 100 1992,528,1224,1224
216 100 1992,552,1224,1200
217 100 1992,552,1224,1200
218 100 1992,552,1224,1200
219 100 1992,552,1224,1200
220 100 1992,552,1224,1200
221 100 1992,552,1224,1200
222 100 1992,528,1224,1224
223 100 1992,528,1224,1224
224 100 1992,528,1224,1200
225 100 1992,528,1224,1224
226 100 1992,528,1224,1224
227 100 1992,528,1224,1224
228 100 1992,528,1224,1200
229 100 1992,528,1224,1200
230 100 1992,528,1224,1200
231 100 1992,528,1224,1200
232 100 1992,528,1224,1224
233 100 2016,528,1224,1200
234 100 2016,528,1224,1200
235 100 2016,552,1224,1200
236 100 2016,552,1224,1200
237 100 1992,552,1224,1200
238 100 1992,552,1224,1224
239 100 1992,552,1224,1200
240 100 2016,528,1224,1224
241 100 2016,528,1224,1224
242 100 1992,528,1224,1224
243 100 1992,528,1224,1200
244 100 2016,504,1224,1224
245 100 2016,504,1224,1224
246 100 2016,504,1224,1200
247 100 2016,504,1224,1200
248 100 2016,504,1224,1200
249 100 2016,504,1224,1200
250 100 2016,504,1224,1200
251 100 2016,504,1224,1200
252 100 2016,504,1224,1200
253 100 2016,504,1224,1200
254 100 2016,480,1224,1224
255 100 2016,480,1224,1224
256 100 2016,480,1224,1224
257 100 2016,480,1224,1224
258 100 2016,480,1224,1224
259 100 2016,480,1224,1200
260 100 2016,480,1224,1200
261 100 2016,480,1224,1224
262 100 2016,480,1224,1224
263 100 2016,480,1224,1224
264 100 2016,480,1224,1224
265 100 2016,480,1224,1224
266 100 2016,480,1224,1224
267 100 2016,480,1224,1224
268 100 2016,480,1224,1200
269 100 2016,480,1224,1224
270 100 2016,480,1224,1224
271 100 2016,480,1224,1224
272 100 2016,480,1224,1224
273 100 2016,480,1224,1224
274 100 2016,480,1224,1224
275 100 2016,480,1224,1224
276 100 2016,480,1224,1224
277 100 2016,480,1224,1224
278 100 2016,480,1224,1224
279 100 2016,480,1224,1224
280 100 2016,480,1224,1224
281 100 2016,480,1224,1224
282 100 2016,480,1224,1224
283 100 2016,480,1224,1224
284 100 2016,480,1224,1224
285 100 2016,480,1224,1224
286 100 2016,480,1224,1224
287 100 2016,480,1224,1224
288 100 2016,480,1224,1224
289 100 2016,480,1224,1224
290 100 2016,480,1224,1224
291 100 2016,480,1224,1224
292 100 2016,480,1224,1224
293 100 2016,480,1224,1224
294 100 2016,480,1224,1224
295 100 2016,480,1224,1224
296 100 2016,480,1224,1224
297 100 2016,504,1224,1200
298 100 2016,480,1224,1224
299 100 2016,480,1224,1224
300 100 2016,480,1224,1224
301 100 2016,480,1224,1224
302 100 2016,504,1224,1200
303 100 2016,480,1224,1224
304 100 2016,480,1224,1224
305 100 2016,504,1224,1200
306 100 2016,504,1224,1200
307 100 2016,504,1224,1200
308 100 2016,504,1224,1200
309 100 2016,504,1224,1200
310 100 2016,504,1224,1200
311 100 2016,504,1224,1224
312 100 2016,528,1224,1200
313 100 2016,552,1224,1200
314 100 1992,576,1224,1200
315 100 1992,576,1224,1224
316 100 1992,600,1224,1200
317 100 1992,600,1224,1224
318 100 1992,624,1224,1200
319 100 1992,624,1224,1200
320 100 1992,624,1224,1200
321 100 1992,624,1224,1200
322 100 1968,624,1224,1200
323 100 1992,624,1224,1200
324 100 1992,624,1224,1200
325 100 1992,624,1224,1200
326 100 1992,600,1224,1224
327 100 1992,624,1224,1200
328 100 1992,624,1224,1200
329 100 1992,624,1224,1200
330 100 1992,624,1224,1200
331 100 1968,624,1224,1200
332 100 1992,600,1224,1224
333 100 1968,600,1224,1200
334 100 1992,576,1224,1200
335 100 1992,576,1224,1224
336 100 1968,600,1224,1200
337 100 1992,576,1224,1200
338 100 1992,576,1224,1224
339 100 1992,576,1224,1224
340 100 1992,576,1224,1224
341 100 1992,576,1224,1224
342 100 1992,576,1224,1224
343 100 1992,600,1224,1200
344 100 1968,600,1224,1200
345 100 1992,576,1224,1224
346 100 1992,576,1224,1200
347 100 1992,576,1224,1200
348 100 1992,576,1224,1200
349 100 1992,576,1224,1200
350 100 1992,552,1224,1224
351 100 1992,576,1224,1200
352 100 2016,576,1224,1200
353 100 2016,552,1224,1224
354 100 2016,552,1224,1200
355 100 2016,528,1224,1224
356 100 2040,504,1224,1200
357 100 2016,456,1224,1224
358 100 1992,432,1224,1224
359 100 1992,432,1224,1200
360 100 1992,432,1224,1200
361 100 1992,432,1224,1200
362 100 2016,432,1224,1224
363 100 2016,456,1224,1200
364 100 2016,456,1224,1200
365 100 2016,456,1224,1224
366 100 2016,456,1224,1200
367 100 2016,456,1224,1224
368 100 2016,456,1224,1200
369 100 2016,456,1224,1200
370 100 2016,456,1224,1224
371 100 2016,456,1224,1224
372 100 2016,456,1224,1224
373 100 2016,456,1224,1224
374 100 2016,456,1224,1224
375 100 2016,456,1224,1200
376 100 2016,456,1224,1200
377 100 2016,456,1224,1200
378 100 1992,456,1224,1200
379 100 1992,456,1224,1200
380 100 1992,480,1224,1200
381 100 1992,480,1224,1200
382 100 1968,480,1224,1200
383 100 1944,480,1224,1200
384 100 1920,480,1224,1224
385 100 1920,504,1224,1200
386 100 1896,504,1224,1200
387 100 1872,504,1224,1200
388 100 1872,504,1224,1200
389 100 1848,504,1224,1200
390 100 1848,504,1224,1200
391 100 1848,504,1224,1200
392 100 1848,480,1224,1224
393 100 1848,480,1224,1224
394 100 1848,504,1224,1200
395 100 1848,504,1224,1200
396 100 1848,504,1224,1224
397 100 1848,528,1224,1200
398 100 1848,528,1224,1200
399 100 1848,528,1224,1200
400 100 1848,528,1224,1200
401 100 1848,528,1224,1200
402 100 1848,528,1224,1200
403 100 1848,504,1224,1224
404 100 1848,504,1224,1224
405 100 1848,504,1224,1224
406 100 1872,504,1224,1224
407 100 1872,504,1224,1224
408 100 1872,504,1224,1224
409 100 1872,504,1224,1224
410 100 1872,504,1224,1224
411 100 1896,504,1224,1224
412 100 1896,528,1224,1200
413 100 1896,528,1224,1200
414 100 1896,528,1224,1200
415 100 1920,504,1224,1224
416 100 1920,504,1224,1200
417 100 1944,504,1224,1200
418 100 1944,504,1224,1200
419 100 1944,504,1224,1200
420 100 1968,480,1224,1224
421 100 1968,480,1224,1224
422 100 1992,480,1224,1200
423 100 1992,480,1224,1224
424 100 1992,480,1224,1224
425 100 2016,504,1224,1200
426 100 2016,504,1224,1200
427 100 2016,504,1224,1200
428 100 2016,504,1224,1200
429 100 2016,504,1224,1200
430 100 2016,504,1224,1200
431 100 2016,504,1224,1224
432 100 2016,504,1224,1224
433 100 2016,504,1224,1224
434 100 2016,504,1224,1224
435 100 2016,504,1224,1224
436 100 2016,504,1224,1224
437 100 2016,528,1224,1200
438 100 2016,528,1224,1200
439 100 2016,528,1224,1200
440 100 1992,528,1224,1200
441 100 1992,528,1224,1200
442 100 1992,528,1224,1200
443 100 1992,528,1224,1200
444 100 1992,528,1224,1200
445 100 1992,528,1224,1200
446 100 1992,528,1224,1200
447 100 1992,528,1224,1200
448 100 1992,528,1224,1200
449 100 1992,528,1224,1200
450 100 1992,528,1224,1200
451 100 1992,504,1224,1224
452 100 1992,528,1224,1200
453 100 1992,504,1224,1224
454 100 1992,504,1224,1224
455 100 1992,504,1224,1224
456 100 1992,504,1224,1224
457 100 1992,504,1224,1224
458 100 2016,528,1224,1200
459 100 2016,528,1224,1200
460 100 2016,504,1224,1224
461 100 2016,504,1224,1200
462 100 2016,504,1224,1200
463 100 2016,504,1224,1224
464 100 2016,528,1224,1200
465 100 2016,528,1224,1200
466 100 2016,528,1224,1200
467 100 2016,528,1224,1224
468 100 2016,528,1224,1224
469 100 2016,552,1224,1200
470 100 1992,552,1224,1200
471 100 1992,552,1224,1200
472 100 1992,552,1224,1224
473 100 1992,552,1224,1224
474 100 1992,552,1224,1224
475 100 1992,552,1224,1224
476 100 1992,552,1224,1224
477 100 1992,576,1224,1224
478 100 1992,552,1224,1200
479 100 1992,528,1224,1200
480 100 2016,552,1224,1200
481 100 2016,528,1224,1224
482 100 2016,552,1224,1200
483 100 2016,552,1224,1200
484 100 2016,552,1224,1200
485 100 2016,528,1224,1224
486 100 2016,552,1224,1200
487 100 2016,576,1224,1200
488 100 2016,552,1224,1224
489 100 2016,552,1224,1224
490 100 1992,576,1224,1200
491 100 1992,576,1224,1224
492 100 1992,576,1224,1200
493 100 1992,552,1224,1224
494 100 2016,552,1224,1224
495 100 1992,552,1224,1200
496 100 1992,552,1224,1200
497 100 2016,528,1224,1224
498 100 2016,528,1224,1200
499 100 2040,504,1224,1224
500 100 2016,504,1224,1200
501 100 2016,480,1224,1224
502 100 2016,480,1224,1200
503 100 1992,456,1224,1224
504 100 1992,456,1224,1224
505 100 1992,456,1224,1224
506 100 1992,456,1224,1224
507 100 1992,456,1224,1224
508 100 1992,480,1224,1200
509 100 1992,456,1224,1224
510 100 1992,456,1224,1224
511 100 1992,456,1224,1224
512 100 1992,456,1224,1224
513 100 1992,456,1224,1224
514 100 1992,456,1224,1224
515 100 1992,456,1224,1224
516 100 1992,456,1224,1224
517 100 1992,456,1224,1200
518 100 1992,456,1224,1224
519 100 1992,456,1224,1200
520 100 1992,456,1224,1200
521 100 2016,456,1224,1200
522 100 2016,456,1224,1200
523 100 2016,456,1224,1200
524 100 2016,456,1224,1224
525 100 2040,480,1224,1200
526 100 2040,480,1224,1200
527 100 2016,480,1224,1200
528 100 2040,480,1224,1200
529 100 2016,456,1224,1200
530 100 2016,456,1224,1200
531 100 2016,456,1224,1200
532 100 2016,456,1224,1200
533 100 2016,456,1224,1200
534 100 2016,456,1224,1200
535 100 2016,456,1224,1200
536 100 2016,456,1224,1224
537 100 2016,480,1224,1200
538 100 2016,480,1224,1200
539 100 2016,480,1224,1200
540 100 2016,480,1224,1200
541 100 2016,480,1224,1200
542 100 2016,480,1224,1200
543 100 2016,456,1224,1224
544 100 2016,480,1224,1200
545 100 2016,480,1224,1200
546 100 1992,480,1224,1200
547 100 2016,480,1224,1200
548 100 2016,480,1224,1200
549 100 2016,480,1224,1200
550 100 2016,480,1224,1200
551 100 2016,480,1224,1200
552 100 2016,480,1224,1200
553 100 2016,480,1224,1200
554 100 2040,480,1224,1200
555 100 2040,480,1224,1200
556 100 2040,480,1224,1200
557 100 2040,480,1224,1200
558 100 2064,480,1224,1200
559 100 2064,480,1224,1200
560 100 2064,480,1224,1200
561 100 2064,480,1224,1200
562 100 2064,480,1224,1224
563 100 2064,504,1224,1200
564 100 2064,504,1224,1200
565 100 2064,504,1224,1200
566 100 2040,480,1224,1224
567 100 2040,456,1224,1224
568 100 2016,456,1224,1224
569 100 2016,456,1224,1224
570 100 2040,480,1224,1200
571 100 2040,480,1224,1200
572 100 2040,480,1224,1224
573 100 2040,480,1224,1224
574 100 2040,480,1224,1224
575 100 2040,480,1224,1224
576 100 2040,480,1224,1224
577 100 2040,480,1224,1224
578 100 2040,480,1224,1224
579 100 2040,480,1224,1224
580 100 2040,504,1224,1200
581 100 2040,504,1224,1200
582 100 2040,504,1224,1200
583 100 2040,504,1224,1200
584 100 2040,504,1224,1200
585 100 2064,504,1224,1200
586 100 2064,504,1224,1200
587 100 2064,504,1224,1200
588 100 2064,504,1224,1200
589 100 2064,504,1224,1200
590 100 2064,504,1224,1200
591 100 2064,504,1224,1200
592 100 2064,504,1224,1200
593 100 2064,504,1224,1200
594 100 2040,504,1224,1200
595 100 2040,504,1224,1200
596 100 2040,504,1224,1200
597 100 2040,504,1224,1200
598 100 2040,504,1224,1200
599 100 2040,504,1224,1200
600 100 2040,504,1224,1200
601 100 2040,504,1224,1200
602 100 2040,504,1224,1200
603 100 2040,504,1224,1200
604 100 2040,504,1224,1200
605 100 2040,504,1224,1200
606 100 2040,504,1224,1200
607 100 2040,504,1224,1200
608 100 2040,504,1224,1200
609 100 2040,504,1224,1200
610 100 2040,504,1224,1200
611 100 2040,504,1224,1200
612 100 2040,504,1224,1200
613 100 2040,504,1224,1200
614 100 2040,504,1224,1200
615 100 2040,504,1224,1200
616 100 2040,504,1224,1200
617 100 2040,504,1224,1200
618 100 2040,504,1224,1200
619 100 2040,504,1224,1200
620 100 2040,504,1224,1200
621 100 2040,504,1224,1200
622 100 2040,504,1224,1200
623 100 2040,504,1224,1200
624 100 2040,504,1224,1200
625 100 2040,504,1224,1200
626 100 2040,504,1224,1200
627 100 2040,504,1224,1200
628 100 2040,504,1224,1200
629 100 2040,504,1224,1200
630 100 2040,504,1224,1200
631 100 2040,504,1224,1200
632 100 2040,504,1224,1200
633 100 2040,504,1224,1200
634 100 2040,504,1224,1200
635 100 2040,504,1224,1200
636 100 2040,504,1224,1200
637 100 2040,504,1224,1200
638 100 2040,504,1224,1200
639 100 2040,504,1224,1200
640 100 2040,504,1224,1200
641 100 2040,504,1224,1200
642 100 2040,504,1224,1200
643 100 2040,504,1224,1200
644 100 2040,504,1224,1200
645 100 2040,504,1224,1200
646 100 2040,504,1224,1200
647 100 2040,504,1224,1200
648 100 2040,504,1224,1200
649 100 2040,504,1224,1200
650 100 2040,504,1224,1200
651 100 2040,504,1224,1200
652 100 2040,504,1224,1200
653 100 2040,504,1224,1200
654 100 2040,504,1224,1200
655 100 2040,504,1224,1200
656 100 2040,504,1224,1200
657 100 2040,504,1224,1200
658 100 2040,504,1224,1200
659 100 2040,504,1224,1200
660 100 2040,504,1224,1200
661 100 2040,504,1224,1200
662 100 2040,504,1224,1200
663 100 2040,504,1224,1200
664 100 2040,504,1224,1200
665 100 2040,504,1224,1200
666 100 2040,504,1224,1200
667 100 2040,504,1224,1200
668 100 2040,504,1224,1200
669 100 2040,504,1224,1200
670 100 2040,504,1224,1200
671 100 2040,504,1224,1200
672 100 2040,504,1224,1200
673 100 2040,504,1224,1200
674 100 2040,504,1224,1200
675 100 2040,504,1224,1200
676 100 2040,504,1224,1200
677 100 2040,504,1224,1200
678 100 2040,504,1224,1200
679 100 2040,504,1224,1200
680 100 2040,504,1224,1200
681 100 2040,504,1224,1200
682 100 2040,504,1224,1200
683 100 2040,504,1224,1224
684 100 2040,504,1224,1224
685 100 2016,504,1224,1224
686 100 1968,528,1224,1200
687 100 1920,528,1224,1200
688 100 1872,528,1224,1200
689 100 1824,528,1224,1200
690 100 1776,528,1224,1224
691 100 1728,528,1224,1224
692 100 1680,528,1224,1224
693 100 1632,528,1224,1224
694 100 1608,528,1224,1224
695 100 1560,528,1224,1224
696 100 1536,528,1224,1224
697 100 1536,528,1224,1224
698 100 1512,528,1224,1224
699 100 1488,528,1224,1224
700 100 1464,528,1224,1200
701 100 1464,528,1224,1200
702 100 1440,528,1224,1200
703 100 1440,528,1224,1200
704 100 1440,504,1224,1224
705 100 1440,504,1224,1224
706 100 1416,480,1224,1200
707 100 1416,456,1224,1224
708 100 1392,432,1224,1224
709 100 1368,408,1224,1200
710 100 1344,384,1224,1200
711 100 1344,384,1224,1200
712 100 1344,384,1224,1200
713 100 1344,384,1224,1200
714 100 1344,384,1224,1200
715 100 1368,384,1224,1200
716 100 1368,360,1224,1224
717 100 1368,360,1224,1224
718 100 1368,360,1224,1200
719 100 1368,360,1224,1200
720 100 1368,360,1224,1224
721 100 1392,360,1224,1224
722 100 1392,384,1224,1200
723 100 1392,384,1224,1200
724 100 1392,384,1224,1200
725 100 1392,384,1224,1200
726 100 1392,384,1224,1200
727 100 1392,384,1224,1200
728 100 1392,384,1224,1200
729 100 1416,384,1224,1200
730 100 1416,384,1224,1200
731 100 1416,384,1224,1200
732 100 1416,384,1224,1200
733 100 1416,384,1224,1200
734 100 1416,384,1224,1224
735 100 1416,384,1224,1224
736 100 1416,384,1224,1224
737 100 1416,384,1224,1224
738 100 1416,384,1224,1224
739 100 1416,408,1224,1200
740 100 1416,408,1224,1200
741 100 1392,408,1224,1200
742 100 1392,408,1224,1200
743 100 1392,408,1224,1200
744 100 1416,408,1224,1200
745 100 1416,408,1224,1200
746 100 1416,408,1224,1200
747 100 1416,408,1224,1200
748 100 1416,408,1224,1200
749 100 1416,408,1224,1200
750 100 1416,408,1224,1224
751 100 1416,408,1224,1224
752 100 1416,408,1224,1224
753 100 1416,408,1224,1200
754 100 1416,408,1224,1200
755 100 1416,408,1224,1200
756 100 1416,408,1224,1200
757 100 1416,408,1224,1200
758 100 1416,408,1224,1200
759 100 1416,408,1224,1200
760 100 1416,408,1224,1200
761 100 1416,408,1224,1200
762 100 1416,408,1224,1200
763 100 1392,408,1224,1200
764 100 1368,408,1224,1200
765 100 1344,408,1224,1200
766 100 1344,384,1224,1224
767 100 1320,384,1224,1224
768 100 1296,384,1224,1224
769 100 1272,384,1224,1224
770 100 1248,384,1224,1224
771 100 1224,384,1224,1224
772 100 1224,384,1224,1224
773 100 1200,408,1224,1200
774 100 1176,408,1224,1200
775 100 1176,408,1224,1200
776 100 1152,384,1224,1224
777 100 1152,384,1224,1224
778 100 1152,384,1224,1224
779 100 1128,384,1224,1224
780 100 1128,384,1224,1224
781 100 1128,384,1224,1224
782 100 1128,384,1224,1224
783 100 1128,384,1224,1224
784 100 1128,384,1224,1224
785 100 1128,408,1224,1200
786 100 1128,408,1224,1200
787 100 1128,408,1224,1200
788 100 1128,384,1224,1224
789 100 1128,384,1224,1224
790 100 1152,384,1224,1224
791 100 1152,384,1224,1224
792 100 1152,408,1224,1200
793 100 1176,408,1224,1200
794 100 1176,408,1224,1200
795 100 1176,408,1224,1200
796 100 1200,408,1224,1200
797 100 1200,408,1224,1200
798 100 1224,408,1224,1200
799 100 1224,408,1224,1200
800 100 1224,408,1224,1200
801 100 1272,408,1224,1200
802 100 1296,408,1224,1200
803 100 1296,408,1224,1200
804 100 1296,408,1224,1200
805 100 1440,432,1224,1200
806 100 1488,432,1224,1200
807 100 1536,432,1224,1200
808 100 1536,432,1224,1200
809 100 1536,432,1224,1200
810 100 1608,456,1224,1200
811 100 1656,456,1224,1200
812 100 1704,456,1224,1224
813 100 1752,480,1224,1200
814 100 1800,480,1224,1200
815 100 1848,480,1224,1200
816 100 1872,480,1224,1200
817 100 1920,480,1224,1200
818 100 1944,480,1224,1200
819 100 1992,504,1224,1200
820 100 2040,480,1224,1224
821 100 2088,480,1224,1224
822 100 2136,504,1224,1200
823 100 2160,504,1224,1200
824 100 2208,504,1224,1200
825 100 2232,504,1224,1200
826 100 2256,480,1224,1224
827 100 2280,480,1224,1224
828 100 2328,480,1224,1224
829 100 2352,504,1224,1200
830 100 2376,504,1224,1200
831 100 2376,480,1224,1200
832 100 2400,480,1224,1200
833 100 2424,480,1224,1200
834 100 2448,480,1224,1224
835 100 2472,480,1224,1200
836 100 2496,480,1224,1200
837 100 2520,480,1224,1200
838 100 2520,480,1224,1200
839 100 2520,480,1224,1200
840 100 2544,480,1224,1200
841 100 2544,480,1224,1200
842 100 2568,480,1224,1200
843 100 2592,480,1224,1200
844 100 2616,480,1224,1200
845 100 2640,480,1224,1224
846 100 2664,480,1224,1224
847 100 2664,480,1224,1224
848 100 2664,480,1224,1224
849 100 2760,504,1224,1200
850 100 2832,504,1224,1200
851 100 2904,504,1224,1200
852 100 2904,504,1224,1200
853 100 3000,504,1224,1200
854 100 3000,504,1224,1200
855 100 3024,504,1224,1200
856 100 3072,480,1224,1224
857 100 3120,480,1224,1200
858 100 3096,480,1224,1200
859 100 3144,504,1224,1200
860 100 3264,504,1224,1200
861 100 3288,504,1224,1200
862 100 3288,504,1224,1200
863 100 3264,504,1224,1200
864 100 3336,504,1224,1224
865 100 3336,504,1224,1224
866 100 3360,504,1224,1224
867 100 3240,504,1224,1200
868 100 3384,504,1224,1200
869 100 3432,504,1224,1200
870 100 3408,504,1224,1200
871 100 3384,504,1224,1200
872 100 3480,504,1224,1200
873 100 3480,504,1224,1200
874 100 3480,504,1224,1200
875 100 3528,504,1224,1200
876 100 3504,504,1224,1200
877 100 3528,504,1224,1200
878 100 3456,504,1224,1200
879 100 3480,504,1224,1200
880 100 3456,504,1224,1200
881 100 3480,504,1224,1200
882 100 3552,504,1224,1200
883 100 3696,480,1224,1224
884 100 3456,480,1224,1200
885 100 3528,480,1224,1200
886 100 3648,456,1224,1224
887 100 3672,456,1224,1224
888 100 3624,456,1224,1224
889 100 3576,480,1224,1200
890 100 3552,480,1224,1200
891 100 3552,480,1224,1200
892 100 3576,480,1224,1200
893 100 3576,480,1224,1200
894 100 3624,456,1224,1224
895 100 3648,456,1224,1224
896 100 3360,456,1224,1224
897 100 3600,456,1224,1224
898 100 3552,480,1224,1200
899 100 3480,480,1224,1200
900 100 3408,480,1224,1200
901 100 3408,480,1224,1200
902 100 3360,480,1224,1224
903 100 3336,480,1224,1224
904 100 3336,480,1224,1224
905 100 3360,480,1224,1224
906 100 3360,480,1224,1224
907 100 3336,480,1224,1224
908 100 3336,504,1224,1200
909 100 3312,480,1224,1224
910 100 3192,480,1224,1224
911 100 3168,480,1224,1224
912 100 3264,504,1224,1200
913 100 3240,504,1224,1200
914 100 3192,504,1224,1224
915 100 3096,504,1224,1200
916 100 3072,504,1224,1224
917 100 3072,504,1224,1200
918 100 2976,504,1224,1224
919 100 2952,504,1224,1224
920 100 2856,504,1224,1224
921 100 2856,504,1224,1224
922 100 2784,504,1224,1224
923 100 2664,504,1224,1224
924 100 2664,504,1224,1224
925 100 2640,504,1224,1200
926 100 2592,504,1224,1200
927 100 2568,504,1224,1200
928 100 2544,504,1224,1200
929 100 2520,504,1224,1200
930 100 2496,504,1224,1200
931 100 2448,480,1224,1224
932 100 2424,480,1224,1224
933 100 2400,480,1224,1224
934 100 2376,480,1224,1224
935 100 2352,480,1224,1224
936 100 2304,480,1224,1224
937 100 2280,504,1224,1200
938 100 2256,504,1224,1200
939 100 2232,504,1224,1200
940 100 2208,504,1224,1200
941 100 2184,504,1224,1200
942 100 2160,504,1224,1200
943 100 2136,504,1224,1200
944 100 2112,504,1224,1200
945 100 2088,504,1224,1200
946 100 2040,504,1224,1200
947 100 2016,480,1224,1224
948 100 1992,504,1224,1200
949 100 1944,504,1224,1200
950 100 1920,504,1224,1200
951 100 1872,504,1224,1200
952 100 1848,504,1224,1200
953 100 1824,504,1224,1224
954 100 1776,504,1224,1224
955 100 1752,504,1224,1224
956 100 1728,528,1224,1200
957 100 1704,528,1224,1200
958 100 1680,528,1224,1200
959 100 1656,528,1224,1224
960 100 1632,528,1224,1224
961 100 1608,528,1224,1224
962 100 1584,528,1224,1224
963 100 1560,528,1224,1224
964 100 1560,528,1224,1224
965 100 1536,552,1224,1200
966 100 1536,528,1224,1224
967 100 1512,528,1224,1224
968 100 1512,528,1224,1224
969 100 1488,552,1224,1200
970 100 1488,552,1224,1200
971 100 1464,552,1224,1200
972 100 1464,552,1224,1200
973 100 1464,552,1224,1200
974 100 1440,552,1224,1200
975 100 1440,552,1224,1200
976 100 1440,552,1224,1200
977 100 1440,552,1224,1200
978 100 1416,552,1224,1200
979 100 1416,552,1224,1200
980 100 1416,552,1224,1200
981 100 1416,528,1224,1224
982 100 1392,528,1224,1224
983 100 1368,528,1224,1224
984 100 1368,528,1224,1224
985 100 1344,528,1224,1200
986 100 1320,528,1224,1200
987 100 1296,504,1224,1224
988 100 1296,504,1224,1224
989 100 1272,504,1224,1224
990 100 1272,504,1224,1224
991 100 1248,504,1224,1224
992 100 1224,504,1224,1224
993 100 1200,504,1224,1224
994 100 1200,504,1224,1224
995 100 1176,504,1224,1224
996 100 1152,528,1224,1200
997 100 1128,504,1224,1224
998 100 1128,504,1224,1224
999 100 1128,504,1224,1224
1000 100 1128,504,1224,1224
1001 100 1056,504,1224,1224
1002 100 1056,528,1224,1200
1003 100 1032,528,1224,1200
1004 100 1008,528,1224,1200
1005 100 1008,504,1224,1224
1006 100 984,504,1224,1224
1007 100 984,528,1224,1200
1008 100 984,504,1224,1224
1009 100 960,504,1224,1224
1010 100 960,504,1224,1224
1011 100 936,504,1224,1224
1012 100 936,504,1224,1224
1013 100 936,504,1224,1224
1014 100 912,504,1224,1200
1015 100 912,480,1224,1224
1016 100 912,480,1224,1224
1017 100 888,504,1224,1200
1018 100 888,504,1224,1200
1019 100 864,480,1224,1224
1020 100 864,480,1224,1224
1021 100 840,480,1224,1224
1022 100 840,480,1224,1224
1023 100 816,480,1224,1224
1024 100 816,480,1224,1224
1025 100 792,480,1224,1224
1026 100 792,480,1224,1224
1027 100 768,504,1224,1200
1028 100 768,504,1224,1200
1029 100 744,480,1224,1224
1030 100 744,480,1224,1224
1031 100 720,480,1224,1224
1032 100 696,504,1224,1200
1033 100 696,504,1224,1224
1034 100 672,504,1224,1224
1035 100 672,504,1224,1224
1036 100 672,504,1224,1224
1037 100 672,504,1224,1200
1038 100 672,504,1224,1224
1039 100 672,504,1224,1224
1040 100 648,504,1224,1224
1041 100 648,504,1224,1224
1042 100 648,504,1224,1224
1043 100 648,504,1224,1224
1044 100 648,504,1224,1224
1045 100 672,504,1224,1224
1046 100 648,504,1224,1224
1047 100 648,504,1224,1200
1048 100 648,504,1224,1224
1049 100 648,504,1224,1200
1050 100 648,504,1224,1224
1051 100 648,504,1224,1224
1052 100 648,504,1224,1224
1053 100 672,504,1224,1224
1054 100 696,504,1224,1200
1055 100 696,504,1224,1200
1056 100 720,504,1224,1224
1057 100 744,504,1224,1224
1058 100 768,504,1224,1200
1059 100 792,504,1224,1200
1060 100 816,504,1224,1200
1061 100 816,504,1224,1224
1062 100 840,504,1224,1224
1063 100 864,504,1224,1224
1064 100 864,528,1224,1200
1065 100 864,504,1224,1200
1066 100 864,504,1224,1200
1067 100 888,504,1224,1224
1068 100 888,504,1224,1224
1069 100 888,528,1224,1200
1070 100 912,504,1224,1224
1071 100 936,504,1224,1200
1072 100 912,504,1224,1200
1073 100 936,504,1224,1200
1074 100 936,504,1224,1200
1075 100 936,504,1224,1224
1076 100 936,528,1224,1200
1077 100 936,528,1224,1200
1078 100 960,528,1224,1200
1079 100 960,528,1224,1200
1080 100 960,528,1224,1224
1081 100 984,528,1224,1224
1082 100 984,528,1224,1224
1083 100 984,552,1224,1200
1084 100 984,528,1224,1200
1085 100 984,528,1224,1200
1086 100 960,528,1224,1200
1087 100 960,528,1224,1200
1088 100 960,528,1224,1200
1089 100 960,528,1224,1200
1090 100 960,528,1224,1200
1091 100 960,528,1224,1200
1092 100 960,528,1224,1200
1093 100 960,528,1224,1200
1094 100 960,528,1224,1200
1095 100 960,528,1224,1200
1096 100 936,528,1224,1200
1097 100 960,528,1224,1200
1098 100 960,528,1224,1200
1099 100 984,528,1224,1200
1100 100 984,528,1224,1200
1101 100 984,528,1224,1200
1102 100 960,528,1224,1200
1103 100 960,528,1224,1200
1104 100 960,528,1224,1200
1105 100 984,528,1224,1200
1106 100 984,528,1224,1200
1107 100 984,528,1224,1200
1108 100 984,528,1224,1200
1109 100 984,528,1224,1200
1110 100 984,528,1224,1200
1111 100 984,528,1224,1224
1112 100 984,528,1224,1200
1113 100 984,528,1224,1200
1114 100 984,528,1224,1200
1115 100 984,528,1224,1200
1116 100 984,528,1224,1200
1117 100 984,528,1224,1200
1118 100 984,528,1224,1200
1119 100 984,528,1224,1200
1120 100 984,528,1224,1200
1121 100 984,528,1224,1200
1122 100 984,528,1224,1200
1123 100 984,528,1224,1200
1124 100 984,528,1224,1200
1125 100 984,528,1224,1200
1126 100 984,528,1224,1200
1127 100 984,528,1224,1200
1128 100 984,528,1224,1200
1129 100 984,528,1224,1200
1130 100 984,528,1224,1200
1131 100 984,504,1224,1224
1132 100 1008,528,1224,1200
1133 100 1008,528,1224,1200
1134 100 1008,528,1224,1200
1135 100 1008,504,1224,1224
1136 100 1008,504,1224,1200
1137 100 1008,528,1224,1200
1138 100 1008,528,1224,1200
1139 100 1008,528,1224,1200
1140 100 1008,504,1224,1224
1141 100 1008,528,1224,1200
1142 100 1008,504,1224,1224
1143 100 1008,504,1224,1224
1144 100 1008,504,1224,1224
1145 100 1008,504,1224,1224
1146 100 1008,504,1224,1224
1147 100 1008,504,1224,1200
1148 100 1008,504,1224,1224
1149 100 1008,504,1224,1224
1150 100 1008,504,1224,1200
1151 100 1008,504,1224,1200
1152 100 1008,504,1224,1200
1153 100 1008,504,1224,1200
1154 100 1008,504,1224,1200
1155 100 1008,504,1224,1200
1156 100 1008,504,1224,1200
1157 100 1008,504,1224,1200
1158 100 1008,504,1224,1200
1159 100 1008,504,1224,1200
1160 100 1008,504,1224,1200
1161 100 1008,504,1224,1200
1162 100 1008,504,1224,1200
1163 100 1008,504,1224,1200
1164 100 1008,504,1224,1200
1165 100 1008,504,1224,1200
1166 100 1032,504,1224,1200
1167 100 1032,504,1224,1200
1168 100 1008,504,1224,1200
1169 100 1032,504,1224,1200
1170 100 1032,504,1224,1200
1171 100 1032,504,1224,1200
1172 100 1032,504,1224,1200
1173 100 1032,504,1224,1200
1174 100 1008,504,1224,1200
1175 100 1008,504,1224,1200
1176 100 1008,504,1224,1200
1177 100 1008,504,1224,1200
1178 100 1008,504,1224,1200
1179 100 1008,480,1224,1224
1180 100 1008,480,1224,1224
1181 100 1008,480,1224,1224
1182 100 1008,480,1224,1224
1183 100 1008,480,1224,1224
1184 100 1008,480,1224,1224
1185 100 1032,480,1224,1224
1186 100 1032,480,1224,1224
1187 100 1032,480,1224,1224
1188 100 1032,480,1224,1224
1189 100 1032,480,1224,1200
1190 100 1032,480,1224,1224
1191 100 1056,480,1224,1224
1192 100 1056,480,1224,1224
1193 100 1080,480,1224,1224
1194 100 1080,480,1224,1200
1195 100 1104,480,1224,1224
1196 100 1104,480,1224,1224
1197 100 1104,480,1224,1224
1198 100 1128,480,1224,1200
1199 100 1128,480,1224,1200
1200 100 1152,480,1224,1200
1201 100 1152,480,1224,1200
1202 100 1152,480,1224,1200
1203 100 1176,480,1224,1200
1204 100 1176,456,1224,1224
1205 100 1176,456,1224,1224
1206 100 1176,456,1224,1224
1207 100 1200,456,1224,1224
1208 100 1200,456,1224,1224
1209 100 1200,456,1224,1224
1210 100 1200,456,1224,1224
1211 100 1224,456,1224,1224
1212 100 1224,456,1224,1224
1213 100 1224,456,1224,1224
1214 100 1224,456,1224,1224
1215 100 1224,456,1224,1224
1216 100 1248,456,1224,1224
1217 100 1248,456,1224,1224
1218 100 1248,456,1224,1224
1219 100 1248,456,1224,1200
1220 100 1248,456,1224,1224
1221 100 1248,456,1224,1200
1222 100 1248,456,1224,1200
1223 100 1248,456,1224,1200
1224 100 1248,456,1224,1200
1225 100 1248,456,1224,1200
1226 100 1248,456,1224,1200
1227 100 1272,456,1224,1200
1228 100 1272,456,1224,1200
1229 100 1272,456,1224,1200
1230 100 1272,456,1224,1200
1231 100 1272,456,1224,1200
1232 100 1272,456,1224,1200
1233 100 1272,456,1224,1200
1234 100 1272,456,1224,1224
1235 100 1272,456,1224,1200
1236 100 1272,456,1224,1200
1237 100 1296,456,1224,1224
1238 100 1296,456,1224,1200
1239 100 1296,456,1224,1200
1240 100 1296,456,1224,1200
1241 100 1296,456,1224,1200
1242 100 1296,456,1224,1200
1243 100 1296,456,1224,1200
1244 100 1296,456,1224,1200
1245 100 1272,432,1224,1200
1246 100 1272,432,1224,1200
1247 100 1296,432,1224,1224
1248 100 1272,432,1224,1200
1249 100 1272,432,1224,1200
1250 100 1272,408,1224,1224
1251 100 1272,408,1224,1224
1252 100 1272,408,1224,1200
1253 100 1272,408,1224,1200
1254 100 1272,408,1224,1200
1255 100 1272,408,1224,1200
1256 100 1272,408,1224,1200
1257 100 1272,408,1224,1200
1258 100 1248,408,1224,1200
1259 100 1248,384,1224,1224
1260 100 1248,384,1224,1224
1261 100 1248,384,1224,1200
1262 100 1248,384,1224,1200
1263 100 1248,384,1224,1200
1264 100 1248,384,1224,1200
1265 100 1224,384,1224,1200
1266 100 1224,384,1224,1200
1267 100 1224,384,1224,1200
1268 100 1224,384,1224,1200
1269 100 1224,384,1224,1200
1270 100 1224,384,1224,1200
1271 100 1224,384,1224,1200
1272 100 1224,384,1224,1200
1273 100 1224,384,1224,1200
1274 100 1224,384,1224,1200
1275 100 1224,384,1224,1200
1276 100 1224,384,1224,1200
1277 100 1224,384,1224,1200
1278 100 1224,384,1224,1200
1279 100 1224,384,1224,1200
1280 100 1224,384,1224,1200
1281 100 1200,384,1224,1200
1282 100 1200,384,1224,1200
1283 100 1200,384,1224,1200
1284 100 1200,360,1224,1224
1285 100 1200,360,1224,1200
1286 100 1200,360,1224,1200
1287 100 1200,360,1224,1200
1288 100 1200,360,1224,1200
1289 100 1200,360,1224,1200
1290 100 1200,360,1224,1200
1291 100 1200,360,1224,1200
1292 100 1176,360,1224,1200
1293 100 1176,360,1224,1200
1294 100 1176,360,1224,1200
1295 100 1176,360,1224,1200
1296 100 1176,360,1224,1200
1297 100 1176,360,1224,1200
1298 100 1176,360,1224,1200
1299 100 1176,360,1224,1200
1300 100 1176,360,1224,1224
1301 100 1176,360,1224,1224
1302 100 1200,360,1224,1224
1303 100 1200,360,1224,1224
1304 100 1200,360,1224,1224
1305 100 1200,360,1224,1224
1306 100 1200,360,1224,1224
1307 100 1200,360,1224,1224
1308 100 1200,360,1224,1224
1309 100 1200,360,1224,1224
1310 100 1200,360,1224,1224
1311 100 1200,360,1224,1224
1312 100 1200,360,1224,1224
1313 100 1224,360,1224,1224
1314 100 1224,360,1224,1224
1315 100 1224,360,1224,1224
1316 100 1224,360,1224,1224
1317 100 1224,360,1224,1224
1318 100 1224,360,1224,1224
1319 100 1224,360,1224,1224
1320 100 1224,360,1224,1224
1321 100 1224,360,1224,1224
1322 100 1224,384,1224,1200
1323 100 1224,384,1224,1200
1324 100 1224,384,1224,1200
1325 100 1224,360,1224,1224
1326 100 1224,360,1224,1224
1327 100 1224,360,1224,1224
1328 100 1224,360,1224,1224
1329 100 1224,360,1224,1200
1330 100 1224,360,1224,1200
1331 100 1224,360,1224,1200
1332 100 1224,360,1224,1200
1333 100 1224,360,1224,1200
1334 100 1224,336,1224,1224
1335 100 1224,336,1224,1200
1336 100 1224,336,1224,1200
1337 100 1224,336,1224,1200
1338 100 1224,312,1224,1200
1339 100 1224,312,1224,1200
1340 100 1224,312,1224,1200
1341 100 1224,312,1224,1200
1342 100 1224,288,1224,1224
1343 100 1224,288,1224,1200
1344 100 1224,288,1224,1200
1345 100 1224,288,1224,1200
1346 100 1224,264,1224,1200
1347 100 1248,264,1224,1200
1348 100 1248,264,1224,1200
1349 100 1248,240,1224,1224
1350 100 1248,240,1224,1224
1351 100 1248,240,1224,1200
1352 100 1248,240,1224,1200
1353 100 1248,240,1224,1200
1354 100 1248,240,1224,1200
1355 100 1248,240,1224,1200
1356 100 1248,216,1224,1224
1357 100 1248,216,1224,1200
1358 100 1248,216,1224,1200
1359 100 1248,216,1224,1200
1360 100 1248,216,1224,1200
1361 100 1248,216,1224,1200
1362 100 1248,216,1224,1200
1363 100 1248,216,1224,1200
1364 100 1248,216,1224,1200
1365 100 1248,216,1224,1200
1366 100 1248,216,1224,1200
1367 100 1248,216,1224,1200
1368 100 1248,216,1224,1200
1369 100 1248,216,1224,1200
1370 100 1248,216,1224,1200
1371 100 1248,216,1224,1200
1372 100 1248,216,1224,1200
1373 100 1248,216,1224,1200
1374 100 1248,216,1224,1200
1375 100 1248,216,1224,1200
1376 100 1248,216,1224,1200
1377 100 1248,216,1224,1200
1378 100 1248,192,1224,1224
1379 100 1248,192,1224,1224
1380 100 1248,216,1224,1200
1381 100 1248,216,1224,1200
1382 100 1248,216,1224,1200
1383 100 1224,192,1224,1224
1384 100 1224,192,1224,1224
1385 100 1224,192,1224,1224
1386 100 1224,192,1224,1224
1387 100 1224,192,1224,1224
1388 100 1224,192,1224,1224
1389 100 1224,192,1224,1200
1390 100 1224,192,1224,1200
1391 100 1224,192,1224,1200
1392 100 1224,192,1224,1200
1393 100 1224,192,1224,1200
1394 100 1224,168,1224,1224
1395 100 1224,168,1224,1224
1396 100 1200,168,1224,1224
1397 100 1224,168,1224,1200
1398 100 1224,168,1224,1200
1399 100 1224,168,1224,1200
1400 100 1224,168,1224,1200
1401 100 1224,168,1224,1200
1402 100 1224,168,1224,1200
1403 100 1224,168,1224,1200
1404 100 1224,168,1224,1224
1405 100 1224,168,1224,1200
1406 100 1224,168,1224,1224
1407 100 1224,168,1224,1224
1408 100 1224,168,1224,1200
1409 100 1224,168,1224,1200
1410 100 1224,168,1224,1200
1411 100 1224,168,1224,1200
1412 100 1224,168,1224,1200
1413 100 1224,168,1224,1200
1414 100 1224,168,1224,1200
1415 100 1224,168,1224,1200
1416 100 1224,168,1224,1200
1417 100 1224,168,1224,1200
1418 100 1224,168,1224,1200
1419 100 1224,168,1224,1200
1420 100 1224,144,1224,1224
1421 100 1224,144,1224,1224
1422 100 1224,144,1224,1224
1423 100 1224,144,1224,1224
1424 100 1200,144,1224,1200
1425 100 1224,144,1224,1200
1426 100 1224,144,1224,1200
1427 100 1200,144,1224,1200
1428 100 1200,144,1224,1200
1429 100 1200,144,1224,1200
1430 100 1224,144,1224,1200
1431 100 1224,144,1224,1200
1432 100 1224,144,1224,1200
1433 100 1224,144,1224,1200
1434 100 1200,144,1224,1200
1435 100 1200,144,1224,1200
1436 100 1200,144,1224,1200
1437 100 1200,144,1224,1200
