0 100 72,696,1224,1200
1 100 72,696,1224,1200
2 100 72,696,1224,1200
3 100 72,696,1224,1200
4 100 72,696,1224,1200
5 100 72,696,1224,1200
6 100 72,696,1224,1200
7 100 72,696,1224,1200
8 100 72,696,1224,1200
9 100 72,696,1224,1200
10 100 72,696,1224,1200
11 100 72,696,1224,1200
12 100 72,696,1224,1200
13 100 72,696,1224,1200
14 100 72,696,1224,1200
15 100 72,696,1224,1200
16 100 72,696,1224,1200
17 100 72,696,1224,1200
18 100 48,696,1224,1200
19 100 48,696,1224,1200
20 100 72,696,1224,1200
21 100 72,672,1224,1224
22 100 72,672,1224,1224
23 100 72,672,1224,1224
24 100 72,672,1224,1224
25 100 72,672,1224,1200
26 100 72,672,1224,1200
27 100 72,672,1224,1200
28 100 96,648,1224,1200
29 100 96,648,1224,1200
30 100 96,648,1224,1200
31 100 96,648,1224,1200
32 100 120,624,1224,1200
33 100 168,600,1224,1224
34 100 168,600,1224,1224
35 100 240,576,1224,1224
36 100 312,576,1224,1224
37 100 312,576,1224,1224
38 100 336,576,1224,1200
39 100 336,576,1224,1200
40 100 360,576,1224,1200
41 100 360,576,1224,1200
42 100 360,576,1224,1200
43 100 360,576,1224,1200
44 100 360,576,1224,1200
45 100 360,576,1224,1200
46 100 360,576,1224,1200
47 100 360,576,1224,1200
48 100 384,576,1224,1200
49 100 384,576,1224,1200
50 100 408,576,1224,1200
51 100 408,576,1224,1200
52 100 456,576,1224,1200
53 100 456,576,1224,1200
54 100 504,552,1224,1224
55 100 528,552,1224,1224
56 100 528,552,1224,1224
57 100 552,552,1224,1200
58 100 552,552,1224,1200
59 100 576,552,1224,1200
60 100 576,552,1224,1200
61 100 600,552,1224,1200
62 100 600,552,1224,1200
63 100 600,552,1224,1200
64 100 600,552,1224,1200
65 100 600,552,1224,1200
66 100 624,528,1224,1224
67 100 648,528,1224,1224
68 100 648,528,1224,1224
69 100 648,528,1224,1200
70 100 648,528,1224,1200
71 100 672,528,1224,1200
72 100 672,528,1224,1200
73 100 696,528,1224,1200
74 100 696,528,1224,1200
75 100 696,528,1224,1200
76 100 720,528,1224,1200
77 100 720,528,1224,1200
78 100 720,528,1224,1200
79 100 720,528,1224,1200
80 100 720,528,1224,1200
81 100 744,528,1224,1200
82 100 744,528,1224,1200
83 100 744,528,1224,1200
84 100 744,528,1224,1200
85 100 744,528,1224,1200
86 100 744,528,1224,1200
87 100 744,528,1224,1200
88 100 744,528,1224,1200
89 100 744,528,1224,1200
90 100 744,528,1224,1200
91 100 744,504,1224,1224
92 100 744,504,1224,1224
93 100 744,504,1224,1224
94 100 744,504,1224,1224
95 100 720,504,1224,1224
96 100 696,504,1224,1224
97 100 696,504,1224,1224
98 100 696,504,1224,1224
99 100 696,504,1224,1224
100 100 672,504,1224,1224
101 100 672,504,1224,1224
102 100 672,504,1224,1224
103 100 648,504,1224,1224
104 100 648,528,1224,1200
105 100 648,528,1224,1200
106 100 648,528,1224,1200
107 100 648,528,1224,1200
108 100 648,528,1224,1200
109 100 648,528,1224,1200
110 100 648,528,1224,1200
111 100 648,528,1224,1200
112 100 648,528,1224,1200
113 100 648,528,1224,1200
114 100 648,528,1224,1200
115 100 648,528,1224,1200
116 100 648,528,1224,1200
117 100 648,528,1224,1200
118 100 624,528,1224,1200
119 100 624,528,1224,1200
120 100 648,528,1224,1200
121 100 648,528,1224,1200
122 100 648,528,1224,1200
123 100 648,528,1224,1200
124 100 648,528,1224,1200
125 100 648,528,1224,1200
126 100 648,528,1224,1200
127 100 648,528,1224,1200
128 100 648,528,1224,1200
129 100 648,528,1224,1200
130 100 648,528,1224,1200
131 100 648,528,1224,1200
132 100 648,528,1224,1200
133 100 648,528,1224,1200
134 100 648,528,1224,1200
135 100 648,528,1224,1200
136 100 648,528,1224,1200
137 100 648,528,1224,1200
138 100 648,528,1224,1200
139 100 648,528,1224,1200
140 100 648,528,1224,1200
141 100 648,528,1224,1200
142 100 648,528,1224,1200
143 100 648,528,1224,1200
144 100 648,528,1224,1200
145 100 648,528,1224,1200
146 100 648,528,1224,1200
147 100 648,504,1224,1224
148 100 648,504,1224,1224
149 100 648,504,1224,1200
150 100 648,504,1224,1200
151 100 648,504,1224,1200
152 100 648,504,1224,1200
153 100 648,504,1224,1200
154 100 648,504,1224,1200
155 100 672,504,1224,1200
156 100 672,504,1224,1200
157 100 672,504,1224,1200
158 100 672,504,1224,1200
159 100 672,504,1224,1200
160 100 672,504,1224,1200
161 100 672,504,1224,1200
162 100 672,504,1224,1200
163 100 672,504,1224,1200
164 100 696,504,1224,1200
165 100 696,504,1224,1200
166 100 696,504,1224,1200
167 100 720,480,1224,1224
168 100 720,480,1224,1224
169 100 744,480,1224,1224
170 100 744,480,1224,1224
171 100 768,480,1224,1224
172 100 768,480,1224,1224
173 100 768,480,1224,1224
174 100 792,480,1224,1224
175 100 816,504,1224,1200
176 100 816,504,1224,1200
177 100 840,504,1224,1200
178 100 840,504,1224,1200
179 100 888,504,1224,1200
180 100 888,504,1224,1200
181 100 888,504,1224,1224
182 100 888,504,1224,1224
183 100 888,504,1224,1224
184 100 888,504,1224,1224
185 100 888,504,1224,1224
186 100 912,504,1224,1224
187 100 912,504,1224,1224
188 100 912,504,1224,1224
189 100 912,504,1224,1224
190 100 912,504,1224,1224
191 100 912,528,1224,1200
192 100 912,528,1224,1200
193 100 936,504,1224,1224
194 100 936,504,1224,1224
195 100 936,504,1224,1224
196 100 960,504,1224,1200
197 100 984,480,1224,1224
198 100 984,480,1224,1224
199 100 1032,480,1224,1224
200 100 1032,480,1224,1224
201 100 1080,504,1224,1200
202 100 1080,504,1224,1200
203 100 1080,504,1224,1200
204 100 1080,504,1224,1200
205 100 1104,504,1224,1200
206 100 1080,504,1224,1200
207 100 1080,504,1224,1200
208 100 1080,504,1224,1200
209 100 1080,504,1224,1200
210 100 1080,504,1224,1200
211 100 1080,504,1224,1224
212 100 1080,504,1224,1224
213 100 1080,504,1224,1200
214 100 1080,504,1224,1200
215 100 1080,504,1224,1200
216 100 1080,504,1224,1200
217 100 1080,504,1224,1200
218 100 1080,504,1224,1200
219 100 1080,504,1224,1200
220 100 1080,504,1224,1200
221 100 1080,504,1224,1200
222 100 1080,504,1224,1200
223 100 1080,480,1224,1224
224 100 1080,480,1224,1224
225 100 1056,480,1224,1224
226 100 1056,480,1224,1224
227 100 1056,480,1224,1200
228 100 1056,480,1224,1200
229 100 1056,480,1224,1200
230 100 1056,456,1224,1224
231 100 1056,456,1224,1224
232 100 1056,456,1224,1224
233 100 1056,456,1224,1224
234 100 1056,456,1224,1224
235 100 1056,456,1224,1200
236 100 1056,456,1224,1200
237 100 1056,456,1224,1200
238 100 1056,456,1224,1200
239 100 1056,456,1224,1200
240 100 1056,456,1224,1224
241 100 1056,456,1224,1224
242 100 1056,456,1224,1200
243 100 1056,456,1224,1200
244 100 1056,456,1224,1200
245 100 1056,456,1224,1200
246 100 1056,456,1224,1200
247 100 1056,456,1224,1200
248 100 1056,456,1224,1224
249 100 1056,456,1224,1224
250 100 1056,456,1224,1224
251 100 1056,456,1224,1224
252 100 1056,456,1224,1224
253 100 1056,456,1224,1224
254 100 1056,456,1224,1200
255 100 1056,456,1224,1200
256 100 1056,456,1224,1224
257 100 1056,456,1224,1224
258 100 1056,456,1224,1224
259 100 1056,456,1224,1224
260 100 1056,456,1224,1224
261 100 1056,456,1224,1224
262 100 1056,456,1224,1224
263 100 1056,456,1224,1224
264 100 1056,456,1224,1224
265 100 1056,456,1224,1224
266 100 1032,456,1224,1224
267 100 1032,456,1224,1224
268 100 1032,456,1224,1224
269 100 1032,456,1224,1224
270 100 1032,456,1224,1224
271 100 1032,456,1224,1224
272 100 1032,456,1224,1224
273 100 1032,456,1224,1224
274 100 1032,456,1224,1224
275 100 1032,456,1224,1224
276 100 1032,456,1224,1224
277 100 1032,456,1224,1224
278 100 1032,456,1224,1224
279 100 1032,456,1224,1224
280 100 1032,456,1224,1224
281 100 1032,456,1224,1224
282 100 1032,456,1224,1224
283 100 1032,456,1224,1224
284 100 1032,456,1224,1224
285 100 1032,456,1224,1224
286 100 1032,456,1224,1224
287 100 1032,456,1224,1224
288 100 1032,456,1224,1224
289 100 1032,456,1224,1224
290 100 1032,456,1224,1224
291 100 1032,456,1224,1224
292 100 1032,456,1224,1224
293 100 1032,456,1224,1224
294 100 1032,456,1224,1224
295 100 1032,456,1224,1224
296 100 1032,456,1224,1224
297 100 1032,456,1224,1224
298 100 1032,456,1224,1224
299 100 1032,456,1224,1224
300 100 1032,480,1224,1200
301 100 1032,480,1224,1200
302 100 1032,480,1224,1200
303 100 1032,456,1224,1224
304 100 1032,456,1224,1224
305 100 1032,456,1224,1224
306 100 1032,456,1224,1224
307 100 1032,456,1224,1224
308 100 1032,456,1224,1224
309 100 1032,456,1224,1224
310 100 1032,456,1224,1224
311 100 1032,456,1224,1224
312 100 1032,456,1224,1224
313 100 1032,456,1224,1224
314 100 1032,456,1224,1224
315 100 1032,456,1224,1224
316 100 1032,456,1224,1224
317 100 1032,456,1224,1224
318 100 1032,456,1224,1224
319 100 1032,456,1224,1224
320 100 1032,456,1224,1224
321 100 1032,456,1224,1224
322 100 1032,456,1224,1224
323 100 1032,456,1224,1224
324 100 1032,456,1224,1224
325 100 1032,456,1224,1224
326 100 1032,456,1224,1224
327 100 1032,456,1224,1224
328 100 1032,456,1224,1224
329 100 1032,456,1224,1224
330 100 1032,456,1224,1224
331 100 1032,456,1224,1224
332 100 1032,456,1224,1224
333 100 1032,456,1224,1224
334 100 1032,456,1224,1224
335 100 1032,456,1224,1224
336 100 1032,456,1224,1224
337 100 1032,456,1224,1224
338 100 1032,456,1224,1224
339 100 1032,456,1224,1224
340 100 1032,456,1224,1224
341 100 1032,456,1224,1224
342 100 1032,456,1224,1224
343 100 1032,456,1224,1224
344 100 1032,456,1224,1224
345 100 1032,456,1224,1224
346 100 1032,456,1224,1224
347 100 1032,456,1224,1224
348 100 1032,456,1224,1224
349 100 1032,456,1224,1224
350 100 1032,456,1224,1224
351 100 1032,456,1224,1224
352 100 1032,456,1224,1224
353 100 1032,456,1224,1224
354 100 1032,456,1224,1200
355 100 1032,456,1224,1200
356 100 1032,456,1224,1200
357 100 1056,456,1224,1200
358 100 1056,456,1224,1200
359 100 1080,432,1224,1224
360 100 1080,432,1224,1224
361 100 1080,432,1224,1224
362 100 1104,432,1224,1224
363 100 1104,432,1224,1224
364 100 1128,432,1224,1224
365 100 1128,432,1224,1224
366 100 1152,432,1224,1224
367 100 1176,432,1224,1224
368 100 1176,432,1224,1224
369 100 1200,432,1224,1224
370 100 1200,432,1224,1224
371 100 1224,432,1224,1224
372 100 1248,432,1224,1224
373 100 1248,432,1224,1224
374 100 1272,456,1224,1200
375 100 1272,456,1224,1200
376 100 1272,456,1224,1200
377 100 1296,432,1224,1224
378 100 1296,432,1224,1224
379 100 1296,432,1224,1200
380 100 1296,432,1224,1200
381 100 1296,432,1224,1200
382 100 1296,432,1224,1200
383 100 1296,432,1224,1200
384 100 1320,432,1224,1200
385 100 1320,432,1224,1200
386 100 1320,432,1224,1200
387 100 1320,432,1224,1200
388 100 1320,432,1224,1200
389 100 1320,432,1224,1200
390 100 1320,432,1224,1200
391 100 1296,432,1224,1200
392 100 1296,432,1224,1200
393 100 1296,408,1224,1224
394 100 1296,432,1224,1200
395 100 1296,432,1224,1200
396 100 1296,432,1224,1200
397 100 1296,432,1224,1200
398 100 1296,408,1224,1224
399 100 1272,408,1224,1224
400 100 1272,408,1224,1224
401 100 1272,408,1224,1224
402 100 1272,408,1224,1224
403 100 1272,432,1224,1200
404 100 1272,432,1224,1200
405 100 1272,432,1224,1200
406 100 1272,432,1224,1200
407 100 1272,432,1224,1200
408 100 1248,432,1224,1200
409 100 1248,432,1224,1200
410 100 1248,432,1224,1200
411 100 1248,432,1224,1200
412 100 1248,432,1224,1200
413 100 1248,432,1224,1200
414 100 1248,432,1224,1200
415 100 1248,408,1224,1224
416 100 1248,408,1224,1224
417 100 1248,408,1224,1224
418 100 1248,408,1224,1224
419 100 1248,408,1224,1224
420 100 1272,408,1224,1224
421 100 1272,432,1224,1200
422 100 1272,432,1224,1200
423 100 1272,432,1224,1200
424 100 1272,432,1224,1200
425 100 1272,432,1224,1200
426 100 1272,432,1224,1200
427 100 1272,408,1224,1224
428 100 1272,408,1224,1224
429 100 1272,408,1224,1224
430 100 1296,408,1224,1224
431 100 1296,408,1224,1224
432 100 1296,432,1224,1200
433 100 1296,432,1224,1200
434 100 1296,432,1224,1200
435 100 1296,408,1224,1224
436 100 1296,408,1224,1224
437 100 1296,408,1224,1224
438 100 1296,408,1224,1224
439 100 1296,408,1224,1224
440 100 1296,408,1224,1224
441 100 1296,408,1224,1224
442 100 1296,408,1224,1224
443 100 1296,408,1224,1224
444 100 1296,408,1224,1224
445 100 1296,408,1224,1224
446 100 1296,408,1224,1224
447 100 1296,432,1224,1200
448 100 1296,432,1224,1200
449 100 1296,432,1224,1200
450 100 1296,432,1224,1200
451 100 1296,432,1224,1200
452 100 1296,432,1224,1200
453 100 1296,432,1224,1200
454 100 1296,432,1224,1200
455 100 1296,432,1224,1200
456 100 1296,432,1224,1200
457 100 1296,432,1224,1200
458 100 1296,432,1224,1200
459 100 1296,432,1224,1200
460 100 1296,432,1224,1200
461 100 1296,432,1224,1200
462 100 1296,432,1224,1200
463 100 1296,432,1224,1200
464 100 1296,432,1224,1200
465 100 1296,432,1224,1200
466 100 1296,432,1224,1200
467 100 1296,432,1224,1200
468 100 1296,432,1224,1200
469 100 1296,432,1224,1200
470 100 1296,432,1224,1200
471 100 1296,432,1224,1200
472 100 1296,432,1224,1200
473 100 1296,432,1224,1200
474 100 1296,432,1224,1200
475 100 1296,432,1224,1200
476 100 1296,432,1224,1200
477 100 1296,432,1224,1200
478 100 1272,432,1224,1200
479 100 1272,432,1224,1200
480 100 1272,432,1224,1200
481 100 1272,432,1224,1200
482 100 1272,432,1224,1200
483 100 1272,432,1224,1200
484 100 1272,432,1224,1200
485 100 1272,432,1224,1200
486 100 1272,432,1224,1200
487 100 1272,432,1224,1200
488 100 1272,432,1224,1200
489 100 1272,432,1224,1200
490 100 1272,432,1224,1200
491 100 1272,432,1224,1200
492 100 1272,432,1224,1200
493 100 1272,432,1224,1200
494 100 1272,432,1224,1200
495 100 1272,432,1224,1200
496 100 1272,432,1224,1200
497 100 1272,432,1224,1200
498 100 1272,432,1224,1200
499 100 1272,432,1224,1200
500 100 1272,432,1224,1200
501 100 1272,432,1224,1200
502 100 1272,432,1224,1200
503 100 1272,432,1224,1200
504 100 1272,432,1224,1200
505 100 1272,432,1224,1200
506 100 1272,432,1224,1200
507 100 1272,432,1224,1200
508 100 1272,432,1224,1200
509 100 1272,432,1224,1200
510 100 1272,432,1224,1200
511 100 1272,432,1224,1200
512 100 1272,432,1224,1200
513 100 1272,432,1224,1224
514 100 1272,432,1224,1224
515 100 1272,432,1224,1200
516 100 1272,432,1224,1200
517 100 1272,432,1224,1200
518 100 1272,432,1224,1200
519 100 1272,432,1224,1200
520 100 1272,432,1224,1200
521 100 1272,432,1224,1200
522 100 1272,432,1224,1224
523 100 1272,432,1224,1224
524 100 1272,432,1224,1224
525 100 1272,432,1224,1224
526 100 1272,432,1224,1224
527 100 1272,432,1224,1224
528 100 1272,432,1224,1224
529 100 1272,432,1224,1224
530 100 1296,432,1224,1224
531 100 1296,432,1224,1224
532 100 1296,432,1224,1200
533 100 1296,432,1224,1200
534 100 1296,432,1224,1224
535 100 1296,432,1224,1224
536 100 1296,432,1224,1224
537 100 1296,432,1224,1224
538 100 1296,432,1224,1224
539 100 1296,432,1224,1224
540 100 1296,432,1224,1224
541 100 1296,432,1224,1224
542 100 1296,432,1224,1224
543 100 1296,432,1224,1224
544 100 1296,432,1224,1224
545 100 1296,432,1224,1224
546 100 1296,432,1224,1224
547 100 1272,432,1224,1224
548 100 1272,432,1224,1224
549 100 1272,432,1224,1224
550 100 1272,432,1224,1224
551 100 1272,432,1224,1224
552 100 1272,432,1224,1224
553 100 1272,432,1224,1224
554 100 1272,432,1224,1224
555 100 1272,432,1224,1224
556 100 1272,432,1224,1224
557 100 1272,432,1224,1224
558 100 1272,432,1224,1224
559 100 1272,432,1224,1224
560 100 1272,432,1224,1224
561 100 1272,432,1224,1200
562 100 1272,432,1224,1200
563 100 1272,432,1224,1200
564 100 1272,432,1224,1200
565 100 1272,432,1224,1200
566 100 1272,432,1224,1224
567 100 1272,432,1224,1224
568 100 1272,432,1224,1200
569 100 1272,432,1224,1200
570 100 1272,432,1224,1200
571 100 1272,432,1224,1200
572 100 1272,432,1224,1200
573 100 1272,432,1224,1200
574 100 1272,432,1224,1200
575 100 1272,432,1224,1200
576 100 1272,432,1224,1200
577 100 1272,432,1224,1200
578 100 1272,432,1224,1200
579 100 1272,432,1224,1200
580 100 1272,432,1224,1200
581 100 1272,432,1224,1200
582 100 1272,432,1224,1200
583 100 1272,432,1224,1200
584 100 1272,432,1224,1200
585 100 1272,432,1224,1200
586 100 1272,432,1224,1200
587 100 1272,432,1224,1200
588 100 1272,432,1224,1200
589 100 1272,432,1224,1200
590 100 1272,432,1224,1200
591 100 1272,432,1224,1200
592 100 1272,432,1224,1200
593 100 1272,432,1224,1200
594 100 1272,432,1224,1200
595 100 1272,432,1224,1200
596 100 1272,432,1224,1200
597 100 1272,432,1224,1200
598 100 1272,432,1224,1200
599 100 1272,432,1224,1200
600 100 1272,432,1224,1200
601 100 1272,432,1224,1200
602 100 1272,432,1224,1200
603 100 1272,432,1224,1200
604 100 1272,432,1224,1200
605 100 1272,432,1224,1200
606 100 1272,432,1224,1200
607 100 1272,432,1224,1200
608 100 1272,432,1224,1200
609 100 1272,432,1224,1200
610 100 1272,432,1224,1200
611 100 1272,432,1224,1200
612 100 1272,432,1224,1200
613 100 1272,432,1224,1200
614 100 1272,432,1224,1200
615 100 1272,432,1224,1200
616 100 1272,432,1224,1200
617 100 1272,432,1224,1200
618 100 1272,432,1224,1200
619 100 1272,432,1224,1200
620 100 1272,432,1224,1200
621 100 1272,432,1224,1200
622 100 1272,432,1224,1200
623 100 1272,432,1224,1200
624 100 1272,432,1224,1200
625 100 1272,432,1224,1200
626 100 1272,432,1224,1200
627 100 1272,432,1224,1200
628 100 1272,432,1224,1200
629 100 1272,432,1224,1200
630 100 1272,432,1224,1200
631 100 1272,432,1224,1200
632 100 1272,432,1224,1200
633 100 1272,432,1224,1200
634 100 1272,432,1224,1200
635 100 1272,432,1224,1200
636 100 1272,432,1224,1200
637 100 1272,432,1224,1200
638 100 1272,432,1224,1200
639 100 1272,432,1224,1200
640 100 1248,432,1224,1200
641 100 1248,432,1224,1200
642 100 1248,432,1224,1200
643 100 1248,432,1224,1200
644 100 1248,432,1224,1200
645 100 1248,432,1224,1200
646 100 1248,432,1224,1200
647 100 1248,432,1224,1200
648 100 1248,432,1224,1200
649 100 1248,432,1224,1200
650 100 1248,432,1224,1200
651 100 1248,432,1224,1200
652 100 1248,432,1224,1200
653 100 1248,432,1224,1200
654 100 1248,432,1224,1200
655 100 1248,432,1224,1200
656 100 1248,432,1224,1200
657 100 1248,432,1224,1200
658 100 1248,408,1224,1224
659 100 1248,432,1224,1200
660 100 1248,432,1224,1200
661 100 1248,408,1224,1224
662 100 1248,408,1224,1224
663 100 1248,432,1224,1200
664 100 1248,432,1224,1200
665 100 1248,432,1224,1200
666 100 1248,408,1224,1224
667 100 1248,408,1224,1224
668 100 1248,408,1224,1224
669 100 1248,408,1224,1224
670 100 1248,408,1224,1224
671 100 1248,408,1224,1224
672 100 1248,408,1224,1224
673 100 1224,432,1224,1200
674 100 1224,432,1224,1200
675 100 1224,432,1224,1200
676 100 1224,432,1224,1200
677 100 1224,432,1224,1200
678 100 1200,432,1224,1200
679 100 1200,432,1224,1200
680 100 1176,432,1224,1200
681 100 1176,432,1224,1200
682 100 1128,432,1224,1224
683 100 1080,456,1224,1200
684 100 1080,456,1224,1200
685 100 1056,456,1224,1200
686 100 1056,456,1224,1200
687 100 1008,456,1224,1200
688 100 1008,456,1224,1200
689 100 960,456,1224,1200
690 100 912,456,1224,1200
691 100 912,456,1224,1200
692 100 888,456,1224,1200
693 100 888,456,1224,1200
694 100 864,456,1224,1200
695 100 840,456,1224,1200
696 100 840,456,1224,1200
697 100 816,456,1224,1200
698 100 816,456,1224,1200
699 100 816,456,1224,1200
700 100 816,456,1224,1200
701 100 816,456,1224,1200
702 100 816,456,1224,1200
703 100 816,456,1224,1200
704 100 816,456,1224,1200
705 100 816,456,1224,1200
706 100 816,456,1224,1200
707 100 816,456,1224,1200
708 100 816,456,1224,1200
709 100 816,456,1224,1200
710 100 816,456,1224,1200
711 100 816,456,1224,1200
712 100 816,456,1224,1200
713 100 816,456,1224,1200
714 100 816,456,1224,1200
715 100 816,456,1224,1200
716 100 816,456,1224,1224
717 100 816,456,1224,1224
718 100 792,456,1224,1224
719 100 792,456,1224,1224
720 100 792,480,1224,1200
721 100 792,480,1224,1200
722 100 768,480,1224,1224
723 100 744,504,1224,1200
724 100 744,504,1224,1200
725 100 744,504,1224,1200
726 100 744,504,1224,1200
727 100 744,504,1224,1200
728 100 744,504,1224,1200
729 100 744,504,1224,1200
730 100 744,504,1224,1200
731 100 744,504,1224,1200
732 100 744,504,1224,1200
733 100 744,504,1224,1200
734 100 744,504,1224,1200
735 100 744,504,1224,1200
736 100 744,504,1224,1224
737 100 744,504,1224,1224
738 100 744,504,1224,1224
739 100 744,504,1224,1224
740 100 744,504,1224,1224
741 100 744,504,1224,1224
742 100 744,504,1224,1224
743 100 744,504,1224,1224
744 100 744,504,1224,1224
745 100 744,504,1224,1224
746 100 744,504,1224,1224
747 100 744,504,1224,1200
748 100 744,504,1224,1200
749 100 744,504,1224,1200
750 100 744,504,1224,1200
751 100 744,504,1224,1200
752 100 744,504,1224,1200
753 100 744,504,1224,1200
754 100 744,504,1224,1200
755 100 744,504,1224,1200
756 100 744,504,1224,1200
757 100 744,504,1224,1200
758 100 744,504,1224,1200
759 100 744,504,1224,1200
760 100 744,504,1224,1200
761 100 744,504,1224,1200
762 100 744,504,1224,1200
763 100 744,504,1224,1200
764 100 744,504,1224,1224
765 100 744,504,1224,1224
766 100 744,504,1224,1224
767 100 744,504,1224,1224
768 100 744,504,1224,1224
769 100 720,504,1224,1224
770 100 720,504,1224,1224
771 100 720,504,1224,1224
772 100 720,504,1224,1224
773 100 720,504,1224,1224
774 100 720,504,1224,1224
775 100 720,504,1224,1224
776 100 720,504,1224,1224
777 100 720,504,1224,1224
778 100 720,504,1224,1224
779 100 720,504,1224,1224
780 100 720,504,1224,1224
781 100 720,504,1224,1224
782 100 720,504,1224,1224
783 100 720,504,1224,1224
784 100 720,504,1224,1224
785 100 720,504,1224,1224
786 100 720,504,1224,1200
787 100 720,504,1224,1200
788 100 720,504,1224,1224
789 100 720,504,1224,1200
790 100 720,504,1224,1200
791 100 720,504,1224,1224
792 100 720,504,1224,1224
793 100 720,504,1224,1224
794 100 720,504,1224,1224
795 100 720,504,1224,1224
796 100 720,504,1224,1224
797 100 720,504,1224,1224
798 100 720,504,1224,1224
799 100 720,504,1224,1224
800 100 720,504,1224,1224
801 100 720,504,1224,1224
802 100 720,504,1224,1224
803 100 720,504,1224,1224
804 100 720,504,1224,1224
805 100 720,504,1224,1224
806 100 720,504,1224,1224
807 100 720,504,1224,1224
808 100 720,504,1224,1224
809 100 720,504,1224,1224
810 100 720,504,1224,1224
811 100 720,504,1224,1224
812 100 720,504,1224,1224
813 100 720,504,1224,1224
814 100 720,504,1224,1224
815 100 720,504,1224,1224
816 100 720,504,1224,1224
817 100 720,504,1224,1224
818 100 720,504,1224,1224
819 100 720,504,1224,1224
820 100 720,504,1224,1224
821 100 720,504,1224,1224
822 100 720,504,1224,1224
823 100 720,504,1224,1224
824 100 720,504,1224,1224
825 100 720,504,1224,1224
826 100 720,504,1224,1224
827 100 720,504,1224,1224
828 100 720,504,1224,1224
829 100 720,504,1224,1224
830 100 696,504,1224,1200
831 100 696,504,1224,1200
832 100 696,504,1224,1200
833 100 696,504,1224,1200
834 100 696,504,1224,1200
835 100 696,504,1224,1200
836 100 696,504,1224,1200
837 100 696,504,1224,1224
838 100 696,504,1224,1224
839 100 696,504,1224,1200
840 100 696,504,1224,1200
841 100 696,504,1224,1224
842 100 696,504,1224,1224
843 100 696,504,1224,1200
844 100 696,504,1224,1200
845 100 696,504,1224,1200
846 100 696,504,1224,1200
847 100 696,504,1224,1224
848 100 696,504,1224,1224
849 100 696,504,1224,1224
850 100 696,504,1224,1224
851 100 696,504,1224,1224
852 100 696,504,1224,1224
853 100 696,504,1224,1224
854 100 696,504,1224,1224
855 100 696,504,1224,1224
856 100 696,504,1224,1224
857 100 696,504,1224,1200
858 100 696,504,1224,1200
859 100 696,504,1224,1200
860 100 696,504,1224,1200
861 100 696,504,1224,1224
862 100 696,504,1224,1224
863 100 696,504,1224,1224
864 100 696,504,1224,1224
865 100 696,504,1224,1224
866 100 696,504,1224,1224
867 100 696,504,1224,1224
868 100 696,504,1224,1224
869 100 696,504,1224,1224
870 100 696,504,1224,1224
871 100 696,504,1224,1224
872 100 696,504,1224,1224
873 100 696,504,1224,1224
874 100 696,504,1224,1224
875 100 696,504,1224,1224
876 100 696,504,1224,1224
877 100 696,504,1224,1224
878 100 696,504,1224,1224
879 100 696,504,1224,1224
880 100 696,504,1224,1224
881 100 696,504,1224,1224
882 100 696,504,1224,1224
883 100 696,504,1224,1224
884 100 696,504,1224,1224
885 100 720,504,1224,1200
886 100 768,504,1224,1200
887 100 792,504,1224,1200
888 100 792,504,1224,1200
889 100 792,504,1224,1200
890 100 792,504,1224,1200
891 100 816,504,1224,1200
892 100 816,504,1224,1200
893 100 816,504,1224,1200
894 100 816,504,1224,1200
895 100 816,504,1224,1224
896 100 816,504,1224,1200
897 100 816,504,1224,1200
898 100 816,504,1224,1200
899 100 816,504,1224,1200
900 100 816,504,1224,1200
901 100 816,504,1224,1200
902 100 816,504,1224,1200
903 100 792,504,1224,1200
904 100 792,504,1224,1200
905 100 792,504,1224,1200
906 100 792,504,1224,1200
907 100 768,504,1224,1224
908 100 768,528,1224,1200
909 100 744,528,1224,1200
910 100 744,528,1224,1200
911 100 720,528,1224,1224
912 100 720,528,1224,1224
913 100 696,528,1224,1224
914 100 696,528,1224,1224
915 100 672,552,1224,1200
916 100 672,552,1224,1200
917 100 672,552,1224,1200
918 100 648,552,1224,1224
919 100 648,552,1224,1224
920 100 648,552,1224,1224
921 100 648,552,1224,1224
922 100 648,552,1224,1224
923 100 648,552,1224,1224
924 100 648,552,1224,1224
925 100 648,552,1224,1200
926 100 648,552,1224,1200
927 100 648,552,1224,1200
928 100 648,552,1224,1200
929 100 624,552,1224,1200
930 100 624,552,1224,1200
931 100 624,552,1224,1200
932 100 624,552,1224,1224
933 100 624,552,1224,1224
934 100 648,552,1224,1200
935 100 648,552,1224,1200
936 100 648,552,1224,1200
937 100 648,528,1224,1224
938 100 648,528,1224,1224
939 100 648,528,1224,1224
940 100 648,528,1224,1224
941 100 648,528,1224,1224
942 100 648,528,1224,1224
943 100 648,528,1224,1224
944 100 648,528,1224,1224
945 100 648,528,1224,1224
946 100 672,528,1224,1224
947 100 672,528,1224,1224
948 100 672,528,1224,1224
949 100 672,528,1224,1200
950 100 672,528,1224,1200
951 100 672,528,1224,1224
952 100 672,528,1224,1224
953 100 672,528,1224,1200
954 100 672,528,1224,1200
955 100 672,528,1224,1224
956 100 672,528,1224,1224
957 100 672,528,1224,1200
958 100 672,528,1224,1224
959 100 672,528,1224,1224
960 100 672,528,1224,1224
961 100 672,528,1224,1224
962 100 672,528,1224,1224
963 100 672,552,1224,1200
964 100 672,552,1224,1200
965 100 672,552,1224,1200
966 100 672,552,1224,1200
967 100 672,552,1224,1200
968 100 672,552,1224,1200
969 100 672,552,1224,1200
970 100 672,552,1224,1200
971 100 672,552,1224,1200
972 100 672,552,1224,1200
973 100 672,552,1224,1200
974 100 672,552,1224,1200
975 100 672,552,1224,1200
976 100 672,552,1224,1200
977 100 672,552,1224,1200
978 100 672,552,1224,1200
979 100 672,552,1224,1200
980 100 672,552,1224,1200
981 100 672,552,1224,1200
982 100 672,552,1224,1200
983 100 672,552,1224,1200
984 100 672,552,1224,1200
985 100 672,552,1224,1200
986 100 672,552,1224,1200
987 100 696,552,1224,1200
988 100 696,552,1224,1200
989 100 696,552,1224,1200
990 100 696,552,1224,1200
991 100 696,552,1224,1200
992 100 672,528,1224,1224
993 100 672,528,1224,1224
994 100 672,552,1224,1200
995 100 672,552,1224,1200
996 100 672,552,1224,1200
997 100 648,552,1224,1200
998 100 648,552,1224,1200
999 100 672,552,1224,1200
1000 100 672,552,1224,1200
1001 100 672,552,1224,1200
1002 100 672,552,1224,1200
1003 100 672,552,1224,1200
1004 100 648,552,1224,1200
1005 100 648,552,1224,1200
1006 100 648,552,1224,1200
1007 100 672,552,1224,1200
1008 100 672,552,1224,1200
1009 100 672,552,1224,1200
1010 100 672,552,1224,1200
1011 100 672,528,1224,1224
1012 100 672,528,1224,1224
1013 100 648,528,1224,1224
1014 100 648,528,1224,1224
1015 100 648,528,1224,1224
1016 100 648,528,1224,1224
1017 100 648,528,1224,1224
1018 100 648,528,1224,1224
1019 100 648,528,1224,1224
1020 100 648,528,1224,1224
1021 100 648,528,1224,1224
1022 100 648,528,1224,1224
1023 100 648,528,1224,1224
1024 100 648,552,1224,1200
1025 100 648,552,1224,1200
1026 100 648,552,1224,1200
1027 100 648,552,1224,1200
1028 100 648,552,1224,1200
1029 100 648,552,1224,1200
1030 100 648,552,1224,1200
1031 100 648,552,1224,1200
1032 100 648,552,1224,1200
1033 100 648,552,1224,1200
1034 100 648,552,1224,1200
1035 100 648,552,1224,1200
1036 100 648,552,1224,1200
1037 100 648,552,1224,1200
1038 100 648,552,1224,1200
1039 100 648,552,1224,1200
1040 100 648,552,1224,1200
1041 100 648,552,1224,1200
1042 100 648,552,1224,1200
1043 100 648,552,1224,1200
1044 100 648,552,1224,1200
1045 100 648,552,1224,1200
1046 100 648,552,1224,1200
1047 100 648,552,1224,1200
1048 100 648,552,1224,1200
1049 100 648,552,1224,1200
1050 100 648,552,1224,1200
1051 100 648,552,1224,1200
1052 100 648,552,1224,1200
1053 100 648,552,1224,1200
1054 100 648,552,1224,1200
1055 100 648,552,1224,1200
1056 100 648,552,1224,1200
1057 100 648,552,1224,1200
1058 100 648,552,1224,1200
1059 100 648,552,1224,1200
1060 100 648,552,1224,1200
1061 100 648,552,1224,1200
1062 100 648,552,1224,1200
1063 100 648,552,1224,1200
1064 100 648,552,1224,1200
1065 100 648,552,1224,1200
1066 100 648,552,1224,1200
1067 100 648,552,1224,1224
1068 100 648,552,1224,1200
1069 100 648,552,1224,1200
1070 100 648,552,1224,1200
1071 100 648,552,1224,1200
1072 100 648,552,1224,1200
1073 100 648,552,1224,1200
1074 100 648,552,1224,1200
1075 100 648,552,1224,1200
1076 100 648,552,1224,1200
1077 100 648,552,1224,1200
1078 100 648,552,1224,1200
1079 100 648,552,1224,1200
1080 100 648,528,1224,1224
1081 100 648,528,1224,1224
1082 100 648,528,1224,1200
1083 100 648,528,1224,1200
1084 100 648,528,1224,1224
1085 100 648,528,1224,1224
1086 100 648,528,1224,1224
1087 100 648,552,1224,1200
1088 100 648,552,1224,1200
1089 100 648,552,1224,1200
1090 100 648,552,1224,1200
1091 100 648,552,1224,1200
1092 100 648,528,1224,1224
1093 100 648,528,1224,1224
1094 100 648,528,1224,1224
1095 100 648,528,1224,1200
1096 100 648,528,1224,1200
1097 100 648,528,1224,1200
1098 100 648,528,1224,1200
1099 100 648,528,1224,1224
1100 100 648,528,1224,1224
1101 100 648,528,1224,1224
1102 100 624,528,1224,1224
1103 100 624,528,1224,1224
1104 100 624,528,1224,1224
1105 100 648,552,1224,1200
1106 100 648,552,1224,1200
1107 100 648,528,1224,1224
1108 100 648,528,1224,1224
1109 100 648,552,1224,1200
1110 100 648,552,1224,1200
1111 100 648,528,1224,1224
1112 100 648,528,1224,1224
1113 100 648,528,1224,1224
1114 100 648,528,1224,1224
1115 100 648,528,1224,1224
1116 100 648,528,1224,1224
1117 100 648,552,1224,1200
1118 100 648,552,1224,1200
1119 100 648,552,1224,1200
1120 100 648,552,1224,1200
1121 100 648,552,1224,1200
1122 100 648,552,1224,1200
1123 100 648,552,1224,1200
1124 100 648,528,1224,1224
1125 100 648,528,1224,1224
1126 100 648,528,1224,1224
1127 100 648,528,1224,1224
1128 100 648,528,1224,1224
1129 100 648,528,1224,1224
1130 100 648,528,1224,1224
1131 100 648,528,1224,1224
1132 100 648,528,1224,1224
1133 100 648,528,1224,1224
1134 100 648,528,1224,1224
1135 100 648,528,1224,1224
1136 100 648,528,1224,1200
1137 100 648,528,1224,1200
1138 100 648,528,1224,1200
1139 100 648,528,1224,1200
1140 100 648,528,1224,1200
1141 100 648,528,1224,1200
1142 100 648,528,1224,1200
1143 100 648,528,1224,1200
1144 100 648,528,1224,1200
1145 100 648,528,1224,1200
1146 100 648,528,1224,1200
1147 100 648,528,1224,1200
1148 100 648,528,1224,1200
1149 100 648,528,1224,1200
1150 100 648,528,1224,1200
1151 100 648,528,1224,1200
1152 100 648,528,1224,1200
1153 100 648,528,1224,1200
1154 100 648,528,1224,1200
1155 100 648,528,1224,1200
1156 100 648,528,1224,1200
1157 100 648,528,1224,1200
1158 100 648,528,1224,1200
1159 100 648,528,1224,1200
1160 100 648,528,1224,1200
1161 100 648,528,1224,1200
1162 100 648,528,1224,1200
1163 100 648,528,1224,1200
1164 100 648,528,1224,1200
1165 100 648,528,1224,1200
1166 100 648,528,1224,1200
1167 100 648,528,1224,1200
1168 100 624,528,1224,1200
1169 100 624,528,1224,1200
1170 100 648,528,1224,1200
1171 100 648,528,1224,1200
1172 100 648,528,1224,1200
1173 100 648,528,1224,1200
1174 100 624,528,1224,1200
1175 100 624,528,1224,1200
1176 100 624,528,1224,1200
1177 100 624,528,1224,1200
1178 100 624,528,1224,1200
1179 100 624,528,1224,1200
1180 100 624,528,1224,1200
1181 100 624,528,1224,1200
1182 100 624,528,1224,1200
1183 100 624,528,1224,1200
1184 100 624,528,1224,1200
1185 100 624,528,1224,1200
1186 100 624,528,1224,1200
1187 100 624,528,1224,1200
1188 100 624,528,1224,1200
1189 100 624,528,1224,1200
1190 100 624,528,1224,1200
1191 100 624,528,1224,1224
1192 100 624,528,1224,1200
1193 100 624,528,1224,1200
1194 100 624,528,1224,1224
1195 100 648,528,1224,1224
1196 100 648,528,1224,1224
1197 100 624,528,1224,1224
1198 100 624,528,1224,1224
1199 100 624,528,1224,1224
1200 100 624,528,1224,1224
1201 100 648,528,1224,1200
1202 100 648,528,1224,1224
1203 100 648,528,1224,1224
1204 100 648,528,1224,1224
1205 100 648,528,1224,1224
1206 100 648,528,1224,1200
1207 100 648,528,1224,1200
1208 100 648,528,1224,1224
1209 100 648,528,1224,1224
1210 100 648,528,1224,1224
1211 100 648,528,1224,1200
1212 100 648,528,1224,1200
1213 100 648,528,1224,1200
1214 100 672,528,1224,1200
1215 100 672,528,1224,1200
1216 100 672,528,1224,1200
1217 100 672,528,1224,1200
1218 100 672,528,1224,1200
1219 100 672,528,1224,1200
1220 100 672,528,1224,1200
1221 100 672,528,1224,1200
1222 100 672,528,1224,1200
1223 100 672,528,1224,1200
1224 100 672,528,1224,1200
1225 100 696,528,1224,1200
1226 100 696,528,1224,1200
1227 100 696,528,1224,1200
1228 100 696,528,1224,1200
1229 100 696,528,1224,1200
1230 100 696,528,1224,1200
1231 100 696,528,1224,1200
1232 100 696,528,1224,1200
1233 100 696,528,1224,1200
1234 100 696,528,1224,1200
1235 100 696,528,1224,1200
1236 100 696,528,1224,1200
1237 100 720,504,1224,1224
1238 100 720,504,1224,1200
1239 100 720,504,1224,1200
1240 100 744,504,1224,1200
1241 100 744,504,1224,1200
1242 100 768,480,1224,1224
1243 100 816,480,1224,1200
1244 100 816,480,1224,1200
1245 100 840,480,1224,1200
1246 100 840,480,1224,1200
1247 100 864,456,1224,1224
1248 100 888,456,1224,1224
1249 100 888,456,1224,1224
1250 100 912,456,1224,1224
1251 100 912,456,1224,1224
1252 100 936,456,1224,1224
1253 100 936,480,1224,1200
1254 100 960,456,1224,1224
1255 100 984,456,1224,1224
1256 100 984,456,1224,1224
1257 100 984,456,1224,1200
1258 100 984,456,1224,1200
1259 100 984,432,1224,1224
1260 100 1008,432,1224,1200
1261 100 1008,432,1224,1200
1262 100 1008,432,1224,1200
1263 100 1008,432,1224,1200
1264 100 1032,408,1224,1224
1265 100 1056,408,1224,1200
1266 100 1056,408,1224,1200
1267 100 1080,408,1224,1200
1268 100 1080,408,1224,1200
1269 100 1104,408,1224,1200
1270 100 1128,408,1224,1200
1271 100 1128,408,1224,1200
1272 100 1152,408,1224,1200
1273 100 1152,408,1224,1200
1274 100 1176,408,1224,1200
1275 100 1200,408,1224,1200
1276 100 1200,408,1224,1200
1277 100 1200,408,1224,1200
1278 100 1200,408,1224,1200
1279 100 1200,408,1224,1200
1280 100 1224,408,1224,1200
1281 100 1224,408,1224,1200
1282 100 1224,408,1224,1200
1283 100 1224,408,1224,1200
1284 100 1224,408,1224,1200
1285 100 1224,408,1224,1200
1286 100 1224,408,1224,1200
1287 100 1224,408,1224,1200
1288 100 1224,408,1224,1200
1289 100 1224,408,1224,1200
1290 100 1224,408,1224,1200
1291 100 1200,408,1224,1224
1292 100 1200,408,1224,1224
1293 100 1200,408,1224,1224
1294 100 1200,432,1224,1200
1295 100 1200,432,1224,1200
1296 100 1176,432,1224,1200
1297 100 1152,432,1224,1200
1298 100 1152,432,1224,1200
1299 100 1152,432,1224,1200
1300 100 1152,432,1224,1200
1301 100 1128,408,1224,1224
1302 100 1128,408,1224,1224
1303 100 1128,408,1224,1224
1304 100 1104,408,1224,1224
1305 100 1104,408,1224,1224
1306 100 1104,408,1224,1224
1307 100 1104,408,1224,1224
1308 100 1080,408,1224,1200
1309 100 1080,408,1224,1200
1310 100 1080,408,1224,1200
1311 100 1056,408,1224,1224
1312 100 1056,408,1224,1224
1313 100 1056,408,1224,1224
1314 100 1056,408,1224,1224
1315 100 1056,408,1224,1224
1316 100 1056,408,1224,1224
1317 100 1056,408,1224,1224
1318 100 1056,408,1224,1200
1319 100 1056,408,1224,1200
1320 100 1056,408,1224,1200
1321 100 1080,408,1224,1200
1322 100 1080,408,1224,1200
1323 100 1080,408,1224,1200
1324 100 1080,408,1224,1200
1325 100 1080,408,1224,1200
1326 100 1056,408,1224,1200
1327 100 1056,408,1224,1200
1328 100 1080,408,1224,1200
1329 100 1080,384,1224,1224
1330 100 1080,384,1224,1224
1331 100 1080,384,1224,1224
1332 100 1080,384,1224,1224
1333 100 1080,384,1224,1200
1334 100 1080,384,1224,1200
1335 100 1080,384,1224,1200
1336 100 1080,384,1224,1200
1337 100 1104,360,1224,1200
1338 100 1104,360,1224,1200
1339 100 1104,360,1224,1200
1340 100 1104,336,1224,1224
1341 100 1104,336,1224,1200
1342 100 1104,336,1224,1200
1343 100 1104,312,1224,1200
1344 100 1104,312,1224,1200
1345 100 1104,312,1224,1200
1346 100 1104,312,1224,1200
1347 100 1104,312,1224,1200
1348 100 1104,312,1224,1200
1349 100 1104,288,1224,1200
1350 100 1104,288,1224,1200
1351 100 1128,264,1224,1224
1352 100 1128,264,1224,1224
1353 100 1104,264,1224,1200
1354 100 1104,264,1224,1200
1355 100 1128,240,1224,1200
1356 100 1128,240,1224,1200
1357 100 1128,240,1224,1200
1358 100 1128,240,1224,1200
1359 100 1128,216,1224,1224
1360 100 1128,216,1224,1200
1361 100 1152,216,1224,1200
1362 100 1152,216,1224,1200
1363 100 1152,216,1224,1200
1364 100 1152,216,1224,1200
1365 100 1152,216,1224,1200
1366 100 1152,216,1224,1200
1367 100 1152,192,1224,1224
1368 100 1152,192,1224,1224
1369 100 1152,192,1224,1224
1370 100 1152,192,1224,1224
1371 100 1152,192,1224,1224
1372 100 1176,192,1224,1224
1373 100 1176,192,1224,1224
1374 100 1176,192,1224,1224
1375 100 1176,192,1224,1224
1376 100 1176,192,1224,1224
1377 100 1152,192,1224,1200
1378 100 1152,192,1224,1200
1379 100 1152,192,1224,1200
1380 100 1152,192,1224,1200
1381 100 1152,192,1224,1200
1382 100 1152,192,1224,1200
1383 100 1152,192,1224,1200
1384 100 1152,192,1224,1200
1385 100 1152,192,1224,1200
1386 100 1152,192,1224,1200
1387 100 1152,192,1224,1200
1388 100 1152,192,1224,1200
1389 100 1152,192,1224,1200
1390 100 1152,192,1224,1200
1391 100 1152,192,1224,1200
1392 100 1152,192,1224,1200
1393 100 1152,192,1224,1200
1394 100 1152,192,1224,1200
1395 100 1152,192,1224,1200
1396 100 1152,192,1224,1200
1397 100 1176,192,1224,1200
1398 100 1176,192,1224,1200
1399 100 1176,192,1224,1200
1400 100 1176,192,1224,1200
1401 100 1176,192,1224,1200
1402 100 1176,192,1224,1200
1403 100 1176,192,1224,1200
1404 100 1176,192,1224,1200
1405 100 1176,192,1224,1200
1406 100 1176,192,1224,1200
1407 100 1200,192,1224,1200
1408 100 1200,192,1224,1200
1409 100 1200,168,1224,1224
1410 100 1200,168,1224,1224
1411 100 1200,192,1224,1200
1412 100 1200,192,1224,1200
1413 100 1200,192,1224,1200
1414 100 1200,192,1224,1200
1415 100 1200,192,1224,1200
1416 100 1200,192,1224,1200
1417 100 1200,192,1224,1200
1418 100 1200,192,1224,1200
1419 100 1200,192,1224,1200
1420 100 1200,192,1224,1200
1421 100 1176,192,1224,1200
1422 100 1176,192,1224,1200
1423 100 1176,192,1224,1200
1424 100 1176,192,1224,1200
1425 100 1176,192,1224,1200
1426 100 1176,192,1224,1200
1427 100 1176,192,1224,1200
1428 100 1176,192,1224,1200
1429 100 1176,192,1224,1200
1430 100 1176,192,1224,1200
1431 100 1176,192,1224,1224
1432 100 1176,192,1224,1224
1433 100 1176,192,1224,1224
1434 100 1176,192,1224,1224
1435 100 1176,192,1224,1200
1436 100 1152,168,1224,1200
1437 100 1152,168,1224,1200
1438 100 1152,192,1224,1200
1439 100 1176,216,1224,1200
1440 100 1176,216,1224,1200
1441 100 1176,192,1224,1224
1442 100 1176,192,1224,1224
1443 100 1176,192,1224,1200
1444 100 1176,192,1224,1200
1445 100 1176,192,1224,1224
1446 100 1176,192,1224,1224
1447 100 1176,192,1224,1224
1448 100 1176,216,1224,1200
1449 100 1176,216,1224,1200
1450 100 1176,216,1224,1200
1451 100 1176,216,1224,1200
1452 100 1176,216,1224,1200
1453 100 1176,216,1224,1200
1454 100 1176,216,1224,1200
1455 100 1176,216,1224,1200
1456 100 1176,216,1224,1200
1457 100 1176,216,1224,1200
1458 100 1176,216,1224,1200
1459 100 1176,216,1224,1200
1460 100 1176,216,1224,1200
1461 100 1176,216,1224,1200
1462 100 1176,216,1224,1200
1463 100 1176,216,1224,1200
1464 100 1176,216,1224,1200
1465 100 1176,216,1224,1224
1466 100 1176,216,1224,1224
1467 100 1176,216,1224,1224
1468 100 1176,216,1224,1224
1469 100 1176,216,1224,1224
1470 100 1176,216,1224,1224
1471 100 1176,216,1224,1224
1472 100 1176,240,1224,1200
1473 100 1176,240,1224,1200
1474 100 1176,240,1224,1200
1475 100 1176,240,1224,1200
1476 100 1176,240,1224,1200
1477 100 1176,240,1224,1200
1478 100 1176,240,1224,1200
1479 100 1176,240,1224,1200
1480 100 1176,240,1224,1200
1481 100 1176,240,1224,1200
1482 100 1176,240,1224,1200
1483 100 1176,240,1224,1200
1484 100 1176,240,1224,1200
1485 100 1176,240,1224,1200
1486 100 1176,240,1224,1200
1487 100 1176,240,1224,1200
1488 100 1176,240,1224,1200
1489 100 1176,240,1224,1200
1490 100 1176,240,1224,1200
1491 100 1176,240,1224,1200
1492 100 1176,240,1224,1200
1493 100 1176,240,1224,1200
1494 100 1176,240,1224,1200
1495 100 1176,240,1224,1200
1496 100 1200,240,1224,1200
1497 100 1200,240,1224,1200
1498 100 1200,240,1224,1200
1499 100 1200,240,1224,1200
1500 100 1200,240,1224,1200
1501 100 1200,240,1224,1200
1502 100 1200,240,1224,1200
1503 100 1200,240,1224,1200
1504 100 1200,240,1224,1200
1505 100 1200,240,1224,1200
1506 100 1200,240,1224,1200
1507 100 1200,240,1224,1200
1508 100 1200,240,1224,1200
1509 100 1200,240,1224,1200
1510 100 1200,240,1224,1200
1511 100 1200,240,1224,1224
1512 100 1200,240,1224,1224
1513 100 1200,240,1224,1200
1514 100 1200,240,1224,1200
1515 100 1200,240,1224,1200
1516 100 1200,240,1224,1224
1517 100 1200,240,1224,1224
1518 100 1200,240,1224,1224
1519 100 1200,240,1224,1224
1520 100 1200,240,1224,1224
1521 100 1200,240,1224,1224
1522 100 1200,240,1224,1224
1523 100 1200,240,1224,1224
1524 100 1200,240,1224,1224
1525 100 1200,240,1224,1224
1526 100 1200,240,1224,1224
1527 100 1200,240,1224,1224
1528 100 1200,264,1224,1200
1529 100 1200,264,1224,1200
1530 100 1200,264,1224,1200
1531 100 1200,264,1224,1200
1532 100 1200,264,1224,1200
1533 100 1176,240,1224,1224
1534 100 1176,240,1224,1224
1535 100 1176,264,1224,1200
1536 100 1176,264,1224,1200
1537 100 1176,264,1224,1200
1538 100 1176,264,1224,1200
1539 100 1176,264,1224,1200
1540 100 1152,264,1224,1200
1541 100 1128,264,1224,1200
1542 100 1128,264,1224,1200
1543 100 1128,264,1224,1200
1544 100 1128,264,1224,1200
1545 100 1104,264,1224,1200
1546 100 1104,264,1224,1200
1547 100 1080,264,1224,1200
1548 100 1080,264,1224,1200
1549 100 1056,264,1224,1200
1550 100 1056,264,1224,1200
1551 100 1056,264,1224,1200
1552 100 1056,264,1224,1200
1553 100 1056,264,1224,1200
1554 100 1056,264,1224,1200
1555 100 1032,264,1224,1200
1556 100 1032,264,1224,1200
1557 100 1032,264,1224,1200
1558 100 1032,264,1224,1200
1559 100 1008,264,1224,1200
1560 100 1008,264,1224,1224
1561 100 984,264,1224,1224
1562 100 984,264,1224,1224
1563 100 984,264,1224,1224
1564 100 984,264,1224,1224
1565 100 984,264,1224,1224
1566 100 984,264,1224,1224
1567 100 960,264,1224,1224
1568 100 960,264,1224,1224
1569 100 960,288,1224,1200
1570 100 960,264,1224,1224
1571 100 960,264,1224,1224
1572 100 960,264,1224,1224
1573 100 960,264,1224,1224
1574 100 960,264,1224,1224
1575 100 960,264,1224,1224
1576 100 960,264,1224,1224
1577 100 960,264,1224,1224
1578 100 960,264,1224,1224
1579 100 960,264,1224,1224
1580 100 960,264,1224,1200
1581 100 960,264,1224,1200
1582 100 960,264,1224,1200
1583 100 960,264,1224,1200
1584 100 960,264,1224,1200
1585 100 960,264,1224,1200
1586 100 960,264,1224,1200
1587 100 960,240,1224,1224
1588 100 960,240,1224,1224
1589 100 984,240,1224,1200
1590 100 984,240,1224,1200
1591 100 984,240,1224,1200
1592 100 984,216,1224,1224
1593 100 984,216,1224,1224
1594 100 960,216,1224,1200
1595 100 960,216,1224,1200
1596 100 960,216,1224,1200
1597 100 960,192,1224,1224
1598 100 960,192,1224,1224
1599 100 960,192,1224,1224
1600 100 960,192,1224,1224
1601 100 936,192,1224,1200
1602 100 936,192,1224,1200
1603 100 936,192,1224,1200
1604 100 912,168,1224,1224
1605 100 912,168,1224,1224
1606 100 912,168,1224,1200
1607 100 912,168,1224,1200
1608 100 912,168,1224,1200
1609 100 888,168,1224,1200
1610 100 888,168,1224,1200
1611 100 888,168,1224,1200
1612 100 888,168,1224,1200
1613 100 888,168,1224,1200
1614 100 864,168,1224,1200
1615 100 864,168,1224,1200
1616 100 864,144,1224,1224
1617 100 864,168,1224,1200
1618 100 864,168,1224,1200
1619 100 864,168,1224,1200
1620 100 864,168,1224,1200
1621 100 864,168,1224,1200
1622 100 864,168,1224,1200
1623 100 864,168,1224,1200
1624 100 864,168,1224,1200
1625 100 864,168,1224,1200
1626 100 864,168,1224,1200
1627 100 864,168,1224,1200
1628 100 864,168,1224,1200
1629 100 864,144,1224,1224
1630 100 864,144,1224,1224
1631 100 864,168,1224,1200
1632 100 864,168,1224,1200
1633 100 864,168,1224,1200
1634 100 864,168,1224,1200
1635 100 864,168,1224,1200
1636 100 864,168,1224,1200
1637 100 864,168,1224,1200
1638 100 864,168,1224,1200
1639 100 888,168,1224,1200
1640 100 888,168,1224,1200
1641 100 888,168,1224,1224
1642 100 888,168,1224,1224
1643 100 888,168,1224,1224
1644 100 888,168,1224,1224
1645 100 888,192,1224,1200
1646 100 888,192,1224,1200
1647 100 888,192,1224,1200
1648 100 888,192,1224,1200
1649 100 888,192,1224,1200
1650 100 912,192,1224,1224
1651 100 912,192,1224,1224
1652 100 912,192,1224,1224
1653 100 912,192,1224,1224
1654 100 912,192,1224,1224
1655 100 888,192,1224,1224
1656 100 888,192,1224,1224
1657 100 888,192,1224,1224
1658 100 888,192,1224,1224
1659 100 888,192,1224,1224
1660 100 888,192,1224,1224
1661 100 888,192,1224,1224
1662 100 888,192,1224,1224
1663 100 888,192,1224,1224
1664 100 888,192,1224,1224
1665 100 888,192,1224,1200
1666 100 888,192,1224,1200
1667 100 888,192,1224,1200
1668 100 888,192,1224,1224
1669 100 888,192,1224,1224
1670 100 888,192,1224,1224
1671 100 888,192,1224,1224
1672 100 888,192,1224,1224
1673 100 912,192,1224,1224
1674 100 912,192,1224,1224
1675 100 912,216,1224,1200
1676 100 912,216,1224,1200
1677 100 912,216,1224,1200
1678 100 912,216,1224,1200
1679 100 912,216,1224,1200
1680 100 936,216,1224,1200
1681 100 936,216,1224,1200
1682 100 936,216,1224,1224
1683 100 936,216,1224,1224
1684 100 936,216,1224,1224
1685 100 984,240,1224,1200
1686 100 984,240,1224,1200
1687 100 1056,264,1224,1200
1688 100 1128,288,1224,1224
1689 100 1128,288,1224,1224
1690 100 1200,336,1224,1200
1691 100 1200,336,1224,1200
1692 100 1272,360,1224,1200
1693 100 1272,360,1224,1200
1694 100 1296,384,1224,1224
1695 100 1320,408,1224,1200
1696 100 1320,408,1224,1200
1697 100 1344,432,1224,1200
1698 100 1344,432,1224,1200
1699 100 1344,432,1224,1200
1700 100 1320,432,1224,1200
1701 100 1320,432,1224,1200
1702 100 1320,408,1224,1224
1703 100 1320,408,1224,1224
1704 100 1320,408,1224,1224
1705 100 1320,408,1224,1224
1706 100 1320,408,1224,1224
1707 100 1320,432,1224,1200
1708 100 1320,432,1224,1200
1709 100 1320,432,1224,1200
1710 100 1320,432,1224,1200
1711 100 1296,408,1224,1224
1712 100 1296,408,1224,1224
1713 100 1296,408,1224,1224
1714 100 1296,408,1224,1224
1715 100 1296,408,1224,1224
1716 100 1296,408,1224,1224
1717 100 1272,408,1224,1224
1718 100 1272,408,1224,1224
1719 100 1272,408,1224,1224
1720 100 1272,408,1224,1224
1721 100 1248,432,1224,1200
1722 100 1248,432,1224,1200
1723 100 1224,432,1224,1200
1724 100 1224,408,1224,1224
1725 100 1224,408,1224,1224
1726 100 1248,432,1224,1200
1727 100 1248,432,1224,1200
1728 100 1248,432,1224,1200
1729 100 1248,432,1224,1200
1730 100 1248,432,1224,1200
1731 100 1248,408,1224,1224
1732 100 1248,408,1224,1224
1733 100 1248,408,1224,1200
1734 100 1248,408,1224,1200
1735 100 1248,408,1224,1200
1736 100 1248,408,1224,1200
1737 100 1248,408,1224,1200
1738 100 1248,408,1224,1200
1739 100 1248,408,1224,1200
1740 100 1248,408,1224,1200
1741 100 1248,408,1224,1200
1742 100 1248,408,1224,1200
1743 100 1248,408,1224,1200
1744 100 1248,408,1224,1200
1745 100 1248,408,1224,1200
1746 100 1248,408,1224,1200
1747 100 1248,408,1224,1200
1748 100 1248,408,1224,1200
1749 100 1248,408,1224,1200
1750 100 1224,408,1224,1200
1751 100 1248,408,1224,1200
1752 100 1248,408,1224,1200
1753 100 1224,408,1224,1200
1754 100 1224,408,1224,1200
1755 100 1248,408,1224,1200
1756 100 1224,408,1224,1200
1757 100 1224,408,1224,1200
1758 100 1200,384,1224,1224
1759 100 1200,384,1224,1224
1760 100 1224,384,1224,1224
1761 100 1224,384,1224,1224
1762 100 1224,384,1224,1224
1763 100 1224,384,1224,1224
1764 100 1224,384,1224,1224
1765 100 1224,384,1224,1224
1766 100 1200,384,1224,1224
1767 100 1200,384,1224,1224
1768 100 1224,384,1224,1224
1769 100 1224,384,1224,1224
1770 100 1224,384,1224,1224
1771 100 1224,384,1224,1224
1772 100 1224,384,1224,1224
1773 100 1224,384,1224,1224
1774 100 1224,384,1224,1224
1775 100 1224,384,1224,1224
1776 100 1224,384,1224,1224
1777 100 1224,408,1224,1200
1778 100 1224,408,1224,1200
1779 100 1224,408,1224,1200
1780 100 1224,408,1224,1200
1781 100 1224,408,1224,1200
1782 100 1224,408,1224,1200
1783 100 1224,408,1224,1200
1784 100 1224,408,1224,1200
1785 100 1224,408,1224,1200
1786 100 1224,408,1224,1200
1787 100 1224,408,1224,1200
1788 100 1224,408,1224,1200
1789 100 1224,408,1224,1200
1790 100 1224,408,1224,1200
1791 100 1224,408,1224,1200
1792 100 1224,408,1224,1200
1793 100 1224,408,1224,1200
1794 100 1224,408,1224,1200
1795 100 1224,408,1224,1200
1796 100 1224,408,1224,1200
1797 100 1224,408,1224,1200
1798 100 1224,408,1224,1200
1799 100 1224,408,1224,1200
1800 100 1224,408,1224,1200
1801 100 1224,408,1224,1200
1802 100 1224,408,1224,1200
1803 100 1224,408,1224,1200
1804 100 1224,408,1224,1200
1805 100 1224,408,1224,1200
1806 100 1224,408,1224,1200
1807 100 1224,408,1224,1200
1808 100 1224,408,1224,1200
1809 100 1224,408,1224,1200
1810 100 1224,408,1224,1200
1811 100 1224,408,1224,1200
1812 100 1176,408,1224,1200
1813 100 1176,408,1224,1200
1814 100 1104,408,1224,1200
1815 100 1032,408,1224,1200
1816 100 1032,408,1224,1200
1817 100 960,408,1224,1200
1818 100 960,408,1224,1200
1819 100 936,408,1224,1224
1820 100 936,408,1224,1224
1821 100 912,408,1224,1224
1822 100 912,408,1224,1224
1823 100 912,408,1224,1224
1824 100 888,432,1224,1200
1825 100 888,432,1224,1200
1826 100 888,408,1224,1224
1827 100 888,408,1224,1224
1828 100 888,408,1224,1224
1829 100 888,408,1224,1224
1830 100 888,408,1224,1224
1831 100 912,408,1224,1224
1832 100 912,408,1224,1224
1833 100 912,432,1224,1200
1834 100 912,408,1224,1224
1835 100 912,408,1224,1224
1836 100 912,408,1224,1224
1837 100 912,408,1224,1224
1838 100 936,432,1224,1200
1839 100 960,432,1224,1200
1840 100 960,432,1224,1200
1841 100 984,432,1224,1200
1842 100 984,432,1224,1200
1843 100 1032,408,1224,1224
1844 100 1104,432,1224,1200
1845 100 1104,432,1224,1200
1846 100 1128,432,1224,1200
1847 100 1128,432,1224,1200
1848 100 1128,432,1224,1200
1849 100 1128,432,1224,1200
1850 100 1104,432,1224,1200
1851 100 1104,432,1224,1200
1852 100 1104,432,1224,1200
1853 100 1128,432,1224,1200
1854 100 1128,432,1224,1200
1855 100 1128,432,1224,1200
1856 100 1128,432,1224,1200
1857 100 1128,432,1224,1200
1858 100 1128,432,1224,1200
1859 100 1128,432,1224,1200
1860 100 1128,432,1224,1200
1861 100 1128,432,1224,1200
1862 100 1128,432,1224,1200
1863 100 1128,432,1224,1200
1864 100 1128,432,1224,1200
1865 100 1128,432,1224,1200
1866 100 1128,432,1224,1200
1867 100 1104,432,1224,1200
1868 100 1128,432,1224,1200
1869 100 1128,432,1224,1200
1870 100 1128,432,1224,1200
1871 100 1128,432,1224,1200
1872 100 1128,432,1224,1200
1873 100 1128,432,1224,1200
1874 100 1128,432,1224,1200
1875 100 1128,432,1224,1200
1876 100 1128,432,1224,1200
1877 100 1128,432,1224,1200
1878 100 1128,432,1224,1200
1879 100 1128,432,1224,1200
1880 100 1128,432,1224,1200
1881 100 1128,432,1224,1200
1882 100 1128,432,1224,1200
1883 100 1128,432,1224,1200
1884 100 1128,432,1224,1200
1885 100 1128,432,1224,1200
1886 100 1128,432,1224,1200
1887 100 1128,432,1224,1200
1888 100 1128,432,1224,1200
1889 100 1128,432,1224,1200
1890 100 1128,432,1224,1200
1891 100 1128,432,1224,1200
1892 100 1128,432,1224,1200
1893 100 1128,432,1224,1200
1894 100 1128,432,1224,1200
1895 100 1128,432,1224,1200
1896 100 1128,432,1224,1200
1897 100 1128,432,1224,1200
1898 100 1128,432,1224,1200
1899 100 1128,432,1224,1200
1900 100 1128,432,1224,1200
1901 100 1128,432,1224,1200
1902 100 1128,432,1224,1200
1903 100 1128,432,1224,1200
1904 100 1128,432,1224,1200
1905 100 1128,432,1224,1200
1906 100 1128,432,1224,1200
1907 100 1128,432,1224,1200
1908 100 1128,432,1224,1200
1909 100 1128,432,1224,1200
1910 100 1128,432,1224,1200
1911 100 1128,432,1224,1200
1912 100 1128,432,1224,1200
1913 100 1128,432,1224,1200
1914 100 1128,432,1224,1200
1915 100 1128,432,1224,1224
1916 100 1128,432,1224,1224
1917 100 1128,432,1224,1224
1918 100 1128,432,1224,1224
1919 100 1128,432,1224,1224
1920 100 1128,432,1224,1224
1921 100 1128,432,1224,1224
1922 100 1128,432,1224,1224
1923 100 1128,432,1224,1224
1924 100 1128,432,1224,1224
1925 100 1128,432,1224,1224
1926 100 1128,432,1224,1224
1927 100 1128,432,1224,1224
1928 100 1128,432,1224,1224
1929 100 1128,432,1224,1224
1930 100 1128,432,1224,1224
1931 100 1128,432,1224,1224
1932 100 1128,432,1224,1224
1933 100 1128,432,1224,1224
1934 100 1128,432,1224,1224
1935 100 1128,432,1224,1224
1936 100 1128,432,1224,1224
1937 100 1128,432,1224,1224
1938 100 1128,432,1224,1200
1939 100 1128,432,1224,1200
1940 100 1152,432,1224,1200
1941 100 1152,432,1224,1200
1942 100 1152,432,1224,1224
1943 100 1152,432,1224,1224
1944 100 1152,432,1224,1200
1945 100 1152,432,1224,1200
1946 100 1152,432,1224,1200
1947 100 1152,432,1224,1224
1948 100 1152,432,1224,1224
1949 100 1152,432,1224,1200
1950 100 1152,432,1224,1224
1951 100 1152,432,1224,1224
1952 100 1152,432,1224,1224
1953 100 1152,432,1224,1224
1954 100 1152,432,1224,1224
1955 100 1152,432,1224,1224
1956 100 1152,432,1224,1224
1957 100 1152,432,1224,1200
1958 100 1152,432,1224,1200
1959 100 1152,432,1224,1200
1960 100 1152,432,1224,1200
1961 100 1152,432,1224,1200
1962 100 1128,432,1224,1200
1963 100 1128,432,1224,1200
1964 100 1152,432,1224,1200
1965 100 1152,432,1224,1200
1966 100 1152,432,1224,1224
1967 100 1152,432,1224,1224
1968 100 1152,432,1224,1200
1969 100 1152,432,1224,1200
1970 100 1152,432,1224,1200
1971 100 1152,432,1224,1224
1972 100 1152,432,1224,1224
1973 100 1152,432,1224,1224
1974 100 1152,432,1224,1224
1975 100 1152,432,1224,1224
1976 100 1152,432,1224,1224
1977 100 1152,432,1224,1224
1978 100 1152,432,1224,1224
1979 100 1152,432,1224,1224
1980 100 1176,432,1224,1224
1981 100 1224,432,1224,1224
1982 100 1224,432,1224,1224
1983 100 1272,432,1224,1224
1984 100 1272,432,1224,1224
1985 100 1344,456,1224,1200
1986 100 1368,480,1224,1200
1987 100 1368,480,1224,1200
1988 100 1392,480,1224,1200
1989 100 1392,480,1224,1200
1990 100 1392,480,1224,1200
1991 100 1392,480,1224,1200
1992 100 1368,480,1224,1200
1993 100 1368,480,1224,1200
1994 100 1368,480,1224,1200
1995 100 1368,480,1224,1200
1996 100 1368,480,1224,1200
1997 100 1368,480,1224,1200
1998 100 1392,480,1224,1200
1999 100 1392,480,1224,1200
2000 100 1392,480,1224,1200
2001 100 1392,480,1224,1200
2002 100 1392,480,1224,1200
2003 100 1392,480,1224,1200
2004 100 1392,480,1224,1200
2005 100 1392,480,1224,1200
2006 100 1392,480,1224,1200
2007 100 1392,480,1224,1200
2008 100 1392,480,1224,1200
2009 100 1392,480,1224,1200
2010 100 1392,480,1224,1200
2011 100 1392,480,1224,1200
2012 100 1392,480,1224,1200
2013 100 1392,480,1224,1200
2014 100 1392,480,1224,1200
2015 100 1392,480,1224,1200
2016 100 1392,480,1224,1200
2017 100 1392,480,1224,1200
2018 100 1392,480,1224,1200
2019 100 1392,480,1224,1200
2020 100 1392,480,1224,1200
2021 100 1392,480,1224,1200
2022 100 1392,480,1224,1200
2023 100 1392,480,1224,1200
2024 100 1368,480,1224,1200
2025 100 1368,480,1224,1200
2026 100 1368,480,1224,1200
2027 100 1344,456,1224,1224
2028 100 1344,456,1224,1224
2029 100 1344,456,1224,1224
2030 100 1344,456,1224,1224
2031 100 1344,456,1224,1224
2032 100 1344,456,1224,1224
2033 100 1344,456,1224,1224
2034 100 1344,480,1224,1200
2035 100 1344,480,1224,1200
2036 100 1344,480,1224,1200
2037 100 1344,480,1224,1200
2038 100 1344,480,1224,1200
2039 100 1344,480,1224,1200
2040 100 1344,480,1224,1200
2041 100 1320,480,1224,1200
2042 100 1320,480,1224,1200
2043 100 1320,480,1224,1200
2044 100 1320,480,1224,1200
2045 100 1344,480,1224,1200
2046 100 1344,480,1224,1200
2047 100 1320,480,1224,1200
2048 100 1320,480,1224,1200
2049 100 1320,480,1224,1200
2050 100 1320,480,1224,1200
2051 100 1320,480,1224,1200
2052 100 1320,480,1224,1200
2053 100 1320,480,1224,1200
2054 100 1320,480,1224,1200
2055 100 1320,480,1224,1200
2056 100 1320,480,1224,1200
2057 100 1320,480,1224,1200
2058 100 1320,480,1224,1200
2059 100 1320,480,1224,1200
2060 100 1320,480,1224,1200
2061 100 1320,480,1224,1200
2062 100 1320,480,1224,1200
2063 100 1320,480,1224,1200
2064 100 1320,480,1224,1200
2065 100 1320,480,1224,1200
2066 100 1320,480,1224,1200
2067 100 1320,480,1224,1200
2068 100 1320,480,1224,1200
2069 100 1320,480,1224,1200
2070 100 1320,480,1224,1200
2071 100 1320,480,1224,1200
2072 100 1320,480,1224,1200
2073 100 1344,480,1224,1200
2074 100 1320,480,1224,1200
2075 100 1320,480,1224,1200
2076 100 1320,480,1224,1200
2077 100 1320,480,1224,1200
2078 100 1320,480,1224,1200
2079 100 1320,480,1224,1200
2080 100 1320,480,1224,1200
2081 100 1320,480,1224,1200
2082 100 1320,480,1224,1200
2083 100 1272,480,1224,1224
2084 100 1272,480,1224,1224
2085 100 1248,480,1224,1224
2086 100 1224,480,1224,1224
2087 100 1224,480,1224,1224
2088 100 1224,480,1224,1200
2089 100 1224,480,1224,1200
2090 100 1224,480,1224,1200
2091 100 1224,480,1224,1200
2092 100 1224,480,1224,1200
2093 100 1200,480,1224,1200
2094 100 1200,480,1224,1200
2095 100 1200,480,1224,1200
2096 100 1176,480,1224,1200
2097 100 1152,480,1224,1200
2098 100 1152,480,1224,1200
2099 100 1128,480,1224,1200
