0 100 960,504,1224,1200
1 100 960,504,1224,1200
2 100 960,504,1224,1200
3 100 960,504,1224,1200
4 100 960,504,1224,1200
5 100 960,504,1224,1200
6 100 960,504,1224,1200
7 100 960,504,1224,1200
8 100 960,504,1224,1200
9 100 960,504,1224,1200
10 100 960,504,1224,1200
11 100 960,504,1224,1224
12 100 960,504,1224,1224
13 100 960,504,1224,1224
14 100 960,504,1224,1224
15 100 960,504,1224,1224
16 100 960,504,1224,1224
17 100 960,504,1224,1224
18 100 960,504,1224,1224
19 100 960,504,1224,1224
20 100 960,504,1224,1224
21 100 960,504,1224,1224
22 100 960,504,1224,1224
23 100 960,504,1224,1224
24 100 936,480,1224,1200
25 100 936,480,1224,1200
26 100 936,480,1224,1200
27 100 936,480,1224,1200
28 100 912,384,1224,1224
29 100 912,384,1224,1224
30 100 912,384,1224,1224
31 100 912,384,1224,1224
32 100 888,312,1224,1200
33 100 888,312,1224,1200
34 100 888,312,1224,1200
35 100 888,312,1224,1200
36 100 864,240,1224,1224
37 100 864,240,1224,1224
38 100 864,240,1224,1224
39 100 864,240,1224,1224
40 100 864,240,1224,1224
41 100 840,192,1224,1200
42 100 840,192,1224,1200
43 100 840,192,1224,1200
44 100 840,168,1224,1200
45 100 840,168,1224,1200
46 100 840,168,1224,1200
47 100 840,168,1224,1200
48 100 840,168,1224,1200
49 100 840,144,1224,1224
50 100 840,144,1224,1224
51 100 840,144,1224,1224
52 100 840,144,1224,1224
53 100 888,168,1224,1200
54 100 888,168,1224,1200
55 100 888,168,1224,1200
56 100 888,168,1224,1200
57 100 912,168,1224,1200
58 100 912,168,1224,1200
59 100 912,168,1224,1200
60 100 912,168,1224,1200
61 100 984,192,1224,1200
62 100 984,192,1224,1200
63 100 984,192,1224,1200
64 100 984,192,1224,1200
65 100 984,192,1224,1200
66 100 1032,192,1224,1224
67 100 1032,192,1224,1224
68 100 1032,192,1224,1224
69 100 1032,192,1224,1224
70 100 1080,216,1224,1224
71 100 1080,216,1224,1224
72 100 1080,216,1224,1224
73 100 1080,216,1224,1224
74 100 1128,240,1224,1200
75 100 1128,240,1224,1200
76 100 1128,240,1224,1200
77 100 1128,240,1224,1200
78 100 1176,264,1224,1200
79 100 1176,264,1224,1200
80 100 1176,264,1224,1200
81 100 1176,264,1224,1200
82 100 1176,312,1224,1200
83 100 1176,312,1224,1200
84 100 1176,312,1224,1200
85 100 1176,312,1224,1200
86 100 1176,312,1224,1200
87 100 1200,336,1224,1200
88 100 1200,336,1224,1200
89 100 1200,336,1224,1200
90 100 1200,336,1224,1200
91 100 1200,336,1224,1224
92 100 1200,336,1224,1224
93 100 1200,336,1224,1224
94 100 1200,336,1224,1224
95 100 1224,360,1224,1200
96 100 1224,360,1224,1200
97 100 1224,360,1224,1200
98 100 1224,360,1224,1200
99 100 1224,360,1224,1200
100 100 1224,360,1224,1200
101 100 1224,360,1224,1200
102 100 1224,360,1224,1200
103 100 1224,360,1224,1200
104 100 1224,360,1224,1224
105 100 1224,360,1224,1224
106 100 1224,360,1224,1224
107 100 1224,360,1224,1224
108 100 1224,384,1224,1200
109 100 1224,384,1224,1200
110 100 1224,384,1224,1200
111 100 1224,384,1224,1200
112 100 1224,384,1224,1200
113 100 1224,384,1224,1200
114 100 1224,384,1224,1200
115 100 1224,384,1224,1200
116 100 1224,384,1224,1200
117 100 1224,384,1224,1200
118 100 1224,384,1224,1200
119 100 1224,384,1224,1200
120 100 1200,384,1224,1200
121 100 1200,384,1224,1200
122 100 1200,384,1224,1200
123 100 1200,384,1224,1200
124 100 1200,384,1224,1200
125 100 1200,360,1224,1224
126 100 1200,360,1224,1224
127 100 1200,360,1224,1224
128 100 1200,360,1224,1224
129 100 1176,336,1224,1200
130 100 1176,336,1224,1200
131 100 1176,336,1224,1200
132 100 1176,336,1224,1200
133 100 1200,336,1224,1224
134 100 1200,336,1224,1224
135 100 1200,336,1224,1224
136 100 1200,336,1224,1224
137 100 1248,336,1224,1200
138 100 1248,336,1224,1200
139 100 1248,336,1224,1200
140 100 1248,336,1224,1200
141 100 1272,336,1224,1200
142 100 1272,336,1224,1200
143 100 1272,336,1224,1200
144 100 1272,336,1224,1200
145 100 1272,336,1224,1200
146 100 1296,312,1224,1200
147 100 1296,312,1224,1200
148 100 1296,312,1224,1200
149 100 1296,312,1224,1200
150 100 1296,288,1224,1200
151 100 1296,288,1224,1200
152 100 1296,288,1224,1200
153 100 1296,288,1224,1200
154 100 1296,264,1224,1200
155 100 1296,264,1224,1200
156 100 1296,264,1224,1200
157 100 1296,264,1224,1200
158 100 1296,264,1224,1200
159 100 1272,240,1224,1200
160 100 1272,240,1224,1200
161 100 1272,240,1224,1200
162 100 1272,216,1224,1224
163 100 1272,216,1224,1224
164 100 1272,216,1224,1224
165 100 1272,216,1224,1224
166 100 1272,216,1224,1224
167 100 1296,216,1224,1200
168 100 1296,216,1224,1200
169 100 1296,216,1224,1200
170 100 1296,216,1224,1200
171 100 1320,192,1224,1200
172 100 1320,192,1224,1200
173 100 1320,192,1224,1200
174 100 1320,192,1224,1200
175 100 1344,144,1224,1224
176 100 1344,144,1224,1224
177 100 1344,144,1224,1224
178 100 1344,144,1224,1224
179 100 1344,120,1224,1200
180 100 1344,120,1224,1200
181 100 1344,120,1224,1200
182 100 1344,120,1224,1200
183 100 1344,120,1224,1200
184 100 1344,96,1224,1200
185 100 1344,96,1224,1200
186 100 1344,96,1224,1200
187 100 1344,96,1224,1200
188 100 1392,96,1224,1200
189 100 1392,96,1224,1200
190 100 1392,96,1224,1200
191 100 1392,96,1224,1200
192 100 1416,96,1224,1224
193 100 1416,96,1224,1224
194 100 1416,96,1224,1224
195 100 1416,96,1224,1224
196 100 1440,96,1224,1224
197 100 1440,96,1224,1224
198 100 1440,96,1224,1224
199 100 1440,96,1224,1224
200 100 1512,144,1224,1200
201 100 1512,144,1224,1200
202 100 1512,144,1224,1200
203 100 1512,144,1224,1200
204 100 1584,192,1224,1200
205 100 1584,192,1224,1200
206 100 1584,192,1224,1200
207 100 1584,192,1224,1200
208 100 1584,192,1224,1200
209 100 1728,264,1224,1200
210 100 1728,264,1224,1200
211 100 1728,264,1224,1200
212 100 1728,264,1224,1200
213 100 1824,360,1224,1200
214 100 1824,360,1224,1200
215 100 1824,360,1224,1200
216 100 1824,360,1224,1200
217 100 1920,408,1224,1200
218 100 1920,408,1224,1200
219 100 1920,408,1224,1200
220 100 1920,408,1224,1200
221 100 1920,408,1224,1200
222 100 2016,456,1224,1224
223 100 2016,456,1224,1224
224 100 2016,456,1224,1224
225 100 2040,504,1224,1224
226 100 2040,504,1224,1224
227 100 2040,504,1224,1224
228 100 2040,504,1224,1224
229 100 2040,504,1224,1224
230 100 2064,528,1224,1224
231 100 2064,528,1224,1224
232 100 2064,528,1224,1224
233 100 2064,528,1224,1224
234 100 2064,552,1224,1200
235 100 2064,552,1224,1200
236 100 2064,552,1224,1200
237 100 2064,552,1224,1200
238 100 2040,552,1224,1200
239 100 2040,552,1224,1200
240 100 2040,552,1224,1200
241 100 2040,552,1224,1200
242 100 2040,552,1224,1200
243 100 2040,552,1224,1200
244 100 2040,552,1224,1200
245 100 2040,552,1224,1200
246 100 2040,552,1224,1200
247 100 2064,552,1224,1200
248 100 2064,552,1224,1200
249 100 2064,552,1224,1200
250 100 2064,552,1224,1200
251 100 2112,504,1224,1200
252 100 2112,504,1224,1200
253 100 2112,504,1224,1200
254 100 2112,504,1224,1200
255 100 2136,480,1224,1200
256 100 2136,480,1224,1200
257 100 2136,480,1224,1200
258 100 2136,480,1224,1200
259 100 2136,480,1224,1200
260 100 2136,480,1224,1200
261 100 2136,480,1224,1200
262 100 2136,480,1224,1200
263 100 2136,480,1224,1200
264 100 2136,480,1224,1200
265 100 2136,480,1224,1200
266 100 2136,480,1224,1200
267 100 2064,408,1224,1224
268 100 2064,408,1224,1224
269 100 2064,408,1224,1224
270 100 2064,408,1224,1224
271 100 2064,408,1224,1224
272 100 2016,360,1224,1200
273 100 2016,360,1224,1200
274 100 2016,360,1224,1200
275 100 1992,336,1224,1200
276 100 1992,336,1224,1200
277 100 1992,336,1224,1200
278 100 1992,336,1224,1200
279 100 1992,336,1224,1200
280 100 1944,288,1224,1200
281 100 1944,288,1224,1200
282 100 1944,288,1224,1200
283 100 1944,288,1224,1200
284 100 1848,240,1224,1200
285 100 1848,240,1224,1200
286 100 1848,240,1224,1200
287 100 1848,240,1224,1200
288 100 1752,216,1224,1200
289 100 1752,216,1224,1200
290 100 1752,216,1224,1200
291 100 1752,216,1224,1200
292 100 1656,192,1224,1224
293 100 1656,192,1224,1224
294 100 1656,192,1224,1224
295 100 1656,192,1224,1224
296 100 1656,192,1224,1224
297 100 1560,168,1224,1200
298 100 1560,168,1224,1200
299 100 1560,168,1224,1200
300 100 1560,168,1224,1200
301 100 1416,144,1224,1200
302 100 1416,144,1224,1200
303 100 1416,144,1224,1200
304 100 1416,144,1224,1200
305 100 1272,168,1224,1200
306 100 1272,168,1224,1200
307 100 1272,168,1224,1200
308 100 1272,168,1224,1200
309 100 1272,168,1224,1200
310 100 1176,168,1224,1224
311 100 1176,168,1224,1224
312 100 1176,168,1224,1224
313 100 1128,192,1224,1224
314 100 1128,192,1224,1224
315 100 1128,192,1224,1224
316 100 1128,192,1224,1224
317 100 1080,216,1224,1200
318 100 1080,216,1224,1200
319 100 1080,216,1224,1200
320 100 1080,216,1224,1200
321 100 1080,216,1224,1200
322 100 1056,240,1224,1200
323 100 1056,240,1224,1200
324 100 1056,240,1224,1200
325 100 1056,240,1224,1200
326 100 1008,288,1224,1200
327 100 1008,288,1224,1200
328 100 1008,288,1224,1200
329 100 1008,288,1224,1200
330 100 960,336,1224,1200
331 100 960,336,1224,1200
332 100 960,336,1224,1200
333 100 960,336,1224,1200
334 100 960,360,1224,1200
335 100 960,360,1224,1200
336 100 960,360,1224,1200
337 100 960,360,1224,1200
338 100 936,360,1224,1224
339 100 936,360,1224,1224
340 100 936,360,1224,1224
341 100 936,360,1224,1224
342 100 936,360,1224,1224
343 100 912,360,1224,1224
344 100 912,360,1224,1224
345 100 912,360,1224,1224
346 100 912,384,1224,1200
347 100 912,384,1224,1200
348 100 912,384,1224,1200
349 100 912,384,1224,1200
350 100 912,360,1224,1224
351 100 912,360,1224,1224
352 100 912,360,1224,1224
353 100 912,360,1224,1224
354 100 912,360,1224,1224
355 100 912,360,1224,1224
356 100 912,360,1224,1224
357 100 912,360,1224,1224
358 100 912,360,1224,1224
359 100 912,360,1224,1224
360 100 912,360,1224,1224
361 100 912,360,1224,1224
362 100 912,360,1224,1224
363 100 936,360,1224,1224
364 100 936,360,1224,1224
365 100 936,360,1224,1224
366 100 936,360,1224,1224
367 100 936,360,1224,1224
368 100 912,360,1224,1200
369 100 912,360,1224,1200
370 100 912,360,1224,1200
371 100 912,360,1224,1200
372 100 912,360,1224,1200
373 100 912,360,1224,1200
374 100 912,360,1224,1200
375 100 912,360,1224,1200
376 100 912,360,1224,1200
377 100 912,360,1224,1200
378 100 912,360,1224,1200
379 100 912,360,1224,1200
380 100 936,336,1224,1224
381 100 936,336,1224,1224
382 100 936,336,1224,1224
383 100 936,336,1224,1224
384 100 936,336,1224,1224
385 100 936,336,1224,1224
386 100 936,336,1224,1224
387 100 936,336,1224,1224
388 100 936,360,1224,1200
389 100 936,360,1224,1200
390 100 936,360,1224,1200
391 100 936,360,1224,1200
392 100 936,360,1224,1200
393 100 936,336,1224,1224
394 100 936,336,1224,1224
395 100 936,336,1224,1224
396 100 936,336,1224,1200
397 100 936,336,1224,1200
398 100 936,336,1224,1200
399 100 936,336,1224,1200
400 100 936,336,1224,1200
401 100 936,360,1224,1200
402 100 936,360,1224,1200
403 100 936,360,1224,1200
404 100 936,360,1224,1200
405 100 936,360,1224,1200
406 100 936,360,1224,1200
407 100 960,360,1224,1200
408 100 960,360,1224,1200
409 100 960,336,1224,1224
410 100 960,336,1224,1224
411 100 960,336,1224,1224
412 100 960,336,1224,1224
413 100 864,240,1224,1200
414 100 864,240,1224,1200
415 100 864,240,1224,1200
416 100 864,240,1224,1200
417 100 864,240,1224,1200
418 100 768,144,1224,1200
419 100 768,144,1224,1200
420 100 768,144,1224,1200
421 100 768,144,1224,1200
422 100 672,96,1224,1200
423 100 672,96,1224,1200
424 100 672,96,1224,1200
425 100 672,96,1224,1200
426 100 0,24,1224,1224
427 100 0,24,1224,1224
428 100 0,24,1224,1224
429 100 0,24,1224,1224
430 100 0,24,1224,1200
431 100 0,24,1224,1200
432 100 0,24,1224,1200
433 100 0,24,1224,1200
434 100 0,24,1224,1200
435 100 72,24,1224,1176
436 100 72,24,1224,1176
437 100 72,24,1224,1176
438 100 24,24,1224,1176
439 100 24,24,1224,1176
440 100 24,24,1224,1176
441 100 24,24,1224,1176
442 100 24,24,1224,1176
443 100 0,24,1224,1224
444 100 0,24,1224,1224
445 100 0,24,1224,1224
446 100 456,72,1224,1200
447 100 456,72,1224,1200
448 100 456,72,1224,1200
449 100 456,72,1224,1200
450 100 456,72,1224,1200
451 100 432,72,1224,1224
452 100 432,72,1224,1224
453 100 432,72,1224,1224
454 100 432,72,1224,1224
455 100 432,72,1224,1224
456 100 360,72,1224,1200
457 100 360,72,1224,1200
458 100 360,72,1224,1200
459 100 312,96,1224,1200
460 100 312,96,1224,1200
461 100 312,96,1224,1200
462 100 312,96,1224,1200
463 100 264,96,1224,1200
464 100 264,96,1224,1200
465 100 264,96,1224,1200
466 100 264,96,1224,1200
467 100 264,96,1224,1200
468 100 216,96,1224,1200
469 100 216,96,1224,1200
470 100 216,96,1224,1200
471 100 216,96,1224,1200
472 100 168,120,1224,1200
473 100 168,120,1224,1200
474 100 168,120,1224,1200
475 100 168,120,1224,1200
476 100 120,144,1224,1200
477 100 120,144,1224,1200
478 100 120,144,1224,1200
479 100 120,144,1224,1200
480 100 120,144,1224,1200
481 100 48,168,1224,1200
482 100 48,168,1224,1200
483 100 48,168,1224,1200
484 100 24,216,1224,1200
485 100 24,216,1224,1200
486 100 24,216,1224,1200
487 100 24,216,1224,1200
488 100 24,216,1224,1200
489 100 0,240,1224,1224
490 100 0,240,1224,1224
491 100 0,240,1224,1224
492 100 0,240,1224,1224
493 100 0,288,1224,1224
494 100 0,288,1224,1224
495 100 0,288,1224,1224
496 100 0,288,1224,1224
497 100 0,312,1224,1224
498 100 0,312,1224,1224
499 100 0,312,1224,1224
500 100 0,312,1224,1224
501 100 0,336,1224,1224
502 100 0,336,1224,1224
503 100 0,336,1224,1224
504 100 0,336,1224,1224
505 100 0,336,1224,1224
506 100 0,336,1224,1224
507 100 0,336,1224,1224
508 100 0,336,1224,1224
509 100 24,336,1224,1224
510 100 24,336,1224,1224
511 100 24,336,1224,1224
512 100 24,336,1224,1224
513 100 24,336,1224,1224
514 100 72,336,1224,1224
515 100 72,336,1224,1224
516 100 72,336,1224,1224
517 100 72,336,1224,1224
518 100 24,360,1224,1200
519 100 24,360,1224,1200
520 100 24,360,1224,1200
521 100 24,360,1224,1200
522 100 24,360,1224,1200
523 100 0,360,1224,1200
524 100 0,360,1224,1200
525 100 0,360,1224,1200
526 100 48,360,1224,1200
527 100 48,360,1224,1200
528 100 48,360,1224,1200
529 100 48,360,1224,1200
530 100 48,360,1224,1200
531 100 144,336,1224,1224
532 100 144,336,1224,1224
533 100 144,336,1224,1224
534 100 144,336,1224,1224
535 100 0,336,1224,1200
536 100 0,336,1224,1200
537 100 0,336,1224,1200
538 100 0,336,1224,1200
539 100 96,288,1224,1224
540 100 96,288,1224,1224
541 100 96,288,1224,1224
542 100 96,288,1224,1224
543 100 96,288,1224,1224
544 100 24,216,1224,1200
545 100 24,216,1224,1200
546 100 24,216,1224,1200
547 100 3360,168,1224,1200
548 100 3360,168,1224,1200
549 100 3360,168,1224,1200
550 100 3360,168,1224,1200
551 100 3360,168,1224,1200
552 100 3576,120,1224,1224
553 100 3576,120,1224,1224
554 100 3576,120,1224,1224
555 100 3576,120,1224,1224
556 100 3312,120,1224,1200
557 100 3312,120,1224,1200
558 100 3312,120,1224,1200
559 100 3312,120,1224,1200
560 100 3312,120,1224,1200
561 100 3504,96,1224,1224
562 100 3504,96,1224,1224
563 100 3504,96,1224,1224
564 100 3504,96,1224,1224
565 100 3312,96,1224,1200
566 100 3312,96,1224,1200
567 100 3312,96,1224,1200
568 100 3312,96,1224,1200
569 100 3288,96,1224,1200
570 100 3288,96,1224,1200
571 100 3288,96,1224,1200
572 100 3288,96,1224,1200
573 100 3288,96,1224,1200
574 100 3240,96,1224,1200
575 100 3240,96,1224,1200
576 100 3240,96,1224,1200
577 100 48,96,1224,1224
578 100 48,96,1224,1224
579 100 48,96,1224,1224
580 100 48,96,1224,1224
581 100 48,96,1224,1224
582 100 48,96,1224,1224
583 100 48,96,1224,1224
584 100 48,96,1224,1224
585 100 48,96,1224,1224
586 100 24,120,1224,1200
587 100 24,120,1224,1200
588 100 24,120,1224,1200
589 100 24,120,1224,1200
590 100 24,120,1224,1200
591 100 3408,120,1224,1200
592 100 3408,120,1224,1200
593 100 3408,120,1224,1200
594 100 3288,120,1224,1200
595 100 3288,120,1224,1200
596 100 3288,120,1224,1200
597 100 3288,120,1224,1200
598 100 3288,120,1224,1200
599 100 3264,144,1224,1200
600 100 3264,144,1224,1200
601 100 3264,144,1224,1200
602 100 3264,144,1224,1200
603 100 3600,216,1224,1224
604 100 3600,216,1224,1224
605 100 3600,216,1224,1224
606 100 3600,216,1224,1224
607 100 3480,288,1224,1200
608 100 3480,288,1224,1200
609 100 3480,288,1224,1200
610 100 3480,288,1224,1200
611 100 3480,288,1224,1200
612 100 3600,312,1224,1224
613 100 3600,312,1224,1224
614 100 3600,312,1224,1224
615 100 3600,384,1224,1224
616 100 3600,384,1224,1224
617 100 3600,384,1224,1224
618 100 3600,384,1224,1224
619 100 3624,456,1224,1224
620 100 3624,456,1224,1224
621 100 3624,456,1224,1224
622 100 3624,456,1224,1224
623 100 3624,456,1224,1224
624 100 3432,504,1224,1200
625 100 3432,504,1224,1200
626 100 3432,504,1224,1200
627 100 3432,504,1224,1200
628 100 3552,552,1224,1200
629 100 3552,552,1224,1200
630 100 3552,552,1224,1200
631 100 3552,552,1224,1200
632 100 3624,552,1224,1224
633 100 3624,552,1224,1224
634 100 3624,552,1224,1224
635 100 3624,552,1224,1224
636 100 3624,552,1224,1224
637 100 3624,552,1224,1224
638 100 3480,576,1224,1200
639 100 3480,576,1224,1200
640 100 3480,576,1224,1200
641 100 3576,552,1224,1200
642 100 3576,552,1224,1200
643 100 3576,552,1224,1200
644 100 3720,480,1224,1224
645 100 3720,480,1224,1224
646 100 3720,480,1224,1224
647 100 3720,480,1224,1224
648 100 3720,480,1224,1224
649 100 3696,432,1224,1224
650 100 3696,432,1224,1224
651 100 3696,432,1224,1224
652 100 3696,432,1224,1224
653 100 3576,384,1224,1224
654 100 3576,384,1224,1224
655 100 3576,384,1224,1224
656 100 3576,384,1224,1224
657 100 24,384,1224,1224
658 100 24,384,1224,1224
659 100 24,384,1224,1224
660 100 24,384,1224,1224
661 100 24,384,1224,1224
662 100 3528,408,1224,1200
663 100 3528,408,1224,1200
664 100 3528,408,1224,1200
665 100 3384,408,1224,1200
666 100 3384,408,1224,1200
667 100 3384,408,1224,1200
668 100 3384,408,1224,1200
669 100 3384,408,1224,1200
670 100 24,432,1224,1200
671 100 24,432,1224,1200
672 100 24,432,1224,1200
673 100 24,432,1224,1200
674 100 48,432,1224,1200
675 100 48,432,1224,1200
676 100 48,432,1224,1200
677 100 48,432,1224,1200
678 100 0,432,1224,1200
679 100 0,432,1224,1200
680 100 0,432,1224,1200
681 100 0,432,1224,1200
682 100 0,432,1224,1200
683 100 0,432,1224,1200
684 100 0,432,1224,1200
685 100 0,432,1224,1200
686 100 0,432,1224,1200
687 100 0,408,1224,1224
688 100 0,408,1224,1224
689 100 0,408,1224,1224
690 100 0,408,1224,1224
691 100 48,408,1224,1200
692 100 48,408,1224,1200
693 100 48,408,1224,1200
694 100 48,408,1224,1200
695 100 120,408,1224,1200
696 100 120,408,1224,1200
697 100 120,408,1224,1200
698 100 120,408,1224,1200
699 100 120,408,1224,1200
700 100 240,384,1224,1224
701 100 240,384,1224,1224
702 100 240,384,1224,1224
703 100 336,408,1224,1200
704 100 336,408,1224,1200
705 100 336,408,1224,1200
706 100 336,408,1224,1200
707 100 408,408,1224,1200
708 100 408,408,1224,1200
709 100 408,408,1224,1200
710 100 408,408,1224,1200
711 100 408,408,1224,1200
712 100 432,384,1224,1224
713 100 432,384,1224,1224
714 100 432,384,1224,1224
715 100 432,384,1224,1224
716 100 480,384,1224,1200
717 100 480,384,1224,1200
718 100 480,384,1224,1200
719 100 480,384,1224,1200
720 100 624,384,1224,1224
721 100 624,384,1224,1224
722 100 624,384,1224,1224
723 100 624,384,1224,1224
724 100 768,432,1224,1200
725 100 768,432,1224,1200
726 100 768,432,1224,1200
727 100 768,432,1224,1200
728 100 768,432,1224,1200
729 100 864,432,1224,1200
730 100 864,432,1224,1200
731 100 864,432,1224,1200
732 100 912,408,1224,1224
733 100 912,408,1224,1224
734 100 912,408,1224,1224
735 100 912,408,1224,1224
736 100 912,408,1224,1224
737 100 888,360,1224,1224
738 100 888,360,1224,1224
739 100 888,360,1224,1224
740 100 792,240,1224,1200
741 100 792,240,1224,1200
742 100 792,240,1224,1200
743 100 792,240,1224,1200
744 100 792,240,1224,1200
745 100 672,120,1224,1200
746 100 672,120,1224,1200
747 100 672,120,1224,1200
748 100 672,120,1224,1200
749 100 648,72,1224,1224
750 100 648,72,1224,1224
751 100 648,72,1224,1224
752 100 648,72,1224,1224
753 100 648,72,1224,1224
754 100 648,72,1224,1224
755 100 648,72,1224,1224
756 100 648,72,1224,1224
757 100 672,96,1224,1200
758 100 672,96,1224,1200
759 100 672,96,1224,1200
760 100 672,96,1224,1200
761 100 672,96,1224,1200
762 100 696,96,1224,1224
763 100 696,96,1224,1224
764 100 696,96,1224,1224
765 100 696,96,1224,1224
766 100 696,120,1224,1200
767 100 696,120,1224,1200
768 100 696,120,1224,1200
769 100 696,120,1224,1200
770 100 768,168,1224,1224
771 100 768,168,1224,1224
772 100 768,168,1224,1224
773 100 768,168,1224,1224
774 100 768,168,1224,1224
775 100 888,264,1224,1200
776 100 888,264,1224,1200
777 100 888,264,1224,1200
778 100 1056,336,1224,1224
779 100 1056,336,1224,1224
780 100 1056,336,1224,1224
781 100 1056,336,1224,1224
782 100 1176,432,1224,1200
783 100 1176,432,1224,1200
784 100 1176,432,1224,1200
785 100 1176,432,1224,1200
786 100 1176,432,1224,1200
787 100 1272,456,1224,1224
788 100 1272,456,1224,1224
789 100 1272,456,1224,1224
790 100 1272,456,1224,1224
791 100 1344,480,1224,1224
792 100 1344,480,1224,1224
793 100 1344,480,1224,1224
794 100 1344,480,1224,1224
795 100 1416,480,1224,1224
796 100 1416,480,1224,1224
797 100 1416,480,1224,1224
798 100 1416,480,1224,1224
799 100 1416,480,1224,1224
800 100 1464,504,1224,1200
801 100 1464,504,1224,1200
802 100 1464,504,1224,1200
803 100 1488,504,1224,1200
804 100 1488,504,1224,1200
805 100 1488,504,1224,1200
806 100 1488,504,1224,1200
807 100 1488,504,1224,1200
808 100 1488,504,1224,1200
809 100 1488,504,1224,1200
810 100 1488,504,1224,1200
811 100 1488,504,1224,1200
812 100 1512,480,1224,1200
813 100 1512,480,1224,1200
814 100 1512,480,1224,1200
815 100 1512,480,1224,1200
816 100 1512,480,1224,1200
817 100 1512,456,1224,1224
818 100 1512,456,1224,1224
819 100 1512,456,1224,1224
820 100 1536,480,1224,1200
821 100 1536,480,1224,1200
822 100 1536,480,1224,1200
823 100 1536,480,1224,1200
824 100 1536,480,1224,1200
825 100 1536,480,1224,1224
826 100 1536,480,1224,1224
827 100 1536,480,1224,1224
828 100 1536,480,1224,1224
829 100 1560,456,1224,1224
830 100 1560,456,1224,1224
831 100 1560,456,1224,1224
832 100 1560,456,1224,1224
833 100 1512,432,1224,1224
834 100 1512,432,1224,1224
835 100 1512,432,1224,1224
836 100 1512,432,1224,1224
837 100 1512,408,1224,1224
838 100 1512,408,1224,1224
839 100 1512,408,1224,1224
840 100 1512,408,1224,1224
841 100 1512,408,1224,1224
842 100 1536,408,1224,1200
843 100 1536,408,1224,1200
844 100 1536,408,1224,1200
845 100 1536,408,1224,1200
846 100 1536,384,1224,1200
847 100 1536,384,1224,1200
848 100 1536,384,1224,1200
849 100 1536,384,1224,1200
850 100 1512,360,1224,1200
851 100 1512,360,1224,1200
852 100 1512,360,1224,1200
853 100 1512,360,1224,1200
854 100 1512,360,1224,1200
855 100 1512,336,1224,1200
856 100 1512,336,1224,1200
857 100 1512,336,1224,1200
858 100 1488,240,1224,1200
859 100 1488,240,1224,1200
860 100 1488,240,1224,1200
861 100 1488,240,1224,1200
862 100 1488,240,1224,1200
863 100 1416,144,1224,1224
864 100 1416,144,1224,1224
865 100 1416,144,1224,1224
866 100 1416,144,1224,1224
867 100 1344,72,1224,1200
868 100 1344,72,1224,1200
869 100 1344,72,1224,1200
870 100 1344,72,1224,1200
871 100 0,24,1224,1200
872 100 0,24,1224,1200
873 100 0,24,1224,1200
874 100 0,24,1224,1200
875 100 0,24,1224,1176
876 100 0,24,1224,1176
877 100 0,24,1224,1176
878 100 0,24,1224,1176
879 100 0,24,1224,1176
880 100 0,24,1224,1176
881 100 0,24,1224,1176
882 100 0,24,1224,1176
883 100 0,24,1224,1176
884 100 0,24,1224,1200
885 100 0,24,1224,1200
886 100 0,24,1224,1200
887 100 0,24,1224,1200
888 100 1320,48,1224,1200
889 100 1320,48,1224,1200
890 100 1320,48,1224,1200
891 100 1320,48,1224,1200
892 100 1344,48,1224,1224
893 100 1344,48,1224,1224
894 100 1344,48,1224,1224
895 100 1344,48,1224,1224
896 100 1344,72,1224,1224
897 100 1344,72,1224,1224
898 100 1344,72,1224,1224
899 100 1344,72,1224,1224
900 100 1344,72,1224,1224
901 100 1344,72,1224,1224
902 100 1344,72,1224,1224
903 100 1344,72,1224,1224
904 100 1344,72,1224,1224
905 100 1368,96,1224,1224
906 100 1368,96,1224,1224
907 100 1368,96,1224,1224
908 100 1368,96,1224,1224
909 100 1368,120,1224,1224
910 100 1368,120,1224,1224
911 100 1368,120,1224,1224
912 100 1368,120,1224,1224
913 100 1368,144,1224,1224
914 100 1368,144,1224,1224
915 100 1368,144,1224,1224
916 100 1368,144,1224,1224
917 100 1368,144,1224,1224
918 100 1368,144,1224,1224
919 100 1368,144,1224,1224
920 100 1368,144,1224,1224
921 100 1368,144,1224,1224
922 100 1368,144,1224,1224
923 100 1368,144,1224,1224
924 100 1368,144,1224,1224
925 100 1368,144,1224,1224
926 100 1368,144,1224,1224
927 100 1368,144,1224,1224
928 100 1368,144,1224,1224
929 100 1368,144,1224,1224
930 100 1344,144,1224,1224
931 100 1344,144,1224,1224
932 100 1344,144,1224,1224
933 100 1344,144,1224,1224
934 100 1344,144,1224,1224
935 100 1344,120,1224,1224
936 100 1344,120,1224,1224
937 100 1344,120,1224,1224
938 100 1344,120,1224,1224
939 100 1344,120,1224,1224
940 100 1344,120,1224,1224
941 100 1344,120,1224,1224
942 100 1344,120,1224,1224
943 100 1344,120,1224,1224
944 100 1344,120,1224,1224
945 100 1344,120,1224,1224
946 100 1344,120,1224,1224
947 100 1344,120,1224,1224
948 100 1344,120,1224,1224
949 100 1344,120,1224,1224
950 100 1344,120,1224,1224
951 100 1344,120,1224,1224
952 100 1344,120,1224,1224
953 100 1344,120,1224,1224
954 100 1344,120,1224,1224
955 100 1344,120,1224,1224
956 100 1344,120,1224,1224
957 100 1344,120,1224,1224
958 100 1344,120,1224,1224
959 100 1344,120,1224,1224
960 100 1392,144,1224,1224
961 100 1392,144,1224,1224
962 100 1392,144,1224,1224
963 100 1464,192,1224,1200
964 100 1464,192,1224,1200
965 100 1464,192,1224,1200
966 100 1464,192,1224,1200
967 100 1464,192,1224,1200
968 100 1584,240,1224,1200
969 100 1584,240,1224,1200
970 100 1584,240,1224,1200
971 100 1584,240,1224,1200
972 100 1584,240,1224,1200
973 100 1704,288,1224,1224
974 100 1704,288,1224,1224
975 100 1704,288,1224,1224
976 100 1800,408,1224,1200
977 100 1800,408,1224,1200
978 100 1800,408,1224,1200
979 100 1800,408,1224,1200
980 100 1896,504,1224,1200
981 100 1896,504,1224,1200
982 100 1896,504,1224,1200
983 100 1896,504,1224,1200
984 100 1896,504,1224,1200
985 100 1920,576,1224,1200
986 100 1920,576,1224,1200
987 100 1920,576,1224,1200
988 100 1920,576,1224,1200
989 100 1896,648,1224,1200
990 100 1896,648,1224,1200
991 100 1896,648,1224,1200
992 100 1896,648,1224,1200
993 100 1824,696,1224,1224
994 100 1824,696,1224,1224
995 100 1824,696,1224,1224
996 100 1824,696,1224,1224
997 100 1776,744,1224,1224
998 100 1776,744,1224,1224
999 100 1776,744,1224,1224
1000 100 1776,744,1224,1224
1001 100 1680,792,1224,1224
1002 100 1680,792,1224,1224
1003 100 1680,792,1224,1224
1004 100 1680,792,1224,1224
1005 100 1680,792,1224,1224
1006 100 1584,840,1224,1224
1007 100 1584,840,1224,1224
1008 100 1584,840,1224,1224
1009 100 1584,840,1224,1224
1010 100 1536,864,1224,1224
1011 100 1536,864,1224,1224
1012 100 1536,864,1224,1224
1013 100 1536,864,1224,1224
1014 100 1512,888,1224,1200
1015 100 1512,888,1224,1200
1016 100 1512,888,1224,1200
1017 100 1512,888,1224,1200
1018 100 1512,888,1224,1200
1019 100 1488,864,1224,1224
1020 100 1488,864,1224,1224
1021 100 1488,864,1224,1224
1022 100 1488,864,1224,1224
1023 100 1512,840,1224,1224
1024 100 1512,840,1224,1224
1025 100 1512,840,1224,1224
1026 100 1512,840,1224,1224
1027 100 1512,816,1224,1200
1028 100 1512,816,1224,1200
1029 100 1512,816,1224,1200
1030 100 1512,816,1224,1200
1031 100 1512,792,1224,1200
1032 100 1512,792,1224,1200
1033 100 1512,792,1224,1200
1034 100 1512,792,1224,1200
1035 100 1512,792,1224,1200
1036 100 1536,720,1224,1200
1037 100 1536,720,1224,1200
1038 100 1536,720,1224,1200
1039 100 1536,720,1224,1200
1040 100 1584,648,1224,1200
1041 100 1584,648,1224,1200
1042 100 1584,648,1224,1200
1043 100 1584,648,1224,1200
1044 100 1608,600,1224,1200
1045 100 1608,600,1224,1200
1046 100 1608,600,1224,1200
1047 100 1608,600,1224,1200
1048 100 1656,528,1224,1200
1049 100 1656,528,1224,1200
1050 100 1656,528,1224,1200
1051 100 1656,528,1224,1200
1052 100 1656,528,1224,1200
1053 100 1680,408,1224,1224
1054 100 1680,408,1224,1224
1055 100 1680,408,1224,1224
1056 100 1656,336,1224,1200
1057 100 1656,336,1224,1200
1058 100 1656,336,1224,1200
1059 100 1656,336,1224,1200
1060 100 1656,336,1224,1200
1061 100 1656,312,1224,1200
1062 100 1656,312,1224,1200
1063 100 1656,312,1224,1200
1064 100 1656,312,1224,1200
1065 100 1704,288,1224,1200
1066 100 1704,288,1224,1200
1067 100 1704,288,1224,1200
1068 100 1704,288,1224,1200
1069 100 1728,312,1224,1200
1070 100 1728,312,1224,1200
1071 100 1728,312,1224,1200
1072 100 1728,312,1224,1200
1073 100 1728,312,1224,1200
1074 100 1728,312,1224,1200
1075 100 1728,312,1224,1200
1076 100 1728,312,1224,1200
1077 100 1728,312,1224,1200
1078 100 1752,336,1224,1200
1079 100 1752,336,1224,1200
1080 100 1752,336,1224,1200
1081 100 1728,360,1224,1200
1082 100 1728,360,1224,1200
1083 100 1728,360,1224,1200
1084 100 1728,360,1224,1200
1085 100 1728,360,1224,1224
1086 100 1728,360,1224,1224
1087 100 1728,360,1224,1224
1088 100 1728,360,1224,1224
1089 100 1728,360,1224,1224
1090 100 1728,384,1224,1200
1091 100 1728,384,1224,1200
1092 100 1728,384,1224,1200
1093 100 1728,384,1224,1200
1094 100 1680,384,1224,1200
1095 100 1680,384,1224,1200
1096 100 1680,384,1224,1200
1097 100 1680,384,1224,1200
1098 100 1560,384,1224,1224
1099 100 1560,384,1224,1224
1100 100 1560,384,1224,1224
1101 100 1560,384,1224,1224
1102 100 1560,408,1224,1200
1103 100 1560,408,1224,1200
1104 100 1560,408,1224,1200
1105 100 1560,408,1224,1200
1106 100 1560,408,1224,1200
1107 100 1560,408,1224,1224
1108 100 1560,408,1224,1224
1109 100 1560,408,1224,1224
1110 100 1560,408,1224,1224
1111 100 1560,432,1224,1200
1112 100 1560,432,1224,1200
1113 100 1560,432,1224,1200
1114 100 1560,432,1224,1200
1115 100 1560,432,1224,1200
1116 100 1560,432,1224,1200
1117 100 1560,432,1224,1200
1118 100 1560,432,1224,1200
1119 100 1584,432,1224,1224
1120 100 1584,432,1224,1224
1121 100 1584,432,1224,1224
1122 100 1584,432,1224,1224
1123 100 1488,504,1224,1200
1124 100 1488,504,1224,1200
1125 100 1488,504,1224,1200
1126 100 1488,504,1224,1200
1127 100 1440,528,1224,1224
1128 100 1440,528,1224,1224
1129 100 1440,528,1224,1224
1130 100 1440,528,1224,1224
1131 100 1440,528,1224,1224
1132 100 1272,600,1224,1200
1133 100 1272,600,1224,1200
1134 100 1272,600,1224,1200
1135 100 1272,600,1224,1200
1136 100 1128,672,1224,1200
1137 100 1128,672,1224,1200
1138 100 1128,672,1224,1200
1139 100 1128,672,1224,1200
1140 100 1032,720,1224,1200
1141 100 1032,720,1224,1200
1142 100 1032,720,1224,1200
1143 100 1032,720,1224,1200
1144 100 960,744,1224,1200
1145 100 960,744,1224,1200
1146 100 960,744,1224,1200
1147 100 960,744,1224,1200
1148 100 888,768,1224,1224
1149 100 888,768,1224,1224
1150 100 888,768,1224,1224
1151 100 888,768,1224,1224
1152 100 816,816,1224,1200
1153 100 816,816,1224,1200
1154 100 816,816,1224,1200
1155 100 816,816,1224,1200
1156 100 744,816,1224,1224
1157 100 744,816,1224,1224
1158 100 744,816,1224,1224
1159 100 744,816,1224,1224
1160 100 744,816,1224,1224
1161 100 672,792,1224,1200
1162 100 672,792,1224,1200
1163 100 672,792,1224,1200
1164 100 672,792,1224,1200
1165 100 600,768,1224,1200
1166 100 600,768,1224,1200
1167 100 600,768,1224,1200
1168 100 600,768,1224,1200
1169 100 600,672,1224,1200
1170 100 600,672,1224,1200
1171 100 600,672,1224,1200
1172 100 600,672,1224,1200
1173 100 552,624,1224,1200
1174 100 552,624,1224,1200
1175 100 552,624,1224,1200
1176 100 552,624,1224,1200
1177 100 528,600,1224,1200
1178 100 528,600,1224,1200
1179 100 528,600,1224,1200
1180 100 528,600,1224,1200
1181 100 528,600,1224,1200
1182 100 504,576,1224,1200
1183 100 504,576,1224,1200
1184 100 504,576,1224,1200
1185 100 504,576,1224,1200
1186 100 504,576,1224,1200
1187 100 504,576,1224,1200
1188 100 504,576,1224,1200
1189 100 504,576,1224,1200
1190 100 504,504,1224,1200
1191 100 504,504,1224,1200
1192 100 504,504,1224,1200
1193 100 504,504,1224,1200
1194 100 504,504,1224,1200
1195 100 504,504,1224,1200
1196 100 504,504,1224,1200
1197 100 504,504,1224,1200
1198 100 504,480,1224,1200
1199 100 504,480,1224,1200
1200 100 504,480,1224,1200
1201 100 504,480,1224,1200
1202 100 504,480,1224,1200
1203 100 504,480,1224,1200
1204 100 504,480,1224,1200
1205 100 504,480,1224,1200
1206 100 504,480,1224,1200
1207 100 528,480,1224,1200
1208 100 528,480,1224,1200
1209 100 528,480,1224,1200
1210 100 528,480,1224,1200
1211 100 528,504,1224,1200
1212 100 528,504,1224,1200
1213 100 528,504,1224,1200
1214 100 528,504,1224,1200
1215 100 528,528,1224,1200
1216 100 528,528,1224,1200
1217 100 528,528,1224,1200
1218 100 528,528,1224,1200
1219 100 528,528,1224,1224
1220 100 528,528,1224,1224
1221 100 528,528,1224,1224
1222 100 528,528,1224,1224
1223 100 528,528,1224,1224
1224 100 504,552,1224,1224
1225 100 504,552,1224,1224
1226 100 504,552,1224,1224
1227 100 480,600,1224,1200
1228 100 480,600,1224,1200
1229 100 480,600,1224,1200
1230 100 480,600,1224,1200
1231 100 480,600,1224,1200
1232 100 456,624,1224,1200
1233 100 456,624,1224,1200
1234 100 456,624,1224,1200
1235 100 456,624,1224,1200
1236 100 432,648,1224,1200
1237 100 432,648,1224,1200
1238 100 432,648,1224,1200
1239 100 432,648,1224,1200
1240 100 384,672,1224,1200
1241 100 384,672,1224,1200
1242 100 384,672,1224,1200
1243 100 384,672,1224,1200
1244 100 312,768,1224,1200
1245 100 312,768,1224,1200
1246 100 312,768,1224,1200
1247 100 312,768,1224,1200
1248 100 312,768,1224,1200
1249 100 288,792,1224,1224
1250 100 288,792,1224,1224
1251 100 288,792,1224,1224
1252 100 288,840,1224,1200
1253 100 288,840,1224,1200
1254 100 288,840,1224,1200
1255 100 288,840,1224,1200
1256 100 288,840,1224,1200
1257 100 264,864,1224,1224
1258 100 264,864,1224,1224
1259 100 264,864,1224,1224
1260 100 264,864,1224,1224
1261 100 240,888,1224,1200
1262 100 240,888,1224,1200
1263 100 240,888,1224,1200
1264 100 240,888,1224,1200
1265 100 240,936,1224,1200
1266 100 240,936,1224,1200
1267 100 240,936,1224,1200
1268 100 240,936,1224,1200
1269 100 264,936,1224,1224
1270 100 264,936,1224,1224
1271 100 264,936,1224,1224
1272 100 264,936,1224,1224
1273 100 264,936,1224,1224
1274 100 288,936,1224,1224
1275 100 288,936,1224,1224
1276 100 288,936,1224,1224
1277 100 312,936,1224,1224
1278 100 312,936,1224,1224
1279 100 312,936,1224,1224
1280 100 312,936,1224,1224
1281 100 336,936,1224,1200
1282 100 336,936,1224,1200
1283 100 336,936,1224,1200
1284 100 336,936,1224,1200
1285 100 336,936,1224,1200
1286 100 384,936,1224,1200
1287 100 384,936,1224,1200
1288 100 384,936,1224,1200
1289 100 384,936,1224,1200
1290 100 408,912,1224,1200
1291 100 408,912,1224,1200
1292 100 408,912,1224,1200
1293 100 408,912,1224,1200
1294 100 408,912,1224,1200
1295 100 432,888,1224,1200
1296 100 432,888,1224,1200
1297 100 432,888,1224,1200
1298 100 432,888,1224,1200
1299 100 480,816,1224,1224
1300 100 480,816,1224,1224
1301 100 480,816,1224,1224
1302 100 480,816,1224,1224
1303 100 504,744,1224,1200
1304 100 504,744,1224,1200
1305 100 504,744,1224,1200
1306 100 504,744,1224,1200
1307 100 504,672,1224,1224
1308 100 504,672,1224,1224
1309 100 504,672,1224,1224
1310 100 504,672,1224,1224
1311 100 504,672,1224,1224
1312 100 528,648,1224,1200
1313 100 528,648,1224,1200
1314 100 528,648,1224,1200
1315 100 528,624,1224,1200
1316 100 528,624,1224,1200
1317 100 528,624,1224,1200
1318 100 528,624,1224,1200
1319 100 528,624,1224,1200
1320 100 528,600,1224,1200
1321 100 528,600,1224,1200
1322 100 528,600,1224,1200
1323 100 528,600,1224,1200
1324 100 504,600,1224,1200
1325 100 504,600,1224,1200
1326 100 504,600,1224,1200
1327 100 504,600,1224,1200
1328 100 456,624,1224,1200
1329 100 456,624,1224,1200
1330 100 456,624,1224,1200
1331 100 456,624,1224,1200
1332 100 408,648,1224,1200
1333 100 408,648,1224,1200
1334 100 408,648,1224,1200
1335 100 408,648,1224,1200
1336 100 408,648,1224,1200
1337 100 336,696,1224,1200
1338 100 336,696,1224,1200
1339 100 336,696,1224,1200
1340 100 312,720,1224,1200
1341 100 312,720,1224,1200
1342 100 312,720,1224,1200
1343 100 312,720,1224,1200
1344 100 312,720,1224,1200
1345 100 288,768,1224,1200
1346 100 288,768,1224,1200
1347 100 288,768,1224,1200
1348 100 288,768,1224,1200
1349 100 264,792,1224,1200
1350 100 264,792,1224,1200
1351 100 264,792,1224,1200
1352 100 264,792,1224,1200
1353 100 264,792,1224,1200
1354 100 264,792,1224,1200
1355 100 264,792,1224,1200
1356 100 264,792,1224,1200
1357 100 264,792,1224,1200
1358 100 264,792,1224,1200
1359 100 264,792,1224,1200
1360 100 264,792,1224,1200
1361 100 264,792,1224,1200
1362 100 240,792,1224,1200
1363 100 240,792,1224,1200
1364 100 240,792,1224,1200
1365 100 264,792,1224,1200
1366 100 264,792,1224,1200
1367 100 264,792,1224,1200
1368 100 264,792,1224,1200
1369 100 264,792,1224,1200
1370 100 264,816,1224,1200
1371 100 264,816,1224,1200
1372 100 264,816,1224,1200
1373 100 264,816,1224,1200
1374 100 264,816,1224,1200
1375 100 264,816,1224,1200
1376 100 264,816,1224,1200
1377 100 264,816,1224,1200
1378 100 288,816,1224,1200
1379 100 288,816,1224,1200
1380 100 288,816,1224,1200
1381 100 288,816,1224,1200
1382 100 312,816,1224,1200
1383 100 312,816,1224,1200
1384 100 312,816,1224,1200
1385 100 312,816,1224,1200
1386 100 312,816,1224,1200
1387 100 336,816,1224,1200
1388 100 336,816,1224,1200
1389 100 336,816,1224,1200
1390 100 336,816,1224,1200
1391 100 336,840,1224,1200
1392 100 336,840,1224,1200
1393 100 336,840,1224,1200
1394 100 336,840,1224,1200
1395 100 408,864,1224,1200
1396 100 408,864,1224,1200
1397 100 408,864,1224,1200
1398 100 408,864,1224,1200
1399 100 408,864,1224,1200
1400 100 432,912,1224,1200
1401 100 432,912,1224,1200
1402 100 432,912,1224,1200
1403 100 432,912,1224,1200
1404 100 456,960,1224,1200
1405 100 456,960,1224,1200
1406 100 456,960,1224,1200
1407 100 456,960,1224,1200
1408 100 456,960,1224,1200
1409 100 456,960,1224,1200
1410 100 456,960,1224,1200
1411 100 456,960,1224,1200
1412 100 456,960,1224,1200
1413 100 456,960,1224,1200
1414 100 456,960,1224,1200
1415 100 456,960,1224,1200
1416 100 456,960,1224,1200
1417 100 408,960,1224,1200
1418 100 408,960,1224,1200
1419 100 408,960,1224,1200
1420 100 360,960,1224,1200
1421 100 360,960,1224,1200
1422 100 360,960,1224,1200
1423 100 360,960,1224,1200
1424 100 360,960,1224,1200
1425 100 336,936,1224,1224
1426 100 336,936,1224,1224
1427 100 336,936,1224,1224
1428 100 336,936,1224,1224
1429 100 336,912,1224,1224
1430 100 336,912,1224,1224
1431 100 336,912,1224,1224
1432 100 336,912,1224,1224
1433 100 336,912,1224,1200
1434 100 336,912,1224,1200
1435 100 336,912,1224,1200
1436 100 336,912,1224,1200
1437 100 360,840,1224,1224
1438 100 360,840,1224,1224
1439 100 360,840,1224,1224
1440 100 360,840,1224,1224
1441 100 384,816,1224,1200
1442 100 384,816,1224,1200
1443 100 384,816,1224,1200
1444 100 384,816,1224,1200
1445 100 384,816,1224,1200
1446 100 432,720,1224,1224
1447 100 432,720,1224,1224
1448 100 432,720,1224,1224
1449 100 432,720,1224,1224
1450 100 480,672,1224,1200
1451 100 480,672,1224,1200
1452 100 480,672,1224,1200
1453 100 480,672,1224,1200
1454 100 480,648,1224,1200
1455 100 480,648,1224,1200
1456 100 480,648,1224,1200
1457 100 480,648,1224,1200
1458 100 504,624,1224,1224
1459 100 504,624,1224,1224
1460 100 504,624,1224,1224
1461 100 504,624,1224,1224
1462 100 528,624,1224,1200
1463 100 528,624,1224,1200
1464 100 528,624,1224,1200
1465 100 528,624,1224,1200
1466 100 552,624,1224,1200
1467 100 552,624,1224,1200
1468 100 552,624,1224,1200
1469 100 552,624,1224,1200
1470 100 552,624,1224,1200
1471 100 576,624,1224,1200
1472 100 576,624,1224,1200
1473 100 576,624,1224,1200
1474 100 576,624,1224,1200
1475 100 576,624,1224,1200
1476 100 576,624,1224,1200
1477 100 576,624,1224,1200
1478 100 576,624,1224,1200
1479 100 576,624,1224,1200
1480 100 576,624,1224,1200
1481 100 576,624,1224,1200
1482 100 576,624,1224,1200
1483 100 552,624,1224,1200
1484 100 552,624,1224,1200
1485 100 552,624,1224,1200
1486 100 552,624,1224,1200
1487 100 552,624,1224,1224
1488 100 552,624,1224,1224
1489 100 552,624,1224,1224
1490 100 552,624,1224,1224
1491 100 552,624,1224,1224
1492 100 552,624,1224,1224
1493 100 552,624,1224,1224
1494 100 552,624,1224,1224
1495 100 552,624,1224,1224
1496 100 552,648,1224,1200
1497 100 552,648,1224,1200
1498 100 552,648,1224,1200
1499 100 552,648,1224,1200
1500 100 552,648,1224,1200
1501 100 552,648,1224,1200
1502 100 552,648,1224,1200
1503 100 552,648,1224,1200
1504 100 600,648,1224,1224
1505 100 600,648,1224,1224
1506 100 600,648,1224,1224
1507 100 600,648,1224,1224
1508 100 840,672,1224,1200
1509 100 840,672,1224,1200
1510 100 840,672,1224,1200
1511 100 840,672,1224,1200
1512 100 840,672,1224,1200
1513 100 1056,672,1224,1200
1514 100 1056,672,1224,1200
1515 100 1056,672,1224,1200
1516 100 1056,672,1224,1200
1517 100 1224,672,1224,1224
1518 100 1224,672,1224,1224
1519 100 1224,672,1224,1224
1520 100 1224,672,1224,1224
1521 100 1392,672,1224,1224
1522 100 1392,672,1224,1224
1523 100 1392,672,1224,1224
1524 100 1392,672,1224,1224
1525 100 1560,672,1224,1224
1526 100 1560,672,1224,1224
1527 100 1560,672,1224,1224
1528 100 1560,672,1224,1224
1529 100 1560,672,1224,1224
1530 100 1680,672,1224,1200
1531 100 1680,672,1224,1200
1532 100 1680,672,1224,1200
1533 100 1680,672,1224,1200
1534 100 1800,696,1224,1200
1535 100 1800,696,1224,1200
1536 100 1800,696,1224,1200
1537 100 1800,696,1224,1200
1538 100 1944,696,1224,1200
1539 100 1944,696,1224,1200
1540 100 1944,696,1224,1200
1541 100 1944,696,1224,1200
1542 100 1944,696,1224,1200
1543 100 2040,720,1224,1224
1544 100 2040,720,1224,1224
1545 100 2040,720,1224,1224
1546 100 2064,792,1224,1200
1547 100 2064,792,1224,1200
1548 100 2064,792,1224,1200
1549 100 2064,792,1224,1200
1550 100 2064,792,1224,1200
1551 100 2064,816,1224,1224
1552 100 2064,816,1224,1224
1553 100 2064,816,1224,1224
1554 100 2064,816,1224,1224
1555 100 2064,864,1224,1200
1556 100 2064,864,1224,1200
1557 100 2064,864,1224,1200
1558 100 2064,864,1224,1200
1559 100 2040,864,1224,1200
1560 100 2040,864,1224,1200
1561 100 2040,864,1224,1200
1562 100 2040,864,1224,1200
1563 100 2016,888,1224,1200
1564 100 2016,888,1224,1200
1565 100 2016,888,1224,1200
1566 100 2016,888,1224,1200
1567 100 2016,888,1224,1200
1568 100 2016,912,1224,1200
1569 100 2016,912,1224,1200
1570 100 2016,912,1224,1200
1571 100 1968,960,1224,1200
1572 100 1968,960,1224,1200
1573 100 1968,960,1224,1200
1574 100 1968,960,1224,1200
1575 100 1968,960,1224,1200
1576 100 1968,960,1224,1200
1577 100 912,1008,1224,1152
1578 100 912,1008,1224,1152
1579 100 912,1008,1224,1152
1580 100 0,1032,1224,1128
1581 100 0,1032,1224,1128
1582 100 0,1032,1224,1128
1583 100 0,1032,1224,1128
1584 100 0,1056,1224,1104
1585 100 0,1056,1224,1104
1586 100 0,1056,1224,1104
1587 100 0,1056,1224,1104
1588 100 0,1056,1224,1104
1589 100 0,1056,1224,1104
1590 100 0,1056,1224,1104
1591 100 0,1056,1224,1104
1592 100 0,1056,1224,1104
1593 100 0,1056,1224,1104
1594 100 0,1056,1224,1104
1595 100 0,1056,1224,1104
1596 100 0,1056,1224,1104
1597 100 0,1056,1224,1104
1598 100 0,1056,1224,1104
1599 100 0,1056,1224,1104
1600 100 0,1056,1224,1104
1601 100 0,1056,1224,1104
1602 100 0,1056,1224,1104
1603 100 0,1056,1224,1104
1604 100 0,1056,1224,1104
1605 100 0,1056,1224,1104
1606 100 0,1056,1224,1104
1607 100 0,1056,1224,1104
1608 100 0,1056,1224,1104
1609 100 0,1056,1224,1104
1610 100 0,1056,1224,1104
1611 100 0,1056,1224,1104
1612 100 0,1056,1224,1104
1613 100 0,1056,1224,1104
1614 100 0,1056,1224,1104
1615 100 0,1056,1224,1104
1616 100 0,1056,1224,1104
1617 100 0,1056,1224,1104
1618 100 0,1056,1224,1104
1619 100 0,1056,1224,1104
1620 100 0,1056,1224,1104
1621 100 0,1056,1224,1104
1622 100 0,1056,1224,1104
1623 100 0,1056,1224,1104
1624 100 0,1056,1224,1104
1625 100 0,1056,1224,1104
1626 100 0,1032,1224,1128
1627 100 0,1032,1224,1128
1628 100 0,1032,1224,1128
1629 100 0,1032,1224,1128
1630 100 1944,960,1224,1200
1631 100 1944,960,1224,1200
1632 100 1944,960,1224,1200
1633 100 1944,960,1224,1200
1634 100 1992,864,1224,1224
1635 100 1992,864,1224,1224
1636 100 1992,864,1224,1224
1637 100 1992,864,1224,1224
1638 100 1992,864,1224,1224
1639 100 2016,816,1224,1200
1640 100 2016,816,1224,1200
1641 100 2016,816,1224,1200
1642 100 2016,816,1224,1200
1643 100 2088,696,1224,1200
1644 100 2088,696,1224,1200
1645 100 2088,696,1224,1200
1646 100 2136,600,1224,1200
1647 100 2136,600,1224,1200
1648 100 2136,600,1224,1200
1649 100 2136,600,1224,1200
1650 100 2136,600,1224,1200
1651 100 2136,576,1224,1200
1652 100 2136,576,1224,1200
1653 100 2136,576,1224,1200
1654 100 2136,576,1224,1200
1655 100 2112,552,1224,1224
1656 100 2112,552,1224,1224
1657 100 2112,552,1224,1224
1658 100 2112,552,1224,1224
1659 100 2016,552,1224,1200
1660 100 2016,552,1224,1200
1661 100 2016,552,1224,1200
1662 100 2016,552,1224,1200
1663 100 2016,552,1224,1200
1664 100 1920,552,1224,1224
1665 100 1920,552,1224,1224
1666 100 1920,552,1224,1224
1667 100 1800,552,1224,1224
1668 100 1800,552,1224,1224
1669 100 1800,552,1224,1224
1670 100 1800,552,1224,1224
1671 100 1800,552,1224,1224
1672 100 1680,576,1224,1200
1673 100 1680,576,1224,1200
1674 100 1680,576,1224,1200
1675 100 1680,576,1224,1200
1676 100 1560,576,1224,1200
1677 100 1560,576,1224,1200
1678 100 1560,576,1224,1200
1679 100 1560,576,1224,1200
1680 100 1440,576,1224,1224
1681 100 1440,576,1224,1224
1682 100 1440,576,1224,1224
1683 100 1440,576,1224,1224
1684 100 1320,600,1224,1200
1685 100 1320,600,1224,1200
1686 100 1320,600,1224,1200
1687 100 1320,600,1224,1200
1688 100 1200,624,1224,1200
1689 100 1200,624,1224,1200
1690 100 1200,624,1224,1200
1691 100 1200,624,1224,1200
1692 100 1032,648,1224,1200
1693 100 1032,648,1224,1200
1694 100 1032,648,1224,1200
1695 100 1032,648,1224,1200
1696 100 1032,648,1224,1200
1697 100 912,672,1224,1200
1698 100 912,672,1224,1200
1699 100 912,672,1224,1200
1700 100 912,672,1224,1200
1701 100 816,672,1224,1224
1702 100 816,672,1224,1224
1703 100 816,672,1224,1224
1704 100 816,672,1224,1224
1705 100 696,696,1224,1200
1706 100 696,696,1224,1200
1707 100 696,696,1224,1200
1708 100 696,696,1224,1200
1709 100 600,720,1224,1200
1710 100 600,720,1224,1200
1711 100 600,720,1224,1200
1712 100 600,720,1224,1200
1713 100 528,720,1224,1224
1714 100 528,720,1224,1224
1715 100 528,720,1224,1224
1716 100 528,720,1224,1224
1717 100 456,744,1224,1200
1718 100 456,744,1224,1200
1719 100 456,744,1224,1200
1720 100 456,744,1224,1200
1721 100 456,744,1224,1200
1722 100 408,744,1224,1200
1723 100 408,744,1224,1200
1724 100 408,744,1224,1200
1725 100 408,744,1224,1200
1726 100 384,744,1224,1200
1727 100 384,744,1224,1200
1728 100 384,744,1224,1200
1729 100 384,744,1224,1200
1730 100 360,744,1224,1200
1731 100 360,744,1224,1200
1732 100 360,744,1224,1200
1733 100 360,744,1224,1200
1734 100 360,744,1224,1200
1735 100 360,744,1224,1200
1736 100 360,744,1224,1200
1737 100 360,744,1224,1200
1738 100 360,744,1224,1200
1739 100 384,744,1224,1200
1740 100 384,744,1224,1200
1741 100 384,744,1224,1200
1742 100 384,744,1224,1200
1743 100 384,744,1224,1200
1744 100 384,744,1224,1200
1745 100 384,744,1224,1200
1746 100 384,744,1224,1200
1747 100 408,720,1224,1224
1748 100 408,720,1224,1224
1749 100 408,720,1224,1224
1750 100 408,720,1224,1224
1751 100 408,720,1224,1224
1752 100 408,720,1224,1224
1753 100 408,720,1224,1224
1754 100 408,720,1224,1224
1755 100 408,720,1224,1224
1756 100 408,720,1224,1224
1757 100 408,720,1224,1224
1758 100 408,720,1224,1224
1759 100 408,720,1224,1224
1760 100 408,720,1224,1224
1761 100 408,720,1224,1224
1762 100 408,720,1224,1224
1763 100 408,720,1224,1224
1764 100 408,720,1224,1224
1765 100 408,720,1224,1224
1766 100 408,720,1224,1224
1767 100 408,720,1224,1224
1768 100 408,720,1224,1224
1769 100 408,720,1224,1224
1770 100 408,720,1224,1224
1771 100 408,720,1224,1224
1772 100 408,720,1224,1200
1773 100 408,720,1224,1200
1774 100 408,720,1224,1200
1775 100 408,720,1224,1200
1776 100 408,720,1224,1200
1777 100 336,720,1224,1224
1778 100 336,720,1224,1224
1779 100 336,720,1224,1224
1780 100 336,720,1224,1224
1781 100 336,744,1224,1200
1782 100 336,744,1224,1200
1783 100 336,744,1224,1200
1784 100 336,744,1224,1200
1785 100 264,768,1224,1200
1786 100 264,768,1224,1200
1787 100 264,768,1224,1200
1788 100 264,768,1224,1200
1789 100 168,816,1224,1200
1790 100 168,816,1224,1200
1791 100 168,816,1224,1200
1792 100 168,816,1224,1200
1793 100 72,864,1224,1200
1794 100 72,864,1224,1200
1795 100 72,864,1224,1200
1796 100 72,864,1224,1200
1797 100 72,864,1224,1200
1798 100 0,888,1224,1224
