0 100 384,504,1224,1224
1 100 1800,624,1224,1200
2 100 1800,624,1224,1200
3 100 1800,624,1224,1200
4 100 1800,624,1224,1200
5 100 1800,624,1224,1200
6 100 1800,624,1224,1200
7 100 1800,624,1224,1200
8 100 1800,624,1224,1200
9 100 1800,624,1224,1200
10 100 1800,624,1224,1200
11 100 1800,624,1224,1200
12 100 1800,624,1224,1224
13 100 1776,624,1224,1224
14 100 1776,624,1224,1224
15 100 1752,624,1224,1200
16 100 1752,624,1224,1200
17 100 1752,624,1224,1200
18 100 1656,624,1224,1200
19 100 1656,624,1224,1200
20 100 1584,624,1224,1200
21 100 1584,624,1224,1200
22 100 1536,600,1224,1224
23 100 1512,600,1224,1224
24 100 1512,600,1224,1224
25 100 1512,600,1224,1224
26 100 1512,600,1224,1224
27 100 1488,600,1224,1200
28 100 1488,600,1224,1200
29 100 1488,600,1224,1200
30 100 1488,576,1224,1224
31 100 1488,576,1224,1224
32 100 1488,576,1224,1200
33 100 1488,576,1224,1200
34 100 1464,576,1224,1200
35 100 1464,576,1224,1200
36 100 1464,528,1224,1224
37 100 1464,528,1224,1224
38 100 1464,504,1224,1200
39 100 1464,504,1224,1200
40 100 1464,456,1224,1224
41 100 1464,456,1224,1224
42 100 1440,432,1224,1224
43 100 1416,408,1224,1200
44 100 1416,408,1224,1200
45 100 1392,384,1224,1200
46 100 1392,360,1224,1224
47 100 1368,336,1224,1224
48 100 1368,336,1224,1200
49 100 1344,312,1224,1224
50 100 1320,288,1224,1224
51 100 1320,288,1224,1200
52 100 1296,264,1224,1224
53 100 1296,264,1224,1200
54 100 1296,240,1224,1224
55 100 1272,240,1224,1200
56 100 1272,240,1224,1200
57 100 1248,216,1224,1200
58 100 1248,216,1224,1200
59 100 1248,216,1224,1200
60 100 1224,192,1224,1200
61 100 1224,192,1224,1200
62 100 1224,168,1224,1200
63 100 1200,144,1224,1224
64 100 1200,144,1224,1224
65 100 1200,144,1224,1200
66 100 1200,144,1224,1200
67 100 1176,120,1224,1200
68 100 1176,120,1224,1200
69 100 1176,120,1224,1200
70 100 1176,96,1224,1224
71 100 1200,96,1224,1200
72 100 1224,96,1224,1200
73 100 1248,96,1224,1200
74 100 1248,96,1224,1200
75 100 1272,72,1224,1224
76 100 1296,72,1224,1224
77 100 1296,72,1224,1224
78 100 1320,72,1224,1200
79 100 1320,72,1224,1200
80 100 1344,72,1224,1200
81 100 1344,72,1224,1200
82 100 1344,72,1224,1200
83 100 1344,72,1224,1200
84 100 1368,72,1224,1200
85 100 1368,72,1224,1200
86 100 1392,72,1224,1200
87 100 1392,72,1224,1200
88 100 1392,72,1224,1200
89 100 1416,72,1224,1200
90 100 1416,72,1224,1200
91 100 1416,72,1224,1224
92 100 1440,72,1224,1224
93 100 1440,72,1224,1224
94 100 1440,72,1224,1224
95 100 1440,72,1224,1224
96 100 1464,96,1224,1200
97 100 1464,96,1224,1200
98 100 1464,96,1224,1200
99 100 1464,96,1224,1200
100 100 1464,96,1224,1200
101 100 1464,96,1224,1200
102 100 1464,96,1224,1200
103 100 1464,96,1224,1200
104 100 1464,96,1224,1200
105 100 1464,96,1224,1200
106 100 1440,96,1224,1224
107 100 1440,96,1224,1224
108 100 1416,120,1224,1200
109 100 1392,120,1224,1200
110 100 1368,144,1224,1200
111 100 1344,144,1224,1200
112 100 1344,144,1224,1200
113 100 1320,144,1224,1224
114 100 1296,144,1224,1224
115 100 1272,144,1224,1224
116 100 1248,144,1224,1200
117 100 1248,144,1224,1200
118 100 1248,192,1224,1200
119 100 1248,192,1224,1224
120 100 1224,216,1224,1200
121 100 1224,216,1224,1200
122 100 1224,216,1224,1200
123 100 1224,240,1224,1200
124 100 1224,240,1224,1200
125 100 1200,240,1224,1224
126 100 1200,264,1224,1200
127 100 1176,264,1224,1200
128 100 1176,264,1224,1200
129 100 1176,264,1224,1200
130 100 1176,264,1224,1224
131 100 1176,288,1224,1200
132 100 1200,288,1224,1200
133 100 1200,312,1224,1200
134 100 1200,312,1224,1200
135 100 1200,336,1224,1200
136 100 1200,336,1224,1224
137 100 1200,360,1224,1200
138 100 1200,384,1224,1200
139 100 1200,384,1224,1200
140 100 1224,408,1224,1200
141 100 1224,432,1224,1200
142 100 1224,432,1224,1200
143 100 1248,456,1224,1200
144 100 1248,456,1224,1224
145 100 1248,480,1224,1200
146 100 1248,480,1224,1200
147 100 1248,480,1224,1224
148 100 1272,504,1224,1200
149 100 1272,504,1224,1200
150 100 1272,504,1224,1200
151 100 1272,504,1224,1200
152 100 1272,504,1224,1200
153 100 1272,504,1224,1200
154 100 1272,504,1224,1200
155 100 1272,504,1224,1200
156 100 1272,504,1224,1200
157 100 1272,504,1224,1200
158 100 1272,504,1224,1200
159 100 1272,504,1224,1200
160 100 1272,504,1224,1200
161 100 1272,504,1224,1200
162 100 1272,504,1224,1200
163 100 1272,504,1224,1200
164 100 1272,504,1224,1200
165 100 1272,504,1224,1200
166 100 1272,504,1224,1200
167 100 1272,504,1224,1200
168 100 1272,480,1224,1224
169 100 1272,480,1224,1224
170 100 1272,480,1224,1224
171 100 1272,480,1224,1200
172 100 1272,480,1224,1200
173 100 1248,480,1224,1200
174 100 1248,480,1224,1200
175 100 1248,480,1224,1200
176 100 1248,480,1224,1200
177 100 1248,480,1224,1200
178 100 1224,480,1224,1200
179 100 1224,480,1224,1200
180 100 1200,456,1224,1200
181 100 1176,456,1224,1200
182 100 1152,456,1224,1200
183 100 1128,432,1224,1224
184 100 1128,432,1224,1224
185 100 1128,432,1224,1224
186 100 1104,432,1224,1200
187 100 1104,432,1224,1200
188 100 1104,432,1224,1200
189 100 1056,384,1224,1200
190 100 1056,384,1224,1200
191 100 1056,360,1224,1224
192 100 1056,360,1224,1224
193 100 1032,336,1224,1224
194 100 1032,336,1224,1200
195 100 1008,312,1224,1224
196 100 1008,312,1224,1224
197 100 1008,312,1224,1200
198 100 984,288,1224,1224
199 100 984,288,1224,1224
200 100 984,288,1224,1200
201 100 984,288,1224,1200
202 100 984,264,1224,1200
203 100 984,264,1224,1200
204 100 984,264,1224,1200
205 100 984,240,1224,1224
206 100 984,240,1224,1224
207 100 960,240,1224,1200
208 100 960,240,1224,1200
209 100 960,240,1224,1200
210 100 960,240,1224,1200
211 100 960,240,1224,1224
212 100 984,264,1224,1224
213 100 984,264,1224,1224
214 100 984,264,1224,1224
215 100 984,264,1224,1224
216 100 984,264,1224,1224
217 100 984,264,1224,1224
218 100 984,264,1224,1224
219 100 984,264,1224,1224
220 100 984,264,1224,1224
221 100 984,264,1224,1224
222 100 984,264,1224,1200
223 100 984,264,1224,1224
224 100 984,264,1224,1224
225 100 984,264,1224,1224
226 100 984,264,1224,1224
227 100 984,264,1224,1224
228 100 1008,264,1224,1224
229 100 1008,264,1224,1224
230 100 1008,264,1224,1224
231 100 1008,288,1224,1200
232 100 1008,288,1224,1200
233 100 1008,288,1224,1200
234 100 1008,288,1224,1200
235 100 1008,288,1224,1200
236 100 1008,288,1224,1200
237 100 1008,288,1224,1200
238 100 1032,288,1224,1200
239 100 1032,288,1224,1200
240 100 1056,288,1224,1200
241 100 1056,288,1224,1200
242 100 1080,288,1224,1200
243 100 1104,288,1224,1200
244 100 1104,288,1224,1200
245 100 1128,288,1224,1200
246 100 1128,288,1224,1200
247 100 1152,264,1224,1224
248 100 1152,264,1224,1200
249 100 1176,264,1224,1200
250 100 1200,240,1224,1224
251 100 1200,240,1224,1224
252 100 1200,240,1224,1200
253 100 1224,240,1224,1200
254 100 1224,240,1224,1200
255 100 1224,240,1224,1200
256 100 1224,216,1224,1224
257 100 1224,216,1224,1200
258 100 1248,216,1224,1200
259 100 1248,216,1224,1200
260 100 1248,216,1224,1200
261 100 1248,216,1224,1200
262 100 1272,192,1224,1224
263 100 1272,192,1224,1200
264 100 1272,192,1224,1200
265 100 1296,192,1224,1200
266 100 1296,192,1224,1200
267 100 1296,192,1224,1200
268 100 1320,168,1224,1200
269 100 1320,168,1224,1200
270 100 1344,144,1224,1224
271 100 1344,144,1224,1224
272 100 1368,144,1224,1200
273 100 1368,144,1224,1200
274 100 1392,144,1224,1200
275 100 1392,144,1224,1200
276 100 1416,120,1224,1200
277 100 1440,120,1224,1200
278 100 1464,120,1224,1200
279 100 1464,120,1224,1200
280 100 1512,96,1224,1224
281 100 1536,96,1224,1224
282 100 1536,96,1224,1224
283 100 1608,96,1224,1224
284 100 1608,96,1224,1224
285 100 1656,96,1224,1224
286 100 1656,96,1224,1224
287 100 1656,96,1224,1224
288 100 1728,120,1224,1200
289 100 1752,120,1224,1200
290 100 1800,120,1224,1224
291 100 1800,120,1224,1224
292 100 1800,120,1224,1224
293 100 1848,144,1224,1200
294 100 1848,144,1224,1200
295 100 1872,144,1224,1200
296 100 1872,144,1224,1224
297 100 1872,144,1224,1224
298 100 1920,144,1224,1224
299 100 1920,144,1224,1224
300 100 1944,168,1224,1200
301 100 1944,168,1224,1200
302 100 1944,168,1224,1200
303 100 1992,192,1224,1224
304 100 2016,192,1224,1224
305 100 2064,240,1224,1200
306 100 2064,240,1224,1224
307 100 2088,288,1224,1200
308 100 2136,312,1224,1200
309 100 2136,312,1224,1224
310 100 2184,360,1224,1224
311 100 2184,384,1224,1200
312 100 2232,432,1224,1200
313 100 2232,456,1224,1224
314 100 2232,480,1224,1200
315 100 2232,504,1224,1224
316 100 2232,528,1224,1200
317 100 2232,528,1224,1224
318 100 2232,552,1224,1200
319 100 2208,552,1224,1200
320 100 2208,576,1224,1200
321 100 2208,576,1224,1200
322 100 2208,576,1224,1200
323 100 2232,576,1224,1200
324 100 2232,576,1224,1200
325 100 2256,552,1224,1224
326 100 2256,552,1224,1224
327 100 2280,552,1224,1200
328 100 2280,552,1224,1200
329 100 2280,552,1224,1200
330 100 2280,576,1224,1200
331 100 2280,576,1224,1200
332 100 2304,552,1224,1224
333 100 2304,552,1224,1224
334 100 2328,552,1224,1200
335 100 2328,552,1224,1200
336 100 2328,552,1224,1200
337 100 2328,552,1224,1200
338 100 2328,552,1224,1224
339 100 2328,552,1224,1224
340 100 2352,576,1224,1200
341 100 2352,576,1224,1200
342 100 2400,552,1224,1224
343 100 2400,552,1224,1200
344 100 2448,552,1224,1200
345 100 2472,552,1224,1200
346 100 2472,552,1224,1200
347 100 2496,552,1224,1224
348 100 2496,552,1224,1224
349 100 2520,552,1224,1224
350 100 2544,552,1224,1200
351 100 2544,552,1224,1200
352 100 2568,552,1224,1200
353 100 2592,552,1224,1200
354 100 2592,552,1224,1200
355 100 2616,552,1224,1200
356 100 2616,552,1224,1200
357 100 2640,552,1224,1200
358 100 2664,552,1224,1200
359 100 2664,552,1224,1200
360 100 2664,552,1224,1200
361 100 2712,552,1224,1200
362 100 2808,552,1224,1200
363 100 2808,552,1224,1200
364 100 2808,552,1224,1200
365 100 2832,552,1224,1200
366 100 2832,552,1224,1200
367 100 2832,552,1224,1200
368 100 2904,552,1224,1200
369 100 2880,552,1224,1200
370 100 2952,552,1224,1224
371 100 2928,552,1224,1224
372 100 2928,552,1224,1224
373 100 3000,576,1224,1200
374 100 2976,576,1224,1200
375 100 3048,576,1224,1224
376 100 3168,576,1224,1224
377 100 3168,576,1224,1224
378 100 3240,600,1224,1200
379 100 3240,600,1224,1200
380 100 3216,600,1224,1200
381 100 3216,600,1224,1200
382 100 3216,600,1224,1200
383 100 3384,600,1224,1200
384 100 3360,600,1224,1200
385 100 3288,624,1224,1200
386 100 3288,624,1224,1200
387 100 3312,600,1224,1224
388 100 3336,600,1224,1224
389 100 3336,600,1224,1224
390 100 3360,576,1224,1200
391 100 3408,576,1224,1200
392 100 3408,576,1224,1200
393 100 3504,576,1224,1200
394 100 3528,576,1224,1200
395 100 3576,576,1224,1200
396 100 3576,576,1224,1200
397 100 3576,576,1224,1200
398 100 3384,552,1224,1224
399 100 3384,552,1224,1224
400 100 3480,552,1224,1200
401 100 3480,552,1224,1200
402 100 3576,552,1224,1200
403 100 3576,552,1224,1200
404 100 3384,528,1224,1200
405 100 3408,528,1224,1200
406 100 3408,528,1224,1200
407 100 3408,528,1224,1200
408 100 3576,552,1224,1200
409 100 3576,552,1224,1200
410 100 3672,528,1224,1224
411 100 3360,528,1224,1224
412 100 3360,528,1224,1224
413 100 3384,528,1224,1200
414 100 3384,528,1224,1200
415 100 24,528,1224,1224
416 100 3408,528,1224,1200
417 100 3408,528,1224,1200
418 100 3576,504,1224,1224
419 100 3600,504,1224,1224
420 100 3384,504,1224,1200
421 100 3408,504,1224,1200
422 100 3408,504,1224,1200
423 100 0,504,1224,1224
424 100 24,504,1224,1224
425 100 3480,504,1224,1200
426 100 3480,504,1224,1200
427 100 3480,504,1224,1200
428 100 3456,504,1224,1200
429 100 3456,504,1224,1200
430 100 3504,504,1224,1200
431 100 3528,504,1224,1200
432 100 3648,480,1224,1224
433 100 24,480,1224,1224
434 100 24,480,1224,1224
435 100 3648,480,1224,1224
436 100 3600,480,1224,1224
437 100 3480,504,1224,1200
438 100 3528,504,1224,1200
439 100 3528,504,1224,1200
440 100 3624,480,1224,1224
441 100 0,480,1224,1224
442 100 3408,480,1224,1200
443 100 3432,480,1224,1200
444 100 3456,480,1224,1200
445 100 3624,456,1224,1224
446 100 24,456,1224,1224
447 100 3576,432,1224,1224
448 100 3408,432,1224,1200
449 100 3480,432,1224,1200
450 100 3528,384,1224,1224
451 100 3552,384,1224,1224
452 100 3648,384,1224,1224
453 100 3624,384,1224,1224
454 100 3624,384,1224,1224
455 100 3480,360,1224,1224
456 100 3480,360,1224,1224
457 100 3480,360,1224,1224
458 100 48,360,1224,1224
459 100 48,360,1224,1224
460 100 0,360,1224,1224
461 100 48,360,1224,1224
462 100 48,360,1224,1224
463 100 3384,360,1224,1200
464 100 0,360,1224,1224
465 100 3528,360,1224,1224
466 100 3480,384,1224,1200
467 100 3480,384,1224,1200
468 100 3432,456,1224,1200
469 100 3576,456,1224,1224
470 100 3384,552,1224,1200
471 100 3456,576,1224,1200
472 100 3456,576,1224,1200
473 100 3408,648,1224,1200
474 100 3672,648,1224,1224
475 100 3360,696,1224,1200
476 100 3696,696,1224,1224
477 100 3696,720,1224,1224
478 100 3480,744,1224,1200
479 100 3456,744,1224,1200
480 100 3432,744,1224,1200
481 100 3408,744,1224,1200
482 100 3408,744,1224,1200
483 100 3384,744,1224,1200
484 100 3408,744,1224,1200
485 100 3384,744,1224,1200
486 100 3384,744,1224,1200
487 100 3384,744,1224,1200
488 100 3336,744,1224,1200
489 100 3336,744,1224,1200
490 100 3384,744,1224,1200
491 100 3384,744,1224,1200
492 100 3408,744,1224,1200
493 100 3408,744,1224,1200
494 100 3432,744,1224,1200
495 100 3528,744,1224,1200
496 100 3504,744,1224,1200
497 100 3624,720,1224,1224
498 100 3648,720,1224,1224
499 100 3672,720,1224,1224
500 100 3312,720,1224,1200
501 100 3312,720,1224,1200
502 100 3384,720,1224,1200
503 100 3408,720,1224,1200
504 100 3432,720,1224,1200
505 100 3576,696,1224,1224
506 100 3648,696,1224,1224
507 100 3648,696,1224,1224
508 100 3480,696,1224,1200
509 100 3504,696,1224,1200
510 100 3312,672,1224,1224
511 100 3336,672,1224,1224
512 100 3336,672,1224,1224
513 100 3240,672,1224,1200
514 100 3264,672,1224,1200
515 100 3144,648,1224,1224
516 100 3024,648,1224,1200
517 100 3024,648,1224,1200
518 100 2928,624,1224,1224
519 100 2904,624,1224,1224
520 100 2904,624,1224,1200
521 100 2880,624,1224,1200
522 100 2880,624,1224,1200
523 100 2784,600,1224,1224
524 100 2760,600,1224,1224
525 100 2784,600,1224,1200
526 100 2784,600,1224,1200
527 100 2784,600,1224,1200
528 100 2736,600,1224,1200
529 100 2736,600,1224,1200
530 100 2760,576,1224,1224
531 100 2760,576,1224,1224
532 100 2712,576,1224,1200
533 100 2736,552,1224,1224
534 100 2736,552,1224,1200
535 100 2736,528,1224,1224
536 100 2760,528,1224,1200
537 100 2760,528,1224,1200
538 100 2784,504,1224,1224
539 100 2784,504,1224,1200
540 100 2784,504,1224,1200
541 100 2832,504,1224,1200
542 100 2832,480,1224,1224
543 100 2832,480,1224,1200
544 100 2832,480,1224,1200
545 100 2832,480,1224,1200
546 100 2832,456,1224,1200
547 100 2832,456,1224,1200
548 100 2856,432,1224,1224
549 100 2856,432,1224,1224
550 100 2856,432,1224,1224
551 100 2880,432,1224,1224
552 100 2880,432,1224,1200
553 100 2904,432,1224,1200
554 100 2904,432,1224,1200
555 100 2928,432,1224,1200
556 100 2928,432,1224,1200
557 100 2928,432,1224,1200
558 100 2904,432,1224,1200
559 100 2904,432,1224,1200
560 100 2904,432,1224,1200
561 100 2856,432,1224,1224
562 100 2928,432,1224,1224
563 100 2928,456,1224,1200
564 100 2928,432,1224,1224
565 100 2904,456,1224,1200
566 100 2880,456,1224,1200
567 100 2880,456,1224,1224
568 100 2952,480,1224,1224
569 100 2904,504,1224,1200
570 100 2976,552,1224,1200
571 100 3048,576,1224,1224
572 100 3000,576,1224,1224
573 100 3120,624,1224,1224
574 100 3048,648,1224,1200
575 100 3192,696,1224,1200
576 100 3192,720,1224,1200
577 100 3120,720,1224,1200
578 100 3096,768,1224,1200
579 100 3192,768,1224,1224
580 100 3048,816,1224,1200
581 100 3096,840,1224,1200
582 100 3048,840,1224,1200
583 100 3168,840,1224,1224
584 100 3120,840,1224,1224
585 100 3048,864,1224,1200
586 100 3048,864,1224,1200
587 100 3096,840,1224,1224
588 100 3144,840,1224,1224
589 100 3168,840,1224,1224
590 100 3168,840,1224,1224
591 100 3168,840,1224,1200
592 100 3168,840,1224,1200
593 100 3216,840,1224,1200
594 100 3216,840,1224,1200
595 100 3216,840,1224,1200
596 100 3216,840,1224,1200
597 100 3240,840,1224,1200
598 100 3288,840,1224,1200
599 100 3288,840,1224,1200
600 100 3048,840,1224,1200
601 100 3096,840,1224,1200
602 100 3120,840,1224,1200
603 100 3144,816,1224,1224
604 100 3192,816,1224,1224
605 100 3216,816,1224,1200
606 100 3240,816,1224,1200
607 100 3240,816,1224,1200
608 100 3336,816,1224,1200
609 100 3312,816,1224,1200
610 100 3360,816,1224,1200
611 100 3384,792,1224,1224
612 100 3384,792,1224,1224
613 100 3384,816,1224,1200
614 100 3384,816,1224,1200
615 100 3384,816,1224,1200
616 100 3432,816,1224,1200
617 100 3408,816,1224,1200
618 100 3432,792,1224,1224
619 100 3480,792,1224,1224
620 100 3480,792,1224,1224
621 100 3504,792,1224,1224
622 100 3504,792,1224,1224
623 100 3192,792,1224,1224
624 100 3216,792,1224,1224
625 100 3216,792,1224,1224
626 100 3288,792,1224,1200
627 100 3336,792,1224,1200
628 100 3384,792,1224,1200
629 100 3384,792,1224,1200
630 100 3480,792,1224,1200
631 100 3168,792,1224,1200
632 100 3216,768,1224,1224
633 100 3240,768,1224,1224
634 100 3264,768,1224,1200
635 100 3312,768,1224,1200
636 100 3384,768,1224,1200
637 100 3384,768,1224,1200
638 100 3240,744,1224,1224
639 100 3264,744,1224,1224
640 100 3264,744,1224,1224
641 100 3264,720,1224,1224
642 100 3288,720,1224,1224
643 100 3408,720,1224,1200
644 100 3216,720,1224,1200
645 100 3240,720,1224,1200
646 100 3336,696,1224,1224
647 100 3360,696,1224,1200
648 100 3432,696,1224,1200
649 100 3432,696,1224,1200
650 100 3432,696,1224,1200
651 100 3216,696,1224,1200
652 100 3240,696,1224,1200
653 100 3240,696,1224,1200
654 100 3240,696,1224,1200
655 100 3240,696,1224,1200
656 100 3336,672,1224,1224
657 100 3360,672,1224,1200
658 100 3240,672,1224,1200
659 100 3288,672,1224,1200
660 100 3312,648,1224,1224
661 100 3384,648,1224,1200
662 100 3384,648,1224,1200
663 100 3384,648,1224,1200
664 100 3384,648,1224,1200
665 100 3384,648,1224,1200
666 100 3336,648,1224,1200
667 100 3336,648,1224,1224
668 100 3312,648,1224,1224
669 100 3312,648,1224,1224
670 100 3288,648,1224,1224
671 100 3288,672,1224,1200
672 100 3288,672,1224,1200
673 100 3240,672,1224,1200
674 100 3432,672,1224,1200
675 100 3408,672,1224,1200
676 100 3288,672,1224,1224
677 100 3264,696,1224,1200
678 100 3432,696,1224,1200
679 100 3360,696,1224,1200
680 100 3360,696,1224,1200
681 100 3336,696,1224,1200
682 100 3336,696,1224,1200
683 100 3360,696,1224,1200
684 100 3384,696,1224,1200
685 100 3408,696,1224,1200
686 100 3528,696,1224,1200
687 100 3552,696,1224,1200
688 100 3672,672,1224,1224
689 100 3336,672,1224,1224
690 100 3336,672,1224,1200
691 100 3384,672,1224,1200
692 100 3384,672,1224,1200
693 100 3504,672,1224,1200
694 100 3552,672,1224,1200
695 100 3600,648,1224,1224
696 100 3456,648,1224,1200
697 100 3504,648,1224,1200
698 100 3600,624,1224,1224
699 100 3648,624,1224,1224
700 100 3360,624,1224,1224
701 100 3408,624,1224,1200
702 100 3408,624,1224,1200
703 100 3408,624,1224,1200
704 100 3528,624,1224,1200
705 100 3528,624,1224,1200
706 100 3576,600,1224,1224
707 100 3576,600,1224,1224
708 100 3600,600,1224,1224
709 100 3360,600,1224,1224
710 100 3384,600,1224,1200
711 100 3456,600,1224,1200
712 100 3480,600,1224,1200
713 100 3384,576,1224,1200
714 100 3408,552,1224,1200
715 100 3528,552,1224,1200
716 100 3576,528,1224,1200
717 100 3384,504,1224,1224
718 100 3408,504,1224,1200
719 100 3456,504,1224,1200
720 100 3480,504,1224,1200
721 100 3552,504,1224,1200
722 100 3600,480,1224,1224
723 100 3408,480,1224,1200
724 100 3456,480,1224,1200
725 100 3456,480,1224,1200
726 100 3552,480,1224,1200
727 100 3552,456,1224,1224
728 100 3360,456,1224,1224
729 100 3360,456,1224,1224
730 100 3384,456,1224,1224
731 100 3384,456,1224,1224
732 100 3408,456,1224,1200
733 100 3432,456,1224,1200
734 100 3456,456,1224,1200
735 100 3504,456,1224,1200
736 100 3552,432,1224,1224
737 100 3552,432,1224,1224
738 100 3360,432,1224,1224
739 100 3384,432,1224,1224
740 100 3384,432,1224,1200
741 100 3528,432,1224,1200
742 100 3600,408,1224,1224
743 100 3360,384,1224,1224
744 100 3432,360,1224,1200
745 100 3576,336,1224,1224
746 100 3528,312,1224,1224
747 100 3384,312,1224,1200
748 100 3552,288,1224,1224
749 100 3384,264,1224,1224
750 100 3432,264,1224,1224
751 100 3336,240,1224,1248
752 100 3360,240,1224,1224
753 100 3432,240,1224,1224
754 100 3528,240,1224,1224
755 100 3552,240,1224,1224
756 100 3336,216,1224,1248
757 100 3336,216,1224,1224
758 100 3408,216,1224,1224
759 100 3480,216,1224,1224
760 100 3480,216,1224,1224
761 100 3384,216,1224,1224
762 100 3264,240,1224,1224
763 100 3432,240,1224,1224
764 100 3312,312,1224,1224
765 100 3240,312,1224,1224
766 100 3096,384,1224,1200
767 100 2976,408,1224,1200
768 100 3024,432,1224,1200
769 100 2880,480,1224,1200
770 100 2808,504,1224,1200
771 100 2736,552,1224,1200
772 100 2736,576,1224,1200
773 100 2736,576,1224,1200
774 100 2664,576,1224,1224
775 100 2640,600,1224,1200
776 100 2640,600,1224,1224
777 100 2616,624,1224,1200
778 100 2568,624,1224,1200
779 100 2544,624,1224,1200
780 100 2544,624,1224,1200
781 100 2544,624,1224,1200
782 100 2520,624,1224,1200
783 100 2520,624,1224,1200
784 100 2496,624,1224,1224
785 100 2496,624,1224,1224
786 100 2496,624,1224,1224
787 100 2496,648,1224,1200
788 100 2472,648,1224,1200
789 100 2472,648,1224,1200
790 100 2448,648,1224,1200
791 100 2448,648,1224,1200
792 100 2424,648,1224,1200
793 100 2400,648,1224,1200
794 100 2352,648,1224,1200
795 100 2352,648,1224,1200
796 100 2280,648,1224,1200
797 100 2256,648,1224,1200
798 100 2256,648,1224,1200
799 100 2208,648,1224,1200
800 100 2208,624,1224,1224
801 100 2184,624,1224,1224
802 100 2160,624,1224,1224
803 100 2160,624,1224,1224
804 100 2112,624,1224,1224
805 100 2112,624,1224,1224
806 100 2088,624,1224,1224
807 100 2064,624,1224,1224
808 100 2064,624,1224,1224
809 100 2064,624,1224,1200
810 100 2064,624,1224,1200
811 100 2040,624,1224,1200
812 100 2040,624,1224,1200
813 100 2040,600,1224,1224
814 100 2016,600,1224,1224
815 100 2016,600,1224,1224
816 100 1992,600,1224,1224
817 100 1968,600,1224,1224
818 100 1968,600,1224,1224
819 100 1920,600,1224,1200
820 100 1920,600,1224,1200
821 100 1872,576,1224,1224
822 100 1848,576,1224,1200
823 100 1848,576,1224,1200
824 100 1800,552,1224,1224
825 100 1800,552,1224,1200
826 100 1776,528,1224,1224
827 100 1752,528,1224,1200
828 100 1752,528,1224,1200
829 100 1752,504,1224,1224
830 100 1728,504,1224,1224
831 100 1728,504,1224,1200
832 100 1704,504,1224,1200
833 100 1704,504,1224,1200
834 100 1680,480,1224,1224
835 100 1680,480,1224,1224
836 100 1680,480,1224,1224
837 100 1680,456,1224,1224
838 100 1680,456,1224,1224
839 100 1656,456,1224,1200
840 100 1656,432,1224,1224
841 100 1656,432,1224,1224
842 100 1632,432,1224,1200
843 100 1632,432,1224,1200
844 100 1608,432,1224,1200
845 100 1608,432,1224,1200
846 100 1608,432,1224,1200
847 100 1608,408,1224,1224
848 100 1584,408,1224,1224
849 100 1584,408,1224,1224
850 100 1584,408,1224,1200
851 100 1584,384,1224,1224
852 100 1560,384,1224,1224
853 100 1560,384,1224,1224
854 100 1536,384,1224,1200
855 100 1536,384,1224,1200
856 100 1536,384,1224,1200
857 100 1512,384,1224,1200
858 100 1488,360,1224,1224
859 100 1464,360,1224,1200
860 100 1440,360,1224,1200
861 100 1440,360,1224,1200
862 100 1416,336,1224,1224
863 100 1416,336,1224,1200
864 100 1416,336,1224,1200
865 100 1392,336,1224,1200
866 100 1392,336,1224,1200
867 100 1392,312,1224,1224
868 100 1392,312,1224,1224
869 100 1392,312,1224,1200
870 100 1392,312,1224,1200
871 100 1368,288,1224,1224
872 100 1368,288,1224,1200
873 100 1368,288,1224,1200
874 100 1368,264,1224,1200
875 100 1368,240,1224,1224
876 100 1368,240,1224,1224
877 100 1368,240,1224,1200
878 100 1368,240,1224,1200
879 100 1368,240,1224,1200
880 100 1368,192,1224,1224
881 100 1368,192,1224,1224
882 100 1368,192,1224,1200
883 100 1368,192,1224,1200
884 100 1368,192,1224,1200
885 100 1368,168,1224,1224
886 100 1368,168,1224,1224
887 100 1368,168,1224,1224
888 100 1368,168,1224,1224
889 100 1368,168,1224,1224
890 100 1392,168,1224,1224
891 100 1392,168,1224,1224
892 100 1392,168,1224,1224
893 100 1392,168,1224,1224
894 100 1392,168,1224,1224
895 100 1392,168,1224,1224
896 100 1392,168,1224,1224
897 100 1392,168,1224,1224
898 100 1392,168,1224,1224
899 100 1392,168,1224,1224
900 100 1392,168,1224,1224
901 100 1392,168,1224,1224
902 100 1392,168,1224,1224
903 100 1392,168,1224,1224
904 100 1392,168,1224,1224
905 100 1392,168,1224,1224
906 100 1392,192,1224,1200
907 100 1392,192,1224,1200
908 100 1392,168,1224,1224
909 100 1392,192,1224,1200
910 100 1392,192,1224,1200
911 100 1392,192,1224,1200
912 100 1392,192,1224,1200
913 100 1392,192,1224,1200
914 100 1392,192,1224,1224
915 100 1392,216,1224,1200
916 100 1392,216,1224,1200
917 100 1416,240,1224,1200
918 100 1416,240,1224,1224
919 100 1416,240,1224,1224
920 100 1488,336,1224,1224
921 100 1488,360,1224,1224
922 100 1536,456,1224,1200
923 100 1536,480,1224,1200
924 100 1536,480,1224,1200
925 100 1488,600,1224,1200
926 100 1464,600,1224,1224
927 100 1440,648,1224,1224
928 100 1440,648,1224,1224
929 100 1440,672,1224,1200
930 100 1416,696,1224,1200
931 100 1416,696,1224,1200
932 100 1416,720,1224,1200
933 100 1392,720,1224,1200
934 100 1392,720,1224,1200
935 100 1392,744,1224,1200
936 100 1392,744,1224,1200
937 100 1368,768,1224,1200
938 100 1368,768,1224,1224
939 100 1368,768,1224,1224
940 100 1296,864,1224,1200
941 100 1296,888,1224,1200
942 100 1248,912,1224,1224
943 100 1248,936,1224,1200
944 100 1248,936,1224,1200
945 100 1200,984,1224,1176
946 100 1008,984,1224,1176
947 100 0,1032,1224,1128
948 100 0,1032,1224,1128
949 100 0,1032,1224,1128
950 100 0,1056,1224,1104
951 100 0,1056,1224,1104
952 100 0,1056,1224,1104
953 100 0,1056,1224,1104
954 100 0,1056,1224,1104
955 100 0,1056,1224,1104
956 100 0,1056,1224,1104
957 100 0,1056,1224,1104
958 100 0,1056,1224,1104
959 100 0,1056,1224,1104
960 100 0,1056,1224,1104
961 100 0,1056,1224,1104
962 100 0,1056,1224,1104
963 100 0,1056,1224,1104
964 100 0,1056,1224,1104
965 100 0,1056,1224,1104
966 100 0,1056,1224,1104
967 100 0,1056,1224,1104
968 100 0,1056,1224,1104
969 100 0,1056,1224,1104
970 100 0,1056,1224,1104
971 100 0,1032,1224,1128
972 100 0,1032,1224,1128
973 100 0,1032,1224,1128
974 100 0,1032,1224,1128
975 100 0,1032,1224,1128
976 100 0,1032,1224,1128
977 100 0,1032,1224,1128
978 100 0,1032,1224,1128
979 100 0,1032,1224,1128
980 100 0,1008,1224,1152
981 100 0,1008,1224,1152
982 100 1200,984,1224,1176
983 100 1344,960,1224,1200
984 100 1344,960,1224,1200
985 100 1392,912,1224,1224
986 100 1392,912,1224,1200
987 100 1392,912,1224,1200
988 100 1440,864,1224,1200
989 100 1464,840,1224,1200
990 100 1488,816,1224,1200
991 100 1488,792,1224,1224
992 100 1512,768,1224,1224
993 100 1536,768,1224,1200
994 100 1536,744,1224,1200
995 100 1560,720,1224,1224
996 100 1560,720,1224,1200
997 100 1584,696,1224,1224
998 100 1584,672,1224,1224
999 100 1584,672,1224,1224
1000 100 1584,648,1224,1224
1001 100 1584,648,1224,1224
1002 100 1584,648,1224,1200
1003 100 1584,648,1224,1200
1004 100 1584,648,1224,1200
1005 100 1584,648,1224,1200
1006 100 1584,648,1224,1200
1007 100 1560,648,1224,1200
1008 100 1560,648,1224,1200
1009 100 1560,648,1224,1200
1010 100 1560,648,1224,1200
1011 100 1560,648,1224,1200
1012 100 1560,648,1224,1200
1013 100 1560,648,1224,1224
1014 100 1536,648,1224,1224
1015 100 1536,648,1224,1224
1016 100 1536,648,1224,1224
1017 100 1536,648,1224,1224
1018 100 1536,672,1224,1200
1019 100 1536,672,1224,1200
1020 100 1512,672,1224,1224
1021 100 1512,696,1224,1200
1022 100 1512,720,1224,1200
1023 100 1512,720,1224,1224
1024 100 1488,744,1224,1200
1025 100 1488,744,1224,1200
1026 100 1488,744,1224,1224
1027 100 1488,744,1224,1224
1028 100 1488,768,1224,1200
1029 100 1488,768,1224,1200
1030 100 1488,768,1224,1200
1031 100 1488,768,1224,1224
1032 100 1488,792,1224,1200
1033 100 1488,792,1224,1200
1034 100 1488,792,1224,1224
1035 100 1488,816,1224,1200
1036 100 1488,816,1224,1200
1037 100 1488,816,1224,1200
1038 100 1488,816,1224,1224
1039 100 1488,816,1224,1224
1040 100 1512,816,1224,1224
1041 100 1512,816,1224,1200
1042 100 1536,792,1224,1224
1043 100 1560,792,1224,1200
1044 100 1560,768,1224,1200
1045 100 1608,744,1224,1224
1046 100 1608,744,1224,1200
1047 100 1656,720,1224,1200
1048 100 1680,696,1224,1224
1049 100 1704,696,1224,1200
1050 100 1704,672,1224,1224
1051 100 1728,672,1224,1224
1052 100 1752,672,1224,1200
1053 100 1752,648,1224,1200
1054 100 1752,624,1224,1224
1055 100 1776,624,1224,1224
1056 100 1776,624,1224,1200
1057 100 1776,624,1224,1200
1058 100 1800,600,1224,1224
1059 100 1800,600,1224,1224
1060 100 1824,600,1224,1224
1061 100 1824,600,1224,1224
1062 100 1824,600,1224,1224
1063 100 1848,600,1224,1224
1064 100 1848,600,1224,1224
1065 100 1848,600,1224,1200
1066 100 1848,600,1224,1200
1067 100 1872,600,1224,1200
1068 100 1872,600,1224,1200
1069 100 1872,600,1224,1200
1070 100 1872,600,1224,1200
1071 100 1872,600,1224,1200
1072 100 1872,600,1224,1200
1073 100 1872,600,1224,1200
1074 100 1872,600,1224,1224
1075 100 1872,600,1224,1224
1076 100 1872,600,1224,1224
1077 100 1872,624,1224,1200
1078 100 1896,624,1224,1200
1079 100 1896,624,1224,1200
1080 100 1896,624,1224,1200
1081 100 1896,624,1224,1224
1082 100 1920,648,1224,1200
1083 100 1920,672,1224,1200
1084 100 1920,672,1224,1224
1085 100 1944,696,1224,1224
1086 100 1944,720,1224,1200
1087 100 1992,720,1224,1224
1088 100 2016,744,1224,1200
1089 100 2016,744,1224,1200
1090 100 2064,768,1224,1200
1091 100 2064,768,1224,1200
1092 100 2088,768,1224,1200
1093 100 2088,768,1224,1224
1094 100 2088,768,1224,1224
1095 100 2064,792,1224,1200
1096 100 2064,792,1224,1200
1097 100 2064,792,1224,1200
1098 100 2064,792,1224,1200
1099 100 2064,792,1224,1200
1100 100 2064,792,1224,1224
1101 100 2064,816,1224,1200
1102 100 2064,816,1224,1200
1103 100 2064,816,1224,1200
1104 100 2064,816,1224,1200
1105 100 2064,816,1224,1200
1106 100 2088,816,1224,1200
1107 100 2088,816,1224,1200
1108 100 2088,816,1224,1224
1109 100 2088,816,1224,1224
1110 100 2112,840,1224,1200
1111 100 2112,840,1224,1200
1112 100 2136,840,1224,1200
1113 100 2136,840,1224,1200
1114 100 2160,840,1224,1200
1115 100 2184,840,1224,1200
1116 100 2184,840,1224,1200
1117 100 2208,840,1224,1200
1118 100 2208,816,1224,1224
1119 100 2208,816,1224,1224
1120 100 2232,816,1224,1224
1121 100 2232,816,1224,1200
1122 100 2232,816,1224,1200
1123 100 2256,816,1224,1200
1124 100 2256,792,1224,1224
1125 100 2280,792,1224,1200
1126 100 2304,768,1224,1200
1127 100 2352,768,1224,1200
1128 100 2376,744,1224,1200
1129 100 2376,744,1224,1200
1130 100 2400,720,1224,1200
1131 100 2424,720,1224,1200
1132 100 2424,720,1224,1200
1133 100 2472,696,1224,1200
1134 100 2496,696,1224,1200
1135 100 2544,672,1224,1200
1136 100 2568,648,1224,1224
1137 100 2568,648,1224,1224
1138 100 2640,648,1224,1200
1139 100 2664,648,1224,1200
1140 100 2688,648,1224,1200
1141 100 2664,648,1224,1200
1142 100 2736,624,1224,1224
1143 100 2760,648,1224,1200
1144 100 2760,648,1224,1200
1145 100 2784,648,1224,1200
1146 100 2784,648,1224,1200
1147 100 2760,648,1224,1200
1148 100 2808,648,1224,1224
1149 100 2808,648,1224,1224
1150 100 2784,672,1224,1200
1151 100 2736,672,1224,1224
1152 100 2784,672,1224,1224
1153 100 2760,696,1224,1200
1154 100 2712,696,1224,1224
1155 100 2712,696,1224,1224
1156 100 2664,744,1224,1224
1157 100 2664,744,1224,1224
1158 100 2616,744,1224,1224
1159 100 2592,744,1224,1224
1160 100 2568,768,1224,1200
1161 100 2520,768,1224,1224
1162 100 2520,768,1224,1224
1163 100 2496,792,1224,1224
1164 100 2472,816,1224,1200
1165 100 2472,816,1224,1200
1166 100 2376,864,1224,1200
1167 100 2376,888,1224,1200
1168 100 2376,888,1224,1200
1169 100 2256,960,1224,1200
1170 100 2184,960,1224,1200
1171 100 2184,960,1224,1200
1172 100 1920,984,1224,1176
1173 100 1632,984,1224,1176
1174 100 1536,1008,1224,1152
1175 100 1536,1008,1224,1152
1176 100 1800,984,1224,1176
1177 100 1752,984,1224,1176
1178 100 1824,984,1224,1176
1179 100 1776,984,1224,1176
1180 100 1776,984,1224,1176
1181 100 2016,984,1224,1176
1182 100 2016,984,1224,1176
1183 100 2016,984,1224,1176
1184 100 1968,960,1224,1200
1185 100 1968,960,1224,1200
1186 100 1968,960,1224,1200
1187 100 1944,960,1224,1200
1188 100 1920,936,1224,1200
1189 100 1896,936,1224,1200
1190 100 1896,936,1224,1200
1191 100 1800,864,1224,1224
1192 100 1752,840,1224,1248
1193 100 1728,840,1224,1224
1194 100 1728,840,1224,1224
1195 100 1704,816,1224,1248
1196 100 1704,816,1224,1224
1197 100 1704,816,1224,1224
1198 100 1680,816,1224,1224
1199 100 1680,816,1224,1224
1200 100 1680,816,1224,1224
1201 100 1656,816,1224,1224
1202 100 1656,816,1224,1224
1203 100 1656,816,1224,1224
1204 100 1632,816,1224,1224
1205 100 1632,816,1224,1224
1206 100 1608,816,1224,1200
1207 100 1608,792,1224,1224
1208 100 1608,792,1224,1224
1209 100 1608,792,1224,1200
1210 100 1584,792,1224,1200
1211 100 1584,768,1224,1224
1212 100 1584,768,1224,1224
1213 100 1560,768,1224,1224
1214 100 1560,768,1224,1224
1215 100 1536,768,1224,1200
1216 100 1536,744,1224,1224
1217 100 1536,744,1224,1224
1218 100 1536,744,1224,1200
1219 100 1512,720,1224,1224
1220 100 1512,696,1224,1224
1221 100 1488,696,1224,1200
1222 100 1488,696,1224,1200
1223 100 1488,672,1224,1224
1224 100 1464,648,1224,1224
1225 100 1464,648,1224,1224
1226 100 1464,648,1224,1200
1227 100 1464,648,1224,1200
1228 100 1464,624,1224,1224
1229 100 1464,624,1224,1224
1230 100 1464,624,1224,1224
1231 100 1464,624,1224,1200
1232 100 1464,624,1224,1200
1233 100 1464,624,1224,1200
1234 100 1464,624,1224,1200
1235 100 1440,624,1224,1200
1236 100 1440,624,1224,1200
1237 100 1440,624,1224,1200
1238 100 1440,624,1224,1200
1239 100 1440,624,1224,1200
1240 100 1440,624,1224,1200
1241 100 1416,624,1224,1200
1242 100 1416,624,1224,1200
1243 100 1416,624,1224,1200
1244 100 1368,624,1224,1224
1245 100 1320,648,1224,1224
1246 100 1272,672,1224,1224
1247 100 1248,672,1224,1224
1248 100 1248,696,1224,1200
1249 100 1248,696,1224,1224
1250 100 1248,696,1224,1224
1251 100 1248,720,1224,1200
1252 100 1248,720,1224,1200
1253 100 1200,744,1224,1200
1254 100 1176,768,1224,1200
1255 100 1128,792,1224,1200
1256 100 1104,816,1224,1224
1257 100 1080,816,1224,1224
1258 100 1080,816,1224,1224
1259 100 1032,888,1224,1224
1260 100 1032,888,1224,1224
1261 100 1008,912,1224,1224
1262 100 984,936,1224,1224
1263 100 984,936,1224,1224
1264 100 960,960,1224,1200
1265 100 936,960,1224,1200
1266 100 936,960,1224,1200
1267 100 864,960,1224,1200
1268 100 864,960,1224,1200
1269 100 816,960,1224,1200
1270 100 792,960,1224,1200
1271 100 888,960,1224,1200
1272 100 888,960,1224,1200
1273 100 864,936,1224,1224
1274 100 864,936,1224,1224
1275 100 840,936,1224,1224
1276 100 816,912,1224,1248
1277 100 816,912,1224,1248
1278 100 792,888,1224,1272
1279 100 768,864,1224,1296
1280 100 744,864,1224,1296
1281 100 744,888,1224,1272
1282 100 744,888,1224,1272
1283 100 744,888,1224,1272
1284 100 744,888,1224,1272
1285 100 744,888,1224,1248
1286 100 744,864,1224,1272
1287 100 720,864,1224,1272
1288 100 720,864,1224,1248
1289 100 720,840,1224,1272
1290 100 720,840,1224,1272
1291 100 720,840,1224,1248
1292 100 720,840,1224,1248
1293 100 696,840,1224,1248
1294 100 696,816,1224,1272
1295 100 696,816,1224,1248
1296 100 672,816,1224,1248
1297 100 672,816,1224,1248
1298 100 672,816,1224,1248
1299 100 672,816,1224,1248
1300 100 648,816,1224,1224
1301 100 648,792,1224,1248
1302 100 648,792,1224,1248
1303 100 648,792,1224,1248
1304 100 648,792,1224,1248
1305 100 648,792,1224,1248
1306 100 648,792,1224,1248
1307 100 648,792,1224,1248
1308 100 648,792,1224,1248
1309 100 648,792,1224,1248
1310 100 648,792,1224,1248
1311 100 624,816,1224,1224
1312 100 624,816,1224,1224
1313 100 624,816,1224,1224
1314 100 624,816,1224,1224
1315 100 624,816,1224,1224
1316 100 648,816,1224,1224
1317 100 648,816,1224,1224
1318 100 648,816,1224,1224
1319 100 648,816,1224,1224
1320 100 648,816,1224,1224
1321 100 648,816,1224,1224
1322 100 648,816,1224,1224
1323 100 648,816,1224,1224
1324 100 648,816,1224,1224
1325 100 648,816,1224,1224
1326 100 672,792,1224,1248
1327 100 672,792,1224,1248
1328 100 696,792,1224,1224
1329 100 696,792,1224,1224
1330 100 696,792,1224,1224
1331 100 720,768,1224,1248
1332 100 720,768,1224,1224
1333 100 744,768,1224,1224
1334 100 744,768,1224,1224
1335 100 744,768,1224,1200
1336 100 768,744,1224,1224
1337 100 768,744,1224,1224
1338 100 792,744,1224,1200
1339 100 792,720,1224,1224
1340 100 792,720,1224,1224
1341 100 792,720,1224,1224
1342 100 816,720,1224,1224
1343 100 816,720,1224,1200
1344 100 816,720,1224,1200
1345 100 816,720,1224,1200
1346 100 816,720,1224,1200
1347 100 816,720,1224,1200
1348 100 816,720,1224,1200
1349 100 816,720,1224,1224
1350 100 816,720,1224,1224
1351 100 816,720,1224,1224
1352 100 816,720,1224,1224
1353 100 816,720,1224,1224
1354 100 816,720,1224,1224
1355 100 816,720,1224,1224
1356 100 816,720,1224,1200
1357 100 840,720,1224,1200
1358 100 840,720,1224,1200
1359 100 840,720,1224,1200
1360 100 840,720,1224,1200
1361 100 840,720,1224,1224
1362 100 816,720,1224,1224
1363 100 840,744,1224,1200
1364 100 840,720,1224,1224
1365 100 840,720,1224,1224
1366 100 840,720,1224,1224
1367 100 840,720,1224,1224
1368 100 840,720,1224,1224
1369 100 840,720,1224,1224
1370 100 840,720,1224,1224
1371 100 816,720,1224,1224
1372 100 816,744,1224,1224
1373 100 816,744,1224,1200
1374 100 816,744,1224,1200
1375 100 816,744,1224,1200
1376 100 816,744,1224,1200
1377 100 816,744,1224,1200
1378 100 816,744,1224,1200
1379 100 816,744,1224,1200
1380 100 816,744,1224,1200
1381 100 816,744,1224,1200
1382 100 816,744,1224,1200
1383 100 816,744,1224,1200
1384 100 792,720,1224,1224
1385 100 792,720,1224,1224
1386 100 792,720,1224,1224
1387 100 792,720,1224,1224
1388 100 792,720,1224,1224
1389 100 744,696,1224,1224
1390 100 744,696,1224,1224
1391 100 672,720,1224,1200
1392 100 672,720,1224,1200
1393 100 672,720,1224,1224
1394 100 648,720,1224,1224
1395 100 624,744,1224,1200
1396 100 624,744,1224,1200
1397 100 624,744,1224,1200
1398 100 624,744,1224,1200
1399 100 624,744,1224,1200
1400 100 624,744,1224,1200
1401 100 624,744,1224,1200
1402 100 624,744,1224,1200
1403 100 624,744,1224,1200
1404 100 624,744,1224,1224
1405 100 624,744,1224,1224
1406 100 600,744,1224,1224
1407 100 624,744,1224,1224
1408 100 624,744,1224,1200
1409 100 624,744,1224,1200
1410 100 624,744,1224,1200
1411 100 624,744,1224,1200
1412 100 624,744,1224,1224
1413 100 624,744,1224,1224
1414 100 624,744,1224,1224
1415 100 624,768,1224,1224
1416 100 648,768,1224,1224
1417 100 648,792,1224,1200
1418 100 648,792,1224,1224
1419 100 648,792,1224,1224
1420 100 624,792,1224,1224
1421 100 624,792,1224,1224
1422 100 624,816,1224,1200
1423 100 624,816,1224,1224
1424 100 600,840,1224,1200
1425 100 600,840,1224,1224
1426 100 600,840,1224,1224
1427 100 600,840,1224,1224
1428 100 600,864,1224,1200
1429 100 600,864,1224,1224
1430 100 576,888,1224,1224
1431 100 576,888,1224,1224
1432 100 576,912,1224,1224
1433 100 576,936,1224,1200
1434 100 552,936,1224,1224
1435 100 552,960,1224,1200
1436 100 552,960,1224,1200
1437 100 552,960,1224,1200
1438 100 552,960,1224,1200
1439 100 552,960,1224,1200
1440 100 552,960,1224,1200
1441 100 552,960,1224,1200
1442 100 576,960,1224,1200
1443 100 576,960,1224,1200
1444 100 576,936,1224,1224
1445 100 576,936,1224,1224
1446 100 576,936,1224,1224
1447 100 552,936,1224,1224
1448 100 552,936,1224,1224
1449 100 552,936,1224,1224
1450 100 552,912,1224,1224
1451 100 528,888,1224,1248
1452 100 528,888,1224,1248
1453 100 528,888,1224,1224
1454 100 552,888,1224,1224
1455 100 576,864,1224,1248
1456 100 576,864,1224,1224
1457 100 600,840,1224,1224
1458 100 600,840,1224,1224
1459 100 624,816,1224,1224
1460 100 624,792,1224,1224
1461 100 624,792,1224,1224
1462 100 648,768,1224,1224
1463 100 648,768,1224,1224
1464 100 648,768,1224,1200
1465 100 672,744,1224,1224
1466 100 672,744,1224,1200
1467 100 672,720,1224,1224
1468 100 672,720,1224,1200
1469 100 672,720,1224,1200
1470 100 696,696,1224,1224
1471 100 696,696,1224,1224
1472 100 696,696,1224,1200
1473 100 696,696,1224,1200
1474 100 696,696,1224,1200
1475 100 696,696,1224,1200
1476 100 696,696,1224,1200
1477 100 696,696,1224,1200
1478 100 672,696,1224,1200
1479 100 648,696,1224,1200
1480 100 624,696,1224,1200
1481 100 624,696,1224,1200
1482 100 600,672,1224,1224
1483 100 600,672,1224,1224
1484 100 600,672,1224,1224
1485 100 576,672,1224,1224
1486 100 576,672,1224,1224
1487 100 576,672,1224,1224
1488 100 576,672,1224,1224
1489 100 576,672,1224,1224
1490 100 576,672,1224,1224
1491 100 576,672,1224,1224
1492 100 576,672,1224,1224
1493 100 576,672,1224,1224
1494 100 576,696,1224,1200
1495 100 576,696,1224,1200
1496 100 576,696,1224,1200
1497 100 576,672,1224,1224
1498 100 576,672,1224,1224
1499 100 576,672,1224,1224
1500 100 576,672,1224,1224
1501 100 600,672,1224,1224
1502 100 600,672,1224,1224
1503 100 600,672,1224,1224
1504 100 600,696,1224,1200
1505 100 648,672,1224,1224
1506 100 696,696,1224,1200
1507 100 768,696,1224,1224
1508 100 792,720,1224,1200
1509 100 912,720,1224,1224
1510 100 984,744,1224,1200
1511 100 1056,768,1224,1200
1512 100 1128,768,1224,1200
1513 100 1152,768,1224,1224
1514 100 1224,792,1224,1200
1515 100 1296,792,1224,1200
1516 100 1344,792,1224,1200
1517 100 1392,792,1224,1200
1518 100 1416,792,1224,1200
1519 100 1416,792,1224,1200
1520 100 1464,792,1224,1200
1521 100 1488,792,1224,1200
1522 100 1512,792,1224,1200
1523 100 1512,768,1224,1224
1524 100 1512,768,1224,1200
1525 100 1536,768,1224,1200
1526 100 1560,744,1224,1224
1527 100 1560,744,1224,1200
1528 100 1584,744,1224,1200
1529 100 1584,744,1224,1200
1530 100 1584,744,1224,1200
1531 100 1584,720,1224,1224
1532 100 1608,720,1224,1224
1533 100 1608,720,1224,1224
1534 100 1608,720,1224,1200
1535 100 1608,720,1224,1200
1536 100 1608,720,1224,1200
1537 100 1632,720,1224,1200
1538 100 1632,720,1224,1200
1539 100 1632,720,1224,1200
1540 100 1632,720,1224,1200
1541 100 1656,720,1224,1200
1542 100 1656,720,1224,1200
1543 100 1704,720,1224,1200
1544 100 1752,720,1224,1200
1545 100 1800,720,1224,1200
1546 100 1824,720,1224,1200
1547 100 1872,720,1224,1200
1548 100 1920,720,1224,1200
1549 100 1944,720,1224,1200
1550 100 1992,720,1224,1200
1551 100 2016,720,1224,1200
1552 100 2064,720,1224,1200
1553 100 2088,720,1224,1200
1554 100 2112,696,1224,1224
1555 100 2112,696,1224,1224
1556 100 2184,696,1224,1224
1557 100 2208,696,1224,1224
1558 100 2256,696,1224,1224
1559 100 2304,720,1224,1200
1560 100 2328,720,1224,1200
1561 100 2376,720,1224,1200
1562 100 2400,720,1224,1200
1563 100 2424,720,1224,1200
1564 100 2472,720,1224,1200
1565 100 2520,720,1224,1200
1566 100 2616,720,1224,1200
1567 100 2664,720,1224,1200
1568 100 2736,720,1224,1200
1569 100 2808,720,1224,1200
1570 100 2880,720,1224,1200
1571 100 2880,720,1224,1200
1572 100 2976,720,1224,1200
1573 100 2976,720,1224,1224
1574 100 3072,720,1224,1224
1575 100 3024,744,1224,1200
1576 100 3168,744,1224,1200
1577 100 3144,744,1224,1200
1578 100 3120,744,1224,1200
1579 100 3336,744,1224,1200
1580 100 3288,720,1224,1224
1581 100 3288,720,1224,1224
1582 100 3288,720,1224,1224
1583 100 3312,720,1224,1200
1584 100 3432,720,1224,1200
1585 100 3528,696,1224,1224
1586 100 3744,696,1224,1224
1587 100 3336,696,1224,1200
1588 100 3648,696,1224,1224
1589 100 0,696,1224,1224
1590 100 96,696,1224,1224
1591 100 3360,696,1224,1200
1592 100 3528,672,1224,1224
1593 100 0,672,1224,1224
1594 100 3360,672,1224,1200
1595 100 168,672,1224,1224
1596 100 144,672,1224,1224
1597 100 0,672,1224,1200
1598 100 144,648,1224,1224
1599 100 0,648,1224,1200
1600 100 96,624,1224,1224
1601 100 24,624,1224,1200
1602 100 24,600,1224,1200
1603 100 72,576,1224,1200
1604 100 24,552,1224,1200
1605 100 3456,528,1224,1200
1606 100 96,504,1224,1224
1607 100 0,504,1224,1200
1608 100 3408,480,1224,1200
1609 100 0,480,1224,1200
1610 100 48,456,1224,1224
1611 100 120,456,1224,1224
1612 100 96,456,1224,1224
1613 100 72,456,1224,1224
1614 100 96,456,1224,1224
1615 100 120,456,1224,1224
1616 100 3384,456,1224,1200
1617 100 3432,456,1224,1200
1618 100 3408,456,1224,1200
1619 100 3432,456,1224,1200
1620 100 3432,456,1224,1200
1621 100 3480,456,1224,1200
1622 100 0,456,1224,1200
1623 100 96,432,1224,1224
1624 100 3480,432,1224,1200
1625 100 48,408,1224,1224
1626 100 3504,408,1224,1200
1627 100 24,384,1224,1224
1628 100 3384,384,1224,1200
1629 100 3384,384,1224,1200
1630 100 3384,384,1224,1200
1631 100 48,384,1224,1224
1632 100 24,384,1224,1224
1633 100 0,408,1224,1200
1634 100 0,408,1224,1200
1635 100 3528,408,1224,1200
1636 100 3528,408,1224,1200
1637 100 3504,408,1224,1200
1638 100 3456,408,1224,1200
1639 100 24,408,1224,1224
1640 100 3456,432,1224,1200
1641 100 3552,480,1224,1200
1642 100 3480,528,1224,1200
1643 100 3504,576,1224,1200
1644 100 72,600,1224,1224
1645 100 24,624,1224,1224
1646 100 3456,672,1224,1200
1647 100 3504,696,1224,1200
1648 100 3504,720,1224,1200
1649 100 3504,744,1224,1200
1650 100 24,744,1224,1224
1651 100 3384,768,1224,1200
1652 100 3312,768,1224,1200
1653 100 3288,768,1224,1200
1654 100 3288,768,1224,1200
1655 100 3288,768,1224,1200
1656 100 3336,768,1224,1200
1657 100 3288,768,1224,1200
1658 100 0,768,1224,1224
1659 100 0,768,1224,1224
1660 100 3288,768,1224,1200
1661 100 3408,768,1224,1200
1662 100 3432,768,1224,1200
1663 100 3408,768,1224,1200
1664 100 3408,768,1224,1200
1665 100 3384,768,1224,1200
1666 100 3360,768,1224,1200
1667 100 3336,768,1224,1200
1668 100 3264,768,1224,1200
1669 100 0,768,1224,1224
1670 100 0,768,1224,1224
1671 100 3408,792,1224,1200
1672 100 3384,792,1224,1200
1673 100 3360,792,1224,1200
1674 100 3336,792,1224,1200
1675 100 3384,792,1224,1200
1676 100 3384,792,1224,1200
1677 100 3384,792,1224,1200
1678 100 3312,792,1224,1200
1679 100 3264,792,1224,1200
1680 100 3240,792,1224,1224
1681 100 3240,792,1224,1224
1682 100 3168,792,1224,1224
1683 100 3168,792,1224,1224
1684 100 3024,792,1224,1224
1685 100 3024,792,1224,1224
1686 100 3048,792,1224,1200
1687 100 2952,768,1224,1224
1688 100 2880,768,1224,1224
1689 100 2808,768,1224,1224
1690 100 2784,768,1224,1224
1691 100 2712,768,1224,1224
1692 100 2688,768,1224,1224
1693 100 2688,768,1224,1224
1694 100 2688,768,1224,1224
1695 100 2664,768,1224,1224
1696 100 2688,768,1224,1224
1697 100 2688,768,1224,1224
1698 100 2688,768,1224,1224
1699 100 2688,768,1224,1224
1700 100 2688,768,1224,1224
1701 100 2688,768,1224,1224
1702 100 2688,768,1224,1224
1703 100 2688,768,1224,1224
1704 100 2688,768,1224,1224
1705 100 2664,768,1224,1224
1706 100 2736,792,1224,1200
1707 100 2688,792,1224,1224
1708 100 2736,816,1224,1224
1709 100 2688,840,1224,1200
1710 100 2760,864,1224,1200
1711 100 2664,888,1224,1200
1712 100 2784,912,1224,1200
1713 100 2640,936,1224,1200
1714 100 2784,960,1224,1200
1715 100 2736,960,1224,1200
1716 100 1680,984,1224,1176
1717 100 1296,984,1224,1176
1718 100 960,1008,1224,1152
1719 100 1248,984,1224,1176
1720 100 1344,984,1224,1176
1721 100 1680,984,1224,1176
1722 100 1800,984,1224,1176
1723 100 1992,984,1224,1176
1724 100 1968,984,1224,1176
1725 100 1896,984,1224,1176
1726 100 1776,984,1224,1176
1727 100 1440,984,1224,1176
1728 100 1296,1008,1224,1152
1729 100 1248,1008,1224,1152
1730 100 1248,1008,1224,1152
1731 100 1056,1008,1224,1152
1732 100 840,1008,1224,1152
1733 100 216,1008,1224,1152
1734 100 0,1008,1224,1152
1735 100 0,1008,1224,1152
1736 100 504,1008,1224,1152
1737 100 792,1008,1224,1152
1738 100 768,1008,1224,1152
1739 100 408,1008,1224,1152
1740 100 0,1008,1224,1152
1741 100 0,1032,1224,1128
1742 100 0,1032,1224,1128
1743 100 0,1032,1224,1128
1744 100 0,1080,1224,1080
1745 100 0,1104,1224,1056
1746 100 0,1128,1224,1032
1747 100 0,1128,1224,1032
1748 100 0,1128,1224,1032
1749 100 0,1128,1224,1032
1750 100 0,1128,1224,1032
1751 100 0,1104,1224,1056
1752 100 0,1104,1224,1056
1753 100 0,1104,1224,1056
1754 100 0,1080,1224,1080
1755 100 0,1056,1224,1104
1756 100 0,1032,1224,1128
1757 100 1344,984,1224,1176
1758 100 2904,960,1224,1200
1759 100 3024,912,1224,1224
1760 100 3000,888,1224,1224
1761 100 3312,840,1224,1224
1762 100 3216,816,1224,1200
1763 100 3360,768,1224,1224
1764 100 3288,744,1224,1224
1765 100 3360,720,1224,1200
1766 100 3360,696,1224,1200
1767 100 3336,672,1224,1224
1768 100 3552,648,1224,1224
1769 100 3504,648,1224,1200
1770 100 3384,624,1224,1200
1771 100 3648,600,1224,1224
1772 100 3432,600,1224,1200
1773 100 3600,576,1224,1224
1774 100 3432,576,1224,1200
1775 100 3528,576,1224,1200
1776 100 3600,552,1224,1224
1777 100 3552,576,1224,1200
1778 100 3552,576,1224,1200
1779 100 48,552,1224,1224
1780 100 3432,552,1224,1200
1781 100 3552,552,1224,1200
1782 100 48,528,1224,1224
1783 100 3408,528,1224,1200
1784 100 3456,528,1224,1200
1785 100 3480,528,1224,1200
1786 100 3480,528,1224,1200
1787 100 3504,528,1224,1200
1788 100 3528,528,1224,1200
1789 100 3528,528,1224,1200
1790 100 0,504,1224,1224
1791 100 0,504,1224,1224
1792 100 48,504,1224,1224
1793 100 3384,504,1224,1200
1794 100 0,480,1224,1224
1795 100 0,456,1224,1224
1796 100 48,456,1224,1224
