0 100 432,480,1224,1200
1 100 432,480,1224,1200
2 100 432,456,1224,1224
3 100 432,456,1224,1224
4 100 408,408,1224,1200
5 100 384,408,1224,1200
6 100 384,408,1224,1200
7 100 384,408,1224,1224
8 100 384,408,1224,1224
9 100 360,408,1224,1200
10 100 360,408,1224,1200
11 100 360,384,1224,1224
12 100 336,408,1224,1224
13 100 336,408,1224,1224
14 100 288,408,1224,1224
15 100 264,432,1224,1224
16 100 264,432,1224,1224
17 100 312,480,1224,1200
18 100 288,456,1224,1200
19 100 264,456,1224,1200
20 100 264,456,1224,1200
21 100 264,456,1224,1200
22 100 264,432,1224,1224
23 100 264,432,1224,1224
24 100 264,456,1224,1200
25 100 288,480,1224,1200
26 100 288,480,1224,1200
27 100 336,528,1224,1200
28 100 312,504,1224,1200
29 100 312,504,1224,1200
30 100 312,504,1224,1200
31 100 336,552,1224,1200
32 100 312,552,1224,1200
33 100 312,552,1224,1200
34 100 312,552,1224,1224
35 100 312,552,1224,1224
36 100 312,552,1224,1224
37 100 312,600,1224,1200
38 100 264,648,1224,1224
39 100 240,696,1224,1200
40 100 216,744,1224,1200
41 100 216,744,1224,1200
42 100 216,744,1224,1200
43 100 216,744,1224,1200
44 100 240,744,1224,1200
45 100 240,720,1224,1224
46 100 240,720,1224,1224
47 100 216,720,1224,1200
48 100 216,720,1224,1200
49 100 216,696,1224,1224
50 100 240,696,1224,1200
51 100 240,696,1224,1200
52 100 240,696,1224,1224
53 100 240,696,1224,1224
54 100 240,720,1224,1200
55 100 216,720,1224,1200
56 100 216,720,1224,1200
57 100 192,744,1224,1200
58 100 192,744,1224,1200
59 100 192,720,1224,1200
60 100 192,720,1224,1200
61 100 216,696,1224,1200
62 100 192,696,1224,1200
63 100 192,696,1224,1200
64 100 192,672,1224,1200
65 100 192,648,1224,1224
66 100 192,648,1224,1224
67 100 192,648,1224,1200
68 100 216,648,1224,1200
69 100 192,624,1224,1224
70 100 192,624,1224,1224
71 100 216,624,1224,1200
72 100 216,600,1224,1200
73 100 216,552,1224,1200
74 100 216,552,1224,1200
75 100 216,528,1224,1200
76 100 216,528,1224,1200
77 100 216,504,1224,1200
78 100 216,504,1224,1200
79 100 216,504,1224,1200
80 100 144,456,1224,1224
81 100 144,456,1224,1224
82 100 120,432,1224,1224
83 100 72,408,1224,1224
84 100 72,408,1224,1224
85 100 48,408,1224,1200
86 100 48,408,1224,1200
87 100 24,408,1224,1200
88 100 0,384,1224,1224
89 100 0,384,1224,1224
90 100 0,384,1224,1200
91 100 0,384,1224,1200
92 100 0,384,1224,1200
93 100 0,360,1224,1224
94 100 0,360,1224,1224
95 100 0,360,1224,1200
96 100 0,360,1224,1200
97 100 0,360,1224,1200
98 100 0,336,1224,1224
99 100 0,336,1224,1224
100 100 24,336,1224,1200
101 100 24,336,1224,1200
102 100 24,336,1224,1200
103 100 48,312,1224,1200
104 100 48,312,1224,1200
105 100 72,312,1224,1200
106 100 72,312,1224,1200
107 100 0,288,1224,1200
108 100 48,264,1224,1224
109 100 48,264,1224,1224
110 100 120,264,1224,1200
111 100 120,264,1224,1200
112 100 144,240,1224,1224
113 100 192,240,1224,1224
114 100 192,240,1224,1224
115 100 24,240,1224,1200
116 100 24,240,1224,1200
117 100 48,240,1224,1200
118 100 3360,216,1224,1200
119 100 3360,216,1224,1200
120 100 3360,192,1224,1200
121 100 3360,192,1224,1200
122 100 24,192,1224,1200
123 100 3312,168,1224,1200
124 100 3312,168,1224,1200
125 100 0,168,1224,1200
126 100 0,168,1224,1200
127 100 3264,144,1224,1200
128 100 3456,144,1224,1200
129 100 3456,144,1224,1200
130 100 3456,120,1224,1200
131 100 3456,120,1224,1200
132 100 96,96,1224,1224
133 100 3312,96,1224,1200
134 100 3312,96,1224,1200
135 100 0,72,1224,1224
136 100 0,72,1224,1224
137 100 3240,72,1224,1200
138 100 24,48,1224,1224
139 100 24,48,1224,1224
140 100 3408,48,1224,1200
141 100 3408,48,1224,1200
142 100 3072,24,1224,1200
143 100 3312,24,1224,1200
144 100 3312,24,1224,1200
145 100 72,24,1224,1200
146 100 72,24,1224,1200
147 100 72,24,1224,1200
148 100 120,24,1224,1200
149 100 3000,24,1224,1176
150 100 3000,24,1224,1176
151 100 3000,24,1224,1176
152 100 240,24,1224,1200
153 100 96,24,1224,1200
154 100 96,24,1224,1200
155 100 3072,24,1224,1200
156 100 120,48,1224,1200
157 100 72,48,1224,1200
158 100 72,48,1224,1200
159 100 24,48,1224,1200
160 100 72,48,1224,1200
161 100 72,48,1224,1200
162 100 72,48,1224,1200
163 100 48,48,1224,1200
164 100 48,48,1224,1200
165 100 72,48,1224,1200
166 100 0,48,1224,1224
167 100 0,48,1224,1224
168 100 0,48,1224,1224
169 100 168,48,1224,1224
170 100 96,72,1224,1200
171 100 96,72,1224,1200
172 100 48,72,1224,1200
173 100 3240,72,1224,1200
174 100 3240,72,1224,1200
175 100 216,72,1224,1224
176 100 0,96,1224,1200
177 100 3312,96,1224,1200
178 100 3312,96,1224,1200
179 100 3576,96,1224,1224
180 100 3240,120,1224,1224
181 100 3240,120,1224,1224
182 100 3288,144,1224,1200
183 100 3360,168,1224,1200
184 100 3360,168,1224,1200
185 100 3360,192,1224,1200
186 100 3312,216,1224,1224
187 100 3312,216,1224,1224
188 100 3096,240,1224,1224
189 100 3096,288,1224,1200
190 100 3120,312,1224,1200
191 100 3120,312,1224,1200
192 100 3072,312,1224,1200
193 100 3048,312,1224,1200
194 100 3048,312,1224,1200
195 100 3024,312,1224,1224
196 100 2880,336,1224,1200
197 100 2832,336,1224,1224
198 100 2832,336,1224,1224
199 100 2808,360,1224,1200
200 100 2784,384,1224,1200
201 100 2784,384,1224,1200
202 100 2784,384,1224,1224
203 100 2760,408,1224,1200
204 100 2760,408,1224,1200
205 100 2736,432,1224,1200
206 100 2736,432,1224,1224
207 100 2736,432,1224,1224
208 100 2736,456,1224,1200
209 100 2856,456,1224,1224
210 100 2856,480,1224,1200
211 100 2832,480,1224,1200
212 100 2832,480,1224,1200
213 100 2832,480,1224,1200
214 100 2832,480,1224,1200
215 100 2832,480,1224,1200
216 100 2880,480,1224,1200
217 100 2880,480,1224,1224
218 100 2856,504,1224,1200
219 100 2856,504,1224,1200
220 100 2904,504,1224,1200
221 100 2904,504,1224,1200
222 100 2904,504,1224,1200
223 100 2832,504,1224,1200
224 100 2832,504,1224,1200
225 100 2880,504,1224,1200
226 100 2856,504,1224,1224
227 100 2856,504,1224,1224
228 100 2832,528,1224,1200
229 100 2832,528,1224,1200
230 100 2808,528,1224,1200
231 100 2832,552,1224,1200
232 100 2832,552,1224,1200
233 100 2832,552,1224,1224
234 100 2832,552,1224,1224
235 100 2880,600,1224,1200
236 100 2856,624,1224,1200
237 100 2856,624,1224,1200
238 100 2880,648,1224,1224
239 100 2880,648,1224,1224
240 100 2904,648,1224,1224
241 100 2952,648,1224,1200
242 100 2952,648,1224,1200
243 100 2952,648,1224,1200
244 100 2952,648,1224,1200
245 100 2976,648,1224,1200
246 100 2976,648,1224,1200
247 100 2976,648,1224,1200
248 100 2976,648,1224,1200
249 100 2976,648,1224,1200
250 100 2952,648,1224,1200
251 100 2952,648,1224,1200
252 100 2952,648,1224,1200
253 100 3000,624,1224,1224
254 100 2976,648,1224,1200
255 100 2976,648,1224,1200
256 100 2976,648,1224,1200
257 100 2976,648,1224,1200
258 100 2976,648,1224,1200
259 100 2976,648,1224,1200
260 100 2976,648,1224,1200
261 100 2952,648,1224,1200
262 100 2952,648,1224,1200
263 100 3024,648,1224,1200
264 100 3024,672,1224,1200
265 100 3168,720,1224,1200
266 100 3168,720,1224,1200
267 100 3168,744,1224,1200
268 100 3144,744,1224,1200
269 100 3144,744,1224,1200
270 100 3336,744,1224,1200
271 100 3336,744,1224,1200
272 100 3336,744,1224,1200
273 100 3432,744,1224,1200
274 100 3432,744,1224,1200
275 100 3384,744,1224,1200
276 100 3384,744,1224,1200
277 100 3408,744,1224,1200
278 100 3408,744,1224,1200
279 100 3408,744,1224,1200
280 100 3432,744,1224,1200
281 100 3432,744,1224,1200
282 100 3432,744,1224,1200
283 100 3192,744,1224,1200
284 100 3432,744,1224,1200
285 100 3408,744,1224,1200
286 100 3408,744,1224,1200
287 100 3384,744,1224,1200
288 100 3408,744,1224,1200
289 100 3408,744,1224,1200
290 100 3192,744,1224,1200
291 100 3192,744,1224,1200
292 100 3192,744,1224,1200
293 100 3216,720,1224,1224
294 100 3216,744,1224,1200
295 100 3216,744,1224,1200
296 100 3192,744,1224,1200
297 100 3192,744,1224,1200
298 100 3432,744,1224,1200
299 100 3432,744,1224,1200
300 100 3432,744,1224,1200
301 100 3192,744,1224,1200
302 100 3192,744,1224,1200
303 100 3192,744,1224,1200
304 100 3192,744,1224,1200
305 100 3408,744,1224,1200
306 100 3432,744,1224,1200
307 100 3432,744,1224,1200
308 100 3432,744,1224,1200
309 100 3432,744,1224,1200
310 100 3432,744,1224,1200
311 100 3408,744,1224,1200
312 100 3408,744,1224,1200
313 100 3408,744,1224,1200
314 100 3408,744,1224,1200
315 100 3408,744,1224,1200
316 100 3408,744,1224,1200
317 100 3408,744,1224,1200
318 100 3336,744,1224,1200
319 100 3288,744,1224,1224
320 100 3288,744,1224,1224
321 100 3216,744,1224,1224
322 100 3216,744,1224,1224
323 100 3192,744,1224,1224
324 100 3432,744,1224,1224
325 100 3408,768,1224,1200
326 100 3360,768,1224,1200
327 100 3360,768,1224,1200
328 100 3192,768,1224,1224
329 100 3144,792,1224,1224
330 100 3144,792,1224,1224
331 100 3336,816,1224,1200
332 100 3312,816,1224,1200
333 100 3264,816,1224,1200
334 100 3264,816,1224,1200
335 100 3240,816,1224,1200
336 100 3240,816,1224,1200
337 100 3240,816,1224,1200
338 100 3240,816,1224,1200
339 100 3168,816,1224,1224
340 100 3168,816,1224,1224
341 100 3168,816,1224,1224
342 100 3312,816,1224,1200
343 100 3384,816,1224,1200
344 100 3384,816,1224,1200
345 100 3384,816,1224,1200
346 100 3384,816,1224,1200
347 100 3384,816,1224,1200
348 100 3384,816,1224,1200
349 100 3432,816,1224,1200
350 100 3432,816,1224,1200
351 100 3672,792,1224,1224
352 100 3384,792,1224,1200
353 100 24,768,1224,1224
354 100 24,768,1224,1224
355 100 3312,768,1224,1200
356 100 3312,768,1224,1200
357 100 3312,768,1224,1200
358 100 3312,768,1224,1200
359 100 3288,768,1224,1200
360 100 3288,768,1224,1200
361 100 192,768,1224,1224
362 100 3288,768,1224,1200
363 100 48,768,1224,1200
364 100 72,768,1224,1200
365 100 72,768,1224,1200
366 100 24,768,1224,1200
367 100 24,768,1224,1200
368 100 0,768,1224,1224
369 100 24,768,1224,1200
370 100 24,768,1224,1200
371 100 72,768,1224,1200
372 100 72,768,1224,1200
373 100 48,768,1224,1200
374 100 48,768,1224,1200
375 100 48,768,1224,1200
376 100 48,768,1224,1200
377 100 48,768,1224,1200
378 100 72,768,1224,1200
379 100 96,768,1224,1200
380 100 96,768,1224,1200
381 100 24,744,1224,1224
382 100 24,744,1224,1224
383 100 72,744,1224,1200
384 100 24,720,1224,1224
385 100 24,720,1224,1224
386 100 0,720,1224,1200
387 100 0,720,1224,1200
388 100 24,672,1224,1224
389 100 96,624,1224,1200
390 100 72,552,1224,1200
391 100 48,504,1224,1224
392 100 48,504,1224,1224
393 100 48,456,1224,1224
394 100 72,432,1224,1200
395 100 72,432,1224,1200
396 100 24,432,1224,1200
397 100 0,408,1224,1200
398 100 48,384,1224,1224
399 100 48,384,1224,1224
400 100 0,384,1224,1200
401 100 0,360,1224,1200
402 100 0,360,1224,1200
403 100 0,336,1224,1200
404 100 48,288,1224,1200
405 100 48,288,1224,1200
406 100 0,264,1224,1200
407 100 24,216,1224,1224
408 100 24,216,1224,1224
409 100 0,216,1224,1200
410 100 48,192,1224,1224
411 100 48,192,1224,1224
412 100 48,192,1224,1224
413 100 0,216,1224,1200
414 100 72,216,1224,1200
415 100 72,216,1224,1200
416 100 48,216,1224,1200
417 100 72,216,1224,1200
418 100 72,216,1224,1200
419 100 0,216,1224,1200
420 100 0,192,1224,1224
421 100 48,192,1224,1224
422 100 48,192,1224,1200
423 100 48,192,1224,1200
424 100 48,192,1224,1200
425 100 48,192,1224,1200
426 100 48,192,1224,1200
427 100 24,192,1224,1224
428 100 24,192,1224,1224
429 100 96,216,1224,1200
430 100 96,216,1224,1200
431 100 48,216,1224,1200
432 100 48,216,1224,1200
433 100 48,216,1224,1200
434 100 24,216,1224,1224
435 100 24,216,1224,1224
436 100 120,240,1224,1200
437 100 72,240,1224,1200
438 100 72,240,1224,1200
439 100 96,240,1224,1200
440 100 96,240,1224,1200
441 100 3336,216,1224,1200
442 100 3408,216,1224,1200
443 100 3408,216,1224,1200
444 100 3384,216,1224,1200
445 100 3384,216,1224,1200
446 100 144,216,1224,1224
447 100 144,216,1224,1224
448 100 48,216,1224,1224
449 100 3408,240,1224,1200
450 100 3408,240,1224,1200
451 100 24,240,1224,1224
452 100 24,240,1224,1224
453 100 24,240,1224,1224
454 100 3504,240,1224,1224
455 100 3456,264,1224,1200
456 100 3480,264,1224,1200
457 100 3480,264,1224,1200
458 100 3480,240,1224,1224
459 100 3504,240,1224,1224
460 100 3504,240,1224,1224
461 100 3456,240,1224,1224
462 100 3456,264,1224,1200
463 100 3456,264,1224,1200
464 100 3432,264,1224,1200
465 100 3408,264,1224,1200
466 100 3384,264,1224,1200
467 100 3384,264,1224,1200
468 100 3432,264,1224,1200
469 100 3456,264,1224,1200
470 100 3456,264,1224,1200
471 100 3528,240,1224,1224
472 100 0,240,1224,1224
473 100 0,240,1224,1224
474 100 3528,240,1224,1224
475 100 3480,264,1224,1200
476 100 3456,264,1224,1200
477 100 3456,264,1224,1200
478 100 3456,264,1224,1200
479 100 3480,264,1224,1200
480 100 3480,264,1224,1200
481 100 3456,264,1224,1200
482 100 3480,264,1224,1200
483 100 3480,264,1224,1200
484 100 3504,264,1224,1200
485 100 3504,240,1224,1224
486 100 3504,264,1224,1200
487 100 3504,264,1224,1200
488 100 3504,264,1224,1200
489 100 3552,240,1224,1224
490 100 3552,240,1224,1224
491 100 3528,240,1224,1224
492 100 3528,240,1224,1224
493 100 3528,240,1224,1224
494 100 3528,240,1224,1224
495 100 3480,264,1224,1200
496 100 3480,264,1224,1200
497 100 3528,240,1224,1224
498 100 3528,240,1224,1224
499 100 3528,240,1224,1224
500 100 3528,240,1224,1224
501 100 3552,240,1224,1224
502 100 3576,240,1224,1224
503 100 3576,240,1224,1224
504 100 3576,240,1224,1224
505 100 3576,240,1224,1224
506 100 3576,240,1224,1224
507 100 3552,240,1224,1224
508 100 3552,240,1224,1224
509 100 3552,240,1224,1224
510 100 3552,240,1224,1224
511 100 3552,240,1224,1224
512 100 3504,240,1224,1224
513 100 3504,240,1224,1224
514 100 3504,240,1224,1224
515 100 3504,240,1224,1224
516 100 3504,240,1224,1224
517 100 3504,240,1224,1224
518 100 3504,240,1224,1224
519 100 3552,240,1224,1224
520 100 0,240,1224,1224
521 100 0,240,1224,1224
522 100 0,240,1224,1224
523 100 0,240,1224,1224
524 100 24,240,1224,1224
525 100 24,240,1224,1224
526 100 24,240,1224,1224
527 100 0,240,1224,1224
528 100 0,240,1224,1224
529 100 24,240,1224,1224
530 100 3408,240,1224,1200
531 100 3408,240,1224,1200
532 100 96,216,1224,1224
533 100 3528,216,1224,1200
534 100 3336,192,1224,1200
535 100 3336,192,1224,1200
536 100 3432,192,1224,1200
537 100 3528,192,1224,1200
538 100 3528,192,1224,1200
539 100 72,168,1224,1224
540 100 3432,168,1224,1200
541 100 3432,168,1224,1200
542 100 24,144,1224,1224
543 100 3432,144,1224,1200
544 100 3264,120,1224,1200
545 100 3264,120,1224,1200
546 100 3384,120,1224,1200
547 100 48,96,1224,1224
548 100 48,96,1224,1224
549 100 3288,96,1224,1200
550 100 3432,96,1224,1200
551 100 3432,96,1224,1200
552 100 3240,72,1224,1200
553 100 48,48,1224,1224
554 100 3168,48,1224,1200
555 100 3288,48,1224,1200
556 100 3288,48,1224,1200
557 100 3096,24,1224,1200
558 100 3096,24,1224,1200
559 100 96,24,1224,1200
560 100 3096,24,1224,1176
561 100 3096,24,1224,1176
562 100 144,24,1224,1176
563 100 144,24,1224,1176
564 100 3000,24,1224,1152
565 100 3048,24,1224,1152
566 100 3048,24,1224,1152
567 100 0,24,1224,1152
568 100 0,24,1224,1152
569 100 96,24,1224,1152
570 100 2928,24,1224,1128
571 100 2928,24,1224,1128
572 100 2928,24,1224,1128
573 100 2928,24,1224,1128
574 100 2952,24,1224,1128
575 100 2952,24,1224,1128
576 100 2952,24,1224,1128
577 100 2928,24,1224,1128
578 100 2928,24,1224,1128
579 100 3360,24,1224,1152
580 100 3360,24,1224,1152
581 100 3168,24,1224,1152
582 100 3024,24,1224,1152
583 100 3024,24,1224,1152
584 100 2952,24,1224,1152
585 100 24,24,1224,1176
586 100 24,24,1224,1176
587 100 3168,24,1224,1176
588 100 3048,24,1224,1176
589 100 3000,24,1224,1176
590 100 3000,24,1224,1176
591 100 168,24,1224,1200
592 100 72,24,1224,1200
593 100 72,24,1224,1200
594 100 0,24,1224,1200
595 100 3072,24,1224,1200
596 100 3072,24,1224,1200
597 100 240,24,1224,1224
598 100 144,48,1224,1200
599 100 96,48,1224,1200
600 100 96,48,1224,1200
601 100 24,48,1224,1224
602 100 0,72,1224,1200
603 100 0,72,1224,1200
604 100 144,72,1224,1200
605 100 120,72,1224,1200
606 100 120,72,1224,1200
607 100 96,72,1224,1224
608 100 48,96,1224,1200
609 100 24,96,1224,1224
610 100 24,96,1224,1224
611 100 96,120,1224,1200
612 100 72,120,1224,1200
613 100 72,120,1224,1200
614 100 48,120,1224,1224
615 100 24,120,1224,1224
616 100 24,120,1224,1224
617 100 0,144,1224,1200
618 100 72,144,1224,1200
619 100 48,168,1224,1200
620 100 24,168,1224,1200
621 100 24,168,1224,1200
622 100 0,192,1224,1200
623 100 0,192,1224,1224
624 100 0,192,1224,1224
625 100 0,216,1224,1200
626 100 0,216,1224,1200
627 100 0,216,1224,1200
628 100 0,216,1224,1224
629 100 0,216,1224,1224
630 100 0,216,1224,1224
631 100 0,216,1224,1224
632 100 0,216,1224,1224
633 100 0,216,1224,1224
634 100 0,216,1224,1224
635 100 0,240,1224,1200
636 100 0,240,1224,1200
637 100 0,240,1224,1200
638 100 0,240,1224,1200
639 100 0,240,1224,1200
640 100 0,240,1224,1200
641 100 0,240,1224,1200
642 100 0,240,1224,1200
643 100 0,240,1224,1200
644 100 0,240,1224,1200
645 100 0,240,1224,1200
646 100 0,240,1224,1200
647 100 0,240,1224,1200
648 100 0,240,1224,1200
649 100 0,216,1224,1224
650 100 0,216,1224,1224
651 100 0,216,1224,1224
652 100 0,216,1224,1224
653 100 24,216,1224,1224
654 100 24,216,1224,1224
655 100 48,216,1224,1224
656 100 72,216,1224,1224
657 100 96,216,1224,1224
658 100 96,216,1224,1224
659 100 120,216,1224,1200
660 100 144,216,1224,1200
661 100 144,216,1224,1200
662 100 168,192,1224,1224
663 100 192,192,1224,1224
664 100 216,192,1224,1200
665 100 216,192,1224,1200
666 100 240,192,1224,1200
667 100 240,192,1224,1200
668 100 240,192,1224,1200
669 100 264,168,1224,1224
670 100 264,168,1224,1224
671 100 264,168,1224,1224
672 100 264,168,1224,1224
673 100 288,168,1224,1224
674 100 288,168,1224,1224
675 100 312,168,1224,1224
676 100 312,168,1224,1224
677 100 336,168,1224,1224
678 100 336,168,1224,1224
679 100 360,168,1224,1200
680 100 384,168,1224,1200
681 100 384,168,1224,1200
682 100 408,144,1224,1224
683 100 432,144,1224,1224
684 100 432,144,1224,1224
685 100 432,144,1224,1224
686 100 456,144,1224,1200
687 100 480,144,1224,1224
688 100 480,168,1224,1200
689 100 480,168,1224,1200
690 100 504,168,1224,1200
691 100 504,168,1224,1200
692 100 528,168,1224,1224
693 100 552,192,1224,1200
694 100 552,192,1224,1200
695 100 648,216,1224,1224
696 100 648,216,1224,1224
697 100 696,264,1224,1200
698 100 744,288,1224,1200
699 100 744,288,1224,1200
700 100 792,312,1224,1200
701 100 792,312,1224,1200
702 100 840,336,1224,1200
703 100 912,360,1224,1224
704 100 912,360,1224,1224
705 100 1008,408,1224,1200
706 100 1008,408,1224,1200
707 100 1032,408,1224,1224
708 100 1032,432,1224,1200
709 100 1032,432,1224,1200
710 100 1056,432,1224,1224
711 100 1056,432,1224,1224
712 100 1056,432,1224,1224
713 100 1056,432,1224,1224
714 100 1056,456,1224,1200
715 100 1056,456,1224,1200
716 100 1056,456,1224,1200
717 100 1056,456,1224,1200
718 100 1056,456,1224,1224
719 100 1056,456,1224,1224
720 100 1056,456,1224,1224
721 100 1056,456,1224,1224
722 100 1056,456,1224,1224
723 100 1056,456,1224,1224
724 100 1056,456,1224,1224
725 100 1056,456,1224,1224
726 100 1056,456,1224,1224
727 100 1056,456,1224,1200
728 100 1032,456,1224,1200
729 100 1032,456,1224,1200
730 100 1032,456,1224,1224
731 100 1032,456,1224,1224
732 100 1032,432,1224,1224
733 100 1032,432,1224,1224
734 100 984,384,1224,1224
735 100 984,408,1224,1224
736 100 984,408,1224,1224
737 100 1008,480,1224,1224
738 100 984,408,1224,1224
739 100 984,408,1224,1224
740 100 960,384,1224,1224
741 100 960,384,1224,1224
742 100 960,384,1224,1224
743 100 984,408,1224,1224
744 100 984,432,1224,1224
745 100 984,432,1224,1200
746 100 984,408,1224,1224
747 100 984,408,1224,1224
748 100 984,408,1224,1200
749 100 984,408,1224,1200
750 100 984,408,1224,1224
751 100 984,432,1224,1200
752 100 984,432,1224,1200
753 100 984,432,1224,1200
754 100 984,432,1224,1200
755 100 984,432,1224,1200
756 100 984,432,1224,1200
757 100 984,432,1224,1200
758 100 984,432,1224,1224
759 100 984,432,1224,1224
760 100 984,432,1224,1224
761 100 1008,432,1224,1224
762 100 1008,432,1224,1224
763 100 1032,456,1224,1200
764 100 1032,456,1224,1200
765 100 1032,456,1224,1200
766 100 1032,456,1224,1200
767 100 1032,456,1224,1200
768 100 1056,456,1224,1224
769 100 1056,456,1224,1224
770 100 1080,480,1224,1200
771 100 1080,480,1224,1200
772 100 1080,480,1224,1200
773 100 1104,480,1224,1200
774 100 1104,480,1224,1200
775 100 1128,480,1224,1224
776 100 1128,504,1224,1200
777 100 1128,504,1224,1200
778 100 1128,504,1224,1224
779 100 1128,528,1224,1200
780 100 1128,528,1224,1224
781 100 1128,528,1224,1224
782 100 1152,552,1224,1224
783 100 1152,576,1224,1224
784 100 1152,576,1224,1224
785 100 1152,600,1224,1224
786 100 1128,624,1224,1224
787 100 1128,624,1224,1224
788 100 1128,648,1224,1200
789 100 1104,648,1224,1200
790 100 1104,648,1224,1224
791 100 1104,648,1224,1224
792 100 1104,672,1224,1200
793 100 1080,672,1224,1200
794 100 1080,672,1224,1200
795 100 1056,696,1224,1200
796 100 1056,720,1224,1200
797 100 1056,720,1224,1200
798 100 1032,744,1224,1200
799 100 1032,768,1224,1200
800 100 1032,768,1224,1200
801 100 1032,768,1224,1200
802 100 1008,768,1224,1224
803 100 1032,768,1224,1224
804 100 1032,768,1224,1224
805 100 1032,792,1224,1200
806 100 1032,792,1224,1200
807 100 1032,792,1224,1200
808 100 1032,792,1224,1200
809 100 1056,792,1224,1200
810 100 1056,792,1224,1224
811 100 1056,792,1224,1224
812 100 1080,792,1224,1224
813 100 1080,792,1224,1224
814 100 1080,792,1224,1224
815 100 1104,816,1224,1200
816 100 1128,816,1224,1200
817 100 1128,816,1224,1200
818 100 1128,816,1224,1200
819 100 1128,816,1224,1224
820 100 1152,840,1224,1200
821 100 1152,840,1224,1200
822 100 1152,840,1224,1200
823 100 1176,816,1224,1224
824 100 1176,816,1224,1224
825 100 1176,816,1224,1224
826 100 1200,816,1224,1200
827 100 1200,816,1224,1200
828 100 1224,816,1224,1200
829 100 1224,816,1224,1200
830 100 1224,792,1224,1224
831 100 1200,792,1224,1200
832 100 1200,792,1224,1200
833 100 1200,792,1224,1200
834 100 1200,792,1224,1200
835 100 1200,792,1224,1200
836 100 1200,792,1224,1200
837 100 1200,792,1224,1200
838 100 1176,768,1224,1224
839 100 1176,768,1224,1224
840 100 1176,768,1224,1200
841 100 1176,768,1224,1200
842 100 1176,768,1224,1200
843 100 1152,744,1224,1224
844 100 1152,744,1224,1224
845 100 1152,744,1224,1224
846 100 1152,744,1224,1224
847 100 1152,744,1224,1224
848 100 1152,744,1224,1200
849 100 1152,744,1224,1200
850 100 1128,744,1224,1200
851 100 1128,744,1224,1200
852 100 1128,744,1224,1200
853 100 1128,720,1224,1224
854 100 1128,720,1224,1200
855 100 1128,720,1224,1200
856 100 1104,696,1224,1200
857 100 1104,696,1224,1200
858 100 1080,696,1224,1200
859 100 1080,696,1224,1200
860 100 1056,696,1224,1200
861 100 1032,696,1224,1200
862 100 1032,696,1224,1200
863 100 936,696,1224,1200
864 100 864,672,1224,1224
865 100 864,672,1224,1224
866 100 768,672,1224,1200
867 100 672,672,1224,1200
868 100 576,672,1224,1224
869 100 576,672,1224,1224
870 100 528,672,1224,1200
871 100 504,648,1224,1224
872 100 504,648,1224,1224
873 100 456,672,1224,1200
874 100 432,672,1224,1200
875 100 432,672,1224,1200
876 100 408,648,1224,1224
877 100 360,648,1224,1224
878 100 336,648,1224,1224
879 100 312,648,1224,1224
880 100 312,648,1224,1224
881 100 264,672,1224,1200
882 100 264,672,1224,1200
883 100 216,696,1224,1200
884 100 192,720,1224,1200
885 100 192,720,1224,1200
886 100 120,720,1224,1224
887 100 120,720,1224,1224
888 100 72,744,1224,1200
889 100 48,744,1224,1224
890 100 48,744,1224,1224
891 100 24,744,1224,1224
892 100 24,744,1224,1224
893 100 0,768,1224,1200
894 100 0,768,1224,1224
895 100 0,768,1224,1224
896 100 0,816,1224,1200
897 100 0,816,1224,1200
898 100 0,864,1224,1200
899 100 0,864,1224,1224
900 100 0,864,1224,1224
901 100 0,888,1224,1224
902 100 0,888,1224,1224
903 100 0,912,1224,1224
904 100 0,960,1224,1200
905 100 2280,984,1224,1176
906 100 1296,984,1224,1176
907 100 1296,984,1224,1176
908 100 0,1032,1224,1128
909 100 0,1032,1224,1128
910 100 0,1032,1224,1128
911 100 0,1056,1224,1104
912 100 0,1056,1224,1104
913 100 0,1080,1224,1080
914 100 0,1080,1224,1080
915 100 0,1104,1224,1056
916 100 0,1104,1224,1056
917 100 0,1104,1224,1056
918 100 0,1128,1224,1032
919 100 0,1128,1224,1032
920 100 0,1128,1224,1032
921 100 0,1152,1224,1008
922 100 0,1152,1224,1008
923 100 0,1152,1224,1008
924 100 0,1152,1224,1008
925 100 0,1152,1224,1008
926 100 0,1176,1224,984
927 100 0,1176,1224,984
928 100 0,1176,1224,984
929 100 0,1176,1224,984
930 100 0,1176,1224,984
931 100 0,1200,1224,960
932 100 0,1200,1224,960
933 100 0,1200,1224,960
934 100 0,1200,1224,960
935 100 0,1200,1224,960
936 100 0,1200,1224,960
937 100 0,1200,1224,960
938 100 0,1200,1224,960
939 100 0,1176,1224,984
940 100 0,1176,1224,984
941 100 0,1176,1224,984
942 100 0,1176,1224,984
943 100 0,1176,1224,984
944 100 0,1200,1224,960
945 100 0,1200,1224,960
946 100 0,1200,1224,960
947 100 0,1200,1224,960
948 100 0,1200,1224,960
949 100 0,1200,1224,960
950 100 0,1200,1224,960
951 100 0,1200,1224,960
952 100 0,1200,1224,960
953 100 0,1200,1224,960
954 100 0,1200,1224,960
955 100 0,1200,1224,960
956 100 0,1200,1224,960
957 100 0,1200,1224,960
958 100 0,1200,1224,960
959 100 0,1200,1224,960
960 100 0,1200,1224,960
961 100 0,1200,1224,960
962 100 0,1200,1224,960
963 100 0,1200,1224,960
964 100 0,1200,1224,960
965 100 0,1200,1224,960
966 100 0,1200,1224,960
967 100 0,1176,1224,984
968 100 0,1176,1224,984
969 100 0,1176,1224,984
970 100 0,1176,1224,984
971 100 0,1176,1224,984
972 100 0,1176,1224,984
973 100 0,1176,1224,984
974 100 0,1176,1224,984
975 100 0,1176,1224,984
976 100 0,1176,1224,984
977 100 0,1176,1224,984
978 100 0,1176,1224,984
979 100 0,1176,1224,984
980 100 0,1176,1224,984
981 100 0,1176,1224,984
982 100 0,1176,1224,984
983 100 0,1152,1224,1008
984 100 0,1152,1224,1008
985 100 0,1152,1224,1008
986 100 0,1152,1224,1008
987 100 0,1152,1224,1008
988 100 0,1152,1224,1008
989 100 0,1152,1224,1008
990 100 0,1152,1224,1008
991 100 0,1152,1224,1008
992 100 0,1152,1224,1008
993 100 0,1152,1224,1008
994 100 0,1152,1224,1008
995 100 0,1152,1224,1008
996 100 0,1152,1224,1008
997 100 0,1152,1224,1008
998 100 0,1152,1224,1008
999 100 0,1152,1224,1008
1000 100 0,1152,1224,1008
1001 100 0,1152,1224,1008
1002 100 0,1152,1224,1008
1003 100 0,1152,1224,1008
1004 100 0,1152,1224,1008
1005 100 0,1152,1224,1008
1006 100 0,1152,1224,1008
1007 100 0,1152,1224,1008
1008 100 0,1152,1224,1008
1009 100 0,1152,1224,1008
1010 100 0,1152,1224,1008
1011 100 0,1152,1224,1008
1012 100 0,1128,1224,1032
1013 100 0,1128,1224,1032
1014 100 0,1104,1224,1056
1015 100 0,1104,1224,1056
1016 100 0,1104,1224,1056
1017 100 0,1056,1224,1104
1018 100 0,1056,1224,1104
1019 100 0,1032,1224,1128
1020 100 0,1032,1224,1128
1021 100 960,1008,1224,1152
1022 100 2808,984,1224,1176
1023 100 2808,984,1224,1176
1024 100 192,936,1224,1224
1025 100 0,912,1224,1224
1026 100 48,888,1224,1224
1027 100 48,888,1224,1200
1028 100 48,888,1224,1200
1029 100 72,864,1224,1200
1030 100 72,864,1224,1200
1031 100 0,840,1224,1200
1032 100 0,816,1224,1200
1033 100 48,792,1224,1224
1034 100 48,792,1224,1224
1035 100 48,792,1224,1224
1036 100 48,792,1224,1224
1037 100 72,792,1224,1200
1038 100 72,792,1224,1200
1039 100 48,792,1224,1200
1040 100 48,792,1224,1200
1041 100 48,792,1224,1224
1042 100 24,792,1224,1224
1043 100 24,792,1224,1224
1044 100 24,792,1224,1224
1045 100 24,792,1224,1224
1046 100 24,792,1224,1224
1047 100 0,816,1224,1200
1048 100 0,816,1224,1200
1049 100 48,816,1224,1200
1050 100 48,816,1224,1200
1051 100 48,816,1224,1200
1052 100 48,816,1224,1200
1053 100 48,816,1224,1200
1054 100 24,816,1224,1200
1055 100 24,816,1224,1200
1056 100 24,816,1224,1200
1057 100 24,816,1224,1200
1058 100 24,816,1224,1200
1059 100 24,816,1224,1200
1060 100 24,816,1224,1200
1061 100 24,816,1224,1200
1062 100 0,816,1224,1200
1063 100 0,816,1224,1200
1064 100 0,816,1224,1200
1065 100 0,816,1224,1200
1066 100 0,816,1224,1200
1067 100 72,816,1224,1224
1068 100 72,816,1224,1224
1069 100 48,816,1224,1224
1070 100 72,816,1224,1224
1071 100 72,816,1224,1224
1072 100 72,816,1224,1224
1073 100 72,816,1224,1200
1074 100 48,816,1224,1224
1075 100 48,816,1224,1224
1076 100 0,840,1224,1200
1077 100 120,840,1224,1200
1078 100 120,840,1224,1200
1079 100 48,840,1224,1200
1080 100 3240,840,1224,1200
1081 100 3240,840,1224,1200
1082 100 3312,816,1224,1224
1083 100 3312,816,1224,1224
1084 100 3240,816,1224,1224
1085 100 3240,816,1224,1224
1086 100 3288,816,1224,1224
1087 100 3264,816,1224,1224
1088 100 3264,816,1224,1224
1089 100 3192,816,1224,1224
1090 100 3240,816,1224,1224
1091 100 3240,816,1224,1224
1092 100 3312,816,1224,1224
1093 100 3408,816,1224,1224
1094 100 3504,816,1224,1224
1095 100 3504,816,1224,1224
1096 100 3264,792,1224,1224
1097 100 3360,792,1224,1224
1098 100 3360,792,1224,1224
1099 100 3432,792,1224,1224
1100 100 3384,792,1224,1224
1101 100 3384,792,1224,1224
1102 100 3336,792,1224,1224
1103 100 3360,792,1224,1224
1104 100 3432,792,1224,1224
1105 100 3432,792,1224,1224
1106 100 3480,792,1224,1224
1107 100 3480,792,1224,1224
1108 100 3480,792,1224,1224
1109 100 3336,792,1224,1224
1110 100 3288,792,1224,1224
1111 100 3288,792,1224,1224
1112 100 3336,792,1224,1224
1113 100 3288,792,1224,1224
1114 100 3288,792,1224,1224
1115 100 3288,792,1224,1224
1116 100 3288,792,1224,1224
1117 100 3336,792,1224,1224
1118 100 3336,792,1224,1224
1119 100 3360,792,1224,1224
1120 100 3408,792,1224,1224
1121 100 3408,792,1224,1224
1122 100 3336,792,1224,1224
1123 100 3336,792,1224,1224
1124 100 3336,792,1224,1224
1125 100 3336,792,1224,1224
1126 100 3336,792,1224,1224
1127 100 3360,792,1224,1224
1128 100 3360,792,1224,1224
1129 100 3360,792,1224,1224
1130 100 3408,792,1224,1224
1131 100 3456,792,1224,1224
1132 100 3408,792,1224,1224
1133 100 3408,792,1224,1224
1134 100 3432,792,1224,1224
1135 100 3384,792,1224,1224
1136 100 3384,792,1224,1224
1137 100 3384,792,1224,1224
1138 100 3360,792,1224,1224
1139 100 3360,792,1224,1224
1140 100 3288,792,1224,1224
1141 100 3216,792,1224,1224
1142 100 3600,792,1224,1248
1143 100 3600,792,1224,1248
1144 100 3552,792,1224,1248
1145 100 3480,792,1224,1248
1146 100 3480,792,1224,1248
1147 100 3480,792,1224,1248
1148 100 3264,792,1224,1224
1149 100 3264,792,1224,1224
1150 100 3312,792,1224,1224
1151 100 3312,792,1224,1224
1152 100 3360,792,1224,1224
1153 100 3360,792,1224,1224
1154 100 3360,792,1224,1224
1155 100 3384,792,1224,1200
1156 100 3384,792,1224,1200
1157 100 3336,792,1224,1200
1158 100 3336,792,1224,1200
1159 100 3336,792,1224,1200
1160 100 24,792,1224,1224
1161 100 24,792,1224,1224
1162 100 3288,792,1224,1200
1163 100 3336,792,1224,1200
1164 100 3336,792,1224,1200
1165 100 3312,792,1224,1200
1166 100 3360,792,1224,1200
1167 100 3384,792,1224,1200
1168 100 3384,792,1224,1200
1169 100 48,768,1224,1224
1170 100 0,768,1224,1224
1171 100 0,768,1224,1224
1172 100 72,768,1224,1224
1173 100 3312,768,1224,1200
1174 100 3312,768,1224,1200
1175 100 3336,768,1224,1200
1176 100 3456,744,1224,1224
1177 100 24,744,1224,1224
1178 100 24,744,1224,1224
1179 100 3288,744,1224,1200
1180 100 48,744,1224,1224
1181 100 48,744,1224,1224
1182 100 24,744,1224,1224
1183 100 72,744,1224,1224
1184 100 72,744,1224,1224
1185 100 96,744,1224,1224
1186 100 96,744,1224,1224
1187 100 72,744,1224,1224
1188 100 3528,744,1224,1224
1189 100 3528,744,1224,1224
1190 100 3360,768,1224,1200
1191 100 3360,768,1224,1200
1192 100 3336,768,1224,1200
1193 100 3384,768,1224,1200
1194 100 3408,768,1224,1200
1195 100 3360,768,1224,1200
1196 100 3360,768,1224,1200
1197 100 48,768,1224,1224
1198 100 3624,768,1224,1224
1199 100 3624,768,1224,1224
1200 100 3576,768,1224,1224
1201 100 3288,768,1224,1200
1202 100 3288,768,1224,1200
1203 100 3552,768,1224,1224
1204 100 3432,768,1224,1224
1205 100 3360,792,1224,1200
1206 100 3360,792,1224,1200
1207 100 3408,792,1224,1200
1208 100 3528,768,1224,1224
1209 100 3528,768,1224,1224
1210 100 3264,768,1224,1200
1211 100 3264,768,1224,1200
1212 100 3528,744,1224,1224
1213 100 3384,720,1224,1224
1214 100 3192,720,1224,1224
1215 100 3216,720,1224,1224
1216 100 3216,720,1224,1224
1217 100 3072,720,1224,1224
1218 100 3048,720,1224,1224
1219 100 3048,720,1224,1224
1220 100 2928,720,1224,1224
1221 100 2880,720,1224,1224
1222 100 2880,720,1224,1224
1223 100 2880,720,1224,1224
1224 100 2784,720,1224,1224
1225 100 2760,744,1224,1200
1226 100 2760,744,1224,1200
1227 100 2664,744,1224,1224
1228 100 2640,744,1224,1224
1229 100 2640,744,1224,1224
1230 100 2568,768,1224,1224
1231 100 2568,768,1224,1224
1232 100 2592,768,1224,1224
1233 100 2544,792,1224,1224
1234 100 2544,792,1224,1224
1235 100 2544,792,1224,1224
1236 100 2520,792,1224,1224
1237 100 2496,792,1224,1224
1238 100 2496,816,1224,1200
1239 100 2496,816,1224,1200
1240 100 2448,816,1224,1200
1241 100 2448,816,1224,1200
1242 100 2448,816,1224,1224
1243 100 2472,816,1224,1200
1244 100 2472,816,1224,1200
1245 100 2472,816,1224,1200
1246 100 2472,792,1224,1224
1247 100 2520,792,1224,1224
1248 100 2520,792,1224,1224
1249 100 2520,792,1224,1224
1250 100 2544,792,1224,1224
1251 100 2544,792,1224,1224
1252 100 2568,792,1224,1200
1253 100 2568,792,1224,1200
1254 100 2568,792,1224,1200
1255 100 2592,792,1224,1200
1256 100 2592,768,1224,1224
1257 100 2616,768,1224,1200
1258 100 2616,768,1224,1200
1259 100 2592,768,1224,1200
1260 100 2592,768,1224,1200
1261 100 2664,768,1224,1200
1262 100 2664,768,1224,1200
1263 100 2712,744,1224,1224
1264 100 2712,744,1224,1224
1265 100 2808,744,1224,1224
1266 100 2832,744,1224,1200
1267 100 2952,720,1224,1224
1268 100 2952,720,1224,1224
1269 100 2976,720,1224,1200
1270 100 2976,720,1224,1200
1271 100 3000,720,1224,1200
1272 100 3000,720,1224,1200
1273 100 3168,720,1224,1200
1274 100 3216,696,1224,1224
1275 100 3216,696,1224,1224
1276 100 3240,696,1224,1224
1277 100 3312,696,1224,1224
1278 100 3312,696,1224,1224
1279 100 3312,696,1224,1224
1280 100 3312,696,1224,1224
1281 100 3312,696,1224,1224
1282 100 3360,696,1224,1200
1283 100 3432,696,1224,1200
1284 100 3432,696,1224,1200
1285 100 3432,696,1224,1200
1286 100 3504,672,1224,1224
1287 100 3552,672,1224,1224
1288 100 3552,672,1224,1224
1289 100 3600,672,1224,1224
1290 100 48,672,1224,1224
1291 100 48,672,1224,1224
1292 100 3360,672,1224,1200
1293 100 3504,672,1224,1200
1294 100 144,648,1224,1224
1295 100 144,648,1224,1224
1296 100 144,624,1224,1224
1297 100 48,600,1224,1224
1298 100 0,600,1224,1200
1299 100 0,600,1224,1200
1300 100 24,600,1224,1200
1301 100 48,600,1224,1200
1302 100 48,600,1224,1200
1303 100 48,600,1224,1200
1304 100 48,600,1224,1200
1305 100 0,600,1224,1200
1306 100 24,576,1224,1200
1307 100 48,576,1224,1200
1308 100 24,552,1224,1200
1309 100 24,552,1224,1200
1310 100 48,528,1224,1200
1311 100 48,480,1224,1200
1312 100 48,480,1224,1200
1313 100 48,432,1224,1200
1314 100 48,432,1224,1200
1315 100 0,408,1224,1200
1316 100 0,384,1224,1200
1317 100 24,384,1224,1200
1318 100 24,384,1224,1200
1319 100 24,384,1224,1200
1320 100 0,384,1224,1200
1321 100 48,384,1224,1224
1322 100 24,408,1224,1200
1323 100 24,408,1224,1200
1324 100 24,408,1224,1200
1325 100 0,408,1224,1200
1326 100 0,408,1224,1200
1327 100 0,408,1224,1200
1328 100 0,408,1224,1200
1329 100 0,408,1224,1200
1330 100 48,408,1224,1224
1331 100 24,432,1224,1200
1332 100 48,432,1224,1224
1333 100 48,432,1224,1224
1334 100 0,480,1224,1224
1335 100 24,576,1224,1200
1336 100 24,576,1224,1200
1337 100 0,624,1224,1224
1338 100 24,672,1224,1200
1339 100 24,672,1224,1200
1340 100 0,672,1224,1224
1341 100 0,696,1224,1200
1342 100 0,696,1224,1200
1343 100 0,696,1224,1224
1344 100 0,696,1224,1224
1345 100 24,720,1224,1200
1346 100 0,720,1224,1200
1347 100 0,720,1224,1200
1348 100 24,720,1224,1224
1349 100 24,720,1224,1224
1350 100 0,744,1224,1200
1351 100 0,768,1224,1200
1352 100 0,768,1224,1200
1353 100 0,816,1224,1200
1354 100 0,816,1224,1200
1355 100 0,816,1224,1200
1356 100 0,816,1224,1224
1357 100 0,816,1224,1224
1358 100 0,840,1224,1200
1359 100 0,840,1224,1200
1360 100 0,864,1224,1200
1361 100 0,864,1224,1200
1362 100 0,864,1224,1200
1363 100 0,840,1224,1224
1364 100 0,840,1224,1224
1365 100 0,840,1224,1224
1366 100 0,840,1224,1224
1367 100 0,840,1224,1224
1368 100 0,864,1224,1200
1369 100 24,888,1224,1200
1370 100 0,912,1224,1224
1371 100 0,912,1224,1224
1372 100 216,960,1224,1200
1373 100 192,960,1224,1200
1374 100 192,960,1224,1200
1375 100 96,960,1224,1200
1376 100 0,960,1224,1200
1377 100 0,960,1224,1200
1378 100 2712,960,1224,1200
1379 100 2712,960,1224,1200
1380 100 2616,960,1224,1200
1381 100 2616,960,1224,1200
1382 100 360,960,1224,1200
1383 100 2592,960,1224,1200
1384 100 2592,960,1224,1200
1385 100 2640,960,1224,1200
1386 100 2592,960,1224,1200
1387 100 2592,960,1224,1200
1388 100 288,960,1224,1200
1389 100 96,960,1224,1200
1390 100 72,960,1224,1200
1391 100 48,960,1224,1200
1392 100 48,960,1224,1200
1393 100 96,960,1224,1200
1394 100 96,960,1224,1200
1395 100 96,960,1224,1200
1396 100 0,984,1224,1176
1397 100 0,984,1224,1176
1398 100 72,960,1224,1200
1399 100 48,960,1224,1200
1400 100 168,960,1224,1200
1401 100 432,960,1224,1200
1402 100 432,960,1224,1200
1403 100 2664,960,1224,1200
1404 100 2712,960,1224,1200
1405 100 2712,960,1224,1200
1406 100 2784,960,1224,1200
1407 100 2784,960,1224,1200
1408 100 24,960,1224,1200
1409 100 48,960,1224,1200
1410 100 72,960,1224,1200
1411 100 144,960,1224,1200
1412 100 144,960,1224,1200
1413 100 144,960,1224,1200
1414 100 120,960,1224,1200
1415 100 120,960,1224,1200
1416 100 168,936,1224,1224
1417 100 216,936,1224,1224
1418 100 168,960,1224,1200
1419 100 168,960,1224,1200
1420 100 216,936,1224,1224
1421 100 192,936,1224,1224
1422 100 192,936,1224,1224
1423 100 168,936,1224,1224
1424 100 168,960,1224,1200
1425 100 168,960,1224,1200
1426 100 168,960,1224,1200
1427 100 144,960,1224,1200
1428 100 168,936,1224,1224
1429 100 168,936,1224,1224
1430 100 144,960,1224,1200
1431 100 192,936,1224,1224
1432 100 192,936,1224,1224
1433 100 168,936,1224,1224
1434 100 192,936,1224,1224
1435 100 192,936,1224,1224
1436 100 216,936,1224,1224
1437 100 264,936,1224,1224
1438 100 312,936,1224,1224
1439 100 312,936,1224,1224
1440 100 336,936,1224,1224
1441 100 0,936,1224,1200
1442 100 0,936,1224,1200
1443 100 0,936,1224,1200
1444 100 24,936,1224,1200
1445 100 24,936,1224,1200
1446 100 24,936,1224,1200
1447 100 0,936,1224,1200
1448 100 0,936,1224,1200
1449 100 288,936,1224,1224
1450 100 288,936,1224,1224
1451 100 360,936,1224,1224
1452 100 360,936,1224,1224
1453 100 0,936,1224,1224
1454 100 24,936,1224,1200
1455 100 48,936,1224,1200
1456 100 48,936,1224,1200
1457 100 48,936,1224,1200
1458 100 24,936,1224,1200
1459 100 24,936,1224,1200
1460 100 24,936,1224,1200
1461 100 72,936,1224,1200
1462 100 72,936,1224,1200
1463 100 0,936,1224,1200
1464 100 48,912,1224,1200
1465 100 0,888,1224,1200
1466 100 48,864,1224,1224
1467 100 48,864,1224,1224
1468 100 24,840,1224,1224
1469 100 0,816,1224,1224
1470 100 0,816,1224,1224
1471 100 0,792,1224,1224
1472 100 0,792,1224,1224
1473 100 0,792,1224,1200
1474 100 0,768,1224,1200
1475 100 0,768,1224,1200
1476 100 0,768,1224,1200
1477 100 72,744,1224,1200
1478 100 120,720,1224,1224
1479 100 144,720,1224,1224
1480 100 144,720,1224,1224
1481 100 168,720,1224,1200
1482 100 168,720,1224,1200
1483 100 168,720,1224,1200
1484 100 192,720,1224,1200
1485 100 192,720,1224,1200
1486 100 192,720,1224,1200
1487 100 192,720,1224,1200
1488 100 216,720,1224,1200
1489 100 216,720,1224,1200
1490 100 216,720,1224,1200
1491 100 216,720,1224,1200
1492 100 216,720,1224,1200
1493 100 216,720,1224,1200
1494 100 240,720,1224,1200
1495 100 240,720,1224,1200
1496 100 240,720,1224,1200
1497 100 240,720,1224,1200
1498 100 240,720,1224,1200
1499 100 240,720,1224,1200
1500 100 240,720,1224,1200
1501 100 240,720,1224,1200
1502 100 240,720,1224,1200
1503 100 240,720,1224,1200
1504 100 264,720,1224,1224
1505 100 240,744,1224,1224
1506 100 240,744,1224,1224
1507 100 264,768,1224,1200
1508 100 264,768,1224,1224
1509 100 264,768,1224,1224
1510 100 264,768,1224,1224
1511 100 288,768,1224,1224
1512 100 288,768,1224,1224
1513 100 288,768,1224,1224
1514 100 288,792,1224,1200
1515 100 264,792,1224,1200
1516 100 264,792,1224,1200
1517 100 264,768,1224,1224
1518 100 264,768,1224,1224
1519 100 264,768,1224,1224
1520 100 264,768,1224,1224
1521 100 240,768,1224,1224
1522 100 240,768,1224,1224
1523 100 240,768,1224,1224
1524 100 240,768,1224,1224
1525 100 240,768,1224,1200
1526 100 240,768,1224,1200
1527 100 240,768,1224,1200
1528 100 216,768,1224,1200
1529 100 216,768,1224,1200
1530 100 216,768,1224,1200
1531 100 216,768,1224,1200
1532 100 216,768,1224,1200
1533 100 216,768,1224,1200
1534 100 216,768,1224,1200
1535 100 216,768,1224,1200
1536 100 216,768,1224,1200
1537 100 216,768,1224,1200
1538 100 216,768,1224,1200
1539 100 216,768,1224,1200
1540 100 216,768,1224,1200
1541 100 216,768,1224,1200
1542 100 216,768,1224,1200
1543 100 216,768,1224,1200
1544 100 216,768,1224,1200
1545 100 216,768,1224,1200
1546 100 216,768,1224,1200
1547 100 216,768,1224,1200
1548 100 216,768,1224,1200
1549 100 216,768,1224,1200
1550 100 216,768,1224,1200
1551 100 216,768,1224,1200
1552 100 216,768,1224,1200
1553 100 216,768,1224,1200
1554 100 216,768,1224,1200
1555 100 216,768,1224,1200
1556 100 216,768,1224,1200
1557 100 192,768,1224,1200
1558 100 192,768,1224,1200
1559 100 192,768,1224,1200
1560 100 192,768,1224,1200
1561 100 192,768,1224,1200
1562 100 192,768,1224,1200
1563 100 192,768,1224,1224
1564 100 192,768,1224,1224
1565 100 192,768,1224,1224
1566 100 192,768,1224,1224
1567 100 192,768,1224,1200
1568 100 168,768,1224,1200
1569 100 168,768,1224,1200
1570 100 168,768,1224,1200
1571 100 168,768,1224,1200
1572 100 168,768,1224,1200
1573 100 144,768,1224,1200
1574 100 144,768,1224,1200
1575 100 120,768,1224,1200
1576 100 120,768,1224,1200
1577 100 96,768,1224,1200
1578 100 72,744,1224,1224
1579 100 72,744,1224,1224
1580 100 72,744,1224,1224
1581 100 72,744,1224,1224
1582 100 72,744,1224,1224
1583 100 72,768,1224,1200
1584 100 72,768,1224,1200
1585 100 72,768,1224,1200
1586 100 72,768,1224,1200
1587 100 48,768,1224,1200
1588 100 48,768,1224,1200
1589 100 48,768,1224,1200
1590 100 48,768,1224,1200
1591 100 48,768,1224,1200
1592 100 48,768,1224,1200
1593 100 48,768,1224,1200
1594 100 48,768,1224,1200
1595 100 48,768,1224,1200
1596 100 48,768,1224,1200
1597 100 48,768,1224,1200
1598 100 48,768,1224,1200
1599 100 48,768,1224,1200
1600 100 48,768,1224,1200
1601 100 48,768,1224,1200
1602 100 48,768,1224,1200
1603 100 48,768,1224,1200
1604 100 48,768,1224,1200
1605 100 48,768,1224,1200
1606 100 48,768,1224,1200
1607 100 48,768,1224,1200
1608 100 48,768,1224,1200
1609 100 48,768,1224,1200
1610 100 48,768,1224,1200
1611 100 48,768,1224,1200
1612 100 48,768,1224,1200
1613 100 48,768,1224,1200
1614 100 48,768,1224,1200
1615 100 48,768,1224,1200
1616 100 48,768,1224,1200
1617 100 48,768,1224,1200
1618 100 48,768,1224,1200
1619 100 48,768,1224,1200
1620 100 48,768,1224,1200
1621 100 48,768,1224,1200
1622 100 48,768,1224,1200
1623 100 48,768,1224,1200
1624 100 48,768,1224,1200
1625 100 48,768,1224,1200
1626 100 48,768,1224,1200
1627 100 48,768,1224,1200
1628 100 48,768,1224,1200
1629 100 48,768,1224,1200
1630 100 48,768,1224,1200
1631 100 48,768,1224,1200
1632 100 48,768,1224,1200
1633 100 48,768,1224,1200
1634 100 48,768,1224,1200
1635 100 48,768,1224,1200
1636 100 48,768,1224,1200
1637 100 48,768,1224,1200
1638 100 48,768,1224,1200
1639 100 48,768,1224,1200
1640 100 48,768,1224,1200
1641 100 48,768,1224,1200
1642 100 48,768,1224,1200
1643 100 48,768,1224,1200
1644 100 48,768,1224,1200
1645 100 48,768,1224,1200
1646 100 48,768,1224,1200
1647 100 48,768,1224,1200
1648 100 48,768,1224,1200
1649 100 48,768,1224,1200
1650 100 48,768,1224,1200
1651 100 48,768,1224,1200
1652 100 48,768,1224,1200
1653 100 48,768,1224,1200
1654 100 48,768,1224,1200
1655 100 48,768,1224,1200
1656 100 48,768,1224,1200
1657 100 48,768,1224,1200
1658 100 48,768,1224,1200
1659 100 48,768,1224,1200
1660 100 48,768,1224,1200
1661 100 48,768,1224,1200
1662 100 48,768,1224,1200
1663 100 48,768,1224,1200
1664 100 48,768,1224,1200
1665 100 48,744,1224,1224
1666 100 48,744,1224,1224
1667 100 48,744,1224,1224
1668 100 48,744,1224,1200
1669 100 48,744,1224,1200
1670 100 48,744,1224,1200
1671 100 48,720,1224,1224
1672 100 24,720,1224,1224
1673 100 24,720,1224,1224
1674 100 24,744,1224,1200
1675 100 0,744,1224,1200
1676 100 0,744,1224,1200
1677 100 0,744,1224,1200
1678 100 0,720,1224,1224
1679 100 0,720,1224,1224
1680 100 0,720,1224,1224
1681 100 0,720,1224,1224
1682 100 0,744,1224,1200
1683 100 0,744,1224,1200
1684 100 0,744,1224,1200
1685 100 0,744,1224,1200
1686 100 0,744,1224,1200
1687 100 0,744,1224,1200
1688 100 0,744,1224,1200
1689 100 0,744,1224,1200
1690 100 0,720,1224,1224
1691 100 0,744,1224,1200
1692 100 0,744,1224,1200
1693 100 0,744,1224,1200
1694 100 0,744,1224,1200
1695 100 0,744,1224,1200
1696 100 0,744,1224,1200
1697 100 0,720,1224,1224
1698 100 0,744,1224,1200
1699 100 0,744,1224,1200
1700 100 0,744,1224,1200
1701 100 0,744,1224,1200
1702 100 0,744,1224,1200
1703 100 0,744,1224,1200
1704 100 0,744,1224,1200
1705 100 0,744,1224,1200
1706 100 0,744,1224,1200
1707 100 0,744,1224,1200
1708 100 0,744,1224,1200
1709 100 0,744,1224,1200
1710 100 0,744,1224,1200
1711 100 0,744,1224,1200
1712 100 0,744,1224,1200
1713 100 0,744,1224,1200
1714 100 0,744,1224,1200
1715 100 0,744,1224,1200
1716 100 0,744,1224,1200
1717 100 0,744,1224,1200
1718 100 0,744,1224,1200
1719 100 0,744,1224,1200
1720 100 0,744,1224,1200
1721 100 0,744,1224,1200
1722 100 0,744,1224,1200
1723 100 0,744,1224,1200
1724 100 0,744,1224,1200
1725 100 0,744,1224,1200
1726 100 0,744,1224,1200
1727 100 0,744,1224,1200
1728 100 0,744,1224,1200
1729 100 0,744,1224,1200
1730 100 0,744,1224,1200
1731 100 0,744,1224,1200
1732 100 0,744,1224,1200
1733 100 0,720,1224,1224
1734 100 0,720,1224,1224
1735 100 0,720,1224,1224
1736 100 0,720,1224,1224
1737 100 0,744,1224,1200
1738 100 0,720,1224,1224
1739 100 0,720,1224,1224
1740 100 0,720,1224,1200
1741 100 0,720,1224,1200
1742 100 0,720,1224,1200
1743 100 0,720,1224,1200
1744 100 0,720,1224,1200
1745 100 0,720,1224,1200
1746 100 0,720,1224,1200
1747 100 0,720,1224,1200
1748 100 0,720,1224,1200
1749 100 0,720,1224,1200
1750 100 24,720,1224,1200
1751 100 24,720,1224,1200
1752 100 24,720,1224,1200
1753 100 24,720,1224,1200
1754 100 24,720,1224,1200
1755 100 0,720,1224,1200
1756 100 0,720,1224,1200
1757 100 24,720,1224,1200
1758 100 24,696,1224,1224
1759 100 24,696,1224,1224
1760 100 24,696,1224,1224
1761 100 24,720,1224,1200
1762 100 24,720,1224,1200
1763 100 24,696,1224,1224
1764 100 24,720,1224,1200
1765 100 24,720,1224,1200
1766 100 24,720,1224,1200
1767 100 24,720,1224,1200
1768 100 0,720,1224,1200
1769 100 0,720,1224,1200
1770 100 0,720,1224,1200
1771 100 0,720,1224,1200
1772 100 0,720,1224,1200
1773 100 0,720,1224,1200
1774 100 0,720,1224,1200
1775 100 24,720,1224,1200
1776 100 24,720,1224,1200
1777 100 24,720,1224,1200
1778 100 24,720,1224,1200
1779 100 24,720,1224,1200
1780 100 24,720,1224,1200
1781 100 24,720,1224,1200
1782 100 24,720,1224,1200
1783 100 24,720,1224,1200
1784 100 0,720,1224,1200
1785 100 0,720,1224,1200
1786 100 0,720,1224,1200
1787 100 24,720,1224,1200
1788 100 0,720,1224,1200
1789 100 0,720,1224,1200
1790 100 24,720,1224,1200
1791 100 24,696,1224,1224
1792 100 24,696,1224,1224
1793 100 48,696,1224,1200
1794 100 48,696,1224,1200
1795 100 48,696,1224,1200
1796 100 48,696,1224,1200
1797 100 24,720,1224,1200
1798 100 24,720,1224,1200
