0 100 384,504,1224,1224
1 100 0,1248,1224,912
2 100 0,1248,1224,912
3 100 0,1224,1224,936
4 100 0,1224,1224,936
5 100 0,1224,1224,936
6 100 0,1224,1224,936
7 100 0,1200,1224,960
8 100 0,1200,1224,960
9 100 0,1200,1224,960
10 100 0,1200,1224,960
11 100 0,1176,1224,984
12 100 0,1200,1224,960
13 100 0,1200,1224,960
14 100 0,1176,1224,984
15 100 0,1176,1224,984
16 100 0,1176,1224,984
17 100 0,1176,1224,984
18 100 0,1176,1224,984
19 100 0,1152,1224,1008
20 100 0,1152,1224,1008
21 100 0,1152,1224,1008
22 100 0,1152,1224,1008
23 100 0,1152,1224,1008
24 100 0,1128,1224,1032
25 100 0,1128,1224,1032
26 100 0,1128,1224,1032
27 100 0,1128,1224,1032
28 100 0,1104,1224,1056
29 100 0,1080,1224,1080
30 100 0,1056,1224,1104
31 100 0,1032,1224,1128
32 100 960,1008,1224,1152
33 100 1272,960,1224,1200
34 100 1296,936,1224,1224
35 100 1320,912,1224,1224
36 100 1344,912,1224,1200
37 100 1344,888,1224,1200
38 100 1344,888,1224,1200
39 100 1368,864,1224,1200
40 100 1368,840,1224,1224
41 100 1392,840,1224,1200
42 100 1392,816,1224,1224
43 100 1416,792,1224,1224
44 100 1440,768,1224,1224
45 100 1440,768,1224,1200
46 100 1440,744,1224,1200
47 100 1464,720,1224,1200
48 100 1464,720,1224,1200
49 100 1464,696,1224,1200
50 100 1488,672,1224,1224
51 100 1488,648,1224,1224
52 100 1488,648,1224,1200
53 100 1488,624,1224,1224
54 100 1488,624,1224,1200
55 100 1512,600,1224,1224
56 100 1512,600,1224,1200
57 100 1512,576,1224,1224
58 100 1512,576,1224,1200
59 100 1512,576,1224,1200
60 100 1512,576,1224,1200
61 100 1512,552,1224,1224
62 100 1488,552,1224,1224
63 100 1488,552,1224,1200
64 100 1488,552,1224,1200
65 100 1488,552,1224,1200
66 100 1488,552,1224,1200
67 100 1488,528,1224,1200
68 100 1488,528,1224,1200
69 100 1488,528,1224,1200
70 100 1488,504,1224,1224
71 100 1488,504,1224,1224
72 100 1488,504,1224,1200
73 100 1488,504,1224,1200
74 100 1488,480,1224,1224
75 100 1488,480,1224,1224
76 100 1488,480,1224,1200
77 100 1488,480,1224,1200
78 100 1488,480,1224,1224
79 100 1488,480,1224,1224
80 100 1488,480,1224,1224
81 100 1488,480,1224,1200
82 100 1488,456,1224,1224
83 100 1488,456,1224,1224
84 100 1464,456,1224,1200
85 100 1464,432,1224,1224
86 100 1464,432,1224,1224
87 100 1440,408,1224,1224
88 100 1440,408,1224,1224
89 100 1440,408,1224,1224
90 100 1416,384,1224,1224
91 100 1416,384,1224,1224
92 100 1416,384,1224,1224
93 100 1416,360,1224,1224
94 100 1392,360,1224,1224
95 100 1392,360,1224,1224
96 100 1392,336,1224,1224
97 100 1392,336,1224,1224
98 100 1392,336,1224,1224
99 100 1368,336,1224,1224
100 100 1368,312,1224,1224
101 100 1344,312,1224,1224
102 100 1344,288,1224,1248
103 100 1344,288,1224,1224
104 100 1320,288,1224,1224
105 100 1320,288,1224,1224
106 100 1320,288,1224,1224
107 100 1320,264,1224,1224
108 100 1296,264,1224,1224
109 100 1296,264,1224,1200
110 100 1296,240,1224,1224
111 100 1296,240,1224,1224
112 100 1272,240,1224,1224
113 100 1272,240,1224,1200
114 100 1272,240,1224,1200
115 100 1272,216,1224,1224
116 100 1272,216,1224,1224
117 100 1272,216,1224,1224
118 100 1272,216,1224,1224
119 100 1296,216,1224,1224
120 100 1296,216,1224,1224
121 100 1296,216,1224,1224
122 100 1320,216,1224,1224
123 100 1320,216,1224,1224
124 100 1320,216,1224,1224
125 100 1320,216,1224,1224
126 100 1320,216,1224,1224
127 100 1320,216,1224,1224
128 100 1320,216,1224,1224
129 100 1320,216,1224,1224
130 100 1344,216,1224,1224
131 100 1344,240,1224,1200
132 100 1344,240,1224,1200
133 100 1344,240,1224,1200
134 100 1344,240,1224,1224
135 100 1344,240,1224,1200
136 100 1344,240,1224,1200
137 100 1344,240,1224,1200
138 100 1344,240,1224,1200
139 100 1344,240,1224,1224
140 100 1344,240,1224,1224
141 100 1344,240,1224,1224
142 100 1344,240,1224,1224
143 100 1344,240,1224,1224
144 100 1344,240,1224,1224
145 100 1344,240,1224,1224
146 100 1344,240,1224,1224
147 100 1344,264,1224,1200
148 100 1368,264,1224,1224
149 100 1368,288,1224,1200
150 100 1368,288,1224,1224
151 100 1368,312,1224,1200
152 100 1368,312,1224,1224
153 100 1392,312,1224,1224
154 100 1392,312,1224,1224
155 100 1392,336,1224,1200
156 100 1392,336,1224,1224
157 100 1392,336,1224,1224
158 100 1392,360,1224,1224
159 100 1392,360,1224,1224
160 100 1416,384,1224,1224
161 100 1416,408,1224,1200
162 100 1416,408,1224,1224
163 100 1416,432,1224,1200
164 100 1416,432,1224,1224
165 100 1416,456,1224,1200
166 100 1392,456,1224,1224
167 100 1392,480,1224,1200
168 100 1392,480,1224,1224
169 100 1368,480,1224,1224
170 100 1368,480,1224,1224
171 100 1344,504,1224,1200
172 100 1344,504,1224,1200
173 100 1320,504,1224,1224
174 100 1320,504,1224,1224
175 100 1296,504,1224,1224
176 100 1296,504,1224,1224
177 100 1296,504,1224,1224
178 100 1272,528,1224,1200
179 100 1272,504,1224,1224
180 100 1248,528,1224,1200
181 100 1248,528,1224,1200
182 100 1248,528,1224,1200
183 100 1248,528,1224,1200
184 100 1248,528,1224,1224
185 100 1248,528,1224,1224
186 100 1224,528,1224,1224
187 100 1224,552,1224,1200
188 100 1224,552,1224,1200
189 100 1200,552,1224,1200
190 100 1200,552,1224,1224
191 100 1200,552,1224,1224
192 100 1200,552,1224,1224
193 100 1200,552,1224,1224
194 100 1200,552,1224,1224
195 100 1200,552,1224,1224
196 100 1200,552,1224,1224
197 100 1200,552,1224,1224
198 100 1200,552,1224,1224
199 100 1200,552,1224,1224
200 100 1200,552,1224,1224
201 100 1200,552,1224,1224
202 100 1224,552,1224,1224
203 100 1224,552,1224,1224
204 100 1248,552,1224,1224
205 100 1248,552,1224,1224
206 100 1272,552,1224,1224
207 100 1272,552,1224,1224
208 100 1272,552,1224,1224
209 100 1296,552,1224,1224
210 100 1296,552,1224,1224
211 100 1320,552,1224,1224
212 100 1344,552,1224,1224
213 100 1344,552,1224,1224
214 100 1368,552,1224,1224
215 100 1392,552,1224,1224
216 100 1440,576,1224,1200
217 100 1464,576,1224,1200
218 100 1488,576,1224,1200
219 100 1512,576,1224,1200
220 100 1536,576,1224,1200
221 100 1560,576,1224,1200
222 100 1584,576,1224,1200
223 100 1584,576,1224,1200
224 100 1608,552,1224,1224
225 100 1632,552,1224,1200
226 100 1632,552,1224,1200
227 100 1656,552,1224,1200
228 100 1656,528,1224,1224
229 100 1680,528,1224,1200
230 100 1704,528,1224,1200
231 100 1728,528,1224,1200
232 100 1728,504,1224,1200
233 100 1728,504,1224,1200
234 100 1752,480,1224,1224
235 100 1752,480,1224,1200
236 100 1752,456,1224,1224
237 100 1752,456,1224,1200
238 100 1752,432,1224,1224
239 100 1752,432,1224,1200
240 100 1752,408,1224,1224
241 100 1752,408,1224,1200
242 100 1776,408,1224,1200
243 100 1776,408,1224,1200
244 100 1776,408,1224,1200
245 100 1800,408,1224,1200
246 100 1800,408,1224,1200
247 100 1800,408,1224,1200
248 100 1824,408,1224,1200
249 100 1848,408,1224,1200
250 100 1848,432,1224,1200
251 100 1896,432,1224,1200
252 100 1920,432,1224,1224
253 100 1944,432,1224,1224
254 100 1944,432,1224,1224
255 100 1968,432,1224,1224
256 100 1968,432,1224,1200
257 100 1944,432,1224,1200
258 100 1944,432,1224,1200
259 100 1944,432,1224,1200
260 100 1920,432,1224,1200
261 100 1920,432,1224,1200
262 100 1920,432,1224,1200
263 100 1920,432,1224,1200
264 100 1920,432,1224,1200
265 100 1920,432,1224,1200
266 100 1920,432,1224,1200
267 100 1920,432,1224,1200
268 100 1944,432,1224,1224
269 100 1944,432,1224,1224
270 100 1944,432,1224,1224
271 100 1944,432,1224,1224
272 100 1944,432,1224,1224
273 100 1944,432,1224,1224
274 100 1944,432,1224,1224
275 100 1944,432,1224,1224
276 100 1944,432,1224,1200
277 100 1920,432,1224,1200
278 100 1920,432,1224,1200
279 100 1920,432,1224,1224
280 100 1920,432,1224,1224
281 100 1920,432,1224,1200
282 100 1920,432,1224,1200
283 100 1920,432,1224,1200
284 100 1920,432,1224,1200
285 100 1920,432,1224,1200
286 100 1920,432,1224,1224
287 100 1920,432,1224,1224
288 100 1920,432,1224,1224
289 100 1920,432,1224,1224
290 100 1920,432,1224,1224
291 100 1920,432,1224,1224
292 100 1920,432,1224,1224
293 100 1920,432,1224,1224
294 100 1920,432,1224,1224
295 100 1920,432,1224,1224
296 100 1920,432,1224,1224
297 100 1920,432,1224,1224
298 100 1920,432,1224,1224
299 100 1920,432,1224,1224
300 100 1920,432,1224,1224
301 100 1920,432,1224,1224
302 100 1944,456,1224,1200
303 100 1944,456,1224,1200
304 100 1944,456,1224,1200
305 100 1944,456,1224,1200
306 100 1944,456,1224,1200
307 100 1944,456,1224,1200
308 100 1944,456,1224,1200
309 100 1944,456,1224,1200
310 100 1944,456,1224,1200
311 100 1944,456,1224,1200
312 100 1944,456,1224,1200
313 100 1944,456,1224,1200
314 100 1944,456,1224,1200
315 100 1944,456,1224,1200
316 100 1944,456,1224,1200
317 100 1944,456,1224,1200
318 100 1944,456,1224,1200
319 100 1944,456,1224,1200
320 100 1944,456,1224,1200
321 100 1944,456,1224,1200
322 100 1944,456,1224,1200
323 100 1944,456,1224,1200
324 100 1944,456,1224,1200
325 100 1944,456,1224,1200
326 100 1944,456,1224,1200
327 100 1944,456,1224,1200
328 100 1968,456,1224,1200
329 100 1968,456,1224,1224
330 100 1968,456,1224,1224
331 100 1968,456,1224,1224
332 100 1968,456,1224,1224
333 100 1968,456,1224,1224
334 100 1968,456,1224,1224
335 100 1968,456,1224,1224
336 100 1968,456,1224,1224
337 100 1968,456,1224,1224
338 100 1968,456,1224,1224
339 100 1968,456,1224,1224
340 100 1968,456,1224,1224
341 100 1968,456,1224,1224
342 100 1968,456,1224,1224
343 100 1968,456,1224,1224
344 100 1968,456,1224,1224
345 100 1968,456,1224,1224
346 100 1968,456,1224,1224
347 100 1968,456,1224,1224
348 100 1968,456,1224,1224
349 100 1968,456,1224,1224
350 100 1968,480,1224,1200
351 100 1968,480,1224,1200
352 100 1968,480,1224,1200
353 100 1968,480,1224,1200
354 100 1968,480,1224,1200
355 100 1992,480,1224,1200
356 100 1992,480,1224,1200
357 100 1992,480,1224,1200
358 100 1992,480,1224,1200
359 100 1992,480,1224,1200
360 100 1992,480,1224,1200
361 100 1992,480,1224,1200
362 100 1992,480,1224,1200
363 100 1992,480,1224,1200
364 100 1992,480,1224,1200
365 100 1992,480,1224,1200
366 100 1992,480,1224,1200
367 100 1992,480,1224,1200
368 100 1992,480,1224,1200
369 100 1992,480,1224,1200
370 100 1992,480,1224,1200
371 100 1992,480,1224,1200
372 100 2016,480,1224,1200
373 100 2016,480,1224,1200
374 100 2016,480,1224,1200
375 100 2040,480,1224,1200
376 100 2040,480,1224,1200
377 100 2064,456,1224,1200
378 100 2088,456,1224,1200
379 100 2112,456,1224,1200
380 100 2136,432,1224,1224
381 100 2136,432,1224,1200
382 100 2160,432,1224,1200
383 100 2160,408,1224,1224
384 100 2184,408,1224,1224
385 100 2208,408,1224,1224
386 100 2208,408,1224,1224
387 100 2208,432,1224,1200
388 100 2232,432,1224,1200
389 100 2232,432,1224,1200
390 100 2256,432,1224,1200
391 100 2280,432,1224,1224
392 100 2280,432,1224,1224
393 100 2304,456,1224,1200
394 100 2328,456,1224,1200
395 100 2352,456,1224,1200
396 100 2376,456,1224,1200
397 100 2400,456,1224,1224
398 100 2424,456,1224,1224
399 100 2424,480,1224,1200
400 100 2448,480,1224,1200
401 100 2448,480,1224,1224
402 100 2472,480,1224,1224
403 100 2472,480,1224,1224
404 100 2496,504,1224,1200
405 100 2496,504,1224,1200
406 100 2496,504,1224,1200
407 100 2496,504,1224,1200
408 100 2496,504,1224,1200
409 100 2496,504,1224,1200
410 100 2520,504,1224,1224
411 100 2520,504,1224,1224
412 100 2520,504,1224,1224
413 100 2544,528,1224,1200
414 100 2544,528,1224,1200
415 100 2568,528,1224,1200
416 100 2592,528,1224,1200
417 100 2592,528,1224,1200
418 100 2616,528,1224,1200
419 100 2640,528,1224,1200
420 100 2640,528,1224,1200
421 100 2640,528,1224,1200
422 100 2640,528,1224,1200
423 100 2640,528,1224,1200
424 100 2640,528,1224,1200
425 100 2640,528,1224,1200
426 100 2640,528,1224,1200
427 100 2640,528,1224,1200
428 100 2640,528,1224,1200
429 100 2664,528,1224,1200
430 100 2688,504,1224,1224
431 100 2688,504,1224,1200
432 100 2712,504,1224,1200
433 100 2736,480,1224,1200
434 100 2784,456,1224,1224
435 100 2784,456,1224,1224
436 100 2760,480,1224,1200
437 100 2736,480,1224,1200
438 100 2760,480,1224,1200
439 100 2784,456,1224,1224
440 100 2736,456,1224,1200
441 100 2784,432,1224,1224
442 100 2784,432,1224,1224
443 100 2808,432,1224,1200
444 100 2832,408,1224,1224
445 100 2808,408,1224,1200
446 100 2856,384,1224,1224
447 100 2784,384,1224,1200
448 100 2760,360,1224,1224
449 100 2760,360,1224,1224
450 100 2736,360,1224,1200
451 100 2736,360,1224,1200
452 100 2736,360,1224,1200
453 100 2736,360,1224,1200
454 100 2736,360,1224,1200
455 100 2736,360,1224,1200
456 100 2712,360,1224,1200
457 100 2712,336,1224,1224
458 100 2712,336,1224,1200
459 100 2688,336,1224,1200
460 100 2688,312,1224,1224
461 100 2688,288,1224,1224
462 100 2664,288,1224,1224
463 100 2664,264,1224,1224
464 100 2640,264,1224,1224
465 100 2640,264,1224,1224
466 100 2640,264,1224,1200
467 100 2640,264,1224,1200
468 100 2616,264,1224,1200
469 100 2616,264,1224,1224
470 100 2616,264,1224,1224
471 100 2616,264,1224,1200
472 100 2616,264,1224,1224
473 100 2592,264,1224,1224
474 100 2592,264,1224,1224
475 100 2592,264,1224,1200
476 100 2568,264,1224,1224
477 100 2544,264,1224,1200
478 100 2520,264,1224,1200
479 100 2496,264,1224,1224
480 100 2472,264,1224,1200
481 100 2424,264,1224,1200
482 100 2328,264,1224,1200
483 100 2304,240,1224,1224
484 100 2256,240,1224,1224
485 100 2208,240,1224,1200
486 100 2184,216,1224,1224
487 100 2136,216,1224,1224
488 100 2112,216,1224,1200
489 100 2064,216,1224,1200
490 100 2040,192,1224,1224
491 100 2016,192,1224,1224
492 100 2016,192,1224,1224
493 100 1992,192,1224,1224
494 100 1992,192,1224,1200
495 100 1992,192,1224,1200
496 100 1968,168,1224,1224
497 100 1968,168,1224,1224
498 100 1944,168,1224,1224
499 100 1944,168,1224,1224
500 100 1920,192,1224,1224
501 100 1896,192,1224,1224
502 100 1872,192,1224,1224
503 100 1848,216,1224,1200
504 100 1824,216,1224,1224
505 100 1776,240,1224,1224
506 100 1752,264,1224,1200
507 100 1704,264,1224,1224
508 100 1680,288,1224,1224
509 100 1632,288,1224,1224
510 100 1584,312,1224,1224
511 100 1560,312,1224,1224
512 100 1536,336,1224,1200
513 100 1512,312,1224,1224
514 100 1464,312,1224,1224
515 100 1464,312,1224,1224
516 100 1440,312,1224,1224
517 100 1440,312,1224,1224
518 100 1416,312,1224,1224
519 100 1416,312,1224,1224
520 100 1392,312,1224,1224
521 100 1392,312,1224,1224
522 100 1368,312,1224,1200
523 100 1368,288,1224,1224
524 100 1368,288,1224,1224
525 100 1344,288,1224,1224
526 100 1344,288,1224,1224
527 100 1344,288,1224,1224
528 100 1320,288,1224,1224
529 100 1320,288,1224,1224
530 100 1320,288,1224,1224
531 100 1296,288,1224,1248
532 100 1296,288,1224,1248
533 100 1272,288,1224,1248
534 100 1272,288,1224,1248
535 100 1248,288,1224,1248
536 100 1248,288,1224,1224
537 100 1248,288,1224,1224
538 100 1224,288,1224,1224
539 100 1224,288,1224,1224
540 100 1224,288,1224,1224
541 100 1224,264,1224,1248
542 100 1200,264,1224,1224
543 100 1200,264,1224,1224
544 100 1176,240,1224,1224
545 100 1152,240,1224,1224
546 100 1128,216,1224,1224
547 100 1128,216,1224,1224
548 100 1104,192,1224,1224
549 100 1104,192,1224,1224
550 100 1080,192,1224,1224
551 100 1080,192,1224,1224
552 100 1056,168,1224,1248
553 100 1056,168,1224,1224
554 100 1056,168,1224,1224
555 100 1032,168,1224,1224
556 100 1032,168,1224,1224
557 100 1032,168,1224,1224
558 100 1032,168,1224,1224
559 100 1008,168,1224,1224
560 100 1008,168,1224,1224
561 100 1008,168,1224,1224
562 100 1008,168,1224,1224
563 100 1008,168,1224,1224
564 100 1032,168,1224,1224
565 100 1032,192,1224,1224
566 100 1032,192,1224,1224
567 100 1032,192,1224,1224
568 100 1056,192,1224,1224
569 100 1056,192,1224,1224
570 100 1056,192,1224,1224
571 100 1056,192,1224,1224
572 100 1056,192,1224,1224
573 100 1080,216,1224,1224
574 100 1080,216,1224,1224
575 100 1080,216,1224,1224
576 100 1080,216,1224,1224
577 100 1080,216,1224,1224
578 100 1080,240,1224,1224
579 100 1080,240,1224,1224
580 100 1080,264,1224,1224
581 100 1080,264,1224,1224
582 100 1104,288,1224,1224
583 100 1104,288,1224,1224
584 100 1104,288,1224,1224
585 100 1104,312,1224,1224
586 100 1104,312,1224,1224
587 100 1128,312,1224,1224
588 100 1128,336,1224,1224
589 100 1128,336,1224,1224
590 100 1128,360,1224,1200
591 100 1128,360,1224,1224
592 100 1128,360,1224,1224
593 100 1104,384,1224,1224
594 100 1104,384,1224,1224
595 100 1104,408,1224,1200
596 100 1104,408,1224,1224
597 100 1104,408,1224,1224
598 100 1104,408,1224,1224
599 100 1104,432,1224,1200
600 100 1128,432,1224,1224
601 100 1104,432,1224,1224
602 100 1104,432,1224,1224
603 100 1104,456,1224,1200
604 100 1104,456,1224,1200
605 100 1080,456,1224,1200
606 100 1080,456,1224,1224
607 100 1080,456,1224,1224
608 100 1080,456,1224,1224
609 100 1056,456,1224,1224
610 100 1056,480,1224,1200
611 100 1056,480,1224,1200
612 100 1056,480,1224,1200
613 100 1056,480,1224,1224
614 100 1032,480,1224,1224
615 100 1032,480,1224,1224
616 100 1032,504,1224,1200
617 100 1032,504,1224,1200
618 100 1032,504,1224,1224
619 100 1032,504,1224,1224
620 100 1032,528,1224,1200
621 100 1008,528,1224,1224
622 100 1008,528,1224,1224
623 100 1008,552,1224,1200
624 100 1008,552,1224,1200
625 100 1032,552,1224,1200
626 100 1032,552,1224,1200
627 100 1032,552,1224,1200
628 100 1032,552,1224,1200
629 100 1032,552,1224,1200
630 100 1032,552,1224,1200
631 100 1032,552,1224,1200
632 100 1032,552,1224,1200
633 100 1032,552,1224,1224
634 100 1032,552,1224,1224
635 100 1032,552,1224,1224
636 100 1032,576,1224,1200
637 100 1032,576,1224,1224
638 100 1032,600,1224,1224
639 100 1032,624,1224,1224
640 100 1056,624,1224,1224
641 100 1056,648,1224,1200
642 100 1080,648,1224,1224
643 100 1104,648,1224,1200
644 100 1128,648,1224,1200
645 100 1128,648,1224,1200
646 100 1128,648,1224,1200
647 100 1152,648,1224,1200
648 100 1176,648,1224,1200
649 100 1176,648,1224,1200
650 100 1200,648,1224,1200
651 100 1224,648,1224,1200
652 100 1248,648,1224,1200
653 100 1248,624,1224,1224
654 100 1272,624,1224,1200
655 100 1296,624,1224,1200
656 100 1296,624,1224,1200
657 100 1296,624,1224,1200
658 100 1296,624,1224,1224
659 100 1320,624,1224,1224
660 100 1320,624,1224,1200
661 100 1344,624,1224,1200
662 100 1368,624,1224,1200
663 100 1392,600,1224,1224
664 100 1416,600,1224,1224
665 100 1416,600,1224,1224
666 100 1440,600,1224,1224
667 100 1440,600,1224,1200
668 100 1464,600,1224,1200
669 100 1464,600,1224,1200
670 100 1464,600,1224,1200
671 100 1464,600,1224,1200
672 100 1464,600,1224,1200
673 100 1488,600,1224,1200
674 100 1488,600,1224,1200
675 100 1512,576,1224,1224
676 100 1536,576,1224,1200
677 100 1560,552,1224,1224
678 100 1584,552,1224,1200
679 100 1608,528,1224,1200
680 100 1632,528,1224,1200
681 100 1656,504,1224,1224
682 100 1680,504,1224,1200
683 100 1704,504,1224,1200
684 100 1728,504,1224,1200
685 100 1752,480,1224,1224
686 100 1776,480,1224,1224
687 100 1776,480,1224,1200
688 100 1800,456,1224,1224
689 100 1800,456,1224,1200
690 100 1800,456,1224,1200
691 100 1800,432,1224,1200
692 100 1800,408,1224,1200
693 100 1800,408,1224,1200
694 100 1800,408,1224,1200
695 100 1800,408,1224,1200
696 100 1800,408,1224,1200
697 100 1800,384,1224,1224
698 100 1800,408,1224,1200
699 100 1800,384,1224,1224
700 100 1800,384,1224,1224
701 100 1800,384,1224,1224
702 100 1800,384,1224,1200
703 100 1776,360,1224,1224
704 100 1776,360,1224,1200
705 100 1752,336,1224,1200
706 100 1752,336,1224,1200
707 100 1728,312,1224,1200
708 100 1704,288,1224,1224
709 100 1704,288,1224,1200
710 100 1680,288,1224,1200
711 100 1680,288,1224,1224
712 100 1680,312,1224,1200
713 100 1680,312,1224,1200
714 100 1656,288,1224,1224
715 100 1656,288,1224,1200
716 100 1632,288,1224,1200
717 100 1632,288,1224,1200
718 100 1608,264,1224,1200
719 100 1608,264,1224,1200
720 100 1584,240,1224,1224
721 100 1560,240,1224,1224
722 100 1560,240,1224,1224
723 100 1560,264,1224,1200
724 100 1536,264,1224,1200
725 100 1536,264,1224,1200
726 100 1536,264,1224,1200
727 100 1512,264,1224,1200
728 100 1512,264,1224,1200
729 100 1512,264,1224,1200
730 100 1488,240,1224,1224
731 100 1464,240,1224,1200
732 100 1464,240,1224,1200
733 100 1440,240,1224,1200
734 100 1440,240,1224,1200
735 100 1440,240,1224,1200
736 100 1440,264,1224,1200
737 100 1440,264,1224,1200
738 100 1416,288,1224,1200
739 100 1416,288,1224,1200
740 100 1416,312,1224,1200
741 100 1416,312,1224,1200
742 100 1392,312,1224,1200
743 100 1392,312,1224,1200
744 100 1392,312,1224,1200
745 100 1392,312,1224,1200
746 100 1392,312,1224,1200
747 100 1392,312,1224,1200
748 100 1392,312,1224,1200
749 100 1392,312,1224,1200
750 100 1392,312,1224,1224
751 100 1416,312,1224,1224
752 100 1416,312,1224,1224
753 100 1416,312,1224,1224
754 100 1416,312,1224,1224
755 100 1416,312,1224,1224
756 100 1416,312,1224,1224
757 100 1416,312,1224,1224
758 100 1416,312,1224,1224
759 100 1392,312,1224,1224
760 100 1416,312,1224,1224
761 100 1392,312,1224,1224
762 100 1392,312,1224,1224
763 100 1392,312,1224,1224
764 100 1392,312,1224,1200
765 100 1392,312,1224,1224
766 100 1392,336,1224,1200
767 100 1392,336,1224,1200
768 100 1368,336,1224,1224
769 100 1368,360,1224,1200
770 100 1368,360,1224,1200
771 100 1368,360,1224,1224
772 100 1368,384,1224,1200
773 100 1344,384,1224,1200
774 100 1344,384,1224,1200
775 100 1344,384,1224,1200
776 100 1344,384,1224,1224
777 100 1344,408,1224,1200
778 100 1344,408,1224,1200
779 100 1344,408,1224,1200
780 100 1344,408,1224,1224
781 100 1344,432,1224,1200
782 100 1344,432,1224,1200
783 100 1320,408,1224,1224
784 100 1320,408,1224,1224
785 100 1320,408,1224,1224
786 100 1296,408,1224,1224
787 100 1296,408,1224,1224
788 100 1296,408,1224,1224
789 100 1272,432,1224,1200
790 100 1272,432,1224,1200
791 100 1248,432,1224,1200
792 100 1248,432,1224,1224
793 100 1248,456,1224,1200
794 100 1272,456,1224,1200
795 100 1272,456,1224,1200
796 100 1272,456,1224,1200
797 100 1272,456,1224,1200
798 100 1272,456,1224,1200
799 100 1272,456,1224,1224
800 100 1272,456,1224,1224
801 100 1272,456,1224,1224
802 100 1272,456,1224,1200
803 100 1272,432,1224,1224
804 100 1248,432,1224,1200
805 100 1248,408,1224,1224
806 100 1248,408,1224,1200
807 100 1248,384,1224,1224
808 100 1224,384,1224,1200
809 100 1224,384,1224,1200
810 100 1224,360,1224,1224
811 100 1224,360,1224,1200
812 100 1200,336,1224,1224
813 100 1200,336,1224,1200
814 100 1200,312,1224,1224
815 100 1176,312,1224,1200
816 100 1176,288,1224,1224
817 100 1152,288,1224,1200
818 100 1152,288,1224,1200
819 100 1152,264,1224,1224
820 100 1152,264,1224,1200
821 100 1128,240,1224,1224
822 100 1128,240,1224,1200
823 100 1104,216,1224,1224
824 100 1104,192,1224,1224
825 100 1080,192,1224,1224
826 100 1080,192,1224,1200
827 100 1080,168,1224,1224
828 100 1080,168,1224,1200
829 100 1080,168,1224,1200
830 100 1056,144,1224,1224
831 100 1056,144,1224,1200
832 100 1056,144,1224,1200
833 100 1056,120,1224,1200
834 100 1056,96,1224,1224
835 100 1056,96,1224,1200
836 100 1056,72,1224,1200
837 100 1056,72,1224,1200
838 100 1032,48,1224,1200
839 100 1032,48,1224,1200
840 100 1056,48,1224,1200
841 100 0,24,1224,1224
842 100 0,24,1224,1200
843 100 0,24,1224,1200
844 100 0,24,1224,1200
845 100 0,24,1224,1224
846 100 0,24,1224,1224
847 100 0,24,1224,1224
848 100 0,24,1224,1200
849 100 0,24,1224,1200
850 100 0,24,1224,1200
851 100 0,24,1224,1200
852 100 0,24,1224,1200
853 100 0,24,1224,1200
854 100 0,24,1224,1200
855 100 0,24,1224,1200
856 100 0,24,1224,1200
857 100 0,24,1224,1200
858 100 0,24,1224,1200
859 100 0,24,1224,1200
860 100 0,24,1224,1200
861 100 0,24,1224,1200
862 100 0,24,1224,1200
863 100 0,24,1224,1200
864 100 0,24,1224,1200
865 100 0,24,1224,1200
866 100 0,24,1224,1200
867 100 0,24,1224,1200
868 100 0,24,1224,1200
869 100 0,24,1224,1200
870 100 0,24,1224,1200
871 100 0,24,1224,1200
872 100 0,24,1224,1200
873 100 24,24,1224,1200
874 100 0,24,1224,1200
875 100 0,24,1224,1200
876 100 0,24,1224,1200
877 100 0,24,1224,1200
878 100 0,24,1224,1200
879 100 0,24,1224,1200
880 100 0,24,1224,1200
881 100 0,24,1224,1200
882 100 0,24,1224,1200
883 100 0,24,1224,1200
884 100 0,24,1224,1200
885 100 0,24,1224,1200
886 100 0,24,1224,1200
887 100 0,24,1224,1200
888 100 0,24,1224,1200
889 100 0,24,1224,1200
890 100 0,24,1224,1200
891 100 0,24,1224,1200
892 100 0,24,1224,1200
893 100 0,24,1224,1200
894 100 0,24,1224,1200
895 100 0,24,1224,1200
896 100 0,24,1224,1200
897 100 0,24,1224,1200
898 100 0,24,1224,1200
899 100 0,24,1224,1200
900 100 0,24,1224,1200
901 100 0,24,1224,1200
902 100 0,24,1224,1200
903 100 0,24,1224,1200
904 100 0,24,1224,1200
905 100 0,24,1224,1200
906 100 0,24,1224,1200
907 100 0,24,1224,1200
908 100 0,24,1224,1224
909 100 0,24,1224,1224
910 100 0,24,1224,1224
911 100 1080,48,1224,1200
912 100 1080,48,1224,1224
913 100 1080,72,1224,1200
914 100 1080,72,1224,1200
915 100 1080,72,1224,1224
916 100 1080,72,1224,1224
917 100 1080,96,1224,1200
918 100 1080,96,1224,1200
919 100 1080,96,1224,1200
920 100 1080,96,1224,1200
921 100 1080,96,1224,1200
922 100 1080,96,1224,1224
923 100 1080,120,1224,1200
924 100 1080,120,1224,1200
925 100 1080,144,1224,1200
926 100 1080,144,1224,1200
927 100 1080,144,1224,1224
928 100 1080,168,1224,1200
929 100 1080,168,1224,1224
930 100 1104,192,1224,1200
931 100 1104,192,1224,1224
932 100 1104,216,1224,1200
933 100 1104,216,1224,1224
934 100 1128,240,1224,1200
935 100 1128,264,1224,1200
936 100 1128,264,1224,1200
937 100 1128,264,1224,1200
938 100 1128,264,1224,1224
939 100 1128,288,1224,1200
940 100 1128,288,1224,1200
941 100 1128,288,1224,1224
942 100 1152,312,1224,1200
943 100 1152,312,1224,1224
944 100 1152,336,1224,1200
945 100 1152,336,1224,1224
946 100 1152,360,1224,1200
947 100 1152,360,1224,1200
948 100 1152,360,1224,1200
949 100 1152,360,1224,1224
950 100 1152,360,1224,1224
951 100 1152,360,1224,1224
952 100 1152,360,1224,1224
953 100 1152,384,1224,1200
954 100 1152,384,1224,1200
955 100 1152,384,1224,1200
956 100 1152,384,1224,1200
957 100 1176,384,1224,1200
958 100 1176,384,1224,1200
959 100 1176,384,1224,1200
960 100 1176,384,1224,1200
961 100 1176,360,1224,1224
962 100 1176,360,1224,1224
963 100 1176,384,1224,1200
964 100 1176,360,1224,1224
965 100 1176,384,1224,1200
966 100 1176,384,1224,1200
967 100 1176,384,1224,1200
968 100 1176,384,1224,1200
969 100 1176,384,1224,1200
970 100 1176,384,1224,1200
971 100 1200,384,1224,1200
972 100 1200,384,1224,1224
973 100 1200,384,1224,1224
974 100 1200,384,1224,1224
975 100 1200,384,1224,1224
976 100 1200,384,1224,1224
977 100 1224,384,1224,1224
978 100 1224,384,1224,1224
979 100 1224,384,1224,1224
980 100 1224,384,1224,1224
981 100 1248,408,1224,1200
982 100 1248,408,1224,1200
983 100 1248,408,1224,1200
984 100 1248,408,1224,1200
985 100 1248,408,1224,1200
986 100 1248,384,1224,1224
987 100 1248,384,1224,1224
988 100 1248,384,1224,1224
989 100 1248,384,1224,1224
990 100 1272,384,1224,1224
991 100 1272,384,1224,1224
992 100 1272,384,1224,1224
993 100 1272,384,1224,1224
994 100 1272,384,1224,1224
995 100 1272,384,1224,1224
996 100 1272,384,1224,1224
997 100 1272,408,1224,1200
998 100 1272,408,1224,1200
999 100 1272,408,1224,1200
1000 100 1272,408,1224,1200
1001 100 1272,408,1224,1200
1002 100 1272,408,1224,1200
1003 100 1296,408,1224,1224
1004 100 1296,408,1224,1224
1005 100 1296,408,1224,1224
1006 100 1296,432,1224,1200
1007 100 1296,432,1224,1200
1008 100 1296,432,1224,1200
1009 100 1296,432,1224,1224
1010 100 1296,456,1224,1200
1011 100 1296,456,1224,1200
1012 100 1296,456,1224,1224
1013 100 1296,456,1224,1224
1014 100 1296,480,1224,1200
1015 100 1296,480,1224,1200
1016 100 1296,480,1224,1200
1017 100 1296,480,1224,1224
1018 100 1296,480,1224,1224
1019 100 1296,480,1224,1224
1020 100 1272,504,1224,1200
1021 100 1272,504,1224,1200
1022 100 1272,504,1224,1224
1023 100 1272,504,1224,1224
1024 100 1248,528,1224,1200
1025 100 1248,528,1224,1200
1026 100 1248,528,1224,1200
1027 100 1224,528,1224,1224
1028 100 1224,528,1224,1224
1029 100 1200,552,1224,1200
1030 100 1200,552,1224,1200
1031 100 1200,552,1224,1200
1032 100 1176,552,1224,1224
1033 100 1176,576,1224,1200
1034 100 1152,576,1224,1200
1035 100 1152,576,1224,1200
1036 100 1152,576,1224,1224
1037 100 1128,576,1224,1224
1038 100 1128,576,1224,1224
1039 100 1128,600,1224,1200
1040 100 1104,600,1224,1200
1041 100 1104,600,1224,1224
1042 100 1080,600,1224,1224
1043 100 1080,624,1224,1200
1044 100 1080,624,1224,1200
1045 100 1080,624,1224,1200
1046 100 1056,624,1224,1224
1047 100 1056,624,1224,1224
1048 100 1056,648,1224,1200
1049 100 1032,648,1224,1224
1050 100 1032,648,1224,1224
1051 100 1008,648,1224,1224
1052 100 1008,648,1224,1224
1053 100 984,672,1224,1200
1054 100 984,672,1224,1200
1055 100 960,672,1224,1224
1056 100 936,672,1224,1224
1057 100 936,672,1224,1224
1058 100 936,696,1224,1200
1059 100 912,696,1224,1224
1060 100 912,696,1224,1224
1061 100 912,696,1224,1224
1062 100 888,696,1224,1224
1063 100 888,720,1224,1200
1064 100 888,720,1224,1200
1065 100 864,720,1224,1224
1066 100 864,720,1224,1224
1067 100 864,720,1224,1224
1068 100 840,720,1224,1224
1069 100 840,720,1224,1224
1070 100 840,720,1224,1224
1071 100 840,720,1224,1224
1072 100 840,744,1224,1200
1073 100 840,744,1224,1200
1074 100 816,744,1224,1224
1075 100 816,744,1224,1224
1076 100 816,744,1224,1224
1077 100 816,744,1224,1224
1078 100 816,744,1224,1224
1079 100 792,768,1224,1200
1080 100 792,768,1224,1224
1081 100 792,768,1224,1224
1082 100 792,768,1224,1224
1083 100 792,768,1224,1224
1084 100 792,768,1224,1224
1085 100 792,768,1224,1224
1086 100 792,768,1224,1224
1087 100 792,768,1224,1224
1088 100 792,768,1224,1224
1089 100 792,768,1224,1224
1090 100 792,768,1224,1224
1091 100 792,768,1224,1224
1092 100 792,768,1224,1224
1093 100 768,768,1224,1224
1094 100 768,792,1224,1200
1095 100 768,792,1224,1200
1096 100 768,792,1224,1200
1097 100 768,792,1224,1224
1098 100 768,792,1224,1200
1099 100 768,792,1224,1200
1100 100 768,792,1224,1224
1101 100 768,792,1224,1224
1102 100 768,792,1224,1224
1103 100 768,792,1224,1224
1104 100 792,792,1224,1224
1105 100 792,792,1224,1224
1106 100 792,792,1224,1224
1107 100 792,792,1224,1224
1108 100 792,792,1224,1200
1109 100 792,792,1224,1200
1110 100 792,768,1224,1224
1111 100 816,768,1224,1224
1112 100 792,768,1224,1224
1113 100 816,768,1224,1224
1114 100 792,768,1224,1224
1115 100 792,768,1224,1224
1116 100 792,792,1224,1200
1117 100 792,792,1224,1200
1118 100 792,792,1224,1200
1119 100 792,792,1224,1224
1120 100 792,768,1224,1224
1121 100 792,768,1224,1224
1122 100 792,768,1224,1224
1123 100 792,792,1224,1200
1124 100 792,792,1224,1200
1125 100 792,768,1224,1224
1126 100 792,792,1224,1200
1127 100 792,792,1224,1200
1128 100 792,792,1224,1224
1129 100 792,792,1224,1200
1130 100 792,792,1224,1224
1131 100 792,792,1224,1224
1132 100 792,792,1224,1224
1133 100 792,792,1224,1224
1134 100 792,792,1224,1224
1135 100 792,792,1224,1224
1136 100 792,792,1224,1224
1137 100 792,792,1224,1224
1138 100 792,792,1224,1224
1139 100 792,792,1224,1224
1140 100 792,792,1224,1224
1141 100 792,792,1224,1224
1142 100 792,792,1224,1224
1143 100 792,792,1224,1224
1144 100 792,792,1224,1224
1145 100 792,792,1224,1224
1146 100 792,792,1224,1224
1147 100 792,792,1224,1224
1148 100 792,792,1224,1224
1149 100 792,792,1224,1224
1150 100 792,792,1224,1224
1151 100 792,792,1224,1224
1152 100 792,792,1224,1224
1153 100 792,792,1224,1224
1154 100 792,792,1224,1224
1155 100 792,792,1224,1224
1156 100 792,792,1224,1224
1157 100 792,792,1224,1224
1158 100 792,792,1224,1224
1159 100 792,792,1224,1224
1160 100 792,792,1224,1224
1161 100 792,792,1224,1224
1162 100 792,792,1224,1224
1163 100 792,792,1224,1224
1164 100 792,792,1224,1224
1165 100 792,792,1224,1224
1166 100 792,792,1224,1224
1167 100 792,792,1224,1224
1168 100 792,792,1224,1224
1169 100 792,792,1224,1224
1170 100 792,792,1224,1224
1171 100 792,792,1224,1224
1172 100 792,792,1224,1224
1173 100 792,792,1224,1224
1174 100 792,792,1224,1224
1175 100 792,792,1224,1224
1176 100 792,792,1224,1224
1177 100 792,792,1224,1224
1178 100 792,792,1224,1224
1179 100 792,792,1224,1224
1180 100 792,792,1224,1224
1181 100 792,792,1224,1224
1182 100 792,792,1224,1224
1183 100 792,792,1224,1224
1184 100 792,792,1224,1224
1185 100 792,792,1224,1224
1186 100 792,792,1224,1224
1187 100 816,792,1224,1224
1188 100 816,792,1224,1224
1189 100 816,792,1224,1224
1190 100 816,792,1224,1224
1191 100 816,792,1224,1224
1192 100 816,792,1224,1224
1193 100 816,792,1224,1224
1194 100 816,792,1224,1224
1195 100 816,792,1224,1224
1196 100 816,768,1224,1248
1197 100 816,768,1224,1224
1198 100 816,768,1224,1224
1199 100 816,768,1224,1224
1200 100 816,768,1224,1224
1201 100 816,768,1224,1224
1202 100 816,768,1224,1224
1203 100 816,768,1224,1224
1204 100 816,768,1224,1224
1205 100 816,768,1224,1224
1206 100 816,768,1224,1224
1207 100 816,768,1224,1224
1208 100 816,768,1224,1224
1209 100 816,768,1224,1224
1210 100 816,768,1224,1224
1211 100 816,768,1224,1224
1212 100 816,768,1224,1224
1213 100 816,768,1224,1224
1214 100 816,768,1224,1224
1215 100 816,768,1224,1224
1216 100 816,768,1224,1224
1217 100 816,768,1224,1224
1218 100 816,768,1224,1224
1219 100 816,768,1224,1224
1220 100 816,768,1224,1224
1221 100 816,768,1224,1224
1222 100 816,768,1224,1224
1223 100 816,768,1224,1224
1224 100 816,768,1224,1224
1225 100 816,768,1224,1224
1226 100 816,768,1224,1224
1227 100 816,768,1224,1224
1228 100 816,768,1224,1224
1229 100 816,768,1224,1224
1230 100 816,768,1224,1224
1231 100 816,768,1224,1224
1232 100 816,768,1224,1224
1233 100 816,768,1224,1224
1234 100 816,768,1224,1248
1235 100 816,768,1224,1248
1236 100 816,768,1224,1248
1237 100 816,792,1224,1224
1238 100 816,792,1224,1224
1239 100 816,792,1224,1224
1240 100 816,792,1224,1224
1241 100 840,792,1224,1224
1242 100 840,792,1224,1224
1243 100 864,792,1224,1224
1244 100 864,792,1224,1200
1245 100 888,792,1224,1200
1246 100 888,792,1224,1200
1247 100 912,768,1224,1224
1248 100 912,768,1224,1224
1249 100 912,768,1224,1224
1250 100 912,768,1224,1224
1251 100 936,768,1224,1224
1252 100 936,768,1224,1200
1253 100 936,768,1224,1200
1254 100 936,768,1224,1200
1255 100 960,744,1224,1224
1256 100 960,744,1224,1224
1257 100 960,744,1224,1224
1258 100 960,744,1224,1224
1259 100 984,744,1224,1224
1260 100 1008,744,1224,1200
1261 100 1008,744,1224,1224
1262 100 1032,744,1224,1224
1263 100 1056,768,1224,1200
1264 100 1104,744,1224,1224
1265 100 1128,744,1224,1224
1266 100 1152,744,1224,1200
1267 100 1176,744,1224,1200
1268 100 1176,720,1224,1224
1269 100 1200,720,1224,1224
1270 100 1200,720,1224,1224
1271 100 1200,720,1224,1224
1272 100 1224,720,1224,1224
1273 100 1224,720,1224,1224
1274 100 1224,720,1224,1224
1275 100 1224,720,1224,1224
1276 100 1224,720,1224,1224
1277 100 1248,720,1224,1200
1278 100 1296,696,1224,1224
1279 100 1320,696,1224,1224
1280 100 1368,672,1224,1224
1281 100 1392,672,1224,1224
1282 100 1440,648,1224,1224
1283 100 1440,648,1224,1224
1284 100 1464,648,1224,1224
1285 100 1464,648,1224,1224
1286 100 1464,648,1224,1224
1287 100 1488,648,1224,1200
1288 100 1512,624,1224,1224
1289 100 1536,624,1224,1224
1290 100 1536,624,1224,1200
1291 100 1560,624,1224,1200
1292 100 1584,600,1224,1224
1293 100 1608,600,1224,1224
1294 100 1608,600,1224,1224
1295 100 1632,600,1224,1224
1296 100 1632,600,1224,1224
1297 100 1632,600,1224,1224
1298 100 1656,600,1224,1224
1299 100 1656,600,1224,1224
1300 100 1656,600,1224,1224
1301 100 1656,600,1224,1224
1302 100 1680,600,1224,1200
1303 100 1680,576,1224,1224
1304 100 1680,576,1224,1224
1305 100 1680,576,1224,1200
1306 100 1680,576,1224,1200
1307 100 1680,576,1224,1200
1308 100 1680,552,1224,1224
1309 100 1656,552,1224,1224
1310 100 1656,552,1224,1224
1311 100 1656,552,1224,1224
1312 100 1656,552,1224,1224
1313 100 1632,552,1224,1224
1314 100 1656,576,1224,1200
1315 100 1656,576,1224,1200
1316 100 1656,576,1224,1200
1317 100 1656,576,1224,1200
1318 100 1632,576,1224,1200
1319 100 1632,576,1224,1200
1320 100 1632,576,1224,1224
1321 100 1608,600,1224,1200
1322 100 1608,600,1224,1200
1323 100 1608,600,1224,1200
1324 100 1608,600,1224,1200
1325 100 1608,600,1224,1200
1326 100 1608,600,1224,1200
1327 100 1584,600,1224,1200
1328 100 1584,600,1224,1200
1329 100 1584,576,1224,1224
1330 100 1584,576,1224,1224
1331 100 1560,576,1224,1224
1332 100 1560,576,1224,1224
1333 100 1560,576,1224,1200
1334 100 1560,576,1224,1200
1335 100 1560,576,1224,1200
1336 100 1560,552,1224,1224
1337 100 1560,552,1224,1200
1338 100 1560,552,1224,1200
1339 100 1584,528,1224,1224
1340 100 1560,528,1224,1200
1341 100 1560,528,1224,1200
1342 100 1560,504,1224,1224
1343 100 1560,504,1224,1200
1344 100 1536,504,1224,1200
1345 100 1512,480,1224,1200
1346 100 1512,480,1224,1200
1347 100 1488,480,1224,1200
1348 100 1464,480,1224,1200
1349 100 1464,480,1224,1200
1350 100 1440,480,1224,1200
1351 100 1440,480,1224,1200
1352 100 1440,504,1224,1200
1353 100 1416,504,1224,1200
1354 100 1416,504,1224,1200
1355 100 1416,504,1224,1200
1356 100 1416,504,1224,1200
1357 100 1416,504,1224,1200
1358 100 1392,504,1224,1200
1359 100 1392,504,1224,1200
1360 100 1392,480,1224,1224
1361 100 1392,480,1224,1200
1362 100 1368,480,1224,1200
1363 100 1368,480,1224,1200
1364 100 1368,480,1224,1224
1365 100 1344,504,1224,1200
1366 100 1296,504,1224,1224
1367 100 1248,528,1224,1200
1368 100 1200,528,1224,1200
1369 100 1152,504,1224,1224
1370 100 1152,504,1224,1224
1371 100 1128,504,1224,1224
1372 100 1104,504,1224,1224
1373 100 1104,528,1224,1200
1374 100 1080,528,1224,1200
1375 100 1080,528,1224,1200
1376 100 1056,504,1224,1224
1377 100 1056,504,1224,1224
1378 100 1032,504,1224,1200
1379 100 1008,504,1224,1200
1380 100 984,480,1224,1224
1381 100 984,480,1224,1224
1382 100 960,480,1224,1200
1383 100 936,480,1224,1200
1384 100 912,480,1224,1200
1385 100 912,480,1224,1200
1386 100 912,456,1224,1224
1387 100 912,456,1224,1224
1388 100 888,480,1224,1200
1389 100 888,480,1224,1200
1390 100 888,480,1224,1200
1391 100 888,480,1224,1224
1392 100 888,480,1224,1224
1393 100 864,504,1224,1200
1394 100 864,504,1224,1200
1395 100 864,504,1224,1224
1396 100 840,504,1224,1224
1397 100 840,528,1224,1200
1398 100 816,528,1224,1200
1399 100 816,528,1224,1200
1400 100 792,528,1224,1200
1401 100 768,528,1224,1200
1402 100 768,528,1224,1200
1403 100 744,528,1224,1200
1404 100 744,528,1224,1200
1405 100 744,528,1224,1200
1406 100 744,528,1224,1200
1407 100 720,528,1224,1200
1408 100 720,528,1224,1200
1409 100 696,528,1224,1200
1410 100 696,528,1224,1200
1411 100 672,528,1224,1200
1412 100 672,528,1224,1224
1413 100 672,528,1224,1224
1414 100 672,552,1224,1200
1415 100 672,552,1224,1200
1416 100 672,552,1224,1224
1417 100 672,552,1224,1200
1418 100 672,552,1224,1200
1419 100 672,552,1224,1200
1420 100 672,552,1224,1200
1421 100 672,552,1224,1200
1422 100 672,552,1224,1224
1423 100 672,552,1224,1224
1424 100 672,552,1224,1224
1425 100 672,552,1224,1224
1426 100 672,552,1224,1224
1427 100 672,552,1224,1224
1428 100 672,552,1224,1224
1429 100 672,552,1224,1224
1430 100 672,552,1224,1224
1431 100 672,552,1224,1224
1432 100 672,552,1224,1200
1433 100 672,552,1224,1224
1434 100 672,552,1224,1224
1435 100 672,552,1224,1224
1436 100 672,552,1224,1224
1437 100 672,552,1224,1224
1438 100 672,552,1224,1224
1439 100 672,552,1224,1224
1440 100 672,552,1224,1224
1441 100 672,552,1224,1224
1442 100 672,552,1224,1224
1443 100 672,552,1224,1224
1444 100 672,552,1224,1224
1445 100 672,552,1224,1224
1446 100 672,552,1224,1224
1447 100 672,552,1224,1224
1448 100 672,576,1224,1200
1449 100 672,576,1224,1200
1450 100 672,576,1224,1200
1451 100 672,576,1224,1200
1452 100 672,576,1224,1200
1453 100 648,576,1224,1200
1454 100 648,576,1224,1200
1455 100 648,576,1224,1200
1456 100 648,576,1224,1200
1457 100 648,576,1224,1200
1458 100 624,576,1224,1224
1459 100 624,576,1224,1224
1460 100 624,600,1224,1224
1461 100 600,624,1224,1200
1462 100 576,624,1224,1224
1463 100 552,648,1224,1200
1464 100 552,648,1224,1224
1465 100 528,648,1224,1224
1466 100 504,672,1224,1224
1467 100 480,672,1224,1224
1468 100 432,696,1224,1200
1469 100 408,696,1224,1200
1470 100 384,696,1224,1224
1471 100 336,720,1224,1200
1472 100 288,720,1224,1224
1473 100 264,720,1224,1224
1474 100 240,720,1224,1224
1475 100 216,720,1224,1224
1476 100 216,744,1224,1200
1477 100 192,744,1224,1200
1478 100 168,744,1224,1200
1479 100 144,744,1224,1224
1480 100 144,744,1224,1224
1481 100 144,744,1224,1200
1482 100 120,744,1224,1200
1483 100 120,744,1224,1200
1484 100 120,744,1224,1200
1485 100 120,744,1224,1224
1486 100 120,744,1224,1224
1487 100 96,768,1224,1200
1488 100 72,792,1224,1200
1489 100 72,792,1224,1200
1490 100 72,792,1224,1224
1491 100 72,792,1224,1224
1492 100 96,816,1224,1200
1493 100 96,816,1224,1200
1494 100 72,840,1224,1200
1495 100 72,840,1224,1200
1496 100 48,840,1224,1224
1497 100 48,840,1224,1224
1498 100 48,840,1224,1224
1499 100 48,864,1224,1224
1500 100 48,864,1224,1224
1501 100 24,864,1224,1224
1502 100 24,864,1224,1224
1503 100 0,864,1224,1224
1504 100 0,864,1224,1224
1505 100 0,864,1224,1224
1506 100 0,864,1224,1224
1507 100 0,864,1224,1224
1508 100 0,840,1224,1224
1509 100 0,864,1224,1224
1510 100 0,864,1224,1224
1511 100 0,840,1224,1224
1512 100 0,840,1224,1224
1513 100 0,840,1224,1224
1514 100 0,840,1224,1224
1515 100 0,840,1224,1224
1516 100 0,840,1224,1224
1517 100 0,840,1224,1224
1518 100 0,840,1224,1224
1519 100 0,840,1224,1224
1520 100 0,840,1224,1224
1521 100 0,840,1224,1224
1522 100 0,840,1224,1224
1523 100 0,840,1224,1224
1524 100 0,816,1224,1248
1525 100 0,816,1224,1248
1526 100 0,816,1224,1248
1527 100 0,816,1224,1224
1528 100 0,816,1224,1224
1529 100 0,792,1224,1248
1530 100 0,768,1224,1248
1531 100 0,768,1224,1224
1532 100 24,744,1224,1224
1533 100 0,720,1224,1224
1534 100 0,672,1224,1248
1535 100 0,648,1224,1248
1536 100 0,648,1224,1224
1537 100 24,624,1224,1224
1538 100 24,600,1224,1224
1539 100 24,576,1224,1224
1540 100 0,576,1224,1224
1541 100 0,552,1224,1224
1542 100 24,528,1224,1224
1543 100 0,504,1224,1224
1544 100 0,504,1224,1224
1545 100 0,480,1224,1224
1546 100 0,480,1224,1224
1547 100 0,480,1224,1224
1548 100 24,456,1224,1224
1549 100 0,456,1224,1224
1550 100 24,432,1224,1224
1551 100 24,408,1224,1224
1552 100 0,408,1224,1200
1553 100 24,384,1224,1224
1554 100 0,360,1224,1224
1555 100 24,360,1224,1200
1556 100 48,336,1224,1224
1557 100 0,336,1224,1200
1558 100 0,312,1224,1224
1559 100 0,312,1224,1224
1560 100 0,312,1224,1224
1561 100 0,312,1224,1224
1562 100 48,312,1224,1224
1563 100 48,336,1224,1200
1564 100 24,336,1224,1200
1565 100 48,336,1224,1200
1566 100 0,312,1224,1224
1567 100 0,312,1224,1200
1568 100 24,312,1224,1200
1569 100 0,312,1224,1224
1570 100 48,312,1224,1224
1571 100 24,336,1224,1200
1572 100 24,336,1224,1224
1573 100 0,360,1224,1200
1574 100 24,360,1224,1224
1575 100 0,384,1224,1200
1576 100 48,384,1224,1224
1577 100 0,408,1224,1200
1578 100 24,408,1224,1224
1579 100 0,432,1224,1200
1580 100 0,432,1224,1200
1581 100 48,432,1224,1200
1582 100 48,432,1224,1200
1583 100 48,432,1224,1200
1584 100 24,432,1224,1200
1585 100 24,432,1224,1224
1586 100 72,456,1224,1200
1587 100 0,456,1224,1224
1588 100 24,480,1224,1224
1589 100 48,504,1224,1200
1590 100 72,504,1224,1224
1591 100 0,528,1224,1224
1592 100 72,528,1224,1224
1593 100 48,528,1224,1224
1594 100 48,528,1224,1224
1595 100 0,528,1224,1224
1596 100 0,528,1224,1224
1597 100 48,552,1224,1200
1598 100 24,552,1224,1200
1599 100 0,552,1224,1224
1600 100 24,576,1224,1200
1601 100 48,600,1224,1200
1602 100 0,600,1224,1224
1603 100 24,624,1224,1200
1604 100 48,624,1224,1224
1605 100 0,648,1224,1224
1606 100 48,648,1224,1224
1607 100 24,672,1224,1200
1608 100 48,672,1224,1200
1609 100 24,672,1224,1200
1610 100 24,672,1224,1224
1611 100 0,672,1224,1224
1612 100 72,672,1224,1224
1613 100 24,696,1224,1200
1614 100 0,696,1224,1224
1615 100 0,696,1224,1224
1616 100 0,696,1224,1224
1617 100 0,720,1224,1200
1618 100 72,720,1224,1200
1619 100 72,720,1224,1200
1620 100 48,720,1224,1224
1621 100 48,720,1224,1224
1622 100 24,720,1224,1224
1623 100 0,744,1224,1200
1624 100 48,744,1224,1224
1625 100 24,744,1224,1224
1626 100 24,744,1224,1224
1627 100 24,744,1224,1224
1628 100 24,744,1224,1224
1629 100 0,744,1224,1224
1630 100 0,768,1224,1200
1631 100 24,768,1224,1224
1632 100 72,792,1224,1200
1633 100 48,792,1224,1224
1634 100 0,816,1224,1200
1635 100 0,816,1224,1200
1636 100 0,816,1224,1200
1637 100 0,816,1224,1200
1638 100 0,816,1224,1200
1639 100 48,816,1224,1224
1640 100 48,816,1224,1224
1641 100 24,840,1224,1200
1642 100 24,840,1224,1200
1643 100 48,840,1224,1200
1644 100 24,840,1224,1200
1645 100 24,840,1224,1200
1646 100 24,840,1224,1200
1647 100 24,840,1224,1200
1648 100 24,840,1224,1224
1649 100 24,840,1224,1224
1650 100 24,840,1224,1224
1651 100 24,864,1224,1200
1652 100 24,864,1224,1200
1653 100 24,864,1224,1200
1654 100 24,864,1224,1200
1655 100 24,864,1224,1200
1656 100 0,864,1224,1200
1657 100 24,864,1224,1200
1658 100 0,864,1224,1200
1659 100 0,864,1224,1200
1660 100 0,864,1224,1200
1661 100 0,864,1224,1200
1662 100 0,864,1224,1200
1663 100 0,864,1224,1200
1664 100 0,864,1224,1200
1665 100 0,864,1224,1224
1666 100 0,864,1224,1224
1667 100 24,864,1224,1224
1668 100 24,864,1224,1224
1669 100 24,864,1224,1224
1670 100 0,864,1224,1224
1671 100 0,864,1224,1224
1672 100 0,864,1224,1224
1673 100 0,864,1224,1224
1674 100 0,864,1224,1224
1675 100 0,864,1224,1224
1676 100 0,864,1224,1224
1677 100 0,864,1224,1224
1678 100 0,888,1224,1200
1679 100 0,888,1224,1200
1680 100 0,888,1224,1200
1681 100 0,888,1224,1200
1682 100 0,888,1224,1200
1683 100 0,888,1224,1200
1684 100 0,888,1224,1200
1685 100 0,888,1224,1200
1686 100 0,888,1224,1200
1687 100 0,864,1224,1224
1688 100 0,864,1224,1200
1689 100 0,864,1224,1200
1690 100 0,864,1224,1200
1691 100 0,864,1224,1200
1692 100 0,864,1224,1200
1693 100 0,840,1224,1224
1694 100 0,840,1224,1224
1695 100 0,840,1224,1224
1696 100 0,840,1224,1224
1697 100 0,840,1224,1224
1698 100 24,840,1224,1224
1699 100 24,864,1224,1200
1700 100 24,864,1224,1200
1701 100 24,864,1224,1200
1702 100 24,864,1224,1200
1703 100 48,864,1224,1200
1704 100 48,864,1224,1200
1705 100 48,864,1224,1200
1706 100 48,864,1224,1200
1707 100 72,864,1224,1200
1708 100 72,840,1224,1224
1709 100 72,840,1224,1224
1710 100 72,840,1224,1224
1711 100 96,840,1224,1200
1712 100 96,840,1224,1200
1713 100 120,840,1224,1200
1714 100 120,840,1224,1200
1715 100 120,840,1224,1200
1716 100 144,840,1224,1200
1717 100 144,816,1224,1200
1718 100 168,816,1224,1200
1719 100 168,792,1224,1224
1720 100 192,792,1224,1200
1721 100 240,768,1224,1224
1722 100 264,744,1224,1224
1723 100 264,744,1224,1200
1724 100 288,720,1224,1224
1725 100 312,720,1224,1200
1726 100 312,696,1224,1200
1727 100 336,696,1224,1200
1728 100 360,672,1224,1224
1729 100 360,672,1224,1200
1730 100 384,672,1224,1200
1731 100 384,672,1224,1200
1732 100 408,672,1224,1200
1733 100 408,672,1224,1200
1734 100 432,648,1224,1224
1735 100 432,648,1224,1200
1736 100 432,648,1224,1200
1737 100 432,648,1224,1200
1738 100 432,624,1224,1224
1739 100 432,624,1224,1200
1740 100 432,624,1224,1200
1741 100 456,624,1224,1200
1742 100 456,624,1224,1200
1743 100 456,624,1224,1200
1744 100 456,600,1224,1224
1745 100 456,600,1224,1224
1746 100 480,600,1224,1200
1747 100 480,600,1224,1200
1748 100 480,600,1224,1200
1749 100 480,600,1224,1200
1750 100 504,600,1224,1200
1751 100 504,600,1224,1200
1752 100 504,576,1224,1224
1753 100 528,576,1224,1200
1754 100 528,576,1224,1200
1755 100 552,552,1224,1224
1756 100 552,552,1224,1200
1757 100 552,528,1224,1224
1758 100 576,528,1224,1200
1759 100 576,504,1224,1224
1760 100 576,504,1224,1200
1761 100 576,480,1224,1224
1762 100 576,480,1224,1200
1763 100 576,480,1224,1224
1764 100 576,504,1224,1200
1765 100 600,504,1224,1200
1766 100 600,504,1224,1200
1767 100 600,504,1224,1200
1768 100 624,504,1224,1200
1769 100 624,504,1224,1200
1770 100 648,504,1224,1200
1771 100 672,504,1224,1200
1772 100 696,504,1224,1200
1773 100 696,504,1224,1200
1774 100 720,504,1224,1200
1775 100 744,504,1224,1224
1776 100 768,504,1224,1224
1777 100 768,504,1224,1224
1778 100 792,504,1224,1224
1779 100 792,504,1224,1200
1780 100 816,504,1224,1200
1781 100 816,504,1224,1200
1782 100 840,504,1224,1200
1783 100 840,504,1224,1200
1784 100 840,480,1224,1224
1785 100 840,480,1224,1200
1786 100 840,456,1224,1224
1787 100 840,456,1224,1200
1788 100 840,456,1224,1200
1789 100 840,432,1224,1224
1790 100 840,432,1224,1200
1791 100 840,432,1224,1200
1792 100 840,432,1224,1224
1793 100 840,432,1224,1224
1794 100 840,432,1224,1224
1795 100 840,432,1224,1200
1796 100 840,408,1224,1224
1797 100 840,408,1224,1200
1798 100 840,408,1224,1200
1799 100 840,408,1224,1200
