0 100 384,504,1224,1224
1 100 1632,624,1224,1224
2 100 1656,624,1224,1224
3 100 1656,624,1224,1224
4 100 1656,624,1224,1224
5 100 1632,648,1224,1200
6 100 1632,648,1224,1200
7 100 1608,624,1224,1224
8 100 1608,624,1224,1224
9 100 1608,624,1224,1224
10 100 1608,624,1224,1200
11 100 1608,624,1224,1200
12 100 1608,624,1224,1200
13 100 1608,624,1224,1200
14 100 1608,600,1224,1200
15 100 1608,600,1224,1200
16 100 1584,576,1224,1200
17 100 1584,576,1224,1200
18 100 1584,576,1224,1200
19 100 1584,576,1224,1200
20 100 1584,552,1224,1224
21 100 1584,552,1224,1224
22 100 1560,552,1224,1200
23 100 1560,552,1224,1200
24 100 1560,528,1224,1200
25 100 1560,528,1224,1200
26 100 1560,528,1224,1200
27 100 1536,504,1224,1200
28 100 1536,504,1224,1200
29 100 1536,504,1224,1200
30 100 1512,456,1224,1224
31 100 1512,456,1224,1224
32 100 1512,456,1224,1224
33 100 1464,432,1224,1224
34 100 1464,432,1224,1224
35 100 1392,408,1224,1200
36 100 1392,408,1224,1200
37 100 1392,408,1224,1200
38 100 1344,384,1224,1200
39 100 1344,384,1224,1200
40 100 1344,384,1224,1200
41 100 1320,384,1224,1200
42 100 1320,384,1224,1200
43 100 1320,384,1224,1200
44 100 1296,360,1224,1200
45 100 1296,360,1224,1200
46 100 1296,360,1224,1200
47 100 1296,360,1224,1200
48 100 1296,360,1224,1200
49 100 1296,360,1224,1200
50 100 1272,336,1224,1200
51 100 1272,336,1224,1200
52 100 1272,336,1224,1200
53 100 1272,336,1224,1200
54 100 1272,336,1224,1200
55 100 1248,312,1224,1224
56 100 1248,312,1224,1224
57 100 1248,312,1224,1224
58 100 1248,312,1224,1200
59 100 1248,312,1224,1200
60 100 1248,312,1224,1200
61 100 1248,312,1224,1200
62 100 1248,312,1224,1200
63 100 1248,312,1224,1200
64 100 1248,312,1224,1200
65 100 1248,312,1224,1200
66 100 1248,312,1224,1200
67 100 1248,312,1224,1224
68 100 1248,312,1224,1224
69 100 1248,312,1224,1224
70 100 1248,312,1224,1224
71 100 1248,312,1224,1224
72 100 1248,312,1224,1224
73 100 1248,336,1224,1200
74 100 1248,336,1224,1200
75 100 1272,336,1224,1200
76 100 1272,336,1224,1200
77 100 1272,336,1224,1200
78 100 1272,360,1224,1200
79 100 1272,360,1224,1200
80 100 1272,360,1224,1224
81 100 1272,360,1224,1224
82 100 1272,360,1224,1224
83 100 1272,384,1224,1200
84 100 1272,384,1224,1200
85 100 1272,384,1224,1200
86 100 1272,384,1224,1200
87 100 1296,408,1224,1200
88 100 1296,408,1224,1200
89 100 1296,408,1224,1200
90 100 1296,432,1224,1200
91 100 1296,432,1224,1200
92 100 1296,432,1224,1224
93 100 1296,432,1224,1224
94 100 1296,432,1224,1224
95 100 1320,480,1224,1200
96 100 1320,480,1224,1200
97 100 1320,480,1224,1224
98 100 1320,480,1224,1224
99 100 1320,480,1224,1224
100 100 1320,504,1224,1200
101 100 1320,504,1224,1200
102 100 1320,504,1224,1200
103 100 1296,576,1224,1224
104 100 1296,576,1224,1224
105 100 1296,576,1224,1224
106 100 1248,648,1224,1224
107 100 1248,648,1224,1224
108 100 1248,648,1224,1224
109 100 1224,720,1224,1200
110 100 1224,720,1224,1200
111 100 1224,720,1224,1200
112 100 1224,720,1224,1224
113 100 1224,720,1224,1224
114 100 1224,720,1224,1224
115 100 1200,768,1224,1200
116 100 1200,768,1224,1200
117 100 1200,792,1224,1200
118 100 1200,792,1224,1200
119 100 1200,792,1224,1200
120 100 1176,816,1224,1200
121 100 1176,816,1224,1200
122 100 1152,840,1224,1224
123 100 1152,840,1224,1224
124 100 1152,840,1224,1224
125 100 1128,864,1224,1224
126 100 1128,864,1224,1224
127 100 1128,864,1224,1224
128 100 1128,888,1224,1200
129 100 1128,888,1224,1200
130 100 1128,888,1224,1200
131 100 1104,888,1224,1224
132 100 1104,888,1224,1224
133 100 1104,888,1224,1224
134 100 1104,912,1224,1200
135 100 1104,912,1224,1200
136 100 1104,912,1224,1200
137 100 1104,912,1224,1200
138 100 1104,912,1224,1200
139 100 1104,912,1224,1200
140 100 1080,912,1224,1224
141 100 1080,912,1224,1224
142 100 1080,912,1224,1224
143 100 1080,912,1224,1224
144 100 1080,912,1224,1224
145 100 1080,912,1224,1224
146 100 1080,912,1224,1224
147 100 1080,912,1224,1224
148 100 1080,912,1224,1224
149 100 1080,912,1224,1224
150 100 1104,912,1224,1200
151 100 1104,912,1224,1200
152 100 1104,912,1224,1200
153 100 1128,888,1224,1224
154 100 1128,888,1224,1224
155 100 1128,888,1224,1224
156 100 1152,864,1224,1224
157 100 1152,864,1224,1224
158 100 1152,864,1224,1224
159 100 1176,840,1224,1224
160 100 1176,840,1224,1224
161 100 1176,840,1224,1224
162 100 1224,816,1224,1200
163 100 1224,816,1224,1200
164 100 1224,816,1224,1200
165 100 1272,792,1224,1200
166 100 1272,792,1224,1200
167 100 1272,792,1224,1200
168 100 1296,744,1224,1224
169 100 1296,744,1224,1224
170 100 1344,720,1224,1224
171 100 1344,720,1224,1224
172 100 1344,720,1224,1224
173 100 1368,696,1224,1224
174 100 1368,696,1224,1224
175 100 1416,672,1224,1200
176 100 1416,672,1224,1200
177 100 1416,672,1224,1200
178 100 1440,648,1224,1200
179 100 1440,648,1224,1200
180 100 1440,648,1224,1200
181 100 1464,600,1224,1224
182 100 1464,600,1224,1224
183 100 1464,600,1224,1224
184 100 1488,576,1224,1224
185 100 1488,576,1224,1224
186 100 1488,576,1224,1224
187 100 1488,552,1224,1200
188 100 1488,552,1224,1200
189 100 1488,552,1224,1200
190 100 1512,528,1224,1224
191 100 1512,528,1224,1224
192 100 1512,528,1224,1224
193 100 1512,528,1224,1224
194 100 1512,528,1224,1224
195 100 1512,528,1224,1200
196 100 1512,528,1224,1200
197 100 1512,528,1224,1200
198 100 1512,528,1224,1200
199 100 1512,528,1224,1200
200 100 1512,528,1224,1200
201 100 1512,528,1224,1200
202 100 1512,528,1224,1200
203 100 1512,504,1224,1224
204 100 1512,504,1224,1224
205 100 1512,504,1224,1224
206 100 1512,504,1224,1200
207 100 1512,504,1224,1200
208 100 1512,504,1224,1200
209 100 1512,504,1224,1200
210 100 1512,504,1224,1200
211 100 1512,504,1224,1200
212 100 1512,504,1224,1200
213 100 1512,504,1224,1200
214 100 1512,504,1224,1200
215 100 1512,504,1224,1200
216 100 1488,480,1224,1200
217 100 1488,480,1224,1200
218 100 1488,480,1224,1200
219 100 1488,456,1224,1200
220 100 1488,456,1224,1200
221 100 1464,432,1224,1200
222 100 1464,432,1224,1200
223 100 1464,384,1224,1224
224 100 1464,384,1224,1224
225 100 1464,384,1224,1224
226 100 1440,384,1224,1200
227 100 1440,384,1224,1200
228 100 1440,384,1224,1200
229 100 1416,360,1224,1224
230 100 1416,360,1224,1224
231 100 1416,360,1224,1224
232 100 1368,360,1224,1200
233 100 1368,360,1224,1200
234 100 1368,360,1224,1200
235 100 1320,336,1224,1224
236 100 1320,336,1224,1224
237 100 1320,336,1224,1224
238 100 1320,336,1224,1224
239 100 1272,336,1224,1200
240 100 1272,336,1224,1200
241 100 1248,336,1224,1200
242 100 1248,336,1224,1200
243 100 1248,336,1224,1200
244 100 1200,336,1224,1200
245 100 1200,336,1224,1200
246 100 1176,336,1224,1224
247 100 1176,336,1224,1224
248 100 1152,360,1224,1200
249 100 1152,360,1224,1200
250 100 1152,360,1224,1200
251 100 1104,360,1224,1200
252 100 1104,360,1224,1200
253 100 1104,360,1224,1200
254 100 1104,360,1224,1200
255 100 1104,360,1224,1200
256 100 1104,384,1224,1200
257 100 1104,384,1224,1200
258 100 1056,384,1224,1224
259 100 1056,384,1224,1224
260 100 1056,384,1224,1224
261 100 1056,408,1224,1200
262 100 1056,408,1224,1200
263 100 1056,432,1224,1200
264 100 1056,432,1224,1200
265 100 1056,432,1224,1200
266 100 1032,456,1224,1200
267 100 1032,456,1224,1200
268 100 1008,456,1224,1200
269 100 1008,456,1224,1200
270 100 1008,456,1224,1200
271 100 960,456,1224,1200
272 100 960,456,1224,1200
273 100 960,456,1224,1200
274 100 960,504,1224,1200
275 100 960,504,1224,1200
276 100 960,504,1224,1200
277 100 936,504,1224,1224
278 100 936,504,1224,1224
279 100 936,504,1224,1224
280 100 936,480,1224,1224
281 100 936,480,1224,1224
282 100 936,480,1224,1224
283 100 936,504,1224,1224
284 100 936,504,1224,1224
285 100 936,504,1224,1224
286 100 936,504,1224,1200
287 100 936,504,1224,1200
288 100 936,504,1224,1200
289 100 936,504,1224,1224
290 100 936,504,1224,1224
291 100 960,504,1224,1224
292 100 960,504,1224,1224
293 100 960,504,1224,1224
294 100 960,504,1224,1224
295 100 960,504,1224,1224
296 100 960,504,1224,1224
297 100 960,504,1224,1224
298 100 960,504,1224,1224
299 100 960,504,1224,1224
300 100 960,504,1224,1224
301 100 960,504,1224,1224
302 100 960,504,1224,1224
303 100 984,504,1224,1224
304 100 984,504,1224,1224
305 100 984,504,1224,1224
306 100 984,504,1224,1224
307 100 984,504,1224,1224
308 100 984,528,1224,1200
309 100 984,528,1224,1200
310 100 984,528,1224,1200
311 100 984,528,1224,1200
312 100 984,528,1224,1200
313 100 1008,528,1224,1200
314 100 1008,528,1224,1200
315 100 1008,528,1224,1200
316 100 1008,528,1224,1200
317 100 1008,528,1224,1200
318 100 1008,528,1224,1200
319 100 1008,528,1224,1200
320 100 1008,528,1224,1200
321 100 1008,528,1224,1200
322 100 1032,504,1224,1224
323 100 1032,504,1224,1224
324 100 1032,504,1224,1224
325 100 1032,504,1224,1224
326 100 1032,504,1224,1224
327 100 1032,504,1224,1224
328 100 1032,504,1224,1224
329 100 1032,504,1224,1224
330 100 1032,504,1224,1224
331 100 1056,504,1224,1224
332 100 1056,504,1224,1224
333 100 1056,504,1224,1224
334 100 1056,504,1224,1224
335 100 1056,504,1224,1224
336 100 1056,504,1224,1224
337 100 1056,504,1224,1224
338 100 1056,504,1224,1224
339 100 1056,504,1224,1224
340 100 1056,504,1224,1224
341 100 1080,504,1224,1200
342 100 1080,504,1224,1200
343 100 1080,504,1224,1200
344 100 1080,504,1224,1200
345 100 1080,504,1224,1200
346 100 1080,504,1224,1200
347 100 1080,504,1224,1200
348 100 1080,504,1224,1200
349 100 1080,504,1224,1200
350 100 1104,504,1224,1200
351 100 1104,504,1224,1200
352 100 1104,504,1224,1200
353 100 1128,480,1224,1224
354 100 1128,480,1224,1224
355 100 1128,480,1224,1224
356 100 1152,480,1224,1224
357 100 1152,480,1224,1224
358 100 1152,480,1224,1224
359 100 1152,480,1224,1224
360 100 1152,480,1224,1224
361 100 1200,480,1224,1224
362 100 1200,480,1224,1224
363 100 1200,480,1224,1224
364 100 1224,480,1224,1224
365 100 1224,480,1224,1224
366 100 1272,480,1224,1224
367 100 1272,480,1224,1224
368 100 1272,480,1224,1224
369 100 1320,480,1224,1200
370 100 1320,480,1224,1200
371 100 1320,480,1224,1200
372 100 1344,480,1224,1200
373 100 1344,480,1224,1200
374 100 1344,480,1224,1200
375 100 1392,480,1224,1200
376 100 1392,480,1224,1200
377 100 1392,480,1224,1200
378 100 1440,480,1224,1200
379 100 1440,480,1224,1200
380 100 1440,480,1224,1200
381 100 1488,480,1224,1224
382 100 1488,480,1224,1224
383 100 1488,480,1224,1224
384 100 1536,480,1224,1200
385 100 1536,480,1224,1200
386 100 1608,480,1224,1200
387 100 1608,480,1224,1200
388 100 1608,480,1224,1200
389 100 1656,480,1224,1224
390 100 1656,480,1224,1224
391 100 1656,480,1224,1224
392 100 1704,480,1224,1224
393 100 1704,480,1224,1224
394 100 1776,480,1224,1200
395 100 1776,480,1224,1200
396 100 1776,480,1224,1200
397 100 1824,480,1224,1200
398 100 1824,480,1224,1200
399 100 1824,480,1224,1200
400 100 1872,480,1224,1200
401 100 1872,480,1224,1200
402 100 1872,480,1224,1200
403 100 1896,480,1224,1200
404 100 1896,480,1224,1200
405 100 1896,480,1224,1200
406 100 1920,480,1224,1224
407 100 1920,480,1224,1224
408 100 1920,480,1224,1224
409 100 1944,504,1224,1200
410 100 1944,504,1224,1200
411 100 1944,504,1224,1200
412 100 1968,504,1224,1224
413 100 1968,504,1224,1224
414 100 1992,528,1224,1200
415 100 1992,528,1224,1200
416 100 1992,528,1224,1200
417 100 2016,528,1224,1200
418 100 2016,528,1224,1200
419 100 2040,552,1224,1200
420 100 2040,552,1224,1200
421 100 2040,552,1224,1200
422 100 2040,552,1224,1200
423 100 2040,552,1224,1200
424 100 2040,552,1224,1200
425 100 2064,552,1224,1224
426 100 2064,552,1224,1224
427 100 2064,552,1224,1224
428 100 2136,552,1224,1224
429 100 2136,552,1224,1224
430 100 2136,552,1224,1224
431 100 2160,552,1224,1224
432 100 2160,552,1224,1224
433 100 2160,552,1224,1224
434 100 2160,552,1224,1200
435 100 2160,552,1224,1200
436 100 2184,552,1224,1200
437 100 2184,552,1224,1200
438 100 2184,552,1224,1200
439 100 2184,528,1224,1224
440 100 2184,528,1224,1224
441 100 2184,528,1224,1224
442 100 2184,552,1224,1200
443 100 2184,552,1224,1200
444 100 2184,552,1224,1200
445 100 2184,528,1224,1224
446 100 2184,528,1224,1224
447 100 2160,552,1224,1200
448 100 2160,552,1224,1200
449 100 2160,552,1224,1200
450 100 2160,552,1224,1200
451 100 2160,552,1224,1200
452 100 2160,552,1224,1200
453 100 2160,552,1224,1200
454 100 2160,552,1224,1200
455 100 2160,552,1224,1200
456 100 2136,552,1224,1200
457 100 2136,552,1224,1200
458 100 2136,552,1224,1200
459 100 2136,552,1224,1200
460 100 2136,552,1224,1200
461 100 2136,528,1224,1224
462 100 2136,528,1224,1224
463 100 2136,528,1224,1224
464 100 2136,528,1224,1200
465 100 2136,528,1224,1200
466 100 2136,528,1224,1200
467 100 2136,528,1224,1200
468 100 2136,528,1224,1200
469 100 2136,528,1224,1200
470 100 2136,504,1224,1224
471 100 2136,504,1224,1224
472 100 2136,504,1224,1224
473 100 2112,504,1224,1224
474 100 2112,504,1224,1224
475 100 2136,504,1224,1200
476 100 2136,504,1224,1200
477 100 2136,504,1224,1200
478 100 2136,504,1224,1200
479 100 2136,504,1224,1200
480 100 2136,504,1224,1200
481 100 2136,504,1224,1224
482 100 2136,504,1224,1224
483 100 2136,504,1224,1224
484 100 2136,504,1224,1200
485 100 2136,504,1224,1200
486 100 2112,480,1224,1224
487 100 2112,480,1224,1224
488 100 2112,480,1224,1224
489 100 2112,480,1224,1224
490 100 2112,480,1224,1224
491 100 2112,480,1224,1224
492 100 2136,504,1224,1200
493 100 2136,504,1224,1200
494 100 2136,504,1224,1200
495 100 2160,480,1224,1224
496 100 2160,480,1224,1224
497 100 2160,480,1224,1224
498 100 2184,480,1224,1200
499 100 2184,480,1224,1200
500 100 2184,480,1224,1200
501 100 2232,480,1224,1200
502 100 2232,480,1224,1200
503 100 2232,480,1224,1200
504 100 2304,480,1224,1200
505 100 2304,480,1224,1200
506 100 2352,480,1224,1224
507 100 2352,480,1224,1224
508 100 2352,480,1224,1224
509 100 2400,504,1224,1200
510 100 2400,504,1224,1200
511 100 2400,504,1224,1200
512 100 2424,504,1224,1200
513 100 2424,504,1224,1200
514 100 2424,504,1224,1200
515 100 2472,504,1224,1200
516 100 2472,504,1224,1200
517 100 2496,504,1224,1200
518 100 2496,504,1224,1200
519 100 2496,504,1224,1200
520 100 2496,480,1224,1224
521 100 2496,480,1224,1224
522 100 2496,480,1224,1224
523 100 2520,480,1224,1224
524 100 2520,480,1224,1224
525 100 2520,480,1224,1224
526 100 2520,480,1224,1200
527 100 2520,480,1224,1200
528 100 2520,480,1224,1200
529 100 2520,480,1224,1200
530 100 2520,480,1224,1200
531 100 2520,480,1224,1200
532 100 2520,480,1224,1200
533 100 2520,480,1224,1200
534 100 2544,480,1224,1200
535 100 2544,480,1224,1200
536 100 2544,480,1224,1200
537 100 2544,480,1224,1200
538 100 2544,480,1224,1200
539 100 2544,480,1224,1200
540 100 2568,480,1224,1200
541 100 2568,480,1224,1200
542 100 2640,504,1224,1200
543 100 2640,504,1224,1200
544 100 2640,504,1224,1200
545 100 2664,504,1224,1200
546 100 2664,504,1224,1200
547 100 2664,504,1224,1200
548 100 2664,504,1224,1224
549 100 2664,504,1224,1224
550 100 2664,504,1224,1224
551 100 2664,528,1224,1200
552 100 2664,528,1224,1200
553 100 2664,528,1224,1200
554 100 2736,528,1224,1200
555 100 2736,528,1224,1200
556 100 2736,528,1224,1200
557 100 2712,528,1224,1224
558 100 2712,528,1224,1224
559 100 2712,552,1224,1200
560 100 2712,552,1224,1200
561 100 2712,552,1224,1200
562 100 2760,576,1224,1200
563 100 2760,576,1224,1200
564 100 2760,576,1224,1200
565 100 2664,576,1224,1200
566 100 2664,576,1224,1200
567 100 2664,576,1224,1200
568 100 2664,576,1224,1200
569 100 2664,576,1224,1200
570 100 2616,576,1224,1224
571 100 2616,576,1224,1224
572 100 2616,576,1224,1224
573 100 2592,576,1224,1200
574 100 2592,576,1224,1200
575 100 2592,576,1224,1200
576 100 2616,552,1224,1224
577 100 2616,552,1224,1224
578 100 2616,552,1224,1224
579 100 2592,552,1224,1200
580 100 2592,552,1224,1200
581 100 2592,552,1224,1200
582 100 2592,552,1224,1200
583 100 2592,552,1224,1200
584 100 2592,552,1224,1200
585 100 2592,552,1224,1200
586 100 2592,552,1224,1200
587 100 2592,552,1224,1200
588 100 2592,552,1224,1200
589 100 2592,552,1224,1200
590 100 2616,552,1224,1200
591 100 2616,552,1224,1200
592 100 2616,552,1224,1200
593 100 2616,528,1224,1224
594 100 2616,528,1224,1224
595 100 2640,552,1224,1200
596 100 2640,552,1224,1200
597 100 2640,552,1224,1200
598 100 2640,552,1224,1200
599 100 2664,552,1224,1200
600 100 2664,552,1224,1200
601 100 2712,552,1224,1200
602 100 2712,552,1224,1200
603 100 2712,552,1224,1200
604 100 2856,552,1224,1224
605 100 2856,552,1224,1224
606 100 2856,552,1224,1224
607 100 2904,576,1224,1200
608 100 2904,576,1224,1200
609 100 3000,576,1224,1200
610 100 3000,576,1224,1200
611 100 3000,576,1224,1200
612 100 3144,576,1224,1200
613 100 3144,576,1224,1200
614 100 3144,576,1224,1200
615 100 3120,576,1224,1200
616 100 3120,576,1224,1200
617 100 3120,576,1224,1200
618 100 3312,576,1224,1200
619 100 3312,576,1224,1200
620 100 3336,552,1224,1224
621 100 3336,552,1224,1224
622 100 3336,552,1224,1224
623 100 3504,552,1224,1200
624 100 3504,552,1224,1200
625 100 3504,552,1224,1200
626 100 3456,528,1224,1200
627 100 3456,528,1224,1200
628 100 3456,528,1224,1200
629 100 3432,528,1224,1200
630 100 3432,528,1224,1200
631 100 3432,528,1224,1200
632 100 3672,528,1224,1224
633 100 3672,528,1224,1224
634 100 3672,528,1224,1224
635 100 3648,528,1224,1224
636 100 3648,528,1224,1224
637 100 3576,552,1224,1200
638 100 3576,552,1224,1200
639 100 3576,552,1224,1200
640 100 3528,552,1224,1200
641 100 3528,552,1224,1200
642 100 3528,552,1224,1200
643 100 3480,552,1224,1200
644 100 3480,552,1224,1200
645 100 3432,552,1224,1200
646 100 3432,552,1224,1200
647 100 3432,552,1224,1200
648 100 3408,552,1224,1200
649 100 3408,552,1224,1200
650 100 3408,552,1224,1200
651 100 3408,552,1224,1200
652 100 3528,576,1224,1200
653 100 3528,576,1224,1200
654 100 3384,576,1224,1200
655 100 3384,576,1224,1200
656 100 3384,576,1224,1200
657 100 3456,600,1224,1200
658 100 3456,600,1224,1200
659 100 3456,600,1224,1200
660 100 3408,600,1224,1200
661 100 3408,600,1224,1200
662 100 3456,600,1224,1200
663 100 3456,600,1224,1200
664 100 3456,600,1224,1200
665 100 3408,600,1224,1200
666 100 3408,600,1224,1200
667 100 3408,600,1224,1200
668 100 3480,600,1224,1200
669 100 3480,600,1224,1200
670 100 3528,600,1224,1200
671 100 3528,600,1224,1200
672 100 3528,600,1224,1200
673 100 3648,576,1224,1224
674 100 3648,576,1224,1224
675 100 3648,576,1224,1224
676 100 3648,576,1224,1224
677 100 3408,576,1224,1200
678 100 3408,576,1224,1200
679 100 3408,576,1224,1200
680 100 3576,552,1224,1224
681 100 3576,552,1224,1224
682 100 3528,552,1224,1200
683 100 3528,552,1224,1200
684 100 3528,552,1224,1200
685 100 3696,504,1224,1224
686 100 3696,504,1224,1224
687 100 3456,480,1224,1200
688 100 3456,480,1224,1200
689 100 3456,480,1224,1200
690 100 3456,456,1224,1200
691 100 3456,456,1224,1200
692 100 3456,456,1224,1200
693 100 3456,432,1224,1200
694 100 3456,432,1224,1200
695 100 3456,432,1224,1200
696 100 3600,408,1224,1224
697 100 3600,408,1224,1224
698 100 3456,408,1224,1200
699 100 3456,408,1224,1200
700 100 3456,408,1224,1200
701 100 3456,408,1224,1200
702 100 3552,408,1224,1200
703 100 3552,408,1224,1200
704 100 3552,408,1224,1200
705 100 3672,384,1224,1224
706 100 3672,384,1224,1224
707 100 3384,384,1224,1200
708 100 3384,384,1224,1200
709 100 3384,384,1224,1200
710 100 3432,384,1224,1200
711 100 3432,384,1224,1200
712 100 3456,384,1224,1200
713 100 3456,384,1224,1200
714 100 3456,384,1224,1200
715 100 3408,384,1224,1200
716 100 3408,384,1224,1200
717 100 3408,384,1224,1200
718 100 3480,384,1224,1200
719 100 3480,384,1224,1200
720 100 3480,384,1224,1200
721 100 3456,384,1224,1200
722 100 3456,384,1224,1200
723 100 3456,384,1224,1200
724 100 3456,384,1224,1200
725 100 3456,384,1224,1200
726 100 3456,384,1224,1200
727 100 3432,384,1224,1200
728 100 3432,384,1224,1200
729 100 3432,384,1224,1200
730 100 3456,384,1224,1200
731 100 3456,384,1224,1200
732 100 3456,384,1224,1200
733 100 3384,384,1224,1200
734 100 3384,384,1224,1200
735 100 3312,408,1224,1200
736 100 3312,408,1224,1200
737 100 3312,408,1224,1200
738 100 3264,408,1224,1200
739 100 3264,408,1224,1200
740 100 3360,408,1224,1224
741 100 3360,408,1224,1224
742 100 3360,408,1224,1224
743 100 3312,432,1224,1200
744 100 3312,432,1224,1200
745 100 3312,432,1224,1200
746 100 3240,432,1224,1200
747 100 3240,432,1224,1200
748 100 3240,432,1224,1200
749 100 3360,432,1224,1224
750 100 3360,432,1224,1224
751 100 3360,432,1224,1224
752 100 3312,456,1224,1200
753 100 3312,456,1224,1200
754 100 3312,456,1224,1200
755 100 3264,456,1224,1200
756 100 3264,456,1224,1200
757 100 3264,456,1224,1200
758 100 3192,456,1224,1224
759 100 3192,456,1224,1224
760 100 3192,456,1224,1224
761 100 3144,480,1224,1200
762 100 3144,480,1224,1200
763 100 3000,480,1224,1200
764 100 3000,480,1224,1200
765 100 3000,480,1224,1200
766 100 2976,480,1224,1200
767 100 2976,480,1224,1200
768 100 2952,480,1224,1224
769 100 2952,480,1224,1224
770 100 2952,480,1224,1224
771 100 2952,504,1224,1200
772 100 2952,504,1224,1200
773 100 2952,504,1224,1200
774 100 2928,480,1224,1224
775 100 2928,480,1224,1224
776 100 2928,480,1224,1224
777 100 2856,480,1224,1224
778 100 2856,480,1224,1224
779 100 2856,480,1224,1224
780 100 2832,480,1224,1224
781 100 2832,480,1224,1224
782 100 2832,480,1224,1224
783 100 2784,480,1224,1224
784 100 2784,480,1224,1224
785 100 2688,504,1224,1200
786 100 2688,504,1224,1200
787 100 2688,504,1224,1200
788 100 2568,528,1224,1200
789 100 2568,528,1224,1200
790 100 2568,528,1224,1200
791 100 2448,552,1224,1200
792 100 2448,552,1224,1200
793 100 2328,552,1224,1200
794 100 2328,552,1224,1200
795 100 2328,552,1224,1200
796 100 2232,552,1224,1200
797 100 2232,552,1224,1200
798 100 2232,552,1224,1200
799 100 2232,552,1224,1200
800 100 2136,552,1224,1224
801 100 2136,552,1224,1224
802 100 2040,552,1224,1224
803 100 2040,552,1224,1224
804 100 2040,552,1224,1224
805 100 1968,576,1224,1200
806 100 1968,576,1224,1200
807 100 1968,576,1224,1200
808 100 1872,576,1224,1200
809 100 1872,576,1224,1200
810 100 1824,576,1224,1200
811 100 1824,576,1224,1200
812 100 1824,576,1224,1200
813 100 1800,576,1224,1200
814 100 1800,576,1224,1200
815 100 1800,576,1224,1200
816 100 1776,576,1224,1224
817 100 1776,576,1224,1224
818 100 1776,576,1224,1224
819 100 1776,624,1224,1200
820 100 1776,624,1224,1200
821 100 1752,624,1224,1224
822 100 1752,624,1224,1224
823 100 1752,624,1224,1224
824 100 1752,624,1224,1224
825 100 1752,624,1224,1224
826 100 1752,624,1224,1224
827 100 1752,624,1224,1200
828 100 1752,624,1224,1200
829 100 1752,624,1224,1200
830 100 1752,624,1224,1200
831 100 1752,624,1224,1200
832 100 1752,624,1224,1200
833 100 1752,648,1224,1200
834 100 1752,648,1224,1200
835 100 1728,648,1224,1200
836 100 1728,648,1224,1200
837 100 1728,648,1224,1200
838 100 1704,648,1224,1200
839 100 1704,648,1224,1200
840 100 1704,648,1224,1200
841 100 1704,648,1224,1200
842 100 1704,648,1224,1200
843 100 1704,648,1224,1200
844 100 1680,648,1224,1200
845 100 1680,648,1224,1200
846 100 1680,648,1224,1200
847 100 1680,648,1224,1200
848 100 1680,648,1224,1200
849 100 1656,648,1224,1200
850 100 1656,648,1224,1200
851 100 1656,648,1224,1200
852 100 1656,648,1224,1200
853 100 1632,624,1224,1224
854 100 1632,624,1224,1224
855 100 1632,624,1224,1224
856 100 1632,624,1224,1200
857 100 1632,624,1224,1200
858 100 1608,624,1224,1200
859 100 1608,624,1224,1200
860 100 1608,624,1224,1200
861 100 1584,624,1224,1200
862 100 1584,624,1224,1200
863 100 1536,624,1224,1200
864 100 1536,624,1224,1200
865 100 1536,624,1224,1200
866 100 1512,600,1224,1224
867 100 1512,600,1224,1224
868 100 1512,600,1224,1224
869 100 1464,600,1224,1224
870 100 1464,600,1224,1224
871 100 1464,600,1224,1224
872 100 1464,600,1224,1200
873 100 1464,600,1224,1200
874 100 1464,600,1224,1200
875 100 1392,600,1224,1200
876 100 1392,600,1224,1200
877 100 1392,600,1224,1200
878 100 1344,600,1224,1200
879 100 1344,600,1224,1200
880 100 1344,600,1224,1200
881 100 1320,600,1224,1224
882 100 1320,600,1224,1224
883 100 1272,600,1224,1224
884 100 1272,600,1224,1224
885 100 1272,600,1224,1224
886 100 1248,600,1224,1224
887 100 1248,600,1224,1224
888 100 1200,600,1224,1224
889 100 1200,600,1224,1224
890 100 1200,600,1224,1224
891 100 1176,624,1224,1200
892 100 1176,624,1224,1200
893 100 1176,624,1224,1200
894 100 1176,624,1224,1200
895 100 1176,624,1224,1200
896 100 1176,624,1224,1200
897 100 1152,624,1224,1200
898 100 1152,624,1224,1200
899 100 1152,624,1224,1200
900 100 1152,624,1224,1200
901 100 1152,624,1224,1200
902 100 1152,624,1224,1200
903 100 1152,624,1224,1200
904 100 1152,624,1224,1200
905 100 1152,624,1224,1200
906 100 1152,624,1224,1200
907 100 1152,624,1224,1200
908 100 1176,624,1224,1200
909 100 1176,624,1224,1200
910 100 1176,624,1224,1200
911 100 1152,624,1224,1200
912 100 1152,624,1224,1200
913 100 1152,624,1224,1200
914 100 1152,624,1224,1200
915 100 1152,624,1224,1200
916 100 1176,624,1224,1200
917 100 1176,624,1224,1200
918 100 1176,624,1224,1200
919 100 1176,624,1224,1200
920 100 1176,624,1224,1200
921 100 1176,624,1224,1200
922 100 1176,624,1224,1200
923 100 1176,624,1224,1200
924 100 1176,624,1224,1200
925 100 1152,624,1224,1200
926 100 1152,624,1224,1200
927 100 1152,624,1224,1200
928 100 1152,624,1224,1224
929 100 1152,624,1224,1224
930 100 1152,624,1224,1224
931 100 1152,624,1224,1224
932 100 1152,624,1224,1224
933 100 1176,624,1224,1224
934 100 1176,624,1224,1224
935 100 1176,624,1224,1224
936 100 1152,648,1224,1200
937 100 1152,648,1224,1200
938 100 1152,648,1224,1200
939 100 1152,648,1224,1200
940 100 1152,648,1224,1200
941 100 1152,648,1224,1200
942 100 1152,648,1224,1200
943 100 1152,648,1224,1200
944 100 1152,648,1224,1224
945 100 1152,648,1224,1224
946 100 1152,648,1224,1224
947 100 1128,672,1224,1200
948 100 1128,672,1224,1200
949 100 1128,672,1224,1200
950 100 1128,672,1224,1200
951 100 1128,672,1224,1200
952 100 1128,672,1224,1200
953 100 1128,672,1224,1200
954 100 1128,672,1224,1200
955 100 1128,672,1224,1200
956 100 1128,672,1224,1200
957 100 1128,672,1224,1200
958 100 1128,672,1224,1200
959 100 1128,672,1224,1200
960 100 1128,672,1224,1200
961 100 1128,672,1224,1200
962 100 1128,672,1224,1200
963 100 1128,672,1224,1200
964 100 1152,672,1224,1200
965 100 1152,672,1224,1200
966 100 1152,672,1224,1200
967 100 1152,648,1224,1224
968 100 1152,648,1224,1224
969 100 1152,648,1224,1224
970 100 1152,648,1224,1224
971 100 1152,648,1224,1224
972 100 1176,648,1224,1200
973 100 1176,648,1224,1200
974 100 1176,648,1224,1200
975 100 1176,624,1224,1224
976 100 1176,624,1224,1224
977 100 1176,624,1224,1224
978 100 1200,624,1224,1200
979 100 1200,624,1224,1200
980 100 1200,624,1224,1200
981 100 1200,600,1224,1200
982 100 1200,600,1224,1200
983 100 1200,600,1224,1200
984 100 1224,576,1224,1200
985 100 1224,576,1224,1200
986 100 1248,552,1224,1200
987 100 1248,552,1224,1200
988 100 1248,552,1224,1200
989 100 1248,528,1224,1224
990 100 1248,528,1224,1224
991 100 1248,528,1224,1224
992 100 1272,528,1224,1200
993 100 1272,528,1224,1200
994 100 1272,528,1224,1200
995 100 1272,528,1224,1200
996 100 1272,528,1224,1200
997 100 1296,504,1224,1224
998 100 1296,504,1224,1224
999 100 1296,504,1224,1224
1000 100 1296,504,1224,1224
1001 100 1296,504,1224,1200
1002 100 1296,504,1224,1200
1003 100 1296,504,1224,1200
1004 100 1320,504,1224,1200
1005 100 1320,504,1224,1200
1006 100 1320,504,1224,1200
1007 100 1320,504,1224,1200
1008 100 1320,504,1224,1200
1009 100 1320,504,1224,1200
1010 100 1320,504,1224,1200
1011 100 1320,504,1224,1200
1012 100 1320,504,1224,1200
1013 100 1320,504,1224,1200
1014 100 1320,504,1224,1200
1015 100 1320,504,1224,1200
1016 100 1320,504,1224,1200
1017 100 1344,504,1224,1200
1018 100 1344,504,1224,1200
1019 100 1344,504,1224,1200
1020 100 1344,504,1224,1200
1021 100 1344,504,1224,1200
1022 100 1344,504,1224,1200
1023 100 1344,504,1224,1200
1024 100 1344,504,1224,1200
1025 100 1344,504,1224,1200
1026 100 1344,504,1224,1200
1027 100 1344,504,1224,1200
1028 100 1344,504,1224,1200
1029 100 1344,504,1224,1224
1030 100 1344,504,1224,1224
1031 100 1344,504,1224,1224
1032 100 1344,504,1224,1224
1033 100 1344,504,1224,1224
1034 100 1344,504,1224,1224
1035 100 1344,504,1224,1224
1036 100 1344,504,1224,1224
1037 100 1344,528,1224,1200
1038 100 1344,528,1224,1200
1039 100 1344,528,1224,1200
1040 100 1344,528,1224,1200
1041 100 1344,528,1224,1200
1042 100 1344,528,1224,1200
1043 100 1344,528,1224,1200
1044 100 1344,528,1224,1200
1045 100 1344,528,1224,1200
1046 100 1344,528,1224,1200
1047 100 1344,528,1224,1200
1048 100 1320,528,1224,1224
1049 100 1320,528,1224,1224
1050 100 1320,528,1224,1224
1051 100 1296,552,1224,1200
1052 100 1296,552,1224,1200
1053 100 1296,552,1224,1200
1054 100 1272,552,1224,1200
1055 100 1272,552,1224,1200
1056 100 1272,552,1224,1200
1057 100 1248,552,1224,1224
1058 100 1248,552,1224,1224
1059 100 1248,552,1224,1224
1060 100 1224,552,1224,1224
1061 100 1224,552,1224,1224
1062 100 1200,576,1224,1200
1063 100 1200,576,1224,1200
1064 100 1200,576,1224,1200
1065 100 1200,576,1224,1200
1066 100 1200,576,1224,1200
1067 100 1200,576,1224,1200
1068 100 1176,576,1224,1200
1069 100 1176,576,1224,1200
1070 100 1176,576,1224,1200
1071 100 1176,576,1224,1200
1072 100 1176,576,1224,1200
1073 100 1176,576,1224,1200
1074 100 1152,576,1224,1200
1075 100 1152,576,1224,1200
1076 100 1152,576,1224,1200
1077 100 1152,576,1224,1200
1078 100 1152,576,1224,1200
1079 100 1152,576,1224,1200
1080 100 1152,576,1224,1200
1081 100 1152,576,1224,1200
1082 100 1152,576,1224,1224
1083 100 1152,576,1224,1224
1084 100 1152,576,1224,1224
1085 100 1128,600,1224,1200
1086 100 1128,600,1224,1200
1087 100 1128,600,1224,1200
1088 100 1128,600,1224,1200
1089 100 1128,600,1224,1200
1090 100 1128,600,1224,1224
1091 100 1128,600,1224,1224
1092 100 1128,600,1224,1224
1093 100 1128,600,1224,1224
1094 100 1128,624,1224,1200
1095 100 1128,624,1224,1200
1096 100 1128,624,1224,1200
1097 100 1104,648,1224,1200
1098 100 1104,648,1224,1200
1099 100 1104,672,1224,1200
1100 100 1104,672,1224,1200
1101 100 1056,696,1224,1224
1102 100 1056,696,1224,1224
1103 100 1056,696,1224,1224
1104 100 1032,744,1224,1224
1105 100 1032,744,1224,1224
1106 100 1032,744,1224,1224
1107 100 1008,792,1224,1200
1108 100 1008,792,1224,1200
1109 100 1008,792,1224,1200
1110 100 960,792,1224,1224
1111 100 960,792,1224,1224
1112 100 960,792,1224,1224
1113 100 936,816,1224,1200
1114 100 936,816,1224,1200
1115 100 936,816,1224,1200
1116 100 936,816,1224,1200
1117 100 936,816,1224,1200
1118 100 936,816,1224,1200
1119 100 960,792,1224,1224
1120 100 960,792,1224,1224
1121 100 960,792,1224,1224
1122 100 984,792,1224,1224
1123 100 984,792,1224,1224
1124 100 1008,792,1224,1224
1125 100 1008,792,1224,1224
1126 100 1008,792,1224,1224
1127 100 1056,792,1224,1200
1128 100 1056,792,1224,1200
1129 100 1152,768,1224,1200
1130 100 1152,768,1224,1200
1131 100 1152,768,1224,1200
1132 100 1248,744,1224,1200
1133 100 1248,744,1224,1200
1134 100 1248,744,1224,1200
1135 100 1344,720,1224,1200
1136 100 1344,720,1224,1200
1137 100 1344,720,1224,1200
1138 100 1440,696,1224,1200
1139 100 1440,696,1224,1200
1140 100 1440,696,1224,1200
1141 100 1512,672,1224,1200
1142 100 1512,672,1224,1200
1143 100 1560,648,1224,1200
1144 100 1560,648,1224,1200
1145 100 1560,648,1224,1200
1146 100 1560,648,1224,1200
1147 100 1608,624,1224,1224
1148 100 1608,624,1224,1224
1149 100 1632,624,1224,1200
1150 100 1632,624,1224,1200
1151 100 1632,624,1224,1200
1152 100 1656,624,1224,1200
1153 100 1656,624,1224,1200
1154 100 1656,624,1224,1200
1155 100 1656,600,1224,1224
1156 100 1656,600,1224,1224
1157 100 1656,600,1224,1200
1158 100 1656,600,1224,1200
1159 100 1656,600,1224,1200
1160 100 1656,600,1224,1200
1161 100 1656,600,1224,1200
1162 100 1656,600,1224,1200
1163 100 1632,624,1224,1200
1164 100 1632,624,1224,1200
1165 100 1632,624,1224,1200
1166 100 1560,624,1224,1224
1167 100 1560,624,1224,1224
1168 100 1512,648,1224,1200
1169 100 1512,648,1224,1200
1170 100 1512,648,1224,1200
1171 100 1512,648,1224,1200
1172 100 1488,648,1224,1200
1173 100 1488,648,1224,1200
1174 100 1488,648,1224,1200
1175 100 1440,648,1224,1200
1176 100 1440,648,1224,1200
1177 100 1440,624,1224,1224
1178 100 1440,624,1224,1224
1179 100 1440,624,1224,1224
1180 100 1416,624,1224,1224
1181 100 1416,624,1224,1224
1182 100 1392,624,1224,1224
1183 100 1392,624,1224,1224
1184 100 1392,624,1224,1224
1185 100 1392,624,1224,1200
1186 100 1392,624,1224,1200
1187 100 1392,624,1224,1200
1188 100 1368,648,1224,1200
1189 100 1368,648,1224,1200
1190 100 1368,648,1224,1200
1191 100 1344,648,1224,1200
1192 100 1344,648,1224,1200
1193 100 1344,648,1224,1200
1194 100 1320,648,1224,1200
1195 100 1320,648,1224,1200
1196 100 1320,648,1224,1200
1197 100 1272,648,1224,1200
1198 100 1272,648,1224,1200
1199 100 1200,648,1224,1200
1200 100 1200,648,1224,1200
1201 100 1200,648,1224,1200
1202 100 1056,648,1224,1224
1203 100 1056,648,1224,1224
1204 100 1056,648,1224,1224
1205 100 888,672,1224,1200
1206 100 888,672,1224,1200
1207 100 744,672,1224,1200
1208 100 744,672,1224,1200
1209 100 744,672,1224,1200
1210 100 648,672,1224,1200
1211 100 648,672,1224,1200
1212 100 648,672,1224,1200
1213 100 600,672,1224,1200
1214 100 600,672,1224,1200
1215 100 600,672,1224,1200
1216 100 552,672,1224,1200
1217 100 552,672,1224,1200
1218 100 552,672,1224,1200
1219 100 528,648,1224,1224
1220 100 528,648,1224,1224
1221 100 528,648,1224,1224
1222 100 504,648,1224,1200
1223 100 504,648,1224,1200
1224 100 504,648,1224,1200
1225 100 504,624,1224,1200
1226 100 504,624,1224,1200
1227 100 480,600,1224,1224
1228 100 480,600,1224,1224
1229 100 480,600,1224,1224
1230 100 456,600,1224,1200
1231 100 456,600,1224,1200
1232 100 456,600,1224,1200
1233 100 456,576,1224,1200
1234 100 456,576,1224,1200
1235 100 456,528,1224,1224
1236 100 456,528,1224,1224
1237 100 456,528,1224,1224
1238 100 456,528,1224,1224
1239 100 456,528,1224,1224
1240 100 456,528,1224,1224
1241 100 432,528,1224,1224
1242 100 432,528,1224,1224
1243 100 432,528,1224,1224
1244 100 432,528,1224,1200
1245 100 432,528,1224,1200
1246 100 432,528,1224,1200
1247 100 432,504,1224,1224
1248 100 432,504,1224,1224
1249 100 456,504,1224,1224
1250 100 456,504,1224,1224
1251 100 456,504,1224,1224
1252 100 432,528,1224,1200
1253 100 432,528,1224,1200
1254 100 432,528,1224,1200
1255 100 456,528,1224,1200
1256 100 456,528,1224,1200
1257 100 456,528,1224,1200
1258 100 456,528,1224,1200
1259 100 456,528,1224,1200
1260 100 456,528,1224,1200
1261 100 456,528,1224,1224
1262 100 456,528,1224,1224
1263 100 432,552,1224,1200
1264 100 432,552,1224,1200
1265 100 432,552,1224,1200
1266 100 432,552,1224,1224
1267 100 432,552,1224,1224
1268 100 432,552,1224,1224
1269 100 408,600,1224,1200
1270 100 408,600,1224,1200
1271 100 408,600,1224,1200
1272 100 360,648,1224,1224
1273 100 360,648,1224,1224
1274 100 360,648,1224,1224
1275 100 312,672,1224,1224
1276 100 312,672,1224,1224
1277 100 312,672,1224,1224
1278 100 264,720,1224,1200
1279 100 264,720,1224,1200
1280 100 264,720,1224,1200
1281 100 264,744,1224,1224
1282 100 264,744,1224,1224
1283 100 240,744,1224,1224
1284 100 240,744,1224,1224
1285 100 240,744,1224,1224
1286 100 216,768,1224,1224
1287 100 216,768,1224,1224
1288 100 216,768,1224,1224
1289 100 192,792,1224,1200
1290 100 192,792,1224,1200
1291 100 192,792,1224,1200
1292 100 192,792,1224,1224
1293 100 192,792,1224,1224
1294 100 192,792,1224,1224
1295 100 168,792,1224,1224
1296 100 168,792,1224,1224
1297 100 168,792,1224,1224
1298 100 144,816,1224,1224
1299 100 144,816,1224,1224
1300 100 144,816,1224,1224
1301 100 144,816,1224,1224
1302 100 144,816,1224,1224
1303 100 144,816,1224,1224
1304 100 144,816,1224,1224
1305 100 144,816,1224,1224
1306 100 120,840,1224,1224
1307 100 120,840,1224,1224
1308 100 120,840,1224,1224
1309 100 144,840,1224,1224
1310 100 144,840,1224,1224
1311 100 144,840,1224,1224
1312 100 144,840,1224,1224
1313 100 144,840,1224,1224
1314 100 144,840,1224,1224
1315 100 144,840,1224,1224
1316 100 192,864,1224,1224
1317 100 240,864,1224,1224
1318 100 240,864,1224,1224
1319 100 240,864,1224,1224
1320 100 312,864,1224,1224
1321 100 312,864,1224,1224
1322 100 312,864,1224,1224
1323 100 312,864,1224,1224
1324 100 384,888,1224,1200
1325 100 384,888,1224,1200
1326 100 480,864,1224,1224
1327 100 480,864,1224,1224
1328 100 480,864,1224,1224
1329 100 528,888,1224,1224
1330 100 528,888,1224,1224
1331 100 576,888,1224,1224
1332 100 576,888,1224,1224
1333 100 576,888,1224,1224
1334 100 576,888,1224,1224
1335 100 624,888,1224,1224
1336 100 624,888,1224,1224
1337 100 672,888,1224,1224
1338 100 672,888,1224,1224
1339 100 672,888,1224,1224
1340 100 696,888,1224,1224
1341 100 696,888,1224,1224
1342 100 696,888,1224,1224
1343 100 744,888,1224,1200
1344 100 744,888,1224,1200
1345 100 744,888,1224,1200
1346 100 792,888,1224,1200
1347 100 792,888,1224,1200
1348 100 840,888,1224,1200
1349 100 840,888,1224,1200
1350 100 840,888,1224,1200
1351 100 888,888,1224,1200
1352 100 888,888,1224,1200
1353 100 888,888,1224,1200
1354 100 960,864,1224,1224
1355 100 960,864,1224,1224
1356 100 960,864,1224,1224
1357 100 1032,864,1224,1224
1358 100 1032,864,1224,1224
1359 100 1032,864,1224,1224
1360 100 1080,864,1224,1200
1361 100 1080,864,1224,1200
1362 100 1080,864,1224,1200
1363 100 1152,840,1224,1224
1364 100 1152,840,1224,1224
1365 100 1224,840,1224,1200
1366 100 1224,840,1224,1200
1367 100 1224,840,1224,1200
1368 100 1272,840,1224,1200
1369 100 1272,840,1224,1200
1370 100 1272,840,1224,1200
1371 100 1320,840,1224,1200
1372 100 1320,840,1224,1200
1373 100 1344,816,1224,1224
1374 100 1344,816,1224,1224
1375 100 1344,816,1224,1224
1376 100 1392,792,1224,1224
1377 100 1392,792,1224,1224
1378 100 1392,792,1224,1224
1379 100 1440,768,1224,1224
1380 100 1440,768,1224,1224
1381 100 1440,768,1224,1224
1382 100 1440,744,1224,1224
1383 100 1440,744,1224,1224
1384 100 1464,720,1224,1224
1385 100 1464,720,1224,1224
1386 100 1464,720,1224,1224
1387 100 1464,720,1224,1224
1388 100 1464,720,1224,1200
1389 100 1464,720,1224,1200
1390 100 1464,720,1224,1200
1391 100 1464,720,1224,1200
1392 100 1464,720,1224,1200
1393 100 1464,672,1224,1224
1394 100 1464,672,1224,1224
1395 100 1488,648,1224,1200
1396 100 1488,648,1224,1200
1397 100 1488,648,1224,1200
1398 100 1464,624,1224,1200
1399 100 1464,624,1224,1200
1400 100 1464,624,1224,1200
1401 100 1464,624,1224,1200
1402 100 1464,624,1224,1200
1403 100 1464,624,1224,1200
1404 100 1464,624,1224,1200
1405 100 1464,624,1224,1200
1406 100 1464,624,1224,1200
1407 100 1440,624,1224,1200
1408 100 1440,624,1224,1200
1409 100 1440,624,1224,1200
1410 100 1440,624,1224,1200
1411 100 1440,624,1224,1200
1412 100 1440,624,1224,1200
1413 100 1440,624,1224,1200
1414 100 1440,624,1224,1200
1415 100 1440,624,1224,1200
1416 100 1440,624,1224,1200
1417 100 1440,624,1224,1200
1418 100 1416,624,1224,1200
1419 100 1416,624,1224,1200
1420 100 1416,624,1224,1200
1421 100 1416,624,1224,1200
1422 100 1416,624,1224,1200
1423 100 1416,624,1224,1200
1424 100 1416,624,1224,1200
1425 100 1416,624,1224,1200
1426 100 1416,624,1224,1200
1427 100 1416,624,1224,1200
1428 100 1416,624,1224,1200
1429 100 1392,648,1224,1200
1430 100 1392,648,1224,1200
1431 100 1392,648,1224,1200
1432 100 1392,624,1224,1224
1433 100 1392,624,1224,1224
1434 100 1392,624,1224,1224
1435 100 1368,624,1224,1224
1436 100 1368,624,1224,1224
1437 100 1368,624,1224,1224
1438 100 1320,624,1224,1200
1439 100 1320,624,1224,1200
1440 100 1320,624,1224,1200
1441 100 1296,624,1224,1224
1442 100 1296,624,1224,1224
1443 100 1248,648,1224,1200
1444 100 1248,648,1224,1200
1445 100 1248,648,1224,1200
1446 100 1176,648,1224,1200
1447 100 1176,648,1224,1200
1448 100 1176,648,1224,1200
1449 100 1104,648,1224,1224
1450 100 1104,648,1224,1224
1451 100 1056,648,1224,1224
1452 100 1056,648,1224,1224
1453 100 1056,648,1224,1224
1454 100 984,648,1224,1200
1455 100 984,648,1224,1200
1456 100 984,648,1224,1200
1457 100 888,624,1224,1224
1458 100 888,624,1224,1224
1459 100 888,624,1224,1224
1460 100 792,648,1224,1200
1461 100 792,648,1224,1200
1462 100 792,648,1224,1200
1463 100 792,648,1224,1200
1464 100 744,624,1224,1200
1465 100 720,600,1224,1200
1466 100 720,600,1224,1200
1467 100 720,600,1224,1200
1468 100 696,576,1224,1200
1469 100 696,576,1224,1200
1470 100 696,576,1224,1200
1471 100 696,552,1224,1224
1472 100 696,552,1224,1224
1473 100 696,552,1224,1224
1474 100 672,552,1224,1224
1475 100 672,552,1224,1224
1476 100 672,552,1224,1224
1477 100 648,552,1224,1200
1478 100 648,552,1224,1200
1479 100 648,528,1224,1224
1480 100 648,528,1224,1224
1481 100 648,528,1224,1224
1482 100 672,504,1224,1200
1483 100 672,504,1224,1200
1484 100 672,504,1224,1200
1485 100 672,480,1224,1224
1486 100 672,480,1224,1224
1487 100 672,480,1224,1224
1488 100 696,480,1224,1200
1489 100 696,480,1224,1200
1490 100 696,480,1224,1200
1491 100 696,480,1224,1200
1492 100 696,480,1224,1200
1493 100 696,480,1224,1200
1494 100 696,456,1224,1224
1495 100 696,456,1224,1224
1496 100 696,456,1224,1224
1497 100 720,456,1224,1224
1498 100 720,456,1224,1224
1499 100 720,480,1224,1200
1500 100 720,480,1224,1200
1501 100 720,480,1224,1200
1502 100 720,480,1224,1200
1503 100 720,480,1224,1200
1504 100 720,480,1224,1200
1505 100 720,480,1224,1200
1506 100 720,480,1224,1200
1507 100 720,480,1224,1200
1508 100 720,480,1224,1200
1509 100 720,480,1224,1200
1510 100 720,480,1224,1200
1511 100 720,480,1224,1224
1512 100 720,480,1224,1224
1513 100 720,480,1224,1224
1514 100 696,504,1224,1200
1515 100 696,504,1224,1200
1516 100 696,504,1224,1200
1517 100 696,504,1224,1200
1518 100 696,504,1224,1200
1519 100 696,504,1224,1200
1520 100 696,504,1224,1200
1521 100 696,504,1224,1200
1522 100 696,504,1224,1200
1523 100 696,504,1224,1200
1524 100 696,504,1224,1200
1525 100 672,504,1224,1224
1526 100 672,504,1224,1224
1527 100 672,504,1224,1224
1528 100 672,528,1224,1200
1529 100 672,528,1224,1200
1530 100 672,528,1224,1200
1531 100 648,528,1224,1200
1532 100 648,528,1224,1200
1533 100 648,528,1224,1200
1534 100 648,528,1224,1200
1535 100 648,528,1224,1224
1536 100 648,528,1224,1224
1537 100 624,528,1224,1200
1538 100 624,528,1224,1200
1539 100 600,552,1224,1200
1540 100 600,552,1224,1200
1541 100 600,552,1224,1200
1542 100 552,552,1224,1224
1543 100 552,552,1224,1224
1544 100 552,552,1224,1224
1545 100 552,552,1224,1224
1546 100 504,600,1224,1200
1547 100 504,600,1224,1200
1548 100 456,624,1224,1224
1549 100 456,624,1224,1224
1550 100 456,624,1224,1224
1551 100 432,648,1224,1200
1552 100 432,648,1224,1200
1553 100 432,648,1224,1200
1554 100 384,648,1224,1224
1555 100 384,648,1224,1224
1556 100 384,648,1224,1224
1557 100 360,672,1224,1200
1558 100 360,672,1224,1200
1559 100 336,672,1224,1200
1560 100 336,672,1224,1200
1561 100 336,672,1224,1200
1562 100 312,648,1224,1224
1563 100 312,648,1224,1224
1564 100 312,648,1224,1224
1565 100 288,648,1224,1200
1566 100 288,648,1224,1200
1567 100 288,648,1224,1200
1568 100 264,648,1224,1224
1569 100 264,648,1224,1224
1570 100 264,648,1224,1224
1571 100 240,648,1224,1224
1572 100 240,648,1224,1224
1573 100 240,648,1224,1224
1574 100 192,648,1224,1224
1575 100 192,648,1224,1224
1576 100 192,648,1224,1224
1577 100 168,648,1224,1200
1578 100 168,648,1224,1200
1579 100 168,648,1224,1200
1580 100 168,648,1224,1200
1581 100 168,648,1224,1200
1582 100 144,648,1224,1224
1583 100 144,648,1224,1224
1584 100 144,648,1224,1224
1585 100 144,648,1224,1224
1586 100 144,648,1224,1224
1587 100 144,648,1224,1224
1588 100 144,672,1224,1200
1589 100 144,672,1224,1200
1590 100 144,672,1224,1200
1591 100 144,672,1224,1224
1592 100 144,672,1224,1224
1593 100 144,672,1224,1224
1594 100 168,672,1224,1224
1595 100 168,672,1224,1224
1596 100 144,696,1224,1200
1597 100 144,696,1224,1200
1598 100 144,696,1224,1200
1599 100 144,696,1224,1224
1600 100 144,696,1224,1224
1601 100 144,696,1224,1224
1602 100 144,696,1224,1224
1603 100 144,744,1224,1224
1604 100 144,744,1224,1224
1605 100 120,816,1224,1200
1606 100 120,816,1224,1200
1607 100 120,816,1224,1200
1608 100 120,864,1224,1200
1609 100 120,864,1224,1200
1610 100 120,864,1224,1200
1611 100 144,888,1224,1200
1612 100 144,888,1224,1200
1613 100 144,888,1224,1224
1614 100 144,888,1224,1224
1615 100 144,888,1224,1224
1616 100 144,888,1224,1224
1617 100 144,888,1224,1224
1618 100 144,888,1224,1224
1619 100 144,888,1224,1224
1620 100 144,888,1224,1224
1621 100 144,888,1224,1224
1622 100 144,912,1224,1224
1623 100 144,912,1224,1224
1624 100 144,912,1224,1224
1625 100 144,912,1224,1224
1626 100 144,912,1224,1224
1627 100 144,912,1224,1224
1628 100 144,912,1224,1224
1629 100 144,912,1224,1224
1630 100 144,912,1224,1248
1631 100 144,912,1224,1248
1632 100 144,912,1224,1248
1633 100 144,936,1224,1224
1634 100 144,936,1224,1224
1635 100 144,936,1224,1224
1636 100 168,936,1224,1224
1637 100 168,936,1224,1224
1638 100 168,936,1224,1224
1639 100 192,936,1224,1224
1640 100 192,936,1224,1224
1641 100 192,936,1224,1224
1642 100 216,936,1224,1224
1643 100 216,936,1224,1224
1644 100 216,936,1224,1224
1645 100 240,936,1224,1224
1646 100 240,936,1224,1224
1647 100 288,936,1224,1224
1648 100 288,936,1224,1224
1649 100 288,936,1224,1224
1650 100 336,936,1224,1224
1651 100 336,936,1224,1224
1652 100 336,936,1224,1224
1653 100 384,912,1224,1248
1654 100 384,912,1224,1248
1655 100 384,912,1224,1248
1656 100 432,912,1224,1248
1657 100 432,912,1224,1248
1658 100 432,912,1224,1248
1659 100 480,912,1224,1248
1660 100 480,912,1224,1248
1661 100 552,912,1224,1248
1662 100 552,912,1224,1248
1663 100 552,912,1224,1248
1664 100 600,936,1224,1224
1665 100 600,936,1224,1224
1666 100 600,936,1224,1224
1667 100 648,936,1224,1224
1668 100 648,936,1224,1224
1669 100 648,936,1224,1224
1670 100 696,912,1224,1248
1671 100 696,912,1224,1248
1672 100 744,912,1224,1224
1673 100 744,912,1224,1224
1674 100 744,912,1224,1224
1675 100 792,912,1224,1224
1676 100 792,912,1224,1224
1677 100 792,912,1224,1224
1678 100 840,912,1224,1224
1679 100 840,912,1224,1224
1680 100 840,912,1224,1224
1681 100 888,888,1224,1224
1682 100 888,888,1224,1224
1683 100 888,888,1224,1224
1684 100 888,888,1224,1224
1685 100 936,888,1224,1224
1686 100 936,888,1224,1224
1687 100 1008,888,1224,1224
1688 100 1008,888,1224,1224
1689 100 1080,888,1224,1224
1690 100 1080,888,1224,1224
1691 100 1080,888,1224,1224
1692 100 1152,888,1224,1200
1693 100 1152,888,1224,1200
1694 100 1152,888,1224,1200
1695 100 1200,864,1224,1200
1696 100 1200,864,1224,1200
1697 100 1200,864,1224,1200
1698 100 1272,864,1224,1200
1699 100 1272,864,1224,1200
1700 100 1272,864,1224,1200
1701 100 1344,840,1224,1224
1702 100 1344,840,1224,1224
1703 100 1344,840,1224,1224
1704 100 1416,840,1224,1200
1705 100 1416,840,1224,1200
1706 100 1416,840,1224,1200
1707 100 1464,816,1224,1200
1708 100 1464,816,1224,1200
1709 100 1512,792,1224,1224
1710 100 1512,792,1224,1224
1711 100 1512,792,1224,1224
1712 100 1512,792,1224,1224
1713 100 1536,792,1224,1200
1714 100 1536,792,1224,1200
1715 100 1560,768,1224,1224
1716 100 1560,768,1224,1224
1717 100 1560,768,1224,1224
1718 100 1560,768,1224,1200
1719 100 1560,768,1224,1200
1720 100 1560,768,1224,1200
1721 100 1584,744,1224,1224
1722 100 1584,744,1224,1224
1723 100 1560,720,1224,1224
1724 100 1560,720,1224,1224
1725 100 1560,720,1224,1224
1726 100 1536,720,1224,1200
1727 100 1536,720,1224,1200
1728 100 1536,720,1224,1200
1729 100 1512,720,1224,1224
1730 100 1512,720,1224,1224
1731 100 1512,720,1224,1224
1732 100 1560,720,1224,1200
1733 100 1560,720,1224,1200
1734 100 1560,720,1224,1200
1735 100 1608,720,1224,1200
1736 100 1608,720,1224,1200
1737 100 1608,720,1224,1200
1738 100 1632,696,1224,1224
1739 100 1632,696,1224,1224
1740 100 1656,696,1224,1200
1741 100 1656,696,1224,1200
1742 100 1656,696,1224,1200
1743 100 1656,696,1224,1224
1744 100 1656,696,1224,1224
1745 100 1656,696,1224,1224
1746 100 1656,720,1224,1200
1747 100 1656,720,1224,1200
1748 100 1656,720,1224,1200
1749 100 1680,696,1224,1224
1750 100 1680,696,1224,1224
1751 100 1680,696,1224,1224
1752 100 1680,696,1224,1224
1753 100 1680,696,1224,1224
1754 100 1728,720,1224,1200
1755 100 1728,720,1224,1200
1756 100 1728,720,1224,1200
1757 100 1728,720,1224,1224
1758 100 1728,720,1224,1224
1759 100 1728,720,1224,1224
1760 100 1752,720,1224,1200
1761 100 1752,720,1224,1200
1762 100 1752,720,1224,1200
1763 100 1728,744,1224,1200
1764 100 1728,744,1224,1200
1765 100 1728,768,1224,1200
1766 100 1728,768,1224,1200
1767 100 1728,768,1224,1200
1768 100 1752,768,1224,1200
1769 100 1752,768,1224,1200
1770 100 1752,768,1224,1200
1771 100 1800,744,1224,1224
1772 100 1800,744,1224,1224
1773 100 1800,744,1224,1224
1774 100 1848,744,1224,1200
1775 100 1848,744,1224,1200
1776 100 1848,744,1224,1200
1777 100 1920,744,1224,1200
1778 100 1920,744,1224,1200
1779 100 1920,744,1224,1200
1780 100 1992,744,1224,1200
1781 100 1992,744,1224,1200
1782 100 1992,744,1224,1200
1783 100 2064,744,1224,1200
1784 100 2064,744,1224,1200
1785 100 2136,720,1224,1200
1786 100 2136,720,1224,1200
1787 100 2136,720,1224,1200
1788 100 2184,720,1224,1200
1789 100 2184,720,1224,1200
1790 100 2184,720,1224,1200
1791 100 2232,720,1224,1200
1792 100 2232,720,1224,1200
1793 100 2232,720,1224,1200
1794 100 2304,720,1224,1224
1795 100 2304,720,1224,1224
1796 100 2304,720,1224,1224
1797 100 2376,744,1224,1200
1798 100 2376,744,1224,1200
