0 100 0,1104,1224,1056
1 100 0,1104,1224,1056
2 100 0,1104,1224,1056
3 100 0,1104,1224,1056
4 100 0,1104,1224,1056
5 100 0,1104,1224,1056
6 100 0,1080,1224,1080
7 100 0,1080,1224,1080
8 100 0,1056,1224,1104
9 100 0,1056,1224,1104
10 100 0,1056,1224,1104
11 100 0,1032,1224,1128
12 100 0,1032,1224,1128
13 100 2136,984,1224,1176
14 100 2952,936,1224,1200
15 100 3096,888,1224,1200
16 100 120,840,1224,1224
17 100 96,816,1224,1200
18 100 0,768,1224,1224
19 100 48,744,1224,1200
20 100 72,720,1224,1200
21 100 96,696,1224,1200
22 100 72,672,1224,1200
23 100 48,648,1224,1200
24 100 48,624,1224,1224
25 100 0,624,1224,1200
26 100 24,600,1224,1224
27 100 96,600,1224,1200
28 100 48,576,1224,1200
29 100 120,576,1224,1200
30 100 24,552,1224,1200
31 100 0,528,1224,1224
32 100 24,528,1224,1200
33 100 48,528,1224,1200
34 100 72,528,1224,1200
35 100 3384,504,1224,1200
36 100 0,504,1224,1200
37 100 0,504,1224,1200
38 100 24,504,1224,1200
39 100 48,504,1224,1200
40 100 48,504,1224,1200
41 100 24,504,1224,1200
42 100 72,480,1224,1224
43 100 3408,480,1224,1200
44 100 3480,480,1224,1200
45 100 3504,480,1224,1200
46 100 3504,480,1224,1200
47 100 3456,480,1224,1200
48 100 3432,480,1224,1200
49 100 72,480,1224,1224
50 100 48,480,1224,1224
51 100 0,480,1224,1224
52 100 3552,504,1224,1200
53 100 3480,504,1224,1200
54 100 3432,504,1224,1200
55 100 48,504,1224,1224
56 100 3552,528,1224,1200
57 100 3432,528,1224,1200
58 100 3624,528,1224,1224
59 100 3480,552,1224,1200
60 100 3384,552,1224,1200
61 100 3624,552,1224,1224
62 100 3456,576,1224,1200
63 100 3528,600,1224,1200
64 100 3480,600,1224,1200
65 100 3432,600,1224,1200
66 100 3384,600,1224,1200
67 100 3672,600,1224,1224
68 100 3456,624,1224,1200
69 100 3744,624,1224,1224
70 100 3480,648,1224,1200
71 100 3336,648,1224,1224
72 100 3504,672,1224,1200
73 100 3720,672,1224,1224
74 100 3504,696,1224,1200
75 100 3384,696,1224,1200
76 100 3384,696,1224,1200
77 100 3360,696,1224,1200
78 100 3552,696,1224,1224
79 100 3528,720,1224,1200
80 100 3432,720,1224,1200
81 100 3360,720,1224,1200
82 100 3288,720,1224,1224
83 100 3552,744,1224,1200
84 100 3480,744,1224,1200
85 100 3480,744,1224,1200
86 100 3528,744,1224,1200
87 100 3504,744,1224,1200
88 100 3408,744,1224,1200
89 100 3408,744,1224,1200
90 100 3432,744,1224,1200
91 100 3456,744,1224,1200
92 100 3456,744,1224,1200
93 100 3216,744,1224,1200
94 100 3216,744,1224,1200
95 100 3216,744,1224,1200
96 100 3288,720,1224,1224
97 100 3336,720,1224,1200
98 100 3240,720,1224,1200
99 100 3432,696,1224,1200
100 100 3360,648,1224,1200
101 100 3312,600,1224,1224
102 100 3216,576,1224,1200
103 100 3312,552,1224,1200
104 100 3360,504,1224,1224
105 100 3360,480,1224,1224
106 100 3264,480,1224,1200
107 100 3312,480,1224,1200
108 100 3408,456,1224,1200
109 100 3288,456,1224,1200
110 100 3336,432,1224,1224
111 100 3384,432,1224,1200
112 100 3288,432,1224,1200
113 100 3312,432,1224,1200
114 100 3312,408,1224,1224
115 100 3336,432,1224,1200
116 100 3336,432,1224,1200
117 100 3384,408,1224,1224
118 100 3432,408,1224,1200
119 100 3288,408,1224,1200
120 100 3336,408,1224,1200
121 100 3312,408,1224,1200
122 100 3336,384,1224,1224
123 100 3336,384,1224,1224
124 100 3336,384,1224,1224
125 100 3336,384,1224,1224
126 100 3336,408,1224,1200
127 100 3312,408,1224,1200
128 100 3504,408,1224,1200
129 100 3432,408,1224,1200
130 100 3360,408,1224,1224
131 100 3360,408,1224,1224
132 100 3480,432,1224,1200
133 100 3360,432,1224,1224
134 100 3504,456,1224,1200
135 100 3384,456,1224,1200
136 100 3600,456,1224,1224
137 100 3576,480,1224,1200
138 100 3456,480,1224,1200
139 100 3336,480,1224,1224
140 100 3528,504,1224,1200
141 100 3456,504,1224,1200
142 100 3432,504,1224,1200
143 100 3648,504,1224,1224
144 100 3624,504,1224,1224
145 100 3528,528,1224,1200
146 100 3480,528,1224,1200
147 100 3384,528,1224,1224
148 100 3480,552,1224,1200
149 100 3432,552,1224,1200
150 100 3432,552,1224,1200
151 100 3384,552,1224,1224
152 100 3624,552,1224,1224
153 100 3624,552,1224,1224
154 100 3624,552,1224,1224
155 100 3576,576,1224,1200
156 100 3576,576,1224,1200
157 100 3576,576,1224,1200
158 100 3504,576,1224,1200
159 100 3504,576,1224,1200
160 100 3480,576,1224,1200
161 100 3432,576,1224,1200
162 100 3432,576,1224,1200
163 100 3432,576,1224,1200
164 100 3432,576,1224,1200
165 100 3432,576,1224,1200
166 100 3432,576,1224,1200
167 100 3384,576,1224,1200
168 100 3408,576,1224,1200
169 100 3432,576,1224,1200
170 100 3432,576,1224,1200
171 100 3408,576,1224,1200
172 100 3384,576,1224,1200
173 100 3648,576,1224,1224
174 100 3600,600,1224,1200
175 100 3552,600,1224,1200
176 100 3552,600,1224,1200
177 100 3504,600,1224,1200
178 100 3456,600,1224,1200
179 100 3480,600,1224,1200
180 100 3456,600,1224,1200
181 100 3408,600,1224,1200
182 100 3408,600,1224,1200
183 100 3408,600,1224,1200
184 100 3408,600,1224,1200
185 100 3408,600,1224,1200
186 100 3408,600,1224,1200
187 100 3384,600,1224,1200
188 100 3384,600,1224,1200
189 100 3648,600,1224,1224
190 100 3648,600,1224,1224
191 100 3624,600,1224,1224
192 100 3600,600,1224,1224
193 100 3576,624,1224,1200
194 100 3600,600,1224,1224
195 100 3624,600,1224,1224
196 100 3624,600,1224,1224
197 100 3576,624,1224,1200
198 100 3576,624,1224,1200
199 100 3528,624,1224,1200
200 100 3504,624,1224,1200
201 100 3504,624,1224,1200
202 100 3480,624,1224,1200
203 100 3480,624,1224,1200
204 100 3432,624,1224,1200
205 100 3384,624,1224,1200
206 100 3600,624,1224,1224
207 100 3336,648,1224,1224
208 100 3384,672,1224,1200
209 100 3384,696,1224,1200
210 100 3432,720,1224,1200
211 100 3456,744,1224,1200
212 100 3432,768,1224,1200
213 100 3432,792,1224,1200
214 100 3384,816,1224,1200
215 100 3384,840,1224,1200
216 100 3552,840,1224,1224
217 100 3120,864,1224,1200
218 100 3144,888,1224,1200
219 100 3048,912,1224,1200
220 100 3048,936,1224,1200
221 100 3096,936,1224,1224
222 100 2616,960,1224,1200
223 100 3192,960,1224,1200
224 100 2592,984,1224,1176
225 100 2280,984,1224,1176
226 100 2184,984,1224,1176
227 100 2184,984,1224,1176
228 100 2280,984,1224,1176
229 100 2256,984,1224,1176
230 100 2352,984,1224,1176
231 100 2328,984,1224,1176
232 100 2280,984,1224,1176
233 100 2520,984,1224,1176
234 100 2664,984,1224,1176
235 100 2664,984,1224,1176
236 100 2664,984,1224,1176
237 100 2760,984,1224,1176
238 100 2784,984,1224,1176
239 100 2808,960,1224,1200
240 100 2904,960,1224,1200
241 100 3096,960,1224,1200
242 100 3288,960,1224,1200
243 100 2568,960,1224,1200
244 100 2664,960,1224,1200
245 100 2808,960,1224,1200
246 100 3096,936,1224,1224
247 100 3600,936,1224,1224
248 100 2952,936,1224,1200
249 100 3192,936,1224,1200
250 100 3432,912,1224,1224
251 100 3432,912,1224,1224
252 100 3576,912,1224,1224
253 100 2952,912,1224,1200
254 100 2976,912,1224,1200
255 100 3600,912,1224,1224
256 100 2928,912,1224,1224
257 100 2976,912,1224,1200
258 100 3000,912,1224,1200
259 100 2976,912,1224,1200
260 100 3024,912,1224,1200
261 100 3000,912,1224,1200
262 100 3024,912,1224,1200
263 100 3048,912,1224,1200
264 100 3048,912,1224,1200
265 100 3048,912,1224,1200
266 100 3096,912,1224,1200
267 100 3072,912,1224,1200
268 100 3072,912,1224,1200
269 100 3096,912,1224,1200
270 100 3048,912,1224,1200
271 100 3048,912,1224,1200
272 100 3048,912,1224,1200
273 100 3096,912,1224,1200
274 100 3120,912,1224,1200
275 100 3096,912,1224,1200
276 100 3096,912,1224,1200
277 100 3096,912,1224,1200
278 100 3096,912,1224,1200
279 100 3096,912,1224,1200
280 100 3096,912,1224,1200
281 100 3096,912,1224,1200
282 100 3144,912,1224,1200
283 100 3144,912,1224,1200
284 100 3144,912,1224,1200
285 100 3096,912,1224,1200
286 100 3144,912,1224,1200
287 100 3120,912,1224,1200
288 100 3120,912,1224,1200
289 100 3120,912,1224,1200
290 100 3096,912,1224,1200
291 100 3120,912,1224,1200
292 100 3096,912,1224,1200
293 100 3096,912,1224,1200
294 100 3096,912,1224,1200
295 100 3120,912,1224,1200
296 100 3096,912,1224,1200
297 100 3096,912,1224,1200
298 100 3144,912,1224,1200
299 100 3096,912,1224,1200
300 100 3096,912,1224,1200
301 100 3096,912,1224,1200
302 100 3072,912,1224,1200
303 100 3096,912,1224,1200
304 100 3096,912,1224,1200
305 100 3096,912,1224,1200
306 100 3096,912,1224,1200
307 100 3048,912,1224,1200
308 100 3096,912,1224,1200
309 100 3072,912,1224,1200
310 100 3072,912,1224,1200
311 100 3048,912,1224,1200
312 100 3048,912,1224,1200
313 100 3048,912,1224,1200
314 100 3048,912,1224,1200
315 100 3048,912,1224,1200
316 100 3096,912,1224,1200
317 100 3096,912,1224,1200
318 100 3096,912,1224,1200
319 100 3096,912,1224,1200
320 100 3096,912,1224,1200
321 100 3096,912,1224,1200
322 100 3096,912,1224,1200
323 100 3144,912,1224,1200
324 100 3096,912,1224,1200
325 100 3144,912,1224,1200
326 100 3096,912,1224,1200
327 100 3096,912,1224,1200
328 100 3096,912,1224,1200
329 100 3096,912,1224,1200
330 100 3096,912,1224,1200
331 100 3144,912,1224,1200
332 100 3144,912,1224,1200
333 100 3144,912,1224,1200
334 100 3144,912,1224,1200
335 100 3144,912,1224,1200
336 100 3096,912,1224,1200
337 100 3144,912,1224,1200
338 100 3144,912,1224,1200
339 100 3144,912,1224,1200
340 100 3192,912,1224,1200
341 100 3192,912,1224,1200
342 100 3240,912,1224,1200
343 100 3240,912,1224,1200
344 100 3240,912,1224,1200
345 100 3240,912,1224,1200
346 100 3288,912,1224,1200
347 100 3288,912,1224,1200
348 100 3288,912,1224,1200
349 100 3192,912,1224,1200
350 100 3144,912,1224,1200
351 100 3072,912,1224,1200
352 100 3024,912,1224,1200
353 100 3552,912,1224,1224
354 100 3216,936,1224,1200
355 100 2880,936,1224,1200
356 100 2952,960,1224,1200
357 100 3120,960,1224,1200
358 100 2328,984,1224,1176
359 100 1560,984,1224,1176
360 100 672,1008,1224,1152
361 100 0,1008,1224,1152
362 100 0,1032,1224,1128
363 100 0,1032,1224,1128
364 100 0,1032,1224,1128
365 100 0,1032,1224,1128
366 100 0,1032,1224,1128
367 100 0,1032,1224,1128
368 100 0,1032,1224,1128
369 100 0,1032,1224,1128
370 100 0,1032,1224,1128
371 100 0,1032,1224,1128
372 100 0,1056,1224,1104
373 100 0,1056,1224,1104
374 100 0,1056,1224,1104
375 100 0,1032,1224,1128
376 100 0,1032,1224,1128
377 100 0,1032,1224,1128
378 100 0,1032,1224,1128
379 100 0,1032,1224,1128
380 100 0,1032,1224,1128
381 100 0,1032,1224,1128
382 100 0,1032,1224,1128
383 100 0,1032,1224,1128
384 100 0,1008,1224,1152
385 100 1080,1008,1224,1152
386 100 2328,984,1224,1176
387 100 2808,936,1224,1200
388 100 3216,912,1224,1200
389 100 3264,864,1224,1200
390 100 3168,792,1224,1224
391 100 3288,744,1224,1224
392 100 3144,696,1224,1200
393 100 3240,648,1224,1200
394 100 3240,600,1224,1200
395 100 3168,552,1224,1224
396 100 3144,552,1224,1200
397 100 3288,528,1224,1200
398 100 3240,504,1224,1200
399 100 3240,480,1224,1200
400 100 3216,456,1224,1200
401 100 3216,432,1224,1200
402 100 3192,408,1224,1224
403 100 3144,384,1224,1224
404 100 3288,384,1224,1200
405 100 3240,360,1224,1200
406 100 3192,336,1224,1224
407 100 3360,312,1224,1224
408 100 3288,312,1224,1200
409 100 3240,288,1224,1200
410 100 3384,264,1224,1200
411 100 3216,264,1224,1200
412 100 3264,264,1224,1200
413 100 3288,240,1224,1224
414 100 3144,240,1224,1200
415 100 3192,240,1224,1200
416 100 3216,240,1224,1200
417 100 3216,240,1224,1200
418 100 3240,240,1224,1200
419 100 3240,240,1224,1200
420 100 3216,240,1224,1200
421 100 3216,240,1224,1200
422 100 3216,240,1224,1200
423 100 3216,240,1224,1200
424 100 3264,216,1224,1224
425 100 3264,216,1224,1224
426 100 3264,240,1224,1200
427 100 3216,240,1224,1200
428 100 3168,240,1224,1200
429 100 3312,240,1224,1224
430 100 3312,240,1224,1224
431 100 3264,264,1224,1200
432 100 3216,264,1224,1200
433 100 3240,288,1224,1200
434 100 3312,312,1224,1224
435 100 3216,360,1224,1200
436 100 3240,408,1224,1200
437 100 3240,456,1224,1200
438 100 3384,504,1224,1224
439 100 3360,552,1224,1224
440 100 3360,576,1224,1224
441 100 3312,600,1224,1200
442 100 3288,600,1224,1200
443 100 3336,576,1224,1224
444 100 3360,576,1224,1224
445 100 3312,576,1224,1224
446 100 3456,600,1224,1200
447 100 3360,600,1224,1224
448 100 3504,624,1224,1200
449 100 3432,624,1224,1200
450 100 3336,624,1224,1224
451 100 3480,648,1224,1200
452 100 3432,648,1224,1200
453 100 3408,648,1224,1200
454 100 3456,648,1224,1200
455 100 3432,648,1224,1200
456 100 3408,648,1224,1200
457 100 3384,648,1224,1200
458 100 3336,648,1224,1224
459 100 3336,648,1224,1200
460 100 3336,648,1224,1200
461 100 3336,648,1224,1224
462 100 3336,648,1224,1224
463 100 3288,648,1224,1224
464 100 3288,672,1224,1200
465 100 3528,672,1224,1200
466 100 3288,672,1224,1200
467 100 3528,672,1224,1200
468 100 3456,672,1224,1200
469 100 3408,672,1224,1200
470 100 3360,672,1224,1200
471 100 3336,672,1224,1224
472 100 3312,672,1224,1224
473 100 3312,672,1224,1224
474 100 3288,672,1224,1224
475 100 3264,696,1224,1200
476 100 3288,672,1224,1224
477 100 3360,672,1224,1200
478 100 3360,672,1224,1200
479 100 3336,672,1224,1224
480 100 3360,672,1224,1200
481 100 3360,672,1224,1200
482 100 3336,672,1224,1200
483 100 3360,672,1224,1200
484 100 3360,672,1224,1200
485 100 3336,672,1224,1200
486 100 3360,672,1224,1200
487 100 3384,672,1224,1200
488 100 3408,672,1224,1200
489 100 3384,672,1224,1200
490 100 3336,672,1224,1224
491 100 3288,672,1224,1224
492 100 3312,672,1224,1224
493 100 3360,672,1224,1200
494 100 3504,672,1224,1200
495 100 3336,648,1224,1224
496 100 3480,648,1224,1200
497 100 3336,624,1224,1224
498 100 3504,624,1224,1200
499 100 3480,600,1224,1200
500 100 3552,576,1224,1200
501 100 3528,552,1224,1200
502 100 3312,504,1224,1224
503 100 3312,480,1224,1224
504 100 3456,480,1224,1200
505 100 3384,456,1224,1224
506 100 3312,456,1224,1200
507 100 3384,432,1224,1224
508 100 3456,432,1224,1200
509 100 3336,408,1224,1224
510 100 3432,408,1224,1200
511 100 3312,408,1224,1200
512 100 3360,384,1224,1224
513 100 3312,384,1224,1200
514 100 3528,360,1224,1200
515 100 3480,336,1224,1200
516 100 3240,312,1224,1200
517 100 3432,288,1224,1200
518 100 3336,264,1224,1224
519 100 3240,264,1224,1200
520 100 3216,240,1224,1200
521 100 3216,216,1224,1200
522 100 3384,168,1224,1200
523 100 3120,144,1224,1200
524 100 3144,144,1224,1200
525 100 3144,144,1224,1200
526 100 3216,120,1224,1224
527 100 3024,120,1224,1200
528 100 3072,120,1224,1200
529 100 3096,120,1224,1200
530 100 3072,120,1224,1200
531 100 3048,120,1224,1200
532 100 3048,120,1224,1200
533 100 3048,120,1224,1200
534 100 3072,120,1224,1200
535 100 3072,120,1224,1200
536 100 3072,120,1224,1200
537 100 3048,120,1224,1200
538 100 3024,120,1224,1224
539 100 2976,144,1224,1200
540 100 2928,144,1224,1224
541 100 3000,168,1224,1200
542 100 2976,168,1224,1224
543 100 2928,192,1224,1200
544 100 2856,192,1224,1200
545 100 2856,192,1224,1224
546 100 2832,216,1224,1200
547 100 2760,216,1224,1224
548 100 2664,240,1224,1224
549 100 2592,264,1224,1224
550 100 2448,312,1224,1200
551 100 2448,336,1224,1200
552 100 2400,360,1224,1224
553 100 2376,384,1224,1200
554 100 2352,384,1224,1224
555 100 2328,408,1224,1200
556 100 2304,408,1224,1200
557 100 2280,408,1224,1224
558 100 2232,432,1224,1200
559 100 2208,432,1224,1224
560 100 2184,456,1224,1200
561 100 2160,456,1224,1200
562 100 2160,456,1224,1224
563 100 2136,480,1224,1200
564 100 2112,480,1224,1200
565 100 2088,480,1224,1200
566 100 2088,480,1224,1224
567 100 2088,504,1224,1200
568 100 2088,504,1224,1200
569 100 2064,504,1224,1200
570 100 2064,504,1224,1200
571 100 2064,504,1224,1200
572 100 2064,504,1224,1200
573 100 2064,504,1224,1200
574 100 2064,504,1224,1224
575 100 2040,504,1224,1224
576 100 2040,504,1224,1224
577 100 2040,528,1224,1200
578 100 2040,528,1224,1200
579 100 2040,552,1224,1200
580 100 2016,552,1224,1200
581 100 1992,576,1224,1200
582 100 1968,576,1224,1200
583 100 1944,576,1224,1200
584 100 1944,576,1224,1224
585 100 1920,600,1224,1200
586 100 1896,600,1224,1200
587 100 1872,600,1224,1200
588 100 1872,600,1224,1200
589 100 1848,600,1224,1200
590 100 1824,600,1224,1200
591 100 1824,600,1224,1200
592 100 1800,600,1224,1200
593 100 1800,600,1224,1200
594 100 1776,600,1224,1224
595 100 1776,600,1224,1224
596 100 1776,600,1224,1224
597 100 1752,624,1224,1200
598 100 1752,624,1224,1200
599 100 1752,624,1224,1200
600 100 1728,600,1224,1224
601 100 1728,600,1224,1200
602 100 1728,600,1224,1200
603 100 1728,600,1224,1200
604 100 1728,600,1224,1200
605 100 1728,576,1224,1200
606 100 1704,576,1224,1200
607 100 1704,552,1224,1200
608 100 1704,552,1224,1200
609 100 1728,528,1224,1224
610 100 1728,528,1224,1200
611 100 1728,528,1224,1200
612 100 1704,528,1224,1200
613 100 1704,528,1224,1200
614 100 1704,528,1224,1200
615 100 1704,528,1224,1200
616 100 1704,528,1224,1200
617 100 1728,528,1224,1200
618 100 1728,528,1224,1200
619 100 1728,528,1224,1200
620 100 1728,528,1224,1200
621 100 1728,528,1224,1200
622 100 1728,528,1224,1200
623 100 1728,528,1224,1200
624 100 1728,528,1224,1200
625 100 1752,528,1224,1200
626 100 1752,528,1224,1200
627 100 1752,528,1224,1200
628 100 1752,528,1224,1224
629 100 1752,528,1224,1224
630 100 1752,552,1224,1200
631 100 1752,552,1224,1200
632 100 1752,552,1224,1224
633 100 1776,576,1224,1200
634 100 1776,600,1224,1224
635 100 1776,648,1224,1200
636 100 1752,696,1224,1200
637 100 1752,720,1224,1224
638 100 1752,768,1224,1200
639 100 1752,768,1224,1224
640 100 1752,768,1224,1224
641 100 1728,792,1224,1200
642 100 1704,792,1224,1224
643 100 1680,816,1224,1200
644 100 1656,840,1224,1200
645 100 1632,840,1224,1224
646 100 1608,840,1224,1224
647 100 1584,840,1224,1224
648 100 1560,840,1224,1224
649 100 1560,840,1224,1224
650 100 1536,840,1224,1224
651 100 1536,840,1224,1224
652 100 1512,864,1224,1200
653 100 1488,864,1224,1224
654 100 1464,864,1224,1224
655 100 1464,888,1224,1200
656 100 1440,864,1224,1224
657 100 1416,864,1224,1224
658 100 1416,864,1224,1224
659 100 1392,840,1224,1224
660 100 1392,840,1224,1224
661 100 1368,816,1224,1224
662 100 1368,816,1224,1224
663 100 1368,816,1224,1224
664 100 1368,816,1224,1224
665 100 1344,816,1224,1200
666 100 1344,816,1224,1200
667 100 1344,792,1224,1224
668 100 1344,816,1224,1200
669 100 1320,816,1224,1200
670 100 1320,816,1224,1200
671 100 1320,792,1224,1224
672 100 1296,792,1224,1224
673 100 1296,792,1224,1224
674 100 1272,792,1224,1224
675 100 1248,816,1224,1200
676 100 1248,816,1224,1224
677 100 1248,840,1224,1200
678 100 1248,840,1224,1224
679 100 1248,864,1224,1200
680 100 1248,864,1224,1224
681 100 1248,864,1224,1224
682 100 1248,864,1224,1224
683 100 1248,864,1224,1224
684 100 1248,888,1224,1200
685 100 1224,888,1224,1200
686 100 1248,888,1224,1200
687 100 1248,864,1224,1224
688 100 1248,864,1224,1200
689 100 1272,864,1224,1200
690 100 1272,864,1224,1200
691 100 1272,864,1224,1200
692 100 1272,864,1224,1200
693 100 1272,864,1224,1200
694 100 1272,864,1224,1200
695 100 1272,864,1224,1200
696 100 1272,864,1224,1200
697 100 1272,864,1224,1200
698 100 1272,864,1224,1200
699 100 1272,864,1224,1200
700 100 1296,840,1224,1224
701 100 1296,840,1224,1224
702 100 1296,840,1224,1224
703 100 1296,840,1224,1224
704 100 1320,840,1224,1224
705 100 1320,840,1224,1224
706 100 1320,840,1224,1224
707 100 1296,840,1224,1224
708 100 1296,840,1224,1224
709 100 1296,840,1224,1224
710 100 1296,840,1224,1224
711 100 1296,840,1224,1224
712 100 1296,840,1224,1224
713 100 1296,840,1224,1224
714 100 1296,840,1224,1224
715 100 1296,840,1224,1224
716 100 1296,840,1224,1224
717 100 1296,864,1224,1200
718 100 1296,864,1224,1200
719 100 1296,864,1224,1200
720 100 1296,864,1224,1200
721 100 1296,864,1224,1200
722 100 1296,864,1224,1200
723 100 1296,864,1224,1200
724 100 1296,864,1224,1200
725 100 1296,864,1224,1200
726 100 1296,864,1224,1200
727 100 1296,864,1224,1200
728 100 1296,864,1224,1200
729 100 1296,864,1224,1200
730 100 1296,864,1224,1200
731 100 1296,864,1224,1224
732 100 1296,864,1224,1224
733 100 1272,888,1224,1200
734 100 1272,888,1224,1224
735 100 1248,912,1224,1224
736 100 1224,936,1224,1200
737 100 1224,936,1224,1224
738 100 1200,960,1224,1200
739 100 1200,960,1224,1200
740 100 1176,984,1224,1176
741 100 1176,960,1224,1200
742 100 1176,960,1224,1200
743 100 1176,960,1224,1200
744 100 1200,960,1224,1200
745 100 1200,960,1224,1200
746 100 1200,960,1224,1200
747 100 1200,960,1224,1200
748 100 1200,960,1224,1200
749 100 1200,960,1224,1200
750 100 1200,960,1224,1200
751 100 1200,960,1224,1200
752 100 1200,960,1224,1200
753 100 1200,960,1224,1200
754 100 1200,960,1224,1200
755 100 1200,960,1224,1200
756 100 1200,960,1224,1200
757 100 1200,960,1224,1200
758 100 1200,960,1224,1200
759 100 1200,960,1224,1200
760 100 1200,960,1224,1200
761 100 1200,960,1224,1200
762 100 1200,960,1224,1200
763 100 1200,960,1224,1200
764 100 1200,960,1224,1200
765 100 1200,960,1224,1200
766 100 1200,960,1224,1200
767 100 1200,960,1224,1200
768 100 1200,960,1224,1200
769 100 1200,960,1224,1200
770 100 1200,960,1224,1200
771 100 1200,960,1224,1200
772 100 1200,960,1224,1200
773 100 1200,936,1224,1224
774 100 1224,936,1224,1224
775 100 1248,912,1224,1200
776 100 1296,864,1224,1200
777 100 1368,816,1224,1200
778 100 1416,768,1224,1200
779 100 1488,696,1224,1200
780 100 1560,600,1224,1200
781 100 1608,528,1224,1224
782 100 1608,480,1224,1200
783 100 1584,432,1224,1200
784 100 1584,408,1224,1200
785 100 1536,360,1224,1200
786 100 1536,312,1224,1224
787 100 1488,288,1224,1200
788 100 1488,264,1224,1224
789 100 1488,264,1224,1200
790 100 1512,264,1224,1200
791 100 1512,264,1224,1200
792 100 1512,264,1224,1224
793 100 1512,264,1224,1224
794 100 1512,264,1224,1224
795 100 1488,264,1224,1224
796 100 1488,264,1224,1200
797 100 1488,264,1224,1200
798 100 1488,264,1224,1200
799 100 1488,264,1224,1200
800 100 1488,264,1224,1200
801 100 1488,264,1224,1200
802 100 1488,264,1224,1200
803 100 1488,240,1224,1224
804 100 1488,240,1224,1224
805 100 1488,240,1224,1224
806 100 1488,240,1224,1224
807 100 1488,240,1224,1200
808 100 1464,216,1224,1224
809 100 1464,192,1224,1224
810 100 1464,168,1224,1224
811 100 1464,168,1224,1224
812 100 1464,144,1224,1224
813 100 1488,144,1224,1200
814 100 1488,120,1224,1224
815 100 1488,96,1224,1224
816 100 1488,72,1224,1224
817 100 1512,72,1224,1200
818 100 1512,48,1224,1224
819 100 0,24,1224,1224
820 100 888,24,1224,1224
821 100 552,24,1224,1200
822 100 24,24,1224,1200
823 100 1008,24,1224,1200
824 100 1272,24,1224,1200
825 100 1344,24,1224,1176
826 100 1416,24,1224,1176
827 100 1440,24,1224,1176
828 100 1512,24,1224,1152
829 100 1560,24,1224,1152
830 100 1632,24,1224,1152
831 100 1680,24,1224,1152
832 100 1728,24,1224,1152
833 100 1776,24,1224,1152
834 100 1776,24,1224,1152
835 100 1872,24,1224,1152
836 100 1944,24,1224,1152
837 100 1944,24,1224,1152
838 100 2040,24,1224,1152
839 100 2136,24,1224,1176
840 100 2232,24,1224,1176
841 100 2304,24,1224,1200
842 100 2352,48,1224,1200
843 100 2448,48,1224,1200
844 100 2520,48,1224,1224
845 100 2592,72,1224,1200
846 100 2616,72,1224,1200
847 100 2664,72,1224,1200
848 100 2688,72,1224,1200
849 100 2712,72,1224,1200
850 100 2712,72,1224,1224
851 100 2736,96,1224,1200
852 100 2760,96,1224,1224
853 100 2760,96,1224,1224
854 100 2760,120,1224,1200
855 100 2784,120,1224,1200
856 100 2760,120,1224,1200
857 100 2760,120,1224,1200
858 100 2760,120,1224,1200
859 100 2760,120,1224,1200
860 100 2760,120,1224,1200
861 100 2760,120,1224,1200
862 100 2760,120,1224,1200
863 100 2760,120,1224,1200
864 100 2760,120,1224,1200
865 100 2760,120,1224,1200
866 100 2760,120,1224,1200
867 100 2760,120,1224,1200
868 100 2760,120,1224,1200
869 100 2784,120,1224,1200
870 100 2784,120,1224,1200
871 100 2784,96,1224,1224
872 100 2808,96,1224,1224
873 100 2832,96,1224,1224
874 100 2856,96,1224,1224
875 100 2928,96,1224,1200
876 100 3072,96,1224,1200
877 100 3096,72,1224,1224
878 100 3144,72,1224,1224
879 100 3144,72,1224,1224
880 100 3216,72,1224,1200
881 100 3264,72,1224,1200
882 100 3024,72,1224,1200
883 100 3072,48,1224,1224
884 100 3192,48,1224,1200
885 100 3120,24,1224,1224
886 100 3144,24,1224,1224
887 100 3312,24,1224,1224
888 100 3312,24,1224,1224
889 100 3312,24,1224,1224
890 100 3384,24,1224,1224
891 100 3216,24,1224,1224
892 100 3288,24,1224,1224
893 100 3312,24,1224,1224
894 100 3336,24,1224,1224
895 100 3360,24,1224,1224
896 100 3336,24,1224,1224
897 100 3312,24,1224,1224
898 100 3312,24,1224,1224
899 100 3456,24,1224,1224
900 100 3480,24,1224,1224
901 100 3480,24,1224,1224
902 100 3528,24,1224,1224
903 100 3336,24,1224,1224
904 100 3360,24,1224,1200
905 100 3408,24,1224,1200
906 100 3408,24,1224,1200
907 100 3456,24,1224,1200
908 100 3432,24,1224,1200
909 100 3432,24,1224,1200
910 100 3504,24,1224,1200
911 100 3336,24,1224,1176
912 100 3432,24,1224,1176
913 100 3480,24,1224,1176
914 100 3552,24,1224,1176
915 100 3624,24,1224,1176
916 100 3672,24,1224,1176
917 100 3600,24,1224,1176
918 100 3576,24,1224,1176
919 100 3576,24,1224,1176
920 100 3528,24,1224,1176
921 100 3528,24,1224,1176
922 100 3504,24,1224,1176
923 100 3456,24,1224,1176
924 100 3648,24,1224,1200
925 100 3480,24,1224,1200
926 100 3624,24,1224,1224
927 100 3408,24,1224,1224
928 100 3384,48,1224,1224
929 100 3384,72,1224,1224
930 100 3360,96,1224,1224
931 100 3312,144,1224,1200
932 100 48,168,1224,1224
933 100 48,192,1224,1224
934 100 96,216,1224,1224
935 100 3384,240,1224,1200
936 100 24,264,1224,1200
937 100 96,264,1224,1224
938 100 144,288,1224,1224
939 100 0,312,1224,1224
940 100 48,336,1224,1200
941 100 0,360,1224,1200
942 100 72,360,1224,1200
943 100 72,360,1224,1200
944 100 48,360,1224,1224
945 100 48,360,1224,1224
946 100 72,360,1224,1224
947 100 0,360,1224,1224
948 100 24,360,1224,1224
949 100 0,384,1224,1200
950 100 0,384,1224,1200
951 100 48,384,1224,1224
952 100 0,408,1224,1200
953 100 48,408,1224,1200
954 100 24,408,1224,1224
955 100 24,432,1224,1200
956 100 24,432,1224,1200
957 100 24,432,1224,1200
958 100 24,432,1224,1200
959 100 24,432,1224,1200
960 100 24,432,1224,1200
961 100 24,432,1224,1200
962 100 24,432,1224,1200
963 100 24,432,1224,1200
964 100 24,432,1224,1200
965 100 24,432,1224,1224
966 100 0,432,1224,1224
967 100 0,456,1224,1200
968 100 0,456,1224,1200
969 100 0,456,1224,1200
970 100 48,456,1224,1200
971 100 48,456,1224,1200
972 100 48,456,1224,1224
973 100 24,456,1224,1224
974 100 24,480,1224,1200
975 100 24,480,1224,1200
976 100 24,480,1224,1200
977 100 24,480,1224,1224
978 100 24,504,1224,1200
979 100 0,504,1224,1200
980 100 24,504,1224,1200
981 100 0,504,1224,1224
982 100 0,528,1224,1200
983 100 24,528,1224,1200
984 100 48,528,1224,1200
985 100 72,528,1224,1200
986 100 96,528,1224,1200
987 100 120,528,1224,1224
988 100 120,528,1224,1224
989 100 120,552,1224,1200
990 100 144,552,1224,1200
991 100 144,552,1224,1200
992 100 168,552,1224,1200
993 100 168,552,1224,1200
994 100 192,552,1224,1224
995 100 192,552,1224,1224
996 100 216,552,1224,1224
997 100 240,552,1224,1224
998 100 240,552,1224,1224
999 100 264,576,1224,1200
1000 100 288,576,1224,1200
1001 100 288,576,1224,1200
1002 100 312,576,1224,1200
1003 100 336,576,1224,1200
1004 100 336,552,1224,1224
1005 100 360,576,1224,1200
1006 100 360,552,1224,1224
1007 100 360,552,1224,1200
1008 100 360,552,1224,1200
1009 100 360,552,1224,1224
1010 100 360,576,1224,1200
1011 100 360,576,1224,1200
1012 100 360,576,1224,1200
1013 100 360,576,1224,1200
1014 100 336,576,1224,1200
1015 100 360,576,1224,1200
1016 100 360,576,1224,1200
1017 100 336,576,1224,1224
1018 100 336,600,1224,1200
1019 100 336,600,1224,1200
1020 100 336,600,1224,1200
1021 100 336,600,1224,1200
1022 100 336,600,1224,1224
1023 100 336,600,1224,1224
1024 100 336,624,1224,1200
1025 100 336,624,1224,1200
1026 100 336,624,1224,1200
1027 100 312,624,1224,1200
1028 100 312,624,1224,1200
1029 100 312,624,1224,1200
1030 100 312,600,1224,1224
1031 100 312,600,1224,1224
1032 100 312,600,1224,1224
1033 100 312,624,1224,1200
1034 100 312,624,1224,1200
1035 100 288,624,1224,1200
1036 100 288,624,1224,1200
1037 100 288,624,1224,1200
1038 100 288,624,1224,1200
1039 100 288,624,1224,1200
1040 100 264,624,1224,1200
1041 100 264,624,1224,1200
1042 100 240,624,1224,1200
1043 100 240,624,1224,1224
1044 100 240,624,1224,1224
1045 100 240,624,1224,1224
1046 100 216,624,1224,1224
1047 100 192,624,1224,1224
1048 100 168,624,1224,1224
1049 100 144,624,1224,1224
1050 100 120,624,1224,1224
1051 100 120,624,1224,1224
1052 100 120,624,1224,1224
1053 100 96,624,1224,1224
1054 100 96,624,1224,1224
1055 100 72,624,1224,1224
1056 100 72,648,1224,1200
1057 100 48,648,1224,1200
1058 100 24,624,1224,1224
1059 100 24,624,1224,1200
1060 100 24,624,1224,1200
1061 100 24,624,1224,1200
1062 100 0,624,1224,1200
1063 100 0,624,1224,1200
1064 100 0,624,1224,1200
1065 100 0,624,1224,1200
1066 100 0,624,1224,1200
1067 100 0,600,1224,1224
1068 100 0,600,1224,1224
1069 100 0,600,1224,1224
1070 100 0,600,1224,1224
1071 100 0,600,1224,1200
1072 100 0,600,1224,1200
1073 100 0,600,1224,1200
1074 100 0,600,1224,1200
1075 100 0,600,1224,1200
1076 100 24,600,1224,1224
1077 100 0,600,1224,1224
1078 100 0,600,1224,1224
1079 100 0,600,1224,1224
1080 100 0,600,1224,1200
1081 100 0,600,1224,1224
1082 100 24,600,1224,1224
1083 100 24,600,1224,1224
1084 100 0,600,1224,1224
1085 100 24,624,1224,1200
1086 100 24,624,1224,1200
1087 100 0,624,1224,1200
1088 100 0,624,1224,1200
1089 100 24,624,1224,1200
1090 100 24,624,1224,1224
1091 100 0,624,1224,1224
1092 100 24,624,1224,1224
1093 100 24,624,1224,1224
1094 100 24,624,1224,1224
1095 100 0,624,1224,1224
1096 100 0,624,1224,1224
1097 100 0,624,1224,1224
1098 100 0,624,1224,1200
1099 100 48,624,1224,1200
1100 100 0,624,1224,1224
1101 100 48,624,1224,1224
1102 100 0,624,1224,1224
1103 100 48,624,1224,1224
1104 100 24,648,1224,1200
1105 100 0,648,1224,1200
1106 100 96,648,1224,1200
1107 100 48,648,1224,1200
1108 100 24,648,1224,1200
1109 100 3408,648,1224,1200
1110 100 3384,648,1224,1200
1111 100 48,648,1224,1224
1112 100 3456,672,1224,1200
1113 100 96,672,1224,1224
1114 100 3408,696,1224,1200
1115 100 3576,696,1224,1224
1116 100 3432,720,1224,1200
1117 100 3384,720,1224,1200
1118 100 3360,720,1224,1200
1119 100 3312,720,1224,1200
1120 100 3504,720,1224,1224
1121 100 3312,744,1224,1200
1122 100 3456,768,1224,1200
1123 100 3216,768,1224,1224
1124 100 3408,792,1224,1200
1125 100 3264,792,1224,1200
1126 100 3192,792,1224,1224
1127 100 3072,816,1224,1200
1128 100 3168,816,1224,1224
1129 100 3048,840,1224,1200
1130 100 2952,840,1224,1200
1131 100 2928,840,1224,1224
1132 100 2880,864,1224,1200
1133 100 2904,840,1224,1224
1134 100 2904,840,1224,1224
1135 100 2856,864,1224,1200
1136 100 2784,864,1224,1200
1137 100 2832,864,1224,1224
1138 100 2760,888,1224,1200
1139 100 2664,888,1224,1200
1140 100 2688,864,1224,1224
1141 100 2640,888,1224,1200
1142 100 2712,888,1224,1200
1143 100 2640,888,1224,1200
1144 100 2664,888,1224,1200
1145 100 2664,888,1224,1200
1146 100 2640,888,1224,1224
1147 100 2712,912,1224,1200
1148 100 2616,912,1224,1200
1149 100 2568,936,1224,1200
1150 100 2640,960,1224,1200
1151 100 2544,960,1224,1200
1152 100 2448,984,1224,1176
1153 100 2160,984,1224,1176
1154 100 1656,984,1224,1176
1155 100 912,1008,1224,1152
1156 100 0,1032,1224,1128
1157 100 0,1032,1224,1128
1158 100 0,1056,1224,1104
1159 100 0,1056,1224,1104
1160 100 0,1056,1224,1104
1161 100 0,1080,1224,1080
1162 100 0,1080,1224,1080
1163 100 0,1080,1224,1080
1164 100 0,1080,1224,1080
1165 100 0,1080,1224,1080
1166 100 0,1080,1224,1080
1167 100 0,1080,1224,1080
1168 100 0,1080,1224,1080
1169 100 0,1080,1224,1080
1170 100 0,1080,1224,1080
1171 100 0,1080,1224,1080
1172 100 0,1080,1224,1080
1173 100 0,1080,1224,1080
1174 100 0,1080,1224,1080
1175 100 0,1080,1224,1080
1176 100 0,1080,1224,1080
1177 100 0,1056,1224,1104
1178 100 0,1056,1224,1104
1179 100 0,1056,1224,1104
1180 100 0,1032,1224,1128
1181 100 0,1032,1224,1128
1182 100 0,1008,1224,1152
1183 100 696,1008,1224,1152
1184 100 2040,984,1224,1176
1185 100 2304,960,1224,1200
1186 100 2352,912,1224,1224
1187 100 2304,888,1224,1224
1188 100 2256,864,1224,1224
1189 100 2208,840,1224,1200
1190 100 2208,816,1224,1200
1191 100 2232,792,1224,1200
1192 100 2208,768,1224,1224
1193 100 2208,768,1224,1200
1194 100 2208,744,1224,1224
1195 100 2232,744,1224,1200
1196 100 2232,744,1224,1200
1197 100 2232,744,1224,1200
1198 100 2232,744,1224,1200
1199 100 2208,744,1224,1200
1200 100 2208,744,1224,1200
1201 100 2184,744,1224,1200
1202 100 2160,720,1224,1224
1203 100 2112,720,1224,1224
1204 100 2088,720,1224,1200
1205 100 2064,720,1224,1200
1206 100 2064,696,1224,1224
1207 100 2040,696,1224,1224
1208 100 2040,696,1224,1200
1209 100 2016,696,1224,1200
1210 100 1992,696,1224,1200
1211 100 1992,696,1224,1200
1212 100 1968,696,1224,1200
1213 100 1968,696,1224,1200
1214 100 1968,696,1224,1200
1215 100 1968,696,1224,1200
1216 100 1968,696,1224,1200
1217 100 1968,696,1224,1224
1218 100 1968,696,1224,1224
1219 100 1968,696,1224,1224
1220 100 1968,720,1224,1200
1221 100 1968,720,1224,1200
1222 100 1968,720,1224,1200
1223 100 1944,720,1224,1200
1224 100 1944,720,1224,1200
1225 100 1944,720,1224,1200
1226 100 1944,720,1224,1200
1227 100 1944,720,1224,1200
1228 100 1944,720,1224,1200
1229 100 1944,720,1224,1200
1230 100 1944,720,1224,1200
1231 100 1944,720,1224,1224
1232 100 1944,720,1224,1224
1233 100 1944,744,1224,1200
1234 100 1944,744,1224,1200
1235 100 1944,744,1224,1200
1236 100 1920,744,1224,1200
1237 100 1920,744,1224,1200
1238 100 1896,768,1224,1200
1239 100 1872,792,1224,1200
1240 100 1848,792,1224,1224
1241 100 1824,816,1224,1224
1242 100 1800,840,1224,1224
1243 100 1800,864,1224,1200
1244 100 1776,864,1224,1224
1245 100 1752,888,1224,1200
1246 100 1728,912,1224,1200
1247 100 1704,912,1224,1200
1248 100 1704,912,1224,1200
1249 100 1680,912,1224,1224
1250 100 1656,912,1224,1224
1251 100 1632,912,1224,1224
1252 100 1632,912,1224,1224
1253 100 1632,912,1224,1224
1254 100 1608,936,1224,1200
1255 100 1584,936,1224,1200
1256 100 1560,936,1224,1200
1257 100 1536,936,1224,1200
1258 100 1512,936,1224,1224
1259 100 1488,936,1224,1224
1260 100 1488,936,1224,1224
1261 100 1464,960,1224,1200
1262 100 1464,936,1224,1224
1263 100 1440,936,1224,1224
1264 100 1440,960,1224,1200
1265 100 1416,960,1224,1200
1266 100 1416,960,1224,1200
1267 100 1392,960,1224,1200
1268 100 1368,960,1224,1200
1269 100 1344,960,1224,1200
1270 100 1320,960,1224,1200
1271 100 1296,960,1224,1200
1272 100 1296,960,1224,1200
1273 100 1272,960,1224,1200
1274 100 1272,960,1224,1200
1275 100 1248,960,1224,1200
1276 100 1224,960,1224,1200
1277 100 1224,960,1224,1200
1278 100 1200,960,1224,1200
1279 100 1200,960,1224,1200
1280 100 1176,960,1224,1200
1281 100 1152,960,1224,1200
1282 100 1152,960,1224,1200
1283 100 1128,960,1224,1200
1284 100 1104,960,1224,1200
1285 100 1080,960,1224,1200
1286 100 1080,960,1224,1200
1287 100 1056,960,1224,1200
1288 100 1032,960,1224,1200
1289 100 1032,960,1224,1200
1290 100 1008,960,1224,1200
1291 100 984,960,1224,1200
1292 100 960,960,1224,1200
1293 100 936,960,1224,1200
1294 100 936,960,1224,1200
1295 100 912,984,1224,1176
1296 100 720,984,1224,1176
1297 100 336,984,1224,1176
1298 100 0,1008,1224,1152
1299 100 0,1008,1224,1152
1300 100 0,1008,1224,1152
1301 100 0,1032,1224,1128
1302 100 0,1032,1224,1128
1303 100 0,1032,1224,1128
1304 100 0,1032,1224,1128
1305 100 0,1032,1224,1128
1306 100 0,1032,1224,1128
1307 100 0,1032,1224,1128
1308 100 0,1032,1224,1128
1309 100 0,1032,1224,1128
1310 100 0,1032,1224,1128
1311 100 0,1056,1224,1104
1312 100 0,1032,1224,1128
1313 100 0,1032,1224,1128
1314 100 0,1032,1224,1128
1315 100 0,1032,1224,1128
1316 100 0,1032,1224,1128
1317 100 0,1032,1224,1128
1318 100 0,1032,1224,1128
1319 100 0,1032,1224,1128
1320 100 0,1032,1224,1128
1321 100 0,1032,1224,1128
1322 100 0,1032,1224,1128
1323 100 0,1032,1224,1128
1324 100 0,1008,1224,1152
1325 100 0,1008,1224,1152
1326 100 0,1008,1224,1152
1327 100 0,1032,1224,1128
1328 100 0,1008,1224,1152
1329 100 0,1008,1224,1152
1330 100 0,984,1224,1176
1331 100 0,984,1224,1176
1332 100 312,984,1224,1176
1333 100 408,960,1224,1200
1334 100 408,960,1224,1200
1335 100 384,960,1224,1200
1336 100 384,936,1224,1224
1337 100 360,936,1224,1224
1338 100 360,936,1224,1224
1339 100 360,912,1224,1224
1340 100 336,912,1224,1224
1341 100 336,888,1224,1224
1342 100 336,864,1224,1224
1343 100 336,864,1224,1200
1344 100 336,840,1224,1200
1345 100 360,816,1224,1200
1346 100 360,792,1224,1200
1347 100 384,768,1224,1200
1348 100 384,744,1224,1224
1349 100 384,744,1224,1200
1350 100 384,720,1224,1200
1351 100 384,720,1224,1200
1352 100 384,696,1224,1224
1353 100 384,696,1224,1224
1354 100 360,696,1224,1200
1355 100 360,696,1224,1200
1356 100 360,696,1224,1200
1357 100 336,696,1224,1200
1358 100 336,696,1224,1224
1359 100 312,696,1224,1224
1360 100 312,720,1224,1200
1361 100 288,720,1224,1200
1362 100 264,744,1224,1200
1363 100 240,744,1224,1200
1364 100 216,768,1224,1200
1365 100 192,792,1224,1200
1366 100 168,792,1224,1224
1367 100 120,816,1224,1224
1368 100 96,840,1224,1224
1369 100 48,864,1224,1224
1370 100 24,888,1224,1200
1371 100 0,936,1224,1200
1372 100 0,960,1224,1200
1373 100 0,984,1224,1176
1374 100 2088,984,1224,1176
1375 100 1008,1008,1224,1152
1376 100 0,1032,1224,1128
1377 100 0,1056,1224,1104
1378 100 0,1056,1224,1104
1379 100 0,1080,1224,1080
1380 100 0,1080,1224,1080
1381 100 0,1080,1224,1080
1382 100 0,1080,1224,1080
1383 100 0,1104,1224,1056
1384 100 0,1104,1224,1056
1385 100 0,1104,1224,1056
1386 100 0,1080,1224,1080
1387 100 0,1080,1224,1080
1388 100 0,1080,1224,1080
1389 100 0,1080,1224,1080
1390 100 0,1080,1224,1080
1391 100 0,1080,1224,1080
1392 100 0,1080,1224,1080
1393 100 0,1080,1224,1080
1394 100 0,1080,1224,1080
1395 100 0,1080,1224,1080
1396 100 0,1080,1224,1080
1397 100 0,1080,1224,1080
1398 100 0,1080,1224,1080
1399 100 0,1080,1224,1080
1400 100 0,1080,1224,1080
1401 100 0,1104,1224,1056
1402 100 0,1104,1224,1056
1403 100 0,1080,1224,1080
1404 100 0,1080,1224,1080
1405 100 0,1104,1224,1056
1406 100 0,1104,1224,1056
1407 100 0,1104,1224,1056
1408 100 0,1104,1224,1056
1409 100 0,1104,1224,1056
1410 100 0,1104,1224,1056
1411 100 0,1104,1224,1056
1412 100 0,1104,1224,1056
1413 100 0,1104,1224,1056
1414 100 0,1104,1224,1056
1415 100 0,1104,1224,1056
1416 100 0,1104,1224,1056
1417 100 0,1104,1224,1056
1418 100 0,1104,1224,1056
1419 100 0,1080,1224,1080
1420 100 0,1080,1224,1080
1421 100 0,1032,1224,1128
1422 100 1896,984,1224,1176
1423 100 0,936,1224,1224
1424 100 0,888,1224,1224
1425 100 0,840,1224,1200
1426 100 0,792,1224,1224
1427 100 0,768,1224,1200
1428 100 0,744,1224,1200
1429 100 24,720,1224,1224
1430 100 24,720,1224,1200
1431 100 24,720,1224,1200
1432 100 24,720,1224,1200
1433 100 24,720,1224,1200
1434 100 0,720,1224,1200
1435 100 24,696,1224,1224
1436 100 24,696,1224,1224
1437 100 24,696,1224,1224
1438 100 24,696,1224,1200
1439 100 24,696,1224,1200
1440 100 24,696,1224,1200
1441 100 24,696,1224,1200
1442 100 24,696,1224,1200
1443 100 24,696,1224,1200
1444 100 24,672,1224,1224
1445 100 24,672,1224,1224
1446 100 0,672,1224,1224
1447 100 0,672,1224,1224
1448 100 0,672,1224,1200
1449 100 0,648,1224,1200
1450 100 0,624,1224,1200
1451 100 0,600,1224,1200
1452 100 0,576,1224,1224
1453 100 24,576,1224,1200
1454 100 0,552,1224,1224
1455 100 0,552,1224,1200
1456 100 0,528,1224,1224
1457 100 0,528,1224,1200
1458 100 0,528,1224,1200
1459 100 0,528,1224,1200
1460 100 48,504,1224,1224
1461 100 72,504,1224,1200
1462 100 96,504,1224,1200
1463 100 0,480,1224,1224
1464 100 0,480,1224,1224
1465 100 144,480,1224,1224
1466 100 0,480,1224,1224
1467 100 24,480,1224,1200
1468 100 48,480,1224,1200
1469 100 48,480,1224,1200
1470 100 72,480,1224,1200
1471 100 96,480,1224,1200
1472 100 144,456,1224,1224
1473 100 24,456,1224,1200
1474 100 48,456,1224,1200
1475 100 48,456,1224,1200
1476 100 24,456,1224,1224
1477 100 0,456,1224,1224
1478 100 0,456,1224,1224
1479 100 0,480,1224,1200
1480 100 120,480,1224,1200
1481 100 96,480,1224,1200
1482 100 96,480,1224,1200
1483 100 72,480,1224,1200
1484 100 48,480,1224,1200
1485 100 24,480,1224,1200
1486 100 0,480,1224,1224
1487 100 72,504,1224,1200
1488 100 72,528,1224,1200
1489 100 72,552,1224,1200
1490 100 24,576,1224,1224
1491 100 72,624,1224,1200
1492 100 72,672,1224,1200
1493 100 0,672,1224,1224
1494 100 0,696,1224,1224
1495 100 72,720,1224,1200
1496 100 72,744,1224,1200
1497 100 0,744,1224,1224
1498 100 24,768,1224,1200
1499 100 24,768,1224,1200
1500 100 168,768,1224,1224
1501 100 144,792,1224,1200
1502 100 120,792,1224,1200
1503 100 144,792,1224,1200
1504 100 120,792,1224,1200
1505 100 144,768,1224,1224
1506 100 0,768,1224,1224
1507 100 0,768,1224,1224
1508 100 0,768,1224,1224
1509 100 24,768,1224,1224
1510 100 48,768,1224,1224
1511 100 72,768,1224,1200
1512 100 0,768,1224,1200
1513 100 48,768,1224,1200
1514 100 0,744,1224,1224
1515 100 72,744,1224,1200
1516 100 24,744,1224,1200
1517 100 0,720,1224,1200
1518 100 24,720,1224,1200
1519 100 0,720,1224,1200
1520 100 24,720,1224,1200
1521 100 0,720,1224,1200
1522 100 0,720,1224,1200
1523 100 24,720,1224,1200
1524 100 24,696,1224,1224
1525 100 0,696,1224,1200
1526 100 0,696,1224,1200
1527 100 0,696,1224,1200
1528 100 0,696,1224,1200
1529 100 0,696,1224,1200
1530 100 0,696,1224,1200
1531 100 0,696,1224,1200
1532 100 0,696,1224,1200
1533 100 24,696,1224,1200
1534 100 48,696,1224,1200
1535 100 48,696,1224,1224
1536 100 72,720,1224,1200
1537 100 96,720,1224,1200
1538 100 96,744,1224,1200
1539 100 120,744,1224,1224
1540 100 120,768,1224,1200
1541 100 120,792,1224,1200
1542 100 96,792,1224,1200
1543 100 96,792,1224,1200
1544 100 96,792,1224,1200
1545 100 96,792,1224,1224
1546 100 96,792,1224,1200
1547 100 96,792,1224,1224
1548 100 96,792,1224,1224
1549 100 120,792,1224,1224
1550 100 120,792,1224,1224
1551 100 96,816,1224,1200
1552 100 96,816,1224,1224
1553 100 96,816,1224,1224
1554 100 96,816,1224,1224
1555 100 96,816,1224,1224
1556 100 96,840,1224,1200
1557 100 96,840,1224,1200
1558 100 96,840,1224,1200
1559 100 96,840,1224,1200
1560 100 96,840,1224,1200
1561 100 96,840,1224,1200
1562 100 96,840,1224,1200
1563 100 72,840,1224,1200
1564 100 96,840,1224,1224
1565 100 96,840,1224,1200
1566 100 96,840,1224,1224
1567 100 96,840,1224,1224
1568 100 72,840,1224,1224
1569 100 72,864,1224,1200
1570 100 48,864,1224,1224
1571 100 48,888,1224,1200
1572 100 24,888,1224,1200
1573 100 24,912,1224,1200
1574 100 0,936,1224,1200
1575 100 0,960,1224,1200
1576 100 0,960,1224,1200
1577 100 0,960,1224,1200
1578 100 0,984,1224,1176
1579 100 1680,984,1224,1176
1580 100 0,1008,1224,1152
1581 100 0,1032,1224,1128
1582 100 0,1056,1224,1104
1583 100 0,1056,1224,1104
1584 100 0,1080,1224,1080
1585 100 0,1080,1224,1080
1586 100 0,1104,1224,1056
1587 100 0,1104,1224,1056
1588 100 0,1104,1224,1056
1589 100 0,1104,1224,1056
1590 100 0,1104,1224,1056
1591 100 0,1104,1224,1056
1592 100 0,1104,1224,1056
1593 100 0,1104,1224,1056
1594 100 0,1104,1224,1056
1595 100 0,1104,1224,1056
1596 100 0,1104,1224,1056
1597 100 0,1128,1224,1032
1598 100 0,1128,1224,1032
1599 100 0,1128,1224,1032
1600 100 0,1128,1224,1032
1601 100 0,1128,1224,1032
1602 100 0,1128,1224,1032
1603 100 0,1128,1224,1032
1604 100 0,1104,1224,1056
1605 100 0,1104,1224,1056
1606 100 0,1104,1224,1056
1607 100 0,1104,1224,1056
1608 100 0,1104,1224,1056
1609 100 0,1104,1224,1056
1610 100 0,1080,1224,1080
1611 100 0,1080,1224,1080
1612 100 0,1080,1224,1080
1613 100 0,1056,1224,1104
1614 100 0,1056,1224,1104
1615 100 0,1032,1224,1128
1616 100 0,1032,1224,1128
1617 100 0,1008,1224,1152
1618 100 1704,984,1224,1176
1619 100 0,960,1224,1200
1620 100 0,912,1224,1224
1621 100 0,864,1224,1224
1622 100 0,840,1224,1200
1623 100 0,792,1224,1200
1624 100 0,768,1224,1200
1625 100 0,744,1224,1200
1626 100 0,720,1224,1200
1627 100 0,696,1224,1200
1628 100 0,672,1224,1224
1629 100 0,648,1224,1224
1630 100 24,624,1224,1224
1631 100 24,624,1224,1200
1632 100 24,600,1224,1224
1633 100 24,600,1224,1200
1634 100 0,576,1224,1200
1635 100 24,552,1224,1224
1636 100 72,528,1224,1224
1637 100 0,528,1224,1200
1638 100 24,528,1224,1200
1639 100 48,504,1224,1224
1640 100 72,504,1224,1224
1641 100 72,504,1224,1200
1642 100 72,504,1224,1200
1643 100 72,504,1224,1200
1644 100 72,504,1224,1200
1645 100 72,504,1224,1200
1646 100 48,504,1224,1200
1647 100 48,504,1224,1200
1648 100 24,504,1224,1224
1649 100 120,528,1224,1200
1650 100 48,528,1224,1200
1651 100 24,528,1224,1200
1652 100 0,528,1224,1200
1653 100 120,528,1224,1224
1654 100 72,552,1224,1200
1655 100 24,552,1224,1200
1656 100 3384,552,1224,1200
1657 100 72,576,1224,1200
1658 100 3408,576,1224,1200
1659 100 96,576,1224,1224
1660 100 48,600,1224,1200
1661 100 24,600,1224,1200
1662 100 0,600,1224,1200
1663 100 168,600,1224,1224
1664 100 3360,600,1224,1200
1665 100 168,600,1224,1224
1666 100 120,600,1224,1224
1667 100 96,600,1224,1224
1668 100 72,624,1224,1200
1669 100 0,624,1224,1200
1670 100 168,624,1224,1224
1671 100 120,624,1224,1224
1672 100 72,648,1224,1200
1673 100 24,648,1224,1200
1674 100 0,648,1224,1200
1675 100 48,672,1224,1200
1676 100 168,672,1224,1224
1677 100 72,696,1224,1200
1678 100 24,696,1224,1200
1679 100 0,696,1224,1200
1680 100 0,696,1224,1200
1681 100 168,696,1224,1224
1682 100 96,696,1224,1224
1683 100 48,720,1224,1200
1684 100 3312,720,1224,1200
1685 100 72,720,1224,1224
1686 100 24,744,1224,1200
1687 100 72,720,1224,1224
1688 100 72,720,1224,1224
1689 100 48,744,1224,1200
1690 100 24,744,1224,1200
1691 100 3312,744,1224,1200
1692 100 120,744,1224,1224
1693 100 0,768,1224,1200
1694 100 120,768,1224,1224
1695 100 3336,792,1224,1200
1696 100 96,792,1224,1224
1697 100 3336,816,1224,1200
1698 100 192,816,1224,1224
1699 100 24,840,1224,1200
1700 100 0,840,1224,1200
1701 100 72,816,1224,1224
1702 100 96,816,1224,1224
1703 100 3216,816,1224,1200
1704 100 3312,816,1224,1200
1705 100 24,816,1224,1200
1706 100 48,816,1224,1200
1707 100 3288,792,1224,1200
1708 100 24,768,1224,1200
1709 100 48,720,1224,1200
1710 100 0,672,1224,1224
1711 100 0,648,1224,1224
1712 100 0,648,1224,1200
1713 100 48,624,1224,1200
1714 100 24,600,1224,1224
1715 100 72,600,1224,1200
1716 100 24,576,1224,1224
1717 100 72,576,1224,1200
1718 100 48,552,1224,1224
1719 100 48,552,1224,1224
1720 100 48,552,1224,1224
1721 100 0,552,1224,1200
1722 100 48,552,1224,1200
1723 100 24,552,1224,1224
1724 100 48,576,1224,1200
1725 100 0,576,1224,1200
1726 100 24,576,1224,1200
1727 100 48,576,1224,1200
1728 100 0,552,1224,1224
1729 100 24,576,1224,1200
1730 100 24,576,1224,1200
1731 100 24,576,1224,1200
1732 100 24,576,1224,1200
1733 100 0,552,1224,1200
1734 100 24,528,1224,1224
1735 100 0,504,1224,1224
1736 100 24,480,1224,1224
1737 100 24,480,1224,1200
1738 100 0,480,1224,1224
1739 100 72,480,1224,1200
1740 100 72,480,1224,1200
1741 100 72,480,1224,1200
1742 100 96,480,1224,1200
1743 100 72,480,1224,1200
1744 100 24,480,1224,1200
1745 100 96,480,1224,1224
1746 100 72,504,1224,1200
1747 100 72,504,1224,1200
1748 100 24,504,1224,1200
1749 100 72,504,1224,1224
1750 100 96,528,1224,1224
1751 100 3408,552,1224,1200
1752 100 48,552,1224,1224
1753 100 96,552,1224,1224
1754 100 72,552,1224,1224
1755 100 3528,576,1224,1200
1756 100 24,576,1224,1224
1757 100 3456,600,1224,1200
1758 100 3624,600,1224,1224
1759 100 3576,600,1224,1224
1760 100 3528,624,1224,1200
1761 100 0,600,1224,1224
1762 100 3432,600,1224,1200
1763 100 3648,576,1224,1224
1764 100 3600,552,1224,1224
1765 100 3456,552,1224,1200
1766 100 3504,552,1224,1200
1767 100 0,528,1224,1224
1768 100 3480,528,1224,1200
1769 100 0,528,1224,1200
1770 100 0,528,1224,1200
1771 100 48,504,1224,1224
1772 100 72,504,1224,1224
1773 100 72,504,1224,1224
1774 100 0,528,1224,1200
1775 100 3456,528,1224,1200
1776 100 3408,528,1224,1200
1777 100 3408,528,1224,1200
1778 100 3408,528,1224,1200
1779 100 3384,528,1224,1200
1780 100 96,528,1224,1224
1781 100 3384,528,1224,1200
1782 100 3408,528,1224,1200
1783 100 3456,528,1224,1200
1784 100 0,528,1224,1200
1785 100 3408,528,1224,1200
1786 100 48,528,1224,1224
1787 100 3408,528,1224,1200
1788 100 0,528,1224,1200
1789 100 24,528,1224,1200
1790 100 120,504,1224,1224
1791 100 48,504,1224,1200
1792 100 0,504,1224,1200
1793 100 0,528,1224,1200
1794 100 24,528,1224,1224
1795 100 24,528,1224,1224
