0 100 3600,528,1224,1224
1 100 3552,552,1224,1200
2 100 3480,552,1224,1200
3 100 3432,552,1224,1200
4 100 3408,552,1224,1200
5 100 3456,552,1224,1200
6 100 3480,552,1224,1200
7 100 3480,552,1224,1200
8 100 3480,552,1224,1200
9 100 3456,552,1224,1200
10 100 3480,552,1224,1200
11 100 3504,552,1224,1200
12 100 3504,552,1224,1200
13 100 3504,552,1224,1200
14 100 3576,552,1224,1200
15 100 0,528,1224,1224
16 100 3384,528,1224,1200
17 100 24,528,1224,1224
18 100 24,528,1224,1224
19 100 3648,528,1224,1224
20 100 3696,528,1224,1224
21 100 3744,528,1224,1224
22 100 3384,528,1224,1200
23 100 3384,528,1224,1200
24 100 3384,528,1224,1200
25 100 3408,528,1224,1200
26 100 3408,528,1224,1200
27 100 3408,528,1224,1200
28 100 3384,528,1224,1200
29 100 3720,528,1224,1224
30 100 3600,528,1224,1224
31 100 3552,552,1224,1200
32 100 3504,552,1224,1200
33 100 3480,552,1224,1200
34 100 3456,552,1224,1200
35 100 3408,552,1224,1200
36 100 3384,552,1224,1200
37 100 3672,552,1224,1224
38 100 3576,552,1224,1224
39 100 3504,576,1224,1200
40 100 3576,576,1224,1200
41 100 3360,552,1224,1224
42 100 3456,552,1224,1200
43 100 3504,552,1224,1200
44 100 3336,528,1224,1224
45 100 3384,528,1224,1200
46 100 3456,528,1224,1200
47 100 3288,528,1224,1200
48 100 3288,528,1224,1200
49 100 3312,528,1224,1200
50 100 3312,528,1224,1200
51 100 3168,504,1224,1224
52 100 3192,504,1224,1224
53 100 3192,504,1224,1224
54 100 3144,504,1224,1224
55 100 3144,528,1224,1200
56 100 3288,528,1224,1200
57 100 3144,528,1224,1200
58 100 3144,528,1224,1200
59 100 3168,504,1224,1224
60 100 3216,504,1224,1200
61 100 3144,504,1224,1200
62 100 3096,480,1224,1200
63 100 3024,456,1224,1200
64 100 3024,408,1224,1224
65 100 3024,360,1224,1224
66 100 3024,312,1224,1224
67 100 2976,264,1224,1224
68 100 3000,240,1224,1200
69 100 3024,216,1224,1200
70 100 3024,192,1224,1200
71 100 3096,168,1224,1200
72 100 3096,144,1224,1200
73 100 3168,96,1224,1224
74 100 3240,72,1224,1200
75 100 3168,24,1224,1224
76 100 3216,24,1224,1200
77 100 2952,24,1224,1176
78 100 2880,24,1224,1152
79 100 2880,24,1224,1128
80 100 2832,24,1224,1104
81 100 2832,24,1224,1080
82 100 2808,24,1224,1056
83 100 2808,24,1224,1032
84 100 2808,24,1224,1032
85 100 2784,24,1224,1008
86 100 2784,24,1224,1008
87 100 2784,24,1224,1008
88 100 2760,24,1224,984
89 100 2784,24,1224,984
90 100 2736,24,1224,960
91 100 2760,24,1224,960
92 100 2736,24,1224,960
93 100 2688,24,1224,960
94 100 2688,24,1224,960
95 100 2688,24,1224,960
96 100 2688,24,1224,960
97 100 2664,24,1224,960
98 100 2592,24,1224,960
99 100 2592,24,1224,984
100 100 2592,24,1224,984
101 100 2544,24,1224,984
102 100 2472,24,1224,1008
103 100 2400,24,1224,1032
104 100 2256,24,1224,1056
105 100 2184,24,1224,1056
106 100 2112,24,1224,1080
107 100 1944,24,1224,1104
108 100 1872,24,1224,1128
109 100 1848,24,1224,1128
110 100 1800,24,1224,1176
111 100 1824,24,1224,1176
112 100 1848,24,1224,1224
113 100 1872,48,1224,1224
114 100 1872,96,1224,1224
115 100 1848,120,1224,1224
116 100 1848,144,1224,1224
117 100 1824,192,1224,1224
118 100 1824,216,1224,1224
119 100 1800,216,1224,1224
120 100 1776,264,1224,1200
121 100 1776,264,1224,1224
122 100 1752,288,1224,1224
123 100 1728,312,1224,1200
124 100 1728,312,1224,1224
125 100 1704,336,1224,1224
126 100 1704,336,1224,1224
127 100 1656,360,1224,1200
128 100 1656,360,1224,1224
129 100 1656,384,1224,1200
130 100 1632,384,1224,1224
131 100 1632,384,1224,1224
132 100 1632,408,1224,1200
133 100 1632,408,1224,1200
134 100 1632,408,1224,1200
135 100 1608,408,1224,1200
136 100 1608,408,1224,1200
137 100 1584,408,1224,1200
138 100 1584,408,1224,1224
139 100 1560,432,1224,1200
140 100 1560,432,1224,1200
141 100 1560,432,1224,1200
142 100 1536,432,1224,1200
143 100 1512,408,1224,1224
144 100 1488,408,1224,1200
145 100 1464,384,1224,1224
146 100 1440,384,1224,1200
147 100 1368,336,1224,1224
148 100 1320,336,1224,1200
149 100 1296,336,1224,1200
150 100 1296,336,1224,1224
151 100 1296,336,1224,1224
152 100 1272,336,1224,1224
153 100 1224,336,1224,1200
154 100 1200,336,1224,1224
155 100 1200,360,1224,1200
156 100 1200,360,1224,1200
157 100 1176,360,1224,1224
158 100 1176,384,1224,1200
159 100 1176,384,1224,1200
160 100 1176,384,1224,1224
161 100 1176,384,1224,1224
162 100 1176,384,1224,1224
163 100 1176,408,1224,1200
164 100 1200,408,1224,1200
165 100 1200,408,1224,1200
166 100 1200,408,1224,1200
167 100 1200,408,1224,1200
168 100 1224,408,1224,1224
169 100 1224,408,1224,1224
170 100 1248,408,1224,1224
171 100 1248,408,1224,1224
172 100 1272,432,1224,1200
173 100 1272,432,1224,1200
174 100 1272,432,1224,1200
175 100 1296,432,1224,1200
176 100 1296,432,1224,1200
177 100 1296,432,1224,1200
178 100 1320,432,1224,1200
179 100 1320,432,1224,1200
180 100 1344,432,1224,1200
181 100 1344,432,1224,1200
182 100 1344,432,1224,1200
183 100 1344,432,1224,1200
184 100 1320,432,1224,1224
185 100 1320,432,1224,1224
186 100 1320,432,1224,1224
187 100 1296,456,1224,1200
188 100 1296,456,1224,1200
189 100 1296,456,1224,1200
190 100 1296,456,1224,1200
191 100 1272,456,1224,1224
192 100 1248,480,1224,1200
193 100 1248,480,1224,1200
194 100 1248,480,1224,1200
195 100 1272,504,1224,1200
196 100 1272,504,1224,1224
197 100 1272,504,1224,1224
198 100 1272,504,1224,1224
199 100 1272,528,1224,1200
200 100 1272,528,1224,1200
201 100 1272,528,1224,1200
202 100 1272,528,1224,1200
203 100 1248,528,1224,1200
204 100 1248,528,1224,1200
205 100 1248,528,1224,1200
206 100 1224,528,1224,1224
207 100 1200,528,1224,1224
208 100 1200,528,1224,1224
209 100 1200,528,1224,1224
210 100 1176,528,1224,1224
211 100 1152,528,1224,1224
212 100 1128,528,1224,1224
213 100 1080,552,1224,1200
214 100 1080,552,1224,1200
215 100 1032,552,1224,1200
216 100 984,552,1224,1200
217 100 960,552,1224,1200
218 100 936,552,1224,1200
219 100 912,552,1224,1200
220 100 888,552,1224,1200
221 100 840,552,1224,1200
222 100 840,552,1224,1200
223 100 768,576,1224,1200
224 100 768,576,1224,1200
225 100 744,552,1224,1224
226 100 720,552,1224,1200
227 100 696,552,1224,1224
228 100 648,576,1224,1200
229 100 648,576,1224,1200
230 100 624,552,1224,1200
231 100 600,552,1224,1200
232 100 576,552,1224,1200
233 100 552,552,1224,1200
234 100 552,552,1224,1200
235 100 528,552,1224,1200
236 100 528,552,1224,1200
237 100 528,552,1224,1200
238 100 504,552,1224,1200
239 100 504,552,1224,1200
240 100 504,552,1224,1200
241 100 504,552,1224,1200
242 100 504,552,1224,1224
243 100 504,552,1224,1224
244 100 504,552,1224,1200
245 100 528,552,1224,1224
246 100 552,552,1224,1224
247 100 576,552,1224,1200
248 100 648,552,1224,1200
249 100 672,528,1224,1224
250 100 816,480,1224,1224
251 100 936,480,1224,1200
252 100 960,480,1224,1200
253 100 1104,456,1224,1200
254 100 1128,456,1224,1200
255 100 1200,432,1224,1200
256 100 1272,408,1224,1200
257 100 1344,384,1224,1224
258 100 1416,384,1224,1224
259 100 1440,384,1224,1224
260 100 1536,408,1224,1200
261 100 1584,408,1224,1224
262 100 1632,408,1224,1200
263 100 1680,408,1224,1200
264 100 1680,408,1224,1200
265 100 1728,408,1224,1200
266 100 1752,408,1224,1200
267 100 1752,408,1224,1224
268 100 1776,408,1224,1224
269 100 1776,408,1224,1224
270 100 1776,432,1224,1200
271 100 1776,432,1224,1200
272 100 1776,432,1224,1200
273 100 1752,432,1224,1200
274 100 1752,432,1224,1224
275 100 1728,432,1224,1200
276 100 1704,432,1224,1200
277 100 1704,432,1224,1200
278 100 1680,456,1224,1200
279 100 1656,456,1224,1200
280 100 1656,456,1224,1224
281 100 1632,456,1224,1224
282 100 1632,456,1224,1224
283 100 1608,456,1224,1224
284 100 1608,456,1224,1224
285 100 1608,456,1224,1224
286 100 1608,456,1224,1224
287 100 1608,456,1224,1224
288 100 1608,456,1224,1224
289 100 1608,480,1224,1200
290 100 1608,456,1224,1224
291 100 1608,456,1224,1224
292 100 1608,456,1224,1224
293 100 1608,456,1224,1224
294 100 1608,456,1224,1224
295 100 1608,456,1224,1224
296 100 1608,456,1224,1224
297 100 1608,456,1224,1224
298 100 1608,456,1224,1224
299 100 1608,456,1224,1224
300 100 1608,456,1224,1224
301 100 1608,456,1224,1200
302 100 1608,456,1224,1200
303 100 1608,456,1224,1200
304 100 1608,456,1224,1200
305 100 1632,456,1224,1200
306 100 1656,456,1224,1200
307 100 1680,456,1224,1200
308 100 1728,456,1224,1200
309 100 1776,456,1224,1200
310 100 1824,432,1224,1224
311 100 1872,432,1224,1224
312 100 1872,432,1224,1224
313 100 1920,456,1224,1200
314 100 1968,432,1224,1224
315 100 2016,432,1224,1224
316 100 2040,432,1224,1200
317 100 2064,432,1224,1200
318 100 2088,432,1224,1200
319 100 2112,408,1224,1224
320 100 2136,408,1224,1224
321 100 2136,408,1224,1200
322 100 2160,408,1224,1200
323 100 2184,408,1224,1200
324 100 2208,408,1224,1200
325 100 2232,408,1224,1200
326 100 2232,408,1224,1200
327 100 2256,408,1224,1200
328 100 2280,408,1224,1200
329 100 2304,384,1224,1224
330 100 2328,384,1224,1200
331 100 2352,384,1224,1200
332 100 2376,360,1224,1224
333 100 2424,384,1224,1200
334 100 2448,384,1224,1200
335 100 2448,384,1224,1200
336 100 2496,384,1224,1200
337 100 2520,384,1224,1200
338 100 2568,384,1224,1224
339 100 2616,408,1224,1200
340 100 2640,408,1224,1200
341 100 2688,408,1224,1224
342 100 2712,408,1224,1224
343 100 2952,408,1224,1224
344 100 3024,408,1224,1224
345 100 3072,432,1224,1200
346 100 3144,432,1224,1224
347 100 3144,432,1224,1224
348 100 3144,456,1224,1200
349 100 3144,456,1224,1200
350 100 3240,456,1224,1200
351 100 3216,456,1224,1200
352 100 3216,456,1224,1200
353 100 3216,456,1224,1200
354 100 3216,456,1224,1200
355 100 3192,456,1224,1200
356 100 3240,456,1224,1200
357 100 3240,456,1224,1200
358 100 3216,456,1224,1200
359 100 3216,456,1224,1200
360 100 3240,456,1224,1200
361 100 3264,456,1224,1200
362 100 3240,456,1224,1200
363 100 3360,456,1224,1224
364 100 3384,456,1224,1224
365 100 3384,456,1224,1200
366 100 3432,456,1224,1200
367 100 3432,456,1224,1200
368 100 3432,456,1224,1200
369 100 3384,456,1224,1200
370 100 3384,456,1224,1200
371 100 3408,456,1224,1200
372 100 3408,456,1224,1200
373 100 3432,456,1224,1200
374 100 3432,456,1224,1200
375 100 3432,456,1224,1200
376 100 3384,456,1224,1224
377 100 3336,456,1224,1224
378 100 3528,480,1224,1200
379 100 3504,480,1224,1200
380 100 3504,480,1224,1200
381 100 3504,480,1224,1200
382 100 3504,480,1224,1200
383 100 3456,480,1224,1200
384 100 3504,480,1224,1200
385 100 3504,480,1224,1200
386 100 3504,480,1224,1200
387 100 3312,480,1224,1200
388 100 3312,480,1224,1200
389 100 3312,480,1224,1200
390 100 3312,480,1224,1200
391 100 3528,480,1224,1200
392 100 3312,480,1224,1200
393 100 3336,480,1224,1200
394 100 3408,456,1224,1200
395 100 3456,456,1224,1200
396 100 3552,456,1224,1200
397 100 3552,456,1224,1200
398 100 0,432,1224,1224
399 100 3408,432,1224,1200
400 100 3408,432,1224,1200
401 100 0,432,1224,1200
402 100 0,432,1224,1200
403 100 72,432,1224,1200
404 100 24,432,1224,1200
405 100 72,432,1224,1200
406 100 24,408,1224,1224
407 100 24,408,1224,1224
408 100 48,408,1224,1224
409 100 48,408,1224,1224
410 100 48,408,1224,1224
411 100 48,408,1224,1200
412 100 0,408,1224,1200
413 100 0,408,1224,1200
414 100 24,384,1224,1224
415 100 24,384,1224,1224
416 100 0,360,1224,1200
417 100 0,312,1224,1200
418 100 24,312,1224,1200
419 100 0,264,1224,1200
420 100 48,240,1224,1224
421 100 48,192,1224,1224
422 100 24,192,1224,1200
423 100 48,168,1224,1224
424 100 48,144,1224,1224
425 100 72,144,1224,1224
426 100 48,144,1224,1200
427 100 72,120,1224,1224
428 100 0,120,1224,1224
429 100 72,96,1224,1224
430 100 96,96,1224,1224
431 100 48,72,1224,1224
432 100 48,48,1224,1224
433 100 0,48,1224,1224
434 100 0,48,1224,1200
435 100 96,48,1224,1224
436 100 48,48,1224,1224
437 100 24,48,1224,1224
438 100 0,48,1224,1224
439 100 0,72,1224,1200
440 100 96,72,1224,1200
441 100 48,72,1224,1224
442 100 96,96,1224,1200
443 100 72,120,1224,1200
444 100 96,144,1224,1224
445 100 0,168,1224,1200
446 100 24,240,1224,1200
447 100 96,288,1224,1200
448 100 48,312,1224,1200
449 100 120,312,1224,1224
450 100 72,312,1224,1224
451 100 0,336,1224,1200
452 100 3384,336,1224,1200
453 100 3480,360,1224,1200
454 100 3552,384,1224,1200
455 100 3480,384,1224,1200
456 100 3456,408,1224,1200
457 100 3480,432,1224,1200
458 100 3576,456,1224,1200
459 100 3504,456,1224,1200
460 100 3552,456,1224,1200
461 100 3552,456,1224,1200
462 100 3576,456,1224,1200
463 100 3552,456,1224,1200
464 100 3504,456,1224,1200
465 100 3480,456,1224,1200
466 100 3408,456,1224,1200
467 100 3456,456,1224,1200
468 100 3504,456,1224,1200
469 100 3504,456,1224,1200
470 100 3528,456,1224,1200
471 100 3528,456,1224,1200
472 100 3480,456,1224,1200
473 100 3480,456,1224,1200
474 100 3792,456,1224,1224
475 100 3720,456,1224,1224
476 100 3552,480,1224,1200
477 100 3552,480,1224,1200
478 100 3576,480,1224,1200
479 100 3480,480,1224,1200
480 100 3480,480,1224,1200
481 100 3480,480,1224,1200
482 100 0,480,1224,1200
483 100 0,480,1224,1200
484 100 96,480,1224,1200
485 100 72,480,1224,1200
486 100 24,480,1224,1200
487 100 48,480,1224,1200
488 100 48,480,1224,1200
489 100 0,480,1224,1200
490 100 0,480,1224,1200
491 100 0,480,1224,1200
492 100 48,480,1224,1224
493 100 48,480,1224,1224
494 100 48,480,1224,1224
495 100 48,480,1224,1224
496 100 24,480,1224,1200
497 100 0,480,1224,1200
498 100 72,480,1224,1200
499 100 0,480,1224,1200
500 100 144,480,1224,1224
501 100 48,480,1224,1224
502 100 3552,504,1224,1200
503 100 3552,504,1224,1200
504 100 3456,504,1224,1200
505 100 3480,504,1224,1200
506 100 3504,504,1224,1200
507 100 3552,504,1224,1200
508 100 3312,504,1224,1200
509 100 3288,504,1224,1200
510 100 3240,504,1224,1200
511 100 3192,504,1224,1224
512 100 3144,528,1224,1200
513 100 3120,528,1224,1200
514 100 3072,528,1224,1200
515 100 2952,528,1224,1224
516 100 2928,528,1224,1224
517 100 2832,528,1224,1224
518 100 2856,552,1224,1200
519 100 2784,552,1224,1200
520 100 2736,552,1224,1200
521 100 2664,552,1224,1200
522 100 2664,552,1224,1200
523 100 2664,552,1224,1200
524 100 2616,552,1224,1224
525 100 2616,576,1224,1200
526 100 2592,576,1224,1200
527 100 2616,576,1224,1200
528 100 2616,576,1224,1200
529 100 2640,552,1224,1200
530 100 2616,552,1224,1200
531 100 2616,552,1224,1200
532 100 2592,504,1224,1224
533 100 2592,504,1224,1200
534 100 2568,504,1224,1200
535 100 2568,504,1224,1200
536 100 2568,504,1224,1224
537 100 2544,528,1224,1200
538 100 2544,528,1224,1200
539 100 2520,528,1224,1200
540 100 2496,528,1224,1200
541 100 2496,528,1224,1200
542 100 2424,552,1224,1224
543 100 2424,576,1224,1200
544 100 2376,576,1224,1200
545 100 2376,576,1224,1200
546 100 2352,552,1224,1224
547 100 2328,552,1224,1224
548 100 2304,552,1224,1224
549 100 2256,552,1224,1224
550 100 2232,576,1224,1200
551 100 2208,576,1224,1200
552 100 2160,576,1224,1200
553 100 2160,576,1224,1200
554 100 2112,576,1224,1200
555 100 2088,552,1224,1224
556 100 2064,552,1224,1200
557 100 1968,552,1224,1200
558 100 1944,552,1224,1224
559 100 1872,552,1224,1224
560 100 1824,552,1224,1200
561 100 1776,552,1224,1224
562 100 1752,552,1224,1224
563 100 1752,576,1224,1200
564 100 1704,576,1224,1200
565 100 1680,576,1224,1200
566 100 1680,576,1224,1200
567 100 1656,576,1224,1200
568 100 1656,576,1224,1200
569 100 1656,576,1224,1224
570 100 1632,576,1224,1200
571 100 1632,576,1224,1200
572 100 1608,576,1224,1200
573 100 1608,576,1224,1200
574 100 1584,576,1224,1200
575 100 1560,576,1224,1200
576 100 1560,576,1224,1200
577 100 1512,576,1224,1200
578 100 1512,576,1224,1224
579 100 1488,576,1224,1200
580 100 1488,576,1224,1200
581 100 1488,576,1224,1200
582 100 1464,576,1224,1200
583 100 1464,576,1224,1200
584 100 1464,576,1224,1200
585 100 1464,576,1224,1200
586 100 1464,576,1224,1200
587 100 1464,576,1224,1200
588 100 1464,576,1224,1200
589 100 1440,576,1224,1200
590 100 1440,576,1224,1200
591 100 1440,552,1224,1224
592 100 1440,552,1224,1200
593 100 1440,552,1224,1200
594 100 1440,552,1224,1200
595 100 1440,528,1224,1224
596 100 1440,528,1224,1224
597 100 1416,528,1224,1200
598 100 1416,528,1224,1200
599 100 1416,504,1224,1200
600 100 1416,456,1224,1224
601 100 1416,456,1224,1200
602 100 1392,432,1224,1200
603 100 1392,408,1224,1224
604 100 1368,408,1224,1200
605 100 1368,408,1224,1200
606 100 1344,408,1224,1200
607 100 1368,408,1224,1200
608 100 1368,408,1224,1200
609 100 1368,408,1224,1200
610 100 1368,408,1224,1200
611 100 1344,384,1224,1224
612 100 1344,384,1224,1224
613 100 1344,384,1224,1224
614 100 1344,408,1224,1200
615 100 1344,408,1224,1200
616 100 1344,408,1224,1200
617 100 1344,408,1224,1200
618 100 1344,408,1224,1200
619 100 1320,408,1224,1200
620 100 1320,408,1224,1200
621 100 1320,384,1224,1224
622 100 1320,384,1224,1224
623 100 1344,408,1224,1200
624 100 1344,408,1224,1200
625 100 1344,408,1224,1200
626 100 1344,408,1224,1200
627 100 1344,408,1224,1200
628 100 1344,408,1224,1200
629 100 1344,408,1224,1200
630 100 1320,408,1224,1200
631 100 1320,408,1224,1200
632 100 1320,408,1224,1200
633 100 1320,408,1224,1200
634 100 1320,408,1224,1200
635 100 1320,408,1224,1200
636 100 1320,408,1224,1200
637 100 1320,408,1224,1200
638 100 1296,408,1224,1200
639 100 1296,408,1224,1200
640 100 1296,408,1224,1200
641 100 1296,408,1224,1200
642 100 1296,408,1224,1200
643 100 1296,408,1224,1200
644 100 1296,408,1224,1200
645 100 1296,408,1224,1200
646 100 1296,408,1224,1200
647 100 1296,408,1224,1224
648 100 1296,432,1224,1200
649 100 1320,432,1224,1200
650 100 1320,456,1224,1200
651 100 1320,432,1224,1224
652 100 1296,408,1224,1200
653 100 1296,384,1224,1224
654 100 1296,408,1224,1200
655 100 1296,408,1224,1200
656 100 1296,408,1224,1200
657 100 1296,408,1224,1200
658 100 1272,408,1224,1200
659 100 1272,384,1224,1224
660 100 1248,384,1224,1200
661 100 1248,384,1224,1200
662 100 1248,360,1224,1200
663 100 1224,336,1224,1200
664 100 1200,312,1224,1224
665 100 1200,312,1224,1200
666 100 1200,288,1224,1224
667 100 1176,288,1224,1200
668 100 1176,264,1224,1200
669 100 1176,264,1224,1200
670 100 1176,264,1224,1200
671 100 1176,264,1224,1200
672 100 1176,264,1224,1200
673 100 1152,240,1224,1224
674 100 1152,240,1224,1200
675 100 1152,240,1224,1200
676 100 1152,216,1224,1224
677 100 1152,216,1224,1224
678 100 1128,216,1224,1200
679 100 1152,216,1224,1200
680 100 1128,216,1224,1200
681 100 1128,216,1224,1200
682 100 1128,216,1224,1200
683 100 1128,192,1224,1224
684 100 1128,192,1224,1224
685 100 1128,192,1224,1224
686 100 1128,216,1224,1200
687 100 1128,216,1224,1200
688 100 1128,216,1224,1224
689 100 1128,240,1224,1224
690 100 1128,264,1224,1200
691 100 1104,264,1224,1224
692 100 1080,288,1224,1224
693 100 1056,288,1224,1224
694 100 1032,288,1224,1224
695 100 1008,288,1224,1248
696 100 1008,312,1224,1224
697 100 1008,312,1224,1224
698 100 1008,312,1224,1224
699 100 1008,312,1224,1224
700 100 1008,312,1224,1224
701 100 984,312,1224,1224
702 100 984,312,1224,1224
703 100 984,312,1224,1224
704 100 960,312,1224,1224
705 100 960,312,1224,1224
706 100 960,312,1224,1224
707 100 960,288,1224,1248
708 100 960,288,1224,1224
709 100 960,264,1224,1224
710 100 960,240,1224,1224
711 100 936,216,1224,1248
712 100 936,192,1224,1248
713 100 936,168,1224,1248
714 100 936,144,1224,1248
715 100 936,144,1224,1248
716 100 936,144,1224,1248
717 100 936,144,1224,1224
718 100 936,144,1224,1224
719 100 936,144,1224,1224
720 100 936,120,1224,1248
721 100 936,120,1224,1248
722 100 936,144,1224,1224
723 100 960,144,1224,1224
724 100 960,144,1224,1224
725 100 960,144,1224,1248
726 100 960,144,1224,1248
727 100 984,168,1224,1224
728 100 984,168,1224,1224
729 100 984,168,1224,1224
730 100 1008,192,1224,1224
731 100 1056,216,1224,1224
732 100 1080,240,1224,1200
733 100 1104,240,1224,1224
734 100 1128,264,1224,1200
735 100 1176,288,1224,1200
736 100 1176,312,1224,1200
737 100 1272,360,1224,1200
738 100 1320,360,1224,1224
739 100 1320,384,1224,1200
740 100 1344,384,1224,1224
741 100 1344,384,1224,1224
742 100 1344,408,1224,1200
743 100 1344,408,1224,1200
744 100 1344,408,1224,1200
745 100 1344,408,1224,1200
746 100 1344,408,1224,1200
747 100 1344,408,1224,1224
748 100 1344,408,1224,1224
749 100 1344,408,1224,1224
750 100 1344,408,1224,1200
751 100 1344,408,1224,1200
752 100 1344,408,1224,1200
753 100 1344,408,1224,1224
754 100 1344,408,1224,1224
755 100 1344,408,1224,1224
756 100 1368,432,1224,1200
757 100 1392,432,1224,1200
758 100 1416,432,1224,1200
759 100 1440,432,1224,1224
760 100 1464,456,1224,1200
761 100 1488,456,1224,1200
762 100 1536,456,1224,1200
763 100 1560,480,1224,1200
764 100 1584,480,1224,1200
765 100 1656,480,1224,1200
766 100 1728,480,1224,1200
767 100 1776,480,1224,1200
768 100 1824,480,1224,1224
769 100 1848,480,1224,1200
770 100 1920,480,1224,1200
771 100 1968,504,1224,1200
772 100 2016,504,1224,1200
773 100 2088,504,1224,1200
774 100 2136,504,1224,1200
775 100 2280,480,1224,1224
776 100 2400,504,1224,1200
777 100 2496,504,1224,1200
778 100 2544,528,1224,1200
779 100 2544,552,1224,1200
780 100 2544,552,1224,1224
781 100 2544,552,1224,1200
782 100 2568,528,1224,1224
783 100 2616,528,1224,1224
784 100 2616,528,1224,1224
785 100 2664,528,1224,1224
786 100 2664,528,1224,1224
787 100 2736,528,1224,1200
788 100 2760,504,1224,1224
789 100 2784,504,1224,1224
790 100 2928,504,1224,1224
791 100 2928,504,1224,1224
792 100 3024,528,1224,1200
793 100 3000,528,1224,1200
794 100 3000,528,1224,1200
795 100 3120,528,1224,1200
796 100 3120,528,1224,1200
797 100 3096,528,1224,1200
798 100 3240,528,1224,1200
799 100 3216,528,1224,1200
800 100 3192,528,1224,1224
801 100 3168,528,1224,1224
802 100 3168,552,1224,1200
803 100 3168,552,1224,1200
804 100 3192,528,1224,1224
805 100 3192,528,1224,1224
806 100 3216,528,1224,1200
807 100 3384,528,1224,1224
808 100 3336,528,1224,1224
809 100 3312,552,1224,1200
810 100 3504,552,1224,1200
811 100 3456,552,1224,1200
812 100 3480,552,1224,1200
813 100 3480,552,1224,1200
814 100 3504,552,1224,1200
815 100 3648,528,1224,1224
816 100 3696,528,1224,1224
817 100 3384,528,1224,1224
818 100 3432,528,1224,1200
819 100 3432,528,1224,1200
820 100 3480,528,1224,1200
821 100 3528,528,1224,1200
822 100 3480,528,1224,1200
823 100 3432,528,1224,1200
824 100 3432,528,1224,1200
825 100 3480,528,1224,1200
826 100 3480,528,1224,1200
827 100 3480,528,1224,1200
828 100 48,528,1224,1200
829 100 72,528,1224,1200
830 100 96,528,1224,1200
831 100 0,528,1224,1200
832 100 0,528,1224,1200
833 100 24,528,1224,1200
834 100 24,528,1224,1200
835 100 48,528,1224,1200
836 100 48,528,1224,1200
837 100 48,528,1224,1200
838 100 24,528,1224,1200
839 100 24,528,1224,1200
840 100 48,528,1224,1200
841 100 0,528,1224,1200
842 100 24,528,1224,1200
843 100 24,528,1224,1200
844 100 0,528,1224,1200
845 100 24,528,1224,1200
846 100 0,528,1224,1200
847 100 24,528,1224,1200
848 100 0,504,1224,1224
849 100 0,528,1224,1200
850 100 0,528,1224,1200
851 100 0,528,1224,1200
852 100 0,528,1224,1200
853 100 0,528,1224,1200
854 100 0,528,1224,1200
855 100 0,528,1224,1200
856 100 0,528,1224,1200
857 100 0,528,1224,1200
858 100 0,528,1224,1200
859 100 0,528,1224,1200
860 100 0,528,1224,1200
861 100 0,528,1224,1200
862 100 0,528,1224,1200
863 100 0,528,1224,1200
864 100 24,528,1224,1200
865 100 24,528,1224,1200
866 100 24,504,1224,1224
867 100 24,504,1224,1224
868 100 24,504,1224,1224
869 100 24,504,1224,1224
870 100 24,504,1224,1224
871 100 24,504,1224,1224
872 100 24,504,1224,1224
873 100 24,504,1224,1224
874 100 24,504,1224,1224
875 100 24,504,1224,1224
876 100 24,504,1224,1224
877 100 24,504,1224,1224
878 100 0,528,1224,1200
879 100 0,528,1224,1200
880 100 0,528,1224,1200
881 100 0,528,1224,1200
882 100 0,528,1224,1200
883 100 0,528,1224,1200
884 100 0,528,1224,1200
885 100 0,528,1224,1200
886 100 0,528,1224,1200
887 100 0,528,1224,1200
888 100 0,528,1224,1200
889 100 0,528,1224,1200
890 100 0,528,1224,1200
891 100 0,528,1224,1224
892 100 0,576,1224,1200
893 100 0,600,1224,1200
894 100 0,624,1224,1200
895 100 0,648,1224,1200
896 100 0,648,1224,1200
897 100 0,648,1224,1200
898 100 48,648,1224,1200
899 100 24,648,1224,1200
900 100 24,648,1224,1200
901 100 0,648,1224,1200
902 100 48,648,1224,1224
903 100 24,672,1224,1200
904 100 48,672,1224,1200
905 100 48,696,1224,1200
906 100 24,720,1224,1200
907 100 96,744,1224,1200
908 100 120,768,1224,1200
909 100 24,768,1224,1200
910 100 24,792,1224,1200
911 100 24,816,1224,1200
912 100 3408,840,1224,1200
913 100 3408,864,1224,1200
914 100 3216,888,1224,1200
915 100 48,912,1224,1224
916 100 2904,936,1224,1200
917 100 3048,960,1224,1200
918 100 2856,960,1224,1200
919 100 2808,960,1224,1200
920 100 3432,960,1224,1200
921 100 2496,984,1224,1176
922 100 1824,984,1224,1176
923 100 1272,1008,1224,1152
924 100 0,1032,1224,1128
925 100 0,1032,1224,1128
926 100 0,1056,1224,1104
927 100 0,1056,1224,1104
928 100 0,1104,1224,1056
929 100 0,1128,1224,1032
930 100 0,1152,1224,1008
931 100 0,1152,1224,1008
932 100 0,1152,1224,1008
933 100 0,1152,1224,1008
934 100 0,1152,1224,1008
935 100 0,1152,1224,1008
936 100 0,1152,1224,1008
937 100 0,1152,1224,1008
938 100 0,1152,1224,1008
939 100 0,1152,1224,1008
940 100 0,1152,1224,1008
941 100 0,1152,1224,1008
942 100 0,1152,1224,1008
943 100 0,1176,1224,984
944 100 0,1176,1224,984
945 100 0,1176,1224,984
946 100 0,1176,1224,984
947 100 0,1176,1224,984
948 100 0,1176,1224,984
949 100 0,1176,1224,984
950 100 0,1176,1224,984
951 100 0,1176,1224,984
952 100 0,1200,1224,960
953 100 0,1200,1224,960
954 100 0,1200,1224,960
955 100 0,1200,1224,960
956 100 0,1200,1224,960
957 100 0,1200,1224,960
958 100 0,1200,1224,960
959 100 0,1200,1224,960
960 100 0,1200,1224,960
961 100 0,1176,1224,984
962 100 0,1176,1224,984
963 100 0,1152,1224,1008
964 100 0,1128,1224,1032
965 100 0,1128,1224,1032
966 100 0,1128,1224,1032
967 100 0,1104,1224,1056
968 100 0,1104,1224,1056
969 100 0,1080,1224,1080
970 100 0,1080,1224,1080
971 100 0,1080,1224,1080
972 100 0,1056,1224,1104
973 100 0,1056,1224,1104
974 100 0,1056,1224,1104
975 100 0,1056,1224,1104
976 100 0,1032,1224,1128
977 100 0,1032,1224,1128
978 100 0,1056,1224,1104
979 100 0,1056,1224,1104
980 100 0,1056,1224,1104
981 100 0,1056,1224,1104
982 100 0,1056,1224,1104
983 100 0,1056,1224,1104
984 100 0,1056,1224,1104
985 100 0,1056,1224,1104
986 100 0,1056,1224,1104
987 100 0,1056,1224,1104
988 100 0,1056,1224,1104
989 100 0,1056,1224,1104
990 100 0,1056,1224,1104
991 100 0,1056,1224,1104
992 100 0,1056,1224,1104
993 100 0,1080,1224,1080
994 100 0,1080,1224,1080
995 100 0,1080,1224,1080
996 100 0,1080,1224,1080
997 100 0,1080,1224,1080
998 100 0,1080,1224,1080
999 100 0,1056,1224,1104
1000 100 0,1056,1224,1104
1001 100 0,1056,1224,1104
1002 100 0,1056,1224,1104
1003 100 0,1056,1224,1104
1004 100 0,1056,1224,1104
1005 100 0,1056,1224,1104
1006 100 0,1056,1224,1104
1007 100 0,1056,1224,1104
1008 100 0,1056,1224,1104
1009 100 0,1056,1224,1104
1010 100 0,1056,1224,1104
1011 100 0,1056,1224,1104
1012 100 0,1056,1224,1104
1013 100 0,1056,1224,1104
1014 100 0,1032,1224,1128
1015 100 0,1032,1224,1128
1016 100 0,1032,1224,1128
1017 100 0,1032,1224,1128
1018 100 0,1032,1224,1128
1019 100 0,1008,1224,1152
1020 100 0,1008,1224,1152
1021 100 1224,960,1224,1200
1022 100 2328,960,1224,1200
1023 100 2568,936,1224,1224
1024 100 2544,936,1224,1224
1025 100 2448,912,1224,1224
1026 100 2520,912,1224,1224
1027 100 2520,888,1224,1224
1028 100 2544,888,1224,1224
1029 100 2520,888,1224,1224
1030 100 2568,888,1224,1200
1031 100 2544,864,1224,1224
1032 100 2592,840,1224,1224
1033 100 2616,816,1224,1224
1034 100 2568,792,1224,1200
1035 100 2592,768,1224,1200
1036 100 2616,720,1224,1200
1037 100 2688,672,1224,1224
1038 100 2640,672,1224,1200
1039 100 2736,600,1224,1200
1040 100 2688,576,1224,1224
1041 100 2760,552,1224,1200
1042 100 2784,528,1224,1224
1043 100 2784,528,1224,1224
1044 100 2832,552,1224,1200
1045 100 2832,552,1224,1200
1046 100 2832,552,1224,1200
1047 100 2832,552,1224,1200
1048 100 2832,552,1224,1200
1049 100 2808,528,1224,1200
1050 100 2808,528,1224,1200
1051 100 2808,504,1224,1224
1052 100 2760,480,1224,1224
1053 100 2808,480,1224,1200
1054 100 2808,456,1224,1200
1055 100 2808,432,1224,1200
1056 100 2808,432,1224,1200
1057 100 2808,432,1224,1200
1058 100 2784,432,1224,1200
1059 100 2784,456,1224,1224
1060 100 2760,480,1224,1224
1061 100 2688,504,1224,1200
1062 100 2688,504,1224,1200
1063 100 2688,504,1224,1200
1064 100 2688,504,1224,1200
1065 100 2760,504,1224,1200
1066 100 2760,504,1224,1200
1067 100 2736,504,1224,1200
1068 100 2712,504,1224,1200
1069 100 2808,528,1224,1200
1070 100 2784,528,1224,1224
1071 100 2832,552,1224,1200
1072 100 2904,552,1224,1200
1073 100 2904,552,1224,1200
1074 100 2904,552,1224,1200
1075 100 2904,552,1224,1200
1076 100 2952,552,1224,1224
1077 100 2928,576,1224,1200
1078 100 2928,576,1224,1200
1079 100 2976,576,1224,1200
1080 100 2952,576,1224,1200
1081 100 2952,576,1224,1224
1082 100 2952,576,1224,1224
1083 100 3024,576,1224,1224
1084 100 3024,576,1224,1224
1085 100 3048,576,1224,1224
1086 100 3048,576,1224,1224
1087 100 3048,576,1224,1224
1088 100 3048,576,1224,1224
1089 100 3096,576,1224,1200
1090 100 3072,552,1224,1224
1091 100 3168,528,1224,1224
1092 100 3168,504,1224,1224
1093 100 3096,504,1224,1200
1094 100 3216,456,1224,1200
1095 100 3192,408,1224,1224
1096 100 3216,360,1224,1200
1097 100 3216,312,1224,1200
1098 100 3240,288,1224,1200
1099 100 3192,240,1224,1200
1100 100 3288,216,1224,1224
1101 100 3264,216,1224,1224
1102 100 3240,216,1224,1224
1103 100 3240,240,1224,1200
1104 100 3432,240,1224,1200
1105 100 3360,240,1224,1200
1106 100 3288,240,1224,1224
1107 100 3432,264,1224,1200
1108 100 3312,264,1224,1224
1109 100 3384,312,1224,1200
1110 100 3504,384,1224,1200
1111 100 3312,408,1224,1224
1112 100 3432,456,1224,1200
1113 100 3552,480,1224,1200
1114 100 3528,480,1224,1200
1115 100 3456,480,1224,1200
1116 100 3432,480,1224,1200
1117 100 3408,480,1224,1200
1118 100 3384,480,1224,1224
1119 100 3624,480,1224,1224
1120 100 3504,504,1224,1200
1121 100 3456,504,1224,1200
1122 100 3408,504,1224,1200
1123 100 3408,504,1224,1200
1124 100 3432,504,1224,1200
1125 100 3408,504,1224,1200
1126 100 3408,504,1224,1200
1127 100 3768,504,1224,1224
1128 100 3648,504,1224,1224
1129 100 3624,504,1224,1224
1130 100 3600,528,1224,1200
1131 100 3552,528,1224,1200
1132 100 3504,528,1224,1200
1133 100 3480,528,1224,1200
1134 100 3504,528,1224,1200
1135 100 3456,528,1224,1200
1136 100 3408,528,1224,1200
1137 100 144,528,1224,1224
1138 100 0,528,1224,1224
1139 100 0,552,1224,1200
1140 100 0,552,1224,1200
1141 100 0,552,1224,1200
1142 100 0,552,1224,1200
1143 100 0,552,1224,1200
1144 100 0,552,1224,1200
1145 100 24,552,1224,1224
1146 100 24,552,1224,1224
1147 100 24,552,1224,1224
1148 100 48,552,1224,1224
1149 100 48,552,1224,1224
1150 100 0,576,1224,1200
1151 100 0,576,1224,1200
1152 100 24,576,1224,1200
1153 100 24,576,1224,1200
1154 100 24,576,1224,1200
1155 100 0,576,1224,1200
1156 100 0,576,1224,1200
1157 100 0,576,1224,1200
1158 100 0,576,1224,1200
1159 100 24,576,1224,1200
1160 100 0,576,1224,1200
1161 100 0,576,1224,1200
1162 100 24,576,1224,1200
1163 100 0,576,1224,1200
1164 100 0,552,1224,1224
1165 100 0,552,1224,1224
1166 100 0,576,1224,1200
1167 100 0,576,1224,1200
1168 100 0,552,1224,1224
1169 100 0,552,1224,1200
1170 100 24,552,1224,1200
1171 100 48,552,1224,1200
1172 100 48,552,1224,1200
1173 100 48,552,1224,1200
1174 100 48,552,1224,1200
1175 100 48,552,1224,1200
1176 100 24,552,1224,1224
1177 100 24,552,1224,1224
1178 100 24,552,1224,1224
1179 100 24,552,1224,1224
1180 100 24,552,1224,1224
1181 100 24,552,1224,1224
1182 100 48,552,1224,1200
1183 100 48,552,1224,1200
1184 100 48,552,1224,1200
1185 100 48,552,1224,1200
1186 100 48,552,1224,1224
1187 100 48,552,1224,1224
1188 100 48,552,1224,1224
1189 100 48,552,1224,1224
1190 100 48,552,1224,1224
1191 100 48,552,1224,1224
1192 100 48,552,1224,1224
1193 100 72,552,1224,1224
1194 100 72,552,1224,1224
1195 100 96,552,1224,1200
1196 100 120,528,1224,1224
1197 100 144,528,1224,1200
1198 100 168,528,1224,1200
1199 100 192,504,1224,1224
1200 100 192,504,1224,1224
1201 100 216,504,1224,1200
1202 100 216,504,1224,1200
1203 100 216,504,1224,1200
1204 100 240,504,1224,1200
1205 100 240,504,1224,1200
1206 100 264,504,1224,1224
1207 100 264,504,1224,1224
1208 100 288,528,1224,1200
1209 100 312,528,1224,1200
1210 100 312,528,1224,1200
1211 100 336,528,1224,1200
1212 100 336,528,1224,1200
1213 100 336,528,1224,1200
1214 100 360,528,1224,1200
1215 100 360,528,1224,1200
1216 100 360,528,1224,1200
1217 100 360,528,1224,1200
1218 100 384,528,1224,1200
1219 100 384,528,1224,1200
1220 100 384,528,1224,1224
1221 100 384,528,1224,1200
1222 100 384,528,1224,1224
1223 100 384,528,1224,1224
1224 100 408,528,1224,1224
1225 100 408,528,1224,1224
1226 100 408,528,1224,1200
1227 100 384,528,1224,1200
1228 100 384,528,1224,1200
1229 100 384,528,1224,1200
1230 100 384,528,1224,1200
1231 100 384,528,1224,1200
1232 100 384,528,1224,1200
1233 100 384,528,1224,1200
1234 100 360,528,1224,1200
1235 100 360,528,1224,1200
1236 100 360,528,1224,1224
1237 100 360,528,1224,1224
1238 100 360,528,1224,1224
1239 100 360,528,1224,1224
1240 100 360,528,1224,1224
1241 100 360,528,1224,1224
1242 100 360,528,1224,1224
1243 100 336,552,1224,1200
1244 100 336,552,1224,1200
1245 100 336,552,1224,1200
1246 100 336,552,1224,1200
1247 100 336,552,1224,1200
1248 100 336,552,1224,1200
1249 100 336,552,1224,1200
1250 100 336,552,1224,1200
1251 100 336,552,1224,1200
1252 100 336,552,1224,1200
1253 100 336,552,1224,1200
1254 100 336,552,1224,1200
1255 100 336,552,1224,1200
1256 100 336,552,1224,1200
1257 100 336,552,1224,1200
1258 100 336,552,1224,1200
1259 100 336,552,1224,1200
1260 100 312,552,1224,1200
1261 100 336,552,1224,1200
1262 100 312,552,1224,1200
1263 100 336,552,1224,1200
1264 100 336,552,1224,1200
1265 100 312,552,1224,1200
1266 100 336,552,1224,1200
1267 100 312,552,1224,1200
1268 100 312,552,1224,1200
1269 100 312,552,1224,1200
1270 100 312,552,1224,1200
1271 100 312,552,1224,1200
1272 100 312,552,1224,1200
1273 100 312,552,1224,1200
1274 100 312,552,1224,1200
1275 100 312,552,1224,1200
1276 100 312,552,1224,1200
1277 100 312,552,1224,1200
1278 100 312,552,1224,1200
1279 100 312,552,1224,1200
1280 100 312,552,1224,1200
1281 100 312,552,1224,1200
1282 100 312,552,1224,1200
1283 100 312,552,1224,1200
1284 100 312,552,1224,1200
1285 100 312,552,1224,1200
1286 100 312,552,1224,1200
1287 100 312,552,1224,1200
1288 100 312,552,1224,1200
1289 100 312,552,1224,1200
1290 100 312,552,1224,1200
1291 100 312,552,1224,1200
1292 100 312,552,1224,1200
1293 100 312,552,1224,1200
1294 100 312,552,1224,1200
1295 100 312,552,1224,1200
1296 100 312,552,1224,1224
1297 100 312,552,1224,1224
1298 100 312,552,1224,1224
1299 100 312,552,1224,1224
1300 100 312,552,1224,1224
1301 100 312,552,1224,1224
1302 100 312,552,1224,1224
1303 100 312,552,1224,1224
1304 100 312,552,1224,1224
1305 100 312,552,1224,1224
1306 100 312,552,1224,1224
1307 100 312,552,1224,1224
1308 100 312,552,1224,1224
1309 100 312,552,1224,1224
1310 100 312,576,1224,1200
1311 100 312,576,1224,1200
1312 100 336,576,1224,1200
1313 100 336,576,1224,1200
1314 100 336,576,1224,1200
1315 100 360,576,1224,1200
1316 100 384,576,1224,1200
1317 100 384,576,1224,1200
1318 100 408,576,1224,1224
1319 100 408,576,1224,1224
1320 100 432,576,1224,1200
1321 100 432,576,1224,1200
1322 100 432,576,1224,1224
1323 100 408,576,1224,1224
1324 100 408,576,1224,1224
1325 100 432,576,1224,1200
1326 100 432,576,1224,1200
1327 100 456,552,1224,1224
1328 100 456,552,1224,1224
1329 100 456,552,1224,1224
1330 100 480,552,1224,1224
1331 100 504,576,1224,1200
1332 100 504,576,1224,1200
1333 100 504,552,1224,1224
1334 100 504,552,1224,1224
1335 100 528,576,1224,1200
1336 100 528,576,1224,1200
1337 100 528,576,1224,1200
1338 100 528,576,1224,1200
1339 100 528,576,1224,1200
1340 100 504,576,1224,1200
1341 100 504,576,1224,1200
1342 100 504,576,1224,1200
1343 100 504,576,1224,1200
1344 100 504,576,1224,1200
1345 100 504,552,1224,1224
1346 100 528,552,1224,1224
1347 100 528,552,1224,1224
1348 100 528,552,1224,1200
1349 100 528,552,1224,1200
1350 100 528,552,1224,1200
1351 100 504,552,1224,1200
1352 100 504,552,1224,1200
1353 100 504,552,1224,1200
1354 100 504,552,1224,1200
1355 100 504,552,1224,1200
1356 100 504,552,1224,1200
1357 100 504,552,1224,1200
1358 100 504,552,1224,1200
1359 100 504,552,1224,1200
1360 100 504,552,1224,1200
1361 100 504,552,1224,1200
1362 100 504,552,1224,1200
1363 100 504,552,1224,1200
1364 100 504,552,1224,1200
1365 100 504,552,1224,1200
1366 100 504,552,1224,1200
1367 100 480,552,1224,1200
1368 100 480,552,1224,1200
1369 100 480,552,1224,1200
1370 100 480,552,1224,1200
1371 100 480,552,1224,1200
1372 100 456,552,1224,1200
1373 100 456,552,1224,1200
1374 100 432,552,1224,1200
1375 100 432,552,1224,1200
1376 100 432,552,1224,1224
1377 100 432,552,1224,1200
1378 100 432,552,1224,1200
1379 100 432,552,1224,1200
1380 100 432,552,1224,1200
1381 100 432,552,1224,1224
1382 100 432,552,1224,1224
1383 100 432,552,1224,1200
1384 100 432,552,1224,1224
1385 100 432,552,1224,1224
1386 100 432,552,1224,1224
1387 100 408,552,1224,1224
1388 100 408,552,1224,1224
1389 100 408,576,1224,1200
1390 100 408,576,1224,1200
1391 100 408,576,1224,1200
1392 100 408,576,1224,1200
1393 100 408,576,1224,1200
1394 100 408,576,1224,1200
1395 100 360,600,1224,1200
1396 100 312,624,1224,1200
1397 100 288,624,1224,1200
1398 100 264,648,1224,1200
1399 100 240,648,1224,1200
1400 100 216,648,1224,1224
1401 100 216,648,1224,1224
1402 100 216,648,1224,1200
1403 100 216,648,1224,1200
1404 100 216,648,1224,1224
1405 100 216,648,1224,1224
1406 100 216,648,1224,1224
1407 100 216,648,1224,1224
1408 100 216,648,1224,1224
1409 100 216,648,1224,1224
1410 100 216,648,1224,1224
1411 100 192,648,1224,1224
1412 100 192,648,1224,1224
1413 100 192,648,1224,1224
1414 100 192,672,1224,1200
1415 100 192,672,1224,1200
1416 100 192,672,1224,1200
1417 100 192,672,1224,1200
1418 100 192,672,1224,1200
1419 100 192,672,1224,1200
1420 100 192,672,1224,1200
1421 100 192,672,1224,1200
1422 100 192,672,1224,1200
1423 100 192,672,1224,1200
1424 100 192,672,1224,1200
1425 100 192,672,1224,1200
1426 100 192,672,1224,1200
1427 100 192,672,1224,1200
1428 100 192,672,1224,1200
1429 100 192,672,1224,1200
1430 100 192,672,1224,1200
1431 100 192,672,1224,1200
1432 100 192,672,1224,1200
1433 100 192,672,1224,1200
1434 100 192,672,1224,1200
1435 100 192,672,1224,1200
1436 100 192,672,1224,1200
1437 100 192,672,1224,1200
1438 100 192,672,1224,1200
1439 100 192,672,1224,1224
1440 100 168,672,1224,1224
1441 100 168,696,1224,1200
1442 100 168,696,1224,1200
1443 100 168,696,1224,1200
1444 100 168,696,1224,1200
1445 100 168,696,1224,1224
1446 100 144,720,1224,1224
1447 100 96,768,1224,1200
1448 100 72,792,1224,1200
1449 100 24,816,1224,1224
1450 100 24,864,1224,1200
1451 100 0,864,1224,1200
1452 100 0,864,1224,1200
1453 100 24,864,1224,1200
1454 100 24,864,1224,1200
1455 100 24,864,1224,1200
1456 100 24,864,1224,1200
1457 100 24,864,1224,1200
1458 100 24,864,1224,1200
1459 100 0,864,1224,1200
1460 100 0,864,1224,1200
1461 100 24,864,1224,1200
1462 100 24,864,1224,1200
1463 100 24,840,1224,1200
1464 100 48,816,1224,1224
1465 100 48,816,1224,1200
1466 100 48,792,1224,1224
1467 100 48,792,1224,1224
1468 100 24,816,1224,1200
1469 100 0,816,1224,1200
1470 100 0,816,1224,1200
1471 100 0,792,1224,1200
1472 100 0,792,1224,1200
1473 100 0,768,1224,1200
1474 100 0,744,1224,1224
1475 100 0,744,1224,1224
1476 100 0,768,1224,1200
1477 100 24,768,1224,1200
1478 100 0,768,1224,1200
1479 100 72,792,1224,1200
1480 100 24,792,1224,1200
1481 100 24,792,1224,1224
1482 100 168,816,1224,1200
1483 100 48,816,1224,1200
1484 100 3336,816,1224,1200
1485 100 3312,816,1224,1200
1486 100 3456,840,1224,1200
1487 100 3384,840,1224,1200
1488 100 3528,840,1224,1224
1489 100 3312,864,1224,1200
1490 100 3264,864,1224,1200
1491 100 3144,864,1224,1200
1492 100 3672,864,1224,1224
1493 100 3432,864,1224,1224
1494 100 3384,888,1224,1200
1495 100 3288,888,1224,1200
1496 100 3120,888,1224,1200
1497 100 3072,888,1224,1200
1498 100 3096,912,1224,1200
1499 100 3528,912,1224,1224
1500 100 3384,912,1224,1224
1501 100 3024,936,1224,1200
1502 100 2952,936,1224,1200
1503 100 2784,936,1224,1224
1504 100 3264,936,1224,1224
1505 100 3120,936,1224,1224
1506 100 2880,936,1224,1224
1507 100 2784,960,1224,1200
1508 100 2616,960,1224,1200
1509 100 2472,960,1224,1200
1510 100 2472,960,1224,1200
1511 100 3120,960,1224,1200
1512 100 2448,960,1224,1200
1513 100 2544,960,1224,1200
1514 100 2496,960,1224,1200
1515 100 2544,960,1224,1200
1516 100 2520,960,1224,1200
1517 100 2568,960,1224,1200
1518 100 2664,936,1224,1224
1519 100 2664,936,1224,1224
1520 100 2712,936,1224,1224
1521 100 2808,936,1224,1224
1522 100 2952,936,1224,1224
1523 100 3024,936,1224,1224
1524 100 3072,936,1224,1224
1525 100 2640,936,1224,1224
1526 100 2712,936,1224,1224
1527 100 2760,936,1224,1224
1528 100 2808,936,1224,1224
1529 100 2856,936,1224,1200
1530 100 2856,936,1224,1200
1531 100 2904,936,1224,1200
1532 100 2928,936,1224,1200
1533 100 2928,912,1224,1224
1534 100 3000,912,1224,1224
1535 100 3000,912,1224,1224
1536 100 3048,912,1224,1224
1537 100 3000,912,1224,1224
1538 100 3000,912,1224,1224
1539 100 3000,912,1224,1224
1540 100 3000,912,1224,1224
1541 100 3000,912,1224,1224
1542 100 3024,912,1224,1224
1543 100 3072,912,1224,1224
1544 100 3024,912,1224,1224
1545 100 3000,912,1224,1224
1546 100 3000,912,1224,1224
1547 100 3048,912,1224,1224
1548 100 3144,912,1224,1224
1549 100 2832,912,1224,1224
1550 100 2832,912,1224,1224
1551 100 2832,912,1224,1224
1552 100 2880,912,1224,1224
1553 100 2880,912,1224,1224
1554 100 2880,912,1224,1224
1555 100 2904,912,1224,1224
1556 100 2928,912,1224,1224
1557 100 2952,912,1224,1224
1558 100 2952,912,1224,1224
1559 100 2904,912,1224,1224
1560 100 2904,912,1224,1224
1561 100 2952,912,1224,1224
1562 100 2904,912,1224,1224
1563 100 2880,912,1224,1224
1564 100 2904,912,1224,1224
1565 100 2880,912,1224,1224
1566 100 2880,912,1224,1224
1567 100 2928,912,1224,1224
1568 100 2880,912,1224,1224
1569 100 2880,912,1224,1224
1570 100 2832,912,1224,1224
1571 100 2832,912,1224,1224
1572 100 2856,912,1224,1224
1573 100 2856,912,1224,1224
1574 100 2904,912,1224,1224
1575 100 2904,912,1224,1224
1576 100 2880,912,1224,1224
1577 100 2880,912,1224,1224
1578 100 2856,912,1224,1224
1579 100 2856,912,1224,1224
1580 100 2880,912,1224,1224
1581 100 2880,912,1224,1224
1582 100 2928,912,1224,1224
1583 100 2952,912,1224,1200
1584 100 3000,912,1224,1200
1585 100 3096,912,1224,1200
1586 100 3192,888,1224,1224
1587 100 3288,888,1224,1224
1588 100 3048,888,1224,1224
1589 100 3024,864,1224,1224
1590 100 3072,840,1224,1224
1591 100 3144,816,1224,1224
1592 100 3312,792,1224,1200
1593 100 3192,768,1224,1200
1594 100 3264,744,1224,1224
1595 100 3240,720,1224,1200
1596 100 3384,696,1224,1200
1597 100 3408,672,1224,1200
1598 100 3360,648,1224,1200
1599 100 3336,624,1224,1224
1600 100 3456,624,1224,1200
1601 100 3528,624,1224,1200
1602 100 3360,600,1224,1224
1603 100 3408,600,1224,1200
1604 100 3408,600,1224,1200
1605 100 3480,600,1224,1200
1606 100 3456,600,1224,1200
1607 100 3432,600,1224,1200
1608 100 3408,600,1224,1200
1609 100 3408,600,1224,1200
1610 100 3432,600,1224,1200
1611 100 3408,600,1224,1200
1612 100 3408,600,1224,1200
1613 100 3384,600,1224,1200
1614 100 3792,600,1224,1224
1615 100 3384,600,1224,1200
1616 100 3384,600,1224,1200
1617 100 3408,600,1224,1200
1618 100 3456,600,1224,1200
1619 100 3456,600,1224,1200
1620 100 3480,600,1224,1200
1621 100 3480,600,1224,1200
1622 100 3456,600,1224,1200
1623 100 3432,600,1224,1200
1624 100 24,600,1224,1224
1625 100 3576,624,1224,1200
1626 100 3456,624,1224,1200
1627 100 3624,624,1224,1224
1628 100 3432,648,1224,1200
1629 100 3360,648,1224,1200
1630 100 3360,648,1224,1200
1631 100 72,648,1224,1224
1632 100 3336,648,1224,1200
1633 100 48,648,1224,1224
1634 100 0,648,1224,1224
1635 100 3528,672,1224,1200
1636 100 3504,672,1224,1200
1637 100 3456,672,1224,1200
1638 100 3456,672,1224,1200
1639 100 3384,672,1224,1200
1640 100 120,672,1224,1224
1641 100 24,672,1224,1224
1642 100 3432,696,1224,1200
1643 100 3384,696,1224,1200
1644 100 3384,696,1224,1200
1645 100 3384,696,1224,1200
1646 100 3408,696,1224,1200
1647 100 3384,696,1224,1200
1648 100 3408,696,1224,1200
1649 100 3408,696,1224,1200
1650 100 3384,696,1224,1200
1651 100 3384,696,1224,1200
1652 100 3384,696,1224,1200
1653 100 3384,696,1224,1200
1654 100 3432,696,1224,1200
1655 100 3480,696,1224,1200
1656 100 24,672,1224,1224
1657 100 3384,672,1224,1200
1658 100 3408,672,1224,1200
1659 100 0,672,1224,1200
1660 100 24,672,1224,1200
1661 100 72,672,1224,1200
1662 100 72,672,1224,1200
1663 100 48,672,1224,1200
1664 100 48,672,1224,1200
1665 100 144,648,1224,1224
1666 100 0,648,1224,1200
1667 100 24,648,1224,1200
1668 100 48,648,1224,1200
1669 100 48,648,1224,1200
1670 100 72,648,1224,1200
1671 100 72,648,1224,1200
1672 100 48,648,1224,1200
1673 100 48,648,1224,1200
1674 100 48,648,1224,1200
1675 100 24,648,1224,1200
1676 100 48,648,1224,1200
1677 100 48,648,1224,1200
1678 100 24,648,1224,1200
1679 100 24,648,1224,1200
1680 100 24,648,1224,1200
1681 100 0,648,1224,1200
1682 100 0,648,1224,1200
1683 100 3384,648,1224,1200
1684 100 3384,648,1224,1200
1685 100 144,648,1224,1224
1686 100 96,648,1224,1224
1687 100 120,648,1224,1224
1688 100 96,648,1224,1224
1689 100 96,648,1224,1224
1690 100 168,648,1224,1224
1691 100 144,648,1224,1224
1692 100 24,648,1224,1200
1693 100 48,648,1224,1200
1694 100 24,648,1224,1224
1695 100 24,648,1224,1224
1696 100 24,648,1224,1224
1697 100 24,672,1224,1200
1698 100 24,672,1224,1200
1699 100 0,672,1224,1200
1700 100 0,672,1224,1200
1701 100 0,672,1224,1200
1702 100 72,672,1224,1224
1703 100 72,672,1224,1224
1704 100 72,696,1224,1200
1705 100 24,696,1224,1200
1706 100 24,696,1224,1200
1707 100 48,720,1224,1200
1708 100 24,720,1224,1200
1709 100 24,720,1224,1200
1710 100 0,720,1224,1200
1711 100 96,720,1224,1200
1712 100 48,720,1224,1200
1713 100 24,720,1224,1224
1714 100 24,720,1224,1224
1715 100 120,744,1224,1200
1716 100 96,744,1224,1200
1717 100 48,744,1224,1200
1718 100 0,744,1224,1224
1719 100 96,768,1224,1200
1720 100 48,768,1224,1200
1721 100 0,768,1224,1200
1722 100 3312,768,1224,1200
1723 100 3264,768,1224,1200
1724 100 3264,768,1224,1200
1725 100 3264,768,1224,1200
1726 100 168,768,1224,1224
1727 100 216,768,1224,1224
1728 100 3288,768,1224,1200
1729 100 3312,768,1224,1200
1730 100 24,768,1224,1200
1731 100 0,744,1224,1200
1732 100 0,720,1224,1224
1733 100 48,720,1224,1200
1734 100 0,696,1224,1200
1735 100 24,696,1224,1200
1736 100 24,672,1224,1224
1737 100 24,672,1224,1200
1738 100 24,672,1224,1200
1739 100 0,672,1224,1200
1740 100 24,672,1224,1200
1741 100 0,672,1224,1200
1742 100 0,672,1224,1200
1743 100 0,672,1224,1200
1744 100 0,672,1224,1200
1745 100 0,672,1224,1200
1746 100 0,672,1224,1200
1747 100 0,672,1224,1200
1748 100 0,672,1224,1200
1749 100 0,672,1224,1200
1750 100 24,672,1224,1200
1751 100 0,672,1224,1200
1752 100 0,672,1224,1200
1753 100 0,672,1224,1200
1754 100 0,672,1224,1200
1755 100 0,672,1224,1224
1756 100 0,672,1224,1224
1757 100 0,696,1224,1200
1758 100 0,696,1224,1200
1759 100 0,696,1224,1200
1760 100 0,696,1224,1200
1761 100 0,696,1224,1200
1762 100 0,696,1224,1200
1763 100 48,672,1224,1224
1764 100 48,672,1224,1200
1765 100 72,672,1224,1200
1766 100 96,672,1224,1200
1767 100 96,672,1224,1200
1768 100 96,672,1224,1200
1769 100 72,672,1224,1200
1770 100 72,672,1224,1224
1771 100 72,672,1224,1224
1772 100 72,672,1224,1224
1773 100 72,672,1224,1224
1774 100 72,672,1224,1224
1775 100 72,672,1224,1224
1776 100 96,672,1224,1224
1777 100 96,672,1224,1224
1778 100 96,672,1224,1224
1779 100 96,672,1224,1224
1780 100 96,672,1224,1224
1781 100 96,672,1224,1200
1782 100 96,672,1224,1224
1783 100 96,672,1224,1224
1784 100 96,672,1224,1224
1785 100 96,672,1224,1224
1786 100 96,672,1224,1224
1787 100 96,696,1224,1200
1788 100 96,696,1224,1200
1789 100 96,696,1224,1200
1790 100 96,696,1224,1200
1791 100 120,696,1224,1200
1792 100 120,696,1224,1200
1793 100 120,696,1224,1200
1794 100 120,696,1224,1200
1795 100 120,696,1224,1200
1796 100 120,696,1224,1200
1797 100 120,696,1224,1200
1798 100 120,696,1224,1200
