0 100 1992,552,1224,1200
1 100 1992,552,1224,1200
2 100 1992,552,1224,1200
3 100 1992,552,1224,1224
4 100 1992,552,1224,1224
5 100 1992,552,1224,1224
6 100 1992,552,1224,1200
7 100 1992,552,1224,1200
8 100 1992,552,1224,1200
9 100 1992,552,1224,1224
10 100 2016,552,1224,1200
11 100 2016,552,1224,1200
12 100 2016,552,1224,1200
13 100 1992,552,1224,1200
14 100 2016,552,1224,1200
15 100 2016,552,1224,1200
16 100 1992,528,1224,1200
17 100 1992,504,1224,1200
18 100 1944,456,1224,1200
19 100 1896,408,1224,1224
20 100 1824,384,1224,1200
21 100 1800,360,1224,1224
22 100 1752,336,1224,1224
23 100 1728,336,1224,1200
24 100 1704,312,1224,1200
25 100 1680,288,1224,1224
26 100 1656,288,1224,1200
27 100 1656,288,1224,1200
28 100 1656,288,1224,1200
29 100 1632,288,1224,1200
30 100 1632,288,1224,1200
31 100 1608,288,1224,1200
32 100 1608,288,1224,1200
33 100 1584,288,1224,1200
34 100 1560,288,1224,1200
35 100 1536,288,1224,1200
36 100 1512,288,1224,1200
37 100 1464,264,1224,1224
38 100 1440,264,1224,1224
39 100 1392,264,1224,1200
40 100 1368,240,1224,1224
41 100 1344,240,1224,1200
42 100 1320,216,1224,1224
43 100 1296,216,1224,1200
44 100 1272,192,1224,1224
45 100 1248,192,1224,1200
46 100 1248,192,1224,1200
47 100 1224,168,1224,1224
48 100 1224,168,1224,1224
49 100 1224,168,1224,1200
50 100 1224,168,1224,1200
51 100 1224,168,1224,1200
52 100 1224,168,1224,1200
53 100 1224,168,1224,1200
54 100 1200,168,1224,1200
55 100 1200,168,1224,1200
56 100 1200,168,1224,1200
57 100 1200,168,1224,1200
58 100 1200,168,1224,1200
59 100 1200,168,1224,1200
60 100 1200,168,1224,1200
61 100 1176,168,1224,1200
62 100 1176,168,1224,1200
63 100 1176,168,1224,1200
64 100 1176,168,1224,1200
65 100 1176,144,1224,1224
66 100 1176,168,1224,1200
67 100 1176,168,1224,1200
68 100 1200,168,1224,1200
69 100 1200,168,1224,1200
70 100 1200,168,1224,1224
71 100 1200,192,1224,1200
72 100 1200,192,1224,1200
73 100 1224,216,1224,1200
74 100 1224,240,1224,1200
75 100 1224,264,1224,1224
76 100 1248,312,1224,1200
77 100 1248,312,1224,1224
78 100 1248,336,1224,1200
79 100 1248,336,1224,1224
80 100 1248,360,1224,1200
81 100 1248,360,1224,1200
82 100 1224,384,1224,1200
83 100 1224,384,1224,1224
84 100 1200,408,1224,1200
85 100 1200,408,1224,1224
86 100 1200,432,1224,1200
87 100 1176,432,1224,1224
88 100 1176,432,1224,1224
89 100 1176,432,1224,1224
90 100 1176,432,1224,1224
91 100 1176,432,1224,1224
92 100 1176,456,1224,1200
93 100 1176,456,1224,1200
94 100 1176,456,1224,1200
95 100 1176,456,1224,1200
96 100 1200,456,1224,1200
97 100 1200,456,1224,1200
98 100 1200,456,1224,1200
99 100 1200,456,1224,1224
100 100 1224,480,1224,1200
101 100 1248,480,1224,1200
102 100 1248,480,1224,1200
103 100 1296,480,1224,1200
104 100 1320,480,1224,1224
105 100 1344,504,1224,1200
106 100 1392,504,1224,1200
107 100 1416,504,1224,1224
108 100 1440,528,1224,1200
109 100 1464,528,1224,1200
110 100 1488,528,1224,1200
111 100 1512,528,1224,1200
112 100 1512,528,1224,1224
113 100 1536,528,1224,1200
114 100 1560,528,1224,1224
115 100 1560,528,1224,1224
116 100 1584,528,1224,1200
117 100 1584,528,1224,1200
118 100 1584,504,1224,1200
119 100 1560,480,1224,1200
120 100 1488,432,1224,1200
121 100 1416,384,1224,1200
122 100 1368,336,1224,1224
123 100 1320,288,1224,1224
124 100 1296,288,1224,1200
125 100 1296,288,1224,1200
126 100 1296,264,1224,1224
127 100 1296,264,1224,1200
128 100 1296,240,1224,1224
129 100 1272,240,1224,1200
130 100 1272,240,1224,1200
131 100 1272,240,1224,1200
132 100 1272,240,1224,1224
133 100 1272,264,1224,1200
134 100 1272,264,1224,1200
135 100 1272,264,1224,1200
136 100 1272,240,1224,1224
137 100 1272,264,1224,1200
138 100 1272,264,1224,1200
139 100 1272,264,1224,1200
140 100 1272,264,1224,1200
141 100 1272,264,1224,1200
142 100 1272,264,1224,1200
143 100 1272,264,1224,1200
144 100 1272,264,1224,1200
145 100 1272,264,1224,1200
146 100 1272,264,1224,1200
147 100 1296,264,1224,1200
148 100 1296,264,1224,1200
149 100 1296,264,1224,1200
150 100 1296,264,1224,1200
151 100 1296,264,1224,1200
152 100 1296,264,1224,1200
153 100 1296,264,1224,1200
154 100 1296,264,1224,1200
155 100 1296,264,1224,1200
156 100 1296,264,1224,1200
157 100 1296,264,1224,1200
158 100 1296,264,1224,1200
159 100 1296,264,1224,1200
160 100 1296,264,1224,1200
161 100 1296,264,1224,1200
162 100 1296,264,1224,1200
163 100 1296,264,1224,1200
164 100 1296,264,1224,1200
165 100 1296,264,1224,1200
166 100 1296,264,1224,1200
167 100 1296,264,1224,1200
168 100 1296,264,1224,1200
169 100 1296,264,1224,1224
170 100 1296,264,1224,1224
171 100 1296,264,1224,1224
172 100 1296,264,1224,1224
173 100 1296,264,1224,1224
174 100 1296,264,1224,1224
175 100 1296,264,1224,1224
176 100 1320,264,1224,1224
177 100 1320,264,1224,1224
178 100 1320,264,1224,1224
179 100 1296,264,1224,1224
180 100 1320,264,1224,1224
181 100 1320,264,1224,1224
182 100 1320,264,1224,1224
183 100 1320,264,1224,1224
184 100 1296,288,1224,1200
185 100 1320,288,1224,1200
186 100 1296,288,1224,1200
187 100 1296,264,1224,1224
188 100 1296,264,1224,1224
189 100 1296,264,1224,1224
190 100 1320,264,1224,1224
191 100 1320,264,1224,1224
192 100 1320,264,1224,1224
193 100 1320,288,1224,1200
194 100 1320,288,1224,1200
195 100 1320,288,1224,1200
196 100 1320,288,1224,1200
197 100 1296,288,1224,1200
198 100 1320,288,1224,1200
199 100 1320,288,1224,1200
200 100 1320,288,1224,1200
201 100 1320,288,1224,1200
202 100 1320,288,1224,1200
203 100 1320,288,1224,1200
204 100 1320,288,1224,1200
205 100 1320,288,1224,1200
206 100 1344,288,1224,1200
207 100 1344,288,1224,1200
208 100 1344,288,1224,1224
209 100 1368,288,1224,1224
210 100 1392,312,1224,1200
211 100 1416,312,1224,1224
212 100 1440,336,1224,1200
213 100 1464,336,1224,1200
214 100 1488,360,1224,1200
215 100 1536,360,1224,1200
216 100 1584,384,1224,1200
217 100 1608,384,1224,1200
218 100 1632,384,1224,1200
219 100 1680,384,1224,1200
220 100 1704,384,1224,1200
221 100 1728,384,1224,1200
222 100 1752,384,1224,1224
223 100 1776,384,1224,1224
224 100 1776,408,1224,1200
225 100 1800,408,1224,1200
226 100 1824,408,1224,1200
227 100 1824,408,1224,1200
228 100 1848,408,1224,1200
229 100 1872,408,1224,1200
230 100 1872,408,1224,1200
231 100 1896,408,1224,1200
232 100 1920,408,1224,1200
233 100 1920,408,1224,1200
234 100 1944,408,1224,1200
235 100 1944,408,1224,1200
236 100 1968,408,1224,1200
237 100 1992,408,1224,1200
238 100 2016,408,1224,1200
239 100 2016,408,1224,1200
240 100 2040,408,1224,1200
241 100 2064,408,1224,1200
242 100 2064,408,1224,1200
243 100 2088,384,1224,1224
244 100 2112,384,1224,1200
245 100 2136,360,1224,1224
246 100 2136,360,1224,1200
247 100 2160,360,1224,1200
248 100 2160,336,1224,1200
249 100 2184,336,1224,1200
250 100 2184,312,1224,1224
251 100 2184,312,1224,1200
252 100 2184,312,1224,1200
253 100 2184,288,1224,1224
254 100 2184,288,1224,1200
255 100 2184,288,1224,1200
256 100 2160,264,1224,1200
257 100 2160,264,1224,1200
258 100 2160,240,1224,1224
259 100 2160,240,1224,1200
260 100 2160,240,1224,1200
261 100 2136,216,1224,1224
262 100 2136,216,1224,1224
263 100 2136,216,1224,1224
264 100 2136,216,1224,1224
265 100 2160,216,1224,1224
266 100 2160,240,1224,1200
267 100 2160,240,1224,1200
268 100 2160,240,1224,1200
269 100 2160,240,1224,1200
270 100 2160,240,1224,1200
271 100 2160,240,1224,1200
272 100 2184,240,1224,1224
273 100 2184,240,1224,1224
274 100 2184,264,1224,1200
275 100 2208,264,1224,1200
276 100 2208,288,1224,1200
277 100 2232,288,1224,1224
278 100 2280,336,1224,1200
279 100 2304,360,1224,1200
280 100 2352,384,1224,1200
281 100 2376,384,1224,1200
282 100 2400,408,1224,1200
283 100 2424,432,1224,1200
284 100 2448,432,1224,1200
285 100 2472,456,1224,1200
286 100 2496,480,1224,1200
287 100 2496,504,1224,1200
288 100 2496,528,1224,1200
289 100 2520,528,1224,1200
290 100 2520,528,1224,1200
291 100 2520,528,1224,1200
292 100 2520,528,1224,1200
293 100 2520,528,1224,1200
294 100 2520,528,1224,1200
295 100 2496,528,1224,1200
296 100 2496,528,1224,1200
297 100 2496,528,1224,1200
298 100 2496,528,1224,1200
299 100 2496,528,1224,1200
300 100 2496,528,1224,1200
301 100 2496,528,1224,1200
302 100 2496,528,1224,1200
303 100 2496,528,1224,1200
304 100 2496,528,1224,1200
305 100 2496,528,1224,1200
306 100 2496,528,1224,1200
307 100 2472,528,1224,1200
308 100 2472,528,1224,1200
309 100 2448,528,1224,1224
310 100 2424,552,1224,1200
311 100 2400,552,1224,1200
312 100 2352,552,1224,1224
313 100 2328,576,1224,1200
314 100 2304,576,1224,1200
315 100 2280,576,1224,1200
316 100 2232,600,1224,1200
317 100 2232,600,1224,1200
318 100 2184,600,1224,1200
319 100 2160,600,1224,1200
320 100 2136,600,1224,1224
321 100 2112,600,1224,1224
322 100 2112,624,1224,1200
323 100 2088,624,1224,1200
324 100 2064,624,1224,1200
325 100 2064,624,1224,1200
326 100 2064,624,1224,1200
327 100 2064,624,1224,1200
328 100 2064,624,1224,1200
329 100 2064,624,1224,1200
330 100 2040,624,1224,1200
331 100 2040,624,1224,1200
332 100 2040,624,1224,1200
333 100 2040,624,1224,1200
334 100 2040,624,1224,1200
335 100 2040,624,1224,1200
336 100 2040,624,1224,1200
337 100 2040,624,1224,1200
338 100 2040,624,1224,1200
339 100 2040,624,1224,1200
340 100 2040,624,1224,1200
341 100 2040,624,1224,1200
342 100 2040,600,1224,1224
343 100 2040,600,1224,1224
344 100 2040,600,1224,1224
345 100 2040,600,1224,1200
346 100 2040,600,1224,1200
347 100 2040,600,1224,1200
348 100 2064,600,1224,1200
349 100 2064,600,1224,1200
350 100 2064,600,1224,1200
351 100 2064,600,1224,1200
352 100 2064,600,1224,1200
353 100 2064,600,1224,1200
354 100 2064,600,1224,1200
355 100 2064,600,1224,1200
356 100 2064,600,1224,1200
357 100 2064,600,1224,1200
358 100 2064,600,1224,1200
359 100 2064,600,1224,1200
360 100 2064,576,1224,1224
361 100 2064,600,1224,1200
362 100 2064,600,1224,1200
363 100 2064,600,1224,1200
364 100 2064,600,1224,1200
365 100 2064,576,1224,1224
366 100 2064,576,1224,1224
367 100 2064,576,1224,1224
368 100 2064,576,1224,1224
369 100 2064,576,1224,1200
370 100 2064,576,1224,1200
371 100 2064,576,1224,1200
372 100 2064,576,1224,1200
373 100 2064,576,1224,1200
374 100 2064,576,1224,1200
375 100 2064,576,1224,1200
376 100 2064,576,1224,1200
377 100 2064,576,1224,1200
378 100 2064,576,1224,1200
379 100 2040,576,1224,1200
380 100 2016,576,1224,1200
381 100 1992,576,1224,1200
382 100 1968,576,1224,1200
383 100 1944,576,1224,1200
384 100 1944,576,1224,1200
385 100 1944,552,1224,1224
386 100 1920,552,1224,1224
387 100 1920,552,1224,1200
388 100 1920,552,1224,1200
389 100 1920,552,1224,1200
390 100 1920,552,1224,1224
391 100 1920,552,1224,1200
392 100 1920,552,1224,1200
393 100 1920,552,1224,1200
394 100 1920,552,1224,1200
395 100 1920,552,1224,1200
396 100 1920,552,1224,1200
397 100 1920,552,1224,1200
398 100 1920,552,1224,1200
399 100 1920,552,1224,1200
400 100 1920,552,1224,1200
401 100 1920,552,1224,1200
402 100 1920,552,1224,1200
403 100 1920,552,1224,1200
404 100 1920,552,1224,1200
405 100 1920,552,1224,1200
406 100 1920,552,1224,1224
407 100 1920,552,1224,1200
408 100 1920,552,1224,1200
409 100 1920,552,1224,1200
410 100 1920,552,1224,1200
411 100 1920,552,1224,1200
412 100 1920,552,1224,1200
413 100 1920,552,1224,1200
414 100 1896,552,1224,1200
415 100 1896,552,1224,1200
416 100 1896,552,1224,1200
417 100 1896,552,1224,1200
418 100 1896,552,1224,1200
419 100 1896,552,1224,1200
420 100 1896,552,1224,1200
421 100 1896,552,1224,1200
422 100 1896,552,1224,1200
423 100 1896,552,1224,1200
424 100 1896,552,1224,1200
425 100 1896,552,1224,1200
426 100 1896,552,1224,1200
427 100 1896,552,1224,1200
428 100 1896,552,1224,1200
429 100 1920,552,1224,1200
430 100 1920,552,1224,1200
431 100 1944,528,1224,1224
432 100 1968,528,1224,1224
433 100 1992,528,1224,1200
434 100 2016,528,1224,1200
435 100 2064,528,1224,1200
436 100 2064,528,1224,1200
437 100 2088,528,1224,1200
438 100 2088,528,1224,1200
439 100 2088,528,1224,1200
440 100 2088,528,1224,1200
441 100 2088,504,1224,1224
442 100 2088,504,1224,1200
443 100 2088,504,1224,1200
444 100 2088,480,1224,1224
445 100 2064,480,1224,1200
446 100 2064,480,1224,1200
447 100 2064,456,1224,1224
448 100 2064,480,1224,1200
449 100 2064,480,1224,1200
450 100 2064,480,1224,1200
451 100 2064,480,1224,1200
452 100 2064,480,1224,1200
453 100 2064,480,1224,1200
454 100 2064,480,1224,1200
455 100 2064,480,1224,1200
456 100 2064,480,1224,1200
457 100 2064,480,1224,1200
458 100 2040,480,1224,1200
459 100 2040,480,1224,1200
460 100 2040,480,1224,1200
461 100 2040,480,1224,1200
462 100 2040,480,1224,1200
463 100 2040,480,1224,1200
464 100 2040,480,1224,1200
465 100 2040,480,1224,1200
466 100 2040,480,1224,1200
467 100 2016,480,1224,1200
468 100 2016,480,1224,1200
469 100 2016,480,1224,1200
470 100 1992,480,1224,1200
471 100 1992,480,1224,1200
472 100 1992,480,1224,1200
473 100 1968,480,1224,1200
474 100 1968,480,1224,1200
475 100 1968,480,1224,1200
476 100 1968,480,1224,1200
477 100 1968,480,1224,1200
478 100 1968,456,1224,1224
479 100 1968,456,1224,1224
480 100 1968,456,1224,1224
481 100 1968,456,1224,1200
482 100 1968,456,1224,1200
483 100 1968,456,1224,1200
484 100 1968,456,1224,1200
485 100 1968,456,1224,1200
486 100 1968,456,1224,1200
487 100 1968,456,1224,1200
488 100 1968,456,1224,1200
489 100 1968,456,1224,1200
490 100 1968,456,1224,1200
491 100 1968,456,1224,1200
492 100 1968,456,1224,1200
493 100 1968,456,1224,1200
494 100 1968,456,1224,1200
495 100 1968,456,1224,1200
496 100 1968,456,1224,1200
497 100 1968,456,1224,1200
498 100 1968,456,1224,1200
499 100 1968,456,1224,1200
500 100 1968,456,1224,1200
501 100 1968,456,1224,1200
502 100 1968,456,1224,1200
503 100 1944,456,1224,1200
504 100 1944,456,1224,1200
505 100 1944,456,1224,1200
506 100 1944,456,1224,1200
507 100 1920,432,1224,1224
508 100 1920,432,1224,1200
509 100 1896,432,1224,1200
510 100 1896,408,1224,1224
511 100 1872,408,1224,1200
512 100 1872,408,1224,1200
513 100 1848,408,1224,1200
514 100 1824,408,1224,1200
515 100 1800,408,1224,1200
516 100 1776,408,1224,1200
517 100 1752,408,1224,1200
518 100 1728,384,1224,1224
519 100 1680,384,1224,1224
520 100 1656,384,1224,1224
521 100 1608,384,1224,1224
522 100 1584,384,1224,1224
523 100 1560,384,1224,1224
524 100 1536,384,1224,1224
525 100 1512,384,1224,1224
526 100 1488,384,1224,1224
527 100 1464,384,1224,1224
528 100 1440,384,1224,1224
529 100 1416,384,1224,1224
530 100 1392,384,1224,1224
531 100 1368,384,1224,1224
532 100 1320,384,1224,1224
533 100 1296,384,1224,1224
534 100 1272,384,1224,1224
535 100 1248,384,1224,1224
536 100 1224,384,1224,1224
537 100 1176,408,1224,1200
538 100 1128,408,1224,1200
539 100 1104,408,1224,1200
540 100 1080,408,1224,1200
541 100 1080,408,1224,1200
542 100 1056,408,1224,1200
543 100 1056,408,1224,1224
544 100 1056,432,1224,1200
545 100 1032,432,1224,1200
546 100 1032,432,1224,1200
547 100 1032,432,1224,1200
548 100 1008,432,1224,1200
549 100 1008,432,1224,1200
550 100 1008,432,1224,1200
551 100 1008,432,1224,1200
552 100 1008,432,1224,1200
553 100 1008,432,1224,1200
554 100 1008,432,1224,1224
555 100 1008,432,1224,1224
556 100 1008,432,1224,1224
557 100 1008,432,1224,1224
558 100 1008,432,1224,1224
559 100 1008,432,1224,1224
560 100 1032,432,1224,1224
561 100 1032,432,1224,1224
562 100 1032,456,1224,1200
563 100 1032,456,1224,1200
564 100 1032,456,1224,1200
565 100 1032,456,1224,1200
566 100 1032,456,1224,1200
567 100 1032,456,1224,1200
568 100 1032,456,1224,1200
569 100 1032,456,1224,1200
570 100 1032,456,1224,1200
571 100 1032,456,1224,1200
572 100 1032,456,1224,1200
573 100 1032,456,1224,1200
574 100 1032,456,1224,1200
575 100 1032,456,1224,1200
576 100 1056,432,1224,1224
577 100 1056,432,1224,1200
578 100 1080,432,1224,1200
579 100 1080,408,1224,1224
580 100 1104,408,1224,1200
581 100 1104,384,1224,1200
582 100 1104,360,1224,1200
583 100 1104,360,1224,1200
584 100 1104,336,1224,1200
585 100 1104,336,1224,1200
586 100 1104,312,1224,1200
587 100 1104,312,1224,1200
588 100 1104,312,1224,1200
589 100 1104,312,1224,1200
590 100 1104,312,1224,1200
591 100 1104,312,1224,1200
592 100 1104,312,1224,1200
593 100 1104,312,1224,1200
594 100 1104,312,1224,1200
595 100 1128,312,1224,1200
596 100 1128,288,1224,1224
597 100 1128,288,1224,1224
598 100 1128,288,1224,1224
599 100 1152,288,1224,1200
600 100 1152,288,1224,1200
601 100 1152,288,1224,1200
602 100 1152,288,1224,1200
603 100 1176,288,1224,1200
604 100 1176,288,1224,1200
605 100 1176,288,1224,1200
606 100 1176,288,1224,1200
607 100 1176,288,1224,1200
608 100 1200,288,1224,1200
609 100 1200,288,1224,1200
610 100 1200,288,1224,1200
611 100 1200,288,1224,1200
612 100 1200,288,1224,1200
613 100 1200,288,1224,1200
614 100 1224,288,1224,1200
615 100 1224,288,1224,1200
616 100 1224,288,1224,1200
617 100 1224,288,1224,1200
618 100 1224,288,1224,1200
619 100 1224,288,1224,1200
620 100 1224,288,1224,1200
621 100 1224,288,1224,1200
622 100 1224,288,1224,1200
623 100 1224,288,1224,1200
624 100 1224,288,1224,1200
625 100 1248,288,1224,1200
626 100 1248,288,1224,1200
627 100 1224,288,1224,1200
628 100 1248,288,1224,1200
629 100 1248,288,1224,1200
630 100 1248,288,1224,1200
631 100 1248,288,1224,1200
632 100 1248,288,1224,1200
633 100 1248,288,1224,1200
634 100 1248,288,1224,1200
635 100 1248,288,1224,1200
636 100 1248,288,1224,1200
637 100 1248,288,1224,1200
638 100 1248,288,1224,1200
639 100 1248,288,1224,1200
640 100 1248,288,1224,1200
641 100 1248,288,1224,1200
642 100 1248,288,1224,1200
643 100 1248,288,1224,1200
644 100 1248,288,1224,1200
645 100 1248,288,1224,1200
646 100 1248,288,1224,1200
647 100 1248,288,1224,1224
648 100 1248,288,1224,1200
649 100 1248,288,1224,1224
650 100 1248,288,1224,1224
651 100 1248,288,1224,1224
652 100 1248,288,1224,1224
653 100 1248,288,1224,1224
654 100 1248,288,1224,1224
655 100 1248,288,1224,1224
656 100 1248,288,1224,1224
657 100 1248,312,1224,1200
658 100 1248,312,1224,1200
659 100 1248,312,1224,1200
660 100 1248,312,1224,1200
661 100 1248,312,1224,1200
662 100 1272,312,1224,1200
663 100 1272,312,1224,1200
664 100 1272,312,1224,1200
665 100 1272,312,1224,1200
666 100 1272,312,1224,1224
667 100 1296,336,1224,1200
668 100 1320,336,1224,1224
669 100 1344,360,1224,1200
670 100 1368,360,1224,1200
671 100 1392,384,1224,1200
672 100 1416,384,1224,1200
673 100 1440,384,1224,1224
674 100 1440,384,1224,1224
675 100 1440,384,1224,1224
676 100 1440,408,1224,1200
677 100 1440,408,1224,1200
678 100 1440,408,1224,1200
679 100 1440,408,1224,1200
680 100 1440,408,1224,1224
681 100 1440,432,1224,1200
682 100 1440,432,1224,1200
683 100 1440,432,1224,1224
684 100 1440,432,1224,1224
685 100 1416,456,1224,1200
686 100 1392,456,1224,1200
687 100 1368,456,1224,1224
688 100 1368,480,1224,1200
689 100 1344,456,1224,1224
690 100 1344,480,1224,1200
691 100 1320,480,1224,1200
692 100 1320,480,1224,1200
693 100 1320,480,1224,1224
694 100 1296,504,1224,1200
695 100 1296,504,1224,1200
696 100 1272,504,1224,1224
697 100 1248,528,1224,1200
698 100 1248,528,1224,1200
699 100 1248,528,1224,1200
700 100 1248,528,1224,1200
701 100 1248,528,1224,1200
702 100 1248,528,1224,1224
703 100 1248,528,1224,1224
704 100 1248,552,1224,1200
705 100 1248,552,1224,1200
706 100 1248,552,1224,1224
707 100 1248,552,1224,1224
708 100 1248,552,1224,1224
709 100 1248,576,1224,1200
710 100 1248,576,1224,1200
711 100 1248,576,1224,1224
712 100 1248,600,1224,1200
713 100 1248,600,1224,1200
714 100 1248,600,1224,1200
715 100 1248,600,1224,1200
716 100 1248,600,1224,1200
717 100 1248,600,1224,1200
718 100 1248,600,1224,1200
719 100 1248,600,1224,1200
720 100 1224,600,1224,1200
721 100 1224,600,1224,1200
722 100 1248,600,1224,1200
723 100 1248,600,1224,1200
724 100 1248,600,1224,1200
725 100 1248,600,1224,1200
726 100 1248,600,1224,1200
727 100 1248,600,1224,1200
728 100 1248,600,1224,1200
729 100 1272,600,1224,1200
730 100 1272,600,1224,1200
731 100 1296,600,1224,1200
732 100 1320,600,1224,1200
733 100 1320,600,1224,1200
734 100 1320,600,1224,1224
735 100 1320,624,1224,1200
736 100 1320,624,1224,1200
737 100 1320,624,1224,1200
738 100 1320,624,1224,1224
739 100 1320,648,1224,1200
740 100 1320,648,1224,1200
741 100 1320,648,1224,1200
742 100 1320,648,1224,1200
743 100 1320,648,1224,1200
744 100 1320,648,1224,1200
745 100 1320,648,1224,1200
746 100 1320,648,1224,1224
747 100 1320,648,1224,1224
748 100 1296,672,1224,1200
749 100 1296,672,1224,1224
750 100 1296,696,1224,1200
751 100 1296,720,1224,1200
752 100 1296,720,1224,1224
753 100 1296,744,1224,1200
754 100 1296,744,1224,1200
755 100 1272,744,1224,1224
756 100 1272,744,1224,1224
757 100 1272,768,1224,1200
758 100 1272,768,1224,1200
759 100 1272,768,1224,1200
760 100 1272,768,1224,1224
761 100 1272,792,1224,1200
762 100 1272,792,1224,1200
763 100 1272,792,1224,1224
764 100 1272,792,1224,1224
765 100 1272,816,1224,1200
766 100 1272,816,1224,1200
767 100 1272,816,1224,1200
768 100 1272,816,1224,1200
769 100 1272,816,1224,1200
770 100 1272,816,1224,1224
771 100 1272,840,1224,1200
772 100 1272,840,1224,1200
773 100 1272,840,1224,1200
774 100 1296,840,1224,1200
775 100 1296,840,1224,1200
776 100 1296,840,1224,1200
777 100 1296,840,1224,1200
778 100 1296,840,1224,1200
779 100 1296,840,1224,1200
780 100 1296,840,1224,1224
781 100 1272,864,1224,1200
782 100 1272,864,1224,1200
783 100 1248,864,1224,1200
784 100 1224,864,1224,1200
785 100 1200,864,1224,1200
786 100 1176,864,1224,1200
787 100 1152,864,1224,1200
788 100 1128,864,1224,1200
789 100 1128,864,1224,1200
790 100 1104,864,1224,1224
791 100 1104,864,1224,1224
792 100 1080,864,1224,1224
793 100 1080,864,1224,1224
794 100 1080,864,1224,1224
795 100 1056,864,1224,1224
796 100 1056,864,1224,1224
797 100 1056,864,1224,1224
798 100 1056,864,1224,1224
799 100 1056,864,1224,1224
800 100 1032,888,1224,1200
801 100 1056,888,1224,1200
802 100 1056,888,1224,1200
803 100 1056,864,1224,1224
804 100 1056,864,1224,1224
805 100 1056,864,1224,1224
806 100 1056,864,1224,1224
807 100 1056,888,1224,1200
808 100 1080,888,1224,1200
809 100 1080,864,1224,1224
810 100 1080,888,1224,1200
811 100 1080,888,1224,1200
812 100 1080,888,1224,1200
813 100 1080,888,1224,1200
814 100 1080,888,1224,1200
815 100 1080,888,1224,1200
816 100 1080,888,1224,1200
817 100 1080,888,1224,1200
818 100 1080,888,1224,1200
819 100 1080,888,1224,1200
820 100 1104,888,1224,1200
821 100 1104,864,1224,1224
822 100 1104,888,1224,1200
823 100 1104,888,1224,1200
824 100 1104,888,1224,1200
825 100 1104,864,1224,1224
826 100 1104,864,1224,1224
827 100 1104,864,1224,1224
828 100 1104,888,1224,1200
829 100 1128,888,1224,1200
830 100 1128,888,1224,1200
831 100 1128,888,1224,1200
832 100 1128,888,1224,1200
833 100 1128,888,1224,1200
834 100 1128,888,1224,1200
835 100 1128,888,1224,1200
836 100 1128,888,1224,1200
837 100 1128,888,1224,1200
838 100 1128,888,1224,1200
839 100 1128,888,1224,1200
840 100 1128,888,1224,1200
841 100 1152,888,1224,1200
842 100 1128,888,1224,1200
843 100 1152,864,1224,1224
844 100 1152,864,1224,1224
845 100 1152,864,1224,1224
846 100 1152,864,1224,1224
847 100 1152,888,1224,1200
848 100 1152,888,1224,1200
849 100 1152,888,1224,1200
850 100 1152,888,1224,1200
851 100 1152,888,1224,1200
852 100 1152,888,1224,1200
853 100 1152,888,1224,1200
854 100 1152,888,1224,1200
855 100 1152,888,1224,1200
856 100 1176,888,1224,1200
857 100 1176,888,1224,1200
858 100 1176,888,1224,1200
859 100 1176,888,1224,1200
860 100 1176,888,1224,1200
861 100 1176,888,1224,1200
862 100 1176,888,1224,1200
863 100 1200,888,1224,1200
864 100 1200,888,1224,1200
865 100 1224,888,1224,1224
866 100 1224,888,1224,1224
867 100 1248,888,1224,1224
868 100 1248,888,1224,1224
869 100 1248,888,1224,1224
870 100 1248,912,1224,1200
871 100 1248,912,1224,1200
872 100 1272,912,1224,1200
873 100 1272,912,1224,1200
874 100 1272,912,1224,1200
875 100 1272,912,1224,1200
876 100 1296,912,1224,1200
877 100 1296,912,1224,1200
878 100 1296,912,1224,1200
879 100 1296,912,1224,1200
880 100 1296,912,1224,1200
881 100 1296,912,1224,1200
882 100 1296,912,1224,1200
883 100 1296,912,1224,1200
884 100 1320,912,1224,1200
885 100 1320,912,1224,1200
886 100 1320,912,1224,1200
887 100 1320,912,1224,1200
888 100 1320,912,1224,1200
889 100 1344,912,1224,1200
890 100 1344,912,1224,1200
891 100 1344,912,1224,1200
892 100 1344,912,1224,1200
893 100 1344,912,1224,1224
894 100 1344,912,1224,1224
895 100 1368,912,1224,1224
896 100 1368,912,1224,1224
897 100 1368,912,1224,1224
898 100 1392,912,1224,1224
899 100 1392,912,1224,1224
900 100 1392,912,1224,1224
901 100 1392,912,1224,1224
902 100 1392,912,1224,1224
903 100 1392,912,1224,1224
904 100 1416,912,1224,1224
905 100 1416,912,1224,1224
906 100 1416,936,1224,1200
907 100 1392,936,1224,1200
908 100 1392,936,1224,1200
909 100 1392,936,1224,1200
910 100 1392,936,1224,1200
911 100 1392,936,1224,1200
912 100 1392,936,1224,1200
913 100 1392,936,1224,1200
914 100 1392,936,1224,1200
915 100 1368,936,1224,1200
916 100 1368,936,1224,1200
917 100 1368,936,1224,1200
918 100 1368,936,1224,1200
919 100 1368,936,1224,1200
920 100 1368,936,1224,1200
921 100 1368,936,1224,1200
922 100 1344,936,1224,1224
923 100 1344,936,1224,1200
924 100 1344,936,1224,1200
925 100 1344,936,1224,1200
926 100 1344,936,1224,1200
927 100 1320,936,1224,1200
928 100 1320,936,1224,1200
929 100 1320,936,1224,1200
930 100 1296,936,1224,1200
931 100 1296,936,1224,1200
932 100 1296,936,1224,1200
933 100 1296,936,1224,1200
934 100 1272,936,1224,1200
935 100 1272,912,1224,1224
936 100 1272,936,1224,1200
937 100 1272,936,1224,1200
938 100 1272,912,1224,1224
939 100 1272,912,1224,1224
940 100 1272,912,1224,1224
941 100 1272,912,1224,1224
942 100 1272,912,1224,1224
943 100 1272,912,1224,1224
944 100 1272,912,1224,1224
945 100 1272,912,1224,1224
946 100 1272,912,1224,1224
947 100 1272,912,1224,1224
948 100 1272,912,1224,1224
949 100 1272,912,1224,1224
950 100 1272,912,1224,1224
951 100 1272,912,1224,1224
952 100 1272,912,1224,1200
953 100 1272,912,1224,1224
954 100 1272,912,1224,1224
955 100 1272,912,1224,1224
956 100 1296,912,1224,1200
957 100 1296,912,1224,1224
958 100 1296,912,1224,1224
959 100 1296,912,1224,1224
960 100 1296,912,1224,1224
961 100 1296,912,1224,1224
962 100 1296,912,1224,1200
963 100 1296,912,1224,1200
964 100 1296,912,1224,1200
965 100 1296,912,1224,1200
966 100 1296,912,1224,1200
967 100 1320,912,1224,1200
968 100 1344,888,1224,1200
969 100 1368,864,1224,1224
970 100 1392,840,1224,1200
971 100 1440,816,1224,1200
972 100 1464,768,1224,1200
973 100 1488,744,1224,1224
974 100 1512,720,1224,1224
975 100 1512,720,1224,1200
976 100 1536,720,1224,1200
977 100 1536,696,1224,1224
978 100 1536,696,1224,1224
979 100 1560,696,1224,1200
980 100 1560,672,1224,1224
981 100 1584,672,1224,1200
982 100 1584,672,1224,1200
983 100 1584,648,1224,1224
984 100 1608,648,1224,1200
985 100 1608,624,1224,1224
986 100 1632,624,1224,1200
987 100 1632,624,1224,1200
988 100 1656,600,1224,1224
989 100 1656,600,1224,1200
990 100 1656,600,1224,1200
991 100 1680,576,1224,1224
992 100 1680,576,1224,1200
993 100 1680,576,1224,1200
994 100 1680,576,1224,1200
995 100 1704,552,1224,1224
996 100 1704,552,1224,1200
997 100 1704,552,1224,1200
998 100 1704,528,1224,1224
999 100 1728,528,1224,1200
1000 100 1728,528,1224,1200
1001 100 1728,504,1224,1224
1002 100 1728,504,1224,1224
1003 100 1752,504,1224,1200
1004 100 1752,504,1224,1200
1005 100 1752,504,1224,1200
1006 100 1752,504,1224,1200
1007 100 1776,504,1224,1200
1008 100 1776,504,1224,1200
1009 100 1800,480,1224,1224
1010 100 1800,504,1224,1200
1011 100 1824,480,1224,1224
1012 100 1824,480,1224,1224
1013 100 1848,480,1224,1224
1014 100 1848,480,1224,1224
1015 100 1848,480,1224,1200
1016 100 1872,480,1224,1200
1017 100 1872,480,1224,1224
1018 100 1896,480,1224,1224
1019 100 1896,480,1224,1224
1020 100 1920,480,1224,1224
1021 100 1944,480,1224,1224
1022 100 1944,480,1224,1224
1023 100 1968,480,1224,1224
1024 100 1992,480,1224,1224
1025 100 2016,480,1224,1224
1026 100 2016,480,1224,1224
1027 100 2040,480,1224,1224
1028 100 2064,504,1224,1200
1029 100 2088,480,1224,1224
1030 100 2112,504,1224,1200
1031 100 2112,480,1224,1224
1032 100 2136,504,1224,1200
1033 100 2160,504,1224,1200
1034 100 2184,504,1224,1200
1035 100 2208,504,1224,1200
1036 100 2232,504,1224,1200
1037 100 2256,504,1224,1224
1038 100 2280,504,1224,1224
1039 100 2304,528,1224,1200
1040 100 2304,528,1224,1200
1041 100 2328,528,1224,1200
1042 100 2352,528,1224,1200
1043 100 2376,528,1224,1224
1044 100 2400,552,1224,1200
1045 100 2400,552,1224,1200
1046 100 2424,552,1224,1200
1047 100 2448,552,1224,1200
1048 100 2472,552,1224,1200
1049 100 2496,552,1224,1200
1050 100 2496,552,1224,1200
1051 100 2520,552,1224,1200
1052 100 2568,552,1224,1200
1053 100 2592,552,1224,1200
1054 100 2616,528,1224,1224
1055 100 2640,528,1224,1200
1056 100 2664,528,1224,1200
1057 100 2664,528,1224,1200
1058 100 2664,504,1224,1224
1059 100 2664,504,1224,1200
1060 100 2688,504,1224,1200
1061 100 2688,504,1224,1200
1062 100 2688,504,1224,1200
1063 100 2664,504,1224,1224
1064 100 2664,504,1224,1224
1065 100 2664,504,1224,1224
1066 100 2664,528,1224,1200
1067 100 2688,528,1224,1200
1068 100 2688,528,1224,1200
1069 100 2664,528,1224,1200
1070 100 2664,528,1224,1200
1071 100 2664,528,1224,1200
1072 100 2664,528,1224,1200
1073 100 2664,528,1224,1200
1074 100 2664,504,1224,1224
1075 100 2664,528,1224,1200
1076 100 2640,528,1224,1200
1077 100 2640,528,1224,1200
1078 100 2640,504,1224,1224
1079 100 2640,528,1224,1200
1080 100 2640,528,1224,1200
1081 100 2640,528,1224,1200
1082 100 2640,528,1224,1200
1083 100 2640,504,1224,1224
1084 100 2616,504,1224,1224
1085 100 2616,504,1224,1224
1086 100 2616,504,1224,1224
1087 100 2616,504,1224,1224
1088 100 2592,504,1224,1224
1089 100 2592,504,1224,1224
1090 100 2592,504,1224,1224
1091 100 2592,504,1224,1224
1092 100 2592,504,1224,1224
1093 100 2568,528,1224,1200
1094 100 2568,528,1224,1200
1095 100 2568,528,1224,1200
1096 100 2568,528,1224,1200
1097 100 2568,528,1224,1200
1098 100 2568,528,1224,1200
1099 100 2568,528,1224,1200
1100 100 2568,528,1224,1200
1101 100 2568,528,1224,1200
1102 100 2568,528,1224,1200
1103 100 2568,528,1224,1200
1104 100 2544,528,1224,1200
1105 100 2544,528,1224,1200
1106 100 2544,528,1224,1224
1107 100 2544,528,1224,1224
1108 100 2544,528,1224,1224
1109 100 2544,528,1224,1224
1110 100 2544,528,1224,1224
1111 100 2544,528,1224,1224
1112 100 2544,528,1224,1224
1113 100 2544,528,1224,1224
1114 100 2544,528,1224,1224
1115 100 2544,528,1224,1224
1116 100 2544,528,1224,1224
1117 100 2520,528,1224,1224
1118 100 2520,528,1224,1224
1119 100 2520,528,1224,1224
1120 100 2520,552,1224,1200
1121 100 2520,528,1224,1224
1122 100 2520,552,1224,1200
1123 100 2520,552,1224,1200
1124 100 2520,528,1224,1224
1125 100 2520,552,1224,1200
1126 100 2520,552,1224,1200
1127 100 2520,552,1224,1200
1128 100 2520,552,1224,1200
1129 100 2520,552,1224,1200
1130 100 2520,552,1224,1200
1131 100 2520,528,1224,1224
1132 100 2520,528,1224,1224
1133 100 2520,552,1224,1200
1134 100 2520,552,1224,1200
1135 100 2496,552,1224,1200
1136 100 2496,552,1224,1200
1137 100 2496,552,1224,1200
1138 100 2496,552,1224,1200
1139 100 2496,552,1224,1200
1140 100 2496,552,1224,1200
1141 100 2496,552,1224,1200
1142 100 2472,552,1224,1200
1143 100 2472,552,1224,1200
1144 100 2448,552,1224,1200
1145 100 2400,552,1224,1200
1146 100 2376,552,1224,1200
1147 100 2304,552,1224,1200
1148 100 2232,552,1224,1200
1149 100 2184,552,1224,1200
1150 100 2112,528,1224,1224
1151 100 2088,552,1224,1200
1152 100 2016,528,1224,1224
1153 100 1992,528,1224,1224
1154 100 1968,528,1224,1224
1155 100 1944,528,1224,1224
1156 100 1920,528,1224,1200
1157 100 1896,528,1224,1200
1158 100 1872,528,1224,1200
1159 100 1848,528,1224,1224
1160 100 1800,528,1224,1224
1161 100 1776,528,1224,1224
1162 100 1752,552,1224,1200
1163 100 1728,552,1224,1200
1164 100 1704,552,1224,1200
1165 100 1680,552,1224,1200
1166 100 1656,552,1224,1200
1167 100 1656,552,1224,1200
1168 100 1632,552,1224,1200
1169 100 1608,528,1224,1224
1170 100 1608,528,1224,1224
1171 100 1584,528,1224,1224
1172 100 1584,528,1224,1224
1173 100 1584,528,1224,1224
1174 100 1560,528,1224,1224
1175 100 1560,528,1224,1224
1176 100 1560,528,1224,1224
1177 100 1560,528,1224,1224
1178 100 1560,528,1224,1224
1179 100 1560,528,1224,1224
1180 100 1560,528,1224,1224
1181 100 1560,528,1224,1224
1182 100 1560,528,1224,1224
1183 100 1560,552,1224,1200
1184 100 1560,552,1224,1200
1185 100 1560,552,1224,1200
1186 100 1560,552,1224,1200
1187 100 1584,552,1224,1200
1188 100 1584,528,1224,1224
1189 100 1584,528,1224,1224
1190 100 1584,528,1224,1224
1191 100 1584,528,1224,1224
1192 100 1584,528,1224,1224
1193 100 1584,528,1224,1224
1194 100 1584,528,1224,1224
1195 100 1584,528,1224,1224
1196 100 1584,528,1224,1224
1197 100 1584,528,1224,1224
1198 100 1584,528,1224,1224
1199 100 1584,528,1224,1224
1200 100 1584,528,1224,1224
1201 100 1584,528,1224,1200
1202 100 1584,528,1224,1200
1203 100 1584,528,1224,1200
1204 100 1584,528,1224,1200
1205 100 1584,504,1224,1224
1206 100 1584,504,1224,1224
1207 100 1584,504,1224,1224
1208 100 1584,504,1224,1200
1209 100 1584,504,1224,1224
1210 100 1608,504,1224,1200
1211 100 1608,504,1224,1200
1212 100 1608,504,1224,1200
1213 100 1608,504,1224,1200
1214 100 1608,504,1224,1200
1215 100 1632,504,1224,1200
1216 100 1632,504,1224,1200
1217 100 1632,504,1224,1200
1218 100 1632,504,1224,1200
1219 100 1632,504,1224,1200
1220 100 1632,504,1224,1224
1221 100 1632,504,1224,1224
1222 100 1632,504,1224,1224
1223 100 1632,528,1224,1200
1224 100 1608,528,1224,1200
1225 100 1608,528,1224,1200
1226 100 1584,528,1224,1224
1227 100 1584,552,1224,1200
1228 100 1560,552,1224,1200
1229 100 1560,552,1224,1200
1230 100 1536,552,1224,1200
1231 100 1536,552,1224,1200
1232 100 1536,552,1224,1200
1233 100 1512,552,1224,1200
1234 100 1488,576,1224,1200
1235 100 1464,576,1224,1200
1236 100 1440,600,1224,1200
1237 100 1392,624,1224,1200
1238 100 1368,624,1224,1224
1239 100 1320,648,1224,1224
1240 100 1296,672,1224,1200
1241 100 1272,696,1224,1200
1242 100 1272,696,1224,1224
1243 100 1224,720,1224,1224
1244 100 1176,768,1224,1200
1245 100 1152,792,1224,1200
1246 100 1104,816,1224,1200
1247 100 1104,816,1224,1200
1248 100 1080,840,1224,1200
1249 100 1080,840,1224,1224
1250 100 1080,840,1224,1200
1251 100 1080,840,1224,1200
1252 100 1080,840,1224,1200
1253 100 1104,816,1224,1224
1254 100 1080,840,1224,1224
1255 100 1080,864,1224,1200
1256 100 1080,864,1224,1200
1257 100 1056,864,1224,1224
1258 100 1056,864,1224,1224
1259 100 1080,864,1224,1200
1260 100 1056,864,1224,1224
1261 100 1056,864,1224,1224
1262 100 1032,864,1224,1224
1263 100 984,888,1224,1200
1264 100 960,888,1224,1224
1265 100 960,888,1224,1224
1266 100 960,888,1224,1224
1267 100 960,864,1224,1224
1268 100 936,864,1224,1224
1269 100 912,888,1224,1224
1270 100 888,888,1224,1224
1271 100 864,912,1224,1224
1272 100 840,912,1224,1224
1273 100 816,936,1224,1224
1274 100 816,936,1224,1224
1275 100 816,936,1224,1224
1276 100 792,936,1224,1224
1277 100 816,936,1224,1224
1278 100 816,960,1224,1200
1279 100 528,984,1224,1176
1280 100 480,984,1224,1176
1281 100 816,984,1224,1176
1282 100 528,1008,1224,1152
1283 100 264,1008,1224,1152
1284 100 0,1008,1224,1152
1285 100 0,1032,1224,1128
1286 100 0,1032,1224,1128
1287 100 0,1056,1224,1104
1288 100 0,1056,1224,1104
1289 100 0,1056,1224,1104
1290 100 0,1056,1224,1104
1291 100 0,1056,1224,1104
1292 100 0,1080,1224,1080
1293 100 0,1080,1224,1080
1294 100 0,1080,1224,1080
1295 100 0,1056,1224,1104
1296 100 0,1080,1224,1080
1297 100 0,1080,1224,1080
1298 100 0,1080,1224,1080
1299 100 0,1080,1224,1080
1300 100 0,1080,1224,1080
1301 100 0,1080,1224,1080
1302 100 0,1080,1224,1080
1303 100 0,1080,1224,1080
1304 100 0,1104,1224,1056
1305 100 0,1104,1224,1056
1306 100 0,1104,1224,1056
1307 100 0,1104,1224,1056
1308 100 0,1104,1224,1056
1309 100 0,1080,1224,1080
1310 100 0,1080,1224,1080
1311 100 0,1080,1224,1080
1312 100 0,1080,1224,1080
1313 100 0,1080,1224,1080
1314 100 0,1080,1224,1080
1315 100 0,1080,1224,1080
1316 100 0,1056,1224,1104
1317 100 0,1056,1224,1104
1318 100 0,1032,1224,1128
1319 100 0,1032,1224,1128
1320 100 0,1032,1224,1128
1321 100 0,1032,1224,1128
1322 100 0,1008,1224,1152
1323 100 0,1008,1224,1152
1324 100 0,1008,1224,1152
1325 100 0,1008,1224,1152
1326 100 0,1008,1224,1152
1327 100 792,1008,1224,1152
1328 100 888,1008,1224,1152
1329 100 1296,984,1224,1176
1330 100 1272,984,1224,1176
1331 100 1344,984,1224,1176
1332 100 1416,984,1224,1176
1333 100 1536,984,1224,1176
1334 100 1488,984,1224,1176
1335 100 1656,984,1224,1176
1336 100 1656,984,1224,1176
1337 100 1656,960,1224,1200
1338 100 1656,984,1224,1176
1339 100 1680,984,1224,1176
1340 100 1680,960,1224,1200
1341 100 1680,960,1224,1200
1342 100 1680,960,1224,1200
1343 100 1680,960,1224,1200
1344 100 1680,960,1224,1200
1345 100 1680,960,1224,1200
1346 100 1656,960,1224,1200
1347 100 1656,984,1224,1176
1348 100 1656,984,1224,1176
1349 100 1632,984,1224,1176
1350 100 1632,984,1224,1176
1351 100 1632,960,1224,1200
1352 100 1632,960,1224,1200
1353 100 1632,960,1224,1200
1354 100 1632,960,1224,1200
1355 100 1632,960,1224,1200
1356 100 1632,960,1224,1200
1357 100 1632,960,1224,1200
1358 100 1608,960,1224,1200
1359 100 1608,960,1224,1200
1360 100 1608,960,1224,1200
1361 100 1608,960,1224,1200
1362 100 1608,960,1224,1200
1363 100 1632,936,1224,1224
1364 100 1632,936,1224,1200
1365 100 1632,936,1224,1200
1366 100 1632,936,1224,1200
1367 100 1632,936,1224,1200
1368 100 1608,936,1224,1200
1369 100 1608,936,1224,1200
1370 100 1608,936,1224,1200
1371 100 1608,912,1224,1224
1372 100 1608,912,1224,1224
1373 100 1608,912,1224,1200
1374 100 1608,912,1224,1200
1375 100 1608,912,1224,1200
1376 100 1608,912,1224,1200
1377 100 1584,912,1224,1200
1378 100 1584,912,1224,1224
1379 100 1584,912,1224,1200
1380 100 1584,912,1224,1200
1381 100 1560,912,1224,1224
1382 100 1560,912,1224,1224
1383 100 1560,912,1224,1224
1384 100 1560,912,1224,1224
1385 100 1536,912,1224,1224
1386 100 1536,912,1224,1224
1387 100 1512,936,1224,1200
1388 100 1512,912,1224,1224
1389 100 1488,912,1224,1224
1390 100 1464,936,1224,1200
1391 100 1464,936,1224,1200
1392 100 1440,936,1224,1200
1393 100 1416,936,1224,1200
1394 100 1392,936,1224,1200
1395 100 1392,936,1224,1200
1396 100 1368,936,1224,1200
1397 100 1344,936,1224,1200
1398 100 1320,936,1224,1200
1399 100 1272,936,1224,1224
1400 100 1224,960,1224,1200
1401 100 1176,960,1224,1200
1402 100 1080,960,1224,1200
1403 100 1128,984,1224,1176
1404 100 864,984,1224,1176
1405 100 696,984,1224,1176
1406 100 288,984,1224,1176
1407 100 0,984,1224,1176
1408 100 0,984,1224,1176
1409 100 0,984,1224,1176
1410 100 0,984,1224,1176
1411 100 0,1008,1224,1152
1412 100 0,984,1224,1176
1413 100 0,1008,1224,1152
1414 100 0,1008,1224,1152
1415 100 0,1008,1224,1152
1416 100 0,1008,1224,1152
1417 100 0,1032,1224,1128
1418 100 0,1032,1224,1128
1419 100 0,1032,1224,1128
1420 100 0,1056,1224,1104
1421 100 0,1056,1224,1104
1422 100 0,1056,1224,1104
1423 100 0,1080,1224,1080
1424 100 0,1080,1224,1080
1425 100 0,1104,1224,1056
1426 100 0,1104,1224,1056
1427 100 0,1104,1224,1056
1428 100 0,1104,1224,1056
1429 100 0,1104,1224,1056
1430 100 0,1104,1224,1056
1431 100 0,1104,1224,1056
1432 100 0,1104,1224,1056
1433 100 0,1080,1224,1080
1434 100 0,1080,1224,1080
1435 100 0,1080,1224,1080
1436 100 0,1080,1224,1080
1437 100 0,1080,1224,1080
1438 100 0,1056,1224,1104
1439 100 0,1056,1224,1104
1440 100 0,1032,1224,1128
1441 100 0,1032,1224,1128
1442 100 0,1032,1224,1128
1443 100 0,1008,1224,1152
1444 100 0,1008,1224,1152
1445 100 0,1008,1224,1152
1446 100 768,984,1224,1176
1447 100 1008,960,1224,1200
1448 100 1080,936,1224,1224
1449 100 1128,912,1224,1200
1450 100 1176,912,1224,1200
1451 100 1200,888,1224,1200
1452 100 1224,864,1224,1224
1453 100 1248,888,1224,1200
1454 100 1272,888,1224,1200
1455 100 1296,888,1224,1200
1456 100 1344,888,1224,1224
1457 100 1368,888,1224,1200
1458 100 1416,888,1224,1224
1459 100 1440,888,1224,1224
1460 100 1488,888,1224,1200
1461 100 1536,864,1224,1224
1462 100 1584,864,1224,1200
1463 100 1632,840,1224,1224
1464 100 1680,840,1224,1200
1465 100 1704,840,1224,1200
1466 100 1728,840,1224,1200
1467 100 1776,816,1224,1224
1468 100 1800,816,1224,1224
1469 100 1848,816,1224,1200
1470 100 1872,816,1224,1200
1471 100 1896,792,1224,1224
1472 100 1920,816,1224,1200
1473 100 1944,792,1224,1224
1474 100 1944,816,1224,1200
1475 100 1968,816,1224,1200
1476 100 1968,816,1224,1200
1477 100 1992,816,1224,1200
1478 100 2016,816,1224,1200
1479 100 2040,816,1224,1224
1480 100 2040,816,1224,1224
1481 100 2064,840,1224,1200
1482 100 2064,840,1224,1200
1483 100 2064,840,1224,1224
1484 100 2064,864,1224,1200
1485 100 2064,864,1224,1200
1486 100 2088,864,1224,1200
1487 100 2088,864,1224,1200
1488 100 2088,864,1224,1200
1489 100 2088,864,1224,1200
1490 100 2088,864,1224,1200
1491 100 2088,864,1224,1200
1492 100 2088,864,1224,1200
1493 100 2088,864,1224,1200
1494 100 2088,864,1224,1200
1495 100 2088,864,1224,1200
1496 100 2088,864,1224,1200
1497 100 2088,864,1224,1200
1498 100 2088,864,1224,1200
1499 100 2088,864,1224,1200
1500 100 2088,864,1224,1200
1501 100 2064,888,1224,1200
1502 100 2016,936,1224,1200
1503 100 600,1008,1224,1152
1504 100 0,1080,1224,1080
1505 100 0,1104,1224,1056
1506 100 0,1152,1224,1008
1507 100 0,1176,1224,984
1508 100 0,1176,1224,984
1509 100 0,1200,1224,960
1510 100 0,1200,1224,960
1511 100 0,1224,1224,936
1512 100 0,1248,1224,912
1513 100 0,1272,1224,888
1514 100 0,1296,1224,864
1515 100 0,1296,1224,864
1516 100 0,1320,1224,840
1517 100 0,1320,1224,840
1518 100 0,1344,1224,816
1519 100 0,1344,1224,816
1520 100 0,1320,1224,840
1521 100 0,1296,1224,864
1522 100 0,1272,1224,888
1523 100 0,1248,1224,912
1524 100 0,1248,1224,912
1525 100 0,1248,1224,912
1526 100 0,1248,1224,912
1527 100 0,1248,1224,912
1528 100 0,1224,1224,936
1529 100 0,1224,1224,936
1530 100 0,1224,1224,936
1531 100 0,1200,1224,960
1532 100 0,1176,1224,984
1533 100 0,1152,1224,1008
1534 100 0,1176,1224,984
1535 100 0,1176,1224,984
1536 100 0,1152,1224,1008
1537 100 0,1152,1224,1008
1538 100 0,1128,1224,1032
1539 100 0,1104,1224,1056
1540 100 0,1128,1224,1032
1541 100 0,1128,1224,1032
1542 100 0,1128,1224,1032
1543 100 0,1128,1224,1032
1544 100 0,1128,1224,1032
1545 100 0,1104,1224,1056
1546 100 0,1104,1224,1056
1547 100 0,1080,1224,1080
1548 100 0,1056,1224,1104
1549 100 0,1032,1224,1128
1550 100 1080,1008,1224,1152
1551 100 1680,984,1224,1176
1552 100 1704,936,1224,1224
1553 100 1680,960,1224,1200
1554 100 1656,960,1224,1200
1555 100 1584,984,1224,1176
1556 100 864,1008,1224,1152
1557 100 864,1008,1224,1152
1558 100 288,1008,1224,1152
1559 100 1560,984,1224,1176
1560 100 1512,960,1224,1200
1561 100 1464,960,1224,1200
1562 100 1344,984,1224,1176
1563 100 1416,960,1224,1200
1564 100 1392,960,1224,1200
1565 100 1368,960,1224,1200
1566 100 1368,936,1224,1224
1567 100 1344,936,1224,1224
1568 100 1296,936,1224,1224
1569 100 1296,936,1224,1224
1570 100 1272,936,1224,1224
1571 100 1272,936,1224,1224
1572 100 1272,936,1224,1200
1573 100 1272,912,1224,1224
1574 100 1296,912,1224,1224
1575 100 1320,912,1224,1200
1576 100 1320,912,1224,1200
1577 100 1320,912,1224,1200
1578 100 1344,912,1224,1200
1579 100 1344,912,1224,1224
1580 100 1344,936,1224,1200
1581 100 1368,912,1224,1224
1582 100 1368,936,1224,1224
1583 100 1392,936,1224,1224
1584 100 1416,936,1224,1224
1585 100 1440,936,1224,1224
1586 100 1488,936,1224,1200
1587 100 1536,936,1224,1200
1588 100 1560,912,1224,1224
1589 100 1560,912,1224,1224
1590 100 1560,912,1224,1224
1591 100 1584,912,1224,1224
1592 100 1584,936,1224,1200
1593 100 1584,912,1224,1224
1594 100 1584,912,1224,1224
1595 100 1584,912,1224,1200
1596 100 1584,912,1224,1200
1597 100 1584,912,1224,1224
1598 100 1584,912,1224,1200
1599 100 1608,888,1224,1224
1600 100 1632,888,1224,1200
1601 100 1656,888,1224,1200
1602 100 1656,864,1224,1224
1603 100 1680,864,1224,1200
1604 100 1680,864,1224,1200
1605 100 1704,864,1224,1200
1606 100 1704,864,1224,1200
1607 100 1704,864,1224,1200
1608 100 1728,840,1224,1200
1609 100 1704,840,1224,1224
1610 100 1704,840,1224,1224
1611 100 1704,864,1224,1200
1612 100 1680,864,1224,1200
1613 100 1656,864,1224,1200
1614 100 1656,864,1224,1224
1615 100 1632,864,1224,1224
1616 100 1608,888,1224,1200
1617 100 1560,888,1224,1200
1618 100 1488,912,1224,1200
1619 100 1368,936,1224,1224
1620 100 1248,984,1224,1176
1621 100 0,984,1224,1176
1622 100 0,984,1224,1176
1623 100 0,984,1224,1176
1624 100 1200,960,1224,1200
1625 100 1224,936,1224,1224
1626 100 1248,888,1224,1224
1627 100 1248,888,1224,1224
1628 100 1224,936,1224,1224
1629 100 1224,960,1224,1200
1630 100 1272,912,1224,1224
1631 100 1296,864,1224,1224
1632 100 1272,864,1224,1224
1633 100 1248,888,1224,1200
1634 100 1224,888,1224,1224
1635 100 1248,864,1224,1224
1636 100 1272,864,1224,1200
1637 100 1248,864,1224,1224
1638 100 1224,888,1224,1224
1639 100 1248,888,1224,1200
1640 100 1272,888,1224,1200
1641 100 1272,888,1224,1224
1642 100 1296,912,1224,1200
1643 100 1320,912,1224,1224
1644 100 1320,936,1224,1224
1645 100 1344,960,1224,1200
1646 100 1344,984,1224,1176
1647 100 1296,984,1224,1176
1648 100 888,1008,1224,1152
1649 100 480,1008,1224,1152
1650 100 840,1008,1224,1152
1651 100 408,1008,1224,1152
1652 100 504,1008,1224,1152
1653 100 0,1032,1224,1128
1654 100 0,1032,1224,1128
1655 100 0,1056,1224,1104
1656 100 0,1104,1224,1056
1657 100 0,1104,1224,1056
1658 100 0,1104,1224,1056
1659 100 0,1104,1224,1056
1660 100 0,1128,1224,1032
1661 100 0,1104,1224,1056
1662 100 0,1104,1224,1056
1663 100 0,1104,1224,1056
1664 100 0,1104,1224,1056
1665 100 0,1104,1224,1056
1666 100 0,1128,1224,1032
1667 100 0,1104,1224,1056
1668 100 0,1104,1224,1056
1669 100 0,1104,1224,1056
1670 100 0,1080,1224,1080
1671 100 0,1080,1224,1080
1672 100 0,1080,1224,1080
1673 100 0,1104,1224,1056
1674 100 0,1104,1224,1056
1675 100 0,1104,1224,1056
1676 100 0,1104,1224,1056
1677 100 0,1104,1224,1056
1678 100 0,1080,1224,1080
1679 100 0,1080,1224,1080
1680 100 0,1080,1224,1080
1681 100 0,1056,1224,1104
1682 100 0,1032,1224,1128
1683 100 0,1032,1224,1128
1684 100 0,1032,1224,1128
1685 100 0,1032,1224,1128
1686 100 0,1032,1224,1128
1687 100 0,1032,1224,1128
1688 100 0,1008,1224,1152
1689 100 0,1032,1224,1128
1690 100 0,1032,1224,1128
1691 100 0,1032,1224,1128
1692 100 0,1032,1224,1128
1693 100 0,1032,1224,1128
1694 100 0,1032,1224,1128
1695 100 0,1032,1224,1128
1696 100 0,1056,1224,1104
1697 100 0,1056,1224,1104
1698 100 0,1080,1224,1080
1699 100 0,1080,1224,1080
1700 100 0,1104,1224,1056
1701 100 0,1128,1224,1032
1702 100 0,1128,1224,1032
1703 100 0,1176,1224,984
1704 100 0,1176,1224,984
1705 100 0,1176,1224,984
1706 100 0,1200,1224,960
1707 100 0,1200,1224,960
1708 100 0,1200,1224,960
1709 100 0,1200,1224,960
1710 100 0,1200,1224,960
1711 100 0,1176,1224,984
1712 100 0,1176,1224,984
1713 100 0,1152,1224,1008
1714 100 0,1152,1224,1008
1715 100 0,1128,1224,1032
1716 100 0,1128,1224,1032
1717 100 0,1104,1224,1056
1718 100 0,1080,1224,1080
1719 100 0,1080,1224,1080
1720 100 0,1056,1224,1104
1721 100 0,1056,1224,1104
1722 100 0,1032,1224,1128
1723 100 0,1008,1224,1152
1724 100 1488,984,1224,1176
1725 100 1536,960,1224,1200
1726 100 1584,936,1224,1200
1727 100 1608,912,1224,1224
1728 100 1632,888,1224,1224
1729 100 1656,888,1224,1200
1730 100 1680,864,1224,1200
1731 100 1704,840,1224,1224
1732 100 1704,840,1224,1200
1733 100 1728,816,1224,1224
1734 100 1728,816,1224,1200
1735 100 1728,792,1224,1224
1736 100 1728,792,1224,1200
1737 100 1728,792,1224,1200
1738 100 1728,792,1224,1200
1739 100 1704,792,1224,1200
1740 100 1704,792,1224,1200
1741 100 1680,792,1224,1200
1742 100 1656,792,1224,1200
1743 100 1632,792,1224,1200
1744 100 1584,768,1224,1224
1745 100 1584,768,1224,1224
1746 100 1584,768,1224,1200
1747 100 1584,768,1224,1200
1748 100 1584,768,1224,1200
1749 100 1584,744,1224,1224
1750 100 1584,744,1224,1224
1751 100 1560,744,1224,1200
1752 100 1560,720,1224,1224
1753 100 1536,720,1224,1200
1754 100 1512,720,1224,1200
1755 100 1488,720,1224,1200
1756 100 1488,696,1224,1224
1757 100 1488,696,1224,1200
1758 100 1464,672,1224,1224
1759 100 1464,672,1224,1200
1760 100 1464,672,1224,1200
1761 100 1488,648,1224,1200
1762 100 1512,624,1224,1224
1763 100 1512,624,1224,1200
1764 100 1536,600,1224,1224
1765 100 1536,600,1224,1200
1766 100 1536,576,1224,1224
1767 100 1560,576,1224,1200
1768 100 1560,552,1224,1200
1769 100 1584,528,1224,1200
1770 100 1608,504,1224,1200
1771 100 1608,480,1224,1224
1772 100 1608,456,1224,1224
1773 100 1608,432,1224,1224
1774 100 1608,408,1224,1200
1775 100 1608,384,1224,1224
1776 100 1632,360,1224,1200
1777 100 1608,336,1224,1200
1778 100 1632,312,1224,1200
1779 100 1632,288,1224,1224
1780 100 1656,288,1224,1200
1781 100 1656,264,1224,1224
1782 100 1680,264,1224,1224
1783 100 1704,240,1224,1224
1784 100 1704,216,1224,1224
1785 100 1704,216,1224,1224
1786 100 1728,216,1224,1224
1787 100 1752,192,1224,1224
1788 100 1776,168,1224,1224
1789 100 1776,168,1224,1224
1790 100 1800,168,1224,1224
1791 100 1824,144,1224,1224
1792 100 1824,144,1224,1224
1793 100 1824,120,1224,1224
1794 100 1848,120,1224,1224
1795 100 1848,120,1224,1224
1796 100 1872,120,1224,1200
1797 100 1872,120,1224,1200
1798 100 1896,120,1224,1200
1799 100 1896,120,1224,1200
1800 100 1896,120,1224,1224
1801 100 1920,144,1224,1200
1802 100 1920,144,1224,1224
1803 100 1944,168,1224,1200
1804 100 1968,192,1224,1200
1805 100 1992,216,1224,1200
1806 100 2040,240,1224,1200
1807 100 2064,288,1224,1200
1808 100 2136,312,1224,1224
1809 100 2184,360,1224,1224
1810 100 2208,408,1224,1200
1811 100 2256,432,1224,1200
1812 100 2280,456,1224,1200
1813 100 2280,456,1224,1200
1814 100 2304,480,1224,1200
1815 100 2328,480,1224,1200
1816 100 2352,504,1224,1200
1817 100 2352,504,1224,1200
1818 100 2352,504,1224,1224
1819 100 2352,528,1224,1224
1820 100 2352,552,1224,1200
1821 100 2376,552,1224,1224
1822 100 2376,576,1224,1224
1823 100 2376,600,1224,1200
1824 100 2376,600,1224,1224
1825 100 2352,624,1224,1224
1826 100 2328,624,1224,1224
1827 100 2328,648,1224,1224
1828 100 2304,648,1224,1224
1829 100 2304,672,1224,1224
1830 100 2280,672,1224,1224
1831 100 2256,696,1224,1224
1832 100 2208,720,1224,1200
1833 100 2184,720,1224,1224
1834 100 2160,744,1224,1200
1835 100 2184,744,1224,1200
1836 100 2160,744,1224,1224
1837 100 2160,744,1224,1224
1838 100 2160,744,1224,1224
1839 100 2136,744,1224,1224
1840 100 2160,768,1224,1200
1841 100 2160,768,1224,1200
1842 100 2160,768,1224,1200
1843 100 2160,768,1224,1224
1844 100 2136,768,1224,1224
1845 100 2136,768,1224,1224
1846 100 2136,768,1224,1224
1847 100 2136,768,1224,1224
1848 100 2112,768,1224,1224
1849 100 2112,768,1224,1224
1850 100 2112,792,1224,1224
1851 100 2088,792,1224,1224
1852 100 2064,792,1224,1224
1853 100 2040,816,1224,1200
1854 100 2016,816,1224,1224
1855 100 1968,840,1224,1200
1856 100 1920,840,1224,1224
1857 100 1872,864,1224,1200
1858 100 1848,864,1224,1200
1859 100 1800,864,1224,1224
1860 100 1776,864,1224,1224
1861 100 1752,864,1224,1224
1862 100 1704,864,1224,1200
1863 100 1704,864,1224,1200
1864 100 1704,840,1224,1224
1865 100 1680,840,1224,1200
1866 100 1680,840,1224,1200
1867 100 1680,840,1224,1200
1868 100 1656,840,1224,1200
1869 100 1656,840,1224,1224
1870 100 1656,840,1224,1224
1871 100 1680,840,1224,1224
1872 100 1680,840,1224,1200
1873 100 1680,840,1224,1200
1874 100 1680,840,1224,1200
1875 100 1656,840,1224,1200
1876 100 1656,840,1224,1200
1877 100 1656,840,1224,1200
1878 100 1632,840,1224,1224
1879 100 1608,840,1224,1224
1880 100 1584,864,1224,1200
1881 100 1584,864,1224,1200
1882 100 1560,864,1224,1200
1883 100 1536,864,1224,1224
1884 100 1536,864,1224,1200
1885 100 1536,864,1224,1224
1886 100 1536,864,1224,1224
1887 100 1536,864,1224,1224
1888 100 1536,864,1224,1224
1889 100 1536,864,1224,1224
1890 100 1536,864,1224,1224
1891 100 1560,864,1224,1200
1892 100 1560,864,1224,1200
1893 100 1560,864,1224,1200
1894 100 1560,864,1224,1200
1895 100 1536,864,1224,1200
1896 100 1536,864,1224,1200
1897 100 1536,864,1224,1200
1898 100 1536,864,1224,1200
1899 100 1536,864,1224,1200
1900 100 1536,864,1224,1200
1901 100 1536,864,1224,1200
1902 100 1536,864,1224,1200
1903 100 1512,864,1224,1200
1904 100 1512,864,1224,1200
1905 100 1512,864,1224,1200
1906 100 1512,864,1224,1200
1907 100 1488,864,1224,1200
1908 100 1488,864,1224,1200
1909 100 1464,864,1224,1200
1910 100 1464,864,1224,1200
1911 100 1440,864,1224,1200
1912 100 1440,864,1224,1200
1913 100 1416,864,1224,1200
1914 100 1392,864,1224,1200
1915 100 1392,864,1224,1200
1916 100 1368,864,1224,1200
1917 100 1344,840,1224,1224
1918 100 1344,840,1224,1224
1919 100 1320,840,1224,1224
1920 100 1296,840,1224,1224
1921 100 1296,840,1224,1224
1922 100 1296,840,1224,1224
1923 100 1272,840,1224,1224
1924 100 1272,840,1224,1224
1925 100 1248,840,1224,1224
1926 100 1248,840,1224,1200
1927 100 1224,816,1224,1224
1928 100 1200,816,1224,1224
1929 100 1176,816,1224,1224
1930 100 1152,816,1224,1224
1931 100 1128,792,1224,1248
1932 100 1080,792,1224,1248
1933 100 1056,792,1224,1248
1934 100 1032,792,1224,1248
1935 100 984,792,1224,1248
1936 100 960,792,1224,1248
1937 100 912,792,1224,1248
1938 100 888,792,1224,1248
1939 100 864,792,1224,1272
1940 100 840,792,1224,1272
1941 100 840,792,1224,1272
1942 100 840,816,1224,1248
1943 100 840,816,1224,1248
1944 100 840,816,1224,1248
1945 100 816,792,1224,1272
1946 100 816,792,1224,1272
1947 100 792,792,1224,1272
1948 100 792,792,1224,1248
1949 100 768,792,1224,1248
1950 100 744,792,1224,1272
1951 100 744,792,1224,1272
1952 100 720,792,1224,1272
1953 100 696,792,1224,1248
1954 100 696,792,1224,1248
1955 100 696,768,1224,1272
1956 100 672,768,1224,1248
1957 100 648,768,1224,1248
1958 100 648,768,1224,1248
1959 100 648,744,1224,1272
1960 100 624,768,1224,1248
1961 100 624,768,1224,1248
1962 100 648,768,1224,1248
1963 100 648,768,1224,1272
1964 100 648,792,1224,1248
1965 100 648,768,1224,1248
1966 100 648,768,1224,1248
1967 100 648,768,1224,1224
1968 100 648,768,1224,1224
1969 100 648,768,1224,1224
1970 100 648,768,1224,1248
1971 100 648,768,1224,1248
1972 100 648,768,1224,1224
1973 100 648,768,1224,1224
1974 100 624,768,1224,1248
1975 100 624,768,1224,1248
1976 100 600,792,1224,1248
1977 100 600,792,1224,1248
1978 100 576,792,1224,1272
1979 100 576,816,1224,1248
1980 100 552,816,1224,1272
1981 100 528,816,1224,1272
1982 100 528,840,1224,1248
1983 100 528,840,1224,1248
1984 100 528,816,1224,1296
1985 100 504,816,1224,1296
1986 100 480,816,1224,1296
1987 100 480,816,1224,1296
1988 100 456,816,1224,1296
1989 100 456,840,1224,1296
1990 100 456,840,1224,1296
1991 100 480,840,1224,1296
1992 100 480,840,1224,1296
1993 100 456,840,1224,1296
1994 100 456,840,1224,1296
1995 100 456,840,1224,1296
1996 100 480,840,1224,1296
1997 100 480,840,1224,1296
1998 100 480,840,1224,1296
