0 100 384,504,1224,1224
1 100 1920,480,1224,1224
2 100 1920,480,1224,1224
3 100 1920,480,1224,1224
4 100 1920,504,1224,1200
5 100 1920,504,1224,1200
6 100 1944,504,1224,1200
7 100 1944,504,1224,1200
8 100 1944,504,1224,1200
9 100 1944,504,1224,1200
10 100 1944,504,1224,1200
11 100 1944,504,1224,1200
12 100 1944,504,1224,1200
13 100 1944,504,1224,1200
14 100 1944,504,1224,1200
15 100 1944,504,1224,1200
16 100 1944,480,1224,1224
17 100 1944,480,1224,1224
18 100 1944,480,1224,1224
19 100 1944,480,1224,1224
20 100 1944,480,1224,1224
21 100 1944,504,1224,1200
22 100 1944,504,1224,1200
23 100 1944,504,1224,1200
24 100 1944,480,1224,1224
25 100 1944,480,1224,1224
26 100 1944,504,1224,1200
27 100 1944,504,1224,1200
28 100 1944,504,1224,1200
29 100 1944,504,1224,1200
30 100 1944,504,1224,1200
31 100 1944,504,1224,1200
32 100 1944,504,1224,1200
33 100 1944,504,1224,1200
34 100 1944,504,1224,1200
35 100 1944,504,1224,1200
36 100 1944,504,1224,1200
37 100 1944,504,1224,1200
38 100 1944,504,1224,1200
39 100 1944,504,1224,1200
40 100 1944,504,1224,1200
41 100 1944,504,1224,1200
42 100 1944,504,1224,1200
43 100 1944,504,1224,1200
44 100 1944,504,1224,1200
45 100 1944,504,1224,1200
46 100 1944,504,1224,1224
47 100 1944,504,1224,1224
48 100 1944,504,1224,1224
49 100 1920,504,1224,1224
50 100 1920,504,1224,1224
51 100 1920,504,1224,1224
52 100 1896,528,1224,1200
53 100 1896,528,1224,1200
54 100 1776,576,1224,1224
55 100 1776,576,1224,1224
56 100 1776,576,1224,1224
57 100 1776,576,1224,1224
58 100 1608,624,1224,1200
59 100 1608,624,1224,1200
60 100 1464,672,1224,1200
61 100 1464,672,1224,1200
62 100 1464,672,1224,1200
63 100 1368,696,1224,1200
64 100 1368,696,1224,1200
65 100 1296,696,1224,1224
66 100 1296,696,1224,1224
67 100 1296,696,1224,1224
68 100 1272,720,1224,1200
69 100 1272,720,1224,1200
70 100 1272,720,1224,1200
71 100 1272,720,1224,1200
72 100 1272,720,1224,1200
73 100 1272,720,1224,1200
74 100 1272,720,1224,1200
75 100 1272,720,1224,1200
76 100 1272,720,1224,1200
77 100 1248,720,1224,1200
78 100 1248,720,1224,1200
79 100 1272,720,1224,1200
80 100 1272,720,1224,1200
81 100 1272,720,1224,1200
82 100 1272,720,1224,1200
83 100 1272,720,1224,1200
84 100 1272,720,1224,1200
85 100 1272,720,1224,1200
86 100 1272,720,1224,1200
87 100 1272,720,1224,1200
88 100 1272,720,1224,1200
89 100 1272,720,1224,1200
90 100 1272,720,1224,1200
91 100 1272,744,1224,1200
92 100 1272,744,1224,1200
93 100 1248,744,1224,1200
94 100 1248,744,1224,1200
95 100 1248,744,1224,1200
96 100 1272,744,1224,1200
97 100 1272,744,1224,1200
98 100 1272,744,1224,1200
99 100 1272,744,1224,1200
100 100 1272,744,1224,1200
101 100 1272,744,1224,1200
102 100 1272,744,1224,1200
103 100 1272,744,1224,1200
104 100 1272,744,1224,1200
105 100 1272,744,1224,1200
106 100 1272,744,1224,1200
107 100 1320,744,1224,1224
108 100 1320,744,1224,1224
109 100 1320,744,1224,1224
110 100 1320,744,1224,1224
111 100 1344,744,1224,1224
112 100 1344,744,1224,1224
113 100 1368,744,1224,1224
114 100 1368,744,1224,1224
115 100 1368,744,1224,1224
116 100 1392,744,1224,1224
117 100 1392,744,1224,1224
118 100 1416,744,1224,1200
119 100 1416,744,1224,1200
120 100 1416,744,1224,1200
121 100 1416,744,1224,1224
122 100 1416,744,1224,1224
123 100 1416,744,1224,1224
124 100 1416,744,1224,1224
125 100 1416,744,1224,1224
126 100 1416,744,1224,1224
127 100 1416,744,1224,1224
128 100 1416,744,1224,1224
129 100 1416,744,1224,1224
130 100 1440,744,1224,1200
131 100 1440,744,1224,1200
132 100 1440,744,1224,1200
133 100 1440,744,1224,1200
134 100 1440,744,1224,1200
135 100 1440,744,1224,1200
136 100 1440,744,1224,1200
137 100 1440,744,1224,1200
138 100 1440,744,1224,1200
139 100 1440,744,1224,1200
140 100 1440,744,1224,1200
141 100 1440,744,1224,1200
142 100 1440,744,1224,1200
143 100 1440,744,1224,1200
144 100 1440,744,1224,1200
145 100 1440,744,1224,1200
146 100 1440,744,1224,1200
147 100 1440,744,1224,1200
148 100 1440,744,1224,1200
149 100 1440,744,1224,1200
150 100 1440,744,1224,1200
151 100 1440,744,1224,1200
152 100 1440,744,1224,1200
153 100 1440,744,1224,1200
154 100 1440,744,1224,1200
155 100 1440,744,1224,1200
156 100 1440,744,1224,1200
157 100 1440,744,1224,1200
158 100 1440,744,1224,1200
159 100 1440,744,1224,1200
160 100 1440,744,1224,1200
161 100 1440,744,1224,1200
162 100 1440,744,1224,1200
163 100 1440,744,1224,1200
164 100 1440,744,1224,1200
165 100 1440,744,1224,1200
166 100 1440,744,1224,1200
167 100 1440,744,1224,1200
168 100 1440,744,1224,1200
169 100 1440,744,1224,1200
170 100 1440,744,1224,1200
171 100 1440,744,1224,1200
172 100 1440,744,1224,1200
173 100 1440,744,1224,1200
174 100 1440,744,1224,1200
175 100 1440,744,1224,1200
176 100 1440,744,1224,1200
177 100 1440,744,1224,1200
178 100 1440,744,1224,1200
179 100 1440,744,1224,1200
180 100 1440,744,1224,1200
181 100 1440,744,1224,1200
182 100 1440,744,1224,1200
183 100 1440,744,1224,1200
184 100 1440,744,1224,1200
185 100 1440,744,1224,1200
186 100 1440,744,1224,1200
187 100 1440,744,1224,1200
188 100 1440,744,1224,1200
189 100 1440,744,1224,1200
190 100 1440,744,1224,1200
191 100 1440,744,1224,1200
192 100 1440,744,1224,1200
193 100 1440,744,1224,1200
194 100 1440,744,1224,1200
195 100 1440,744,1224,1200
196 100 1440,744,1224,1200
197 100 1440,744,1224,1200
198 100 1440,744,1224,1200
199 100 1440,744,1224,1200
200 100 1440,744,1224,1200
201 100 1440,744,1224,1200
202 100 1440,744,1224,1200
203 100 1440,744,1224,1200
204 100 1440,744,1224,1200
205 100 1440,744,1224,1200
206 100 1440,744,1224,1200
207 100 1440,744,1224,1200
208 100 1440,744,1224,1200
209 100 1440,744,1224,1200
210 100 1440,744,1224,1200
211 100 1440,744,1224,1200
212 100 1440,744,1224,1200
213 100 1440,744,1224,1200
214 100 1440,744,1224,1200
215 100 1440,744,1224,1224
216 100 1440,744,1224,1224
217 100 1440,744,1224,1200
218 100 1440,744,1224,1200
219 100 1440,744,1224,1200
220 100 1440,744,1224,1200
221 100 1440,744,1224,1200
222 100 1440,744,1224,1200
223 100 1440,744,1224,1200
224 100 1440,744,1224,1200
225 100 1440,744,1224,1200
226 100 1440,744,1224,1200
227 100 1440,744,1224,1200
228 100 1440,744,1224,1200
229 100 1440,744,1224,1200
230 100 1440,744,1224,1200
231 100 1440,744,1224,1200
232 100 1440,744,1224,1200
233 100 1440,744,1224,1200
234 100 1440,744,1224,1200
235 100 1440,744,1224,1200
236 100 1440,744,1224,1200
237 100 1440,744,1224,1200
238 100 1440,744,1224,1200
239 100 1440,744,1224,1200
240 100 1440,744,1224,1200
241 100 1440,744,1224,1200
242 100 1440,744,1224,1224
243 100 1440,744,1224,1224
244 100 1440,744,1224,1224
245 100 1440,744,1224,1224
246 100 1440,744,1224,1224
247 100 1440,744,1224,1224
248 100 1440,744,1224,1224
249 100 1440,744,1224,1224
250 100 1440,744,1224,1200
251 100 1440,744,1224,1200
252 100 1440,744,1224,1200
253 100 1440,744,1224,1200
254 100 1440,744,1224,1200
255 100 1464,720,1224,1224
256 100 1464,720,1224,1224
257 100 1464,720,1224,1224
258 100 1464,720,1224,1224
259 100 1464,720,1224,1200
260 100 1464,720,1224,1200
261 100 1464,720,1224,1200
262 100 1464,720,1224,1200
263 100 1464,720,1224,1200
264 100 1464,720,1224,1200
265 100 1488,720,1224,1200
266 100 1488,720,1224,1200
267 100 1488,720,1224,1200
268 100 1488,720,1224,1200
269 100 1464,720,1224,1200
270 100 1464,720,1224,1200
271 100 1464,720,1224,1200
272 100 1464,720,1224,1200
273 100 1464,720,1224,1200
274 100 1464,720,1224,1200
275 100 1464,720,1224,1200
276 100 1464,720,1224,1200
277 100 1464,720,1224,1200
278 100 1440,720,1224,1200
279 100 1440,720,1224,1200
280 100 1440,720,1224,1200
281 100 1416,720,1224,1200
282 100 1416,720,1224,1200
283 100 1416,720,1224,1200
284 100 1392,720,1224,1200
285 100 1392,720,1224,1200
286 100 1392,720,1224,1200
287 100 1368,720,1224,1200
288 100 1368,720,1224,1200
289 100 1344,720,1224,1200
290 100 1344,720,1224,1200
291 100 1344,720,1224,1200
292 100 1320,720,1224,1200
293 100 1320,720,1224,1200
294 100 1320,720,1224,1200
295 100 1296,696,1224,1224
296 100 1296,696,1224,1224
297 100 1272,696,1224,1224
298 100 1272,696,1224,1224
299 100 1272,696,1224,1224
300 100 1248,696,1224,1224
301 100 1248,696,1224,1224
302 100 1248,696,1224,1224
303 100 1248,720,1224,1200
304 100 1248,720,1224,1200
305 100 1248,720,1224,1200
306 100 1224,720,1224,1200
307 100 1224,720,1224,1200
308 100 1224,720,1224,1200
309 100 1200,720,1224,1200
310 100 1200,720,1224,1200
311 100 1200,720,1224,1200
312 100 1200,720,1224,1200
313 100 1200,720,1224,1200
314 100 1200,720,1224,1200
315 100 1176,720,1224,1200
316 100 1176,720,1224,1200
317 100 1152,720,1224,1200
318 100 1152,720,1224,1200
319 100 1152,720,1224,1200
320 100 1104,720,1224,1200
321 100 1104,720,1224,1200
322 100 1104,720,1224,1200
323 100 1080,720,1224,1224
324 100 1080,720,1224,1224
325 100 1056,720,1224,1224
326 100 1056,720,1224,1224
327 100 1056,720,1224,1224
328 100 1032,744,1224,1200
329 100 1032,744,1224,1200
330 100 1032,744,1224,1200
331 100 1008,744,1224,1200
332 100 1008,744,1224,1200
333 100 1008,744,1224,1200
334 100 984,744,1224,1200
335 100 984,744,1224,1200
336 100 984,744,1224,1200
337 100 984,744,1224,1224
338 100 984,744,1224,1224
339 100 984,744,1224,1224
340 100 960,768,1224,1224
341 100 960,768,1224,1224
342 100 912,816,1224,1200
343 100 912,816,1224,1200
344 100 912,816,1224,1200
345 100 864,840,1224,1224
346 100 864,840,1224,1224
347 100 864,840,1224,1224
348 100 840,888,1224,1224
349 100 840,888,1224,1224
350 100 792,936,1224,1200
351 100 792,936,1224,1200
352 100 792,936,1224,1200
353 100 768,960,1224,1200
354 100 768,960,1224,1200
355 100 768,960,1224,1200
356 100 768,960,1224,1200
357 100 720,984,1224,1176
358 100 720,984,1224,1176
359 100 720,984,1224,1176
360 100 432,1008,1224,1152
361 100 432,1008,1224,1152
362 100 360,1008,1224,1152
363 100 360,1008,1224,1152
364 100 360,1008,1224,1152
365 100 0,1008,1224,1152
366 100 0,1008,1224,1152
367 100 0,1008,1224,1152
368 100 0,1008,1224,1152
369 100 0,1008,1224,1152
370 100 0,1008,1224,1152
371 100 0,1008,1224,1152
372 100 0,1008,1224,1152
373 100 0,1008,1224,1152
374 100 0,1008,1224,1152
375 100 0,1008,1224,1152
376 100 0,1008,1224,1152
377 100 0,1008,1224,1152
378 100 0,1008,1224,1152
379 100 0,1008,1224,1152
380 100 0,1008,1224,1152
381 100 0,1008,1224,1152
382 100 216,1008,1224,1152
383 100 216,1008,1224,1152
384 100 216,1008,1224,1152
385 100 336,1008,1224,1152
386 100 336,1008,1224,1152
387 100 624,984,1224,1176
388 100 624,984,1224,1176
389 100 624,984,1224,1176
390 100 744,984,1224,1176
391 100 744,984,1224,1176
392 100 768,960,1224,1200
393 100 768,960,1224,1200
394 100 768,960,1224,1200
395 100 792,936,1224,1200
396 100 792,936,1224,1200
397 100 792,936,1224,1200
398 100 816,912,1224,1200
399 100 816,912,1224,1200
400 100 816,912,1224,1200
401 100 840,888,1224,1200
402 100 840,888,1224,1200
403 100 840,888,1224,1200
404 100 864,864,1224,1200
405 100 864,864,1224,1200
406 100 864,864,1224,1200
407 100 888,840,1224,1224
408 100 888,840,1224,1224
409 100 888,840,1224,1224
410 100 912,840,1224,1200
411 100 912,840,1224,1200
412 100 936,816,1224,1200
413 100 936,816,1224,1200
414 100 936,816,1224,1200
415 100 936,792,1224,1224
416 100 936,792,1224,1224
417 100 936,792,1224,1224
418 100 960,792,1224,1224
419 100 960,792,1224,1224
420 100 960,792,1224,1200
421 100 960,792,1224,1200
422 100 960,792,1224,1200
423 100 984,768,1224,1224
424 100 984,768,1224,1224
425 100 984,768,1224,1224
426 100 984,768,1224,1224
427 100 984,768,1224,1224
428 100 984,768,1224,1224
429 100 1008,768,1224,1200
430 100 1008,768,1224,1200
431 100 1008,768,1224,1200
432 100 1032,744,1224,1224
433 100 1032,744,1224,1224
434 100 1032,744,1224,1224
435 100 1056,744,1224,1200
436 100 1056,744,1224,1200
437 100 1056,744,1224,1200
438 100 1080,720,1224,1224
439 100 1080,720,1224,1224
440 100 1104,720,1224,1200
441 100 1104,720,1224,1200
442 100 1104,720,1224,1200
443 100 1128,696,1224,1224
444 100 1128,696,1224,1224
445 100 1128,696,1224,1224
446 100 1176,696,1224,1200
447 100 1176,696,1224,1200
448 100 1224,672,1224,1200
449 100 1224,672,1224,1200
450 100 1224,672,1224,1200
451 100 1272,624,1224,1224
452 100 1272,624,1224,1224
453 100 1272,624,1224,1224
454 100 1272,624,1224,1224
455 100 1320,576,1224,1224
456 100 1320,576,1224,1224
457 100 1344,528,1224,1224
458 100 1344,528,1224,1224
459 100 1344,528,1224,1224
460 100 1368,504,1224,1224
461 100 1368,504,1224,1224
462 100 1368,504,1224,1224
463 100 1368,480,1224,1224
464 100 1368,480,1224,1224
465 100 1368,456,1224,1224
466 100 1368,456,1224,1224
467 100 1368,456,1224,1224
468 100 1368,456,1224,1200
469 100 1368,456,1224,1200
470 100 1368,456,1224,1200
471 100 1368,432,1224,1224
472 100 1368,432,1224,1224
473 100 1368,432,1224,1224
474 100 1368,432,1224,1224
475 100 1368,432,1224,1224
476 100 1368,432,1224,1200
477 100 1368,432,1224,1200
478 100 1368,432,1224,1200
479 100 1368,432,1224,1200
480 100 1368,432,1224,1200
481 100 1368,432,1224,1200
482 100 1368,432,1224,1200
483 100 1368,432,1224,1200
484 100 1368,432,1224,1200
485 100 1368,408,1224,1224
486 100 1368,408,1224,1224
487 100 1368,408,1224,1224
488 100 1392,408,1224,1200
489 100 1392,408,1224,1200
490 100 1392,408,1224,1200
491 100 1392,408,1224,1200
492 100 1392,408,1224,1200
493 100 1416,384,1224,1224
494 100 1416,384,1224,1224
495 100 1416,384,1224,1224
496 100 1488,384,1224,1224
497 100 1488,384,1224,1224
498 100 1488,384,1224,1224
499 100 1536,384,1224,1200
500 100 1536,384,1224,1200
501 100 1536,384,1224,1200
502 100 1560,384,1224,1200
503 100 1560,384,1224,1200
504 100 1560,384,1224,1200
505 100 1584,384,1224,1224
506 100 1584,384,1224,1224
507 100 1584,384,1224,1224
508 100 1608,384,1224,1224
509 100 1608,384,1224,1224
510 100 1632,384,1224,1224
511 100 1632,384,1224,1224
512 100 1632,384,1224,1224
513 100 1656,408,1224,1200
514 100 1656,408,1224,1200
515 100 1656,408,1224,1200
516 100 1680,408,1224,1200
517 100 1680,408,1224,1200
518 100 1704,384,1224,1224
519 100 1704,384,1224,1224
520 100 1704,384,1224,1224
521 100 1728,384,1224,1224
522 100 1728,384,1224,1224
523 100 1728,384,1224,1224
524 100 1776,408,1224,1200
525 100 1776,408,1224,1200
526 100 1776,408,1224,1200
527 100 1800,408,1224,1200
528 100 1800,408,1224,1200
529 100 1800,408,1224,1200
530 100 1824,408,1224,1200
531 100 1824,408,1224,1200
532 100 1824,408,1224,1200
533 100 1848,408,1224,1200
534 100 1848,408,1224,1200
535 100 1848,408,1224,1200
536 100 1872,408,1224,1200
537 100 1872,408,1224,1200
538 100 1920,408,1224,1200
539 100 1920,408,1224,1200
540 100 1920,408,1224,1200
541 100 1944,408,1224,1200
542 100 1944,408,1224,1200
543 100 1944,408,1224,1200
544 100 1968,408,1224,1224
545 100 1968,408,1224,1224
546 100 1992,432,1224,1200
547 100 1992,432,1224,1200
548 100 1992,432,1224,1200
549 100 2016,432,1224,1200
550 100 2016,432,1224,1200
551 100 2016,432,1224,1200
552 100 2040,432,1224,1200
553 100 2040,432,1224,1200
554 100 2040,432,1224,1200
555 100 2088,432,1224,1200
556 100 2088,432,1224,1200
557 100 2088,432,1224,1200
558 100 2112,432,1224,1200
559 100 2112,432,1224,1200
560 100 2112,432,1224,1200
561 100 2136,432,1224,1224
562 100 2136,432,1224,1224
563 100 2136,432,1224,1224
564 100 2136,432,1224,1224
565 100 2136,432,1224,1224
566 100 2160,432,1224,1224
567 100 2160,432,1224,1224
568 100 2160,432,1224,1224
569 100 2184,456,1224,1200
570 100 2184,456,1224,1200
571 100 2208,456,1224,1200
572 100 2208,456,1224,1200
573 100 2208,456,1224,1200
574 100 2232,456,1224,1224
575 100 2232,456,1224,1224
576 100 2232,456,1224,1224
577 100 2232,456,1224,1224
578 100 2256,480,1224,1200
579 100 2256,480,1224,1200
580 100 2280,480,1224,1224
581 100 2280,480,1224,1224
582 100 2280,480,1224,1224
583 100 2280,504,1224,1200
584 100 2280,504,1224,1200
585 100 2280,504,1224,1200
586 100 2304,504,1224,1200
587 100 2304,504,1224,1200
588 100 2304,504,1224,1200
589 100 2304,504,1224,1200
590 100 2304,504,1224,1200
591 100 2328,504,1224,1224
592 100 2328,504,1224,1224
593 100 2328,504,1224,1224
594 100 2328,504,1224,1224
595 100 2328,504,1224,1224
596 100 2328,504,1224,1224
597 100 2352,528,1224,1200
598 100 2352,528,1224,1200
599 100 2352,528,1224,1200
600 100 2352,528,1224,1200
601 100 2352,528,1224,1200
602 100 2352,528,1224,1200
603 100 2352,528,1224,1200
604 100 2352,528,1224,1200
605 100 2352,528,1224,1200
606 100 2376,528,1224,1200
607 100 2376,528,1224,1200
608 100 2376,528,1224,1224
609 100 2376,528,1224,1224
610 100 2376,528,1224,1224
611 100 2400,552,1224,1200
612 100 2400,552,1224,1200
613 100 2400,552,1224,1200
614 100 2400,552,1224,1200
615 100 2400,552,1224,1200
616 100 2424,552,1224,1200
617 100 2424,552,1224,1200
618 100 2424,552,1224,1200
619 100 2424,576,1224,1200
620 100 2424,576,1224,1200
621 100 2424,576,1224,1200
622 100 2448,576,1224,1200
623 100 2448,576,1224,1200
624 100 2448,576,1224,1200
625 100 2472,576,1224,1224
626 100 2472,576,1224,1224
627 100 2472,600,1224,1200
628 100 2472,600,1224,1200
629 100 2472,600,1224,1200
630 100 2472,600,1224,1200
631 100 2496,600,1224,1200
632 100 2496,600,1224,1200
633 100 2496,600,1224,1224
634 100 2496,600,1224,1224
635 100 2496,600,1224,1224
636 100 2520,600,1224,1224
637 100 2520,600,1224,1224
638 100 2520,600,1224,1224
639 100 2520,624,1224,1200
640 100 2520,624,1224,1200
641 100 2520,624,1224,1200
642 100 2544,624,1224,1200
643 100 2544,624,1224,1200
644 100 2544,624,1224,1200
645 100 2544,624,1224,1200
646 100 2544,624,1224,1200
647 100 2568,624,1224,1200
648 100 2568,624,1224,1200
649 100 2568,624,1224,1200
650 100 2568,624,1224,1200
651 100 2616,624,1224,1200
652 100 2616,624,1224,1200
653 100 2664,624,1224,1200
654 100 2664,624,1224,1200
655 100 2664,624,1224,1200
656 100 2640,624,1224,1200
657 100 2640,624,1224,1200
658 100 2640,624,1224,1200
659 100 2712,624,1224,1224
660 100 2712,624,1224,1224
661 100 2712,624,1224,1224
662 100 2736,624,1224,1224
663 100 2736,624,1224,1224
664 100 2784,648,1224,1200
665 100 2784,648,1224,1200
666 100 2784,648,1224,1200
667 100 2784,648,1224,1200
668 100 2784,648,1224,1200
669 100 2784,648,1224,1200
670 100 2784,648,1224,1200
671 100 2832,648,1224,1224
672 100 2832,648,1224,1224
673 100 2880,648,1224,1224
674 100 2880,648,1224,1224
675 100 2880,648,1224,1224
676 100 2880,672,1224,1200
677 100 2880,672,1224,1200
678 100 2880,672,1224,1200
679 100 2928,672,1224,1200
680 100 2928,672,1224,1200
681 100 3000,672,1224,1224
682 100 3000,672,1224,1224
683 100 3000,672,1224,1224
684 100 3000,672,1224,1224
685 100 3000,672,1224,1224
686 100 3000,672,1224,1224
687 100 3000,672,1224,1224
688 100 3000,672,1224,1224
689 100 3000,672,1224,1224
690 100 2976,672,1224,1224
691 100 2976,672,1224,1224
692 100 2976,672,1224,1224
693 100 3096,672,1224,1224
694 100 3096,672,1224,1224
695 100 3096,672,1224,1224
696 100 3048,696,1224,1200
697 100 3048,696,1224,1200
698 100 3048,696,1224,1200
699 100 3024,696,1224,1200
700 100 3024,696,1224,1200
701 100 3024,696,1224,1200
702 100 3024,696,1224,1200
703 100 3024,696,1224,1200
704 100 3024,696,1224,1200
705 100 3024,696,1224,1200
706 100 3024,696,1224,1200
707 100 3144,696,1224,1200
708 100 3144,696,1224,1200
709 100 3144,696,1224,1200
710 100 3144,696,1224,1200
711 100 3144,696,1224,1200
712 100 3144,696,1224,1200
713 100 3144,696,1224,1200
714 100 3144,696,1224,1200
715 100 3144,696,1224,1200
716 100 3120,696,1224,1224
717 100 3120,696,1224,1224
718 100 3120,696,1224,1224
719 100 3096,696,1224,1224
720 100 3096,696,1224,1224
721 100 3096,720,1224,1200
722 100 3096,720,1224,1200
723 100 3096,720,1224,1200
724 100 3048,720,1224,1200
725 100 3048,720,1224,1200
726 100 3048,720,1224,1200
727 100 3024,720,1224,1200
728 100 3024,720,1224,1200
729 100 3024,720,1224,1200
730 100 3168,720,1224,1200
731 100 3168,720,1224,1200
732 100 3168,720,1224,1200
733 100 3168,720,1224,1200
734 100 3168,720,1224,1200
735 100 3168,720,1224,1200
736 100 3144,720,1224,1200
737 100 3144,720,1224,1200
738 100 3144,720,1224,1200
739 100 3120,720,1224,1200
740 100 3120,720,1224,1200
741 100 3120,720,1224,1200
742 100 3072,720,1224,1224
743 100 3072,720,1224,1224
744 100 3072,744,1224,1200
745 100 3072,744,1224,1200
746 100 3072,744,1224,1200
747 100 3168,744,1224,1200
748 100 3168,744,1224,1200
749 100 3168,744,1224,1200
750 100 3120,744,1224,1200
751 100 3120,744,1224,1200
752 100 3120,744,1224,1200
753 100 3120,744,1224,1200
754 100 3120,744,1224,1200
755 100 3096,744,1224,1200
756 100 3096,744,1224,1200
757 100 3096,744,1224,1200
758 100 3096,744,1224,1200
759 100 3096,744,1224,1200
760 100 3096,744,1224,1200
761 100 3096,744,1224,1224
762 100 3096,744,1224,1224
763 100 3096,744,1224,1224
764 100 3096,744,1224,1224
765 100 3096,744,1224,1224
766 100 3096,744,1224,1224
767 100 3096,744,1224,1224
768 100 3096,744,1224,1224
769 100 3072,744,1224,1224
770 100 3072,744,1224,1224
771 100 3072,744,1224,1224
772 100 3072,744,1224,1224
773 100 3072,744,1224,1224
774 100 3072,744,1224,1224
775 100 3072,744,1224,1224
776 100 3072,744,1224,1224
777 100 3072,744,1224,1224
778 100 3024,768,1224,1200
779 100 3024,768,1224,1200
780 100 3024,768,1224,1200
781 100 3024,768,1224,1200
782 100 3024,768,1224,1200
783 100 3024,768,1224,1200
784 100 3024,768,1224,1200
785 100 3024,768,1224,1200
786 100 3024,768,1224,1200
787 100 3000,768,1224,1200
788 100 3000,768,1224,1200
789 100 3000,768,1224,1200
790 100 3000,768,1224,1200
791 100 3000,768,1224,1200
792 100 3000,768,1224,1200
793 100 3000,768,1224,1200
794 100 3000,768,1224,1200
795 100 3000,768,1224,1200
796 100 3000,768,1224,1200
797 100 3000,768,1224,1200
798 100 3000,768,1224,1200
799 100 3000,768,1224,1200
800 100 3000,768,1224,1200
801 100 3000,768,1224,1200
802 100 3000,768,1224,1200
803 100 2976,768,1224,1200
804 100 2976,768,1224,1200
805 100 2976,768,1224,1200
806 100 2976,768,1224,1200
807 100 2976,768,1224,1200
808 100 2976,768,1224,1200
809 100 3000,768,1224,1200
810 100 3000,768,1224,1200
811 100 3000,768,1224,1200
812 100 3024,768,1224,1200
813 100 3024,768,1224,1200
814 100 2928,744,1224,1224
815 100 2928,744,1224,1224
816 100 2928,744,1224,1224
817 100 2856,744,1224,1200
818 100 2856,744,1224,1200
819 100 2856,744,1224,1200
820 100 2784,744,1224,1200
821 100 2784,744,1224,1200
822 100 2664,744,1224,1200
823 100 2664,744,1224,1200
824 100 2664,744,1224,1200
825 100 2592,720,1224,1200
826 100 2592,720,1224,1200
827 100 2592,720,1224,1200
828 100 2592,720,1224,1200
829 100 2496,720,1224,1200
830 100 2496,720,1224,1200
831 100 2400,696,1224,1200
832 100 2400,696,1224,1200
833 100 2400,696,1224,1200
834 100 2352,696,1224,1200
835 100 2352,696,1224,1200
836 100 2352,696,1224,1200
837 100 2328,696,1224,1200
838 100 2328,696,1224,1200
839 100 2328,672,1224,1224
840 100 2328,672,1224,1224
841 100 2328,672,1224,1224
842 100 2304,672,1224,1224
843 100 2304,672,1224,1224
844 100 2304,672,1224,1224
845 100 2280,672,1224,1200
846 100 2280,672,1224,1200
847 100 2280,672,1224,1200
848 100 2256,672,1224,1200
849 100 2256,672,1224,1200
850 100 2256,648,1224,1224
851 100 2256,648,1224,1224
852 100 2256,648,1224,1224
853 100 2256,648,1224,1224
854 100 2256,648,1224,1224
855 100 2256,648,1224,1224
856 100 2256,648,1224,1224
857 100 2232,648,1224,1224
858 100 2232,648,1224,1224
859 100 2232,648,1224,1200
860 100 2232,648,1224,1200
861 100 2232,648,1224,1200
862 100 2232,624,1224,1224
863 100 2232,624,1224,1224
864 100 2232,624,1224,1224
865 100 2232,624,1224,1224
866 100 2232,624,1224,1224
867 100 2232,624,1224,1200
868 100 2232,624,1224,1200
869 100 2232,624,1224,1200
870 100 2232,624,1224,1200
871 100 2232,624,1224,1200
872 100 2232,624,1224,1200
873 100 2232,624,1224,1224
874 100 2232,624,1224,1224
875 100 2232,624,1224,1224
876 100 2232,624,1224,1224
877 100 2232,624,1224,1224
878 100 2232,624,1224,1200
879 100 2232,624,1224,1200
880 100 2232,624,1224,1200
881 100 2232,624,1224,1200
882 100 2232,624,1224,1200
883 100 2232,624,1224,1200
884 100 2232,624,1224,1200
885 100 2208,600,1224,1224
886 100 2208,600,1224,1224
887 100 2208,576,1224,1224
888 100 2208,576,1224,1224
889 100 2208,576,1224,1224
890 100 2208,528,1224,1224
891 100 2208,528,1224,1224
892 100 2208,480,1224,1224
893 100 2208,480,1224,1224
894 100 2208,480,1224,1224
895 100 2160,432,1224,1224
896 100 2160,432,1224,1224
897 100 2160,432,1224,1224
898 100 2112,408,1224,1200
899 100 2112,408,1224,1200
900 100 2112,408,1224,1200
901 100 2088,384,1224,1200
902 100 2088,384,1224,1200
903 100 2088,384,1224,1200
904 100 2040,360,1224,1200
905 100 2040,360,1224,1200
906 100 2040,360,1224,1200
907 100 1992,312,1224,1224
908 100 1992,312,1224,1224
909 100 1992,312,1224,1224
910 100 1968,288,1224,1224
911 100 1968,288,1224,1224
912 100 1920,288,1224,1200
913 100 1920,288,1224,1200
914 100 1920,288,1224,1200
915 100 1896,264,1224,1224
916 100 1896,264,1224,1224
917 100 1872,264,1224,1200
918 100 1872,264,1224,1200
919 100 1872,264,1224,1200
920 100 1848,264,1224,1200
921 100 1848,264,1224,1200
922 100 1848,264,1224,1200
923 100 1824,240,1224,1200
924 100 1824,240,1224,1200
925 100 1824,240,1224,1200
926 100 1776,240,1224,1200
927 100 1776,240,1224,1200
928 100 1776,240,1224,1200
929 100 1728,216,1224,1200
930 100 1728,216,1224,1200
931 100 1728,216,1224,1200
932 100 1632,216,1224,1200
933 100 1632,216,1224,1200
934 100 1632,216,1224,1200
935 100 1584,216,1224,1200
936 100 1584,216,1224,1200
937 100 1560,192,1224,1224
938 100 1560,192,1224,1224
939 100 1560,192,1224,1224
940 100 1560,192,1224,1224
941 100 1560,192,1224,1224
942 100 1560,192,1224,1224
943 100 1536,216,1224,1200
944 100 1536,216,1224,1200
945 100 1536,216,1224,1200
946 100 1536,216,1224,1200
947 100 1536,216,1224,1200
948 100 1512,216,1224,1200
949 100 1512,216,1224,1200
950 100 1512,216,1224,1200
951 100 1512,216,1224,1200
952 100 1512,216,1224,1200
953 100 1512,216,1224,1200
954 100 1512,216,1224,1200
955 100 1512,216,1224,1224
956 100 1512,216,1224,1224
957 100 1512,216,1224,1224
958 100 1512,216,1224,1224
959 100 1512,216,1224,1224
960 100 1512,216,1224,1224
961 100 1512,216,1224,1224
962 100 1488,216,1224,1224
963 100 1488,216,1224,1224
964 100 1488,216,1224,1224
965 100 1464,240,1224,1200
966 100 1464,240,1224,1200
967 100 1464,240,1224,1200
968 100 1464,240,1224,1224
969 100 1464,240,1224,1224
970 100 1464,240,1224,1224
971 100 1464,264,1224,1200
972 100 1464,264,1224,1200
973 100 1464,264,1224,1200
974 100 1464,264,1224,1224
975 100 1464,264,1224,1224
976 100 1464,264,1224,1224
977 100 1464,264,1224,1224
978 100 1464,264,1224,1224
979 100 1488,288,1224,1200
980 100 1488,288,1224,1200
981 100 1488,288,1224,1200
982 100 1488,288,1224,1224
983 100 1488,288,1224,1224
984 100 1488,288,1224,1224
985 100 1488,288,1224,1224
986 100 1488,288,1224,1224
987 100 1488,288,1224,1224
988 100 1512,312,1224,1224
989 100 1512,312,1224,1224
990 100 1512,312,1224,1224
991 100 1512,336,1224,1200
992 100 1512,336,1224,1200
993 100 1512,336,1224,1224
994 100 1512,336,1224,1224
995 100 1512,336,1224,1224
996 100 1512,360,1224,1200
997 100 1512,360,1224,1200
998 100 1512,360,1224,1200
999 100 1536,360,1224,1200
1000 100 1536,360,1224,1200
1001 100 1536,360,1224,1200
1002 100 1536,360,1224,1200
1003 100 1536,360,1224,1200
1004 100 1536,360,1224,1200
1005 100 1536,360,1224,1200
1006 100 1536,384,1224,1200
1007 100 1536,384,1224,1200
1008 100 1536,384,1224,1224
1009 100 1536,384,1224,1224
1010 100 1536,384,1224,1224
1011 100 1560,408,1224,1224
1012 100 1560,408,1224,1224
1013 100 1560,432,1224,1200
1014 100 1560,432,1224,1200
1015 100 1560,432,1224,1200
1016 100 1560,432,1224,1224
1017 100 1560,432,1224,1224
1018 100 1560,432,1224,1224
1019 100 1584,456,1224,1200
1020 100 1584,456,1224,1200
1021 100 1584,456,1224,1200
1022 100 1584,480,1224,1200
1023 100 1584,480,1224,1200
1024 100 1584,480,1224,1200
1025 100 1584,480,1224,1224
1026 100 1584,480,1224,1224
1027 100 1584,480,1224,1224
1028 100 1584,480,1224,1224
1029 100 1584,480,1224,1224
1030 100 1584,480,1224,1224
1031 100 1584,504,1224,1200
1032 100 1584,504,1224,1200
1033 100 1584,504,1224,1224
1034 100 1584,504,1224,1224
1035 100 1584,504,1224,1224
1036 100 1584,528,1224,1200
1037 100 1584,528,1224,1200
1038 100 1584,528,1224,1200
1039 100 1584,552,1224,1200
1040 100 1584,552,1224,1200
1041 100 1584,552,1224,1200
1042 100 1584,552,1224,1200
1043 100 1584,552,1224,1200
1044 100 1584,552,1224,1200
1045 100 1584,552,1224,1224
1046 100 1584,552,1224,1224
1047 100 1584,576,1224,1200
1048 100 1584,576,1224,1200
1049 100 1584,576,1224,1200
1050 100 1584,576,1224,1224
1051 100 1584,576,1224,1224
1052 100 1584,576,1224,1224
1053 100 1560,600,1224,1200
1054 100 1560,600,1224,1200
1055 100 1560,600,1224,1200
1056 100 1536,624,1224,1200
1057 100 1536,624,1224,1200
1058 100 1488,648,1224,1200
1059 100 1488,648,1224,1200
1060 100 1488,648,1224,1200
1061 100 1440,672,1224,1200
1062 100 1440,672,1224,1200
1063 100 1440,672,1224,1200
1064 100 1440,672,1224,1200
1065 100 1392,696,1224,1200
1066 100 1392,696,1224,1200
1067 100 1368,720,1224,1200
1068 100 1368,720,1224,1200
1069 100 1368,720,1224,1200
1070 100 1344,720,1224,1224
1071 100 1344,720,1224,1224
1072 100 1344,720,1224,1224
1073 100 1320,744,1224,1200
1074 100 1320,744,1224,1200
1075 100 1320,744,1224,1200
1076 100 1296,744,1224,1200
1077 100 1296,744,1224,1200
1078 100 1272,744,1224,1224
1079 100 1272,744,1224,1224
1080 100 1272,744,1224,1224
1081 100 1248,768,1224,1200
1082 100 1248,768,1224,1200
1083 100 1248,768,1224,1200
1084 100 1248,768,1224,1200
1085 100 1224,792,1224,1200
1086 100 1224,792,1224,1200
1087 100 1200,792,1224,1224
1088 100 1200,792,1224,1224
1089 100 1200,792,1224,1224
1090 100 1176,816,1224,1224
1091 100 1176,816,1224,1224
1092 100 1176,816,1224,1224
1093 100 1128,864,1224,1200
1094 100 1128,864,1224,1200
1095 100 1128,864,1224,1200
1096 100 1080,888,1224,1200
1097 100 1080,888,1224,1200
1098 100 1080,888,1224,1200
1099 100 1056,912,1224,1224
1100 100 1056,912,1224,1224
1101 100 1008,936,1224,1224
1102 100 1008,936,1224,1224
1103 100 1008,936,1224,1224
1104 100 1008,960,1224,1200
1105 100 1008,960,1224,1200
1106 100 1008,960,1224,1200
1107 100 1008,960,1224,1200
1108 100 984,984,1224,1176
1109 100 984,984,1224,1176
1110 100 960,984,1224,1176
1111 100 960,984,1224,1176
1112 100 960,984,1224,1176
1113 100 936,984,1224,1176
1114 100 936,984,1224,1176
1115 100 792,984,1224,1176
1116 100 792,984,1224,1176
1117 100 792,984,1224,1176
1118 100 792,984,1224,1176
1119 100 696,1008,1224,1152
1120 100 696,1008,1224,1152
1121 100 600,1008,1224,1152
1122 100 600,1008,1224,1152
1123 100 600,1008,1224,1152
1124 100 504,1008,1224,1152
1125 100 504,1008,1224,1152
1126 100 504,1008,1224,1152
1127 100 264,1008,1224,1152
1128 100 264,1008,1224,1152
1129 100 264,1008,1224,1152
1130 100 0,1008,1224,1152
1131 100 0,1008,1224,1152
1132 100 0,1008,1224,1152
1133 100 0,1032,1224,1128
1134 100 0,1032,1224,1128
1135 100 0,1032,1224,1128
1136 100 0,1056,1224,1104
1137 100 0,1056,1224,1104
1138 100 0,1080,1224,1080
1139 100 0,1080,1224,1080
1140 100 0,1080,1224,1080
1141 100 0,1080,1224,1080
1142 100 0,1080,1224,1080
1143 100 0,1080,1224,1080
1144 100 0,1104,1224,1056
1145 100 0,1104,1224,1056
1146 100 0,1104,1224,1056
1147 100 0,1128,1224,1032
1148 100 0,1128,1224,1032
1149 100 0,1128,1224,1032
1150 100 0,1152,1224,1008
1151 100 0,1152,1224,1008
1152 100 0,1152,1224,1008
1153 100 0,1152,1224,1008
1154 100 0,1152,1224,1008
1155 100 0,1152,1224,1008
1156 100 0,1176,1224,984
1157 100 0,1176,1224,984
1158 100 0,1176,1224,984
1159 100 0,1176,1224,984
1160 100 0,1176,1224,984
1161 100 0,1176,1224,984
1162 100 0,1176,1224,984
1163 100 0,1176,1224,984
1164 100 0,1176,1224,984
1165 100 0,1176,1224,984
1166 100 0,1176,1224,984
1167 100 0,1176,1224,984
1168 100 0,1176,1224,984
1169 100 0,1176,1224,984
1170 100 0,1176,1224,984
1171 100 0,1176,1224,984
1172 100 0,1176,1224,984
1173 100 0,1176,1224,984
1174 100 0,1176,1224,984
1175 100 0,1176,1224,984
1176 100 0,1176,1224,984
1177 100 0,1176,1224,984
1178 100 0,1176,1224,984
1179 100 0,1176,1224,984
1180 100 0,1176,1224,984
1181 100 0,1176,1224,984
1182 100 0,1176,1224,984
1183 100 0,1176,1224,984
1184 100 0,1176,1224,984
1185 100 0,1176,1224,984
1186 100 0,1176,1224,984
1187 100 0,1176,1224,984
1188 100 0,1176,1224,984
1189 100 0,1176,1224,984
1190 100 0,1176,1224,984
1191 100 0,1176,1224,984
1192 100 0,1176,1224,984
1193 100 0,1176,1224,984
1194 100 0,1176,1224,984
1195 100 0,1176,1224,984
1196 100 0,1176,1224,984
1197 100 0,1176,1224,984
1198 100 0,1176,1224,984
1199 100 0,1176,1224,984
1200 100 0,1176,1224,984
1201 100 0,1176,1224,984
1202 100 0,1176,1224,984
1203 100 0,1176,1224,984
1204 100 0,1176,1224,984
1205 100 0,1176,1224,984
1206 100 0,1176,1224,984
1207 100 0,1176,1224,984
1208 100 0,1176,1224,984
1209 100 0,1176,1224,984
1210 100 0,1176,1224,984
1211 100 0,1176,1224,984
1212 100 0,1176,1224,984
1213 100 0,1176,1224,984
1214 100 0,1176,1224,984
1215 100 0,1176,1224,984
1216 100 0,1176,1224,984
1217 100 0,1176,1224,984
1218 100 0,1176,1224,984
1219 100 0,1176,1224,984
1220 100 0,1176,1224,984
1221 100 0,1176,1224,984
1222 100 0,1176,1224,984
1223 100 0,1176,1224,984
1224 100 0,1176,1224,984
1225 100 0,1176,1224,984
1226 100 0,1176,1224,984
1227 100 0,1176,1224,984
1228 100 0,1176,1224,984
1229 100 0,1152,1224,1008
1230 100 0,1152,1224,1008
1231 100 0,1152,1224,1008
1232 100 0,1152,1224,1008
1233 100 0,1152,1224,1008
1234 100 0,1152,1224,1008
1235 100 0,1152,1224,1008
1236 100 0,1152,1224,1008
1237 100 0,1152,1224,1008
1238 100 0,1152,1224,1008
1239 100 0,1152,1224,1008
1240 100 0,1152,1224,1008
1241 100 0,1152,1224,1008
1242 100 0,1152,1224,1008
1243 100 0,1152,1224,1008
1244 100 0,1128,1224,1032
1245 100 0,1128,1224,1032
1246 100 0,1128,1224,1032
1247 100 0,1104,1224,1056
1248 100 0,1104,1224,1056
1249 100 0,1080,1224,1080
1250 100 0,1080,1224,1080
1251 100 0,1080,1224,1080
1252 100 0,1032,1224,1128
1253 100 0,1032,1224,1128
1254 100 0,1032,1224,1128
1255 100 360,1008,1224,1152
1256 100 360,1008,1224,1152
1257 100 360,1008,1224,1152
1258 100 1032,984,1224,1176
1259 100 1032,984,1224,1176
1260 100 1032,984,1224,1176
1261 100 1056,960,1224,1200
1262 100 1056,960,1224,1200
1263 100 1056,960,1224,1200
1264 100 1080,936,1224,1200
1265 100 1080,936,1224,1200
1266 100 1080,936,1224,1200
1267 100 1104,912,1224,1200
1268 100 1104,912,1224,1200
1269 100 1104,912,1224,1200
1270 100 1128,888,1224,1200
1271 100 1128,888,1224,1200
1272 100 1152,864,1224,1200
1273 100 1152,864,1224,1200
1274 100 1152,864,1224,1200
1275 100 1176,840,1224,1200
1276 100 1176,840,1224,1200
1277 100 1176,840,1224,1200
1278 100 1200,816,1224,1224
1279 100 1200,816,1224,1224
1280 100 1224,816,1224,1200
1281 100 1224,816,1224,1200
1282 100 1224,816,1224,1200
1283 100 1224,792,1224,1200
1284 100 1224,792,1224,1200
1285 100 1224,792,1224,1200
1286 100 1248,768,1224,1224
1287 100 1248,768,1224,1224
1288 100 1248,768,1224,1224
1289 100 1272,768,1224,1200
1290 100 1272,768,1224,1200
1291 100 1272,768,1224,1200
1292 100 1272,768,1224,1200
1293 100 1272,768,1224,1200
1294 100 1272,768,1224,1200
1295 100 1272,768,1224,1200
1296 100 1272,768,1224,1200
1297 100 1272,768,1224,1200
1298 100 1296,744,1224,1224
1299 100 1296,744,1224,1224
1300 100 1296,744,1224,1224
1301 100 1296,744,1224,1224
1302 100 1296,744,1224,1224
1303 100 1296,744,1224,1224
1304 100 1296,744,1224,1200
1305 100 1296,744,1224,1200
1306 100 1296,744,1224,1200
1307 100 1296,744,1224,1200
1308 100 1296,744,1224,1200
1309 100 1296,744,1224,1200
1310 100 1296,744,1224,1200
1311 100 1296,744,1224,1200
1312 100 1296,744,1224,1200
1313 100 1296,744,1224,1200
1314 100 1296,744,1224,1200
1315 100 1296,744,1224,1200
1316 100 1296,744,1224,1200
1317 100 1296,744,1224,1200
1318 100 1296,744,1224,1200
1319 100 1296,744,1224,1200
1320 100 1296,744,1224,1200
1321 100 1296,744,1224,1200
1322 100 1296,744,1224,1200
1323 100 1296,744,1224,1200
1324 100 1296,744,1224,1200
1325 100 1296,744,1224,1200
1326 100 1296,744,1224,1200
1327 100 1296,744,1224,1200
1328 100 1296,744,1224,1200
1329 100 1320,744,1224,1200
1330 100 1320,744,1224,1200
1331 100 1320,744,1224,1200
1332 100 1320,744,1224,1200
1333 100 1320,744,1224,1200
1334 100 1320,744,1224,1200
1335 100 1320,744,1224,1200
1336 100 1320,744,1224,1200
1337 100 1320,720,1224,1224
1338 100 1320,720,1224,1224
1339 100 1320,720,1224,1224
1340 100 1320,720,1224,1224
1341 100 1320,720,1224,1224
1342 100 1320,720,1224,1224
1343 100 1320,720,1224,1224
1344 100 1320,720,1224,1224
1345 100 1320,720,1224,1224
1346 100 1344,720,1224,1200
1347 100 1344,720,1224,1200
1348 100 1344,720,1224,1200
1349 100 1344,720,1224,1200
1350 100 1344,720,1224,1200
1351 100 1344,720,1224,1200
1352 100 1344,720,1224,1200
1353 100 1344,720,1224,1200
1354 100 1368,720,1224,1200
1355 100 1368,720,1224,1200
1356 100 1368,720,1224,1200
1357 100 1368,696,1224,1224
1358 100 1368,696,1224,1224
1359 100 1368,696,1224,1224
1360 100 1392,696,1224,1224
1361 100 1392,696,1224,1224
1362 100 1392,696,1224,1224
1363 100 1392,696,1224,1200
1364 100 1392,696,1224,1200
1365 100 1392,696,1224,1200
1366 100 1392,696,1224,1200
1367 100 1392,696,1224,1200
1368 100 1392,696,1224,1200
1369 100 1416,696,1224,1200
1370 100 1416,696,1224,1200
1371 100 1416,696,1224,1200
1372 100 1416,696,1224,1200
1373 100 1416,696,1224,1200
1374 100 1416,696,1224,1200
1375 100 1416,696,1224,1200
1376 100 1416,696,1224,1200
1377 100 1416,696,1224,1200
1378 100 1416,696,1224,1200
1379 100 1416,696,1224,1200
1380 100 1416,696,1224,1200
1381 100 1416,696,1224,1200
1382 100 1440,696,1224,1200
1383 100 1440,696,1224,1200
1384 100 1440,696,1224,1200
1385 100 1440,672,1224,1224
1386 100 1440,672,1224,1224
1387 100 1440,672,1224,1224
1388 100 1440,672,1224,1224
1389 100 1440,672,1224,1224
1390 100 1440,672,1224,1224
1391 100 1440,672,1224,1224
1392 100 1464,672,1224,1200
1393 100 1464,672,1224,1200
1394 100 1488,672,1224,1200
1395 100 1488,672,1224,1200
1396 100 1488,672,1224,1200
1397 100 1536,672,1224,1200
1398 100 1536,672,1224,1200
1399 100 1536,672,1224,1200
1400 100 1584,672,1224,1200
1401 100 1584,672,1224,1200
1402 100 1584,672,1224,1200
1403 100 1608,672,1224,1200
1404 100 1608,672,1224,1200
1405 100 1656,672,1224,1200
1406 100 1656,672,1224,1200
1407 100 1656,672,1224,1200
1408 100 1656,672,1224,1200
1409 100 1656,672,1224,1200
1410 100 1656,672,1224,1200
1411 100 1656,672,1224,1200
1412 100 1656,672,1224,1200
1413 100 1656,672,1224,1200
1414 100 1656,672,1224,1200
1415 100 1656,672,1224,1200
1416 100 1656,672,1224,1200
1417 100 1656,672,1224,1224
1418 100 1656,672,1224,1224
1419 100 1656,672,1224,1224
1420 100 1680,672,1224,1224
1421 100 1680,672,1224,1224
1422 100 1680,672,1224,1224
1423 100 1704,672,1224,1224
1424 100 1704,672,1224,1224
1425 100 1728,672,1224,1224
1426 100 1728,672,1224,1224
1427 100 1728,672,1224,1224
1428 100 1728,672,1224,1224
1429 100 1728,672,1224,1224
1430 100 1728,672,1224,1224
1431 100 1728,672,1224,1224
1432 100 1752,672,1224,1224
1433 100 1752,672,1224,1224
1434 100 1752,672,1224,1224
1435 100 1752,672,1224,1224
1436 100 1752,672,1224,1224
1437 100 1776,672,1224,1224
1438 100 1776,672,1224,1224
1439 100 1776,672,1224,1224
1440 100 1800,672,1224,1200
1441 100 1800,672,1224,1200
1442 100 1824,672,1224,1200
1443 100 1824,672,1224,1200
1444 100 1824,672,1224,1200
1445 100 1848,672,1224,1200
1446 100 1848,672,1224,1200
1447 100 1848,672,1224,1200
1448 100 1872,672,1224,1224
1449 100 1872,672,1224,1224
1450 100 1872,672,1224,1224
1451 100 1872,696,1224,1200
1452 100 1872,696,1224,1200
1453 100 1872,696,1224,1200
1454 100 1896,696,1224,1200
1455 100 1896,696,1224,1200
1456 100 1920,696,1224,1224
1457 100 1920,696,1224,1224
1458 100 1920,696,1224,1224
1459 100 1944,696,1224,1224
1460 100 1944,696,1224,1224
1461 100 1944,696,1224,1224
1462 100 1944,696,1224,1224
1463 100 1944,696,1224,1224
1464 100 1944,696,1224,1224
1465 100 1968,696,1224,1224
1466 100 1968,696,1224,1224
1467 100 1968,696,1224,1224
1468 100 1968,696,1224,1224
1469 100 1968,696,1224,1224
1470 100 1968,696,1224,1224
1471 100 1968,696,1224,1224
1472 100 1968,696,1224,1224
1473 100 1992,720,1224,1200
1474 100 1992,720,1224,1200
1475 100 1992,720,1224,1200
1476 100 1992,720,1224,1200
1477 100 1992,720,1224,1200
1478 100 1992,720,1224,1200
1479 100 2016,696,1224,1224
1480 100 2016,696,1224,1224
1481 100 2016,696,1224,1224
1482 100 2064,696,1224,1224
1483 100 2064,696,1224,1224
1484 100 2064,696,1224,1224
1485 100 2064,696,1224,1224
1486 100 2064,696,1224,1224
1487 100 2064,696,1224,1224
1488 100 2064,696,1224,1224
1489 100 2064,696,1224,1224
1490 100 2064,696,1224,1224
1491 100 2064,696,1224,1224
1492 100 2064,696,1224,1224
1493 100 2064,696,1224,1224
1494 100 2064,696,1224,1224
1495 100 2064,696,1224,1224
1496 100 2064,720,1224,1200
1497 100 2064,720,1224,1200
1498 100 2064,720,1224,1200
1499 100 2064,720,1224,1200
1500 100 2064,720,1224,1200
1501 100 2064,720,1224,1200
1502 100 2064,720,1224,1200
1503 100 2064,720,1224,1200
1504 100 2088,720,1224,1200
1505 100 2088,720,1224,1200
1506 100 2088,720,1224,1200
1507 100 2112,720,1224,1200
1508 100 2112,720,1224,1200
1509 100 2112,720,1224,1200
1510 100 2136,744,1224,1200
1511 100 2136,744,1224,1200
1512 100 2184,744,1224,1200
1513 100 2184,744,1224,1200
1514 100 2184,744,1224,1200
1515 100 2208,744,1224,1224
1516 100 2208,744,1224,1224
1517 100 2208,744,1224,1224
1518 100 2232,744,1224,1224
1519 100 2232,744,1224,1224
1520 100 2256,768,1224,1200
1521 100 2256,768,1224,1200
1522 100 2256,768,1224,1200
1523 100 2280,768,1224,1224
1524 100 2280,768,1224,1224
1525 100 2280,768,1224,1224
1526 100 2280,792,1224,1200
1527 100 2280,792,1224,1200
1528 100 2304,792,1224,1200
1529 100 2304,792,1224,1200
1530 100 2304,792,1224,1200
1531 100 2304,792,1224,1200
1532 100 2304,792,1224,1200
1533 100 2304,792,1224,1200
1534 100 2304,792,1224,1200
1535 100 2304,792,1224,1200
1536 100 2304,792,1224,1200
1537 100 2328,792,1224,1200
1538 100 2328,792,1224,1200
1539 100 2328,792,1224,1200
1540 100 2328,792,1224,1224
1541 100 2328,792,1224,1224
1542 100 2328,792,1224,1224
1543 100 2328,792,1224,1224
1544 100 2328,792,1224,1224
1545 100 2328,792,1224,1224
1546 100 2328,792,1224,1224
1547 100 2328,792,1224,1224
1548 100 2328,792,1224,1224
1549 100 2328,792,1224,1224
1550 100 2328,792,1224,1224
1551 100 2328,792,1224,1224
1552 100 2328,792,1224,1224
1553 100 2328,792,1224,1224
1554 100 2328,792,1224,1224
1555 100 2328,792,1224,1224
1556 100 2328,792,1224,1224
1557 100 2304,816,1224,1200
1558 100 2304,816,1224,1200
1559 100 2304,816,1224,1200
1560 100 2304,816,1224,1200
1561 100 2304,816,1224,1200
1562 100 2304,816,1224,1200
1563 100 2304,816,1224,1200
1564 100 2304,816,1224,1200
1565 100 2304,816,1224,1200
1566 100 2304,816,1224,1200
1567 100 2304,816,1224,1200
1568 100 2280,816,1224,1200
1569 100 2280,816,1224,1200
1570 100 2280,816,1224,1200
1571 100 2280,816,1224,1224
1572 100 2280,816,1224,1224
1573 100 2256,816,1224,1224
1574 100 2256,816,1224,1224
1575 100 2256,816,1224,1224
1576 100 2256,840,1224,1224
1577 100 2256,840,1224,1224
1578 100 2256,840,1224,1224
1579 100 2208,888,1224,1200
1580 100 2208,888,1224,1200
1581 100 2208,888,1224,1200
1582 100 2184,936,1224,1224
1583 100 2184,936,1224,1224
1584 100 2184,936,1224,1224
1585 100 2160,960,1224,1200
1586 100 2160,960,1224,1200
1587 100 2160,960,1224,1200
1588 100 2160,960,1224,1200
1589 100 2160,960,1224,1200
1590 100 2088,984,1224,1176
1591 100 2088,984,1224,1176
1592 100 2088,984,1224,1176
1593 100 1080,1008,1224,1152
1594 100 1080,1008,1224,1152
1595 100 1080,1008,1224,1152
1596 100 0,1008,1224,1152
1597 100 0,1008,1224,1152
1598 100 0,1008,1224,1152
1599 100 0,1032,1224,1128
1600 100 0,1032,1224,1128
1601 100 0,1032,1224,1128
1602 100 0,1056,1224,1104
1603 100 0,1056,1224,1104
1604 100 0,1056,1224,1104
1605 100 0,1056,1224,1104
1606 100 0,1056,1224,1104
1607 100 0,1080,1224,1080
1608 100 0,1080,1224,1080
1609 100 0,1080,1224,1080
1610 100 0,1080,1224,1080
1611 100 0,1080,1224,1080
1612 100 0,1080,1224,1080
1613 100 0,1080,1224,1080
1614 100 0,1080,1224,1080
1615 100 0,1080,1224,1080
1616 100 0,1080,1224,1080
1617 100 0,1080,1224,1080
1618 100 0,1080,1224,1080
1619 100 0,1080,1224,1080
1620 100 0,1080,1224,1080
1621 100 0,1080,1224,1080
1622 100 0,1104,1224,1056
1623 100 0,1104,1224,1056
1624 100 0,1104,1224,1056
1625 100 0,1104,1224,1056
1626 100 0,1104,1224,1056
1627 100 0,1104,1224,1056
1628 100 0,1104,1224,1056
1629 100 0,1104,1224,1056
1630 100 0,1080,1224,1080
1631 100 0,1080,1224,1080
1632 100 0,1080,1224,1080
1633 100 0,1080,1224,1080
1634 100 0,1080,1224,1080
1635 100 0,1080,1224,1080
1636 100 0,1080,1224,1080
1637 100 0,1080,1224,1080
1638 100 0,1080,1224,1080
1639 100 0,1080,1224,1080
1640 100 0,1080,1224,1080
1641 100 0,1104,1224,1056
1642 100 0,1104,1224,1056
1643 100 0,1104,1224,1056
1644 100 0,1104,1224,1056
1645 100 0,1104,1224,1056
1646 100 0,1104,1224,1056
1647 100 0,1104,1224,1056
1648 100 0,1104,1224,1056
1649 100 0,1104,1224,1056
1650 100 0,1080,1224,1080
1651 100 0,1080,1224,1080
1652 100 0,1080,1224,1080
1653 100 0,1080,1224,1080
1654 100 0,1080,1224,1080
1655 100 0,1080,1224,1080
1656 100 0,1080,1224,1080
1657 100 0,1080,1224,1080
1658 100 0,1080,1224,1080
1659 100 0,1080,1224,1080
1660 100 0,1080,1224,1080
1661 100 0,1080,1224,1080
1662 100 0,1080,1224,1080
1663 100 0,1080,1224,1080
1664 100 0,1080,1224,1080
1665 100 0,1080,1224,1080
1666 100 0,1080,1224,1080
1667 100 0,1080,1224,1080
1668 100 0,1080,1224,1080
1669 100 0,1080,1224,1080
1670 100 0,1080,1224,1080
1671 100 0,1080,1224,1080
1672 100 0,1080,1224,1080
1673 100 0,1080,1224,1080
1674 100 0,1080,1224,1080
1675 100 0,1080,1224,1080
1676 100 0,1080,1224,1080
1677 100 0,1080,1224,1080
1678 100 0,1080,1224,1080
1679 100 0,1080,1224,1080
1680 100 0,1080,1224,1080
1681 100 0,1080,1224,1080
1682 100 0,1080,1224,1080
1683 100 0,1080,1224,1080
1684 100 0,1080,1224,1080
1685 100 0,1080,1224,1080
1686 100 0,1080,1224,1080
1687 100 0,1080,1224,1080
1688 100 0,1080,1224,1080
1689 100 0,1080,1224,1080
1690 100 0,1080,1224,1080
1691 100 0,1080,1224,1080
1692 100 0,1056,1224,1104
1693 100 0,1056,1224,1104
1694 100 0,1056,1224,1104
1695 100 0,1056,1224,1104
1696 100 0,1056,1224,1104
1697 100 0,1056,1224,1104
1698 100 0,1056,1224,1104
1699 100 0,1056,1224,1104
1700 100 0,1056,1224,1104
1701 100 0,1056,1224,1104
1702 100 0,1056,1224,1104
1703 100 0,1056,1224,1104
1704 100 0,1056,1224,1104
1705 100 0,1056,1224,1104
1706 100 0,1056,1224,1104
1707 100 0,1056,1224,1104
1708 100 0,1056,1224,1104
1709 100 0,1056,1224,1104
1710 100 0,1056,1224,1104
1711 100 0,1056,1224,1104
1712 100 0,1056,1224,1104
1713 100 0,1056,1224,1104
1714 100 0,1056,1224,1104
1715 100 0,1056,1224,1104
1716 100 0,1056,1224,1104
1717 100 0,1056,1224,1104
1718 100 0,1056,1224,1104
1719 100 0,1056,1224,1104
1720 100 0,1080,1224,1080
1721 100 0,1080,1224,1080
1722 100 0,1080,1224,1080
1723 100 0,1080,1224,1080
1724 100 0,1080,1224,1080
1725 100 0,1080,1224,1080
1726 100 0,1104,1224,1056
1727 100 0,1104,1224,1056
1728 100 0,1104,1224,1056
1729 100 0,1104,1224,1056
1730 100 0,1104,1224,1056
1731 100 0,1104,1224,1056
1732 100 0,1104,1224,1056
1733 100 0,1104,1224,1056
1734 100 0,1104,1224,1056
1735 100 0,1104,1224,1056
1736 100 0,1104,1224,1056
1737 100 0,1104,1224,1056
1738 100 0,1104,1224,1056
1739 100 0,1104,1224,1056
1740 100 0,1104,1224,1056
1741 100 0,1104,1224,1056
1742 100 0,1104,1224,1056
1743 100 0,1104,1224,1056
1744 100 0,1104,1224,1056
1745 100 0,1104,1224,1056
1746 100 0,1104,1224,1056
1747 100 0,1104,1224,1056
1748 100 0,1104,1224,1056
1749 100 0,1104,1224,1056
1750 100 0,1104,1224,1056
1751 100 0,1104,1224,1056
1752 100 0,1104,1224,1056
1753 100 0,1104,1224,1056
1754 100 0,1104,1224,1056
1755 100 0,1104,1224,1056
1756 100 0,1104,1224,1056
1757 100 0,1104,1224,1056
1758 100 0,1104,1224,1056
1759 100 0,1104,1224,1056
1760 100 0,1104,1224,1056
1761 100 0,1104,1224,1056
1762 100 0,1104,1224,1056
1763 100 0,1104,1224,1056
1764 100 0,1104,1224,1056
1765 100 0,1104,1224,1056
1766 100 0,1104,1224,1056
1767 100 0,1104,1224,1056
1768 100 0,1104,1224,1056
1769 100 0,1104,1224,1056
1770 100 0,1104,1224,1056
1771 100 0,1104,1224,1056
1772 100 0,1104,1224,1056
1773 100 0,1104,1224,1056
1774 100 0,1104,1224,1056
1775 100 0,1104,1224,1056
1776 100 0,1104,1224,1056
1777 100 0,1104,1224,1056
1778 100 0,1104,1224,1056
1779 100 0,1104,1224,1056
1780 100 0,1104,1224,1056
1781 100 0,1104,1224,1056
1782 100 0,1104,1224,1056
1783 100 0,1128,1224,1032
1784 100 0,1128,1224,1032
1785 100 0,1128,1224,1032
1786 100 0,1128,1224,1032
1787 100 0,1128,1224,1032
1788 100 0,1128,1224,1032
1789 100 0,1128,1224,1032
1790 100 0,1128,1224,1032
1791 100 0,1128,1224,1032
1792 100 0,1128,1224,1032
1793 100 0,1128,1224,1032
1794 100 0,1128,1224,1032
1795 100 0,1128,1224,1032
1796 100 0,1128,1224,1032
1797 100 0,1128,1224,1032
