0 100 168,648,1224,1224
1 100 144,672,1224,1224
2 100 144,696,1224,1200
3 100 144,696,1224,1200
4 100 144,696,1224,1200
5 100 144,696,1224,1200
6 100 144,696,1224,1200
7 100 144,696,1224,1200
8 100 168,696,1224,1200
9 100 168,696,1224,1200
10 100 168,696,1224,1200
11 100 168,696,1224,1200
12 100 168,672,1224,1224
13 100 168,672,1224,1224
14 100 168,672,1224,1224
15 100 168,672,1224,1224
16 100 168,672,1224,1224
17 100 144,696,1224,1200
18 100 144,696,1224,1200
19 100 120,720,1224,1200
20 100 96,744,1224,1200
21 100 72,768,1224,1224
22 100 24,816,1224,1200
23 100 0,840,1224,1200
24 100 0,864,1224,1200
25 100 0,888,1224,1200
26 100 0,912,1224,1200
27 100 0,912,1224,1224
28 100 0,936,1224,1224
29 100 48,936,1224,1224
30 100 120,960,1224,1200
31 100 1776,984,1224,1176
32 100 0,1008,1224,1152
33 100 0,1008,1224,1152
34 100 0,1008,1224,1152
35 100 0,1032,1224,1128
36 100 0,1032,1224,1128
37 100 0,1032,1224,1128
38 100 0,1032,1224,1128
39 100 0,1032,1224,1128
40 100 0,1032,1224,1128
41 100 0,1008,1224,1152
42 100 0,1008,1224,1152
43 100 0,1008,1224,1152
44 100 0,1008,1224,1152
45 100 0,984,1224,1176
46 100 504,984,1224,1176
47 100 2064,960,1224,1200
48 100 2640,936,1224,1224
49 100 288,936,1224,1224
50 100 216,912,1224,1224
51 100 144,888,1224,1224
52 100 72,864,1224,1224
53 100 0,864,1224,1224
54 100 48,864,1224,1200
55 100 144,840,1224,1224
56 100 96,840,1224,1200
57 100 24,816,1224,1224
58 100 96,816,1224,1200
59 100 24,792,1224,1224
60 100 144,768,1224,1224
61 100 72,768,1224,1200
62 100 0,744,1224,1200
63 100 96,720,1224,1224
64 100 24,720,1224,1200
65 100 3360,696,1224,1200
66 100 24,672,1224,1224
67 100 3408,672,1224,1200
68 100 3576,648,1224,1224
69 100 3480,648,1224,1200
70 100 3432,624,1224,1200
71 100 3408,600,1224,1200
72 100 3696,576,1224,1224
73 100 3480,576,1224,1200
74 100 3408,552,1224,1200
75 100 3648,528,1224,1224
76 100 3432,528,1224,1200
77 100 3576,528,1224,1200
78 100 3408,504,1224,1200
79 100 3528,504,1224,1200
80 100 3600,480,1224,1224
81 100 3600,480,1224,1224
82 100 3576,504,1224,1200
83 100 3504,504,1224,1200
84 100 3456,504,1224,1200
85 100 3432,504,1224,1200
86 100 3432,504,1224,1200
87 100 3408,504,1224,1200
88 100 3408,504,1224,1200
89 100 3456,504,1224,1200
90 100 3432,504,1224,1200
91 100 3432,504,1224,1200
92 100 3432,504,1224,1200
93 100 3432,504,1224,1200
94 100 3432,504,1224,1200
95 100 3408,504,1224,1200
96 100 3408,504,1224,1200
97 100 3408,504,1224,1200
98 100 3456,504,1224,1200
99 100 3432,504,1224,1200
100 100 3432,504,1224,1200
101 100 3432,504,1224,1200
102 100 3432,504,1224,1200
103 100 3432,504,1224,1200
104 100 3432,504,1224,1200
105 100 3432,504,1224,1200
106 100 3456,504,1224,1200
107 100 3456,504,1224,1200
108 100 3456,504,1224,1200
109 100 3432,504,1224,1200
110 100 3408,504,1224,1200
111 100 3384,504,1224,1200
112 100 3408,504,1224,1200
113 100 3408,504,1224,1200
114 100 3408,504,1224,1200
115 100 3408,504,1224,1200
116 100 3432,504,1224,1200
117 100 3456,504,1224,1200
118 100 3456,504,1224,1200
119 100 3480,504,1224,1200
120 100 3480,504,1224,1200
121 100 3480,504,1224,1200
122 100 3480,504,1224,1200
123 100 3504,504,1224,1200
124 100 3504,504,1224,1200
125 100 3480,504,1224,1200
126 100 3456,504,1224,1200
127 100 3432,504,1224,1200
128 100 3408,504,1224,1200
129 100 72,504,1224,1224
130 100 3384,504,1224,1200
131 100 3408,504,1224,1200
132 100 3408,504,1224,1200
133 100 3384,504,1224,1200
134 100 48,504,1224,1224
135 100 48,504,1224,1224
136 100 0,504,1224,1224
137 100 0,504,1224,1224
138 100 3600,528,1224,1200
139 100 3552,528,1224,1200
140 100 3552,528,1224,1200
141 100 3528,528,1224,1200
142 100 3528,528,1224,1200
143 100 3528,528,1224,1200
144 100 3504,528,1224,1200
145 100 3504,528,1224,1200
146 100 3504,528,1224,1200
147 100 3504,528,1224,1200
148 100 3504,528,1224,1200
149 100 3504,528,1224,1200
150 100 3504,528,1224,1200
151 100 3480,528,1224,1200
152 100 3480,528,1224,1200
153 100 3480,528,1224,1200
154 100 3432,528,1224,1200
155 100 3432,528,1224,1200
156 100 72,528,1224,1224
157 100 3528,552,1224,1200
158 100 96,552,1224,1224
159 100 3432,576,1224,1200
160 100 3552,600,1224,1200
161 100 3480,600,1224,1200
162 100 3456,600,1224,1200
163 100 3504,600,1224,1200
164 100 3528,600,1224,1200
165 100 3528,600,1224,1200
166 100 3552,600,1224,1200
167 100 3552,576,1224,1224
168 100 3600,576,1224,1224
169 100 0,576,1224,1224
170 100 3384,576,1224,1200
171 100 3456,576,1224,1200
172 100 3552,576,1224,1200
173 100 3648,552,1224,1224
174 100 3408,552,1224,1200
175 100 3408,552,1224,1200
176 100 3408,552,1224,1200
177 100 3384,552,1224,1200
178 100 3408,552,1224,1200
179 100 3408,552,1224,1200
180 100 3432,552,1224,1200
181 100 3408,552,1224,1200
182 100 3432,552,1224,1200
183 100 3432,552,1224,1200
184 100 3432,552,1224,1200
185 100 3456,552,1224,1200
186 100 3432,552,1224,1200
187 100 0,552,1224,1200
188 100 24,552,1224,1200
189 100 24,552,1224,1200
190 100 48,552,1224,1200
191 100 48,552,1224,1200
192 100 48,552,1224,1224
193 100 48,552,1224,1224
194 100 72,552,1224,1224
195 100 0,552,1224,1224
196 100 0,576,1224,1200
197 100 24,576,1224,1200
198 100 24,576,1224,1200
199 100 24,576,1224,1200
200 100 48,576,1224,1224
201 100 0,576,1224,1224
202 100 0,576,1224,1224
203 100 0,576,1224,1224
204 100 0,576,1224,1224
205 100 0,576,1224,1224
206 100 0,576,1224,1224
207 100 0,600,1224,1200
208 100 0,600,1224,1200
209 100 0,600,1224,1200
210 100 0,600,1224,1200
211 100 24,600,1224,1200
212 100 72,600,1224,1200
213 100 96,576,1224,1224
214 100 120,576,1224,1224
215 100 144,576,1224,1224
216 100 168,576,1224,1224
217 100 192,600,1224,1200
218 100 240,600,1224,1200
219 100 264,600,1224,1200
220 100 288,600,1224,1200
221 100 336,600,1224,1224
222 100 360,600,1224,1224
223 100 384,600,1224,1224
224 100 408,600,1224,1224
225 100 432,600,1224,1224
226 100 456,600,1224,1224
227 100 480,600,1224,1224
228 100 528,600,1224,1224
229 100 552,600,1224,1200
230 100 576,600,1224,1200
231 100 624,600,1224,1200
232 100 648,600,1224,1200
233 100 672,576,1224,1224
234 100 696,576,1224,1224
235 100 744,576,1224,1224
236 100 768,576,1224,1224
237 100 792,576,1224,1224
238 100 816,576,1224,1224
239 100 840,576,1224,1224
240 100 864,576,1224,1224
241 100 888,576,1224,1224
242 100 912,576,1224,1224
243 100 936,576,1224,1224
244 100 960,576,1224,1224
245 100 960,576,1224,1224
246 100 984,576,1224,1224
247 100 1008,576,1224,1224
248 100 1032,576,1224,1224
249 100 1056,576,1224,1224
250 100 1080,576,1224,1224
251 100 1104,576,1224,1224
252 100 1128,576,1224,1224
253 100 1152,576,1224,1224
254 100 1176,576,1224,1224
255 100 1200,576,1224,1224
256 100 1224,576,1224,1224
257 100 1248,576,1224,1224
258 100 1272,576,1224,1200
259 100 1296,576,1224,1200
260 100 1320,576,1224,1200
261 100 1320,552,1224,1224
262 100 1344,552,1224,1224
263 100 1368,552,1224,1224
264 100 1392,552,1224,1224
265 100 1392,552,1224,1200
266 100 1416,552,1224,1200
267 100 1440,552,1224,1200
268 100 1464,552,1224,1200
269 100 1488,528,1224,1224
270 100 1512,528,1224,1224
271 100 1512,528,1224,1200
272 100 1536,528,1224,1200
273 100 1560,528,1224,1200
274 100 1584,528,1224,1200
275 100 1608,528,1224,1200
276 100 1608,528,1224,1200
277 100 1632,504,1224,1224
278 100 1632,504,1224,1224
279 100 1656,504,1224,1200
280 100 1656,504,1224,1200
281 100 1656,480,1224,1224
282 100 1656,480,1224,1224
283 100 1656,480,1224,1200
284 100 1680,456,1224,1224
285 100 1680,456,1224,1224
286 100 1680,456,1224,1224
287 100 1680,456,1224,1200
288 100 1680,432,1224,1200
289 100 1656,432,1224,1200
290 100 1656,408,1224,1224
291 100 1656,408,1224,1200
292 100 1632,384,1224,1224
293 100 1632,384,1224,1224
294 100 1608,360,1224,1224
295 100 1584,360,1224,1200
296 100 1584,336,1224,1224
297 100 1560,336,1224,1200
298 100 1560,312,1224,1224
299 100 1536,312,1224,1224
300 100 1536,312,1224,1200
301 100 1512,312,1224,1200
302 100 1512,312,1224,1200
303 100 1512,312,1224,1200
304 100 1488,288,1224,1224
305 100 1464,288,1224,1200
306 100 1464,264,1224,1224
307 100 1416,264,1224,1200
308 100 1392,240,1224,1224
309 100 1368,216,1224,1224
310 100 1320,216,1224,1200
311 100 1272,192,1224,1200
312 100 1248,168,1224,1224
313 100 1224,144,1224,1224
314 100 1224,144,1224,1224
315 100 1200,144,1224,1200
316 100 1200,144,1224,1224
317 100 1200,144,1224,1200
318 100 1200,144,1224,1200
319 100 1200,144,1224,1200
320 100 1200,144,1224,1200
321 100 1176,120,1224,1224
322 100 1176,120,1224,1224
323 100 1176,120,1224,1224
324 100 1176,144,1224,1200
325 100 1200,144,1224,1224
326 100 1200,144,1224,1224
327 100 1224,144,1224,1224
328 100 1224,168,1224,1200
329 100 1224,168,1224,1224
330 100 1248,192,1224,1224
331 100 1272,240,1224,1200
332 100 1320,264,1224,1200
333 100 1344,288,1224,1224
334 100 1344,312,1224,1224
335 100 1368,336,1224,1224
336 100 1392,360,1224,1200
337 100 1392,360,1224,1224
338 100 1416,384,1224,1200
339 100 1416,384,1224,1224
340 100 1440,408,1224,1200
341 100 1440,408,1224,1224
342 100 1464,408,1224,1224
343 100 1464,432,1224,1200
344 100 1464,432,1224,1224
345 100 1464,432,1224,1224
346 100 1488,432,1224,1224
347 100 1488,432,1224,1224
348 100 1488,432,1224,1224
349 100 1488,432,1224,1224
350 100 1512,432,1224,1224
351 100 1512,432,1224,1224
352 100 1512,456,1224,1200
353 100 1536,456,1224,1200
354 100 1536,456,1224,1200
355 100 1536,456,1224,1224
356 100 1560,456,1224,1224
357 100 1584,456,1224,1224
358 100 1608,480,1224,1224
359 100 1632,480,1224,1224
360 100 1632,480,1224,1224
361 100 1656,480,1224,1224
362 100 1656,504,1224,1224
363 100 1656,504,1224,1224
364 100 1656,504,1224,1224
365 100 1656,504,1224,1224
366 100 1680,504,1224,1224
367 100 1680,528,1224,1200
368 100 1680,528,1224,1224
369 100 1680,528,1224,1224
370 100 1680,528,1224,1224
371 100 1680,528,1224,1224
372 100 1656,528,1224,1224
373 100 1656,528,1224,1224
374 100 1656,528,1224,1224
375 100 1656,528,1224,1224
376 100 1656,528,1224,1224
377 100 1656,528,1224,1224
378 100 1656,528,1224,1224
379 100 1632,528,1224,1224
380 100 1632,528,1224,1224
381 100 1632,528,1224,1224
382 100 1632,528,1224,1224
383 100 1632,528,1224,1224
384 100 1632,528,1224,1224
385 100 1632,528,1224,1200
386 100 1632,504,1224,1224
387 100 1632,504,1224,1224
388 100 1632,504,1224,1224
389 100 1632,504,1224,1224
390 100 1608,504,1224,1224
391 100 1608,504,1224,1224
392 100 1608,504,1224,1224
393 100 1632,480,1224,1224
394 100 1632,456,1224,1224
395 100 1632,432,1224,1224
396 100 1632,408,1224,1224
397 100 1608,384,1224,1224
398 100 1584,384,1224,1224
399 100 1584,360,1224,1224
400 100 1584,336,1224,1224
401 100 1584,336,1224,1224
402 100 1584,336,1224,1224
403 100 1608,336,1224,1224
404 100 1608,336,1224,1224
405 100 1632,336,1224,1224
406 100 1656,336,1224,1224
407 100 1656,336,1224,1224
408 100 1680,336,1224,1224
409 100 1656,312,1224,1224
410 100 1656,288,1224,1224
411 100 1632,264,1224,1224
412 100 1608,264,1224,1224
413 100 1608,240,1224,1224
414 100 1608,216,1224,1248
415 100 1584,216,1224,1248
416 100 1608,216,1224,1224
417 100 1608,192,1224,1248
418 100 1608,192,1224,1248
419 100 1608,192,1224,1248
420 100 1608,168,1224,1248
421 100 1608,168,1224,1248
422 100 1608,168,1224,1248
423 100 1608,168,1224,1248
424 100 1608,168,1224,1248
425 100 1584,144,1224,1248
426 100 1560,144,1224,1248
427 100 1560,120,1224,1272
428 100 1512,96,1224,1272
429 100 1488,96,1224,1272
430 100 1464,72,1224,1272
431 100 1440,72,1224,1272
432 100 1440,72,1224,1272
433 100 1416,48,1224,1296
434 100 1392,48,1224,1296
435 100 1392,48,1224,1272
436 100 1368,48,1224,1272
437 100 0,24,1224,1296
438 100 0,24,1224,1296
439 100 0,24,1224,1296
440 100 0,24,1224,1272
441 100 0,24,1224,1272
442 100 0,24,1224,1272
443 100 0,24,1224,1272
444 100 0,24,1224,1272
445 100 0,24,1224,1248
446 100 0,24,1224,1248
447 100 0,24,1224,1248
448 100 120,24,1224,1248
449 100 0,24,1224,1248
450 100 0,24,1224,1248
451 100 0,24,1224,1248
452 100 0,24,1224,1224
453 100 0,24,1224,1224
454 100 0,24,1224,1224
455 100 0,24,1224,1224
456 100 0,24,1224,1224
457 100 0,24,1224,1224
458 100 0,24,1224,1224
459 100 0,24,1224,1224
460 100 0,24,1224,1224
461 100 0,24,1224,1224
462 100 0,24,1224,1224
463 100 816,48,1224,1200
464 100 792,48,1224,1200
465 100 792,48,1224,1200
466 100 768,48,1224,1224
467 100 744,72,1224,1200
468 100 744,72,1224,1200
469 100 720,72,1224,1224
470 100 696,72,1224,1224
471 100 672,96,1224,1200
472 100 648,96,1224,1200
473 100 648,120,1224,1200
474 100 624,120,1224,1200
475 100 600,120,1224,1224
476 100 576,120,1224,1224
477 100 552,120,1224,1224
478 100 528,120,1224,1224
479 100 504,120,1224,1224
480 100 456,120,1224,1224
481 100 432,120,1224,1200
482 100 408,120,1224,1200
483 100 384,120,1224,1200
484 100 336,120,1224,1224
485 100 312,120,1224,1224
486 100 288,120,1224,1224
487 100 264,120,1224,1224
488 100 240,144,1224,1200
489 100 240,144,1224,1200
490 100 216,144,1224,1224
491 100 192,168,1224,1200
492 100 168,168,1224,1224
493 100 144,168,1224,1224
494 100 120,192,1224,1200
495 100 96,192,1224,1200
496 100 72,192,1224,1224
497 100 24,192,1224,1224
498 100 0,216,1224,1200
499 100 0,216,1224,1200
500 100 0,216,1224,1224
501 100 0,216,1224,1224
502 100 0,240,1224,1200
503 100 0,240,1224,1200
504 100 0,240,1224,1224
505 100 0,264,1224,1200
506 100 0,264,1224,1200
507 100 0,264,1224,1200
508 100 0,288,1224,1200
509 100 0,288,1224,1200
510 100 24,288,1224,1224
511 100 72,312,1224,1200
512 100 24,312,1224,1200
513 100 72,312,1224,1200
514 100 72,312,1224,1200
515 100 72,312,1224,1200
516 100 24,312,1224,1200
517 100 0,312,1224,1224
518 100 120,312,1224,1224
519 100 96,312,1224,1224
520 100 72,336,1224,1200
521 100 48,336,1224,1200
522 100 48,336,1224,1200
523 100 72,336,1224,1200
524 100 72,336,1224,1200
525 100 72,336,1224,1200
526 100 72,336,1224,1200
527 100 72,336,1224,1200
528 100 48,336,1224,1200
529 100 24,336,1224,1200
530 100 24,336,1224,1200
531 100 24,336,1224,1200
532 100 48,336,1224,1200
533 100 24,336,1224,1200
534 100 0,336,1224,1200
535 100 3432,336,1224,1200
536 100 48,336,1224,1224
537 100 3408,360,1224,1200
538 100 3552,384,1224,1200
539 100 48,384,1224,1224
540 100 3600,408,1224,1200
541 100 3576,408,1224,1200
542 100 3408,384,1224,1200
543 100 3552,384,1224,1200
544 100 3456,384,1224,1200
545 100 3408,384,1224,1200
546 100 3720,384,1224,1224
547 100 3600,384,1224,1224
548 100 3576,408,1224,1200
549 100 3528,408,1224,1200
550 100 3576,408,1224,1200
551 100 3504,408,1224,1200
552 100 3456,408,1224,1200
553 100 3432,408,1224,1200
554 100 3456,408,1224,1200
555 100 3456,408,1224,1200
556 100 3456,408,1224,1200
557 100 3432,408,1224,1200
558 100 3432,408,1224,1200
559 100 3408,408,1224,1200
560 100 3408,408,1224,1200
561 100 3384,408,1224,1200
562 100 3672,408,1224,1224
563 100 3576,432,1224,1200
564 100 3504,432,1224,1200
565 100 3456,432,1224,1200
566 100 3456,432,1224,1200
567 100 3432,432,1224,1200
568 100 3408,432,1224,1200
569 100 3408,432,1224,1200
570 100 3384,432,1224,1224
571 100 3408,432,1224,1200
572 100 3408,432,1224,1200
573 100 3432,432,1224,1200
574 100 3408,432,1224,1200
575 100 3456,432,1224,1200
576 100 3456,432,1224,1200
577 100 3480,432,1224,1200
578 100 3288,432,1224,1200
579 100 3336,408,1224,1224
580 100 3384,408,1224,1200
581 100 3480,408,1224,1200
582 100 3288,408,1224,1200
583 100 3336,384,1224,1224
584 100 3432,384,1224,1200
585 100 3288,384,1224,1200
586 100 3336,384,1224,1200
587 100 3384,360,1224,1200
588 100 3432,360,1224,1200
589 100 3288,360,1224,1200
590 100 3336,336,1224,1224
591 100 3384,336,1224,1200
592 100 3384,336,1224,1200
593 100 3384,336,1224,1200
594 100 3336,336,1224,1224
595 100 3504,360,1224,1200
596 100 3384,360,1224,1224
597 100 3480,384,1224,1200
598 100 3264,408,1224,1200
599 100 3432,432,1224,1200
600 100 3336,456,1224,1224
601 100 3312,504,1224,1200
602 100 3360,504,1224,1224
603 100 3288,528,1224,1200
604 100 3192,528,1224,1224
605 100 3312,552,1224,1200
606 100 3240,552,1224,1200
607 100 3264,552,1224,1200
608 100 3264,552,1224,1200
609 100 3144,552,1224,1200
610 100 3144,552,1224,1200
611 100 3168,552,1224,1200
612 100 3168,528,1224,1224
613 100 3168,528,1224,1224
614 100 3192,528,1224,1224
615 100 3216,528,1224,1200
616 100 3120,528,1224,1200
617 100 3120,528,1224,1200
618 100 3192,504,1224,1224
619 100 3216,504,1224,1200
620 100 3120,504,1224,1200
621 100 3168,504,1224,1200
622 100 3240,480,1224,1200
623 100 3168,456,1224,1224
624 100 3288,456,1224,1200
625 100 3240,432,1224,1200
626 100 3240,408,1224,1200
627 100 3216,384,1224,1200
628 100 3192,360,1224,1224
629 100 3312,336,1224,1224
630 100 3264,336,1224,1200
631 100 3192,312,1224,1200
632 100 3336,288,1224,1224
633 100 3288,264,1224,1224
634 100 3168,264,1224,1200
635 100 3312,240,1224,1224
636 100 3192,240,1224,1200
637 100 3288,216,1224,1224
638 100 3384,216,1224,1200
639 100 3240,192,1224,1224
640 100 3360,192,1224,1200
641 100 3480,192,1224,1200
642 100 3288,168,1224,1224
643 100 3408,168,1224,1200
644 100 3600,144,1224,1224
645 100 3384,144,1224,1200
646 100 3504,144,1224,1200
647 100 3240,120,1224,1200
648 100 3336,120,1224,1200
649 100 3408,120,1224,1200
650 100 3504,96,1224,1224
651 100 3624,96,1224,1224
652 100 3240,96,1224,1200
653 100 3312,96,1224,1200
654 100 3408,96,1224,1200
655 100 3600,72,1224,1224
656 100 3192,72,1224,1200
657 100 3264,72,1224,1200
658 100 3312,72,1224,1200
659 100 3360,72,1224,1200
660 100 3432,72,1224,1200
661 100 3480,72,1224,1200
662 100 3600,48,1224,1224
663 100 24,48,1224,1224
664 100 3144,48,1224,1200
665 100 3168,48,1224,1200
666 100 3192,48,1224,1200
667 100 3240,48,1224,1200
668 100 3264,48,1224,1200
669 100 3264,48,1224,1200
670 100 3264,48,1224,1200
671 100 3240,48,1224,1200
672 100 3240,48,1224,1200
673 100 3240,48,1224,1200
674 100 3216,48,1224,1200
675 100 3144,48,1224,1200
676 100 24,48,1224,1224
677 100 3552,48,1224,1224
678 100 24,48,1224,1224
679 100 0,48,1224,1224
680 100 3120,48,1224,1200
681 100 24,48,1224,1224
682 100 3528,48,1224,1224
683 100 3552,48,1224,1224
684 100 48,48,1224,1224
685 100 96,48,1224,1224
686 100 48,48,1224,1224
687 100 0,48,1224,1224
688 100 24,48,1224,1224
689 100 24,48,1224,1224
690 100 0,48,1224,1224
691 100 3360,72,1224,1200
692 100 3288,72,1224,1200
693 100 3240,72,1224,1200
694 100 3216,72,1224,1200
695 100 3240,72,1224,1200
696 100 3216,72,1224,1200
697 100 3192,72,1224,1200
698 100 3216,72,1224,1200
699 100 3216,72,1224,1200
700 100 3168,72,1224,1200
701 100 3192,72,1224,1200
702 100 3168,72,1224,1200
703 100 3168,72,1224,1200
704 100 3168,72,1224,1200
705 100 3168,72,1224,1200
706 100 3168,72,1224,1200
707 100 3192,72,1224,1200
708 100 192,72,1224,1224
709 100 120,72,1224,1224
710 100 24,96,1224,1200
711 100 3216,96,1224,1200
712 100 3360,120,1224,1200
713 100 48,120,1224,1224
714 100 96,144,1224,1224
715 100 3384,168,1224,1200
716 100 24,192,1224,1200
717 100 72,192,1224,1224
718 100 3336,216,1224,1200
719 100 24,240,1224,1200
720 100 96,240,1224,1224
721 100 3384,264,1224,1200
722 100 48,288,1224,1200
723 100 3384,288,1224,1200
724 100 0,312,1224,1200
725 100 48,336,1224,1200
726 100 96,336,1224,1224
727 100 0,360,1224,1200
728 100 48,384,1224,1200
729 100 0,384,1224,1200
730 100 144,384,1224,1224
731 100 96,384,1224,1224
732 100 24,408,1224,1200
733 100 96,408,1224,1224
734 100 0,432,1224,1200
735 100 120,432,1224,1224
736 100 72,432,1224,1224
737 100 48,456,1224,1200
738 100 48,456,1224,1200
739 100 48,456,1224,1200
740 100 48,456,1224,1200
741 100 24,456,1224,1200
742 100 24,456,1224,1200
743 100 24,456,1224,1200
744 100 24,456,1224,1200
745 100 0,456,1224,1224
746 100 0,456,1224,1224
747 100 0,456,1224,1224
748 100 0,456,1224,1224
749 100 0,456,1224,1224
750 100 0,456,1224,1224
751 100 120,456,1224,1224
752 100 120,456,1224,1224
753 100 120,456,1224,1224
754 100 120,456,1224,1224
755 100 120,456,1224,1224
756 100 120,456,1224,1224
757 100 0,456,1224,1224
758 100 0,456,1224,1224
759 100 0,456,1224,1224
760 100 0,456,1224,1224
761 100 0,456,1224,1224
762 100 120,456,1224,1224
763 100 0,456,1224,1224
764 100 72,480,1224,1200
765 100 72,480,1224,1200
766 100 72,480,1224,1200
767 100 48,480,1224,1200
768 100 48,480,1224,1224
769 100 24,480,1224,1224
770 100 0,504,1224,1200
771 100 96,504,1224,1200
772 100 72,504,1224,1200
773 100 24,504,1224,1224
774 100 24,504,1224,1224
775 100 0,528,1224,1200
776 100 96,528,1224,1200
777 100 48,528,1224,1200
778 100 24,528,1224,1224
779 100 24,528,1224,1224
780 100 0,552,1224,1200
781 100 72,552,1224,1200
782 100 24,552,1224,1224
783 100 96,576,1224,1200
784 100 0,576,1224,1224
785 100 0,600,1224,1224
786 100 72,648,1224,1200
787 100 96,648,1224,1224
788 100 72,696,1224,1200
789 100 3336,696,1224,1200
790 100 48,696,1224,1224
791 100 0,720,1224,1200
792 100 3336,720,1224,1200
793 100 168,720,1224,1224
794 100 96,720,1224,1224
795 100 48,720,1224,1224
796 100 3432,744,1224,1200
797 100 3384,744,1224,1200
798 100 3336,744,1224,1200
799 100 72,744,1224,1224
800 100 0,744,1224,1224
801 100 3456,744,1224,1224
802 100 3408,768,1224,1200
803 100 3336,768,1224,1200
804 100 3264,768,1224,1200
805 100 3288,768,1224,1200
806 100 24,768,1224,1224
807 100 3648,768,1224,1224
808 100 3648,768,1224,1224
809 100 3528,768,1224,1224
810 100 3504,768,1224,1224
811 100 3504,768,1224,1224
812 100 3456,792,1224,1200
813 100 3456,768,1224,1224
814 100 3600,768,1224,1224
815 100 3624,768,1224,1224
816 100 3576,768,1224,1224
817 100 3480,768,1224,1224
818 100 3504,768,1224,1224
819 100 3408,792,1224,1200
820 100 3432,792,1224,1200
821 100 3432,792,1224,1200
822 100 3384,792,1224,1200
823 100 3408,792,1224,1200
824 100 3408,792,1224,1200
825 100 3408,792,1224,1200
826 100 3432,792,1224,1200
827 100 3480,792,1224,1200
828 100 3480,792,1224,1200
829 100 3408,792,1224,1200
830 100 3432,792,1224,1200
831 100 3432,792,1224,1200
832 100 3384,792,1224,1200
833 100 3312,792,1224,1200
834 100 3264,792,1224,1200
835 100 3216,792,1224,1224
836 100 3576,792,1224,1224
837 100 3456,792,1224,1224
838 100 3384,816,1224,1200
839 100 3312,816,1224,1200
840 100 3264,816,1224,1200
841 100 3216,816,1224,1224
842 100 3192,816,1224,1224
843 100 3216,816,1224,1200
844 100 3240,816,1224,1200
845 100 3264,816,1224,1200
846 100 3240,816,1224,1200
847 100 3240,816,1224,1200
848 100 3216,816,1224,1200
849 100 3240,816,1224,1200
850 100 3192,816,1224,1200
851 100 3216,816,1224,1200
852 100 3216,816,1224,1200
853 100 3240,816,1224,1200
854 100 3240,816,1224,1200
855 100 3024,816,1224,1200
856 100 3024,816,1224,1200
857 100 3024,816,1224,1200
858 100 3048,816,1224,1200
859 100 3072,816,1224,1200
860 100 3072,792,1224,1224
861 100 3072,792,1224,1224
862 100 3072,792,1224,1224
863 100 3072,792,1224,1224
864 100 3072,792,1224,1224
865 100 3072,792,1224,1224
866 100 3072,792,1224,1224
867 100 3072,792,1224,1224
868 100 3096,792,1224,1224
869 100 3048,792,1224,1224
870 100 3072,792,1224,1224
871 100 3072,792,1224,1224
872 100 3072,816,1224,1200
873 100 3048,816,1224,1200
874 100 3048,792,1224,1224
875 100 3048,792,1224,1224
876 100 3048,792,1224,1224
877 100 3048,792,1224,1224
878 100 3312,792,1224,1224
879 100 3312,792,1224,1224
880 100 3264,816,1224,1200
881 100 3264,816,1224,1200
882 100 3288,816,1224,1200
883 100 3288,816,1224,1200
884 100 3312,792,1224,1224
885 100 3336,792,1224,1224
886 100 3336,792,1224,1224
887 100 3312,792,1224,1224
888 100 3336,792,1224,1224
889 100 3360,792,1224,1224
890 100 3360,792,1224,1224
891 100 3384,792,1224,1224
892 100 3384,792,1224,1224
893 100 3408,792,1224,1224
894 100 3408,792,1224,1224
895 100 3456,792,1224,1224
896 100 3480,792,1224,1224
897 100 3528,792,1224,1224
898 100 3552,792,1224,1224
899 100 3552,792,1224,1224
900 100 3624,792,1224,1224
901 100 3240,792,1224,1200
902 100 24,792,1224,1224
903 100 24,792,1224,1224
904 100 3600,792,1224,1224
905 100 3504,792,1224,1224
906 100 3408,792,1224,1224
907 100 3336,816,1224,1200
908 100 3312,816,1224,1200
909 100 3288,816,1224,1200
910 100 3240,816,1224,1200
911 100 3240,816,1224,1200
912 100 144,816,1224,1224
913 100 48,816,1224,1224
914 100 3264,840,1224,1200
915 100 72,840,1224,1224
916 100 72,864,1224,1224
917 100 0,912,1224,1200
918 100 2976,912,1224,1200
919 100 3072,936,1224,1200
920 100 120,936,1224,1224
921 100 48,936,1224,1224
922 100 2928,960,1224,1200
923 100 2640,960,1224,1200
924 100 168,960,1224,1200
925 100 0,960,1224,1200
926 100 2448,984,1224,1176
927 100 2088,984,1224,1176
928 100 1848,984,1224,1176
929 100 1680,984,1224,1176
930 100 1536,984,1224,1176
931 100 1368,1008,1224,1152
932 100 1008,1008,1224,1152
933 100 0,1008,1224,1152
934 100 0,1032,1224,1128
935 100 0,1032,1224,1128
936 100 0,1032,1224,1128
937 100 0,1032,1224,1128
938 100 0,1056,1224,1104
939 100 0,1056,1224,1104
940 100 0,1056,1224,1104
941 100 0,1056,1224,1104
942 100 0,1056,1224,1104
943 100 0,1056,1224,1104
944 100 0,1080,1224,1080
945 100 0,1080,1224,1080
946 100 0,1080,1224,1080
947 100 0,1080,1224,1080
948 100 0,1080,1224,1080
949 100 0,1056,1224,1104
950 100 0,1056,1224,1104
951 100 0,1080,1224,1080
952 100 0,1056,1224,1104
953 100 0,1056,1224,1104
954 100 0,1056,1224,1104
955 100 0,1080,1224,1080
956 100 0,1080,1224,1080
957 100 0,1080,1224,1080
958 100 0,1080,1224,1080
959 100 0,1080,1224,1080
960 100 0,1080,1224,1080
961 100 0,1080,1224,1080
962 100 0,1080,1224,1080
963 100 0,1080,1224,1080
964 100 0,1080,1224,1080
965 100 0,1080,1224,1080
966 100 0,1080,1224,1080
967 100 0,1080,1224,1080
968 100 0,1080,1224,1080
969 100 0,1080,1224,1080
970 100 0,1080,1224,1080
971 100 0,1080,1224,1080
972 100 0,1080,1224,1080
973 100 0,1080,1224,1080
974 100 0,1080,1224,1080
975 100 0,1080,1224,1080
976 100 0,1080,1224,1080
977 100 0,1056,1224,1104
978 100 0,1056,1224,1104
979 100 0,1056,1224,1104
980 100 0,1056,1224,1104
981 100 0,1056,1224,1104
982 100 0,1056,1224,1104
983 100 0,1056,1224,1104
984 100 0,1056,1224,1104
985 100 0,1056,1224,1104
986 100 0,1056,1224,1104
987 100 0,1032,1224,1128
988 100 0,1032,1224,1128
989 100 0,1032,1224,1128
990 100 0,1032,1224,1128
991 100 0,1032,1224,1128
992 100 0,1032,1224,1128
993 100 0,1008,1224,1152
994 100 0,1008,1224,1152
995 100 0,1008,1224,1152
996 100 144,1008,1224,1152
997 100 480,984,1224,1176
998 100 648,984,1224,1176
999 100 672,984,1224,1176
1000 100 672,984,1224,1176
1001 100 696,960,1224,1200
1002 100 720,960,1224,1200
1003 100 744,936,1224,1200
1004 100 768,936,1224,1200
1005 100 792,912,1224,1200
1006 100 816,912,1224,1200
1007 100 816,912,1224,1200
1008 100 840,888,1224,1224
1009 100 864,888,1224,1224
1010 100 864,888,1224,1200
1011 100 888,888,1224,1200
1012 100 936,864,1224,1200
1013 100 936,864,1224,1200
1014 100 960,864,1224,1200
1015 100 984,840,1224,1224
1016 100 1008,840,1224,1200
1017 100 1008,840,1224,1200
1018 100 1032,840,1224,1200
1019 100 1032,840,1224,1200
1020 100 1032,840,1224,1200
1021 100 1032,840,1224,1200
1022 100 1032,840,1224,1200
1023 100 1056,840,1224,1200
1024 100 1056,840,1224,1200
1025 100 1056,840,1224,1200
1026 100 1056,840,1224,1200
1027 100 1056,816,1224,1224
1028 100 1080,816,1224,1200
1029 100 1080,816,1224,1200
1030 100 1080,816,1224,1200
1031 100 1104,816,1224,1200
1032 100 1104,792,1224,1224
1033 100 1104,792,1224,1224
1034 100 1104,792,1224,1200
1035 100 1080,792,1224,1200
1036 100 1080,792,1224,1200
1037 100 1080,792,1224,1200
1038 100 1080,792,1224,1200
1039 100 1080,792,1224,1200
1040 100 1080,792,1224,1200
1041 100 1056,792,1224,1224
1042 100 1056,792,1224,1224
1043 100 1056,816,1224,1200
1044 100 1032,816,1224,1200
1045 100 1032,816,1224,1200
1046 100 1032,816,1224,1224
1047 100 1032,816,1224,1224
1048 100 1032,840,1224,1200
1049 100 1032,840,1224,1200
1050 100 1032,840,1224,1200
1051 100 1032,840,1224,1200
1052 100 1032,840,1224,1200
1053 100 1032,840,1224,1200
1054 100 1032,840,1224,1224
1055 100 1032,840,1224,1224
1056 100 1032,840,1224,1224
1057 100 1032,840,1224,1224
1058 100 1032,864,1224,1200
1059 100 1056,864,1224,1200
1060 100 1056,864,1224,1200
1061 100 1056,864,1224,1200
1062 100 1056,864,1224,1200
1063 100 1056,864,1224,1200
1064 100 1056,864,1224,1200
1065 100 1056,864,1224,1200
1066 100 1032,864,1224,1200
1067 100 1032,864,1224,1200
1068 100 1032,864,1224,1224
1069 100 1032,864,1224,1224
1070 100 1008,888,1224,1200
1071 100 1008,888,1224,1200
1072 100 984,888,1224,1224
1073 100 960,912,1224,1200
1074 100 936,912,1224,1224
1075 100 912,936,1224,1200
1076 100 864,936,1224,1200
1077 100 816,936,1224,1224
1078 100 792,960,1224,1200
1079 100 744,960,1224,1200
1080 100 720,960,1224,1200
1081 100 696,960,1224,1200
1082 100 672,960,1224,1200
1083 100 648,960,1224,1200
1084 100 624,960,1224,1200
1085 100 624,960,1224,1200
1086 100 600,960,1224,1200
1087 100 576,960,1224,1200
1088 100 552,960,1224,1200
1089 100 528,960,1224,1200
1090 100 528,960,1224,1200
1091 100 504,960,1224,1200
1092 100 504,960,1224,1200
1093 100 480,960,1224,1200
1094 100 480,960,1224,1200
1095 100 456,960,1224,1200
1096 100 432,960,1224,1200
1097 100 408,960,1224,1200
1098 100 384,960,1224,1200
1099 100 360,960,1224,1200
1100 100 336,960,1224,1200
1101 100 312,960,1224,1200
1102 100 312,960,1224,1200
1103 100 288,936,1224,1224
1104 100 288,936,1224,1224
1105 100 264,936,1224,1224
1106 100 240,936,1224,1224
1107 100 216,936,1224,1224
1108 100 216,936,1224,1200
1109 100 192,912,1224,1224
1110 100 192,912,1224,1224
1111 100 168,912,1224,1224
1112 100 144,912,1224,1224
1113 100 144,912,1224,1224
1114 100 120,912,1224,1200
1115 100 96,912,1224,1200
1116 100 72,912,1224,1200
1117 100 72,912,1224,1200
1118 100 48,912,1224,1200
1119 100 48,888,1224,1224
1120 100 24,888,1224,1224
1121 100 24,888,1224,1224
1122 100 0,888,1224,1224
1123 100 0,888,1224,1224
1124 100 0,888,1224,1224
1125 100 0,888,1224,1224
1126 100 0,888,1224,1200
1127 100 0,864,1224,1224
1128 100 0,864,1224,1224
1129 100 0,864,1224,1224
1130 100 0,864,1224,1224
1131 100 0,864,1224,1200
1132 100 0,864,1224,1200
1133 100 0,864,1224,1200
1134 100 0,864,1224,1200
1135 100 0,864,1224,1200
1136 100 24,864,1224,1200
1137 100 0,864,1224,1200
1138 100 24,864,1224,1200
1139 100 24,864,1224,1200
1140 100 24,840,1224,1224
1141 100 24,840,1224,1224
1142 100 24,840,1224,1224
1143 100 48,840,1224,1224
1144 100 0,840,1224,1200
1145 100 0,840,1224,1200
1146 100 0,816,1224,1224
1147 100 24,816,1224,1224
1148 100 24,816,1224,1200
1149 100 0,816,1224,1200
1150 100 0,792,1224,1224
1151 100 48,792,1224,1200
1152 100 0,768,1224,1200
1153 100 0,744,1224,1224
1154 100 0,720,1224,1224
1155 100 0,696,1224,1224
1156 100 0,696,1224,1200
1157 100 0,672,1224,1200
1158 100 24,648,1224,1224
1159 100 0,648,1224,1200
1160 100 24,624,1224,1224
1161 100 24,624,1224,1200
1162 100 24,600,1224,1200
1163 100 0,576,1224,1200
1164 100 0,552,1224,1224
1165 100 0,552,1224,1200
1166 100 24,528,1224,1200
1167 100 0,528,1224,1200
1168 100 24,504,1224,1200
1169 100 0,504,1224,1200
1170 100 0,480,1224,1200
1171 100 0,480,1224,1200
1172 100 24,480,1224,1200
1173 100 24,456,1224,1224
1174 100 0,456,1224,1224
1175 100 0,456,1224,1224
1176 100 0,480,1224,1200
1177 100 24,480,1224,1200
1178 100 24,480,1224,1200
1179 100 24,480,1224,1224
1180 100 0,504,1224,1200
1181 100 0,504,1224,1200
1182 100 0,504,1224,1200
1183 100 24,504,1224,1224
1184 100 24,528,1224,1200
1185 100 48,528,1224,1224
1186 100 72,528,1224,1224
1187 100 72,552,1224,1200
1188 100 96,552,1224,1200
1189 100 120,552,1224,1200
1190 100 144,552,1224,1200
1191 100 168,552,1224,1200
1192 100 192,552,1224,1200
1193 100 192,552,1224,1200
1194 100 216,552,1224,1200
1195 100 240,552,1224,1200
1196 100 264,552,1224,1200
1197 100 312,552,1224,1224
1198 100 336,552,1224,1224
1199 100 360,552,1224,1224
1200 100 384,552,1224,1224
1201 100 408,576,1224,1200
1202 100 432,576,1224,1200
1203 100 456,576,1224,1200
1204 100 480,576,1224,1224
1205 100 480,600,1224,1200
1206 100 504,600,1224,1200
1207 100 528,600,1224,1224
1208 100 528,600,1224,1224
1209 100 552,624,1224,1200
1210 100 552,624,1224,1200
1211 100 576,624,1224,1200
1212 100 576,624,1224,1200
1213 100 600,624,1224,1224
1214 100 600,648,1224,1200
1215 100 600,648,1224,1200
1216 100 600,648,1224,1224
1217 100 624,672,1224,1224
1218 100 624,696,1224,1200
1219 100 648,696,1224,1224
1220 100 672,696,1224,1224
1221 100 696,696,1224,1224
1222 100 720,696,1224,1224
1223 100 744,696,1224,1224
1224 100 768,696,1224,1224
1225 100 792,696,1224,1200
1226 100 816,696,1224,1200
1227 100 840,696,1224,1200
1228 100 840,696,1224,1200
1229 100 864,696,1224,1224
1230 100 888,696,1224,1224
1231 100 912,696,1224,1224
1232 100 936,720,1224,1200
1233 100 960,696,1224,1224
1234 100 984,696,1224,1224
1235 100 1008,696,1224,1224
1236 100 1032,720,1224,1200
1237 100 1056,720,1224,1200
1238 100 1080,720,1224,1224
1239 100 1104,720,1224,1224
1240 100 1128,720,1224,1224
1241 100 1152,720,1224,1224
1242 100 1176,744,1224,1200
1243 100 1176,744,1224,1200
1244 100 1200,744,1224,1200
1245 100 1200,744,1224,1200
1246 100 1224,744,1224,1200
1247 100 1224,744,1224,1200
1248 100 1248,744,1224,1224
1249 100 1248,744,1224,1224
1250 100 1272,744,1224,1224
1251 100 1272,744,1224,1224
1252 100 1296,744,1224,1224
1253 100 1320,744,1224,1224
1254 100 1320,768,1224,1200
1255 100 1344,768,1224,1200
1256 100 1368,768,1224,1200
1257 100 1392,768,1224,1200
1258 100 1416,768,1224,1200
1259 100 1416,768,1224,1224
1260 100 1440,768,1224,1224
1261 100 1440,768,1224,1224
1262 100 1464,768,1224,1224
1263 100 1464,768,1224,1224
1264 100 1464,792,1224,1200
1265 100 1488,792,1224,1200
1266 100 1488,792,1224,1200
1267 100 1488,792,1224,1200
1268 100 1488,792,1224,1200
1269 100 1488,792,1224,1200
1270 100 1488,792,1224,1224
1271 100 1488,792,1224,1224
1272 100 1464,792,1224,1224
1273 100 1488,816,1224,1200
1274 100 1488,816,1224,1200
1275 100 1488,816,1224,1200
1276 100 1464,816,1224,1200
1277 100 1464,816,1224,1200
1278 100 1464,816,1224,1200
1279 100 1464,816,1224,1200
1280 100 1464,816,1224,1200
1281 100 1464,816,1224,1224
1282 100 1464,816,1224,1224
1283 100 1464,840,1224,1200
1284 100 1440,840,1224,1224
1285 100 1392,864,1224,1224
1286 100 1368,912,1224,1200
1287 100 1344,936,1224,1200
1288 100 1320,936,1224,1224
1289 100 1296,960,1224,1200
1290 100 1272,960,1224,1200
1291 100 1272,984,1224,1176
1292 100 1272,984,1224,1176
1293 100 1272,984,1224,1176
1294 100 1296,984,1224,1176
1295 100 1296,984,1224,1176
1296 100 1296,984,1224,1176
1297 100 1296,984,1224,1176
1298 100 1272,984,1224,1176
1299 100 1272,984,1224,1176
1300 100 1272,984,1224,1176
1301 100 1272,984,1224,1176
1302 100 1272,984,1224,1176
1303 100 1272,984,1224,1176
1304 100 1272,984,1224,1176
1305 100 1296,984,1224,1176
1306 100 1296,984,1224,1176
1307 100 1296,984,1224,1176
1308 100 1296,984,1224,1176
1309 100 1296,984,1224,1176
1310 100 1272,984,1224,1176
1311 100 1272,984,1224,1176
1312 100 1272,984,1224,1176
1313 100 1272,984,1224,1176
1314 100 1272,984,1224,1176
1315 100 1272,984,1224,1176
1316 100 1272,984,1224,1176
1317 100 1272,984,1224,1176
1318 100 1272,984,1224,1176
1319 100 1272,984,1224,1176
1320 100 1272,984,1224,1176
1321 100 1272,984,1224,1176
1322 100 1272,984,1224,1176
1323 100 1272,984,1224,1176
1324 100 1272,984,1224,1176
1325 100 1272,984,1224,1176
1326 100 1272,984,1224,1176
1327 100 1272,984,1224,1176
1328 100 1272,984,1224,1176
1329 100 1272,984,1224,1176
1330 100 1272,984,1224,1176
1331 100 1272,984,1224,1176
1332 100 1272,984,1224,1176
1333 100 1272,984,1224,1176
1334 100 1272,984,1224,1176
1335 100 1248,984,1224,1176
1336 100 1248,984,1224,1176
1337 100 1248,984,1224,1176
1338 100 1248,984,1224,1176
1339 100 1248,984,1224,1176
1340 100 1248,960,1224,1200
1341 100 1248,960,1224,1200
1342 100 1248,960,1224,1200
1343 100 1248,960,1224,1200
1344 100 1248,936,1224,1224
1345 100 1248,936,1224,1200
1346 100 1248,912,1224,1224
1347 100 1248,912,1224,1224
1348 100 1248,912,1224,1200
1349 100 1248,888,1224,1224
1350 100 1248,864,1224,1224
1351 100 1248,864,1224,1224
1352 100 1248,840,1224,1224
1353 100 1248,840,1224,1224
1354 100 1272,840,1224,1200
1355 100 1272,816,1224,1224
1356 100 1272,816,1224,1200
1357 100 1272,792,1224,1224
1358 100 1272,792,1224,1224
1359 100 1296,792,1224,1224
1360 100 1296,792,1224,1224
1361 100 1296,792,1224,1224
1362 100 1296,792,1224,1200
1363 100 1296,768,1224,1224
1364 100 1272,768,1224,1224
1365 100 1272,768,1224,1200
1366 100 1272,768,1224,1200
1367 100 1272,744,1224,1224
1368 100 1248,744,1224,1224
1369 100 1248,744,1224,1200
1370 100 1224,720,1224,1224
1371 100 1224,720,1224,1224
1372 100 1200,720,1224,1224
1373 100 1200,720,1224,1224
1374 100 1200,720,1224,1224
1375 100 1176,720,1224,1224
1376 100 1176,720,1224,1224
1377 100 1176,720,1224,1224
1378 100 1152,720,1224,1224
1379 100 1152,720,1224,1224
1380 100 1128,720,1224,1224
1381 100 1128,720,1224,1224
1382 100 1128,720,1224,1200
1383 100 1104,720,1224,1200
1384 100 1104,720,1224,1200
1385 100 1080,720,1224,1224
1386 100 1056,720,1224,1224
1387 100 1032,720,1224,1224
1388 100 1032,720,1224,1224
1389 100 1008,720,1224,1224
1390 100 1008,720,1224,1224
1391 100 1008,720,1224,1224
1392 100 1008,720,1224,1200
1393 100 1008,696,1224,1224
1394 100 1008,696,1224,1200
1395 100 1008,672,1224,1224
1396 100 1008,672,1224,1224
1397 100 1008,672,1224,1224
1398 100 1008,672,1224,1200
1399 100 984,648,1224,1224
1400 100 984,648,1224,1224
1401 100 960,648,1224,1200
1402 100 936,648,1224,1200
1403 100 912,648,1224,1200
1404 100 888,648,1224,1200
1405 100 864,648,1224,1200
1406 100 840,648,1224,1200
1407 100 840,648,1224,1200
1408 100 816,648,1224,1200
1409 100 792,648,1224,1200
1410 100 792,624,1224,1224
1411 100 768,624,1224,1224
1412 100 768,624,1224,1224
1413 100 744,648,1224,1200
1414 100 720,648,1224,1200
1415 100 696,648,1224,1200
1416 100 696,648,1224,1200
1417 100 672,648,1224,1200
1418 100 672,648,1224,1200
1419 100 648,648,1224,1224
1420 100 648,648,1224,1224
1421 100 624,648,1224,1224
1422 100 624,648,1224,1224
1423 100 624,648,1224,1200
1424 100 624,648,1224,1200
1425 100 600,648,1224,1200
1426 100 600,648,1224,1200
1427 100 600,648,1224,1200
1428 100 600,648,1224,1200
1429 100 600,648,1224,1200
1430 100 576,648,1224,1224
1431 100 576,672,1224,1200
1432 100 552,672,1224,1200
1433 100 528,672,1224,1224
1434 100 528,696,1224,1200
1435 100 504,696,1224,1200
1436 100 480,696,1224,1224
1437 100 456,720,1224,1200
1438 100 432,720,1224,1200
1439 100 384,720,1224,1224
1440 100 360,744,1224,1200
1441 100 312,744,1224,1200
1442 100 288,768,1224,1200
1443 100 240,768,1224,1224
1444 100 168,816,1224,1200
1445 100 120,840,1224,1200
1446 100 72,864,1224,1224
1447 100 0,912,1224,1200
1448 100 0,936,1224,1200
1449 100 0,936,1224,1200
1450 100 0,936,1224,1224
1451 100 48,960,1224,1200
1452 100 48,984,1224,1176
1453 100 1512,984,1224,1176
1454 100 648,1008,1224,1152
1455 100 0,1008,1224,1152
1456 100 0,1008,1224,1152
1457 100 0,1032,1224,1128
1458 100 0,1032,1224,1128
1459 100 0,1032,1224,1128
1460 100 0,1056,1224,1104
1461 100 0,1056,1224,1104
1462 100 0,1056,1224,1104
1463 100 0,1080,1224,1080
1464 100 0,1080,1224,1080
1465 100 0,1104,1224,1056
1466 100 0,1104,1224,1056
1467 100 0,1104,1224,1056
1468 100 0,1128,1224,1032
1469 100 0,1128,1224,1032
1470 100 0,1128,1224,1032
1471 100 0,1128,1224,1032
1472 100 0,1128,1224,1032
1473 100 0,1128,1224,1032
1474 100 0,1128,1224,1032
1475 100 0,1152,1224,1008
1476 100 0,1152,1224,1008
1477 100 0,1152,1224,1008
1478 100 0,1152,1224,1008
1479 100 0,1176,1224,984
1480 100 0,1176,1224,984
1481 100 0,1200,1224,960
1482 100 0,1200,1224,960
1483 100 0,1224,1224,936
1484 100 0,1224,1224,936
1485 100 0,1224,1224,936
1486 100 0,1248,1224,912
1487 100 0,1248,1224,912
1488 100 0,1248,1224,912
1489 100 0,1248,1224,912
1490 100 0,1248,1224,912
1491 100 0,1248,1224,912
1492 100 0,1248,1224,912
1493 100 0,1248,1224,912
1494 100 0,1224,1224,936
1495 100 0,1224,1224,936
1496 100 0,1224,1224,936
1497 100 0,1224,1224,936
1498 100 0,1224,1224,936
1499 100 0,1224,1224,936
1500 100 0,1224,1224,936
1501 100 0,1224,1224,936
1502 100 0,1224,1224,936
1503 100 0,1224,1224,936
1504 100 0,1224,1224,936
1505 100 0,1224,1224,936
1506 100 0,1224,1224,936
1507 100 0,1224,1224,936
1508 100 0,1224,1224,936
1509 100 0,1224,1224,936
1510 100 0,1224,1224,936
1511 100 0,1224,1224,936
1512 100 0,1224,1224,936
1513 100 0,1200,1224,960
1514 100 0,1200,1224,960
1515 100 0,1200,1224,960
1516 100 0,1200,1224,960
1517 100 0,1200,1224,960
1518 100 0,1200,1224,960
1519 100 0,1200,1224,960
1520 100 0,1200,1224,960
1521 100 0,1200,1224,960
1522 100 0,1200,1224,960
1523 100 0,1200,1224,960
1524 100 0,1200,1224,960
1525 100 0,1200,1224,960
1526 100 0,1200,1224,960
1527 100 0,1200,1224,960
1528 100 0,1200,1224,960
1529 100 0,1200,1224,960
1530 100 0,1200,1224,960
1531 100 0,1200,1224,960
1532 100 0,1200,1224,960
1533 100 0,1200,1224,960
1534 100 0,1200,1224,960
1535 100 0,1200,1224,960
1536 100 0,1200,1224,960
1537 100 0,1200,1224,960
1538 100 0,1200,1224,960
1539 100 0,1200,1224,960
1540 100 0,1200,1224,960
1541 100 0,1200,1224,960
1542 100 0,1200,1224,960
1543 100 0,1200,1224,960
1544 100 0,1200,1224,960
1545 100 0,1200,1224,960
1546 100 0,1200,1224,960
1547 100 0,1200,1224,960
1548 100 0,1200,1224,960
1549 100 0,1200,1224,960
1550 100 0,1200,1224,960
1551 100 0,1200,1224,960
1552 100 0,1200,1224,960
1553 100 0,1200,1224,960
1554 100 0,1200,1224,960
1555 100 0,1200,1224,960
1556 100 0,1200,1224,960
1557 100 0,1200,1224,960
1558 100 0,1200,1224,960
1559 100 0,1200,1224,960
1560 100 0,1200,1224,960
1561 100 0,1200,1224,960
1562 100 0,1200,1224,960
1563 100 0,1200,1224,960
1564 100 0,1200,1224,960
1565 100 0,1200,1224,960
1566 100 0,1176,1224,984
1567 100 0,1176,1224,984
1568 100 0,1176,1224,984
1569 100 0,1176,1224,984
1570 100 0,1176,1224,984
1571 100 0,1176,1224,984
1572 100 0,1152,1224,1008
1573 100 0,1152,1224,1008
1574 100 0,1152,1224,1008
1575 100 0,1128,1224,1032
1576 100 0,1128,1224,1032
1577 100 0,1104,1224,1056
1578 100 0,1104,1224,1056
1579 100 0,1080,1224,1080
1580 100 0,1080,1224,1080
1581 100 0,1056,1224,1104
1582 100 0,1032,1224,1128
1583 100 0,1032,1224,1128
1584 100 0,1008,1224,1152
1585 100 0,1008,1224,1152
1586 100 0,984,1224,1176
1587 100 0,984,1224,1176
1588 100 1200,960,1224,1200
1589 100 2232,936,1224,1224
1590 100 3576,936,1224,1224
1591 100 3168,912,1224,1248
1592 100 3000,888,1224,1248
1593 100 3480,888,1224,1248
1594 100 3024,864,1224,1248
1595 100 3312,864,1224,1248
1596 100 3072,840,1224,1248
1597 100 3264,840,1224,1248
1598 100 3432,840,1224,1248
1599 100 3192,816,1224,1248
1600 100 3240,816,1224,1248
1601 100 3432,816,1224,1248
1602 100 3144,792,1224,1272
1603 100 3192,792,1224,1248
1604 100 3288,792,1224,1248
1605 100 3312,792,1224,1248
1606 100 3384,792,1224,1248
1607 100 3432,792,1224,1248
1608 100 3432,792,1224,1248
1609 100 3456,792,1224,1248
1610 100 3120,792,1224,1248
1611 100 3144,792,1224,1248
1612 100 3144,792,1224,1248
1613 100 3120,792,1224,1248
1614 100 3120,792,1224,1248
1615 100 3144,792,1224,1248
1616 100 3168,792,1224,1248
1617 100 3168,792,1224,1248
1618 100 3168,792,1224,1248
1619 100 3168,792,1224,1248
1620 100 3168,792,1224,1248
1621 100 3144,792,1224,1248
1622 100 3456,792,1224,1248
1623 100 3408,792,1224,1248
1624 100 3336,792,1224,1248
1625 100 3288,792,1224,1248
1626 100 3216,816,1224,1224
1627 100 3168,816,1224,1248
1628 100 3384,816,1224,1248
1629 100 3288,816,1224,1248
1630 100 3144,840,1224,1224
1631 100 3384,840,1224,1248
1632 100 3144,840,1224,1248
1633 100 3480,864,1224,1248
1634 100 3240,864,1224,1248
1635 100 3168,864,1224,1248
1636 100 3048,864,1224,1248
1637 100 3408,888,1224,1248
1638 100 3240,888,1224,1248
1639 100 3144,888,1224,1248
1640 100 3192,888,1224,1248
1641 100 3216,888,1224,1248
1642 100 3144,888,1224,1248
1643 100 3192,888,1224,1248
1644 100 3120,888,1224,1248
1645 100 3072,888,1224,1248
1646 100 3000,888,1224,1248
1647 100 2976,888,1224,1248
1648 100 2928,888,1224,1248
1649 100 336,912,1224,1248
1650 100 192,912,1224,1248
1651 100 72,912,1224,1248
1652 100 0,912,1224,1248
1653 100 0,912,1224,1248
1654 100 2640,912,1224,1248
1655 100 240,936,1224,1224
1656 100 96,936,1224,1224
1657 100 2424,936,1224,1224
1658 100 1872,936,1224,1224
1659 100 1152,960,1224,1200
1660 100 552,960,1224,1200
1661 100 0,984,1224,1176
1662 100 0,984,1224,1176
1663 100 0,984,1224,1176
1664 100 0,1008,1224,1152
1665 100 0,1008,1224,1152
1666 100 0,1008,1224,1152
1667 100 0,1008,1224,1152
1668 100 0,1008,1224,1152
1669 100 0,1008,1224,1152
1670 100 0,1032,1224,1128
1671 100 0,1032,1224,1128
1672 100 0,1032,1224,1128
1673 100 0,1032,1224,1128
1674 100 0,1056,1224,1104
1675 100 0,1056,1224,1104
1676 100 0,1080,1224,1080
1677 100 0,1080,1224,1080
1678 100 0,1080,1224,1080
1679 100 0,1080,1224,1080
1680 100 0,1104,1224,1056
1681 100 0,1104,1224,1056
1682 100 0,1104,1224,1056
1683 100 0,1104,1224,1056
1684 100 0,1104,1224,1056
1685 100 0,1128,1224,1032
1686 100 0,1128,1224,1032
1687 100 0,1128,1224,1032
1688 100 0,1128,1224,1032
1689 100 0,1128,1224,1032
1690 100 0,1128,1224,1032
1691 100 0,1128,1224,1032
1692 100 0,1152,1224,1008
1693 100 0,1152,1224,1008
1694 100 0,1152,1224,1008
1695 100 0,1152,1224,1008
1696 100 0,1152,1224,1008
1697 100 0,1128,1224,1032
1698 100 0,1104,1224,1056
1699 100 0,1104,1224,1056
1700 100 0,1128,1224,1032
1701 100 0,1128,1224,1032
1702 100 0,1128,1224,1032
1703 100 0,1128,1224,1032
1704 100 0,1128,1224,1032
1705 100 0,1128,1224,1032
1706 100 0,1128,1224,1032
1707 100 0,1128,1224,1032
1708 100 0,1128,1224,1032
1709 100 0,1128,1224,1032
1710 100 0,1128,1224,1032
1711 100 0,1128,1224,1032
1712 100 0,1128,1224,1032
1713 100 0,1128,1224,1032
1714 100 0,1128,1224,1032
1715 100 0,1128,1224,1032
1716 100 0,1128,1224,1032
1717 100 0,1152,1224,1008
1718 100 0,1152,1224,1008
1719 100 0,1152,1224,1008
1720 100 0,1152,1224,1008
1721 100 0,1152,1224,1008
1722 100 0,1176,1224,984
1723 100 0,1152,1224,1008
1724 100 0,1176,1224,984
1725 100 0,1176,1224,984
1726 100 0,1176,1224,984
1727 100 0,1176,1224,984
1728 100 0,1176,1224,984
1729 100 0,1176,1224,984
1730 100 0,1176,1224,984
1731 100 0,1176,1224,984
1732 100 0,1176,1224,984
1733 100 0,1176,1224,984
1734 100 0,1176,1224,984
1735 100 0,1200,1224,960
1736 100 0,1200,1224,960
1737 100 0,1200,1224,960
1738 100 0,1200,1224,960
1739 100 0,1200,1224,960
1740 100 0,1224,1224,936
1741 100 0,1224,1224,936
1742 100 0,1224,1224,936
1743 100 0,1224,1224,936
1744 100 0,1224,1224,936
1745 100 0,1248,1224,912
1746 100 0,1248,1224,912
1747 100 0,1248,1224,912
1748 100 0,1248,1224,912
1749 100 0,1248,1224,912
1750 100 0,1248,1224,912
1751 100 0,1248,1224,912
1752 100 0,1248,1224,912
1753 100 0,1248,1224,912
1754 100 0,1248,1224,912
1755 100 0,1248,1224,912
1756 100 0,1224,1224,936
1757 100 0,1224,1224,936
1758 100 0,1224,1224,936
1759 100 0,1224,1224,936
1760 100 0,1224,1224,936
1761 100 0,1224,1224,936
1762 100 0,1224,1224,936
1763 100 0,1224,1224,936
1764 100 0,1224,1224,936
1765 100 0,1224,1224,936
1766 100 0,1224,1224,936
1767 100 0,1224,1224,936
1768 100 0,1224,1224,936
1769 100 0,1224,1224,936
1770 100 0,1200,1224,960
1771 100 0,1176,1224,984
1772 100 0,1176,1224,984
1773 100 0,1176,1224,984
1774 100 0,1200,1224,960
1775 100 0,1200,1224,960
1776 100 0,1200,1224,960
1777 100 0,1200,1224,960
1778 100 0,1200,1224,960
1779 100 0,1200,1224,960
1780 100 0,1200,1224,960
1781 100 0,1200,1224,960
1782 100 0,1176,1224,984
1783 100 0,1176,1224,984
1784 100 0,1176,1224,984
1785 100 0,1176,1224,984
1786 100 0,1200,1224,960
1787 100 0,1200,1224,960
1788 100 0,1176,1224,984
1789 100 0,1176,1224,984
1790 100 0,1200,1224,960
1791 100 0,1200,1224,960
1792 100 0,1200,1224,960
1793 100 0,1200,1224,960
1794 100 0,1200,1224,960
1795 100 0,1200,1224,960
1796 100 0,1200,1224,960
1797 100 0,1200,1224,960
1798 100 0,1200,1224,960
