0 100 792,792,1224,1200
1 100 792,792,1224,1200
2 100 792,792,1224,1200
3 100 792,792,1224,1200
4 100 792,792,1224,1200
5 100 792,792,1224,1200
6 100 792,792,1224,1200
7 100 816,792,1224,1200
8 100 816,792,1224,1200
9 100 816,792,1224,1200
10 100 816,792,1224,1200
11 100 816,792,1224,1200
12 100 816,768,1224,1224
13 100 816,768,1224,1200
14 100 840,720,1224,1224
15 100 840,720,1224,1224
16 100 888,696,1224,1200
17 100 912,648,1224,1224
18 100 912,624,1224,1200
19 100 912,624,1224,1200
20 100 936,624,1224,1200
21 100 912,624,1224,1224
22 100 912,648,1224,1200
23 100 888,648,1224,1224
24 100 888,648,1224,1224
25 100 888,672,1224,1200
26 100 888,672,1224,1200
27 100 912,672,1224,1200
28 100 912,672,1224,1200
29 100 888,672,1224,1200
30 100 888,696,1224,1200
31 100 864,696,1224,1200
32 100 864,696,1224,1224
33 100 864,696,1224,1224
34 100 840,720,1224,1200
35 100 840,720,1224,1200
36 100 840,720,1224,1224
37 100 840,720,1224,1224
38 100 840,720,1224,1224
39 100 840,720,1224,1224
40 100 840,720,1224,1224
41 100 840,744,1224,1200
42 100 840,744,1224,1200
43 100 864,744,1224,1200
44 100 864,720,1224,1200
45 100 864,696,1224,1224
46 100 864,696,1224,1224
47 100 864,696,1224,1224
48 100 888,696,1224,1200
49 100 888,672,1224,1224
50 100 888,672,1224,1224
51 100 864,696,1224,1224
52 100 864,696,1224,1200
53 100 888,696,1224,1200
54 100 864,696,1224,1224
55 100 864,696,1224,1224
56 100 864,696,1224,1224
57 100 864,720,1224,1200
58 100 864,720,1224,1200
59 100 864,720,1224,1200
60 100 840,720,1224,1224
61 100 840,720,1224,1224
62 100 840,720,1224,1200
63 100 816,720,1224,1200
64 100 816,720,1224,1200
65 100 840,720,1224,1200
66 100 840,720,1224,1200
67 100 840,720,1224,1200
68 100 888,672,1224,1224
69 100 888,672,1224,1224
70 100 888,672,1224,1200
71 100 888,648,1224,1200
72 100 912,600,1224,1224
73 100 912,600,1224,1224
74 100 936,552,1224,1200
75 100 960,504,1224,1224
76 100 960,504,1224,1200
77 100 936,480,1224,1200
78 100 936,480,1224,1200
79 100 936,456,1224,1200
80 100 936,456,1224,1200
81 100 936,456,1224,1200
82 100 936,456,1224,1200
83 100 912,432,1224,1224
84 100 912,432,1224,1200
85 100 912,408,1224,1224
86 100 912,408,1224,1200
87 100 912,408,1224,1200
88 100 888,384,1224,1224
89 100 888,384,1224,1200
90 100 888,384,1224,1200
91 100 888,384,1224,1200
92 100 888,384,1224,1200
93 100 888,384,1224,1200
94 100 888,360,1224,1224
95 100 888,360,1224,1200
96 100 888,360,1224,1200
97 100 888,360,1224,1200
98 100 888,360,1224,1200
99 100 888,360,1224,1200
100 100 888,360,1224,1200
101 100 888,360,1224,1200
102 100 888,360,1224,1200
103 100 888,360,1224,1200
104 100 888,360,1224,1200
105 100 864,360,1224,1200
106 100 864,360,1224,1200
107 100 864,336,1224,1200
108 100 840,312,1224,1224
109 100 816,312,1224,1200
110 100 816,312,1224,1200
111 100 792,288,1224,1200
112 100 768,240,1224,1224
113 100 744,216,1224,1224
114 100 720,216,1224,1200
115 100 720,216,1224,1200
116 100 696,192,1224,1224
117 100 696,192,1224,1200
118 100 672,168,1224,1200
119 100 672,168,1224,1200
120 100 672,168,1224,1200
121 100 672,144,1224,1224
122 100 672,144,1224,1200
123 100 696,120,1224,1200
124 100 696,120,1224,1200
125 100 696,96,1224,1200
126 100 696,72,1224,1200
127 100 672,48,1224,1200
128 100 0,24,1224,1224
129 100 0,24,1224,1224
130 100 0,24,1224,1200
131 100 408,24,1224,1200
132 100 0,24,1224,1176
133 100 0,24,1224,1176
134 100 0,24,1224,1176
135 100 0,24,1224,1152
136 100 0,24,1224,1152
137 100 0,24,1224,1152
138 100 0,24,1224,1152
139 100 0,24,1224,1152
140 100 0,24,1224,1152
141 100 0,24,1224,1128
142 100 0,24,1224,1128
143 100 0,24,1224,1128
144 100 0,24,1224,1128
145 100 0,24,1224,1104
146 100 0,24,1224,1104
147 100 0,24,1224,1104
148 100 0,24,1224,1104
149 100 0,24,1224,1104
150 100 0,24,1224,1104
151 100 0,24,1224,1104
152 100 0,24,1224,1104
153 100 0,24,1224,1104
154 100 0,24,1224,1104
155 100 0,24,1224,1104
156 100 0,24,1224,1104
157 100 0,24,1224,1104
158 100 0,24,1224,1104
159 100 0,24,1224,1104
160 100 0,24,1224,1104
161 100 0,24,1224,1104
162 100 0,24,1224,1104
163 100 0,24,1224,1104
164 100 0,24,1224,1104
165 100 0,24,1224,1104
166 100 0,24,1224,1104
167 100 0,24,1224,1104
168 100 0,24,1224,1104
169 100 0,24,1224,1104
170 100 0,24,1224,1104
171 100 0,24,1224,1104
172 100 0,24,1224,1104
173 100 0,24,1224,1104
174 100 0,24,1224,1104
175 100 0,24,1224,1104
176 100 0,24,1224,1128
177 100 0,24,1224,1128
178 100 0,24,1224,1128
179 100 0,24,1224,1128
180 100 0,24,1224,1128
181 100 0,24,1224,1128
182 100 0,24,1224,1128
183 100 0,24,1224,1128
184 100 0,24,1224,1128
185 100 0,24,1224,1128
186 100 0,24,1224,1128
187 100 0,24,1224,1128
188 100 0,24,1224,1128
189 100 0,24,1224,1128
190 100 0,24,1224,1128
191 100 0,24,1224,1128
192 100 0,24,1224,1128
193 100 0,24,1224,1128
194 100 0,24,1224,1128
195 100 0,24,1224,1128
196 100 0,24,1224,1128
197 100 0,24,1224,1128
198 100 0,24,1224,1128
199 100 0,24,1224,1128
200 100 0,24,1224,1128
201 100 0,24,1224,1128
202 100 0,24,1224,1128
203 100 0,24,1224,1128
204 100 0,24,1224,1128
205 100 0,24,1224,1128
206 100 0,24,1224,1128
207 100 0,24,1224,1128
208 100 0,24,1224,1128
209 100 0,24,1224,1128
210 100 0,24,1224,1128
211 100 0,24,1224,1152
212 100 0,24,1224,1152
213 100 0,24,1224,1152
214 100 0,24,1224,1152
215 100 0,24,1224,1176
216 100 0,24,1224,1200
217 100 0,24,1224,1200
218 100 1008,48,1224,1224
219 100 1032,72,1224,1200
220 100 1032,72,1224,1224
221 100 1032,72,1224,1224
222 100 1032,72,1224,1224
223 100 1032,96,1224,1224
224 100 1056,120,1224,1200
225 100 1080,120,1224,1224
226 100 1080,120,1224,1224
227 100 1104,144,1224,1224
228 100 1104,168,1224,1224
229 100 1128,192,1224,1224
230 100 1128,192,1224,1224
231 100 1128,192,1224,1224
232 100 1128,216,1224,1224
233 100 1152,240,1224,1200
234 100 1152,240,1224,1224
235 100 1152,240,1224,1224
236 100 1152,240,1224,1224
237 100 1176,264,1224,1224
238 100 1176,264,1224,1224
239 100 1176,288,1224,1200
240 100 1176,288,1224,1200
241 100 1200,288,1224,1224
242 100 1200,312,1224,1200
243 100 1224,312,1224,1224
244 100 1224,312,1224,1224
245 100 1224,312,1224,1224
246 100 1248,336,1224,1200
247 100 1248,336,1224,1200
248 100 1248,336,1224,1224
249 100 1248,336,1224,1224
250 100 1272,336,1224,1224
251 100 1272,360,1224,1200
252 100 1296,360,1224,1200
253 100 1296,360,1224,1200
254 100 1296,360,1224,1200
255 100 1320,360,1224,1200
256 100 1320,360,1224,1200
257 100 1344,336,1224,1224
258 100 1344,336,1224,1224
259 100 1344,336,1224,1224
260 100 1368,336,1224,1224
261 100 1392,336,1224,1224
262 100 1392,336,1224,1224
263 100 1392,336,1224,1224
264 100 1416,336,1224,1200
265 100 1440,336,1224,1200
266 100 1440,336,1224,1200
267 100 1440,336,1224,1200
268 100 1440,312,1224,1224
269 100 1440,312,1224,1224
270 100 1440,312,1224,1224
271 100 1440,312,1224,1224
272 100 1464,312,1224,1224
273 100 1464,312,1224,1224
274 100 1464,312,1224,1224
275 100 1488,312,1224,1224
276 100 1488,312,1224,1224
277 100 1488,312,1224,1224
278 100 1488,312,1224,1224
279 100 1488,336,1224,1200
280 100 1488,336,1224,1200
281 100 1512,336,1224,1200
282 100 1512,336,1224,1200
283 100 1512,336,1224,1200
284 100 1536,336,1224,1200
285 100 1536,336,1224,1200
286 100 1560,336,1224,1200
287 100 1560,336,1224,1224
288 100 1584,360,1224,1200
289 100 1584,360,1224,1200
290 100 1584,360,1224,1200
291 100 1584,360,1224,1200
292 100 1608,360,1224,1200
293 100 1608,360,1224,1200
294 100 1608,360,1224,1200
295 100 1632,360,1224,1224
296 100 1632,384,1224,1200
297 100 1656,384,1224,1200
298 100 1680,384,1224,1200
299 100 1680,384,1224,1200
300 100 1704,384,1224,1200
301 100 1704,384,1224,1200
302 100 1728,384,1224,1224
303 100 1728,384,1224,1224
304 100 1752,384,1224,1224
305 100 1752,384,1224,1224
306 100 1776,384,1224,1224
307 100 1800,384,1224,1224
308 100 1800,384,1224,1224
309 100 1800,384,1224,1200
310 100 1824,384,1224,1200
311 100 1848,384,1224,1200
312 100 1848,384,1224,1200
313 100 1848,384,1224,1200
314 100 1872,384,1224,1200
315 100 1896,384,1224,1200
316 100 1920,384,1224,1200
317 100 1920,384,1224,1200
318 100 1920,384,1224,1200
319 100 1944,384,1224,1200
320 100 1968,384,1224,1200
321 100 1968,384,1224,1200
322 100 1968,384,1224,1224
323 100 2016,408,1224,1200
324 100 2040,432,1224,1200
325 100 2064,432,1224,1200
326 100 2064,432,1224,1200
327 100 2064,432,1224,1200
328 100 2088,432,1224,1200
329 100 2088,432,1224,1200
330 100 2088,432,1224,1224
331 100 2088,432,1224,1224
332 100 2112,456,1224,1200
333 100 2112,456,1224,1200
334 100 2136,456,1224,1224
335 100 2136,456,1224,1224
336 100 2112,456,1224,1224
337 100 2112,456,1224,1224
338 100 2136,456,1224,1224
339 100 2136,456,1224,1224
340 100 2136,456,1224,1224
341 100 2136,456,1224,1200
342 100 2136,456,1224,1200
343 100 2136,456,1224,1200
344 100 2136,456,1224,1200
345 100 2160,456,1224,1200
346 100 2160,456,1224,1200
347 100 2160,432,1224,1200
348 100 2160,432,1224,1200
349 100 2160,432,1224,1200
350 100 2184,432,1224,1200
351 100 2184,408,1224,1224
352 100 2184,408,1224,1200
353 100 2184,408,1224,1200
354 100 2184,408,1224,1200
355 100 2208,408,1224,1200
356 100 2208,408,1224,1200
357 100 2232,408,1224,1200
358 100 2232,408,1224,1200
359 100 2256,432,1224,1200
360 100 2280,432,1224,1200
361 100 2328,456,1224,1200
362 100 2328,456,1224,1200
363 100 2376,480,1224,1200
364 100 2424,480,1224,1224
365 100 2472,504,1224,1200
366 100 2520,504,1224,1224
367 100 2520,504,1224,1224
368 100 2544,528,1224,1200
369 100 2568,552,1224,1200
370 100 2592,552,1224,1200
371 100 2592,552,1224,1200
372 100 2592,552,1224,1224
373 100 2616,576,1224,1200
374 100 2616,576,1224,1200
375 100 2616,576,1224,1200
376 100 2616,576,1224,1200
377 100 2616,576,1224,1200
378 100 2616,576,1224,1224
379 100 2616,600,1224,1200
380 100 2616,600,1224,1200
381 100 2616,600,1224,1200
382 100 2616,600,1224,1200
383 100 2592,600,1224,1200
384 100 2568,600,1224,1200
385 100 2568,600,1224,1200
386 100 2472,600,1224,1200
387 100 2328,600,1224,1224
388 100 2160,624,1224,1200
389 100 1968,624,1224,1224
390 100 1968,624,1224,1224
391 100 1752,648,1224,1200
392 100 1536,672,1224,1200
393 100 1368,672,1224,1224
394 100 1224,696,1224,1200
395 100 1224,696,1224,1200
396 100 1104,696,1224,1200
397 100 1008,696,1224,1224
398 100 960,720,1224,1224
399 100 960,720,1224,1224
400 100 912,744,1224,1224
401 100 840,792,1224,1200
402 100 768,864,1224,1200
403 100 768,864,1224,1200
404 100 696,912,1224,1224
405 100 624,960,1224,1200
406 100 264,1008,1224,1152
407 100 0,1032,1224,1128
408 100 0,1032,1224,1128
409 100 0,1056,1224,1104
410 100 0,1080,1224,1080
411 100 0,1080,1224,1080
412 100 0,1080,1224,1080
413 100 0,1056,1224,1104
414 100 0,1056,1224,1104
415 100 0,1056,1224,1104
416 100 0,1032,1224,1128
417 100 0,1032,1224,1128
418 100 0,1008,1224,1152
419 100 0,984,1224,1176
420 100 384,960,1224,1200
421 100 384,960,1224,1200
422 100 360,912,1224,1248
423 100 336,864,1224,1248
424 100 312,816,1224,1248
425 100 312,768,1224,1224
426 100 312,768,1224,1224
427 100 288,720,1224,1224
428 100 288,672,1224,1248
429 100 264,648,1224,1224
430 100 264,648,1224,1224
431 100 264,600,1224,1224
432 100 264,552,1224,1224
433 100 264,528,1224,1224
434 100 240,504,1224,1224
435 100 240,504,1224,1224
436 100 216,504,1224,1200
437 100 168,480,1224,1224
438 100 144,480,1224,1224
439 100 144,480,1224,1224
440 100 96,480,1224,1224
441 100 72,504,1224,1200
442 100 48,504,1224,1200
443 100 24,480,1224,1224
444 100 24,480,1224,1224
445 100 0,504,1224,1200
446 100 0,504,1224,1200
447 100 0,504,1224,1200
448 100 0,504,1224,1200
449 100 0,504,1224,1200
450 100 0,504,1224,1224
451 100 24,504,1224,1224
452 100 0,504,1224,1224
453 100 0,504,1224,1224
454 100 0,528,1224,1200
455 100 24,528,1224,1200
456 100 0,528,1224,1224
457 100 0,528,1224,1224
458 100 0,552,1224,1200
459 100 0,552,1224,1200
460 100 0,552,1224,1200
461 100 0,528,1224,1224
462 100 0,528,1224,1224
463 100 24,528,1224,1200
464 100 24,504,1224,1200
465 100 24,480,1224,1200
466 100 24,480,1224,1200
467 100 24,456,1224,1200
468 100 0,432,1224,1200
469 100 0,408,1224,1200
470 100 0,384,1224,1224
471 100 0,384,1224,1224
472 100 24,384,1224,1200
473 100 0,360,1224,1200
474 100 0,336,1224,1200
475 100 0,336,1224,1200
476 100 0,336,1224,1200
477 100 0,336,1224,1224
478 100 0,360,1224,1200
479 100 0,336,1224,1224
480 100 0,336,1224,1224
481 100 0,360,1224,1200
482 100 48,360,1224,1200
483 100 96,336,1224,1224
484 100 96,336,1224,1224
485 100 120,360,1224,1200
486 100 168,360,1224,1200
487 100 216,360,1224,1200
488 100 216,360,1224,1200
489 100 216,360,1224,1200
490 100 264,360,1224,1200
491 100 288,360,1224,1200
492 100 312,360,1224,1200
493 100 312,360,1224,1200
494 100 336,360,1224,1200
495 100 360,360,1224,1200
496 100 408,360,1224,1200
497 100 456,360,1224,1224
498 100 456,360,1224,1224
499 100 480,360,1224,1224
500 100 528,360,1224,1224
501 100 576,360,1224,1224
502 100 600,360,1224,1224
503 100 624,384,1224,1200
504 100 672,384,1224,1200
505 100 720,384,1224,1200
506 100 768,384,1224,1200
507 100 768,384,1224,1200
508 100 816,384,1224,1224
509 100 840,408,1224,1200
510 100 888,408,1224,1200
511 100 888,408,1224,1200
512 100 912,408,1224,1200
513 100 960,408,1224,1224
514 100 984,408,1224,1224
515 100 1008,432,1224,1200
516 100 1008,432,1224,1200
517 100 1032,432,1224,1200
518 100 1080,432,1224,1200
519 100 1104,432,1224,1200
520 100 1104,432,1224,1200
521 100 1128,432,1224,1200
522 100 1152,432,1224,1200
523 100 1176,432,1224,1224
524 100 1200,432,1224,1224
525 100 1200,432,1224,1224
526 100 1224,432,1224,1224
527 100 1248,432,1224,1224
528 100 1248,432,1224,1224
529 100 1248,432,1224,1224
530 100 1272,432,1224,1200
531 100 1296,432,1224,1200
532 100 1296,432,1224,1200
533 100 1296,432,1224,1200
534 100 1296,432,1224,1200
535 100 1320,432,1224,1200
536 100 1320,432,1224,1200
537 100 1344,432,1224,1200
538 100 1344,432,1224,1200
539 100 1344,432,1224,1200
540 100 1344,432,1224,1200
541 100 1368,432,1224,1200
542 100 1368,432,1224,1224
543 100 1368,432,1224,1224
544 100 1368,456,1224,1200
545 100 1368,456,1224,1200
546 100 1344,456,1224,1200
547 100 1344,456,1224,1200
548 100 1344,456,1224,1224
549 100 1344,456,1224,1224
550 100 1344,456,1224,1224
551 100 1344,480,1224,1200
552 100 1344,480,1224,1200
553 100 1344,480,1224,1200
554 100 1344,480,1224,1200
555 100 1320,480,1224,1224
556 100 1320,480,1224,1224
557 100 1320,504,1224,1200
558 100 1320,480,1224,1224
559 100 1320,480,1224,1224
560 100 1320,504,1224,1200
561 100 1320,504,1224,1200
562 100 1320,504,1224,1200
563 100 1296,504,1224,1200
564 100 1296,480,1224,1224
565 100 1296,480,1224,1224
566 100 1296,504,1224,1200
567 100 1296,480,1224,1224
568 100 1296,480,1224,1224
569 100 1320,480,1224,1224
570 100 1320,480,1224,1224
571 100 1320,480,1224,1224
572 100 1344,480,1224,1224
573 100 1392,480,1224,1224
574 100 1392,480,1224,1224
575 100 1416,480,1224,1224
576 100 1488,480,1224,1224
577 100 1536,480,1224,1224
578 100 1632,504,1224,1200
579 100 1632,504,1224,1200
580 100 1680,504,1224,1200
581 100 1776,504,1224,1200
582 100 1824,528,1224,1200
583 100 1824,528,1224,1200
584 100 1848,528,1224,1200
585 100 1848,528,1224,1200
586 100 1848,528,1224,1200
587 100 1848,528,1224,1200
588 100 1848,528,1224,1200
589 100 1848,528,1224,1224
590 100 1848,528,1224,1224
591 100 1848,528,1224,1224
592 100 1848,528,1224,1224
593 100 1848,552,1224,1200
594 100 1848,552,1224,1200
595 100 1848,552,1224,1200
596 100 1848,552,1224,1200
597 100 1848,552,1224,1200
598 100 1848,552,1224,1224
599 100 1848,552,1224,1224
600 100 1848,576,1224,1200
601 100 1848,576,1224,1200
602 100 1848,576,1224,1200
603 100 1872,576,1224,1200
604 100 1872,576,1224,1200
605 100 1872,600,1224,1200
606 100 1872,600,1224,1200
607 100 1872,648,1224,1200
608 100 1872,696,1224,1200
609 100 1896,696,1224,1200
610 100 1896,696,1224,1200
611 100 1920,696,1224,1200
612 100 1920,720,1224,1224
613 100 1920,744,1224,1224
614 100 1896,768,1224,1224
615 100 1896,768,1224,1224
616 100 1896,792,1224,1200
617 100 1896,792,1224,1200
618 100 1896,792,1224,1200
619 100 1896,792,1224,1200
620 100 1896,792,1224,1200
621 100 1896,792,1224,1200
622 100 1896,768,1224,1224
623 100 1848,720,1224,1224
624 100 1848,720,1224,1224
625 100 1776,648,1224,1200
626 100 1632,576,1224,1224
627 100 1512,528,1224,1200
628 100 1512,528,1224,1200
629 100 1392,480,1224,1200
630 100 1248,408,1224,1224
631 100 1128,384,1224,1200
632 100 1128,384,1224,1200
633 100 1008,336,1224,1224
634 100 936,312,1224,1224
635 100 888,312,1224,1200
636 100 888,312,1224,1200
637 100 864,288,1224,1224
638 100 840,288,1224,1200
639 100 816,264,1224,1224
640 100 768,264,1224,1224
641 100 768,264,1224,1224
642 100 744,264,1224,1224
643 100 720,264,1224,1224
644 100 696,264,1224,1224
645 100 696,264,1224,1224
646 100 648,288,1224,1200
647 100 624,288,1224,1200
648 100 600,288,1224,1224
649 100 600,288,1224,1224
650 100 576,312,1224,1200
651 100 576,360,1224,1200
652 100 552,360,1224,1224
653 100 528,384,1224,1200
654 100 528,384,1224,1200
655 100 504,384,1224,1224
656 100 480,432,1224,1200
657 100 456,456,1224,1200
658 100 456,456,1224,1200
659 100 432,480,1224,1200
660 100 408,504,1224,1200
661 100 360,528,1224,1200
662 100 312,552,1224,1200
663 100 312,552,1224,1200
664 100 288,576,1224,1200
665 100 264,576,1224,1224
666 100 264,576,1224,1224
667 100 264,576,1224,1224
668 100 264,576,1224,1224
669 100 264,600,1224,1200
670 100 264,600,1224,1200
671 100 264,600,1224,1200
672 100 264,600,1224,1200
673 100 264,600,1224,1200
674 100 264,600,1224,1200
675 100 264,600,1224,1200
676 100 264,600,1224,1200
677 100 264,600,1224,1200
678 100 264,600,1224,1200
679 100 264,600,1224,1224
680 100 264,600,1224,1224
681 100 264,600,1224,1224
682 100 264,600,1224,1224
683 100 264,600,1224,1224
684 100 264,600,1224,1224
685 100 264,600,1224,1224
686 100 264,600,1224,1224
687 100 264,600,1224,1224
688 100 264,600,1224,1224
689 100 264,624,1224,1200
690 100 264,624,1224,1200
691 100 264,624,1224,1200
692 100 264,624,1224,1200
693 100 264,624,1224,1200
694 100 264,624,1224,1200
695 100 240,624,1224,1200
696 100 240,624,1224,1200
697 100 240,624,1224,1200
698 100 240,624,1224,1200
699 100 240,624,1224,1200
700 100 240,624,1224,1200
701 100 240,600,1224,1224
702 100 216,600,1224,1224
703 100 216,600,1224,1224
704 100 216,600,1224,1224
705 100 216,600,1224,1224
706 100 192,600,1224,1224
707 100 192,600,1224,1224
708 100 168,600,1224,1224
709 100 168,600,1224,1224
710 100 168,624,1224,1200
711 100 168,600,1224,1224
712 100 168,624,1224,1200
713 100 168,624,1224,1200
714 100 168,624,1224,1200
715 100 168,624,1224,1200
716 100 168,624,1224,1200
717 100 168,624,1224,1200
718 100 168,624,1224,1200
719 100 168,624,1224,1200
720 100 168,624,1224,1200
721 100 168,624,1224,1200
722 100 168,624,1224,1200
723 100 168,624,1224,1200
724 100 168,624,1224,1200
725 100 168,624,1224,1200
726 100 168,624,1224,1200
727 100 168,624,1224,1224
728 100 168,624,1224,1224
729 100 168,648,1224,1200
730 100 168,672,1224,1200
731 100 192,696,1224,1224
732 100 192,696,1224,1224
733 100 216,768,1224,1200
734 100 216,816,1224,1200
735 100 240,840,1224,1200
736 100 264,864,1224,1200
737 100 264,864,1224,1200
738 100 312,864,1224,1224
739 100 336,888,1224,1200
740 100 384,888,1224,1224
741 100 384,888,1224,1224
742 100 432,912,1224,1200
743 100 504,888,1224,1224
744 100 552,888,1224,1224
745 100 600,888,1224,1224
746 100 600,888,1224,1224
747 100 624,888,1224,1200
748 100 648,888,1224,1200
749 100 672,888,1224,1200
750 100 672,888,1224,1200
751 100 696,888,1224,1200
752 100 720,888,1224,1200
753 100 768,864,1224,1224
754 100 792,864,1224,1200
755 100 792,864,1224,1200
756 100 816,840,1224,1224
757 100 864,840,1224,1200
758 100 888,840,1224,1200
759 100 888,840,1224,1200
760 100 936,816,1224,1200
761 100 984,792,1224,1200
762 100 1056,744,1224,1224
763 100 1128,744,1224,1200
764 100 1128,744,1224,1200
765 100 1176,720,1224,1200
766 100 1200,696,1224,1224
767 100 1224,696,1224,1224
768 100 1224,696,1224,1224
769 100 1248,696,1224,1200
770 100 1296,672,1224,1224
771 100 1320,672,1224,1200
772 100 1320,672,1224,1200
773 100 1344,672,1224,1200
774 100 1368,648,1224,1224
775 100 1368,648,1224,1224
776 100 1392,648,1224,1200
777 100 1392,648,1224,1200
778 100 1416,648,1224,1200
779 100 1416,648,1224,1200
780 100 1416,624,1224,1224
781 100 1440,624,1224,1200
782 100 1440,624,1224,1200
783 100 1464,600,1224,1224
784 100 1512,600,1224,1200
785 100 1560,600,1224,1200
786 100 1560,600,1224,1200
787 100 1608,600,1224,1200
788 100 1632,600,1224,1200
789 100 1632,576,1224,1200
790 100 1656,576,1224,1200
791 100 1656,576,1224,1200
792 100 1656,576,1224,1200
793 100 1656,552,1224,1200
794 100 1656,528,1224,1200
795 100 1656,504,1224,1224
796 100 1656,504,1224,1224
797 100 1656,504,1224,1200
798 100 1656,504,1224,1200
799 100 1656,504,1224,1200
800 100 1656,504,1224,1200
801 100 1632,504,1224,1200
802 100 1608,480,1224,1224
803 100 1560,480,1224,1200
804 100 1536,456,1224,1224
805 100 1536,456,1224,1224
806 100 1536,456,1224,1224
807 100 1512,456,1224,1224
808 100 1512,456,1224,1224
809 100 1512,456,1224,1224
810 100 1512,456,1224,1224
811 100 1488,480,1224,1200
812 100 1464,480,1224,1200
813 100 1464,480,1224,1200
814 100 1464,480,1224,1200
815 100 1440,480,1224,1200
816 100 1416,504,1224,1200
817 100 1416,504,1224,1224
818 100 1392,528,1224,1200
819 100 1392,528,1224,1200
820 100 1368,528,1224,1200
821 100 1344,528,1224,1200
822 100 1344,528,1224,1200
823 100 1344,528,1224,1200
824 100 1344,528,1224,1200
825 100 1320,528,1224,1200
826 100 1320,528,1224,1200
827 100 1320,528,1224,1200
828 100 1320,528,1224,1200
829 100 1296,528,1224,1200
830 100 1272,528,1224,1200
831 100 1248,528,1224,1200
832 100 1248,528,1224,1200
833 100 1224,528,1224,1200
834 100 1200,528,1224,1200
835 100 1176,528,1224,1200
836 100 1152,528,1224,1200
837 100 1152,528,1224,1200
838 100 1152,528,1224,1200
839 100 1128,528,1224,1200
840 100 1104,528,1224,1200
841 100 1104,528,1224,1200
842 100 1104,528,1224,1200
843 100 1104,528,1224,1200
844 100 1080,528,1224,1200
845 100 1080,528,1224,1200
846 100 1080,528,1224,1200
847 100 1080,528,1224,1200
848 100 1080,528,1224,1200
849 100 1080,528,1224,1200
850 100 1080,528,1224,1200
851 100 1080,528,1224,1200
852 100 1080,528,1224,1200
853 100 1080,528,1224,1224
854 100 1080,528,1224,1224
855 100 1080,528,1224,1224
856 100 1080,528,1224,1200
857 100 1056,528,1224,1200
858 100 1056,528,1224,1200
859 100 1056,528,1224,1200
860 100 1056,528,1224,1200
861 100 1056,504,1224,1224
862 100 1056,504,1224,1224
863 100 1056,504,1224,1224
864 100 1056,504,1224,1224
865 100 1056,504,1224,1224
866 100 1056,504,1224,1224
867 100 1032,504,1224,1200
868 100 1032,504,1224,1200
869 100 1032,504,1224,1200
870 100 1008,504,1224,1200
871 100 984,480,1224,1224
872 100 960,480,1224,1224
873 100 960,480,1224,1200
874 100 960,480,1224,1200
875 100 936,480,1224,1200
876 100 936,480,1224,1200
877 100 912,480,1224,1200
878 100 912,480,1224,1200
879 100 912,480,1224,1200
880 100 912,480,1224,1200
881 100 912,480,1224,1200
882 100 912,480,1224,1200
883 100 912,480,1224,1200
884 100 912,480,1224,1200
885 100 936,456,1224,1224
886 100 936,456,1224,1200
887 100 960,456,1224,1200
888 100 960,456,1224,1200
889 100 960,456,1224,1200
890 100 960,432,1224,1224
891 100 960,432,1224,1200
892 100 960,408,1224,1224
893 100 960,408,1224,1224
894 100 984,408,1224,1224
895 100 1008,408,1224,1200
896 100 1032,408,1224,1200
897 100 1032,408,1224,1200
898 100 1080,408,1224,1224
899 100 1104,408,1224,1224
900 100 1128,408,1224,1200
901 100 1152,384,1224,1224
902 100 1152,384,1224,1224
903 100 1152,384,1224,1200
904 100 1176,360,1224,1200
905 100 1176,312,1224,1224
906 100 1176,264,1224,1224
907 100 1176,264,1224,1224
908 100 1176,240,1224,1200
909 100 1176,216,1224,1200
910 100 1176,192,1224,1224
911 100 1176,192,1224,1224
912 100 1176,216,1224,1200
913 100 1200,216,1224,1200
914 100 1200,216,1224,1200
915 100 1200,216,1224,1200
916 100 1200,216,1224,1200
917 100 1200,216,1224,1200
918 100 1200,192,1224,1224
919 100 1200,192,1224,1224
920 100 1200,192,1224,1224
921 100 1200,192,1224,1224
922 100 1200,192,1224,1224
923 100 1200,192,1224,1224
924 100 1200,192,1224,1224
925 100 1200,192,1224,1224
926 100 1200,216,1224,1200
927 100 1224,216,1224,1200
928 100 1224,216,1224,1200
929 100 1248,216,1224,1224
930 100 1248,216,1224,1224
931 100 1248,240,1224,1200
932 100 1272,288,1224,1200
933 100 1296,336,1224,1200
934 100 1296,336,1224,1200
935 100 1320,360,1224,1200
936 100 1344,384,1224,1200
937 100 1320,384,1224,1200
938 100 1296,384,1224,1200
939 100 1296,384,1224,1200
940 100 1296,408,1224,1200
941 100 1296,408,1224,1200
942 100 1272,384,1224,1224
943 100 1248,408,1224,1200
944 100 1248,408,1224,1200
945 100 1224,408,1224,1200
946 100 1200,408,1224,1224
947 100 1176,408,1224,1224
948 100 1176,408,1224,1224
949 100 1152,408,1224,1224
950 100 1128,408,1224,1224
951 100 1128,408,1224,1224
952 100 1104,432,1224,1200
953 100 1104,432,1224,1200
954 100 1080,432,1224,1200
955 100 1056,432,1224,1200
956 100 1008,432,1224,1200
957 100 1008,432,1224,1200
958 100 960,432,1224,1224
959 100 912,456,1224,1200
960 100 864,456,1224,1224
961 100 792,480,1224,1200
962 100 792,480,1224,1200
963 100 720,504,1224,1200
964 100 648,504,1224,1224
965 100 600,528,1224,1200
966 100 552,528,1224,1224
967 100 552,528,1224,1224
968 100 480,552,1224,1200
969 100 432,576,1224,1200
970 100 408,552,1224,1224
971 100 408,552,1224,1224
972 100 384,576,1224,1200
973 100 360,576,1224,1200
974 100 360,576,1224,1224
975 100 360,576,1224,1224
976 100 360,576,1224,1224
977 100 336,576,1224,1224
978 100 336,600,1224,1200
979 100 312,600,1224,1200
980 100 312,600,1224,1224
981 100 312,600,1224,1224
982 100 312,624,1224,1200
983 100 312,624,1224,1200
984 100 336,600,1224,1224
985 100 336,600,1224,1224
986 100 336,600,1224,1224
987 100 336,600,1224,1224
988 100 336,600,1224,1224
989 100 312,600,1224,1200
990 100 312,600,1224,1200
991 100 312,600,1224,1200
992 100 288,600,1224,1224
993 100 288,600,1224,1224
994 100 288,624,1224,1200
995 100 288,624,1224,1200
996 100 264,624,1224,1200
997 100 240,624,1224,1224
998 100 216,648,1224,1200
999 100 216,648,1224,1200
1000 100 192,648,1224,1200
1001 100 192,648,1224,1224
1002 100 168,672,1224,1200
1003 100 144,672,1224,1224
1004 100 144,672,1224,1224
1005 100 120,696,1224,1200
1006 100 96,696,1224,1224
1007 100 72,720,1224,1200
1008 100 72,720,1224,1200
1009 100 72,720,1224,1200
1010 100 48,696,1224,1224
1011 100 48,720,1224,1200
1012 100 48,720,1224,1200
1013 100 48,720,1224,1200
1014 100 48,720,1224,1200
1015 100 48,720,1224,1200
1016 100 72,720,1224,1200
1017 100 72,720,1224,1200
1018 100 72,720,1224,1200
1019 100 96,720,1224,1200
1020 100 96,720,1224,1200
1021 100 96,720,1224,1200
1022 100 96,720,1224,1200
1023 100 96,720,1224,1200
1024 100 96,720,1224,1200
1025 100 96,720,1224,1200
1026 100 96,720,1224,1200
1027 100 96,720,1224,1200
1028 100 120,720,1224,1200
1029 100 144,720,1224,1200
1030 100 168,696,1224,1224
1031 100 192,696,1224,1200
1032 100 192,696,1224,1200
1033 100 216,696,1224,1200
1034 100 240,696,1224,1200
1035 100 216,696,1224,1200
1036 100 216,696,1224,1200
1037 100 216,672,1224,1224
1038 100 192,672,1224,1224
1039 100 216,672,1224,1224
1040 100 216,672,1224,1224
1041 100 216,672,1224,1224
1042 100 216,672,1224,1200
1043 100 216,672,1224,1200
1044 100 216,672,1224,1200
1045 100 216,672,1224,1200
1046 100 216,672,1224,1200
1047 100 192,672,1224,1200
1048 100 192,672,1224,1200
1049 100 168,672,1224,1200
1050 100 168,672,1224,1200
1051 100 192,672,1224,1200
1052 100 192,672,1224,1200
1053 100 192,648,1224,1224
1054 100 168,648,1224,1200
1055 100 168,648,1224,1200
1056 100 120,648,1224,1200
1057 100 72,648,1224,1200
1058 100 48,648,1224,1200
1059 100 48,648,1224,1200
1060 100 0,624,1224,1224
1061 100 0,624,1224,1224
1062 100 0,648,1224,1200
1063 100 0,648,1224,1200
1064 100 0,648,1224,1200
1065 100 0,648,1224,1224
1066 100 0,648,1224,1224
1067 100 24,648,1224,1224
1068 100 0,648,1224,1224
1069 100 0,648,1224,1224
1070 100 24,648,1224,1224
1071 100 0,672,1224,1200
1072 100 24,672,1224,1200
1073 100 24,672,1224,1200
1074 100 0,672,1224,1224
1075 100 24,672,1224,1224
1076 100 0,696,1224,1200
1077 100 0,720,1224,1200
1078 100 0,720,1224,1200
1079 100 24,744,1224,1200
1080 100 0,768,1224,1224
1081 100 0,816,1224,1224
1082 100 0,864,1224,1224
1083 100 0,864,1224,1224
1084 100 0,912,1224,1224
1085 100 120,936,1224,1224
1086 100 2160,960,1224,1200
1087 100 672,984,1224,1176
1088 100 672,984,1224,1176
1089 100 0,1008,1224,1152
1090 100 0,1008,1224,1152
1091 100 0,1032,1224,1128
1092 100 0,1032,1224,1128
1093 100 0,1032,1224,1128
1094 100 0,1056,1224,1104
1095 100 0,1080,1224,1080
1096 100 0,1080,1224,1080
1097 100 0,1080,1224,1080
1098 100 0,1104,1224,1056
1099 100 0,1128,1224,1032
1100 100 0,1128,1224,1032
1101 100 0,1128,1224,1032
1102 100 0,1128,1224,1032
1103 100 0,1128,1224,1032
1104 100 0,1128,1224,1032
1105 100 0,1104,1224,1056
1106 100 0,1104,1224,1056
1107 100 0,1104,1224,1056
1108 100 0,1104,1224,1056
1109 100 0,1080,1224,1080
1110 100 0,1080,1224,1080
1111 100 0,1080,1224,1080
1112 100 0,1056,1224,1104
1113 100 0,1056,1224,1104
1114 100 0,1056,1224,1104
1115 100 0,1056,1224,1104
1116 100 0,1056,1224,1104
1117 100 0,1056,1224,1104
1118 100 0,1056,1224,1104
1119 100 0,1032,1224,1128
1120 100 0,1032,1224,1128
1121 100 0,1032,1224,1128
1122 100 0,1032,1224,1128
1123 100 0,1032,1224,1128
1124 100 0,1032,1224,1128
1125 100 0,1032,1224,1128
1126 100 0,1032,1224,1128
1127 100 0,1032,1224,1128
1128 100 0,1032,1224,1128
1129 100 0,1032,1224,1128
1130 100 0,1032,1224,1128
1131 100 0,1032,1224,1128
1132 100 0,1032,1224,1128
1133 100 0,1032,1224,1128
1134 100 0,1008,1224,1152
1135 100 0,1008,1224,1152
1136 100 0,1008,1224,1152
1137 100 0,1008,1224,1152
1138 100 0,1008,1224,1152
1139 100 0,984,1224,1176
1140 100 0,984,1224,1176
1141 100 0,984,1224,1176
1142 100 0,1008,1224,1152
1143 100 0,1008,1224,1152
1144 100 0,1032,1224,1128
1145 100 0,1032,1224,1128
1146 100 0,1032,1224,1128
1147 100 0,1032,1224,1128
1148 100 0,1032,1224,1128
1149 100 0,1032,1224,1128
1150 100 0,1056,1224,1104
1151 100 0,1056,1224,1104
1152 100 0,1056,1224,1104
1153 100 0,1056,1224,1104
1154 100 0,1056,1224,1104
1155 100 0,1056,1224,1104
1156 100 0,1056,1224,1104
1157 100 0,1056,1224,1104
1158 100 0,1056,1224,1104
1159 100 0,1056,1224,1104
1160 100 0,1056,1224,1104
1161 100 0,1056,1224,1104
1162 100 0,1056,1224,1104
1163 100 0,1056,1224,1104
1164 100 0,1056,1224,1104
1165 100 0,1056,1224,1104
1166 100 0,1056,1224,1104
1167 100 0,1056,1224,1104
1168 100 0,1056,1224,1104
1169 100 0,1056,1224,1104
1170 100 0,1056,1224,1104
1171 100 0,1032,1224,1128
1172 100 0,1032,1224,1128
1173 100 0,1032,1224,1128
1174 100 0,1008,1224,1152
1175 100 0,1008,1224,1152
1176 100 0,984,1224,1176
1177 100 0,984,1224,1176
1178 100 0,984,1224,1176
1179 100 0,984,1224,1176
1180 100 0,984,1224,1176
1181 100 0,1008,1224,1152
1182 100 0,1008,1224,1152
1183 100 0,1008,1224,1152
1184 100 0,1008,1224,1152
1185 100 0,1008,1224,1152
1186 100 0,1032,1224,1128
1187 100 0,1032,1224,1128
1188 100 0,1032,1224,1128
1189 100 0,1032,1224,1128
1190 100 0,1032,1224,1128
1191 100 0,1032,1224,1128
1192 100 0,1032,1224,1128
1193 100 0,1032,1224,1128
1194 100 0,1032,1224,1128
1195 100 0,1056,1224,1104
1196 100 0,1056,1224,1104
1197 100 0,1056,1224,1104
1198 100 0,1056,1224,1104
1199 100 0,1056,1224,1104
1200 100 0,1056,1224,1104
1201 100 0,1056,1224,1104
1202 100 0,1056,1224,1104
1203 100 0,1080,1224,1080
1204 100 0,1080,1224,1080
1205 100 0,1080,1224,1080
1206 100 0,1080,1224,1080
1207 100 0,1080,1224,1080
1208 100 0,1080,1224,1080
1209 100 0,1080,1224,1080
1210 100 0,1080,1224,1080
1211 100 0,1080,1224,1080
1212 100 0,1080,1224,1080
1213 100 0,1080,1224,1080
1214 100 0,1080,1224,1080
1215 100 0,1080,1224,1080
1216 100 0,1080,1224,1080
1217 100 0,1080,1224,1080
1218 100 0,1080,1224,1080
1219 100 0,1104,1224,1056
1220 100 0,1104,1224,1056
1221 100 0,1104,1224,1056
1222 100 0,1080,1224,1080
1223 100 0,1080,1224,1080
1224 100 0,1080,1224,1080
1225 100 0,1080,1224,1080
1226 100 0,1104,1224,1056
1227 100 0,1104,1224,1056
1228 100 0,1104,1224,1056
1229 100 0,1104,1224,1056
1230 100 0,1104,1224,1056
1231 100 0,1104,1224,1056
1232 100 0,1104,1224,1056
1233 100 0,1104,1224,1056
1234 100 0,1104,1224,1056
1235 100 0,1104,1224,1056
1236 100 0,1104,1224,1056
1237 100 0,1104,1224,1056
1238 100 0,1104,1224,1056
1239 100 0,1080,1224,1080
1240 100 0,1080,1224,1080
1241 100 0,1080,1224,1080
1242 100 0,1080,1224,1080
1243 100 0,1080,1224,1080
1244 100 0,1080,1224,1080
1245 100 0,1032,1224,1128
1246 100 696,1008,1224,1152
1247 100 696,1008,1224,1152
1248 100 576,984,1224,1176
1249 100 624,984,1224,1176
1250 100 624,984,1224,1176
1251 100 624,984,1224,1176
1252 100 624,984,1224,1176
1253 100 600,984,1224,1176
1254 100 432,984,1224,1176
1255 100 528,984,1224,1176
1256 100 528,984,1224,1176
1257 100 216,984,1224,1176
1258 100 240,984,1224,1176
1259 100 384,984,1224,1176
1260 100 384,984,1224,1176
1261 100 360,960,1224,1200
1262 100 312,960,1224,1200
1263 100 288,960,1224,1200
1264 100 216,960,1224,1200
1265 100 216,960,1224,1200
1266 100 1320,960,1224,1200
1267 100 600,960,1224,1200
1268 100 0,960,1224,1200
1269 100 0,984,1224,1176
1270 100 0,984,1224,1176
1271 100 0,984,1224,1176
1272 100 0,984,1224,1176
1273 100 0,984,1224,1176
1274 100 0,984,1224,1176
1275 100 0,984,1224,1176
1276 100 0,1008,1224,1152
1277 100 0,1008,1224,1152
1278 100 0,1008,1224,1152
1279 100 0,1008,1224,1152
1280 100 0,1008,1224,1152
1281 100 0,1008,1224,1152
1282 100 0,1008,1224,1152
1283 100 0,1008,1224,1152
1284 100 0,1008,1224,1152
1285 100 0,1008,1224,1152
1286 100 0,1008,1224,1152
1287 100 0,1008,1224,1152
1288 100 0,1008,1224,1152
1289 100 0,1008,1224,1152
1290 100 0,1008,1224,1152
1291 100 0,984,1224,1176
1292 100 0,1008,1224,1152
1293 100 0,1008,1224,1152
1294 100 0,984,1224,1176
1295 100 0,984,1224,1176
1296 100 0,984,1224,1176
1297 100 0,984,1224,1176
1298 100 0,984,1224,1176
1299 100 0,1008,1224,1152
1300 100 0,1008,1224,1152
1301 100 0,1008,1224,1152
1302 100 0,1008,1224,1152
1303 100 0,1008,1224,1152
1304 100 0,1008,1224,1152
1305 100 0,1008,1224,1152
1306 100 0,1008,1224,1152
1307 100 0,1008,1224,1152
1308 100 0,1032,1224,1128
1309 100 0,1032,1224,1128
1310 100 0,1032,1224,1128
1311 100 0,1032,1224,1128
1312 100 0,1032,1224,1128
1313 100 0,1032,1224,1128
1314 100 0,1032,1224,1128
1315 100 0,1032,1224,1128
1316 100 0,1032,1224,1128
1317 100 0,1056,1224,1104
1318 100 0,1056,1224,1104
1319 100 0,1056,1224,1104
1320 100 0,1056,1224,1104
1321 100 0,1056,1224,1104
1322 100 0,1056,1224,1104
1323 100 0,1056,1224,1104
1324 100 0,1056,1224,1104
1325 100 0,1056,1224,1104
1326 100 0,1056,1224,1104
1327 100 0,1056,1224,1104
1328 100 0,1056,1224,1104
1329 100 0,1056,1224,1104
1330 100 0,1056,1224,1104
1331 100 0,1056,1224,1104
1332 100 0,1056,1224,1104
1333 100 0,1056,1224,1104
1334 100 0,1056,1224,1104
1335 100 0,1056,1224,1104
1336 100 0,1056,1224,1104
1337 100 0,1056,1224,1104
1338 100 0,1056,1224,1104
1339 100 0,1056,1224,1104
1340 100 0,1056,1224,1104
1341 100 0,1056,1224,1104
1342 100 0,1056,1224,1104
1343 100 0,1056,1224,1104
1344 100 0,1056,1224,1104
1345 100 0,1056,1224,1104
1346 100 0,1056,1224,1104
1347 100 0,1056,1224,1104
1348 100 0,1056,1224,1104
1349 100 0,1056,1224,1104
1350 100 0,1056,1224,1104
1351 100 0,1056,1224,1104
1352 100 0,1080,1224,1080
1353 100 0,1080,1224,1080
1354 100 0,1080,1224,1080
1355 100 0,1080,1224,1080
1356 100 0,1080,1224,1080
1357 100 0,1056,1224,1104
1358 100 0,1056,1224,1104
1359 100 0,1032,1224,1128
1360 100 0,1032,1224,1128
1361 100 0,1008,1224,1152
1362 100 0,1008,1224,1152
1363 100 0,1008,1224,1152
1364 100 0,1008,1224,1152
1365 100 0,1008,1224,1152
1366 100 0,1008,1224,1152
1367 100 0,1032,1224,1128
1368 100 0,1032,1224,1128
1369 100 0,1032,1224,1128
1370 100 0,1032,1224,1128
1371 100 0,1032,1224,1128
1372 100 0,1032,1224,1128
1373 100 0,1032,1224,1128
1374 100 0,1032,1224,1128
1375 100 0,1032,1224,1128
1376 100 0,1056,1224,1104
1377 100 0,1056,1224,1104
1378 100 0,1056,1224,1104
1379 100 0,1056,1224,1104
1380 100 0,1056,1224,1104
1381 100 0,1080,1224,1080
1382 100 0,1080,1224,1080
1383 100 0,1080,1224,1080
1384 100 0,1080,1224,1080
1385 100 0,1080,1224,1080
1386 100 0,1080,1224,1080
1387 100 0,1080,1224,1080
1388 100 0,1080,1224,1080
1389 100 0,1080,1224,1080
1390 100 0,1080,1224,1080
1391 100 0,1080,1224,1080
1392 100 0,1080,1224,1080
1393 100 0,1080,1224,1080
1394 100 0,1080,1224,1080
1395 100 0,1080,1224,1080
1396 100 0,1080,1224,1080
1397 100 0,1080,1224,1080
1398 100 0,1080,1224,1080
1399 100 0,1080,1224,1080
1400 100 0,1080,1224,1080
1401 100 0,1080,1224,1080
1402 100 0,1080,1224,1080
1403 100 0,1080,1224,1080
1404 100 0,1080,1224,1080
1405 100 0,1080,1224,1080
1406 100 0,1080,1224,1080
1407 100 0,1080,1224,1080
1408 100 0,1080,1224,1080
1409 100 0,1080,1224,1080
1410 100 0,1080,1224,1080
1411 100 0,1104,1224,1056
1412 100 0,1104,1224,1056
1413 100 0,1104,1224,1056
1414 100 0,1104,1224,1056
1415 100 0,1104,1224,1056
1416 100 0,1104,1224,1056
1417 100 0,1104,1224,1056
1418 100 0,1104,1224,1056
1419 100 0,1104,1224,1056
1420 100 0,1104,1224,1056
1421 100 0,1104,1224,1056
1422 100 0,1104,1224,1056
1423 100 0,1080,1224,1080
1424 100 0,1056,1224,1104
1425 100 0,1056,1224,1104
1426 100 0,1056,1224,1104
1427 100 0,1032,1224,1128
1428 100 0,1008,1224,1152
1429 100 0,1008,1224,1152
1430 100 0,984,1224,1176
1431 100 0,960,1224,1200
1432 100 0,960,1224,1200
1433 100 0,984,1224,1176
1434 100 0,984,1224,1176
1435 100 0,984,1224,1176
1436 100 0,960,1224,1200
1437 100 0,960,1224,1200
1438 100 0,960,1224,1200
1439 100 0,960,1224,1200
1440 100 0,960,1224,1200
1441 100 0,960,1224,1200
1442 100 0,960,1224,1200
1443 100 0,960,1224,1200
1444 100 0,936,1224,1224
1445 100 0,912,1224,1248
1446 100 456,912,1224,1248
1447 100 456,912,1224,1248
1448 100 1512,888,1224,1272
1449 100 1584,864,1224,1296
1450 100 1632,840,1224,1296
1451 100 1656,840,1224,1272
1452 100 1656,840,1224,1272
1453 100 1680,816,1224,1272
1454 100 1704,792,1224,1248
1455 100 1728,792,1224,1224
1456 100 1728,792,1224,1224
1457 100 1728,792,1224,1224
1458 100 1704,792,1224,1224
1459 100 1704,792,1224,1224
1460 100 1680,792,1224,1224
1461 100 1680,792,1224,1224
1462 100 1680,792,1224,1224
1463 100 1656,792,1224,1224
1464 100 1632,768,1224,1224
1465 100 1632,768,1224,1224
1466 100 1608,768,1224,1224
1467 100 1584,768,1224,1200
1468 100 1536,744,1224,1224
1469 100 1512,744,1224,1200
1470 100 1512,744,1224,1200
1471 100 1488,744,1224,1200
1472 100 1464,720,1224,1200
1473 100 1440,720,1224,1200
1474 100 1416,696,1224,1200
1475 100 1416,696,1224,1200
1476 100 1368,696,1224,1200
1477 100 1368,672,1224,1224
1478 100 1344,672,1224,1200
1479 100 1344,672,1224,1200
1480 100 1320,672,1224,1200
1481 100 1320,672,1224,1200
1482 100 1320,672,1224,1200
1483 100 1320,648,1224,1224
1484 100 1320,648,1224,1224
1485 100 1320,648,1224,1200
1486 100 1320,648,1224,1200
1487 100 1344,624,1224,1200
1488 100 1344,624,1224,1200
1489 100 1344,624,1224,1200
1490 100 1320,624,1224,1224
1491 100 1344,624,1224,1200
1492 100 1320,624,1224,1200
1493 100 1320,624,1224,1200
1494 100 1320,624,1224,1200
1495 100 1320,624,1224,1200
1496 100 1320,624,1224,1200
1497 100 1320,624,1224,1200
1498 100 1320,624,1224,1200
1499 100 1320,624,1224,1224
1500 100 1320,648,1224,1200
1501 100 1296,648,1224,1224
1502 100 1272,672,1224,1200
1503 100 1272,672,1224,1200
1504 100 1248,696,1224,1200
1505 100 1200,720,1224,1224
1506 100 1128,768,1224,1200
1507 100 1128,768,1224,1200
1508 100 1080,816,1224,1200
1509 100 1008,864,1224,1224
1510 100 936,936,1224,1200
1511 100 912,936,1224,1200
1512 100 912,936,1224,1200
1513 100 912,936,1224,1200
1514 100 888,936,1224,1224
1515 100 888,960,1224,1200
1516 100 864,960,1224,1200
1517 100 864,960,1224,1200
1518 100 840,960,1224,1200
1519 100 840,960,1224,1200
1520 100 840,960,1224,1200
1521 100 840,960,1224,1200
1522 100 816,984,1224,1176
1523 100 696,984,1224,1176
1524 100 792,984,1224,1176
1525 100 792,984,1224,1176
1526 100 792,984,1224,1176
1527 100 768,984,1224,1176
1528 100 768,984,1224,1176
1529 100 768,984,1224,1176
1530 100 768,984,1224,1176
1531 100 720,984,1224,1176
1532 100 648,984,1224,1176
1533 100 0,1008,1224,1152
1534 100 0,1032,1224,1128
1535 100 0,1032,1224,1128
1536 100 0,1032,1224,1128
1537 100 0,1032,1224,1128
1538 100 0,1032,1224,1128
1539 100 0,1032,1224,1128
1540 100 0,1032,1224,1128
1541 100 0,1008,1224,1152
1542 100 432,1008,1224,1152
1543 100 216,1008,1224,1152
1544 100 216,1008,1224,1152
1545 100 0,1008,1224,1152
1546 100 0,1032,1224,1128
1547 100 0,1032,1224,1128
1548 100 0,1032,1224,1128
1549 100 0,1032,1224,1128
1550 100 0,1032,1224,1128
1551 100 0,1032,1224,1128
1552 100 96,1008,1224,1152
1553 100 96,1008,1224,1152
1554 100 480,1008,1224,1152
1555 100 672,984,1224,1176
1556 100 672,960,1224,1200
1557 100 648,936,1224,1224
1558 100 648,936,1224,1224
1559 100 648,936,1224,1200
1560 100 648,912,1224,1200
1561 100 648,888,1224,1224
1562 100 648,888,1224,1224
1563 100 624,888,1224,1200
1564 100 624,864,1224,1224
1565 100 624,864,1224,1200
1566 100 600,864,1224,1200
1567 100 600,864,1224,1200
1568 100 576,864,1224,1200
1569 100 576,864,1224,1200
1570 100 576,840,1224,1224
1571 100 576,840,1224,1224
1572 100 576,840,1224,1224
1573 100 552,840,1224,1200
1574 100 552,840,1224,1200
1575 100 552,816,1224,1224
1576 100 552,816,1224,1224
1577 100 528,816,1224,1224
1578 100 528,816,1224,1200
1579 100 528,792,1224,1224
1580 100 528,792,1224,1224
1581 100 528,792,1224,1224
1582 100 528,792,1224,1200
1583 100 528,768,1224,1224
1584 100 528,768,1224,1224
1585 100 528,768,1224,1224
1586 100 504,768,1224,1224
1587 100 504,768,1224,1224
1588 100 480,768,1224,1224
1589 100 480,768,1224,1200
1590 100 480,768,1224,1200
1591 100 456,768,1224,1200
1592 100 456,768,1224,1200
1593 100 432,768,1224,1200
1594 100 432,768,1224,1200
1595 100 432,768,1224,1200
1596 100 408,768,1224,1224
1597 100 384,792,1224,1200
1598 100 360,792,1224,1224
1599 100 360,792,1224,1224
1600 100 312,792,1224,1224
1601 100 288,792,1224,1224
1602 100 240,792,1224,1224
1603 100 192,816,1224,1200
1604 100 192,816,1224,1200
1605 100 144,840,1224,1200
1606 100 96,864,1224,1200
1607 100 72,864,1224,1224
1608 100 24,888,1224,1224
1609 100 24,888,1224,1224
1610 100 0,888,1224,1224
1611 100 0,888,1224,1224
1612 100 0,888,1224,1248
1613 100 0,888,1224,1248
1614 100 0,888,1224,1248
1615 100 0,912,1224,1224
1616 100 0,912,1224,1224
1617 100 0,912,1224,1224
1618 100 0,912,1224,1224
1619 100 0,912,1224,1224
1620 100 0,888,1224,1224
1621 100 0,888,1224,1248
1622 100 0,888,1224,1248
1623 100 0,912,1224,1224
1624 100 0,912,1224,1224
1625 100 48,912,1224,1224
1626 100 24,912,1224,1224
1627 100 24,912,1224,1224
1628 100 48,912,1224,1248
1629 100 144,912,1224,1248
1630 100 2688,912,1224,1248
1631 100 2688,912,1224,1248
1632 100 2160,912,1224,1248
1633 100 1104,912,1224,1248
1634 100 0,936,1224,1224
1635 100 0,936,1224,1224
1636 100 0,936,1224,1224
1637 100 0,936,1224,1224
1638 100 0,936,1224,1224
1639 100 0,936,1224,1224
1640 100 0,912,1224,1248
1641 100 0,912,1224,1248
1642 100 1224,888,1224,1272
1643 100 1920,888,1224,1272
1644 100 2736,864,1224,1296
1645 100 2736,864,1224,1296
1646 100 2088,864,1224,1296
1647 100 2184,864,1224,1296
1648 100 1920,864,1224,1296
1649 100 1920,864,1224,1296
1650 100 2160,888,1224,1272
1651 100 1680,888,1224,1272
1652 100 2184,888,1224,1272
1653 100 1920,888,1224,1272
1654 100 1920,888,1224,1272
1655 100 2928,888,1224,1272
1656 100 2640,888,1224,1272
1657 100 3144,888,1224,1272
1658 100 3144,888,1224,1272
1659 100 2832,888,1224,1272
1660 100 3096,888,1224,1272
1661 100 2688,888,1224,1272
1662 100 2856,888,1224,1272
1663 100 2856,888,1224,1272
1664 100 2832,888,1224,1272
1665 100 2976,888,1224,1272
1666 100 3048,912,1224,1248
1667 100 3024,912,1224,1248
1668 100 3024,912,1224,1248
1669 100 2592,912,1224,1248
1670 100 2568,912,1224,1248
1671 100 2040,912,1224,1248
1672 100 1464,936,1224,1224
1673 100 1464,936,1224,1224
1674 100 288,936,1224,1224
1675 100 0,960,1224,1200
1676 100 0,960,1224,1200
1677 100 0,960,1224,1200
1678 100 0,984,1224,1176
1679 100 0,984,1224,1176
1680 100 0,984,1224,1176
1681 100 0,984,1224,1176
1682 100 0,984,1224,1176
1683 100 0,1008,1224,1152
1684 100 0,1032,1224,1128
1685 100 0,1056,1224,1104
1686 100 0,1056,1224,1104
1687 100 0,1080,1224,1080
1688 100 0,1080,1224,1080
1689 100 0,1080,1224,1080
1690 100 0,1080,1224,1080
1691 100 0,1080,1224,1080
1692 100 0,1080,1224,1080
1693 100 0,1104,1224,1056
1694 100 0,1104,1224,1056
1695 100 0,1104,1224,1056
1696 100 0,1104,1224,1056
1697 100 0,1104,1224,1056
1698 100 0,1104,1224,1056
1699 100 0,1104,1224,1056
1700 100 0,1104,1224,1056
1701 100 0,1104,1224,1056
1702 100 0,1104,1224,1056
1703 100 0,1104,1224,1056
1704 100 0,1104,1224,1056
1705 100 0,1104,1224,1056
1706 100 0,1104,1224,1056
1707 100 0,1104,1224,1056
1708 100 0,1104,1224,1056
1709 100 0,1104,1224,1056
1710 100 0,1104,1224,1056
1711 100 0,1104,1224,1056
1712 100 0,1128,1224,1032
1713 100 0,1128,1224,1032
1714 100 0,1128,1224,1032
1715 100 0,1128,1224,1032
1716 100 0,1128,1224,1032
1717 100 0,1128,1224,1032
1718 100 0,1128,1224,1032
1719 100 0,1128,1224,1032
1720 100 0,1128,1224,1032
1721 100 0,1128,1224,1032
1722 100 0,1104,1224,1056
1723 100 0,1104,1224,1056
1724 100 0,1104,1224,1056
1725 100 0,1104,1224,1056
1726 100 0,1104,1224,1056
1727 100 0,1080,1224,1080
1728 100 0,1080,1224,1080
1729 100 0,1080,1224,1080
1730 100 0,1056,1224,1104
1731 100 0,1056,1224,1104
1732 100 0,1056,1224,1104
1733 100 0,1056,1224,1104
1734 100 0,1056,1224,1104
1735 100 0,1056,1224,1104
1736 100 0,1056,1224,1104
1737 100 0,1056,1224,1104
1738 100 0,1056,1224,1104
1739 100 0,1056,1224,1104
1740 100 0,1056,1224,1104
1741 100 0,1032,1224,1128
1742 100 0,1032,1224,1128
1743 100 0,1032,1224,1128
1744 100 0,1032,1224,1128
1745 100 0,1032,1224,1128
1746 100 0,1032,1224,1128
1747 100 0,1032,1224,1128
1748 100 0,1032,1224,1128
1749 100 0,1056,1224,1104
1750 100 0,1056,1224,1104
1751 100 0,1056,1224,1104
1752 100 0,1056,1224,1104
1753 100 0,1056,1224,1104
1754 100 0,1080,1224,1080
1755 100 0,1080,1224,1080
1756 100 0,1080,1224,1080
1757 100 0,1080,1224,1080
1758 100 0,1080,1224,1080
1759 100 0,1080,1224,1080
1760 100 0,1104,1224,1056
1761 100 0,1104,1224,1056
1762 100 0,1104,1224,1056
1763 100 0,1104,1224,1056
1764 100 0,1104,1224,1056
1765 100 0,1104,1224,1056
1766 100 0,1104,1224,1056
1767 100 0,1104,1224,1056
1768 100 0,1104,1224,1056
1769 100 0,1104,1224,1056
1770 100 0,1104,1224,1056
1771 100 0,1104,1224,1056
1772 100 0,1104,1224,1056
1773 100 0,1104,1224,1056
1774 100 0,1104,1224,1056
1775 100 0,1104,1224,1056
1776 100 0,1104,1224,1056
1777 100 0,1104,1224,1056
1778 100 0,1080,1224,1080
1779 100 0,1080,1224,1080
1780 100 0,1104,1224,1056
1781 100 0,1080,1224,1080
1782 100 0,1080,1224,1080
1783 100 0,1080,1224,1080
1784 100 0,1080,1224,1080
1785 100 0,1080,1224,1080
1786 100 0,1080,1224,1080
1787 100 0,1080,1224,1080
1788 100 0,1080,1224,1080
1789 100 0,1080,1224,1080
1790 100 0,1080,1224,1080
1791 100 0,1080,1224,1080
1792 100 0,1080,1224,1080
1793 100 0,1080,1224,1080
1794 100 0,1080,1224,1080
1795 100 0,1080,1224,1080
1796 100 0,1080,1224,1080
1797 100 0,1080,1224,1080
1798 100 0,1080,1224,1080
