0 100 1440,912,1224,1200
1 100 1440,912,1224,1224
2 100 1416,936,1224,1200
3 100 1416,936,1224,1200
4 100 1392,960,1224,1200
5 100 1392,960,1224,1200
6 100 1368,960,1224,1200
7 100 1344,984,1224,1176
8 100 1296,984,1224,1176
9 100 1368,984,1224,1176
10 100 1368,984,1224,1176
11 100 1368,984,1224,1176
12 100 1368,984,1224,1176
13 100 1368,984,1224,1176
14 100 1368,960,1224,1200
15 100 1392,960,1224,1200
16 100 1392,936,1224,1224
17 100 1392,960,1224,1200
18 100 1392,960,1224,1200
19 100 1368,960,1224,1200
20 100 1368,960,1224,1200
21 100 1344,984,1224,1176
22 100 1344,960,1224,1200
23 100 1344,960,1224,1200
24 100 1344,960,1224,1200
25 100 1368,960,1224,1200
26 100 1368,960,1224,1200
27 100 1368,960,1224,1200
28 100 1368,960,1224,1200
29 100 1392,936,1224,1200
30 100 1416,912,1224,1200
31 100 1464,888,1224,1200
32 100 1464,864,1224,1200
33 100 1488,840,1224,1200
34 100 1488,816,1224,1224
35 100 1512,816,1224,1200
36 100 1488,816,1224,1200
37 100 1488,792,1224,1224
38 100 1512,792,1224,1200
39 100 1488,792,1224,1224
40 100 1464,816,1224,1200
41 100 1488,792,1224,1224
42 100 1488,792,1224,1200
43 100 1464,792,1224,1224
44 100 1440,792,1224,1224
45 100 1440,792,1224,1200
46 100 1464,792,1224,1200
47 100 1464,792,1224,1200
48 100 1440,792,1224,1200
49 100 1464,768,1224,1200
50 100 1440,768,1224,1200
51 100 1440,744,1224,1224
52 100 1440,744,1224,1200
53 100 1440,720,1224,1224
54 100 1440,720,1224,1200
55 100 1464,696,1224,1200
56 100 1464,672,1224,1200
57 100 1440,672,1224,1200
58 100 1416,672,1224,1200
59 100 1416,672,1224,1200
60 100 1416,672,1224,1200
61 100 1416,672,1224,1200
62 100 1416,672,1224,1200
63 100 1416,672,1224,1200
64 100 1416,648,1224,1224
65 100 1416,648,1224,1224
66 100 1416,648,1224,1224
67 100 1416,672,1224,1200
68 100 1392,672,1224,1200
69 100 1392,672,1224,1200
70 100 1416,672,1224,1200
71 100 1416,672,1224,1200
72 100 1392,672,1224,1200
73 100 1368,672,1224,1200
74 100 1320,648,1224,1224
75 100 1296,648,1224,1224
76 100 1248,648,1224,1224
77 100 1200,648,1224,1200
78 100 1176,648,1224,1200
79 100 1152,648,1224,1200
80 100 1128,648,1224,1200
81 100 1104,648,1224,1200
82 100 1104,624,1224,1224
83 100 1104,624,1224,1224
84 100 1080,624,1224,1224
85 100 1080,624,1224,1224
86 100 1104,624,1224,1224
87 100 1104,624,1224,1224
88 100 1104,624,1224,1224
89 100 1104,624,1224,1224
90 100 1128,624,1224,1224
91 100 1128,624,1224,1224
92 100 1128,624,1224,1200
93 100 1152,624,1224,1200
94 100 1152,624,1224,1200
95 100 1176,624,1224,1200
96 100 1152,624,1224,1200
97 100 1152,624,1224,1200
98 100 1176,624,1224,1200
99 100 1176,624,1224,1200
100 100 1176,624,1224,1200
101 100 1200,624,1224,1200
102 100 1224,624,1224,1200
103 100 1224,624,1224,1200
104 100 1224,624,1224,1200
105 100 1224,624,1224,1200
106 100 1200,600,1224,1224
107 100 1200,624,1224,1200
108 100 1200,624,1224,1200
109 100 1200,624,1224,1200
110 100 1200,624,1224,1200
111 100 1200,624,1224,1200
112 100 1200,624,1224,1200
113 100 1200,624,1224,1200
114 100 1224,624,1224,1200
115 100 1224,624,1224,1200
116 100 1224,624,1224,1200
117 100 1248,624,1224,1200
118 100 1248,624,1224,1200
119 100 1296,600,1224,1224
120 100 1320,600,1224,1224
121 100 1368,600,1224,1200
122 100 1392,600,1224,1200
123 100 1416,600,1224,1200
124 100 1416,576,1224,1224
125 100 1416,576,1224,1224
126 100 1416,576,1224,1224
127 100 1416,600,1224,1200
128 100 1416,576,1224,1224
129 100 1416,576,1224,1224
130 100 1416,576,1224,1224
131 100 1440,576,1224,1224
132 100 1464,576,1224,1224
133 100 1488,576,1224,1200
134 100 1536,576,1224,1200
135 100 1608,576,1224,1200
136 100 1680,552,1224,1224
137 100 1776,552,1224,1224
138 100 1872,552,1224,1200
139 100 1968,552,1224,1200
140 100 2064,528,1224,1224
141 100 2136,528,1224,1224
142 100 2208,528,1224,1224
143 100 2256,552,1224,1200
144 100 2304,552,1224,1200
145 100 2328,552,1224,1200
146 100 2376,552,1224,1200
147 100 2376,552,1224,1224
148 100 2400,552,1224,1224
149 100 2424,552,1224,1200
150 100 2424,552,1224,1200
151 100 2424,528,1224,1224
152 100 2424,528,1224,1224
153 100 2424,528,1224,1224
154 100 2424,528,1224,1224
155 100 2448,552,1224,1200
156 100 2472,552,1224,1200
157 100 2520,528,1224,1224
158 100 2568,528,1224,1224
159 100 2640,528,1224,1224
160 100 2712,552,1224,1200
161 100 2760,552,1224,1224
162 100 2856,552,1224,1224
163 100 2928,552,1224,1224
164 100 3000,576,1224,1200
165 100 3000,576,1224,1200
166 100 3000,552,1224,1224
167 100 3096,576,1224,1200
168 100 3120,576,1224,1200
169 100 3096,576,1224,1200
170 100 3072,576,1224,1200
171 100 3072,576,1224,1200
172 100 3096,576,1224,1200
173 100 3120,552,1224,1224
174 100 3120,552,1224,1224
175 100 3144,552,1224,1224
176 100 3120,552,1224,1224
177 100 3288,552,1224,1224
178 100 3240,576,1224,1200
179 100 3408,576,1224,1200
180 100 3360,576,1224,1224
181 100 3432,576,1224,1200
182 100 3576,552,1224,1224
183 100 3456,552,1224,1200
184 100 3384,528,1224,1200
185 100 3408,528,1224,1200
186 100 3456,528,1224,1200
187 100 3432,528,1224,1200
188 100 3480,528,1224,1200
189 100 3528,528,1224,1200
190 100 3552,528,1224,1200
191 100 3696,504,1224,1224
192 100 3600,504,1224,1224
193 100 3552,528,1224,1200
194 100 3576,528,1224,1200
195 100 3624,504,1224,1224
196 100 3432,504,1224,1200
197 100 3528,504,1224,1200
198 100 3504,480,1224,1200
199 100 3552,456,1224,1200
200 100 3600,408,1224,1224
201 100 3384,360,1224,1224
202 100 3528,336,1224,1200
203 100 3360,312,1224,1224
204 100 3408,312,1224,1200
205 100 3432,312,1224,1200
206 100 3480,312,1224,1200
207 100 3504,312,1224,1200
208 100 3432,312,1224,1200
209 100 3360,312,1224,1224
210 100 3576,312,1224,1224
211 100 3456,336,1224,1200
212 100 3696,336,1224,1224
213 100 3624,336,1224,1224
214 100 3432,360,1224,1200
215 100 3600,360,1224,1224
216 100 3408,384,1224,1200
217 100 3504,408,1224,1200
218 100 3600,408,1224,1224
219 100 3528,432,1224,1200
220 100 3528,432,1224,1200
221 100 3456,432,1224,1200
222 100 3672,432,1224,1224
223 100 3480,456,1224,1200
224 100 3480,480,1224,1200
225 100 3384,480,1224,1200
226 100 3576,504,1224,1200
227 100 3480,504,1224,1200
228 100 3600,504,1224,1224
229 100 72,528,1224,1224
230 100 3528,552,1224,1200
231 100 0,552,1224,1200
232 100 3432,552,1224,1200
233 100 3432,552,1224,1200
234 100 0,552,1224,1200
235 100 48,552,1224,1200
236 100 96,528,1224,1224
237 100 120,528,1224,1224
238 100 120,528,1224,1224
239 100 96,528,1224,1224
240 100 72,528,1224,1224
241 100 72,528,1224,1224
242 100 72,528,1224,1224
243 100 3408,528,1224,1200
244 100 3408,528,1224,1200
245 100 3408,528,1224,1200
246 100 3384,528,1224,1200
247 100 96,528,1224,1224
248 100 48,528,1224,1224
249 100 48,528,1224,1224
250 100 72,528,1224,1224
251 100 48,528,1224,1224
252 100 3408,528,1224,1200
253 100 3432,528,1224,1200
254 100 3528,528,1224,1200
255 100 3600,504,1224,1224
256 100 3336,504,1224,1224
257 100 3336,504,1224,1224
258 100 3312,504,1224,1224
259 100 3168,504,1224,1224
260 100 3168,504,1224,1224
261 100 3144,528,1224,1200
262 100 3024,528,1224,1200
263 100 3024,528,1224,1200
264 100 2928,504,1224,1224
265 100 2856,528,1224,1200
266 100 2760,504,1224,1224
267 100 2760,528,1224,1200
268 100 2664,528,1224,1200
269 100 2640,504,1224,1224
270 100 2616,504,1224,1200
271 100 2616,480,1224,1200
272 100 2568,456,1224,1200
273 100 2520,432,1224,1200
274 100 2472,384,1224,1200
275 100 2424,336,1224,1224
276 100 2376,312,1224,1200
277 100 2352,288,1224,1200
278 100 2352,288,1224,1200
279 100 2328,264,1224,1224
280 100 2304,264,1224,1224
281 100 2304,264,1224,1224
282 100 2280,288,1224,1200
283 100 2280,288,1224,1200
284 100 2256,288,1224,1224
285 100 2256,288,1224,1224
286 100 2256,312,1224,1200
287 100 2232,312,1224,1224
288 100 2232,336,1224,1200
289 100 2232,336,1224,1224
290 100 2208,360,1224,1200
291 100 2208,384,1224,1200
292 100 2208,384,1224,1200
293 100 2208,384,1224,1200
294 100 2184,384,1224,1200
295 100 2184,384,1224,1200
296 100 2184,384,1224,1224
297 100 2184,384,1224,1224
298 100 2184,384,1224,1224
299 100 2184,384,1224,1224
300 100 2160,384,1224,1224
301 100 2160,384,1224,1224
302 100 2136,408,1224,1200
303 100 2136,408,1224,1200
304 100 2112,408,1224,1224
305 100 2088,432,1224,1200
306 100 2088,432,1224,1224
307 100 2040,432,1224,1224
308 100 1992,456,1224,1224
309 100 1968,432,1224,1224
310 100 1944,456,1224,1224
311 100 1920,456,1224,1224
312 100 1920,456,1224,1224
313 100 1944,480,1224,1200
314 100 1968,480,1224,1200
315 100 1992,480,1224,1224
316 100 2040,504,1224,1200
317 100 2064,504,1224,1200
318 100 2088,504,1224,1200
319 100 2088,504,1224,1200
320 100 2088,504,1224,1200
321 100 2064,504,1224,1224
322 100 2064,504,1224,1224
323 100 2064,504,1224,1224
324 100 2064,504,1224,1200
325 100 2064,504,1224,1200
326 100 2064,504,1224,1200
327 100 2064,504,1224,1200
328 100 2064,504,1224,1200
329 100 2088,504,1224,1224
330 100 2088,504,1224,1224
331 100 2088,528,1224,1200
332 100 2088,528,1224,1200
333 100 2088,528,1224,1200
334 100 2088,528,1224,1200
335 100 2088,528,1224,1200
336 100 2088,528,1224,1200
337 100 2088,528,1224,1200
338 100 2088,528,1224,1200
339 100 2088,528,1224,1200
340 100 2088,528,1224,1200
341 100 2088,528,1224,1200
342 100 2088,528,1224,1200
343 100 2088,528,1224,1200
344 100 2088,528,1224,1200
345 100 2088,528,1224,1200
346 100 2088,528,1224,1200
347 100 2088,528,1224,1200
348 100 2088,528,1224,1200
349 100 2088,528,1224,1200
350 100 2088,528,1224,1200
351 100 2088,528,1224,1200
352 100 2088,528,1224,1200
353 100 2088,528,1224,1224
354 100 2088,528,1224,1224
355 100 2088,528,1224,1224
356 100 2088,528,1224,1224
357 100 2088,528,1224,1224
358 100 2088,528,1224,1224
359 100 2088,528,1224,1224
360 100 2088,552,1224,1200
361 100 2088,552,1224,1200
362 100 2088,552,1224,1200
363 100 2088,552,1224,1200
364 100 2088,552,1224,1200
365 100 2088,552,1224,1200
366 100 2088,552,1224,1200
367 100 2088,552,1224,1200
368 100 2088,552,1224,1200
369 100 2088,552,1224,1200
370 100 2088,552,1224,1200
371 100 2088,552,1224,1200
372 100 2088,552,1224,1200
373 100 2088,552,1224,1200
374 100 2112,552,1224,1200
375 100 2112,552,1224,1200
376 100 2112,552,1224,1200
377 100 2112,552,1224,1200
378 100 2112,552,1224,1200
379 100 2112,552,1224,1200
380 100 2112,552,1224,1200
381 100 2088,552,1224,1200
382 100 2088,552,1224,1200
383 100 2088,552,1224,1200
384 100 2088,552,1224,1200
385 100 2088,552,1224,1200
386 100 2088,552,1224,1200
387 100 2088,552,1224,1200
388 100 2088,552,1224,1200
389 100 2088,552,1224,1200
390 100 2088,552,1224,1200
391 100 2088,552,1224,1200
392 100 2088,552,1224,1200
393 100 2088,552,1224,1200
394 100 2088,552,1224,1200
395 100 2088,552,1224,1224
396 100 2088,576,1224,1200
397 100 2088,600,1224,1224
398 100 2064,624,1224,1224
399 100 2064,648,1224,1224
400 100 2040,672,1224,1200
401 100 2040,672,1224,1200
402 100 1992,672,1224,1224
403 100 1992,672,1224,1200
404 100 1968,672,1224,1224
405 100 1968,672,1224,1224
406 100 1944,696,1224,1200
407 100 1896,696,1224,1200
408 100 1848,696,1224,1224
409 100 1824,720,1224,1200
410 100 1776,720,1224,1224
411 100 1752,744,1224,1200
412 100 1704,744,1224,1224
413 100 1680,768,1224,1200
414 100 1632,768,1224,1200
415 100 1608,768,1224,1224
416 100 1584,792,1224,1200
417 100 1584,792,1224,1200
418 100 1560,816,1224,1200
419 100 1536,816,1224,1200
420 100 1560,816,1224,1200
421 100 1560,816,1224,1200
422 100 1560,816,1224,1224
423 100 1560,816,1224,1224
424 100 1560,840,1224,1200
425 100 1560,840,1224,1200
426 100 1536,840,1224,1224
427 100 1536,840,1224,1200
428 100 1512,840,1224,1224
429 100 1488,840,1224,1224
430 100 1488,864,1224,1200
431 100 1488,864,1224,1200
432 100 1488,864,1224,1200
433 100 1488,864,1224,1200
434 100 1488,864,1224,1200
435 100 1464,864,1224,1224
436 100 1464,888,1224,1200
437 100 1464,864,1224,1200
438 100 1464,864,1224,1224
439 100 1440,888,1224,1200
440 100 1440,888,1224,1224
441 100 1440,888,1224,1200
442 100 1464,888,1224,1200
443 100 1440,888,1224,1224
444 100 1416,912,1224,1200
445 100 1416,912,1224,1200
446 100 1416,912,1224,1200
447 100 1440,888,1224,1200
448 100 1440,864,1224,1224
449 100 1464,864,1224,1200
450 100 1440,864,1224,1224
451 100 1464,864,1224,1200
452 100 1464,840,1224,1200
453 100 1440,864,1224,1200
454 100 1416,888,1224,1200
455 100 1416,888,1224,1200
456 100 1392,912,1224,1200
457 100 1392,912,1224,1200
458 100 1392,912,1224,1200
459 100 1368,912,1224,1200
460 100 1392,912,1224,1200
461 100 1392,888,1224,1224
462 100 1416,888,1224,1200
463 100 1416,888,1224,1200
464 100 1416,888,1224,1200
465 100 1392,888,1224,1200
466 100 1392,888,1224,1200
467 100 1392,912,1224,1200
468 100 1368,912,1224,1200
469 100 1344,936,1224,1200
470 100 1344,912,1224,1224
471 100 1344,912,1224,1200
472 100 1368,888,1224,1224
473 100 1392,888,1224,1200
474 100 1392,888,1224,1200
475 100 1392,888,1224,1200
476 100 1392,888,1224,1200
477 100 1392,888,1224,1200
478 100 1392,864,1224,1224
479 100 1392,864,1224,1200
480 100 1392,864,1224,1200
481 100 1416,816,1224,1224
482 100 1440,792,1224,1224
483 100 1464,768,1224,1200
484 100 1464,744,1224,1224
485 100 1464,720,1224,1224
486 100 1464,720,1224,1200
487 100 1464,696,1224,1200
488 100 1440,672,1224,1224
489 100 1440,672,1224,1200
490 100 1416,648,1224,1200
491 100 1416,648,1224,1200
492 100 1392,624,1224,1200
493 100 1392,624,1224,1200
494 100 1368,600,1224,1224
495 100 1368,600,1224,1200
496 100 1344,600,1224,1200
497 100 1320,600,1224,1200
498 100 1320,600,1224,1200
499 100 1320,600,1224,1200
500 100 1296,600,1224,1200
501 100 1296,600,1224,1200
502 100 1272,600,1224,1200
503 100 1272,600,1224,1200
504 100 1272,600,1224,1200
505 100 1272,600,1224,1200
506 100 1272,600,1224,1200
507 100 1272,600,1224,1200
508 100 1272,600,1224,1200
509 100 1272,600,1224,1200
510 100 1248,600,1224,1200
511 100 1248,600,1224,1200
512 100 1224,600,1224,1200
513 100 1200,600,1224,1200
514 100 1152,600,1224,1200
515 100 1104,576,1224,1224
516 100 1080,576,1224,1224
517 100 1056,576,1224,1224
518 100 1056,600,1224,1200
519 100 1056,600,1224,1200
520 100 1080,600,1224,1200
521 100 1080,600,1224,1200
522 100 1104,600,1224,1200
523 100 1104,600,1224,1200
524 100 1104,600,1224,1200
525 100 1104,600,1224,1200
526 100 1104,600,1224,1200
527 100 1104,600,1224,1200
528 100 1104,600,1224,1200
529 100 1104,576,1224,1224
530 100 1128,576,1224,1224
531 100 1128,576,1224,1224
532 100 1128,576,1224,1224
533 100 1128,576,1224,1224
534 100 1128,576,1224,1224
535 100 1128,576,1224,1224
536 100 1128,576,1224,1224
537 100 1128,576,1224,1224
538 100 1128,576,1224,1224
539 100 1128,600,1224,1200
540 100 1152,600,1224,1200
541 100 1152,600,1224,1200
542 100 1152,600,1224,1200
543 100 1152,600,1224,1200
544 100 1176,600,1224,1200
545 100 1176,600,1224,1200
546 100 1152,600,1224,1224
547 100 1152,624,1224,1200
548 100 1176,624,1224,1200
549 100 1176,624,1224,1224
550 100 1176,648,1224,1200
551 100 1176,648,1224,1200
552 100 1176,648,1224,1200
553 100 1152,648,1224,1200
554 100 1152,648,1224,1200
555 100 1152,648,1224,1200
556 100 1152,648,1224,1200
557 100 1152,648,1224,1200
558 100 1152,648,1224,1200
559 100 1152,648,1224,1200
560 100 1152,648,1224,1200
561 100 1152,648,1224,1200
562 100 1152,648,1224,1200
563 100 1152,648,1224,1200
564 100 1176,648,1224,1200
565 100 1176,648,1224,1200
566 100 1176,648,1224,1200
567 100 1200,624,1224,1224
568 100 1224,624,1224,1224
569 100 1224,624,1224,1200
570 100 1248,624,1224,1200
571 100 1272,600,1224,1200
572 100 1320,552,1224,1224
573 100 1344,528,1224,1200
574 100 1344,504,1224,1200
575 100 1344,480,1224,1200
576 100 1344,456,1224,1200
577 100 1344,432,1224,1200
578 100 1320,408,1224,1200
579 100 1320,384,1224,1224
580 100 1320,384,1224,1224
581 100 1320,384,1224,1200
582 100 1320,384,1224,1200
583 100 1320,360,1224,1224
584 100 1320,360,1224,1224
585 100 1320,360,1224,1224
586 100 1320,360,1224,1200
587 100 1320,360,1224,1200
588 100 1320,360,1224,1200
589 100 1320,360,1224,1200
590 100 1320,360,1224,1200
591 100 1320,360,1224,1224
592 100 1320,360,1224,1224
593 100 1320,360,1224,1224
594 100 1320,360,1224,1224
595 100 1320,360,1224,1224
596 100 1320,360,1224,1224
597 100 1320,360,1224,1224
598 100 1320,360,1224,1224
599 100 1320,384,1224,1200
600 100 1344,384,1224,1200
601 100 1344,384,1224,1224
602 100 1344,408,1224,1200
603 100 1368,408,1224,1200
604 100 1368,408,1224,1200
605 100 1368,408,1224,1200
606 100 1368,408,1224,1200
607 100 1368,408,1224,1200
608 100 1368,384,1224,1224
609 100 1368,384,1224,1224
610 100 1368,408,1224,1200
611 100 1344,408,1224,1200
612 100 1368,408,1224,1200
613 100 1368,408,1224,1200
614 100 1368,408,1224,1224
615 100 1368,408,1224,1224
616 100 1368,408,1224,1224
617 100 1392,408,1224,1224
618 100 1392,408,1224,1224
619 100 1392,408,1224,1200
620 100 1392,408,1224,1224
621 100 1416,408,1224,1224
622 100 1440,432,1224,1200
623 100 1440,432,1224,1224
624 100 1440,432,1224,1224
625 100 1464,456,1224,1200
626 100 1464,456,1224,1224
627 100 1464,456,1224,1224
628 100 1464,456,1224,1224
629 100 1464,456,1224,1224
630 100 1464,456,1224,1224
631 100 1440,456,1224,1200
632 100 1440,456,1224,1200
633 100 1464,456,1224,1200
634 100 1464,456,1224,1200
635 100 1464,456,1224,1224
636 100 1464,456,1224,1224
637 100 1464,456,1224,1224
638 100 1464,456,1224,1224
639 100 1464,480,1224,1200
640 100 1464,480,1224,1200
641 100 1464,456,1224,1224
642 100 1464,456,1224,1224
643 100 1464,456,1224,1224
644 100 1464,456,1224,1224
645 100 1464,480,1224,1200
646 100 1464,480,1224,1200
647 100 1464,480,1224,1200
648 100 1464,480,1224,1200
649 100 1464,480,1224,1200
650 100 1464,480,1224,1200
651 100 1464,480,1224,1200
652 100 1464,480,1224,1200
653 100 1464,480,1224,1200
654 100 1464,480,1224,1200
655 100 1464,480,1224,1200
656 100 1464,480,1224,1200
657 100 1464,480,1224,1200
658 100 1440,480,1224,1200
659 100 1440,480,1224,1200
660 100 1440,480,1224,1200
661 100 1440,480,1224,1200
662 100 1440,480,1224,1200
663 100 1440,480,1224,1200
664 100 1440,480,1224,1200
665 100 1440,480,1224,1200
666 100 1440,480,1224,1200
667 100 1440,480,1224,1200
668 100 1440,480,1224,1200
669 100 1440,480,1224,1200
670 100 1440,480,1224,1200
671 100 1464,480,1224,1200
672 100 1440,480,1224,1200
673 100 1440,480,1224,1200
674 100 1440,480,1224,1224
675 100 1440,480,1224,1224
676 100 1440,480,1224,1224
677 100 1440,480,1224,1224
678 100 1440,480,1224,1224
679 100 1440,480,1224,1224
680 100 1416,480,1224,1224
681 100 1416,480,1224,1224
682 100 1416,480,1224,1224
683 100 1392,504,1224,1200
684 100 1368,504,1224,1200
685 100 1368,504,1224,1200
686 100 1344,504,1224,1200
687 100 1320,504,1224,1200
688 100 1296,480,1224,1200
689 100 1248,456,1224,1224
690 100 1224,456,1224,1200
691 100 1200,432,1224,1200
692 100 1176,384,1224,1200
693 100 1152,360,1224,1200
694 100 1104,312,1224,1200
695 100 1080,264,1224,1200
696 100 1056,216,1224,1224
697 100 1032,192,1224,1200
698 100 1008,168,1224,1200
699 100 984,120,1224,1224
700 100 984,120,1224,1200
701 100 960,96,1224,1200
702 100 960,72,1224,1200
703 100 960,48,1224,1200
704 100 0,24,1224,1224
705 100 0,24,1224,1200
706 100 0,24,1224,1200
707 100 0,24,1224,1200
708 100 0,24,1224,1200
709 100 24,24,1224,1200
710 100 0,24,1224,1200
711 100 0,24,1224,1200
712 100 0,24,1224,1200
713 100 0,24,1224,1200
714 100 0,24,1224,1200
715 100 0,24,1224,1200
716 100 0,24,1224,1200
717 100 0,24,1224,1200
718 100 0,24,1224,1200
719 100 0,24,1224,1200
720 100 0,24,1224,1200
721 100 0,24,1224,1200
722 100 0,24,1224,1200
723 100 0,24,1224,1200
724 100 0,24,1224,1200
725 100 0,24,1224,1200
726 100 0,24,1224,1200
727 100 0,24,1224,1200
728 100 0,24,1224,1200
729 100 0,24,1224,1200
730 100 0,24,1224,1200
731 100 0,24,1224,1200
732 100 0,24,1224,1200
733 100 0,24,1224,1200
734 100 0,24,1224,1200
735 100 0,24,1224,1200
736 100 0,24,1224,1176
737 100 0,24,1224,1176
738 100 0,24,1224,1176
739 100 0,24,1224,1176
740 100 0,24,1224,1176
741 100 0,24,1224,1176
742 100 0,24,1224,1176
743 100 0,24,1224,1152
744 100 0,24,1224,1152
745 100 0,24,1224,1152
746 100 0,24,1224,1152
747 100 0,24,1224,1152
748 100 0,24,1224,1152
749 100 0,24,1224,1152
750 100 0,24,1224,1152
751 100 0,24,1224,1152
752 100 0,24,1224,1152
753 100 0,24,1224,1152
754 100 0,24,1224,1152
755 100 0,24,1224,1152
756 100 0,24,1224,1152
757 100 0,24,1224,1152
758 100 0,24,1224,1152
759 100 0,24,1224,1152
760 100 0,24,1224,1152
761 100 0,24,1224,1152
762 100 0,24,1224,1152
763 100 0,24,1224,1152
764 100 0,24,1224,1152
765 100 0,24,1224,1152
766 100 0,24,1224,1152
767 100 0,24,1224,1152
768 100 0,24,1224,1152
769 100 0,24,1224,1152
770 100 0,24,1224,1152
771 100 0,24,1224,1152
772 100 0,24,1224,1152
773 100 0,24,1224,1152
774 100 0,24,1224,1152
775 100 0,24,1224,1152
776 100 0,24,1224,1152
777 100 0,24,1224,1152
778 100 0,24,1224,1176
779 100 0,24,1224,1176
780 100 0,24,1224,1176
781 100 0,24,1224,1176
782 100 0,24,1224,1176
783 100 240,24,1224,1176
784 100 336,24,1224,1176
785 100 240,24,1224,1176
786 100 0,24,1224,1176
787 100 0,24,1224,1176
788 100 0,24,1224,1176
789 100 0,24,1224,1176
790 100 0,24,1224,1176
791 100 0,24,1224,1176
792 100 0,24,1224,1176
793 100 0,24,1224,1176
794 100 0,24,1224,1176
795 100 0,24,1224,1176
796 100 0,24,1224,1176
797 100 0,24,1224,1176
798 100 0,24,1224,1176
799 100 0,24,1224,1176
800 100 0,24,1224,1176
801 100 0,24,1224,1176
802 100 0,24,1224,1176
803 100 0,24,1224,1176
804 100 0,24,1224,1176
805 100 0,24,1224,1176
806 100 0,24,1224,1176
807 100 0,24,1224,1200
808 100 0,24,1224,1200
809 100 0,24,1224,1200
810 100 0,24,1224,1176
811 100 0,24,1224,1200
812 100 0,24,1224,1200
813 100 0,24,1224,1200
814 100 0,24,1224,1200
815 100 0,24,1224,1200
816 100 0,24,1224,1200
817 100 0,24,1224,1200
818 100 0,24,1224,1200
819 100 0,24,1224,1200
820 100 0,24,1224,1200
821 100 0,24,1224,1200
822 100 0,24,1224,1200
823 100 0,24,1224,1200
824 100 0,24,1224,1200
825 100 0,24,1224,1200
826 100 0,24,1224,1200
827 100 0,24,1224,1200
828 100 0,24,1224,1200
829 100 1080,48,1224,1200
830 100 1056,48,1224,1200
831 100 1032,72,1224,1200
832 100 1008,96,1224,1200
833 100 1008,120,1224,1200
834 100 984,144,1224,1200
835 100 984,168,1224,1200
836 100 984,192,1224,1224
837 100 984,216,1224,1224
838 100 960,240,1224,1200
839 100 936,240,1224,1200
840 100 912,240,1224,1200
841 100 912,240,1224,1200
842 100 936,264,1224,1200
843 100 936,264,1224,1200
844 100 936,288,1224,1200
845 100 936,288,1224,1200
846 100 936,288,1224,1224
847 100 936,312,1224,1200
848 100 936,288,1224,1224
849 100 960,288,1224,1224
850 100 960,312,1224,1200
851 100 984,312,1224,1224
852 100 984,336,1224,1200
853 100 984,360,1224,1224
854 100 984,384,1224,1200
855 100 960,384,1224,1224
856 100 936,408,1224,1224
857 100 936,432,1224,1200
858 100 912,456,1224,1200
859 100 888,456,1224,1200
860 100 888,456,1224,1200
861 100 864,456,1224,1200
862 100 864,456,1224,1224
863 100 864,480,1224,1200
864 100 888,480,1224,1200
865 100 888,480,1224,1200
866 100 888,480,1224,1200
867 100 888,480,1224,1200
868 100 888,480,1224,1224
869 100 888,504,1224,1200
870 100 888,504,1224,1200
871 100 888,504,1224,1200
872 100 888,504,1224,1224
873 100 888,528,1224,1200
874 100 888,528,1224,1224
875 100 888,552,1224,1200
876 100 888,552,1224,1224
877 100 864,576,1224,1200
878 100 864,576,1224,1224
879 100 888,600,1224,1224
880 100 912,648,1224,1200
881 100 960,672,1224,1224
882 100 1008,696,1224,1224
883 100 1056,720,1224,1200
884 100 1080,744,1224,1200
885 100 1128,720,1224,1224
886 100 1176,744,1224,1200
887 100 1200,744,1224,1224
888 100 1224,744,1224,1224
889 100 1248,744,1224,1224
890 100 1272,744,1224,1224
891 100 1296,768,1224,1200
892 100 1344,768,1224,1224
893 100 1416,792,1224,1200
894 100 1440,792,1224,1224
895 100 1488,816,1224,1200
896 100 1488,816,1224,1224
897 100 1488,840,1224,1224
898 100 1488,864,1224,1200
899 100 1488,864,1224,1200
900 100 1488,864,1224,1200
901 100 1512,840,1224,1224
902 100 1512,840,1224,1224
903 100 1512,840,1224,1224
904 100 1512,840,1224,1224
905 100 1512,840,1224,1224
906 100 1512,840,1224,1200
907 100 1512,816,1224,1224
908 100 1536,792,1224,1224
909 100 1536,768,1224,1224
910 100 1536,768,1224,1224
911 100 1536,768,1224,1200
912 100 1536,744,1224,1224
913 100 1536,744,1224,1224
914 100 1512,744,1224,1224
915 100 1536,744,1224,1200
916 100 1536,720,1224,1224
917 100 1536,720,1224,1224
918 100 1536,720,1224,1200
919 100 1512,720,1224,1200
920 100 1512,696,1224,1224
921 100 1512,696,1224,1224
922 100 1488,696,1224,1224
923 100 1488,696,1224,1200
924 100 1488,696,1224,1224
925 100 1464,696,1224,1224
926 100 1440,696,1224,1224
927 100 1416,720,1224,1200
928 100 1392,720,1224,1224
929 100 1368,744,1224,1224
930 100 1320,744,1224,1224
931 100 1320,744,1224,1224
932 100 1296,768,1224,1200
933 100 1296,768,1224,1200
934 100 1272,768,1224,1200
935 100 1272,768,1224,1200
936 100 1272,768,1224,1200
937 100 1272,768,1224,1200
938 100 1272,768,1224,1200
939 100 1272,768,1224,1200
940 100 1272,768,1224,1224
941 100 1248,768,1224,1224
942 100 1248,768,1224,1224
943 100 1248,768,1224,1224
944 100 1224,768,1224,1224
945 100 1224,768,1224,1224
946 100 1224,768,1224,1224
947 100 1224,768,1224,1224
948 100 1224,768,1224,1224
949 100 1224,768,1224,1224
950 100 1224,768,1224,1224
951 100 1224,768,1224,1224
952 100 1224,768,1224,1200
953 100 1248,744,1224,1224
954 100 1248,744,1224,1224
955 100 1272,720,1224,1224
956 100 1296,720,1224,1200
957 100 1296,696,1224,1200
958 100 1320,672,1224,1224
959 100 1344,648,1224,1224
960 100 1344,648,1224,1200
961 100 1368,624,1224,1224
962 100 1392,576,1224,1224
963 100 1392,528,1224,1224
964 100 1392,528,1224,1200
965 100 1368,456,1224,1224
966 100 1344,432,1224,1200
967 100 1344,408,1224,1224
968 100 1320,384,1224,1224
969 100 1320,360,1224,1224
970 100 1320,384,1224,1200
971 100 1320,384,1224,1200
972 100 1344,384,1224,1224
973 100 1344,384,1224,1224
974 100 1344,384,1224,1224
975 100 1344,408,1224,1200
976 100 1344,408,1224,1200
977 100 1368,408,1224,1200
978 100 1368,408,1224,1224
979 100 1368,408,1224,1224
980 100 1368,432,1224,1200
981 100 1368,432,1224,1200
982 100 1392,432,1224,1200
983 100 1392,432,1224,1200
984 100 1392,432,1224,1200
985 100 1392,432,1224,1200
986 100 1392,432,1224,1224
987 100 1416,456,1224,1200
988 100 1416,456,1224,1200
989 100 1440,480,1224,1200
990 100 1440,504,1224,1200
991 100 1464,504,1224,1224
992 100 1488,528,1224,1224
993 100 1488,552,1224,1224
994 100 1488,552,1224,1224
995 100 1512,552,1224,1224
996 100 1512,552,1224,1200
997 100 1512,552,1224,1200
998 100 1512,552,1224,1200
999 100 1512,552,1224,1200
1000 100 1512,552,1224,1200
1001 100 1512,552,1224,1200
1002 100 1512,552,1224,1200
1003 100 1512,552,1224,1200
1004 100 1512,552,1224,1200
1005 100 1512,552,1224,1200
1006 100 1512,552,1224,1200
1007 100 1512,552,1224,1200
1008 100 1512,552,1224,1200
1009 100 1512,552,1224,1200
1010 100 1488,552,1224,1200
1011 100 1488,552,1224,1200
1012 100 1464,552,1224,1200
1013 100 1440,552,1224,1200
1014 100 1392,552,1224,1224
1015 100 1344,552,1224,1224
1016 100 1296,552,1224,1224
1017 100 1272,552,1224,1224
1018 100 1224,552,1224,1200
1019 100 1176,552,1224,1200
1020 100 1152,552,1224,1200
1021 100 1104,552,1224,1200
1022 100 1080,552,1224,1224
1023 100 1056,576,1224,1200
1024 100 1032,576,1224,1224
1025 100 984,600,1224,1200
1026 100 960,624,1224,1200
1027 100 888,648,1224,1200
1028 100 840,648,1224,1224
1029 100 792,672,1224,1200
1030 100 768,672,1224,1200
1031 100 720,672,1224,1200
1032 100 696,672,1224,1200
1033 100 696,672,1224,1200
1034 100 672,672,1224,1224
1035 100 648,696,1224,1200
1036 100 624,696,1224,1224
1037 100 624,720,1224,1200
1038 100 600,720,1224,1200
1039 100 576,744,1224,1200
1040 100 552,768,1224,1200
1041 100 504,768,1224,1224
1042 100 480,792,1224,1224
1043 100 456,816,1224,1200
1044 100 432,816,1224,1224
1045 100 408,840,1224,1200
1046 100 384,840,1224,1224
1047 100 360,864,1224,1200
1048 100 336,888,1224,1200
1049 100 312,888,1224,1224
1050 100 288,912,1224,1224
1051 100 264,936,1224,1200
1052 100 264,936,1224,1200
1053 100 240,936,1224,1224
1054 100 240,936,1224,1224
1055 100 216,960,1224,1200
1056 100 216,960,1224,1200
1057 100 216,960,1224,1200
1058 100 192,960,1224,1200
1059 100 192,960,1224,1200
1060 100 192,960,1224,1200
1061 100 192,960,1224,1200
1062 100 216,960,1224,1200
1063 100 216,960,1224,1200
1064 100 216,960,1224,1200
1065 100 216,960,1224,1200
1066 100 240,936,1224,1224
1067 100 240,936,1224,1224
1068 100 240,936,1224,1224
1069 100 240,936,1224,1224
1070 100 240,936,1224,1224
1071 100 240,936,1224,1224
1072 100 240,936,1224,1224
1073 100 264,936,1224,1224
1074 100 264,936,1224,1200
1075 100 264,936,1224,1200
1076 100 264,936,1224,1200
1077 100 264,912,1224,1224
1078 100 264,912,1224,1224
1079 100 264,912,1224,1224
1080 100 288,912,1224,1224
1081 100 288,912,1224,1200
1082 100 288,888,1224,1224
1083 100 288,888,1224,1200
1084 100 288,864,1224,1200
1085 100 288,840,1224,1200
1086 100 264,816,1224,1200
1087 100 288,792,1224,1200
1088 100 288,792,1224,1200
1089 100 288,768,1224,1200
1090 100 312,744,1224,1224
1091 100 312,744,1224,1200
1092 100 336,744,1224,1200
1093 100 336,720,1224,1224
1094 100 336,720,1224,1200
1095 100 336,720,1224,1200
1096 100 336,720,1224,1200
1097 100 336,720,1224,1200
1098 100 336,696,1224,1224
1099 100 336,696,1224,1224
1100 100 336,696,1224,1200
1101 100 336,696,1224,1200
1102 100 336,696,1224,1200
1103 100 360,696,1224,1200
1104 100 360,672,1224,1224
1105 100 360,672,1224,1200
1106 100 384,672,1224,1200
1107 100 384,672,1224,1200
1108 100 384,672,1224,1200
1109 100 384,648,1224,1224
1110 100 384,648,1224,1224
1111 100 408,648,1224,1224
1112 100 408,648,1224,1200
1113 100 408,648,1224,1200
1114 100 432,648,1224,1200
1115 100 432,648,1224,1200
1116 100 456,624,1224,1224
1117 100 480,624,1224,1200
1118 100 480,624,1224,1200
1119 100 480,624,1224,1200
1120 100 504,624,1224,1200
1121 100 504,624,1224,1200
1122 100 504,624,1224,1200
1123 100 504,624,1224,1200
1124 100 504,624,1224,1200
1125 100 504,624,1224,1200
1126 100 504,624,1224,1200
1127 100 504,624,1224,1200
1128 100 504,624,1224,1200
1129 100 504,624,1224,1200
1130 100 504,624,1224,1200
1131 100 504,624,1224,1200
1132 100 504,624,1224,1200
1133 100 504,624,1224,1200
1134 100 504,624,1224,1200
1135 100 504,600,1224,1224
1136 100 528,600,1224,1224
1137 100 528,600,1224,1224
1138 100 528,600,1224,1224
1139 100 528,600,1224,1224
1140 100 528,600,1224,1224
1141 100 528,600,1224,1200
1142 100 552,600,1224,1200
1143 100 552,576,1224,1224
1144 100 552,576,1224,1200
1145 100 552,576,1224,1200
1146 100 552,576,1224,1200
1147 100 552,576,1224,1200
1148 100 552,576,1224,1200
1149 100 552,576,1224,1200
1150 100 552,576,1224,1200
1151 100 552,576,1224,1200
1152 100 552,576,1224,1200
1153 100 552,576,1224,1200
1154 100 552,576,1224,1200
1155 100 552,576,1224,1200
1156 100 552,576,1224,1200
1157 100 552,576,1224,1200
1158 100 576,576,1224,1200
1159 100 576,576,1224,1200
1160 100 600,576,1224,1200
1161 100 648,576,1224,1200
1162 100 696,576,1224,1200
1163 100 744,552,1224,1224
1164 100 792,552,1224,1224
1165 100 840,552,1224,1224
1166 100 888,552,1224,1224
1167 100 936,552,1224,1224
1168 100 984,552,1224,1200
1169 100 1056,528,1224,1224
1170 100 1104,528,1224,1224
1171 100 1152,528,1224,1224
1172 100 1200,528,1224,1224
1173 100 1248,504,1224,1224
1174 100 1296,504,1224,1224
1175 100 1344,504,1224,1224
1176 100 1392,504,1224,1224
1177 100 1464,504,1224,1200
1178 100 1512,504,1224,1200
1179 100 1536,480,1224,1224
1180 100 1584,480,1224,1224
1181 100 1608,504,1224,1200
1182 100 1632,504,1224,1200
1183 100 1656,504,1224,1200
1184 100 1680,504,1224,1200
1185 100 1680,504,1224,1224
1186 100 1704,528,1224,1200
1187 100 1728,528,1224,1200
1188 100 1728,528,1224,1224
1189 100 1752,552,1224,1200
1190 100 1752,552,1224,1200
1191 100 1776,576,1224,1200
1192 100 1776,576,1224,1200
1193 100 1800,576,1224,1200
1194 100 1824,576,1224,1200
1195 100 1872,576,1224,1200
1196 100 1896,576,1224,1200
1197 100 1944,576,1224,1200
1198 100 1968,576,1224,1200
1199 100 2016,576,1224,1200
1200 100 2064,576,1224,1200
1201 100 2112,576,1224,1200
1202 100 2160,576,1224,1224
1203 100 2208,576,1224,1224
1204 100 2232,600,1224,1200
1205 100 2280,600,1224,1200
1206 100 2304,600,1224,1200
1207 100 2328,600,1224,1200
1208 100 2376,600,1224,1200
1209 100 2400,600,1224,1200
1210 100 2424,600,1224,1200
1211 100 2448,600,1224,1200
1212 100 2472,600,1224,1200
1213 100 2496,600,1224,1200
1214 100 2496,600,1224,1200
1215 100 2520,600,1224,1200
1216 100 2544,600,1224,1200
1217 100 2568,600,1224,1200
1218 100 2640,600,1224,1200
1219 100 2664,600,1224,1200
1220 100 2664,600,1224,1200
1221 100 2736,600,1224,1200
1222 100 2760,600,1224,1224
1223 100 2832,600,1224,1224
1224 100 2832,600,1224,1224
1225 100 2904,600,1224,1224
1226 100 2904,624,1224,1200
1227 100 2976,624,1224,1200
1228 100 2976,624,1224,1200
1229 100 2952,624,1224,1200
1230 100 2952,624,1224,1200
1231 100 2952,624,1224,1200
1232 100 2952,624,1224,1200
1233 100 2952,624,1224,1200
1234 100 2952,624,1224,1200
1235 100 2976,624,1224,1200
1236 100 2976,624,1224,1200
1237 100 2976,624,1224,1200
1238 100 2976,624,1224,1200
1239 100 2952,624,1224,1200
1240 100 2928,624,1224,1200
1241 100 2904,648,1224,1200
1242 100 2976,648,1224,1200
1243 100 2928,648,1224,1200
1244 100 2976,672,1224,1200
1245 100 2928,672,1224,1200
1246 100 2928,696,1224,1200
1247 100 2904,720,1224,1200
1248 100 2880,744,1224,1200
1249 100 2832,744,1224,1224
1250 100 2808,744,1224,1224
1251 100 2880,768,1224,1200
1252 100 2904,768,1224,1200
1253 100 2880,768,1224,1200
1254 100 2880,768,1224,1200
1255 100 2832,768,1224,1200
1256 100 2832,768,1224,1200
1257 100 2832,768,1224,1200
1258 100 2880,768,1224,1200
1259 100 2880,768,1224,1200
1260 100 2880,768,1224,1200
1261 100 2832,744,1224,1224
1262 100 2856,744,1224,1224
1263 100 2856,744,1224,1200
1264 100 2856,744,1224,1200
1265 100 2856,744,1224,1200
1266 100 2856,744,1224,1200
1267 100 2856,744,1224,1200
1268 100 2880,744,1224,1200
1269 100 2880,744,1224,1200
1270 100 2880,744,1224,1200
1271 100 2880,744,1224,1200
1272 100 2856,744,1224,1224
1273 100 2784,744,1224,1200
1274 100 2784,744,1224,1200
1275 100 2784,744,1224,1200
1276 100 2784,744,1224,1200
1277 100 2784,744,1224,1200
1278 100 2784,744,1224,1200
1279 100 2784,744,1224,1200
1280 100 2784,744,1224,1200
1281 100 2784,744,1224,1200
1282 100 2784,744,1224,1200
1283 100 2832,744,1224,1200
1284 100 2832,744,1224,1224
1285 100 2832,744,1224,1224
1286 100 2832,744,1224,1224
1287 100 2832,744,1224,1224
1288 100 2808,744,1224,1224
1289 100 2808,744,1224,1224
1290 100 2760,744,1224,1224
1291 100 2760,744,1224,1200
1292 100 2760,744,1224,1200
1293 100 2760,744,1224,1200
1294 100 2760,744,1224,1200
1295 100 2784,744,1224,1200
1296 100 2760,744,1224,1200
1297 100 2760,744,1224,1200
1298 100 2760,744,1224,1200
1299 100 2760,744,1224,1200
1300 100 2760,744,1224,1200
1301 100 2760,744,1224,1200
1302 100 2736,744,1224,1224
1303 100 2760,744,1224,1224
1304 100 2736,744,1224,1224
1305 100 2736,744,1224,1224
1306 100 2736,744,1224,1224
1307 100 2712,744,1224,1224
1308 100 2736,744,1224,1224
1309 100 2736,744,1224,1224
1310 100 2712,744,1224,1224
1311 100 2736,744,1224,1224
1312 100 2760,744,1224,1224
1313 100 2784,744,1224,1200
1314 100 2856,720,1224,1224
1315 100 2976,720,1224,1224
1316 100 3000,696,1224,1224
1317 100 3000,696,1224,1224
1318 100 3000,696,1224,1224
1319 100 2952,720,1224,1224
1320 100 2928,720,1224,1224
1321 100 2904,720,1224,1224
1322 100 2880,720,1224,1224
1323 100 2856,744,1224,1200
1324 100 2856,744,1224,1200
1325 100 2832,744,1224,1200
1326 100 2856,744,1224,1200
1327 100 2856,744,1224,1200
1328 100 2784,744,1224,1200
1329 100 2784,744,1224,1200
1330 100 2856,744,1224,1200
1331 100 2832,744,1224,1200
1332 100 2832,744,1224,1224
1333 100 2832,744,1224,1224
1334 100 2832,744,1224,1224
1335 100 2808,744,1224,1224
1336 100 2808,744,1224,1224
1337 100 2808,744,1224,1224
1338 100 2808,744,1224,1224
1339 100 2808,744,1224,1224
1340 100 2808,744,1224,1224
1341 100 2784,744,1224,1224
1342 100 2784,744,1224,1224
1343 100 2760,744,1224,1224
1344 100 2760,744,1224,1224
1345 100 2760,744,1224,1224
1346 100 2784,744,1224,1224
1347 100 2784,744,1224,1224
1348 100 2760,744,1224,1224
1349 100 2688,768,1224,1200
1350 100 2688,768,1224,1200
1351 100 2664,768,1224,1200
1352 100 2640,768,1224,1224
1353 100 2640,768,1224,1224
1354 100 2640,768,1224,1224
1355 100 2616,768,1224,1224
1356 100 2568,768,1224,1224
1357 100 2520,768,1224,1224
1358 100 2448,768,1224,1200
1359 100 2400,768,1224,1200
1360 100 2376,768,1224,1200
1361 100 2352,744,1224,1224
1362 100 2304,744,1224,1224
1363 100 2280,744,1224,1200
1364 100 2256,744,1224,1200
1365 100 2208,744,1224,1200
1366 100 2184,744,1224,1200
1367 100 2160,720,1224,1224
1368 100 2136,720,1224,1200
1369 100 2088,720,1224,1200
1370 100 2064,720,1224,1200
1371 100 2016,720,1224,1200
1372 100 1992,720,1224,1200
1373 100 1968,720,1224,1200
1374 100 1920,720,1224,1224
1375 100 1920,720,1224,1224
1376 100 1872,744,1224,1200
1377 100 1848,744,1224,1224
1378 100 1800,768,1224,1200
1379 100 1752,792,1224,1200
1380 100 1704,816,1224,1200
1381 100 1656,816,1224,1224
1382 100 1608,840,1224,1224
1383 100 1536,864,1224,1224
1384 100 1512,888,1224,1200
1385 100 1488,888,1224,1200
1386 100 1488,864,1224,1224
1387 100 1440,864,1224,1224
1388 100 1416,864,1224,1224
1389 100 1416,864,1224,1200
1390 100 1392,864,1224,1200
1391 100 1368,864,1224,1200
1392 100 1368,864,1224,1200
1393 100 1368,864,1224,1200
1394 100 1368,864,1224,1200
1395 100 1368,864,1224,1200
1396 100 1368,864,1224,1200
1397 100 1344,864,1224,1200
1398 100 1344,864,1224,1200
1399 100 1344,864,1224,1200
1400 100 1368,864,1224,1200
1401 100 1368,864,1224,1200
1402 100 1392,840,1224,1224
1403 100 1416,840,1224,1224
1404 100 1416,840,1224,1224
1405 100 1416,840,1224,1224
1406 100 1440,840,1224,1224
1407 100 1440,840,1224,1224
1408 100 1464,840,1224,1224
1409 100 1488,840,1224,1200
1410 100 1488,840,1224,1200
1411 100 1488,840,1224,1200
1412 100 1488,816,1224,1224
1413 100 1488,816,1224,1224
1414 100 1488,816,1224,1224
1415 100 1488,816,1224,1224
1416 100 1488,840,1224,1200
1417 100 1464,840,1224,1200
1418 100 1464,840,1224,1200
1419 100 1440,840,1224,1200
1420 100 1440,840,1224,1200
1421 100 1440,840,1224,1200
1422 100 1440,840,1224,1200
1423 100 1440,840,1224,1200
1424 100 1440,840,1224,1200
1425 100 1440,840,1224,1200
1426 100 1440,840,1224,1200
1427 100 1440,840,1224,1224
1428 100 1416,840,1224,1224
1429 100 1416,864,1224,1200
1430 100 1416,864,1224,1200
1431 100 1416,864,1224,1200
1432 100 1392,864,1224,1200
1433 100 1392,864,1224,1200
1434 100 1392,864,1224,1224
1435 100 1368,888,1224,1200
1436 100 1344,888,1224,1224
1437 100 1320,912,1224,1200
1438 100 1296,912,1224,1200
1439 100 1272,912,1224,1224
1440 100 1272,936,1224,1200
1441 100 1248,936,1224,1200
1442 100 1248,960,1224,1200
1443 100 1224,960,1224,1200
1444 100 1224,960,1224,1200
1445 100 1224,960,1224,1200
1446 100 1200,936,1224,1224
1447 100 1200,960,1224,1200
1448 100 1200,960,1224,1200
1449 100 1176,960,1224,1200
1450 100 1176,960,1224,1200
1451 100 1176,960,1224,1200
1452 100 1176,960,1224,1200
1453 100 1176,960,1224,1200
1454 100 1176,960,1224,1200
1455 100 1176,960,1224,1200
1456 100 1176,960,1224,1200
1457 100 1176,960,1224,1200
1458 100 1176,960,1224,1200
1459 100 1176,960,1224,1200
1460 100 1176,960,1224,1200
1461 100 1176,960,1224,1200
1462 100 1176,960,1224,1200
1463 100 1176,936,1224,1224
1464 100 1176,936,1224,1224
1465 100 1176,936,1224,1224
1466 100 1176,936,1224,1224
1467 100 1176,936,1224,1224
1468 100 1176,936,1224,1224
1469 100 1176,936,1224,1224
1470 100 1176,936,1224,1224
1471 100 1176,936,1224,1224
1472 100 1176,960,1224,1200
1473 100 1176,960,1224,1200
1474 100 1176,960,1224,1200
1475 100 1152,960,1224,1200
1476 100 1152,984,1224,1176
1477 100 1128,984,1224,1176
1478 100 600,1008,1224,1152
1479 100 0,1032,1224,1128
1480 100 0,1056,1224,1104
1481 100 0,1056,1224,1104
1482 100 0,1080,1224,1080
1483 100 0,1080,1224,1080
1484 100 0,1080,1224,1080
1485 100 0,1080,1224,1080
1486 100 0,1104,1224,1056
1487 100 0,1080,1224,1080
1488 100 0,1104,1224,1056
1489 100 0,1104,1224,1056
1490 100 0,1104,1224,1056
1491 100 0,1104,1224,1056
1492 100 0,1104,1224,1056
1493 100 0,1104,1224,1056
1494 100 0,1104,1224,1056
1495 100 0,1104,1224,1056
1496 100 0,1080,1224,1080
1497 100 0,1080,1224,1080
1498 100 0,1080,1224,1080
1499 100 0,1080,1224,1080
1500 100 0,1080,1224,1080
1501 100 0,1056,1224,1104
1502 100 0,1056,1224,1104
1503 100 0,1056,1224,1104
1504 100 0,1032,1224,1128
1505 100 0,1032,1224,1128
1506 100 0,1008,1224,1152
1507 100 360,984,1224,1176
1508 100 1272,960,1224,1200
1509 100 1320,936,1224,1224
1510 100 1368,912,1224,1224
1511 100 1416,888,1224,1224
1512 100 1440,888,1224,1200
1513 100 1488,864,1224,1224
1514 100 1512,840,1224,1224
1515 100 1512,840,1224,1224
1516 100 1536,840,1224,1200
1517 100 1536,816,1224,1224
1518 100 1536,816,1224,1224
1519 100 1560,816,1224,1224
1520 100 1560,816,1224,1224
1521 100 1560,816,1224,1224
1522 100 1560,816,1224,1224
1523 100 1560,816,1224,1224
1524 100 1584,816,1224,1200
1525 100 1584,816,1224,1200
1526 100 1584,816,1224,1200
1527 100 1584,792,1224,1224
1528 100 1560,792,1224,1224
1529 100 1560,792,1224,1224
1530 100 1560,792,1224,1224
1531 100 1560,792,1224,1224
1532 100 1560,792,1224,1224
1533 100 1536,792,1224,1224
1534 100 1536,792,1224,1224
1535 100 1512,792,1224,1224
1536 100 1512,792,1224,1200
1537 100 1488,792,1224,1200
1538 100 1464,792,1224,1200
1539 100 1464,768,1224,1224
1540 100 1464,768,1224,1200
1541 100 1464,768,1224,1200
1542 100 1440,744,1224,1224
1543 100 1464,744,1224,1200
1544 100 1464,744,1224,1200
1545 100 1464,744,1224,1200
1546 100 1464,744,1224,1200
1547 100 1464,744,1224,1224
1548 100 1488,744,1224,1224
1549 100 1488,744,1224,1224
1550 100 1488,744,1224,1224
1551 100 1488,744,1224,1224
1552 100 1488,744,1224,1224
1553 100 1488,744,1224,1224
1554 100 1488,744,1224,1224
1555 100 1488,744,1224,1224
1556 100 1488,744,1224,1224
1557 100 1488,744,1224,1224
1558 100 1488,768,1224,1200
1559 100 1488,768,1224,1200
1560 100 1464,768,1224,1200
1561 100 1464,768,1224,1200
1562 100 1464,768,1224,1200
1563 100 1464,768,1224,1200
1564 100 1464,768,1224,1200
1565 100 1464,768,1224,1200
1566 100 1464,768,1224,1200
1567 100 1464,768,1224,1200
1568 100 1464,768,1224,1200
1569 100 1464,768,1224,1200
1570 100 1464,768,1224,1200
1571 100 1464,768,1224,1200
1572 100 1464,768,1224,1200
1573 100 1464,768,1224,1200
1574 100 1464,768,1224,1200
1575 100 1464,768,1224,1200
1576 100 1464,768,1224,1200
1577 100 1464,768,1224,1200
1578 100 1464,768,1224,1200
1579 100 1464,768,1224,1200
1580 100 1464,768,1224,1200
1581 100 1464,768,1224,1224
1582 100 1464,768,1224,1224
1583 100 1464,768,1224,1224
1584 100 1464,768,1224,1224
1585 100 1464,768,1224,1200
1586 100 1464,768,1224,1200
1587 100 1464,768,1224,1200
1588 100 1464,768,1224,1200
1589 100 1464,768,1224,1200
1590 100 1464,768,1224,1200
1591 100 1464,768,1224,1200
1592 100 1464,768,1224,1224
1593 100 1464,768,1224,1200
1594 100 1464,768,1224,1224
1595 100 1464,768,1224,1224
1596 100 1464,768,1224,1200
1597 100 1464,768,1224,1224
1598 100 1464,768,1224,1200
1599 100 1464,768,1224,1200
1600 100 1464,768,1224,1200
1601 100 1464,768,1224,1200
1602 100 1464,768,1224,1200
1603 100 1464,768,1224,1200
1604 100 1464,768,1224,1200
1605 100 1464,768,1224,1200
1606 100 1464,768,1224,1200
1607 100 1464,768,1224,1200
1608 100 1488,768,1224,1200
1609 100 1488,768,1224,1200
1610 100 1488,768,1224,1200
1611 100 1488,768,1224,1200
1612 100 1488,768,1224,1200
1613 100 1512,768,1224,1200
1614 100 1512,768,1224,1200
1615 100 1512,768,1224,1200
1616 100 1512,768,1224,1200
1617 100 1512,768,1224,1200
1618 100 1512,768,1224,1200
1619 100 1512,768,1224,1200
1620 100 1512,768,1224,1200
1621 100 1512,768,1224,1200
1622 100 1512,768,1224,1200
1623 100 1512,768,1224,1200
1624 100 1512,768,1224,1200
1625 100 1512,768,1224,1200
1626 100 1536,768,1224,1200
1627 100 1536,768,1224,1200
1628 100 1536,768,1224,1200
1629 100 1512,768,1224,1200
1630 100 1536,768,1224,1200
1631 100 1536,768,1224,1200
1632 100 1536,768,1224,1200
1633 100 1536,768,1224,1200
1634 100 1536,768,1224,1200
1635 100 1536,768,1224,1200
1636 100 1536,768,1224,1200
1637 100 1536,768,1224,1200
1638 100 1536,768,1224,1224
1639 100 1536,768,1224,1224
1640 100 1536,768,1224,1224
1641 100 1536,768,1224,1224
1642 100 1560,792,1224,1200
1643 100 1560,792,1224,1200
1644 100 1584,792,1224,1200
1645 100 1584,792,1224,1224
1646 100 1608,792,1224,1224
1647 100 1608,792,1224,1224
1648 100 1656,792,1224,1224
1649 100 1680,792,1224,1224
1650 100 1704,792,1224,1200
1651 100 1752,792,1224,1200
1652 100 1776,768,1224,1224
1653 100 1824,768,1224,1224
1654 100 1848,768,1224,1224
1655 100 1872,768,1224,1224
1656 100 1896,768,1224,1200
1657 100 1920,768,1224,1200
1658 100 1920,768,1224,1200
1659 100 1920,768,1224,1200
1660 100 1920,768,1224,1224
1661 100 1920,768,1224,1224
1662 100 1920,768,1224,1224
1663 100 1920,792,1224,1200
1664 100 1920,792,1224,1224
1665 100 1920,792,1224,1224
1666 100 1920,816,1224,1200
1667 100 1944,816,1224,1200
1668 100 1968,816,1224,1224
1669 100 1968,816,1224,1224
1670 100 1992,816,1224,1200
1671 100 2016,792,1224,1224
1672 100 2016,792,1224,1224
1673 100 2040,792,1224,1224
1674 100 2040,792,1224,1224
1675 100 2040,792,1224,1224
1676 100 2064,792,1224,1224
1677 100 2064,792,1224,1224
1678 100 2064,792,1224,1224
1679 100 2064,792,1224,1224
1680 100 2064,792,1224,1200
1681 100 2040,792,1224,1200
1682 100 2040,792,1224,1200
1683 100 2040,792,1224,1200
1684 100 2040,792,1224,1200
1685 100 2064,792,1224,1200
1686 100 2064,792,1224,1200
1687 100 2064,792,1224,1200
1688 100 2064,792,1224,1200
1689 100 2064,792,1224,1200
1690 100 2088,792,1224,1200
1691 100 2088,792,1224,1200
1692 100 2088,792,1224,1200
1693 100 2088,792,1224,1200
1694 100 2088,792,1224,1200
1695 100 2088,792,1224,1200
1696 100 2088,792,1224,1200
1697 100 2112,792,1224,1200
1698 100 2112,792,1224,1200
1699 100 2112,792,1224,1200
1700 100 2136,768,1224,1224
1701 100 2136,768,1224,1224
1702 100 2136,768,1224,1224
1703 100 2136,768,1224,1224
1704 100 2136,768,1224,1224
1705 100 2136,768,1224,1224
1706 100 2136,768,1224,1224
1707 100 2136,768,1224,1224
1708 100 2136,768,1224,1224
1709 100 2136,768,1224,1200
1710 100 2136,768,1224,1200
1711 100 2136,744,1224,1224
1712 100 2136,744,1224,1224
1713 100 2136,744,1224,1224
1714 100 2136,744,1224,1224
1715 100 2136,744,1224,1224
1716 100 2136,744,1224,1224
1717 100 2136,744,1224,1224
1718 100 2136,744,1224,1224
1719 100 2136,744,1224,1224
1720 100 2136,768,1224,1200
1721 100 2136,768,1224,1200
1722 100 2136,768,1224,1200
1723 100 2136,768,1224,1200
1724 100 2112,768,1224,1200
1725 100 2136,768,1224,1200
1726 100 2136,744,1224,1224
1727 100 2136,744,1224,1224
1728 100 2136,768,1224,1200
1729 100 2136,768,1224,1200
1730 100 2136,744,1224,1224
1731 100 2136,744,1224,1224
1732 100 2136,768,1224,1200
1733 100 2136,768,1224,1200
1734 100 2136,768,1224,1200
1735 100 2136,768,1224,1200
1736 100 2136,768,1224,1200
1737 100 2136,768,1224,1224
1738 100 2112,768,1224,1224
1739 100 2112,768,1224,1224
1740 100 2112,768,1224,1224
1741 100 2112,768,1224,1224
1742 100 2112,768,1224,1224
1743 100 2088,768,1224,1224
1744 100 2088,768,1224,1224
1745 100 2088,768,1224,1224
1746 100 2088,768,1224,1224
1747 100 2088,768,1224,1224
1748 100 2088,768,1224,1224
1749 100 2088,768,1224,1224
1750 100 2088,768,1224,1224
1751 100 2088,768,1224,1200
1752 100 2112,768,1224,1200
1753 100 2112,768,1224,1200
1754 100 2112,768,1224,1200
1755 100 2112,768,1224,1200
1756 100 2112,768,1224,1200
1757 100 2112,768,1224,1200
1758 100 2112,768,1224,1200
1759 100 2112,744,1224,1224
1760 100 2112,744,1224,1224
1761 100 2112,744,1224,1224
1762 100 2088,744,1224,1224
1763 100 2088,744,1224,1224
1764 100 2088,744,1224,1200
1765 100 2088,744,1224,1200
1766 100 2088,744,1224,1200
1767 100 2088,744,1224,1200
1768 100 2088,720,1224,1224
1769 100 2088,720,1224,1224
1770 100 2088,720,1224,1224
1771 100 2088,720,1224,1224
1772 100 2088,720,1224,1224
1773 100 2088,720,1224,1224
1774 100 2088,720,1224,1224
1775 100 2088,720,1224,1224
1776 100 2088,720,1224,1224
1777 100 2088,720,1224,1224
1778 100 2088,720,1224,1224
1779 100 2088,720,1224,1224
1780 100 2088,720,1224,1224
1781 100 2088,720,1224,1224
1782 100 2088,720,1224,1224
1783 100 2088,720,1224,1224
1784 100 2088,720,1224,1224
1785 100 2088,744,1224,1200
1786 100 2088,744,1224,1200
1787 100 2088,744,1224,1200
1788 100 2088,744,1224,1200
1789 100 2088,744,1224,1200
1790 100 2088,744,1224,1200
1791 100 2088,744,1224,1200
1792 100 2088,720,1224,1224
1793 100 2088,744,1224,1200
1794 100 2088,744,1224,1200
1795 100 2088,720,1224,1224
1796 100 2088,720,1224,1224
1797 100 2088,720,1224,1224
1798 100 2088,720,1224,1224
1799 100 2088,720,1224,1224
1800 100 2088,720,1224,1224
1801 100 2088,720,1224,1224
1802 100 2088,720,1224,1224
1803 100 2088,720,1224,1224
1804 100 2088,720,1224,1224
1805 100 2088,720,1224,1224
1806 100 2088,720,1224,1224
1807 100 2088,720,1224,1224
1808 100 2088,720,1224,1224
1809 100 2088,720,1224,1224
1810 100 2088,720,1224,1224
1811 100 2088,720,1224,1224
1812 100 2088,720,1224,1224
1813 100 2088,720,1224,1224
1814 100 2088,720,1224,1224
1815 100 2088,720,1224,1224
1816 100 2088,720,1224,1224
1817 100 2088,720,1224,1224
1818 100 2088,720,1224,1224
1819 100 2088,720,1224,1224
1820 100 2088,720,1224,1224
1821 100 2088,720,1224,1224
1822 100 2088,720,1224,1224
1823 100 2088,720,1224,1224
1824 100 2088,720,1224,1224
1825 100 2088,720,1224,1224
1826 100 2088,720,1224,1224
1827 100 2088,720,1224,1224
1828 100 2088,720,1224,1224
1829 100 2088,720,1224,1224
1830 100 2088,720,1224,1224
1831 100 2088,720,1224,1224
1832 100 2088,720,1224,1224
1833 100 2088,720,1224,1224
1834 100 2088,720,1224,1224
1835 100 2088,720,1224,1224
1836 100 2088,720,1224,1224
1837 100 2088,720,1224,1224
1838 100 2088,720,1224,1224
1839 100 2088,720,1224,1224
1840 100 2088,720,1224,1224
1841 100 2088,720,1224,1224
1842 100 2088,720,1224,1224
1843 100 2088,720,1224,1224
1844 100 2064,720,1224,1224
1845 100 2064,720,1224,1200
1846 100 2040,696,1224,1224
1847 100 2016,696,1224,1224
1848 100 1944,696,1224,1200
1849 100 1920,672,1224,1224
1850 100 1872,672,1224,1200
1851 100 1824,672,1224,1200
1852 100 1776,648,1224,1224
1853 100 1728,648,1224,1200
1854 100 1704,648,1224,1200
1855 100 1656,648,1224,1200
1856 100 1632,648,1224,1200
1857 100 1584,648,1224,1200
1858 100 1536,624,1224,1224
1859 100 1512,624,1224,1224
1860 100 1464,624,1224,1224
1861 100 1416,624,1224,1224
1862 100 1392,624,1224,1224
1863 100 1368,624,1224,1224
1864 100 1344,624,1224,1224
1865 100 1296,624,1224,1224
1866 100 1272,624,1224,1224
1867 100 1248,648,1224,1200
1868 100 1248,648,1224,1200
1869 100 1248,648,1224,1200
1870 100 1296,648,1224,1200
1871 100 1320,648,1224,1200
1872 100 1368,648,1224,1200
1873 100 1392,648,1224,1200
1874 100 1416,648,1224,1200
1875 100 1440,648,1224,1200
1876 100 1440,648,1224,1200
1877 100 1416,648,1224,1200
1878 100 1416,648,1224,1200
1879 100 1416,648,1224,1200
1880 100 1416,648,1224,1200
1881 100 1416,624,1224,1224
1882 100 1416,648,1224,1200
1883 100 1416,648,1224,1200
1884 100 1416,648,1224,1200
1885 100 1416,648,1224,1200
1886 100 1416,648,1224,1224
1887 100 1416,672,1224,1200
1888 100 1392,672,1224,1224
1889 100 1368,720,1224,1200
1890 100 1344,744,1224,1200
1891 100 1344,744,1224,1224
1892 100 1320,792,1224,1200
1893 100 1296,792,1224,1224
1894 100 1296,816,1224,1200
1895 100 1272,816,1224,1224
1896 100 1272,840,1224,1200
1897 100 1272,840,1224,1224
1898 100 1248,888,1224,1200
1899 100 1224,888,1224,1224
1900 100 1200,912,1224,1224
1901 100 1200,912,1224,1224
1902 100 1200,936,1224,1224
1903 100 1176,960,1224,1200
1904 100 1176,960,1224,1200
1905 100 1176,960,1224,1200
1906 100 1176,960,1224,1200
1907 100 1176,960,1224,1200
1908 100 1176,960,1224,1200
1909 100 1200,960,1224,1200
1910 100 1200,960,1224,1200
1911 100 1200,960,1224,1200
1912 100 1200,960,1224,1200
1913 100 1200,960,1224,1200
1914 100 1200,960,1224,1200
1915 100 888,984,1224,1176
1916 100 576,984,1224,1176
1917 100 0,984,1224,1176
1918 100 0,1008,1224,1152
1919 100 0,1008,1224,1152
1920 100 0,1032,1224,1128
1921 100 0,1032,1224,1128
1922 100 0,1032,1224,1128
1923 100 0,1008,1224,1152
1924 100 0,1032,1224,1128
1925 100 0,1032,1224,1128
1926 100 0,1032,1224,1128
1927 100 0,1056,1224,1104
1928 100 0,1056,1224,1104
1929 100 0,1080,1224,1080
1930 100 0,1080,1224,1080
1931 100 0,1080,1224,1080
1932 100 0,1104,1224,1056
1933 100 0,1104,1224,1056
1934 100 0,1104,1224,1056
1935 100 0,1104,1224,1056
1936 100 0,1104,1224,1056
1937 100 0,1104,1224,1056
1938 100 0,1104,1224,1056
1939 100 0,1104,1224,1056
1940 100 0,1104,1224,1056
1941 100 0,1104,1224,1056
1942 100 0,1104,1224,1056
1943 100 0,1104,1224,1056
1944 100 0,1128,1224,1032
1945 100 0,1128,1224,1032
1946 100 0,1128,1224,1032
1947 100 0,1128,1224,1032
1948 100 0,1128,1224,1032
1949 100 0,1128,1224,1032
1950 100 0,1128,1224,1032
1951 100 0,1128,1224,1032
1952 100 0,1128,1224,1032
1953 100 0,1128,1224,1032
1954 100 0,1128,1224,1032
1955 100 0,1128,1224,1032
1956 100 0,1152,1224,1008
1957 100 0,1152,1224,1008
1958 100 0,1152,1224,1008
1959 100 0,1152,1224,1008
1960 100 0,1152,1224,1008
1961 100 0,1152,1224,1008
1962 100 0,1152,1224,1008
1963 100 0,1152,1224,1008
1964 100 0,1152,1224,1008
1965 100 0,1152,1224,1008
1966 100 0,1152,1224,1008
1967 100 0,1152,1224,1008
1968 100 0,1152,1224,1008
1969 100 0,1152,1224,1008
1970 100 0,1152,1224,1008
1971 100 0,1128,1224,1032
1972 100 0,1152,1224,1008
1973 100 0,1128,1224,1032
1974 100 0,1128,1224,1032
1975 100 0,1128,1224,1032
1976 100 0,1128,1224,1032
1977 100 0,1128,1224,1032
1978 100 0,1128,1224,1032
1979 100 0,1128,1224,1032
1980 100 0,1128,1224,1032
1981 100 0,1128,1224,1032
1982 100 0,1128,1224,1032
1983 100 0,1128,1224,1032
1984 100 0,1128,1224,1032
1985 100 0,1128,1224,1032
1986 100 0,1128,1224,1032
1987 100 0,1128,1224,1032
1988 100 0,1128,1224,1032
1989 100 0,1128,1224,1032
1990 100 0,1128,1224,1032
1991 100 0,1128,1224,1032
1992 100 0,1128,1224,1032
1993 100 0,1128,1224,1032
1994 100 0,1128,1224,1032
1995 100 0,1128,1224,1032
1996 100 0,1128,1224,1032
1997 100 0,1128,1224,1032
1998 100 0,1128,1224,1032
