0 100 384,504,1224,1224
1 100 384,504,1224,1224
2 100 1200,360,1224,1224
3 100 1200,360,1224,1224
4 100 1200,360,1224,1224
5 100 1200,360,1224,1224
6 100 1224,408,1224,1200
7 100 1224,408,1224,1200
8 100 1224,408,1224,1200
9 100 1224,408,1224,1200
10 100 1224,408,1224,1200
11 100 1248,432,1224,1224
12 100 1248,432,1224,1224
13 100 1248,432,1224,1224
14 100 1248,432,1224,1224
15 100 1272,432,1224,1200
16 100 1272,432,1224,1200
17 100 1272,432,1224,1200
18 100 1272,432,1224,1200
19 100 1296,360,1224,1200
20 100 1296,360,1224,1200
21 100 1296,360,1224,1200
22 100 1296,360,1224,1200
23 100 1296,360,1224,1200
24 100 1320,336,1224,1200
25 100 1320,336,1224,1200
26 100 1320,336,1224,1200
27 100 1344,336,1224,1224
28 100 1344,336,1224,1224
29 100 1344,336,1224,1224
30 100 1344,336,1224,1224
31 100 1392,360,1224,1200
32 100 1392,360,1224,1200
33 100 1392,360,1224,1200
34 100 1392,360,1224,1200
35 100 1392,360,1224,1200
36 100 1488,384,1224,1200
37 100 1488,384,1224,1200
38 100 1488,384,1224,1200
39 100 1488,408,1224,1224
40 100 1488,408,1224,1224
41 100 1488,408,1224,1224
42 100 1488,408,1224,1224
43 100 1488,408,1224,1224
44 100 1488,408,1224,1224
45 100 1488,408,1224,1224
46 100 1488,408,1224,1224
47 100 1488,408,1224,1224
48 100 1512,408,1224,1224
49 100 1512,408,1224,1224
50 100 1512,408,1224,1224
51 100 1512,408,1224,1224
52 100 1488,432,1224,1200
53 100 1488,432,1224,1200
54 100 1488,432,1224,1200
55 100 1488,432,1224,1200
56 100 1488,432,1224,1200
57 100 1464,432,1224,1200
58 100 1464,432,1224,1200
59 100 1464,432,1224,1200
60 100 1440,408,1224,1224
61 100 1440,408,1224,1224
62 100 1440,408,1224,1224
63 100 1440,408,1224,1224
64 100 1440,408,1224,1224
65 100 1416,408,1224,1200
66 100 1416,408,1224,1200
67 100 1416,408,1224,1200
68 100 1416,408,1224,1200
69 100 1320,264,1224,1224
70 100 1320,264,1224,1224
71 100 1320,264,1224,1224
72 100 1320,264,1224,1224
73 100 1272,240,1224,1200
74 100 1272,240,1224,1200
75 100 1272,240,1224,1200
76 100 1272,240,1224,1200
77 100 1248,216,1224,1224
78 100 1248,216,1224,1224
79 100 1248,216,1224,1224
80 100 1248,216,1224,1224
81 100 1272,264,1224,1200
82 100 1272,264,1224,1200
83 100 1272,264,1224,1200
84 100 1272,264,1224,1200
85 100 1272,264,1224,1200
86 100 1272,288,1224,1200
87 100 1272,288,1224,1200
88 100 1272,288,1224,1200
89 100 1272,288,1224,1200
90 100 1272,312,1224,1224
91 100 1272,312,1224,1224
92 100 1272,312,1224,1224
93 100 1272,312,1224,1224
94 100 1248,360,1224,1200
95 100 1248,360,1224,1200
96 100 1248,360,1224,1200
97 100 1248,360,1224,1200
98 100 1248,360,1224,1200
99 100 1248,360,1224,1200
100 100 1248,360,1224,1224
101 100 1248,360,1224,1224
102 100 1248,384,1224,1200
103 100 1248,384,1224,1200
104 100 1248,384,1224,1200
105 100 1248,384,1224,1200
106 100 1248,384,1224,1200
107 100 1248,384,1224,1224
108 100 1248,384,1224,1224
109 100 1248,384,1224,1224
110 100 1248,384,1224,1224
111 100 1248,384,1224,1224
112 100 1248,384,1224,1224
113 100 1248,384,1224,1224
114 100 1248,384,1224,1224
115 100 1200,336,1224,1224
116 100 1200,336,1224,1224
117 100 1200,336,1224,1224
118 100 1200,336,1224,1224
119 100 1200,360,1224,1224
120 100 1200,360,1224,1224
121 100 1200,360,1224,1224
122 100 1200,360,1224,1224
123 100 1200,360,1224,1224
124 100 1224,408,1224,1200
125 100 1224,408,1224,1200
126 100 1224,408,1224,1200
127 100 1224,408,1224,1200
128 100 1248,432,1224,1200
129 100 1248,432,1224,1200
130 100 1248,432,1224,1200
131 100 1248,432,1224,1200
132 100 1248,456,1224,1200
133 100 1248,456,1224,1200
134 100 1248,456,1224,1200
135 100 1248,456,1224,1200
136 100 1248,456,1224,1200
137 100 1248,456,1224,1200
138 100 1248,456,1224,1200
139 100 1248,456,1224,1200
140 100 1200,456,1224,1224
141 100 1200,456,1224,1224
142 100 1200,456,1224,1224
143 100 1200,456,1224,1224
144 100 1200,456,1224,1224
145 100 1176,480,1224,1224
146 100 1176,480,1224,1224
147 100 1176,480,1224,1224
148 100 1176,480,1224,1224
149 100 1176,504,1224,1224
150 100 1176,504,1224,1224
151 100 1176,504,1224,1224
152 100 1176,504,1224,1224
153 100 1128,504,1224,1224
154 100 1128,504,1224,1224
155 100 1128,504,1224,1224
156 100 1128,504,1224,1224
157 100 1128,504,1224,1224
158 100 1128,504,1224,1224
159 100 1128,504,1224,1224
160 100 1128,504,1224,1224
161 100 1128,504,1224,1224
162 100 1128,504,1224,1224
163 100 1128,504,1224,1224
164 100 1128,504,1224,1224
165 100 1128,480,1224,1224
166 100 1128,480,1224,1224
167 100 1128,480,1224,1224
168 100 1128,480,1224,1224
169 100 1128,480,1224,1224
170 100 1104,480,1224,1200
171 100 1104,480,1224,1200
172 100 1104,480,1224,1200
173 100 1104,480,1224,1200
174 100 1104,456,1224,1224
175 100 1104,456,1224,1224
176 100 1104,456,1224,1224
177 100 1104,456,1224,1224
178 100 1128,456,1224,1224
179 100 1128,456,1224,1224
180 100 1128,456,1224,1224
181 100 1128,456,1224,1224
182 100 1128,456,1224,1200
183 100 1128,456,1224,1200
184 100 1128,456,1224,1200
185 100 1128,456,1224,1200
186 100 1128,456,1224,1200
187 100 1104,408,1224,1200
188 100 1104,408,1224,1200
189 100 1104,408,1224,1200
190 100 1056,336,1224,1200
191 100 1056,336,1224,1200
192 100 1056,336,1224,1200
193 100 1056,336,1224,1200
194 100 1080,336,1224,1200
195 100 1080,336,1224,1200
196 100 1080,336,1224,1200
197 100 1080,336,1224,1200
198 100 1080,336,1224,1200
199 100 1056,312,1224,1200
200 100 1056,312,1224,1200
201 100 1056,312,1224,1200
202 100 1056,312,1224,1200
203 100 1080,312,1224,1200
204 100 1080,312,1224,1200
205 100 1080,312,1224,1200
206 100 1080,312,1224,1200
207 100 1128,288,1224,1200
208 100 1128,288,1224,1200
209 100 1128,288,1224,1200
210 100 1128,288,1224,1200
211 100 1128,288,1224,1200
212 100 1152,288,1224,1200
213 100 1152,288,1224,1200
214 100 1152,288,1224,1200
215 100 1128,288,1224,1200
216 100 1128,288,1224,1200
217 100 1128,288,1224,1200
218 100 1128,288,1224,1200
219 100 1128,288,1224,1200
220 100 1128,288,1224,1224
221 100 1128,288,1224,1224
222 100 1128,288,1224,1224
223 100 1128,288,1224,1224
224 100 1128,312,1224,1200
225 100 1128,312,1224,1200
226 100 1128,312,1224,1200
227 100 1128,312,1224,1200
228 100 1128,312,1224,1224
229 100 1128,312,1224,1224
230 100 1128,312,1224,1224
231 100 1128,312,1224,1224
232 100 1152,336,1224,1200
233 100 1152,336,1224,1200
234 100 1152,336,1224,1200
235 100 1152,336,1224,1200
236 100 1152,336,1224,1200
237 100 1176,336,1224,1224
238 100 1176,336,1224,1224
239 100 1176,336,1224,1224
240 100 1152,336,1224,1200
241 100 1152,336,1224,1200
242 100 1152,336,1224,1200
243 100 1152,336,1224,1200
244 100 1152,336,1224,1200
245 100 1176,336,1224,1200
246 100 1176,336,1224,1200
247 100 1176,336,1224,1200
248 100 1176,336,1224,1200
249 100 1200,336,1224,1224
250 100 1200,336,1224,1224
251 100 1200,336,1224,1224
252 100 1200,336,1224,1224
253 100 1200,336,1224,1224
254 100 1200,336,1224,1224
255 100 1200,336,1224,1224
256 100 1200,336,1224,1224
257 100 1200,360,1224,1200
258 100 1200,360,1224,1200
259 100 1200,360,1224,1200
260 100 1200,360,1224,1200
261 100 1200,360,1224,1200
262 100 1176,360,1224,1224
263 100 1176,360,1224,1224
264 100 1176,360,1224,1224
265 100 1200,384,1224,1200
266 100 1200,384,1224,1200
267 100 1200,384,1224,1200
268 100 1200,384,1224,1200
269 100 1200,384,1224,1200
270 100 1200,360,1224,1224
271 100 1200,360,1224,1224
272 100 1200,360,1224,1224
273 100 1200,360,1224,1224
274 100 1176,288,1224,1224
275 100 1176,288,1224,1224
276 100 1176,288,1224,1224
277 100 1176,288,1224,1224
278 100 1200,288,1224,1224
279 100 1200,288,1224,1224
280 100 1200,288,1224,1224
281 100 1200,288,1224,1224
282 100 1200,288,1224,1224
283 100 1224,288,1224,1224
284 100 1224,288,1224,1224
285 100 1224,288,1224,1224
286 100 1224,312,1224,1200
287 100 1224,312,1224,1200
288 100 1224,312,1224,1200
289 100 1224,312,1224,1200
290 100 1224,312,1224,1224
291 100 1224,312,1224,1224
292 100 1224,312,1224,1224
293 100 1224,312,1224,1224
294 100 1224,336,1224,1224
295 100 1224,336,1224,1224
296 100 1224,336,1224,1224
297 100 1224,336,1224,1224
298 100 1224,336,1224,1224
299 100 1224,336,1224,1224
300 100 1224,336,1224,1224
301 100 1224,336,1224,1224
302 100 1224,336,1224,1224
303 100 1224,360,1224,1200
304 100 1224,360,1224,1200
305 100 1224,360,1224,1200
306 100 1224,360,1224,1200
307 100 1224,360,1224,1200
308 100 1200,336,1224,1200
309 100 1200,336,1224,1200
310 100 1200,336,1224,1200
311 100 1200,336,1224,1224
312 100 1200,336,1224,1224
313 100 1200,336,1224,1224
314 100 1200,336,1224,1224
315 100 1200,360,1224,1200
316 100 1200,360,1224,1200
317 100 1200,360,1224,1200
318 100 1200,360,1224,1200
319 100 1200,360,1224,1200
320 100 1200,360,1224,1224
321 100 1200,360,1224,1224
322 100 1200,360,1224,1224
323 100 1200,360,1224,1224
324 100 1176,384,1224,1224
325 100 1176,384,1224,1224
326 100 1176,384,1224,1224
327 100 1176,384,1224,1224
328 100 1128,408,1224,1224
329 100 1128,408,1224,1224
330 100 1128,408,1224,1224
331 100 1128,408,1224,1224
332 100 1128,408,1224,1224
333 100 1104,408,1224,1224
334 100 1104,408,1224,1224
335 100 1104,408,1224,1224
336 100 1104,408,1224,1200
337 100 1104,408,1224,1200
338 100 1104,408,1224,1200
339 100 1104,408,1224,1200
340 100 1080,432,1224,1200
341 100 1080,432,1224,1200
342 100 1080,432,1224,1200
343 100 1080,432,1224,1200
344 100 1080,432,1224,1200
345 100 1056,432,1224,1200
346 100 1056,432,1224,1200
347 100 1056,432,1224,1200
348 100 1056,432,1224,1200
349 100 1104,456,1224,1200
350 100 1104,456,1224,1200
351 100 1104,456,1224,1200
352 100 1104,456,1224,1200
353 100 1152,456,1224,1200
354 100 1152,456,1224,1200
355 100 1152,456,1224,1200
356 100 1152,456,1224,1200
357 100 1152,456,1224,1200
358 100 1176,432,1224,1224
359 100 1176,432,1224,1224
360 100 1176,432,1224,1224
361 100 1224,408,1224,1200
362 100 1224,408,1224,1200
363 100 1224,408,1224,1200
364 100 1224,408,1224,1200
365 100 1368,384,1224,1200
366 100 1368,384,1224,1200
367 100 1368,384,1224,1200
368 100 1368,384,1224,1200
369 100 1368,384,1224,1200
370 100 1440,384,1224,1200
371 100 1440,384,1224,1200
372 100 1440,384,1224,1200
373 100 1440,384,1224,1200
374 100 1416,360,1224,1224
375 100 1416,360,1224,1224
376 100 1416,360,1224,1224
377 100 1416,360,1224,1224
378 100 1440,336,1224,1200
379 100 1440,336,1224,1200
380 100 1440,336,1224,1200
381 100 1440,336,1224,1200
382 100 1440,288,1224,1224
383 100 1440,288,1224,1224
384 100 1440,288,1224,1224
385 100 1440,288,1224,1224
386 100 1464,240,1224,1248
387 100 1464,240,1224,1248
388 100 1464,240,1224,1248
389 100 1464,240,1224,1248
390 100 1488,216,1224,1248
391 100 1488,216,1224,1248
392 100 1488,216,1224,1248
393 100 1488,216,1224,1248
394 100 1488,192,1224,1248
395 100 1488,192,1224,1248
396 100 1488,192,1224,1248
397 100 1488,192,1224,1248
398 100 1488,192,1224,1248
399 100 1512,216,1224,1248
400 100 1512,216,1224,1248
401 100 1512,216,1224,1248
402 100 1512,216,1224,1248
403 100 1536,216,1224,1248
404 100 1536,216,1224,1248
405 100 1536,216,1224,1248
406 100 1536,216,1224,1248
407 100 1608,264,1224,1224
408 100 1608,264,1224,1224
409 100 1608,264,1224,1224
410 100 1608,264,1224,1224
411 100 1680,264,1224,1248
412 100 1680,264,1224,1248
413 100 1680,264,1224,1248
414 100 1680,264,1224,1248
415 100 1680,264,1224,1248
416 100 1752,288,1224,1224
417 100 1752,288,1224,1224
418 100 1752,288,1224,1224
419 100 1776,312,1224,1224
420 100 1776,312,1224,1224
421 100 1776,312,1224,1224
422 100 1776,312,1224,1224
423 100 1776,312,1224,1224
424 100 1800,336,1224,1224
425 100 1800,336,1224,1224
426 100 1800,336,1224,1224
427 100 1800,336,1224,1224
428 100 1824,336,1224,1224
429 100 1824,336,1224,1224
430 100 1824,336,1224,1224
431 100 1824,336,1224,1224
432 100 1848,360,1224,1224
433 100 1848,360,1224,1224
434 100 1848,360,1224,1224
435 100 1848,360,1224,1224
436 100 1848,360,1224,1224
437 100 1848,360,1224,1224
438 100 1848,360,1224,1224
439 100 1848,360,1224,1224
440 100 1848,360,1224,1224
441 100 1848,360,1224,1224
442 100 1848,360,1224,1224
443 100 1848,360,1224,1224
444 100 1872,336,1224,1224
445 100 1872,336,1224,1224
446 100 1872,336,1224,1224
447 100 1872,336,1224,1224
448 100 1872,336,1224,1224
449 100 1896,360,1224,1224
450 100 1896,360,1224,1224
451 100 1896,360,1224,1224
452 100 1896,360,1224,1224
453 100 1896,336,1224,1224
454 100 1896,336,1224,1224
455 100 1896,336,1224,1224
456 100 1896,336,1224,1224
457 100 1824,312,1224,1224
458 100 1824,312,1224,1224
459 100 1824,312,1224,1224
460 100 1824,312,1224,1224
461 100 1776,240,1224,1224
462 100 1776,240,1224,1224
463 100 1776,240,1224,1224
464 100 1776,240,1224,1224
465 100 1776,240,1224,1224
466 100 1800,192,1224,1248
467 100 1800,192,1224,1248
468 100 1800,192,1224,1248
469 100 1776,216,1224,1248
470 100 1776,216,1224,1248
471 100 1776,216,1224,1248
472 100 1776,216,1224,1248
473 100 1776,216,1224,1248
474 100 1752,216,1224,1224
475 100 1752,216,1224,1224
476 100 1752,216,1224,1224
477 100 1752,216,1224,1224
478 100 1752,192,1224,1224
479 100 1752,192,1224,1224
480 100 1752,192,1224,1224
481 100 1752,192,1224,1224
482 100 1752,192,1224,1224
483 100 1752,192,1224,1224
484 100 1752,192,1224,1224
485 100 1752,192,1224,1224
486 100 1752,192,1224,1248
487 100 1752,192,1224,1248
488 100 1752,192,1224,1248
489 100 1752,192,1224,1248
490 100 1752,216,1224,1224
491 100 1752,216,1224,1224
492 100 1752,216,1224,1224
493 100 1752,216,1224,1224
494 100 1776,240,1224,1224
495 100 1776,240,1224,1224
496 100 1776,240,1224,1224
497 100 1776,240,1224,1224
498 100 1776,240,1224,1224
499 100 1800,312,1224,1224
500 100 1800,312,1224,1224
501 100 1800,312,1224,1224
502 100 1800,312,1224,1224
503 100 1824,312,1224,1224
504 100 1824,312,1224,1224
505 100 1824,312,1224,1224
506 100 1824,312,1224,1224
507 100 1848,336,1224,1224
508 100 1848,336,1224,1224
509 100 1848,336,1224,1224
510 100 1848,336,1224,1224
511 100 1848,384,1224,1224
512 100 1848,384,1224,1224
513 100 1848,384,1224,1224
514 100 1848,384,1224,1224
515 100 1848,384,1224,1224
516 100 1824,408,1224,1200
517 100 1824,408,1224,1200
518 100 1824,408,1224,1200
519 100 1824,408,1224,1200
520 100 1848,408,1224,1224
521 100 1848,408,1224,1224
522 100 1848,408,1224,1224
523 100 1848,408,1224,1224
524 100 1848,408,1224,1224
525 100 1848,408,1224,1224
526 100 1848,408,1224,1224
527 100 1848,408,1224,1224
528 100 1848,408,1224,1224
529 100 1848,408,1224,1224
530 100 1848,408,1224,1224
531 100 1848,408,1224,1224
532 100 1848,408,1224,1224
533 100 1848,408,1224,1224
534 100 1848,408,1224,1224
535 100 1848,408,1224,1224
536 100 1848,408,1224,1224
537 100 1848,408,1224,1224
538 100 1848,408,1224,1224
539 100 1848,408,1224,1224
540 100 1848,408,1224,1224
541 100 1872,408,1224,1224
542 100 1872,408,1224,1224
543 100 1872,408,1224,1224
544 100 1920,408,1224,1224
545 100 1920,408,1224,1224
546 100 1920,408,1224,1224
547 100 1920,408,1224,1224
548 100 1920,408,1224,1224
549 100 1920,384,1224,1224
550 100 1920,384,1224,1224
551 100 1920,384,1224,1224
552 100 1920,384,1224,1224
553 100 1776,408,1224,1200
554 100 1776,408,1224,1200
555 100 1776,408,1224,1200
556 100 1776,408,1224,1200
557 100 1680,384,1224,1224
558 100 1680,384,1224,1224
559 100 1680,384,1224,1224
560 100 1680,384,1224,1224
561 100 1656,384,1224,1200
562 100 1656,384,1224,1200
563 100 1656,384,1224,1200
564 100 1656,384,1224,1200
565 100 1656,384,1224,1200
566 100 1656,360,1224,1224
567 100 1656,360,1224,1224
568 100 1656,360,1224,1224
569 100 1632,336,1224,1224
570 100 1632,336,1224,1224
571 100 1632,336,1224,1224
572 100 1632,336,1224,1224
573 100 1632,336,1224,1224
574 100 1608,336,1224,1224
575 100 1608,336,1224,1224
576 100 1608,336,1224,1224
577 100 1608,336,1224,1224
578 100 1608,360,1224,1200
579 100 1608,360,1224,1200
580 100 1608,360,1224,1200
581 100 1608,360,1224,1200
582 100 1608,360,1224,1200
583 100 1608,360,1224,1200
584 100 1608,360,1224,1200
585 100 1608,360,1224,1200
586 100 1608,384,1224,1200
587 100 1608,384,1224,1200
588 100 1608,384,1224,1200
589 100 1608,384,1224,1200
590 100 1608,384,1224,1200
591 100 1608,384,1224,1200
592 100 1608,384,1224,1200
593 100 1608,384,1224,1200
594 100 1608,384,1224,1200
595 100 1512,312,1224,1200
596 100 1512,312,1224,1200
597 100 1512,312,1224,1200
598 100 1512,312,1224,1200
599 100 1416,264,1224,1224
600 100 1416,264,1224,1224
601 100 1416,264,1224,1224
602 100 1416,264,1224,1224
603 100 1392,240,1224,1200
604 100 1392,240,1224,1200
605 100 1392,240,1224,1200
606 100 1392,240,1224,1200
607 100 1392,240,1224,1224
608 100 1392,240,1224,1224
609 100 1392,240,1224,1224
610 100 1392,240,1224,1224
611 100 1392,240,1224,1224
612 100 1416,264,1224,1200
613 100 1416,264,1224,1200
614 100 1416,264,1224,1200
615 100 1416,264,1224,1200
616 100 1464,312,1224,1224
617 100 1464,312,1224,1224
618 100 1464,312,1224,1224
619 100 1464,312,1224,1224
620 100 1488,360,1224,1200
621 100 1488,360,1224,1200
622 100 1488,360,1224,1200
623 100 1488,360,1224,1200
624 100 1488,360,1224,1200
625 100 1536,384,1224,1224
626 100 1536,384,1224,1224
627 100 1536,384,1224,1224
628 100 1536,384,1224,1224
629 100 1584,432,1224,1200
630 100 1584,432,1224,1200
631 100 1584,432,1224,1200
632 100 1656,384,1224,1224
633 100 1656,384,1224,1224
634 100 1656,384,1224,1224
635 100 1656,384,1224,1224
636 100 1656,384,1224,1224
637 100 1656,360,1224,1224
638 100 1656,360,1224,1224
639 100 1656,360,1224,1224
640 100 1656,360,1224,1224
641 100 1656,312,1224,1224
642 100 1656,312,1224,1224
643 100 1656,312,1224,1224
644 100 1656,312,1224,1224
645 100 1728,288,1224,1224
646 100 1728,288,1224,1224
647 100 1728,288,1224,1224
648 100 1728,288,1224,1224
649 100 1824,240,1224,1224
650 100 1824,240,1224,1224
651 100 1824,240,1224,1224
652 100 1824,240,1224,1224
653 100 1848,240,1224,1224
654 100 1848,240,1224,1224
655 100 1848,240,1224,1224
656 100 1848,240,1224,1224
657 100 1920,192,1224,1248
658 100 1920,192,1224,1248
659 100 1920,192,1224,1248
660 100 1920,192,1224,1248
661 100 1920,192,1224,1248
662 100 1968,192,1224,1248
663 100 1968,192,1224,1248
664 100 1968,192,1224,1248
665 100 1992,168,1224,1248
666 100 1992,168,1224,1248
667 100 1992,168,1224,1248
668 100 1992,168,1224,1248
669 100 1992,168,1224,1248
670 100 2040,144,1224,1248
671 100 2040,144,1224,1248
672 100 2040,144,1224,1248
673 100 2040,144,1224,1248
674 100 2136,144,1224,1248
675 100 2136,144,1224,1248
676 100 2136,144,1224,1248
677 100 2136,144,1224,1248
678 100 2208,120,1224,1248
679 100 2208,120,1224,1248
680 100 2208,120,1224,1248
681 100 2208,120,1224,1248
682 100 2256,144,1224,1224
683 100 2256,144,1224,1224
684 100 2256,144,1224,1224
685 100 2256,144,1224,1224
686 100 2256,144,1224,1224
687 100 2280,168,1224,1248
688 100 2280,168,1224,1248
689 100 2280,168,1224,1248
690 100 2280,168,1224,1248
691 100 2376,240,1224,1224
692 100 2376,240,1224,1224
693 100 2376,240,1224,1224
694 100 2376,240,1224,1224
695 100 2448,288,1224,1224
696 100 2448,288,1224,1224
697 100 2448,288,1224,1224
698 100 2448,288,1224,1224
699 100 2472,336,1224,1224
700 100 2472,336,1224,1224
701 100 2472,336,1224,1224
702 100 2472,336,1224,1224
703 100 2544,384,1224,1224
704 100 2544,384,1224,1224
705 100 2544,384,1224,1224
706 100 2544,384,1224,1224
707 100 2592,408,1224,1224
708 100 2592,408,1224,1224
709 100 2592,408,1224,1224
710 100 2592,408,1224,1224
711 100 2592,408,1224,1224
712 100 2736,432,1224,1224
713 100 2736,432,1224,1224
714 100 2736,432,1224,1224
715 100 2736,432,1224,1224
716 100 2760,456,1224,1200
717 100 2760,456,1224,1200
718 100 2760,456,1224,1200
719 100 2760,456,1224,1200
720 100 2760,456,1224,1224
721 100 2760,456,1224,1224
722 100 2760,456,1224,1224
723 100 2760,456,1224,1224
724 100 2760,456,1224,1224
725 100 2784,456,1224,1224
726 100 2784,456,1224,1224
727 100 2784,456,1224,1224
728 100 2784,456,1224,1200
729 100 2784,456,1224,1200
730 100 2784,456,1224,1200
731 100 2784,456,1224,1200
732 100 2784,456,1224,1200
733 100 2784,456,1224,1200
734 100 2784,456,1224,1200
735 100 2784,456,1224,1200
736 100 2784,456,1224,1200
737 100 2832,432,1224,1224
738 100 2832,432,1224,1224
739 100 2832,432,1224,1224
740 100 2832,432,1224,1224
741 100 2832,432,1224,1224
742 100 2832,432,1224,1224
743 100 2832,432,1224,1224
744 100 2832,432,1224,1224
745 100 2832,432,1224,1224
746 100 2832,432,1224,1224
747 100 2832,432,1224,1224
748 100 2832,432,1224,1224
749 100 2832,432,1224,1224
750 100 2856,432,1224,1200
751 100 2856,432,1224,1200
752 100 2856,432,1224,1200
753 100 2856,408,1224,1224
754 100 2856,408,1224,1224
755 100 2856,408,1224,1224
756 100 2856,408,1224,1224
757 100 2856,408,1224,1224
758 100 2856,408,1224,1224
759 100 2856,408,1224,1224
760 100 2856,408,1224,1224
761 100 2856,408,1224,1224
762 100 2880,408,1224,1224
763 100 2880,408,1224,1224
764 100 2880,408,1224,1224
765 100 2880,408,1224,1224
766 100 2880,408,1224,1224
767 100 2880,408,1224,1224
768 100 2880,408,1224,1224
769 100 2880,408,1224,1224
770 100 2880,408,1224,1224
771 100 2880,408,1224,1224
772 100 2880,408,1224,1224
773 100 2880,408,1224,1224
774 100 2880,408,1224,1224
775 100 2904,408,1224,1224
776 100 2904,408,1224,1224
777 100 2904,408,1224,1224
778 100 2928,408,1224,1224
779 100 2928,408,1224,1224
780 100 2928,408,1224,1224
781 100 2928,408,1224,1224
782 100 2928,408,1224,1224
783 100 2928,408,1224,1224
784 100 2928,408,1224,1224
785 100 2928,408,1224,1224
786 100 2928,408,1224,1224
787 100 2928,408,1224,1224
788 100 2952,384,1224,1200
789 100 2952,384,1224,1200
790 100 2952,384,1224,1200
791 100 2952,360,1224,1224
792 100 2952,360,1224,1224
793 100 2952,360,1224,1224
794 100 2952,360,1224,1224
795 100 2952,360,1224,1224
796 100 2952,360,1224,1224
797 100 2952,360,1224,1224
798 100 2952,360,1224,1224
799 100 2952,360,1224,1224
800 100 2952,384,1224,1200
801 100 2952,384,1224,1200
802 100 2952,384,1224,1200
803 100 2952,384,1224,1200
804 100 2952,384,1224,1200
805 100 2952,384,1224,1200
806 100 2952,384,1224,1200
807 100 2904,384,1224,1224
808 100 2904,384,1224,1224
809 100 2904,384,1224,1224
810 100 2904,384,1224,1224
811 100 2904,384,1224,1224
812 100 2904,432,1224,1224
813 100 2904,432,1224,1224
814 100 2904,432,1224,1224
815 100 2904,432,1224,1224
816 100 2928,432,1224,1224
817 100 2928,432,1224,1224
818 100 2928,432,1224,1224
819 100 2928,432,1224,1224
820 100 2880,432,1224,1224
821 100 2880,432,1224,1224
822 100 2880,432,1224,1224
823 100 2880,432,1224,1224
824 100 2880,432,1224,1224
825 100 2928,432,1224,1224
826 100 2928,432,1224,1224
827 100 2928,432,1224,1224
828 100 2952,432,1224,1224
829 100 2952,432,1224,1224
830 100 2952,432,1224,1224
831 100 2952,432,1224,1224
832 100 2952,432,1224,1224
833 100 2976,432,1224,1200
834 100 2976,432,1224,1200
835 100 2976,432,1224,1200
836 100 2976,432,1224,1200
837 100 3072,432,1224,1200
838 100 3072,432,1224,1200
839 100 3072,432,1224,1200
840 100 3072,432,1224,1200
841 100 3144,432,1224,1224
842 100 3144,432,1224,1224
843 100 3144,432,1224,1224
844 100 3144,432,1224,1224
845 100 3240,456,1224,1200
846 100 3240,456,1224,1200
847 100 3240,456,1224,1200
848 100 3240,456,1224,1200
849 100 3240,456,1224,1200
850 100 3336,432,1224,1224
851 100 3336,432,1224,1224
852 100 3336,432,1224,1224
853 100 3264,408,1224,1224
854 100 3264,408,1224,1224
855 100 3264,408,1224,1224
856 100 3264,408,1224,1224
857 100 3264,408,1224,1224
858 100 3240,384,1224,1224
859 100 3240,384,1224,1224
860 100 3240,384,1224,1224
861 100 3312,360,1224,1224
862 100 3312,360,1224,1224
863 100 3312,360,1224,1224
864 100 3312,360,1224,1224
865 100 3312,360,1224,1224
866 100 3312,336,1224,1224
867 100 3312,336,1224,1224
868 100 3312,336,1224,1224
869 100 3312,336,1224,1224
870 100 3312,336,1224,1224
871 100 3312,336,1224,1224
872 100 3312,336,1224,1224
873 100 3312,336,1224,1224
874 100 3288,264,1224,1224
875 100 3288,264,1224,1224
876 100 3288,264,1224,1224
877 100 3288,264,1224,1224
878 100 3288,216,1224,1224
879 100 3288,216,1224,1224
880 100 3288,216,1224,1224
881 100 3288,216,1224,1224
882 100 3288,216,1224,1224
883 100 3360,192,1224,1200
884 100 3360,192,1224,1200
885 100 3360,192,1224,1200
886 100 3360,192,1224,1200
887 100 3336,168,1224,1200
888 100 3336,168,1224,1200
889 100 3336,168,1224,1200
890 100 3336,168,1224,1200
891 100 3216,120,1224,1224
892 100 3216,120,1224,1224
893 100 3216,120,1224,1224
894 100 3216,120,1224,1224
895 100 3216,96,1224,1248
896 100 3216,96,1224,1248
897 100 3216,96,1224,1248
898 100 3216,96,1224,1248
899 100 3288,96,1224,1248
900 100 3288,96,1224,1248
901 100 3288,96,1224,1248
902 100 3288,96,1224,1248
903 100 3192,72,1224,1248
904 100 3192,72,1224,1248
905 100 3192,72,1224,1248
906 100 3192,72,1224,1248
907 100 3288,72,1224,1224
908 100 3288,72,1224,1224
909 100 3288,72,1224,1224
910 100 3288,72,1224,1224
911 100 3288,72,1224,1224
912 100 3288,72,1224,1224
913 100 3288,72,1224,1224
914 100 3288,72,1224,1224
915 100 3288,72,1224,1224
916 100 3288,72,1224,1224
917 100 3288,72,1224,1224
918 100 3288,72,1224,1224
919 100 3288,72,1224,1224
920 100 3168,72,1224,1224
921 100 3168,72,1224,1224
922 100 3168,72,1224,1224
923 100 3168,72,1224,1224
924 100 3168,72,1224,1224
925 100 3312,72,1224,1224
926 100 3312,72,1224,1224
927 100 3312,72,1224,1224
928 100 3264,72,1224,1224
929 100 3264,72,1224,1224
930 100 3264,72,1224,1224
931 100 3264,72,1224,1224
932 100 3264,72,1224,1224
933 100 3240,72,1224,1224
934 100 3240,72,1224,1224
935 100 3240,72,1224,1224
936 100 3240,72,1224,1224
937 100 3264,72,1224,1224
938 100 3264,72,1224,1224
939 100 3264,72,1224,1224
940 100 3264,72,1224,1224
941 100 3264,72,1224,1224
942 100 3264,72,1224,1224
943 100 3264,72,1224,1224
944 100 3264,72,1224,1224
945 100 3264,72,1224,1224
946 100 3384,72,1224,1224
947 100 3384,72,1224,1224
948 100 3384,72,1224,1224
949 100 3336,72,1224,1248
950 100 3336,72,1224,1248
951 100 3336,72,1224,1248
952 100 3336,72,1224,1248
953 100 3312,96,1224,1224
954 100 3312,96,1224,1224
955 100 3312,96,1224,1224
956 100 3312,96,1224,1224
957 100 3312,96,1224,1224
958 100 3288,96,1224,1224
959 100 3288,96,1224,1224
960 100 3288,96,1224,1224
961 100 3288,96,1224,1224
962 100 3384,96,1224,1224
963 100 3384,96,1224,1224
964 100 3384,96,1224,1224
965 100 3384,96,1224,1224
966 100 3360,96,1224,1224
967 100 3360,96,1224,1224
968 100 3360,96,1224,1224
969 100 3360,96,1224,1224
970 100 3624,120,1224,1224
971 100 3624,120,1224,1224
972 100 3624,120,1224,1224
973 100 3624,120,1224,1224
974 100 3312,144,1224,1200
975 100 3312,144,1224,1200
976 100 3312,144,1224,1200
977 100 3312,144,1224,1200
978 100 3528,144,1224,1224
979 100 3528,144,1224,1224
980 100 3528,144,1224,1224
981 100 3528,144,1224,1224
982 100 3528,144,1224,1224
983 100 3336,144,1224,1224
984 100 3336,144,1224,1224
985 100 3336,144,1224,1224
986 100 3336,144,1224,1224
987 100 3552,168,1224,1224
988 100 3552,168,1224,1224
989 100 3552,168,1224,1224
990 100 3552,168,1224,1224
991 100 3360,168,1224,1224
992 100 3360,168,1224,1224
993 100 3360,168,1224,1224
994 100 3360,168,1224,1224
995 100 3528,192,1224,1224
996 100 3528,192,1224,1224
997 100 3528,192,1224,1224
998 100 3528,192,1224,1224
999 100 3480,192,1224,1224
1000 100 3480,192,1224,1224
1001 100 3480,192,1224,1224
1002 100 3480,192,1224,1224
1003 100 3480,192,1224,1224
1004 100 96,216,1224,1224
1005 100 96,216,1224,1224
1006 100 96,216,1224,1224
1007 100 96,216,1224,1224
1008 100 96,216,1224,1224
1009 100 3336,240,1224,1200
1010 100 3336,240,1224,1200
1011 100 3336,240,1224,1200
1012 100 3336,240,1224,1200
1013 100 0,240,1224,1224
1014 100 0,240,1224,1224
1015 100 0,240,1224,1224
1016 100 0,264,1224,1224
1017 100 0,264,1224,1224
1018 100 0,264,1224,1224
1019 100 0,264,1224,1224
1020 100 0,264,1224,1224
1021 100 3384,288,1224,1200
1022 100 3384,288,1224,1200
1023 100 3384,288,1224,1200
1024 100 0,288,1224,1200
1025 100 0,288,1224,1200
1026 100 0,288,1224,1200
1027 100 0,288,1224,1200
1028 100 0,288,1224,1200
1029 100 24,288,1224,1224
1030 100 24,288,1224,1224
1031 100 24,288,1224,1224
1032 100 24,288,1224,1224
1033 100 24,312,1224,1224
1034 100 24,312,1224,1224
1035 100 24,312,1224,1224
1036 100 24,312,1224,1224
1037 100 24,312,1224,1224
1038 100 0,336,1224,1200
1039 100 0,336,1224,1200
1040 100 0,336,1224,1200
1041 100 0,360,1224,1224
1042 100 0,360,1224,1224
1043 100 0,360,1224,1224
1044 100 0,360,1224,1224
1045 100 0,360,1224,1224
1046 100 24,384,1224,1200
1047 100 24,384,1224,1200
1048 100 24,384,1224,1200
1049 100 24,384,1224,1200
1050 100 24,384,1224,1224
1051 100 24,384,1224,1224
1052 100 24,384,1224,1224
1053 100 24,384,1224,1224
1054 100 24,408,1224,1200
1055 100 24,408,1224,1200
1056 100 24,408,1224,1200
1057 100 24,408,1224,1200
1058 100 24,408,1224,1200
1059 100 0,408,1224,1224
1060 100 0,408,1224,1224
1061 100 0,408,1224,1224
1062 100 48,408,1224,1224
1063 100 48,408,1224,1224
1064 100 48,408,1224,1224
1065 100 48,408,1224,1224
1066 100 48,408,1224,1224
1067 100 48,408,1224,1224
1068 100 48,408,1224,1224
1069 100 48,408,1224,1224
1070 100 48,408,1224,1224
1071 100 48,432,1224,1200
1072 100 48,432,1224,1200
1073 100 48,432,1224,1200
1074 100 48,432,1224,1200
1075 100 0,432,1224,1200
1076 100 0,432,1224,1200
1077 100 0,432,1224,1200
1078 100 0,432,1224,1200
1079 100 0,408,1224,1224
1080 100 0,408,1224,1224
1081 100 0,408,1224,1224
1082 100 0,408,1224,1224
1083 100 0,432,1224,1200
1084 100 0,432,1224,1200
1085 100 0,432,1224,1200
1086 100 0,432,1224,1200
1087 100 0,432,1224,1200
1088 100 0,432,1224,1200
1089 100 0,432,1224,1200
1090 100 0,432,1224,1200
1091 100 0,432,1224,1200
1092 100 0,432,1224,1200
1093 100 0,432,1224,1200
1094 100 0,432,1224,1200
1095 100 0,432,1224,1200
1096 100 0,432,1224,1200
1097 100 0,432,1224,1200
1098 100 0,432,1224,1200
1099 100 0,432,1224,1200
1100 100 0,432,1224,1200
1101 100 0,432,1224,1200
1102 100 0,432,1224,1200
1103 100 0,432,1224,1200
1104 100 0,432,1224,1200
1105 100 0,432,1224,1200
1106 100 0,432,1224,1200
1107 100 0,432,1224,1200
1108 100 0,432,1224,1200
1109 100 24,432,1224,1200
1110 100 24,432,1224,1200
1111 100 24,432,1224,1200
1112 100 24,432,1224,1200
1113 100 24,432,1224,1200
1114 100 24,432,1224,1200
1115 100 24,432,1224,1200
1116 100 24,432,1224,1200
1117 100 48,432,1224,1224
1118 100 48,432,1224,1224
1119 100 48,432,1224,1224
1120 100 48,432,1224,1224
1121 100 48,432,1224,1224
1122 100 48,432,1224,1224
1123 100 48,432,1224,1224
1124 100 48,432,1224,1224
1125 100 48,432,1224,1224
1126 100 96,432,1224,1200
1127 100 96,432,1224,1200
1128 100 96,432,1224,1200
1129 100 96,432,1224,1200
1130 100 72,408,1224,1224
1131 100 72,408,1224,1224
1132 100 72,408,1224,1224
1133 100 72,408,1224,1224
1134 100 48,432,1224,1200
1135 100 48,432,1224,1200
1136 100 48,432,1224,1200
1137 100 48,432,1224,1200
1138 100 48,432,1224,1200
1139 100 24,432,1224,1200
1140 100 24,432,1224,1200
1141 100 24,432,1224,1200
1142 100 0,432,1224,1224
1143 100 0,432,1224,1224
1144 100 0,432,1224,1224
1145 100 0,432,1224,1224
1146 100 0,432,1224,1224
1147 100 24,456,1224,1200
1148 100 24,456,1224,1200
1149 100 24,456,1224,1200
1150 100 24,456,1224,1200
1151 100 48,456,1224,1224
1152 100 48,456,1224,1224
1153 100 48,456,1224,1224
1154 100 48,456,1224,1224
1155 100 96,456,1224,1200
1156 100 96,456,1224,1200
1157 100 96,456,1224,1200
1158 100 96,456,1224,1200
1159 100 48,456,1224,1200
1160 100 48,456,1224,1200
1161 100 48,456,1224,1200
1162 100 48,456,1224,1200
1163 100 48,456,1224,1200
1164 100 48,456,1224,1200
1165 100 3504,456,1224,1200
1166 100 3504,456,1224,1200
1167 100 3624,432,1224,1224
1168 100 3624,432,1224,1224
1169 100 3624,432,1224,1224
1170 100 3624,432,1224,1224
1171 100 3624,432,1224,1224
1172 100 3720,432,1224,1224
1173 100 3720,432,1224,1224
1174 100 3720,432,1224,1224
1175 100 3720,432,1224,1224
1176 100 3720,432,1224,1224
1177 100 3720,432,1224,1224
1178 100 3720,432,1224,1224
1179 100 3720,432,1224,1224
1180 100 3648,432,1224,1224
1181 100 3648,432,1224,1224
1182 100 3648,432,1224,1224
1183 100 3648,432,1224,1224
1184 100 3648,432,1224,1224
1185 100 3648,432,1224,1224
1186 100 3648,432,1224,1224
1187 100 3648,432,1224,1224
1188 100 3600,432,1224,1224
1189 100 3600,432,1224,1224
1190 100 3600,432,1224,1224
1191 100 3600,432,1224,1224
1192 100 3528,456,1224,1200
1193 100 3528,456,1224,1200
1194 100 3528,456,1224,1200
1195 100 3528,456,1224,1200
1196 100 3528,456,1224,1200
1197 100 3432,456,1224,1200
1198 100 3432,456,1224,1200
1199 100 3432,456,1224,1200
1200 100 3432,456,1224,1200
1201 100 3384,456,1224,1224
1202 100 3384,456,1224,1224
1203 100 3384,456,1224,1224
1204 100 3384,456,1224,1224
1205 100 3552,480,1224,1200
1206 100 3552,480,1224,1200
1207 100 3552,480,1224,1200
1208 100 3552,480,1224,1200
1209 100 3552,480,1224,1200
1210 100 3552,480,1224,1200
1211 100 3552,480,1224,1200
1212 100 3552,480,1224,1200
1213 100 3552,480,1224,1200
1214 100 3432,480,1224,1200
1215 100 3432,480,1224,1200
1216 100 3432,480,1224,1200
1217 100 3432,480,1224,1200
1218 100 3360,480,1224,1224
1219 100 3360,480,1224,1224
1220 100 3360,480,1224,1224
1221 100 3360,480,1224,1224
1222 100 3504,504,1224,1200
1223 100 3504,504,1224,1200
1224 100 3504,504,1224,1200
1225 100 3504,504,1224,1200
1226 100 3504,504,1224,1200
1227 100 3408,504,1224,1200
1228 100 3408,504,1224,1200
1229 100 3408,504,1224,1200
1230 100 3384,504,1224,1224
1231 100 3384,504,1224,1224
1232 100 3384,504,1224,1224
1233 100 3384,504,1224,1224
1234 100 3624,504,1224,1224
1235 100 3624,504,1224,1224
1236 100 3624,504,1224,1224
1237 100 3624,504,1224,1224
1238 100 3624,504,1224,1224
1239 100 3648,504,1224,1224
1240 100 3648,504,1224,1224
1241 100 3648,504,1224,1224
1242 100 3432,504,1224,1200
1243 100 3432,504,1224,1200
1244 100 3432,504,1224,1200
1245 100 3432,504,1224,1200
1246 100 3432,504,1224,1200
1247 100 3384,504,1224,1200
1248 100 3384,504,1224,1200
1249 100 3384,504,1224,1200
1250 100 3384,504,1224,1200
1251 100 3408,504,1224,1200
1252 100 3408,504,1224,1200
1253 100 3408,504,1224,1200
1254 100 3408,504,1224,1200
1255 100 3408,504,1224,1200
1256 100 3408,504,1224,1200
1257 100 3408,504,1224,1200
1258 100 3408,504,1224,1200
1259 100 3432,504,1224,1200
1260 100 3432,504,1224,1200
1261 100 3432,504,1224,1200
1262 100 3432,504,1224,1200
1263 100 3432,504,1224,1200
1264 100 3432,504,1224,1200
1265 100 3456,504,1224,1200
1266 100 3456,504,1224,1200
1267 100 3456,504,1224,1200
1268 100 3528,480,1224,1224
1269 100 3528,480,1224,1224
1270 100 3528,480,1224,1224
1271 100 3528,480,1224,1224
1272 100 3480,504,1224,1200
1273 100 3480,504,1224,1200
1274 100 3480,504,1224,1200
1275 100 3480,504,1224,1200
1276 100 3480,504,1224,1200
1277 100 3456,504,1224,1200
1278 100 3456,504,1224,1200
1279 100 3456,504,1224,1200
1280 100 3432,504,1224,1200
1281 100 3432,504,1224,1200
1282 100 3432,504,1224,1200
1283 100 3432,504,1224,1200
1284 100 3432,504,1224,1200
1285 100 3432,504,1224,1200
1286 100 3432,504,1224,1200
1287 100 3432,504,1224,1200
1288 100 3432,504,1224,1200
1289 100 0,504,1224,1224
1290 100 0,504,1224,1224
1291 100 0,504,1224,1224
1292 100 0,504,1224,1224
1293 100 3600,504,1224,1224
1294 100 3600,504,1224,1224
1295 100 3600,504,1224,1224
1296 100 3600,504,1224,1224
1297 100 3576,504,1224,1224
1298 100 3576,504,1224,1224
1299 100 3576,504,1224,1224
1300 100 3576,504,1224,1224
1301 100 3480,528,1224,1200
1302 100 3480,528,1224,1200
1303 100 3480,528,1224,1200
1304 100 3480,528,1224,1200
1305 100 3456,528,1224,1200
1306 100 3456,528,1224,1200
1307 100 3456,528,1224,1200
1308 100 3456,528,1224,1200
1309 100 3456,528,1224,1200
1310 100 3432,528,1224,1200
1311 100 3432,528,1224,1200
1312 100 3432,528,1224,1200
1313 100 3432,528,1224,1200
1314 100 3456,528,1224,1200
1315 100 3456,528,1224,1200
1316 100 3456,528,1224,1200
1317 100 3456,528,1224,1200
1318 100 3480,528,1224,1200
1319 100 3480,528,1224,1200
1320 100 3480,528,1224,1200
1321 100 3480,528,1224,1200
1322 100 3432,528,1224,1200
1323 100 3432,528,1224,1200
1324 100 3432,528,1224,1200
1325 100 3432,528,1224,1200
1326 100 3432,528,1224,1200
1327 100 3408,528,1224,1200
1328 100 3408,528,1224,1200
1329 100 3408,528,1224,1200
1330 100 3456,528,1224,1200
1331 100 3456,528,1224,1200
1332 100 3456,528,1224,1200
1333 100 3456,528,1224,1200
1334 100 3456,528,1224,1200
1335 100 3384,528,1224,1200
1336 100 3384,528,1224,1200
1337 100 3384,528,1224,1200
1338 100 3384,528,1224,1200
1339 100 3408,528,1224,1200
1340 100 3408,528,1224,1200
1341 100 3408,528,1224,1200
1342 100 3408,528,1224,1200
1343 100 3384,528,1224,1200
1344 100 3384,528,1224,1200
1345 100 3384,528,1224,1200
1346 100 3384,528,1224,1200
1347 100 3336,528,1224,1224
1348 100 3336,528,1224,1224
1349 100 3336,528,1224,1224
1350 100 3336,528,1224,1224
1351 100 3336,528,1224,1224
1352 100 3336,528,1224,1224
1353 100 3336,528,1224,1224
1354 100 3336,528,1224,1224
1355 100 3360,528,1224,1224
1356 100 3360,528,1224,1224
1357 100 3360,528,1224,1224
1358 100 3360,528,1224,1224
1359 100 3360,528,1224,1224
1360 100 3192,528,1224,1200
1361 100 3192,528,1224,1200
1362 100 3192,528,1224,1200
1363 100 3192,528,1224,1200
1364 100 3144,528,1224,1224
1365 100 3144,528,1224,1224
1366 100 3144,528,1224,1224
1367 100 3144,528,1224,1224
1368 100 3144,552,1224,1200
1369 100 3144,552,1224,1200
1370 100 3144,552,1224,1200
1371 100 3144,552,1224,1200
1372 100 2952,552,1224,1224
1373 100 2952,552,1224,1224
1374 100 2952,552,1224,1224
1375 100 2952,552,1224,1224
1376 100 2952,552,1224,1224
1377 100 2952,552,1224,1224
1378 100 2808,552,1224,1224
1379 100 2808,552,1224,1224
1380 100 2808,552,1224,1224
1381 100 2640,552,1224,1200
1382 100 2640,552,1224,1200
1383 100 2640,552,1224,1200
1384 100 2640,552,1224,1200
1385 100 2616,552,1224,1200
1386 100 2616,552,1224,1200
1387 100 2616,552,1224,1200
1388 100 2616,552,1224,1200
1389 100 2520,552,1224,1200
1390 100 2520,552,1224,1200
1391 100 2520,552,1224,1200
1392 100 2520,552,1224,1200
1393 100 2472,552,1224,1224
1394 100 2472,552,1224,1224
1395 100 2472,552,1224,1224
1396 100 2472,552,1224,1224
1397 100 2400,576,1224,1200
1398 100 2400,576,1224,1200
1399 100 2400,576,1224,1200
1400 100 2400,576,1224,1200
1401 100 2352,576,1224,1200
1402 100 2352,576,1224,1200
1403 100 2352,576,1224,1200
1404 100 2352,576,1224,1200
1405 100 2352,576,1224,1200
1406 100 2304,576,1224,1200
1407 100 2304,576,1224,1200
1408 100 2304,576,1224,1200
1409 100 2304,576,1224,1200
1410 100 2256,552,1224,1200
1411 100 2256,552,1224,1200
1412 100 2256,552,1224,1200
1413 100 2256,552,1224,1200
1414 100 2256,552,1224,1200
1415 100 2232,528,1224,1224
1416 100 2232,528,1224,1224
1417 100 2232,528,1224,1224
1418 100 2184,528,1224,1224
1419 100 2184,528,1224,1224
1420 100 2184,528,1224,1224
1421 100 2184,528,1224,1224
1422 100 2136,528,1224,1200
1423 100 2136,528,1224,1200
1424 100 2136,528,1224,1200
1425 100 2136,528,1224,1200
1426 100 2088,528,1224,1224
1427 100 2088,528,1224,1224
1428 100 2088,528,1224,1224
1429 100 2088,528,1224,1224
1430 100 2088,528,1224,1224
1431 100 2064,528,1224,1224
1432 100 2064,528,1224,1224
1433 100 2064,528,1224,1224
1434 100 2064,528,1224,1224
1435 100 2016,528,1224,1224
1436 100 2016,528,1224,1224
1437 100 2016,528,1224,1224
1438 100 2016,528,1224,1224
1439 100 1944,552,1224,1200
1440 100 1944,552,1224,1200
1441 100 1944,552,1224,1200
1442 100 1944,552,1224,1200
1443 100 1896,552,1224,1224
1444 100 1896,552,1224,1224
1445 100 1896,552,1224,1224
1446 100 1896,552,1224,1224
1447 100 1896,552,1224,1224
1448 100 1824,576,1224,1200
1449 100 1824,576,1224,1200
1450 100 1824,576,1224,1200
1451 100 1776,576,1224,1224
1452 100 1776,576,1224,1224
1453 100 1776,576,1224,1224
1454 100 1776,576,1224,1224
1455 100 1752,576,1224,1200
1456 100 1752,576,1224,1200
1457 100 1752,576,1224,1200
1458 100 1752,576,1224,1200
1459 100 1752,576,1224,1200
1460 100 1680,600,1224,1200
1461 100 1680,600,1224,1200
1462 100 1680,600,1224,1200
1463 100 1680,600,1224,1200
1464 100 1632,600,1224,1200
1465 100 1632,600,1224,1200
1466 100 1632,600,1224,1200
1467 100 1632,600,1224,1200
1468 100 1584,624,1224,1200
1469 100 1584,624,1224,1200
1470 100 1584,624,1224,1200
1471 100 1584,624,1224,1200
1472 100 1584,624,1224,1200
1473 100 1536,696,1224,1200
1474 100 1536,696,1224,1200
1475 100 1536,696,1224,1200
1476 100 1488,744,1224,1200
1477 100 1488,744,1224,1200
1478 100 1488,744,1224,1200
1479 100 1488,744,1224,1200
1480 100 1488,744,1224,1200
1481 100 1392,744,1224,1224
1482 100 1392,744,1224,1224
1483 100 1392,744,1224,1224
1484 100 1392,744,1224,1224
1485 100 1248,816,1224,1200
1486 100 1248,816,1224,1200
1487 100 1248,816,1224,1200
1488 100 1248,816,1224,1200
1489 100 1224,840,1224,1224
1490 100 1224,840,1224,1224
1491 100 1224,840,1224,1224
1492 100 1224,840,1224,1224
1493 100 1224,840,1224,1224
1494 100 1176,888,1224,1200
1495 100 1176,888,1224,1200
1496 100 1176,888,1224,1200
1497 100 1176,888,1224,1200
1498 100 1104,912,1224,1200
1499 100 1104,912,1224,1200
1500 100 1104,912,1224,1200
1501 100 1104,912,1224,1200
1502 100 1056,936,1224,1200
1503 100 1056,936,1224,1200
1504 100 1056,936,1224,1200
1505 100 1056,936,1224,1200
1506 100 1056,936,1224,1200
1507 100 1008,936,1224,1224
1508 100 1008,936,1224,1224
1509 100 1008,936,1224,1224
1510 100 984,960,1224,1200
1511 100 984,960,1224,1200
1512 100 984,960,1224,1200
1513 100 984,960,1224,1200
1514 100 984,960,1224,1200
1515 100 960,984,1224,1176
1516 100 960,984,1224,1176
1517 100 960,984,1224,1176
1518 100 960,984,1224,1176
1519 100 960,960,1224,1200
1520 100 960,960,1224,1200
1521 100 960,960,1224,1200
1522 100 960,960,1224,1200
1523 100 912,984,1224,1176
1524 100 912,984,1224,1176
1525 100 912,984,1224,1176
1526 100 912,984,1224,1176
1527 100 912,984,1224,1176
1528 100 696,984,1224,1176
1529 100 696,984,1224,1176
1530 100 696,984,1224,1176
1531 100 816,960,1224,1200
1532 100 816,960,1224,1200
1533 100 816,960,1224,1200
1534 100 816,960,1224,1200
1535 100 792,888,1224,1224
1536 100 792,888,1224,1224
1537 100 792,888,1224,1224
1538 100 792,888,1224,1224
1539 100 792,888,1224,1224
1540 100 768,864,1224,1224
1541 100 768,864,1224,1224
1542 100 768,864,1224,1224
1543 100 768,864,1224,1224
1544 100 744,840,1224,1224
1545 100 744,840,1224,1224
1546 100 744,840,1224,1224
1547 100 744,840,1224,1224
1548 100 744,792,1224,1224
1549 100 744,792,1224,1224
1550 100 744,792,1224,1224
1551 100 744,792,1224,1224
1552 100 744,792,1224,1224
1553 100 792,696,1224,1224
1554 100 792,696,1224,1224
1555 100 792,696,1224,1224
1556 100 816,648,1224,1224
1557 100 816,648,1224,1224
1558 100 816,648,1224,1224
1559 100 816,648,1224,1224
1560 100 816,648,1224,1224
1561 100 816,624,1224,1224
1562 100 816,624,1224,1224
1563 100 816,624,1224,1224
1564 100 816,624,1224,1224
1565 100 816,600,1224,1200
1566 100 816,600,1224,1200
1567 100 816,600,1224,1200
1568 100 816,600,1224,1200
1569 100 816,600,1224,1200
1570 100 816,600,1224,1200
1571 100 816,600,1224,1200
1572 100 816,600,1224,1200
1573 100 792,600,1224,1200
1574 100 792,600,1224,1200
1575 100 792,600,1224,1200
1576 100 792,600,1224,1200
1577 100 792,600,1224,1200
1578 100 768,600,1224,1200
1579 100 768,600,1224,1200
1580 100 768,600,1224,1200
1581 100 720,624,1224,1200
1582 100 720,624,1224,1200
1583 100 720,624,1224,1200
1584 100 720,624,1224,1200
1585 100 672,624,1224,1200
1586 100 672,624,1224,1200
1587 100 672,624,1224,1200
1588 100 672,624,1224,1200
1589 100 672,624,1224,1200
1590 100 648,624,1224,1224
1591 100 648,624,1224,1224
1592 100 648,624,1224,1224
1593 100 648,624,1224,1224
1594 100 624,648,1224,1200
1595 100 624,648,1224,1200
1596 100 624,648,1224,1200
1597 100 624,648,1224,1200
1598 100 600,648,1224,1200
1599 100 600,648,1224,1200
1600 100 600,648,1224,1200
1601 100 600,648,1224,1200
1602 100 552,648,1224,1200
1603 100 552,648,1224,1200
1604 100 552,648,1224,1200
1605 100 552,648,1224,1200
1606 100 552,648,1224,1200
1607 100 504,672,1224,1200
1608 100 504,672,1224,1200
1609 100 504,672,1224,1200
1610 100 504,672,1224,1200
1611 100 480,648,1224,1224
1612 100 480,648,1224,1224
1613 100 480,648,1224,1224
1614 100 480,648,1224,1224
1615 100 480,648,1224,1200
1616 100 480,648,1224,1200
1617 100 480,648,1224,1200
1618 100 480,648,1224,1200
1619 100 504,648,1224,1200
1620 100 504,648,1224,1200
1621 100 504,648,1224,1200
1622 100 504,648,1224,1200
1623 100 504,624,1224,1200
1624 100 504,624,1224,1200
1625 100 504,624,1224,1200
1626 100 504,624,1224,1200
1627 100 504,648,1224,1200
1628 100 504,648,1224,1200
1629 100 504,648,1224,1200
1630 100 504,648,1224,1200
1631 100 504,648,1224,1200
1632 100 456,696,1224,1200
1633 100 456,696,1224,1200
1634 100 456,696,1224,1200
1635 100 456,696,1224,1200
1636 100 408,744,1224,1224
1637 100 408,744,1224,1224
1638 100 408,744,1224,1224
1639 100 408,744,1224,1224
1640 100 408,768,1224,1200
1641 100 408,768,1224,1200
1642 100 408,768,1224,1200
1643 100 408,768,1224,1200
1644 100 408,744,1224,1200
1645 100 408,744,1224,1200
1646 100 408,744,1224,1200
1647 100 408,744,1224,1200
1648 100 408,744,1224,1200
1649 100 456,720,1224,1200
1650 100 456,720,1224,1200
1651 100 456,720,1224,1200
1652 100 504,672,1224,1224
1653 100 504,672,1224,1224
1654 100 504,672,1224,1224
1655 100 504,672,1224,1224
1656 100 504,672,1224,1224
1657 100 624,648,1224,1200
1658 100 624,648,1224,1200
1659 100 624,648,1224,1200
1660 100 624,648,1224,1200
1661 100 720,600,1224,1224
1662 100 720,600,1224,1224
1663 100 720,600,1224,1224
1664 100 720,600,1224,1224
1665 100 792,576,1224,1200
1666 100 792,576,1224,1200
1667 100 792,576,1224,1200
1668 100 792,576,1224,1200
1669 100 864,576,1224,1200
1670 100 864,576,1224,1200
1671 100 864,576,1224,1200
1672 100 864,576,1224,1200
1673 100 936,552,1224,1200
1674 100 936,552,1224,1200
1675 100 936,552,1224,1200
1676 100 936,552,1224,1200
1677 100 1032,528,1224,1224
1678 100 1032,528,1224,1224
1679 100 1032,528,1224,1224
1680 100 1032,528,1224,1224
1681 100 1032,528,1224,1224
1682 100 1080,528,1224,1224
1683 100 1080,528,1224,1224
1684 100 1080,528,1224,1224
1685 100 1080,528,1224,1224
1686 100 1128,528,1224,1200
1687 100 1128,528,1224,1200
1688 100 1128,528,1224,1200
1689 100 1128,528,1224,1200
1690 100 1152,528,1224,1224
1691 100 1152,528,1224,1224
1692 100 1152,528,1224,1224
1693 100 1152,528,1224,1224
1694 100 1200,528,1224,1200
1695 100 1200,528,1224,1200
1696 100 1200,528,1224,1200
1697 100 1200,528,1224,1200
1698 100 1200,528,1224,1200
1699 100 1224,528,1224,1224
1700 100 1224,528,1224,1224
1701 100 1224,528,1224,1224
1702 100 1224,528,1224,1224
1703 100 1272,528,1224,1224
1704 100 1272,528,1224,1224
1705 100 1272,528,1224,1224
1706 100 1272,528,1224,1224
1707 100 1296,528,1224,1224
1708 100 1296,528,1224,1224
1709 100 1296,528,1224,1224
1710 100 1296,528,1224,1224
1711 100 1296,528,1224,1224
1712 100 1320,552,1224,1224
1713 100 1320,552,1224,1224
1714 100 1320,552,1224,1224
1715 100 1296,600,1224,1224
1716 100 1296,600,1224,1224
1717 100 1296,600,1224,1224
1718 100 1296,600,1224,1224
1719 100 1296,600,1224,1224
1720 100 1248,696,1224,1200
1721 100 1248,696,1224,1200
1722 100 1248,696,1224,1200
1723 100 1248,696,1224,1200
1724 100 1200,792,1224,1200
1725 100 1200,792,1224,1200
1726 100 1200,792,1224,1200
1727 100 1200,792,1224,1200
1728 100 1176,840,1224,1224
1729 100 1176,840,1224,1224
1730 100 1176,840,1224,1224
1731 100 1176,840,1224,1224
1732 100 1152,888,1224,1200
1733 100 1152,888,1224,1200
1734 100 1152,888,1224,1200
1735 100 1152,888,1224,1200
1736 100 1128,936,1224,1224
1737 100 1128,936,1224,1224
1738 100 1128,936,1224,1224
1739 100 1128,936,1224,1224
1740 100 1128,936,1224,1224
1741 100 1128,984,1224,1176
1742 100 1128,984,1224,1176
1743 100 1128,984,1224,1176
1744 100 1128,984,1224,1176
1745 100 576,1008,1224,1152
1746 100 576,1008,1224,1152
1747 100 576,1008,1224,1152
1748 100 576,1008,1224,1152
1749 100 0,1032,1224,1128
1750 100 0,1032,1224,1128
1751 100 0,1032,1224,1128
1752 100 0,1032,1224,1128
1753 100 0,1032,1224,1128
1754 100 0,1032,1224,1128
1755 100 0,1032,1224,1128
1756 100 0,1032,1224,1128
1757 100 0,1056,1224,1104
1758 100 0,1056,1224,1104
1759 100 0,1056,1224,1104
1760 100 0,1056,1224,1104
1761 100 0,1056,1224,1104
1762 100 0,1056,1224,1104
1763 100 0,1056,1224,1104
1764 100 0,1056,1224,1104
1765 100 0,1056,1224,1104
1766 100 0,1080,1224,1080
1767 100 0,1080,1224,1080
1768 100 0,1080,1224,1080
1769 100 0,1080,1224,1080
1770 100 0,1080,1224,1080
1771 100 0,1080,1224,1080
1772 100 0,1080,1224,1080
1773 100 0,1080,1224,1080
1774 100 0,1080,1224,1080
1775 100 0,1080,1224,1080
1776 100 0,1080,1224,1080
1777 100 0,1080,1224,1080
1778 100 0,1080,1224,1080
1779 100 0,1104,1224,1056
1780 100 0,1104,1224,1056
1781 100 0,1104,1224,1056
1782 100 0,1104,1224,1056
1783 100 0,1080,1224,1080
1784 100 0,1080,1224,1080
1785 100 0,1080,1224,1080
1786 100 0,1080,1224,1080
1787 100 0,1104,1224,1056
1788 100 0,1104,1224,1056
1789 100 0,1104,1224,1056
1790 100 0,1104,1224,1056
1791 100 0,1104,1224,1056
1792 100 0,1104,1224,1056
1793 100 0,1104,1224,1056
1794 100 0,1104,1224,1056
1795 100 0,1056,1224,1104
1796 100 0,1056,1224,1104
1797 100 0,1056,1224,1104
1798 100 0,1056,1224,1104
