0 100 192,456,1224,1200
1 100 192,456,1224,1200
2 100 192,456,1224,1200
3 100 192,456,1224,1200
4 100 192,456,1224,1200
5 100 192,456,1224,1200
6 100 192,456,1224,1200
7 100 192,456,1224,1200
8 100 192,456,1224,1200
9 100 192,456,1224,1200
10 100 192,456,1224,1200
11 100 192,456,1224,1200
12 100 192,456,1224,1200
13 100 192,456,1224,1200
14 100 192,456,1224,1200
15 100 192,456,1224,1200
16 100 192,456,1224,1200
17 100 192,456,1224,1200
18 100 192,456,1224,1200
19 100 192,456,1224,1200
20 100 192,456,1224,1200
21 100 192,456,1224,1200
22 100 192,456,1224,1200
23 100 192,456,1224,1200
24 100 192,456,1224,1200
25 100 192,456,1224,1200
26 100 192,456,1224,1200
27 100 192,456,1224,1200
28 100 192,456,1224,1200
29 100 192,456,1224,1200
30 100 192,456,1224,1200
31 100 192,456,1224,1200
32 100 192,456,1224,1200
33 100 192,456,1224,1200
34 100 192,456,1224,1200
35 100 192,456,1224,1200
36 100 192,456,1224,1200
37 100 192,456,1224,1200
38 100 192,456,1224,1200
39 100 192,456,1224,1200
40 100 192,456,1224,1200
41 100 192,456,1224,1200
42 100 192,456,1224,1200
43 100 192,456,1224,1200
44 100 192,456,1224,1200
45 100 192,456,1224,1200
46 100 192,456,1224,1200
47 100 192,456,1224,1200
48 100 192,456,1224,1200
49 100 192,456,1224,1200
50 100 192,456,1224,1200
51 100 192,456,1224,1200
52 100 192,456,1224,1200
53 100 192,456,1224,1200
54 100 192,456,1224,1200
55 100 192,456,1224,1200
56 100 192,456,1224,1200
57 100 192,456,1224,1200
58 100 192,456,1224,1200
59 100 192,456,1224,1200
60 100 192,456,1224,1200
61 100 192,456,1224,1200
62 100 192,456,1224,1200
63 100 192,456,1224,1200
64 100 168,456,1224,1200
65 100 168,456,1224,1200
66 100 168,432,1224,1224
67 100 144,432,1224,1200
68 100 144,408,1224,1224
69 100 120,408,1224,1224
70 100 120,408,1224,1224
71 100 120,408,1224,1224
72 100 96,408,1224,1224
73 100 96,408,1224,1200
74 100 72,384,1224,1224
75 100 48,384,1224,1200
76 100 24,360,1224,1200
77 100 0,360,1224,1200
78 100 0,336,1224,1200
79 100 0,336,1224,1200
80 100 0,312,1224,1200
81 100 0,312,1224,1200
82 100 0,312,1224,1200
83 100 0,288,1224,1224
84 100 0,288,1224,1200
85 100 0,264,1224,1224
86 100 0,264,1224,1224
87 100 0,264,1224,1200
88 100 0,240,1224,1224
89 100 0,240,1224,1200
90 100 0,240,1224,1200
91 100 0,216,1224,1224
92 100 24,216,1224,1200
93 100 48,216,1224,1200
94 100 0,192,1224,1224
95 100 48,192,1224,1224
96 100 48,192,1224,1224
97 100 24,192,1224,1200
98 100 24,192,1224,1200
99 100 24,168,1224,1224
100 100 0,168,1224,1224
101 100 0,168,1224,1224
102 100 0,168,1224,1224
103 100 0,168,1224,1224
104 100 0,168,1224,1224
105 100 48,168,1224,1224
106 100 48,168,1224,1224
107 100 48,168,1224,1224
108 100 48,168,1224,1224
109 100 48,168,1224,1224
110 100 48,168,1224,1224
111 100 48,168,1224,1200
112 100 48,168,1224,1200
113 100 48,168,1224,1200
114 100 72,144,1224,1224
115 100 72,144,1224,1224
116 100 72,144,1224,1224
117 100 72,144,1224,1224
118 100 96,144,1224,1224
119 100 96,144,1224,1224
120 100 96,144,1224,1224
121 100 0,144,1224,1200
122 100 0,144,1224,1200
123 100 0,144,1224,1200
124 100 0,120,1224,1224
125 100 24,120,1224,1224
126 100 24,120,1224,1224
127 100 24,120,1224,1224
128 100 48,120,1224,1224
129 100 48,120,1224,1224
130 100 48,120,1224,1224
131 100 72,120,1224,1224
132 100 72,120,1224,1224
133 100 72,120,1224,1200
134 100 72,120,1224,1200
135 100 96,120,1224,1200
136 100 72,120,1224,1200
137 100 96,96,1224,1224
138 100 96,96,1224,1224
139 100 72,120,1224,1200
140 100 96,96,1224,1224
141 100 96,96,1224,1224
142 100 96,96,1224,1224
143 100 96,96,1224,1224
144 100 120,96,1224,1224
145 100 120,96,1224,1224
146 100 144,96,1224,1224
147 100 144,96,1224,1224
148 100 168,96,1224,1224
149 100 168,96,1224,1224
150 100 168,96,1224,1224
151 100 192,96,1224,1224
152 100 0,96,1224,1224
153 100 0,96,1224,1224
154 100 24,96,1224,1200
155 100 48,96,1224,1200
156 100 48,72,1224,1224
157 100 48,72,1224,1224
158 100 120,72,1224,1224
159 100 24,72,1224,1200
160 100 120,48,1224,1224
161 100 0,48,1224,1224
162 100 192,48,1224,1224
163 100 144,48,1224,1224
164 100 168,48,1224,1224
165 100 144,48,1224,1224
166 100 0,48,1224,1224
167 100 96,24,1224,1248
168 100 24,24,1224,1248
169 100 24,24,1224,1248
170 100 72,24,1224,1248
171 100 120,24,1224,1224
172 100 48,24,1224,1200
173 100 96,24,1224,1200
174 100 96,24,1224,1200
175 100 48,24,1224,1200
176 100 72,24,1224,1200
177 100 24,24,1224,1176
178 100 0,24,1224,1176
179 100 168,24,1224,1152
180 100 96,24,1224,1128
181 100 168,24,1224,1128
182 100 0,24,1224,1128
183 100 168,24,1224,1128
184 100 0,24,1224,1128
185 100 120,24,1224,1104
186 100 0,24,1224,1104
187 100 120,24,1224,1080
188 100 24,24,1224,1056
189 100 48,24,1224,1056
190 100 48,24,1224,1056
191 100 48,24,1224,1056
192 100 72,24,1224,1056
193 100 120,24,1224,1056
194 100 96,24,1224,1056
195 100 96,24,1224,1056
196 100 120,24,1224,1056
197 100 120,24,1224,1056
198 100 72,24,1224,1056
199 100 0,24,1224,1056
200 100 144,24,1224,1080
201 100 48,24,1224,1080
202 100 0,24,1224,1104
203 100 3504,24,1224,1104
204 100 3288,24,1224,1128
205 100 3120,24,1224,1152
206 100 3192,24,1224,1176
207 100 2928,24,1224,1200
208 100 2976,24,1224,1224
209 100 3048,48,1224,1224
210 100 3048,96,1224,1200
211 100 3000,120,1224,1200
212 100 2976,168,1224,1200
213 100 3000,192,1224,1200
214 100 3072,192,1224,1224
215 100 3000,216,1224,1200
216 100 3120,216,1224,1200
217 100 3072,216,1224,1224
218 100 3024,240,1224,1200
219 100 2976,240,1224,1224
220 100 2976,264,1224,1200
221 100 2904,264,1224,1224
222 100 2928,288,1224,1200
223 100 2904,288,1224,1224
224 100 2880,312,1224,1200
225 100 2928,312,1224,1200
226 100 2856,312,1224,1200
227 100 2856,312,1224,1224
228 100 2808,312,1224,1224
229 100 2784,336,1224,1200
230 100 2784,336,1224,1200
231 100 2784,336,1224,1200
232 100 2784,336,1224,1200
233 100 2784,336,1224,1200
234 100 2784,336,1224,1200
235 100 2784,336,1224,1200
236 100 2784,336,1224,1200
237 100 2832,336,1224,1200
238 100 2952,336,1224,1200
239 100 3000,336,1224,1224
240 100 3072,360,1224,1200
241 100 3000,360,1224,1224
242 100 3072,384,1224,1200
243 100 3120,384,1224,1224
244 100 3216,408,1224,1200
245 100 3312,408,1224,1224
246 100 3264,408,1224,1224
247 100 3384,432,1224,1200
248 100 3360,432,1224,1224
249 100 3336,432,1224,1224
250 100 3336,432,1224,1224
251 100 3360,432,1224,1224
252 100 3360,432,1224,1224
253 100 3336,432,1224,1224
254 100 3312,432,1224,1224
255 100 3312,432,1224,1224
256 100 3528,432,1224,1224
257 100 3480,432,1224,1224
258 100 3456,456,1224,1200
259 100 3480,456,1224,1200
260 100 3432,456,1224,1200
261 100 3384,456,1224,1200
262 100 3360,456,1224,1224
263 100 3600,456,1224,1224
264 100 3504,456,1224,1224
265 100 3408,480,1224,1200
266 100 3576,480,1224,1224
267 100 3480,480,1224,1224
268 100 3504,480,1224,1224
269 100 3480,480,1224,1224
270 100 3480,480,1224,1224
271 100 3432,504,1224,1200
272 100 3456,480,1224,1224
273 100 3432,504,1224,1200
274 100 3408,504,1224,1200
275 100 3432,504,1224,1200
276 100 96,504,1224,1224
277 100 72,504,1224,1224
278 100 72,504,1224,1224
279 100 24,504,1224,1224
280 100 0,504,1224,1224
281 100 3480,504,1224,1224
282 100 3456,504,1224,1224
283 100 3456,504,1224,1224
284 100 3408,528,1224,1200
285 100 3408,528,1224,1200
286 100 3408,528,1224,1200
287 100 3408,528,1224,1200
288 100 24,528,1224,1224
289 100 0,528,1224,1224
290 100 0,528,1224,1224
291 100 3528,528,1224,1224
292 100 3528,528,1224,1224
293 100 0,528,1224,1224
294 100 24,528,1224,1224
295 100 48,528,1224,1224
296 100 48,528,1224,1224
297 100 72,552,1224,1200
298 100 72,552,1224,1200
299 100 0,552,1224,1224
300 100 24,552,1224,1224
301 100 48,552,1224,1224
302 100 0,552,1224,1224
303 100 24,552,1224,1224
304 100 0,552,1224,1200
305 100 0,552,1224,1200
306 100 24,552,1224,1200
307 100 0,552,1224,1224
308 100 0,552,1224,1224
309 100 0,552,1224,1224
310 100 24,552,1224,1224
311 100 24,552,1224,1224
312 100 0,552,1224,1200
313 100 0,528,1224,1224
314 100 0,528,1224,1224
315 100 24,552,1224,1200
316 100 0,528,1224,1224
317 100 0,528,1224,1224
318 100 24,528,1224,1224
319 100 0,528,1224,1224
320 100 0,528,1224,1224
321 100 24,552,1224,1200
322 100 24,552,1224,1224
323 100 0,552,1224,1200
324 100 0,528,1224,1224
325 100 0,528,1224,1224
326 100 0,528,1224,1224
327 100 0,528,1224,1224
328 100 0,552,1224,1224
329 100 0,552,1224,1224
330 100 0,552,1224,1224
331 100 24,552,1224,1200
332 100 48,528,1224,1224
333 100 96,552,1224,1224
334 100 120,576,1224,1224
335 100 168,576,1224,1224
336 100 168,552,1224,1224
337 100 192,552,1224,1224
338 100 192,552,1224,1224
339 100 216,552,1224,1224
340 100 240,552,1224,1224
341 100 240,552,1224,1224
342 100 264,552,1224,1224
343 100 288,552,1224,1224
344 100 312,528,1224,1248
345 100 312,528,1224,1248
346 100 336,528,1224,1224
347 100 336,528,1224,1224
348 100 336,528,1224,1224
349 100 336,528,1224,1224
350 100 360,528,1224,1224
351 100 360,528,1224,1224
352 100 360,504,1224,1224
353 100 360,504,1224,1224
354 100 384,504,1224,1224
355 100 408,504,1224,1224
356 100 408,504,1224,1224
357 100 432,504,1224,1224
358 100 456,504,1224,1224
359 100 456,504,1224,1224
360 100 480,504,1224,1224
361 100 480,504,1224,1224
362 100 504,504,1224,1224
363 100 528,504,1224,1224
364 100 528,504,1224,1200
365 100 552,480,1224,1224
366 100 552,480,1224,1224
367 100 576,504,1224,1200
368 100 576,504,1224,1200
369 100 600,504,1224,1200
370 100 624,504,1224,1224
371 100 648,504,1224,1224
372 100 648,504,1224,1224
373 100 672,504,1224,1224
374 100 672,528,1224,1200
375 100 696,528,1224,1224
376 100 696,528,1224,1224
377 100 720,528,1224,1200
378 100 720,528,1224,1224
379 100 720,528,1224,1224
380 100 720,528,1224,1224
381 100 744,528,1224,1224
382 100 744,528,1224,1224
383 100 768,528,1224,1224
384 100 792,528,1224,1224
385 100 816,528,1224,1224
386 100 840,528,1224,1224
387 100 864,552,1224,1200
388 100 888,552,1224,1200
389 100 912,552,1224,1224
390 100 936,552,1224,1224
391 100 960,552,1224,1224
392 100 960,552,1224,1200
393 100 984,552,1224,1200
394 100 984,528,1224,1224
395 100 1008,552,1224,1224
396 100 1032,552,1224,1224
397 100 1032,552,1224,1200
398 100 1056,528,1224,1224
399 100 1056,528,1224,1224
400 100 1080,528,1224,1224
401 100 1080,528,1224,1224
402 100 1080,528,1224,1224
403 100 1104,528,1224,1224
404 100 1128,528,1224,1224
405 100 1128,528,1224,1224
406 100 1152,528,1224,1224
407 100 1152,528,1224,1224
408 100 1176,528,1224,1224
409 100 1200,528,1224,1224
410 100 1224,528,1224,1224
411 100 1224,552,1224,1200
412 100 1248,552,1224,1200
413 100 1248,552,1224,1200
414 100 1248,528,1224,1224
415 100 1272,528,1224,1200
416 100 1272,528,1224,1200
417 100 1272,528,1224,1200
418 100 1272,528,1224,1224
419 100 1272,528,1224,1224
420 100 1272,528,1224,1224
421 100 1296,528,1224,1200
422 100 1296,528,1224,1200
423 100 1296,528,1224,1224
424 100 1296,528,1224,1224
425 100 1296,528,1224,1224
426 100 1296,528,1224,1224
427 100 1320,528,1224,1224
428 100 1320,528,1224,1224
429 100 1320,528,1224,1224
430 100 1320,528,1224,1224
431 100 1320,528,1224,1224
432 100 1320,528,1224,1224
433 100 1320,528,1224,1224
434 100 1320,528,1224,1224
435 100 1320,528,1224,1200
436 100 1320,528,1224,1200
437 100 1320,528,1224,1200
438 100 1296,504,1224,1224
439 100 1296,504,1224,1224
440 100 1296,504,1224,1200
441 100 1296,504,1224,1200
442 100 1320,504,1224,1200
443 100 1344,504,1224,1200
444 100 1344,504,1224,1200
445 100 1368,504,1224,1200
446 100 1392,504,1224,1224
447 100 1392,504,1224,1200
448 100 1392,504,1224,1200
449 100 1416,504,1224,1200
450 100 1416,480,1224,1224
451 100 1416,480,1224,1200
452 100 1416,480,1224,1200
453 100 1440,480,1224,1200
454 100 1440,456,1224,1224
455 100 1440,480,1224,1200
456 100 1464,480,1224,1200
457 100 1440,480,1224,1200
458 100 1416,480,1224,1224
459 100 1392,504,1224,1200
460 100 1368,504,1224,1200
461 100 1368,504,1224,1224
462 100 1368,504,1224,1224
463 100 1368,504,1224,1224
464 100 1368,504,1224,1224
465 100 1368,504,1224,1224
466 100 1368,504,1224,1224
467 100 1368,504,1224,1224
468 100 1368,504,1224,1224
469 100 1368,504,1224,1224
470 100 1344,504,1224,1224
471 100 1344,504,1224,1224
472 100 1344,504,1224,1224
473 100 1344,504,1224,1224
474 100 1344,504,1224,1224
475 100 1344,504,1224,1224
476 100 1344,504,1224,1224
477 100 1344,504,1224,1224
478 100 1344,504,1224,1224
479 100 1344,504,1224,1224
480 100 1344,504,1224,1224
481 100 1344,504,1224,1224
482 100 1344,504,1224,1224
483 100 1344,504,1224,1224
484 100 1344,504,1224,1224
485 100 1344,504,1224,1224
486 100 1344,504,1224,1224
487 100 1344,528,1224,1200
488 100 1344,528,1224,1200
489 100 1344,528,1224,1200
490 100 1344,528,1224,1200
491 100 1320,528,1224,1200
492 100 1320,528,1224,1200
493 100 1320,528,1224,1200
494 100 1320,528,1224,1200
495 100 1344,528,1224,1200
496 100 1344,528,1224,1200
497 100 1344,528,1224,1200
498 100 1344,528,1224,1200
499 100 1344,528,1224,1200
500 100 1344,528,1224,1200
501 100 1344,528,1224,1200
502 100 1344,528,1224,1200
503 100 1344,504,1224,1224
504 100 1344,504,1224,1200
505 100 1320,504,1224,1200
506 100 1320,504,1224,1200
507 100 1320,504,1224,1200
508 100 1320,504,1224,1200
509 100 1320,480,1224,1224
510 100 1320,480,1224,1200
511 100 1320,480,1224,1200
512 100 1320,456,1224,1224
513 100 1320,456,1224,1200
514 100 1296,432,1224,1224
515 100 1272,408,1224,1224
516 100 1248,384,1224,1224
517 100 1224,360,1224,1224
518 100 1200,360,1224,1200
519 100 1176,336,1224,1224
520 100 1176,312,1224,1224
521 100 1152,312,1224,1200
522 100 1128,288,1224,1224
523 100 1128,288,1224,1224
524 100 1128,288,1224,1200
525 100 1104,288,1224,1200
526 100 1104,264,1224,1224
527 100 1104,264,1224,1224
528 100 1104,264,1224,1224
529 100 1104,264,1224,1200
530 100 1104,264,1224,1200
531 100 1104,240,1224,1224
532 100 1104,240,1224,1224
533 100 1104,240,1224,1224
534 100 1104,240,1224,1224
535 100 1104,240,1224,1200
536 100 1104,240,1224,1200
537 100 1104,216,1224,1224
538 100 1104,216,1224,1224
539 100 1080,216,1224,1224
540 100 1080,216,1224,1224
541 100 1080,216,1224,1224
542 100 1080,216,1224,1224
543 100 1080,216,1224,1200
544 100 1080,216,1224,1200
545 100 1080,192,1224,1224
546 100 1056,192,1224,1224
547 100 1056,168,1224,1224
548 100 1032,168,1224,1224
549 100 1032,168,1224,1200
550 100 1032,144,1224,1224
551 100 936,264,1224,1200
552 100 936,264,1224,1224
553 100 912,288,1224,1200
554 100 912,288,1224,1224
555 100 912,312,1224,1200
556 100 912,336,1224,1200
557 100 936,360,1224,1200
558 100 912,360,1224,1224
559 100 912,360,1224,1224
560 100 912,384,1224,1200
561 100 912,384,1224,1200
562 100 912,384,1224,1224
563 100 888,384,1224,1224
564 100 888,384,1224,1224
565 100 888,384,1224,1224
566 100 888,384,1224,1224
567 100 888,384,1224,1224
568 100 888,408,1224,1200
569 100 912,408,1224,1224
570 100 912,408,1224,1200
571 100 912,408,1224,1224
572 100 888,408,1224,1200
573 100 888,408,1224,1224
574 100 864,408,1224,1200
575 100 864,408,1224,1200
576 100 840,408,1224,1224
577 100 840,408,1224,1200
578 100 840,408,1224,1200
579 100 816,408,1224,1200
580 100 816,408,1224,1200
581 100 792,408,1224,1200
582 100 792,408,1224,1200
583 100 792,408,1224,1200
584 100 768,408,1224,1200
585 100 768,408,1224,1200
586 100 744,408,1224,1200
587 100 744,408,1224,1200
588 100 720,384,1224,1224
589 100 720,384,1224,1224
590 100 720,384,1224,1224
591 100 720,384,1224,1224
592 100 696,384,1224,1224
593 100 696,384,1224,1224
594 100 696,384,1224,1224
595 100 696,384,1224,1224
596 100 696,384,1224,1224
597 100 696,384,1224,1224
598 100 672,384,1224,1224
599 100 672,384,1224,1200
600 100 672,384,1224,1200
601 100 672,384,1224,1200
602 100 672,384,1224,1200
603 100 672,384,1224,1200
604 100 672,384,1224,1200
605 100 648,384,1224,1200
606 100 648,384,1224,1200
607 100 648,384,1224,1200
608 100 624,384,1224,1200
609 100 624,384,1224,1200
610 100 624,360,1224,1224
611 100 600,360,1224,1224
612 100 600,360,1224,1224
613 100 600,360,1224,1224
614 100 576,360,1224,1224
615 100 576,360,1224,1224
616 100 576,360,1224,1224
617 100 552,360,1224,1224
618 100 552,360,1224,1200
619 100 552,360,1224,1200
620 100 552,360,1224,1200
621 100 528,360,1224,1200
622 100 528,360,1224,1200
623 100 528,360,1224,1200
624 100 528,360,1224,1200
625 100 528,360,1224,1200
626 100 504,360,1224,1200
627 100 504,360,1224,1200
628 100 504,360,1224,1224
629 100 504,360,1224,1224
630 100 504,384,1224,1200
631 100 504,360,1224,1224
632 100 504,384,1224,1200
633 100 504,384,1224,1200
634 100 504,384,1224,1200
635 100 480,384,1224,1200
636 100 480,384,1224,1200
637 100 480,384,1224,1200
638 100 480,384,1224,1200
639 100 456,384,1224,1200
640 100 456,384,1224,1224
641 100 456,384,1224,1224
642 100 432,384,1224,1224
643 100 432,384,1224,1224
644 100 432,384,1224,1224
645 100 432,384,1224,1224
646 100 432,384,1224,1224
647 100 408,384,1224,1224
648 100 408,384,1224,1224
649 100 408,408,1224,1200
650 100 408,408,1224,1200
651 100 408,408,1224,1200
652 100 384,408,1224,1200
653 100 384,408,1224,1200
654 100 384,408,1224,1200
655 100 384,408,1224,1200
656 100 384,408,1224,1200
657 100 384,408,1224,1200
658 100 384,408,1224,1200
659 100 384,384,1224,1224
660 100 384,384,1224,1224
661 100 384,384,1224,1224
662 100 360,384,1224,1224
663 100 360,384,1224,1224
664 100 360,384,1224,1224
665 100 360,408,1224,1200
666 100 360,408,1224,1200
667 100 360,408,1224,1200
668 100 360,408,1224,1200
669 100 336,408,1224,1200
670 100 336,408,1224,1200
671 100 336,408,1224,1200
672 100 312,408,1224,1200
673 100 312,384,1224,1224
674 100 312,384,1224,1224
675 100 288,384,1224,1224
676 100 288,384,1224,1224
677 100 288,384,1224,1200
678 100 264,384,1224,1200
679 100 264,384,1224,1200
680 100 264,384,1224,1200
681 100 264,384,1224,1200
682 100 264,384,1224,1200
683 100 264,384,1224,1224
684 100 240,384,1224,1200
685 100 240,384,1224,1200
686 100 240,384,1224,1200
687 100 240,384,1224,1200
688 100 216,384,1224,1200
689 100 216,384,1224,1200
690 100 216,384,1224,1200
691 100 216,384,1224,1200
692 100 216,384,1224,1200
693 100 216,384,1224,1200
694 100 216,384,1224,1200
695 100 216,384,1224,1200
696 100 216,384,1224,1224
697 100 216,384,1224,1200
698 100 192,384,1224,1224
699 100 192,384,1224,1224
700 100 192,384,1224,1224
701 100 192,384,1224,1224
702 100 192,408,1224,1200
703 100 192,408,1224,1200
704 100 192,408,1224,1200
705 100 192,408,1224,1200
706 100 192,408,1224,1200
707 100 192,408,1224,1200
708 100 192,408,1224,1200
709 100 192,408,1224,1200
710 100 192,432,1224,1200
711 100 192,432,1224,1200
712 100 216,456,1224,1200
713 100 216,456,1224,1200
714 100 216,480,1224,1200
715 100 216,480,1224,1200
716 100 216,480,1224,1200
717 100 216,480,1224,1224
718 100 216,504,1224,1200
719 100 216,504,1224,1200
720 100 216,504,1224,1224
721 100 216,528,1224,1200
722 100 216,528,1224,1200
723 100 216,528,1224,1224
724 100 192,552,1224,1200
725 100 192,552,1224,1200
726 100 192,552,1224,1200
727 100 192,552,1224,1200
728 100 192,552,1224,1224
729 100 192,576,1224,1200
730 100 192,576,1224,1200
731 100 192,576,1224,1224
732 100 192,576,1224,1224
733 100 168,600,1224,1200
734 100 168,600,1224,1200
735 100 168,600,1224,1224
736 100 168,600,1224,1224
737 100 168,600,1224,1224
738 100 168,600,1224,1224
739 100 168,600,1224,1224
740 100 168,600,1224,1200
741 100 168,600,1224,1200
742 100 168,600,1224,1200
743 100 168,600,1224,1200
744 100 144,600,1224,1200
745 100 144,576,1224,1224
746 100 144,576,1224,1224
747 100 120,576,1224,1200
748 100 120,552,1224,1224
749 100 120,552,1224,1200
750 100 120,528,1224,1224
751 100 120,528,1224,1200
752 100 120,528,1224,1200
753 100 120,504,1224,1224
754 100 120,504,1224,1200
755 100 120,504,1224,1200
756 100 120,480,1224,1224
757 100 120,480,1224,1224
758 100 120,480,1224,1200
759 100 120,456,1224,1224
760 100 120,456,1224,1224
761 100 120,456,1224,1200
762 100 96,432,1224,1224
763 100 96,432,1224,1224
764 100 72,432,1224,1200
765 100 72,432,1224,1200
766 100 72,408,1224,1224
767 100 72,408,1224,1224
768 100 72,408,1224,1224
769 100 48,408,1224,1200
770 100 48,408,1224,1200
771 100 48,408,1224,1200
772 100 48,408,1224,1200
773 100 48,384,1224,1224
774 100 48,384,1224,1224
775 100 48,384,1224,1224
776 100 48,384,1224,1224
777 100 48,384,1224,1200
778 100 48,384,1224,1200
779 100 48,384,1224,1200
780 100 48,360,1224,1224
781 100 48,360,1224,1224
782 100 48,360,1224,1224
783 100 24,360,1224,1200
784 100 24,360,1224,1200
785 100 24,360,1224,1200
786 100 24,336,1224,1224
787 100 24,336,1224,1200
788 100 0,336,1224,1200
789 100 0,312,1224,1224
790 100 0,312,1224,1224
791 100 0,312,1224,1200
792 100 0,312,1224,1200
793 100 0,288,1224,1224
794 100 0,288,1224,1224
795 100 0,288,1224,1200
796 100 0,288,1224,1200
797 100 0,288,1224,1200
798 100 0,264,1224,1224
799 100 0,264,1224,1224
800 100 0,264,1224,1200
801 100 0,240,1224,1224
802 100 0,240,1224,1224
803 100 0,240,1224,1200
804 100 0,240,1224,1200
805 100 0,216,1224,1224
806 100 0,216,1224,1224
807 100 0,216,1224,1200
808 100 0,192,1224,1224
809 100 0,168,1224,1224
810 100 0,168,1224,1224
811 100 0,168,1224,1224
812 100 0,168,1224,1200
813 100 0,144,1224,1224
814 100 0,144,1224,1224
815 100 0,144,1224,1224
816 100 0,144,1224,1200
817 100 0,120,1224,1224
818 100 0,120,1224,1224
819 100 0,120,1224,1224
820 100 0,120,1224,1200
821 100 0,96,1224,1224
822 100 0,96,1224,1224
823 100 0,96,1224,1224
824 100 0,96,1224,1224
825 100 0,96,1224,1224
826 100 0,72,1224,1248
827 100 0,72,1224,1224
828 100 0,72,1224,1224
829 100 0,72,1224,1224
830 100 0,48,1224,1248
831 100 0,48,1224,1224
832 100 0,48,1224,1224
833 100 0,48,1224,1224
834 100 0,24,1224,1224
835 100 0,24,1224,1224
836 100 0,24,1224,1224
837 100 0,24,1224,1224
838 100 0,24,1224,1200
839 100 0,24,1224,1200
840 100 0,24,1224,1200
841 100 0,24,1224,1200
842 100 24,24,1224,1200
843 100 0,24,1224,1200
844 100 0,24,1224,1200
845 100 0,24,1224,1200
846 100 0,24,1224,1176
847 100 24,24,1224,1176
848 100 24,24,1224,1176
849 100 24,24,1224,1176
850 100 0,24,1224,1176
851 100 0,24,1224,1176
852 100 0,24,1224,1176
853 100 24,24,1224,1176
854 100 0,24,1224,1200
855 100 0,24,1224,1200
856 100 0,24,1224,1176
857 100 0,24,1224,1176
858 100 24,24,1224,1176
859 100 24,24,1224,1176
860 100 0,24,1224,1176
861 100 24,24,1224,1176
862 100 0,24,1224,1176
863 100 0,24,1224,1176
864 100 0,24,1224,1176
865 100 0,24,1224,1176
866 100 0,24,1224,1200
867 100 0,24,1224,1200
868 100 0,24,1224,1200
869 100 0,24,1224,1224
870 100 0,24,1224,1224
871 100 0,24,1224,1224
872 100 0,24,1224,1224
873 100 0,24,1224,1224
874 100 24,24,1224,1224
875 100 0,24,1224,1224
876 100 0,24,1224,1248
877 100 24,24,1224,1248
878 100 144,24,1224,1248
879 100 0,24,1224,1272
880 100 336,48,1224,1248
881 100 384,48,1224,1248
882 100 432,72,1224,1248
883 100 456,72,1224,1248
884 100 504,72,1224,1248
885 100 528,96,1224,1248
886 100 576,96,1224,1248
887 100 600,120,1224,1248
888 100 624,120,1224,1248
889 100 672,144,1224,1224
890 100 720,144,1224,1248
891 100 768,168,1224,1224
892 100 792,192,1224,1224
893 100 864,216,1224,1248
894 100 936,264,1224,1224
895 100 1008,312,1224,1224
896 100 1056,336,1224,1224
897 100 1104,360,1224,1224
898 100 1128,384,1224,1224
899 100 1128,384,1224,1224
900 100 1152,384,1224,1224
901 100 1152,360,1224,1248
902 100 1176,384,1224,1224
903 100 1176,384,1224,1224
904 100 1200,384,1224,1224
905 100 1224,408,1224,1224
906 100 1248,408,1224,1224
907 100 1248,432,1224,1224
908 100 1248,456,1224,1224
909 100 1248,480,1224,1224
910 100 1248,504,1224,1224
911 100 1248,528,1224,1224
912 100 1272,552,1224,1224
913 100 1296,552,1224,1224
914 100 1296,576,1224,1224
915 100 1296,600,1224,1224
916 100 1296,624,1224,1200
917 100 1296,624,1224,1224
918 100 1296,648,1224,1224
919 100 1320,672,1224,1200
920 100 1320,672,1224,1224
921 100 1320,696,1224,1224
922 100 1320,720,1224,1200
923 100 1344,720,1224,1224
924 100 1344,744,1224,1200
925 100 1320,744,1224,1224
926 100 1320,768,1224,1200
927 100 1344,768,1224,1224
928 100 1344,768,1224,1224
929 100 1344,792,1224,1200
930 100 1344,792,1224,1224
931 100 1344,792,1224,1224
932 100 1344,816,1224,1200
933 100 1344,816,1224,1200
934 100 1344,816,1224,1224
935 100 1320,816,1224,1224
936 100 1320,816,1224,1224
937 100 1344,840,1224,1224
938 100 1344,840,1224,1224
939 100 1368,840,1224,1224
940 100 1368,840,1224,1200
941 100 1368,840,1224,1200
942 100 1368,840,1224,1224
943 100 1392,864,1224,1200
944 100 1392,864,1224,1224
945 100 1392,864,1224,1224
946 100 1392,864,1224,1224
947 100 1392,864,1224,1224
948 100 1392,864,1224,1224
949 100 1392,864,1224,1224
950 100 1392,864,1224,1224
951 100 1392,864,1224,1224
952 100 1392,864,1224,1224
953 100 1392,864,1224,1224
954 100 1392,864,1224,1224
955 100 1392,864,1224,1224
956 100 1392,864,1224,1224
957 100 1392,864,1224,1224
958 100 1392,864,1224,1224
959 100 1368,864,1224,1224
960 100 1368,864,1224,1224
961 100 1368,864,1224,1224
962 100 1368,888,1224,1200
963 100 1368,888,1224,1224
964 100 1344,888,1224,1224
965 100 1344,912,1224,1224
966 100 1344,912,1224,1224
967 100 1320,936,1224,1200
968 100 1320,936,1224,1224
969 100 1320,960,1224,1200
970 100 1296,960,1224,1200
971 100 1296,984,1224,1176
972 100 1248,984,1224,1176
973 100 1080,984,1224,1176
974 100 1008,984,1224,1176
975 100 912,984,1224,1176
976 100 552,1008,1224,1152
977 100 312,1008,1224,1152
978 100 576,1008,1224,1152
979 100 696,1008,1224,1152
980 100 504,1008,1224,1152
981 100 0,1008,1224,1152
982 100 0,1008,1224,1152
983 100 0,1008,1224,1152
984 100 0,1008,1224,1152
985 100 0,1008,1224,1152
986 100 0,1032,1224,1128
987 100 0,1032,1224,1128
988 100 0,1032,1224,1128
989 100 0,1032,1224,1128
990 100 0,1032,1224,1128
991 100 0,1056,1224,1104
992 100 0,1032,1224,1128
993 100 0,1032,1224,1128
994 100 0,1032,1224,1128
995 100 0,1032,1224,1128
996 100 0,1032,1224,1128
997 100 0,1032,1224,1128
998 100 0,1032,1224,1128
999 100 0,1032,1224,1128
1000 100 0,1032,1224,1128
1001 100 0,1032,1224,1128
1002 100 0,1032,1224,1128
1003 100 0,1032,1224,1128
1004 100 0,1008,1224,1152
1005 100 0,1008,1224,1152
1006 100 0,1008,1224,1152
1007 100 0,1008,1224,1152
1008 100 0,1008,1224,1152
1009 100 0,1008,1224,1152
1010 100 816,984,1224,1176
1011 100 1008,984,1224,1176
1012 100 1128,984,1224,1176
1013 100 1200,984,1224,1176
1014 100 1200,960,1224,1200
1015 100 1224,960,1224,1200
1016 100 1224,960,1224,1200
1017 100 1224,936,1224,1224
1018 100 1248,936,1224,1224
1019 100 1248,936,1224,1200
1020 100 1272,912,1224,1224
1021 100 1296,912,1224,1200
1022 100 1296,888,1224,1200
1023 100 1320,864,1224,1224
1024 100 1320,864,1224,1200
1025 100 1344,840,1224,1200
1026 100 1344,816,1224,1200
1027 100 1344,816,1224,1200
1028 100 1368,792,1224,1224
1029 100 1368,792,1224,1224
1030 100 1368,792,1224,1200
1031 100 1392,768,1224,1224
1032 100 1392,768,1224,1200
1033 100 1416,744,1224,1224
1034 100 1416,744,1224,1224
1035 100 1416,744,1224,1200
1036 100 1416,720,1224,1224
1037 100 1416,720,1224,1224
1038 100 1416,720,1224,1200
1039 100 1440,696,1224,1224
1040 100 1440,696,1224,1200
1041 100 1440,672,1224,1224
1042 100 1440,672,1224,1200
1043 100 1464,648,1224,1224
1044 100 1464,648,1224,1200
1045 100 1464,624,1224,1224
1046 100 1464,624,1224,1224
1047 100 1464,624,1224,1200
1048 100 1464,624,1224,1200
1049 100 1464,624,1224,1200
1050 100 1464,624,1224,1200
1051 100 1464,624,1224,1200
1052 100 1464,624,1224,1200
1053 100 1464,600,1224,1224
1054 100 1464,624,1224,1200
1055 100 1464,624,1224,1200
1056 100 1464,624,1224,1200
1057 100 1440,600,1224,1224
1058 100 1440,600,1224,1224
1059 100 1440,600,1224,1224
1060 100 1440,600,1224,1200
1061 100 1440,600,1224,1200
1062 100 1440,600,1224,1200
1063 100 1440,600,1224,1200
1064 100 1440,600,1224,1200
1065 100 1440,600,1224,1200
1066 100 1440,576,1224,1224
1067 100 1440,576,1224,1224
1068 100 1464,576,1224,1224
1069 100 1464,576,1224,1200
1070 100 1464,576,1224,1200
1071 100 1464,576,1224,1200
1072 100 1488,576,1224,1200
1073 100 1488,552,1224,1224
1074 100 1488,552,1224,1224
1075 100 1512,552,1224,1200
1076 100 1512,552,1224,1200
1077 100 1536,552,1224,1200
1078 100 1536,552,1224,1200
1079 100 1560,552,1224,1200
1080 100 1560,552,1224,1200
1081 100 1560,528,1224,1224
1082 100 1584,528,1224,1224
1083 100 1608,528,1224,1224
1084 100 1608,528,1224,1224
1085 100 1632,528,1224,1224
1086 100 1632,528,1224,1200
1087 100 1656,528,1224,1200
1088 100 1656,528,1224,1200
1089 100 1656,528,1224,1200
1090 100 1656,504,1224,1224
1091 100 1656,504,1224,1224
1092 100 1656,504,1224,1224
1093 100 1656,504,1224,1224
1094 100 1656,504,1224,1200
1095 100 1656,504,1224,1200
1096 100 1656,504,1224,1200
1097 100 1632,504,1224,1224
1098 100 1608,504,1224,1224
1099 100 1560,504,1224,1224
1100 100 1512,504,1224,1224
1101 100 1464,504,1224,1224
1102 100 1440,528,1224,1200
1103 100 1416,504,1224,1224
1104 100 1392,504,1224,1224
1105 100 1392,504,1224,1224
1106 100 1368,528,1224,1200
1107 100 1368,528,1224,1200
1108 100 1344,504,1224,1224
1109 100 1320,504,1224,1224
1110 100 1296,504,1224,1224
1111 100 1296,504,1224,1224
1112 100 1272,504,1224,1224
1113 100 1272,504,1224,1224
1114 100 1248,504,1224,1224
1115 100 1224,504,1224,1224
1116 100 1224,528,1224,1200
1117 100 1200,528,1224,1200
1118 100 1200,528,1224,1200
1119 100 1176,528,1224,1224
1120 100 1152,552,1224,1200
1121 100 1152,552,1224,1200
1122 100 1128,552,1224,1224
1123 100 1128,552,1224,1224
1124 100 1104,552,1224,1224
1125 100 1104,552,1224,1224
1126 100 1080,552,1224,1224
1127 100 1056,552,1224,1224
1128 100 1032,576,1224,1200
1129 100 1008,576,1224,1224
1130 100 1008,576,1224,1224
1131 100 984,576,1224,1224
1132 100 960,576,1224,1224
1133 100 960,600,1224,1200
1134 100 912,600,1224,1224
1135 100 912,624,1224,1200
1136 100 888,624,1224,1200
1137 100 864,648,1224,1200
1138 100 840,648,1224,1200
1139 100 816,672,1224,1200
1140 100 792,672,1224,1224
1141 100 792,672,1224,1200
1142 100 768,672,1224,1200
1143 100 744,672,1224,1224
1144 100 720,696,1224,1200
1145 100 696,696,1224,1200
1146 100 672,696,1224,1200
1147 100 648,696,1224,1200
1148 100 624,696,1224,1200
1149 100 600,696,1224,1224
1150 100 576,720,1224,1200
1151 100 576,696,1224,1224
1152 100 552,696,1224,1224
1153 100 552,696,1224,1224
1154 100 528,720,1224,1200
1155 100 528,720,1224,1200
1156 100 528,696,1224,1224
1157 100 504,696,1224,1224
1158 100 504,696,1224,1224
1159 100 504,696,1224,1224
1160 100 504,696,1224,1224
1161 100 504,696,1224,1224
1162 100 504,696,1224,1224
1163 100 504,720,1224,1200
1164 100 504,720,1224,1200
1165 100 528,720,1224,1200
1166 100 528,720,1224,1200
1167 100 528,720,1224,1200
1168 100 528,720,1224,1200
1169 100 528,720,1224,1200
1170 100 528,720,1224,1200
1171 100 528,720,1224,1200
1172 100 528,720,1224,1200
1173 100 528,720,1224,1224
1174 100 528,720,1224,1224
1175 100 528,720,1224,1224
1176 100 528,720,1224,1224
1177 100 528,720,1224,1224
1178 100 528,720,1224,1224
1179 100 528,720,1224,1224
1180 100 528,720,1224,1224
1181 100 528,720,1224,1224
1182 100 528,720,1224,1224
1183 100 528,720,1224,1224
1184 100 528,720,1224,1224
1185 100 528,720,1224,1224
1186 100 528,720,1224,1224
1187 100 528,744,1224,1200
1188 100 528,744,1224,1200
1189 100 528,744,1224,1200
1190 100 528,744,1224,1200
1191 100 528,744,1224,1200
1192 100 528,744,1224,1200
1193 100 528,720,1224,1224
1194 100 528,720,1224,1224
1195 100 528,720,1224,1224
1196 100 552,720,1224,1224
1197 100 552,720,1224,1224
1198 100 552,720,1224,1224
1199 100 552,720,1224,1224
1200 100 552,720,1224,1224
1201 100 552,720,1224,1224
1202 100 552,720,1224,1224
1203 100 552,720,1224,1224
1204 100 552,720,1224,1224
1205 100 552,720,1224,1224
1206 100 552,720,1224,1224
1207 100 552,720,1224,1224
1208 100 552,720,1224,1224
1209 100 552,720,1224,1224
1210 100 552,720,1224,1224
1211 100 552,720,1224,1224
1212 100 552,720,1224,1224
1213 100 552,720,1224,1224
1214 100 552,720,1224,1224
1215 100 552,720,1224,1224
1216 100 552,720,1224,1224
1217 100 552,720,1224,1224
1218 100 552,720,1224,1224
1219 100 552,720,1224,1200
1220 100 552,720,1224,1200
1221 100 552,720,1224,1200
1222 100 552,720,1224,1200
1223 100 552,720,1224,1200
1224 100 576,720,1224,1200
1225 100 576,720,1224,1200
1226 100 576,696,1224,1224
1227 100 576,696,1224,1224
1228 100 576,696,1224,1224
1229 100 576,696,1224,1224
1230 100 576,696,1224,1224
1231 100 576,696,1224,1224
1232 100 576,696,1224,1224
1233 100 576,696,1224,1224
1234 100 576,696,1224,1224
1235 100 576,696,1224,1224
1236 100 576,696,1224,1224
1237 100 576,696,1224,1224
1238 100 600,696,1224,1224
1239 100 600,696,1224,1200
1240 100 600,696,1224,1200
1241 100 600,696,1224,1200
1242 100 600,696,1224,1200
1243 100 600,696,1224,1200
1244 100 600,696,1224,1200
1245 100 600,696,1224,1200
1246 100 600,696,1224,1200
1247 100 600,696,1224,1200
1248 100 600,696,1224,1200
1249 100 600,696,1224,1200
1250 100 600,696,1224,1200
1251 100 600,696,1224,1200
1252 100 600,696,1224,1200
1253 100 600,696,1224,1200
1254 100 600,696,1224,1200
1255 100 600,696,1224,1200
1256 100 600,672,1224,1224
1257 100 600,672,1224,1224
1258 100 624,672,1224,1224
1259 100 624,672,1224,1224
1260 100 648,672,1224,1224
1261 100 672,672,1224,1224
1262 100 696,672,1224,1224
1263 100 720,672,1224,1224
1264 100 768,672,1224,1224
1265 100 792,672,1224,1224
1266 100 816,672,1224,1200
1267 100 816,648,1224,1224
1268 100 816,648,1224,1224
1269 100 840,648,1224,1200
1270 100 864,648,1224,1200
1271 100 888,648,1224,1200
1272 100 888,648,1224,1200
1273 100 912,648,1224,1200
1274 100 912,648,1224,1200
1275 100 936,648,1224,1200
1276 100 936,648,1224,1200
1277 100 936,648,1224,1200
1278 100 960,648,1224,1224
1279 100 960,672,1224,1200
1280 100 936,696,1224,1200
1281 100 960,696,1224,1200
1282 100 960,696,1224,1224
1283 100 936,696,1224,1224
1284 100 936,696,1224,1224
1285 100 936,696,1224,1224
1286 100 936,696,1224,1224
1287 100 936,720,1224,1200
1288 100 936,720,1224,1224
1289 100 936,720,1224,1224
1290 100 936,744,1224,1200
1291 100 936,744,1224,1224
1292 100 936,744,1224,1224
1293 100 912,744,1224,1224
1294 100 912,744,1224,1224
1295 100 912,744,1224,1224
1296 100 888,744,1224,1224
1297 100 888,744,1224,1224
1298 100 888,744,1224,1224
1299 100 864,744,1224,1224
1300 100 864,744,1224,1224
1301 100 864,744,1224,1224
1302 100 864,744,1224,1224
1303 100 840,744,1224,1224
1304 100 840,768,1224,1200
1305 100 840,768,1224,1200
1306 100 840,744,1224,1224
1307 100 840,744,1224,1224
1308 100 816,744,1224,1224
1309 100 816,744,1224,1224
1310 100 816,744,1224,1224
1311 100 816,744,1224,1224
1312 100 792,744,1224,1224
1313 100 792,744,1224,1224
1314 100 792,744,1224,1224
1315 100 768,744,1224,1224
1316 100 768,744,1224,1224
1317 100 744,744,1224,1224
1318 100 744,744,1224,1224
1319 100 720,744,1224,1224
1320 100 720,744,1224,1224
1321 100 696,744,1224,1224
1322 100 696,744,1224,1224
1323 100 672,744,1224,1224
1324 100 672,744,1224,1200
1325 100 648,744,1224,1200
1326 100 648,744,1224,1200
1327 100 648,744,1224,1200
1328 100 624,744,1224,1200
1329 100 624,744,1224,1200
1330 100 624,744,1224,1200
1331 100 600,744,1224,1200
1332 100 600,744,1224,1200
1333 100 600,744,1224,1200
1334 100 600,744,1224,1224
1335 100 600,744,1224,1224
1336 100 600,744,1224,1224
1337 100 600,744,1224,1224
1338 100 600,744,1224,1224
1339 100 576,768,1224,1224
1340 100 576,792,1224,1200
1341 100 576,792,1224,1200
1342 100 576,792,1224,1224
1343 100 576,792,1224,1224
1344 100 552,792,1224,1224
1345 100 552,792,1224,1224
1346 100 552,792,1224,1224
1347 100 552,816,1224,1200
1348 100 552,816,1224,1200
1349 100 552,816,1224,1200
1350 100 552,816,1224,1200
1351 100 552,816,1224,1200
1352 100 552,816,1224,1200
1353 100 528,816,1224,1224
1354 100 528,816,1224,1224
1355 100 528,816,1224,1224
1356 100 528,816,1224,1224
1357 100 528,816,1224,1224
1358 100 528,816,1224,1224
1359 100 528,816,1224,1224
1360 100 528,816,1224,1224
1361 100 528,816,1224,1224
1362 100 528,816,1224,1224
1363 100 528,816,1224,1224
1364 100 528,816,1224,1224
1365 100 528,816,1224,1224
1366 100 528,840,1224,1200
1367 100 528,840,1224,1200
1368 100 528,840,1224,1200
1369 100 528,840,1224,1200
1370 100 528,840,1224,1200
1371 100 528,840,1224,1224
1372 100 528,840,1224,1224
1373 100 528,840,1224,1224
1374 100 528,840,1224,1224
1375 100 528,840,1224,1224
1376 100 528,840,1224,1224
1377 100 528,840,1224,1224
1378 100 528,840,1224,1224
1379 100 528,840,1224,1224
1380 100 504,840,1224,1224
1381 100 504,840,1224,1224
1382 100 504,840,1224,1224
1383 100 504,840,1224,1224
1384 100 504,840,1224,1224
1385 100 504,840,1224,1224
1386 100 504,840,1224,1224
1387 100 504,840,1224,1224
1388 100 504,840,1224,1224
1389 100 504,864,1224,1200
1390 100 480,864,1224,1224
1391 100 480,864,1224,1224
1392 100 456,864,1224,1224
1393 100 432,864,1224,1224
1394 100 432,864,1224,1224
1395 100 408,888,1224,1200
1396 100 384,888,1224,1224
1397 100 384,888,1224,1224
1398 100 360,888,1224,1224
1399 100 336,888,1224,1224
1400 100 336,888,1224,1248
1401 100 312,912,1224,1224
1402 100 312,912,1224,1224
1403 100 288,912,1224,1224
1404 100 288,912,1224,1224
1405 100 264,888,1224,1248
1406 100 240,888,1224,1248
1407 100 240,888,1224,1248
1408 100 240,888,1224,1248
1409 100 240,888,1224,1248
1410 100 216,912,1224,1224
1411 100 216,888,1224,1248
1412 100 216,888,1224,1248
1413 100 216,888,1224,1248
1414 100 192,888,1224,1248
1415 100 192,888,1224,1248
1416 100 192,888,1224,1248
1417 100 168,888,1224,1224
1418 100 168,888,1224,1224
1419 100 168,864,1224,1248
1420 100 144,864,1224,1248
1421 100 144,864,1224,1248
1422 100 120,864,1224,1224
1423 100 120,840,1224,1248
1424 100 120,840,1224,1248
1425 100 96,840,1224,1248
1426 100 96,816,1224,1248
1427 100 72,816,1224,1248
1428 100 72,816,1224,1248
1429 100 72,792,1224,1248
1430 100 48,792,1224,1248
1431 100 48,792,1224,1248
1432 100 48,768,1224,1248
1433 100 48,768,1224,1248
1434 100 48,744,1224,1272
1435 100 24,744,1224,1248
1436 100 24,744,1224,1248
1437 100 24,744,1224,1248
1438 100 48,744,1224,1224
1439 100 48,720,1224,1248
1440 100 48,696,1224,1248
1441 100 48,696,1224,1248
1442 100 48,672,1224,1248
1443 100 48,672,1224,1248
1444 100 48,672,1224,1248
1445 100 48,672,1224,1248
1446 100 48,672,1224,1248
1447 100 48,672,1224,1248
1448 100 24,672,1224,1224
1449 100 24,672,1224,1224
1450 100 24,648,1224,1248
1451 100 24,648,1224,1248
1452 100 24,648,1224,1248
1453 100 48,648,1224,1224
1454 100 48,648,1224,1224
1455 100 48,648,1224,1224
1456 100 48,648,1224,1224
1457 100 48,624,1224,1248
1458 100 48,624,1224,1248
1459 100 72,624,1224,1248
1460 100 72,624,1224,1224
1461 100 72,624,1224,1224
1462 100 72,624,1224,1224
1463 100 96,624,1224,1224
1464 100 96,600,1224,1248
1465 100 120,600,1224,1224
1466 100 120,600,1224,1224
1467 100 120,600,1224,1224
1468 100 144,600,1224,1224
1469 100 144,600,1224,1224
1470 100 144,600,1224,1224
1471 100 144,600,1224,1224
1472 100 144,600,1224,1224
1473 100 144,600,1224,1224
1474 100 144,600,1224,1224
1475 100 144,600,1224,1224
1476 100 144,576,1224,1224
1477 100 144,576,1224,1224
1478 100 144,576,1224,1224
1479 100 144,576,1224,1224
1480 100 144,576,1224,1224
1481 100 144,552,1224,1224
1482 100 144,552,1224,1224
1483 100 120,552,1224,1224
1484 100 96,528,1224,1224
1485 100 96,528,1224,1224
1486 100 72,504,1224,1224
1487 100 48,504,1224,1224
1488 100 48,504,1224,1224
1489 100 24,504,1224,1224
1490 100 0,480,1224,1224
1491 100 0,480,1224,1224
1492 100 0,480,1224,1224
1493 100 0,480,1224,1224
1494 100 0,480,1224,1224
1495 100 0,456,1224,1224
1496 100 24,456,1224,1224
1497 100 0,456,1224,1224
1498 100 0,432,1224,1224
1499 100 24,432,1224,1224
1500 100 0,408,1224,1248
1501 100 0,408,1224,1248
1502 100 24,408,1224,1224
1503 100 0,408,1224,1248
1504 100 0,408,1224,1248
1505 100 24,432,1224,1224
1506 100 0,432,1224,1224
1507 100 24,432,1224,1224
1508 100 24,432,1224,1224
1509 100 0,432,1224,1248
1510 100 24,456,1224,1224
1511 100 0,456,1224,1224
1512 100 24,456,1224,1224
1513 100 0,480,1224,1224
1514 100 0,480,1224,1224
1515 100 0,480,1224,1248
1516 100 24,504,1224,1224
1517 100 0,528,1224,1224
1518 100 0,528,1224,1224
1519 100 0,528,1224,1248
1520 100 0,552,1224,1224
1521 100 0,552,1224,1224
1522 100 0,552,1224,1224
1523 100 0,552,1224,1224
1524 100 24,576,1224,1224
1525 100 24,576,1224,1224
1526 100 24,576,1224,1224
1527 100 24,576,1224,1224
1528 100 0,576,1224,1224
1529 100 24,576,1224,1224
1530 100 0,576,1224,1224
1531 100 48,576,1224,1224
1532 100 24,576,1224,1224
1533 100 0,576,1224,1224
1534 100 48,600,1224,1224
1535 100 0,600,1224,1224
1536 100 48,600,1224,1248
1537 100 24,624,1224,1224
1538 100 0,624,1224,1224
1539 100 48,648,1224,1224
1540 100 0,648,1224,1224
1541 100 24,672,1224,1224
1542 100 48,672,1224,1224
1543 100 24,696,1224,1224
1544 100 24,696,1224,1224
1545 100 0,696,1224,1224
1546 100 24,696,1224,1248
1547 100 24,720,1224,1248
1548 100 24,744,1224,1224
1549 100 48,768,1224,1224
1550 100 96,768,1224,1224
1551 100 24,792,1224,1224
1552 100 72,792,1224,1224
1553 100 24,792,1224,1248
1554 100 48,792,1224,1248
1555 100 0,792,1224,1248
1556 100 120,792,1224,1248
1557 100 0,792,1224,1248
1558 100 48,792,1224,1248
1559 100 24,792,1224,1248
1560 100 48,792,1224,1224
1561 100 72,792,1224,1224
1562 100 72,792,1224,1224
1563 100 24,792,1224,1248
1564 100 0,792,1224,1248
1565 100 168,816,1224,1224
1566 100 120,816,1224,1224
1567 100 96,816,1224,1224
1568 100 96,816,1224,1224
1569 100 144,816,1224,1224
1570 100 120,816,1224,1224
1571 100 144,792,1224,1248
1572 100 3240,792,1224,1224
1573 100 3288,792,1224,1224
1574 100 3336,792,1224,1224
1575 100 3336,792,1224,1224
1576 100 3360,792,1224,1224
1577 100 3384,792,1224,1224
1578 100 3336,792,1224,1224
1579 100 3312,792,1224,1224
1580 100 3312,792,1224,1224
1581 100 3312,792,1224,1224
1582 100 3312,792,1224,1224
1583 100 3336,792,1224,1224
1584 100 3360,792,1224,1224
1585 100 3336,792,1224,1224
1586 100 3312,792,1224,1224
1587 100 3384,792,1224,1224
1588 100 3384,792,1224,1224
1589 100 3432,792,1224,1224
1590 100 3504,792,1224,1224
1591 100 24,792,1224,1224
1592 100 72,768,1224,1248
1593 100 3264,768,1224,1224
1594 100 3288,768,1224,1224
1595 100 0,768,1224,1224
1596 100 3312,744,1224,1224
1597 100 0,720,1224,1224
1598 100 0,720,1224,1200
1599 100 72,696,1224,1224
1600 100 0,696,1224,1224
1601 100 24,696,1224,1224
1602 100 72,672,1224,1224
1603 100 0,672,1224,1224
1604 100 48,648,1224,1224
1605 100 24,648,1224,1224
1606 100 72,624,1224,1224
1607 100 24,624,1224,1224
1608 100 48,624,1224,1224
1609 100 0,600,1224,1224
1610 100 48,600,1224,1224
1611 100 72,576,1224,1224
1612 100 48,552,1224,1224
1613 100 0,504,1224,1224
1614 100 24,504,1224,1224
1615 100 0,504,1224,1224
1616 100 48,528,1224,1224
1617 100 0,528,1224,1224
1618 100 0,528,1224,1224
1619 100 24,528,1224,1224
1620 100 48,528,1224,1224
1621 100 72,504,1224,1224
1622 100 72,504,1224,1224
1623 100 72,528,1224,1200
1624 100 48,528,1224,1200
1625 100 48,528,1224,1200
1626 100 48,528,1224,1200
1627 100 48,528,1224,1200
1628 100 48,528,1224,1200
1629 100 48,528,1224,1200
1630 100 48,528,1224,1224
1631 100 48,528,1224,1224
1632 100 24,528,1224,1224
1633 100 48,552,1224,1200
1634 100 24,552,1224,1224
1635 100 24,552,1224,1224
1636 100 24,576,1224,1224
1637 100 24,576,1224,1224
1638 100 24,576,1224,1224
1639 100 24,600,1224,1200
1640 100 0,600,1224,1224
1641 100 0,648,1224,1200
1642 100 24,648,1224,1224
1643 100 0,672,1224,1224
1644 100 0,672,1224,1224
1645 100 0,696,1224,1200
1646 100 0,696,1224,1224
1647 100 24,720,1224,1200
1648 100 0,720,1224,1224
1649 100 0,720,1224,1224
1650 100 0,744,1224,1224
1651 100 0,744,1224,1224
1652 100 0,744,1224,1224
1653 100 0,744,1224,1200
1654 100 0,720,1224,1224
1655 100 0,720,1224,1224
1656 100 0,720,1224,1224
1657 100 0,720,1224,1224
1658 100 0,720,1224,1224
1659 100 0,720,1224,1224
1660 100 0,720,1224,1224
1661 100 0,720,1224,1224
1662 100 0,720,1224,1200
1663 100 0,720,1224,1200
1664 100 0,720,1224,1200
1665 100 0,720,1224,1200
1666 100 24,720,1224,1200
1667 100 24,720,1224,1200
1668 100 24,720,1224,1200
1669 100 48,720,1224,1200
1670 100 48,720,1224,1200
1671 100 48,720,1224,1200
1672 100 72,696,1224,1224
1673 100 72,720,1224,1200
1674 100 96,720,1224,1200
1675 100 96,720,1224,1200
1676 100 120,720,1224,1200
1677 100 120,720,1224,1224
1678 100 144,720,1224,1224
1679 100 144,720,1224,1200
1680 100 144,720,1224,1224
1681 100 168,720,1224,1200
1682 100 168,720,1224,1224
1683 100 168,720,1224,1224
1684 100 168,720,1224,1224
1685 100 168,720,1224,1224
1686 100 192,720,1224,1224
1687 100 192,720,1224,1224
1688 100 192,720,1224,1224
1689 100 192,720,1224,1224
1690 100 192,720,1224,1224
1691 100 192,720,1224,1224
1692 100 168,720,1224,1224
1693 100 168,720,1224,1224
1694 100 168,720,1224,1224
1695 100 168,720,1224,1224
1696 100 144,720,1224,1224
1697 100 144,720,1224,1224
1698 100 144,720,1224,1224
1699 100 144,720,1224,1224
1700 100 120,720,1224,1224
1701 100 120,720,1224,1224
1702 100 120,720,1224,1224
1703 100 120,720,1224,1224
1704 100 96,720,1224,1224
1705 100 96,720,1224,1224
1706 100 72,720,1224,1224
1707 100 72,720,1224,1224
1708 100 72,720,1224,1224
1709 100 48,720,1224,1224
1710 100 48,720,1224,1224
1711 100 48,720,1224,1224
1712 100 48,720,1224,1224
1713 100 24,720,1224,1224
1714 100 24,720,1224,1224
1715 100 0,720,1224,1224
1716 100 0,720,1224,1224
1717 100 0,720,1224,1224
1718 100 0,720,1224,1224
1719 100 0,720,1224,1224
1720 100 0,720,1224,1224
1721 100 0,720,1224,1224
1722 100 0,720,1224,1224
1723 100 0,720,1224,1224
1724 100 0,720,1224,1224
1725 100 0,720,1224,1224
1726 100 0,720,1224,1224
1727 100 0,720,1224,1224
1728 100 0,720,1224,1224
1729 100 0,720,1224,1224
1730 100 0,720,1224,1224
1731 100 0,720,1224,1224
1732 100 0,720,1224,1224
1733 100 0,720,1224,1224
1734 100 0,720,1224,1224
1735 100 0,720,1224,1200
1736 100 0,720,1224,1200
1737 100 24,696,1224,1224
1738 100 24,696,1224,1200
1739 100 24,696,1224,1200
1740 100 0,672,1224,1224
1741 100 0,672,1224,1200
1742 100 0,672,1224,1200
1743 100 0,648,1224,1224
1744 100 24,648,1224,1224
1745 100 0,648,1224,1200
1746 100 0,624,1224,1224
1747 100 0,624,1224,1224
1748 100 24,624,1224,1224
1749 100 24,624,1224,1200
1750 100 0,624,1224,1224
1751 100 48,624,1224,1200
1752 100 24,600,1224,1224
1753 100 0,600,1224,1224
1754 100 72,600,1224,1224
1755 100 48,600,1224,1224
1756 100 48,600,1224,1224
1757 100 72,576,1224,1224
1758 100 48,576,1224,1224
1759 100 24,576,1224,1224
1760 100 72,576,1224,1224
1761 100 48,576,1224,1224
1762 100 24,576,1224,1224
1763 100 48,576,1224,1224
1764 100 48,576,1224,1224
1765 100 72,576,1224,1224
1766 100 3360,576,1224,1200
1767 100 3384,576,1224,1200
1768 100 3432,552,1224,1224
1769 100 3408,552,1224,1224
1770 100 3480,552,1224,1224
1771 100 3504,552,1224,1224
1772 100 3480,552,1224,1224
1773 100 3552,552,1224,1224
1774 100 3600,552,1224,1224
1775 100 3384,552,1224,1200
1776 100 3384,552,1224,1200
