0 100 744,864,1224,1200
1 100 744,864,1224,1224
2 100 720,864,1224,1224
3 100 720,864,1224,1224
4 100 720,888,1224,1200
5 100 696,888,1224,1224
6 100 696,888,1224,1224
7 100 696,888,1224,1200
8 100 720,888,1224,1200
9 100 720,888,1224,1200
10 100 720,888,1224,1200
11 100 720,888,1224,1200
12 100 720,888,1224,1200
13 100 720,888,1224,1200
14 100 720,888,1224,1200
15 100 744,864,1224,1224
16 100 744,864,1224,1200
17 100 744,864,1224,1200
18 100 792,840,1224,1200
19 100 768,840,1224,1200
20 100 792,816,1224,1224
21 100 840,792,1224,1224
22 100 816,816,1224,1200
23 100 816,816,1224,1224
24 100 816,840,1224,1200
25 100 768,864,1224,1200
26 100 768,888,1224,1200
27 100 768,888,1224,1224
28 100 768,888,1224,1224
29 100 768,888,1224,1224
30 100 768,912,1224,1200
31 100 816,864,1224,1224
32 100 840,864,1224,1224
33 100 864,888,1224,1200
34 100 864,888,1224,1224
35 100 888,912,1224,1200
36 100 912,936,1224,1200
37 100 912,960,1224,1200
38 100 0,1008,1224,1152
39 100 0,1056,1224,1104
40 100 0,1080,1224,1080
41 100 0,1104,1224,1056
42 100 0,1104,1224,1056
43 100 0,1104,1224,1056
44 100 0,1104,1224,1056
45 100 0,1104,1224,1056
46 100 0,1080,1224,1080
47 100 0,1080,1224,1080
48 100 0,1104,1224,1056
49 100 0,1104,1224,1056
50 100 0,1104,1224,1056
51 100 0,1104,1224,1056
52 100 0,1104,1224,1056
53 100 0,1104,1224,1056
54 100 0,1128,1224,1032
55 100 0,1128,1224,1032
56 100 0,1128,1224,1032
57 100 0,1104,1224,1056
58 100 0,1056,1224,1104
59 100 816,984,1224,1176
60 100 888,912,1224,1224
61 100 936,840,1224,1200
62 100 1008,768,1224,1200
63 100 1032,696,1224,1200
64 100 1080,672,1224,1200
65 100 1080,648,1224,1200
66 100 1104,624,1224,1200
67 100 1128,600,1224,1200
68 100 1128,576,1224,1200
69 100 1128,552,1224,1224
70 100 1152,552,1224,1200
71 100 1152,504,1224,1224
72 100 1152,480,1224,1224
73 100 1152,480,1224,1200
74 100 1128,456,1224,1224
75 100 1128,456,1224,1200
76 100 1128,432,1224,1224
77 100 1128,432,1224,1224
78 100 1104,432,1224,1200
79 100 1104,408,1224,1224
80 100 1080,408,1224,1200
81 100 1080,384,1224,1200
82 100 1080,360,1224,1224
83 100 1056,360,1224,1200
84 100 1056,360,1224,1200
85 100 1056,336,1224,1224
86 100 1056,336,1224,1224
87 100 1056,336,1224,1200
88 100 1056,336,1224,1200
89 100 1056,336,1224,1200
90 100 1056,336,1224,1200
91 100 1056,336,1224,1200
92 100 1056,336,1224,1200
93 100 1056,336,1224,1200
94 100 1056,336,1224,1224
95 100 1080,360,1224,1200
96 100 1104,360,1224,1224
97 100 1128,384,1224,1200
98 100 1176,408,1224,1200
99 100 1200,432,1224,1200
100 100 1248,456,1224,1200
101 100 1296,480,1224,1200
102 100 1344,504,1224,1200
103 100 1392,504,1224,1224
104 100 1416,528,1224,1200
105 100 1464,528,1224,1200
106 100 1488,528,1224,1200
107 100 1512,528,1224,1200
108 100 1536,528,1224,1200
109 100 1560,528,1224,1200
110 100 1584,528,1224,1200
111 100 1584,528,1224,1224
112 100 1584,552,1224,1200
113 100 1608,552,1224,1200
114 100 1608,552,1224,1200
115 100 1632,552,1224,1200
116 100 1656,552,1224,1200
117 100 1656,576,1224,1200
118 100 1656,576,1224,1200
119 100 1656,576,1224,1200
120 100 1656,576,1224,1200
121 100 1656,576,1224,1200
122 100 1632,552,1224,1224
123 100 1608,576,1224,1200
124 100 1560,576,1224,1224
125 100 1488,600,1224,1224
126 100 1368,624,1224,1224
127 100 1248,648,1224,1200
128 100 1128,624,1224,1224
129 100 1032,624,1224,1200
130 100 912,624,1224,1200
131 100 792,624,1224,1200
132 100 696,600,1224,1224
133 100 600,600,1224,1200
134 100 528,576,1224,1224
135 100 432,576,1224,1224
136 100 336,576,1224,1224
137 100 264,600,1224,1200
138 100 168,600,1224,1200
139 100 120,600,1224,1200
140 100 72,600,1224,1200
141 100 24,600,1224,1200
142 100 0,600,1224,1200
143 100 0,600,1224,1200
144 100 0,600,1224,1200
145 100 0,600,1224,1200
146 100 0,600,1224,1200
147 100 0,600,1224,1200
148 100 0,600,1224,1200
149 100 0,600,1224,1200
150 100 0,600,1224,1200
151 100 0,600,1224,1224
152 100 0,600,1224,1224
153 100 0,600,1224,1224
154 100 0,624,1224,1200
155 100 0,624,1224,1200
156 100 24,624,1224,1224
157 100 72,648,1224,1200
158 100 144,672,1224,1224
159 100 240,720,1224,1224
160 100 336,768,1224,1200
161 100 480,768,1224,1200
162 100 600,768,1224,1224
163 100 720,744,1224,1224
164 100 840,720,1224,1224
165 100 936,696,1224,1224
166 100 984,672,1224,1224
167 100 984,672,1224,1224
168 100 960,672,1224,1224
169 100 912,696,1224,1200
170 100 864,696,1224,1200
171 100 816,696,1224,1200
172 100 792,696,1224,1200
173 100 768,696,1224,1200
174 100 744,672,1224,1224
175 100 696,672,1224,1224
176 100 624,672,1224,1224
177 100 528,672,1224,1224
178 100 456,672,1224,1200
179 100 384,672,1224,1200
180 100 336,672,1224,1200
181 100 312,672,1224,1224
182 100 288,672,1224,1224
183 100 264,672,1224,1224
184 100 264,696,1224,1200
185 100 240,696,1224,1224
186 100 216,720,1224,1200
187 100 192,720,1224,1224
188 100 144,744,1224,1200
189 100 96,744,1224,1224
190 100 0,768,1224,1200
191 100 0,768,1224,1200
192 100 0,744,1224,1224
193 100 24,744,1224,1200
194 100 24,720,1224,1224
195 100 48,720,1224,1200
196 100 0,720,1224,1200
197 100 3336,696,1224,1200
198 100 3480,672,1224,1224
199 100 3360,672,1224,1200
200 100 3480,648,1224,1224
201 100 3408,648,1224,1200
202 100 3576,624,1224,1224
203 100 3648,624,1224,1224
204 100 3528,624,1224,1224
205 100 3432,648,1224,1200
206 100 3384,648,1224,1200
207 100 3360,648,1224,1200
208 100 3672,648,1224,1224
209 100 3576,648,1224,1224
210 100 3456,672,1224,1200
211 100 3432,672,1224,1200
212 100 3408,672,1224,1200
213 100 3456,672,1224,1200
214 100 3528,672,1224,1200
215 100 3552,648,1224,1224
216 100 3504,648,1224,1224
217 100 3720,672,1224,1224
218 100 48,696,1224,1224
219 100 0,720,1224,1200
220 100 24,744,1224,1200
221 100 0,744,1224,1200
222 100 24,744,1224,1200
223 100 0,720,1224,1224
224 100 24,720,1224,1224
225 100 96,696,1224,1248
226 100 144,696,1224,1248
227 100 168,696,1224,1248
228 100 168,696,1224,1248
229 100 168,720,1224,1224
230 100 168,720,1224,1224
231 100 144,720,1224,1248
232 100 120,744,1224,1224
233 100 144,744,1224,1224
234 100 120,744,1224,1224
235 100 120,744,1224,1248
236 100 96,768,1224,1224
237 100 72,768,1224,1248
238 100 24,768,1224,1248
239 100 24,768,1224,1248
240 100 0,768,1224,1248
241 100 0,792,1224,1224
242 100 0,792,1224,1224
243 100 0,816,1224,1200
244 100 0,792,1224,1224
245 100 0,792,1224,1224
246 100 0,792,1224,1224
247 100 0,768,1224,1224
248 100 0,768,1224,1224
249 100 0,792,1224,1224
250 100 0,792,1224,1224
251 100 0,768,1224,1248
252 100 0,792,1224,1224
253 100 0,792,1224,1224
254 100 0,792,1224,1224
255 100 0,792,1224,1224
256 100 0,792,1224,1200
257 100 0,768,1224,1224
258 100 0,768,1224,1200
259 100 24,744,1224,1200
260 100 24,720,1224,1224
261 100 0,696,1224,1224
262 100 0,672,1224,1224
263 100 3480,624,1224,1224
264 100 3768,600,1224,1224
265 100 3360,576,1224,1224
266 100 3384,552,1224,1224
267 100 3360,552,1224,1248
268 100 3336,576,1224,1224
269 100 3264,576,1224,1224
270 100 3336,600,1224,1224
271 100 3264,600,1224,1224
272 100 3432,600,1224,1224
273 100 3432,600,1224,1224
274 100 3432,600,1224,1224
275 100 3432,600,1224,1224
276 100 3408,600,1224,1224
277 100 3408,600,1224,1224
278 100 3384,600,1224,1224
279 100 3360,600,1224,1224
280 100 3384,600,1224,1224
281 100 3408,600,1224,1224
282 100 3408,600,1224,1224
283 100 3408,600,1224,1224
284 100 3432,600,1224,1224
285 100 3504,600,1224,1224
286 100 3480,600,1224,1224
287 100 3480,600,1224,1224
288 100 3480,600,1224,1224
289 100 3432,600,1224,1224
290 100 3384,600,1224,1224
291 100 3480,624,1224,1224
292 100 0,648,1224,1224
293 100 3504,648,1224,1224
294 100 48,672,1224,1200
295 100 0,672,1224,1200
296 100 0,672,1224,1200
297 100 0,672,1224,1200
298 100 0,672,1224,1224
299 100 0,672,1224,1224
300 100 0,672,1224,1224
301 100 48,672,1224,1200
302 100 120,672,1224,1200
303 100 192,672,1224,1200
304 100 216,672,1224,1200
305 100 264,672,1224,1200
306 100 312,672,1224,1200
307 100 336,648,1224,1224
308 100 384,648,1224,1224
309 100 408,648,1224,1224
310 100 432,648,1224,1224
311 100 480,648,1224,1200
312 100 504,648,1224,1200
313 100 528,648,1224,1200
314 100 552,648,1224,1200
315 100 576,648,1224,1200
316 100 600,648,1224,1200
317 100 624,648,1224,1200
318 100 648,648,1224,1200
319 100 648,624,1224,1224
320 100 672,624,1224,1224
321 100 696,624,1224,1224
322 100 720,624,1224,1224
323 100 744,648,1224,1200
324 100 768,648,1224,1200
325 100 792,648,1224,1200
326 100 840,648,1224,1200
327 100 864,624,1224,1224
328 100 888,648,1224,1200
329 100 888,648,1224,1200
330 100 888,648,1224,1224
331 100 864,648,1224,1224
332 100 864,672,1224,1200
333 100 864,648,1224,1224
334 100 864,648,1224,1224
335 100 864,648,1224,1224
336 100 864,648,1224,1224
337 100 840,672,1224,1200
338 100 840,672,1224,1200
339 100 840,672,1224,1200
340 100 816,672,1224,1200
341 100 792,648,1224,1224
342 100 744,648,1224,1224
343 100 696,648,1224,1200
344 100 648,648,1224,1200
345 100 600,648,1224,1200
346 100 552,648,1224,1200
347 100 480,648,1224,1200
348 100 432,648,1224,1224
349 100 360,648,1224,1224
350 100 264,648,1224,1224
351 100 192,648,1224,1224
352 100 120,648,1224,1224
353 100 24,648,1224,1200
354 100 0,624,1224,1224
355 100 0,624,1224,1224
356 100 0,624,1224,1224
357 100 24,624,1224,1224
358 100 0,624,1224,1224
359 100 24,624,1224,1200
360 100 72,624,1224,1200
361 100 0,624,1224,1200
362 100 3384,624,1224,1200
363 100 96,624,1224,1224
364 100 24,624,1224,1224
365 100 3528,624,1224,1224
366 100 3504,624,1224,1224
367 100 3480,624,1224,1224
368 100 3432,624,1224,1224
369 100 3432,624,1224,1224
370 100 3408,648,1224,1200
371 100 3408,648,1224,1200
372 100 3384,648,1224,1200
373 100 3360,648,1224,1200
374 100 3360,648,1224,1200
375 100 3336,648,1224,1224
376 100 3336,648,1224,1224
377 100 3360,648,1224,1224
378 100 3336,648,1224,1224
379 100 3576,648,1224,1224
380 100 3480,672,1224,1200
381 100 3456,672,1224,1200
382 100 3456,672,1224,1200
383 100 3456,672,1224,1200
384 100 3408,672,1224,1200
385 100 3360,672,1224,1200
386 100 3336,672,1224,1224
387 100 3408,672,1224,1200
388 100 3408,672,1224,1200
389 100 3408,672,1224,1200
390 100 3336,672,1224,1224
391 100 3552,672,1224,1224
392 100 3456,696,1224,1200
393 100 3528,672,1224,1224
394 100 3312,672,1224,1224
395 100 3336,672,1224,1224
396 100 3696,672,1224,1224
397 100 3576,672,1224,1224
398 100 3480,672,1224,1224
399 100 3720,696,1224,1224
400 100 3504,696,1224,1224
401 100 3504,696,1224,1224
402 100 3552,696,1224,1224
403 100 3624,696,1224,1224
404 100 3744,696,1224,1224
405 100 3336,696,1224,1200
406 100 3384,696,1224,1200
407 100 3360,696,1224,1200
408 100 3360,696,1224,1200
409 100 3360,696,1224,1200
410 100 3336,696,1224,1200
411 100 3408,696,1224,1200
412 100 3480,696,1224,1200
413 100 3552,672,1224,1224
414 100 3624,672,1224,1224
415 100 3312,672,1224,1224
416 100 3456,696,1224,1200
417 100 3336,696,1224,1200
418 100 3360,696,1224,1200
419 100 3288,696,1224,1224
420 100 3240,696,1224,1224
421 100 3168,672,1224,1224
422 100 3120,672,1224,1224
423 100 3144,648,1224,1224
424 100 3024,648,1224,1224
425 100 3048,648,1224,1224
426 100 3096,648,1224,1224
427 100 3072,648,1224,1224
428 100 3024,648,1224,1224
429 100 3024,648,1224,1224
430 100 3024,648,1224,1224
431 100 3048,648,1224,1224
432 100 2976,648,1224,1224
433 100 2928,648,1224,1200
434 100 2928,648,1224,1200
435 100 2832,648,1224,1200
436 100 2760,648,1224,1200
437 100 2544,624,1224,1224
438 100 2496,624,1224,1200
439 100 2424,600,1224,1224
440 100 2376,600,1224,1224
441 100 2328,600,1224,1224
442 100 2280,600,1224,1224
443 100 2256,600,1224,1224
444 100 2256,600,1224,1200
445 100 2256,576,1224,1224
446 100 2256,576,1224,1224
447 100 2256,576,1224,1200
448 100 2256,576,1224,1200
449 100 2232,576,1224,1200
450 100 2208,552,1224,1224
451 100 2184,552,1224,1200
452 100 2160,552,1224,1200
453 100 2136,552,1224,1200
454 100 2136,552,1224,1200
455 100 2136,528,1224,1224
456 100 2112,528,1224,1224
457 100 2136,528,1224,1224
458 100 2136,552,1224,1200
459 100 2160,552,1224,1200
460 100 2208,552,1224,1200
461 100 2328,552,1224,1200
462 100 2496,576,1224,1200
463 100 2616,576,1224,1200
464 100 2808,576,1224,1200
465 100 3120,576,1224,1200
466 100 3432,576,1224,1200
467 100 3480,576,1224,1200
468 100 24,576,1224,1200
469 100 0,576,1224,1200
470 100 24,576,1224,1200
471 100 24,576,1224,1200
472 100 0,576,1224,1200
473 100 0,576,1224,1224
474 100 0,576,1224,1224
475 100 24,576,1224,1224
476 100 48,576,1224,1224
477 100 72,552,1224,1224
478 100 48,552,1224,1200
479 100 48,528,1224,1224
480 100 72,528,1224,1200
481 100 96,528,1224,1200
482 100 120,528,1224,1200
483 100 120,504,1224,1200
484 100 72,480,1224,1200
485 100 0,456,1224,1200
486 100 0,432,1224,1200
487 100 0,408,1224,1200
488 100 0,360,1224,1224
489 100 0,360,1224,1200
490 100 0,360,1224,1200
491 100 0,360,1224,1200
492 100 0,360,1224,1200
493 100 24,360,1224,1200
494 100 24,360,1224,1200
495 100 0,360,1224,1200
496 100 0,360,1224,1200
497 100 0,336,1224,1200
498 100 0,312,1224,1224
499 100 0,288,1224,1224
500 100 24,288,1224,1200
501 100 24,240,1224,1224
502 100 48,216,1224,1200
503 100 48,192,1224,1200
504 100 48,144,1224,1200
505 100 72,120,1224,1200
506 100 72,96,1224,1200
507 100 216,72,1224,1224
508 100 48,72,1224,1200
509 100 144,48,1224,1224
510 100 312,48,1224,1224
511 100 24,48,1224,1200
512 100 144,24,1224,1224
513 100 96,24,1224,1200
514 100 264,24,1224,1176
515 100 0,24,1224,1128
516 100 240,24,1224,1104
517 100 336,24,1224,1080
518 100 2928,24,1224,1056
519 100 552,24,1224,1056
520 100 2904,24,1224,1032
521 100 2904,24,1224,1032
522 100 2928,24,1224,1032
523 100 2904,24,1224,1032
524 100 2904,24,1224,1032
525 100 2928,24,1224,1032
526 100 2928,24,1224,1032
527 100 2880,24,1224,1032
528 100 2904,24,1224,1032
529 100 2856,24,1224,1032
530 100 2880,24,1224,1008
531 100 2880,24,1224,1008
532 100 2904,24,1224,1008
533 100 2856,24,1224,984
534 100 2904,24,1224,984
535 100 2856,24,1224,960
536 100 2856,24,1224,960
537 100 2832,24,1224,936
538 100 2832,24,1224,936
539 100 2808,24,1224,936
540 100 2808,24,1224,912
541 100 2784,24,1224,912
542 100 2784,24,1224,912
543 100 2736,24,1224,912
544 100 2736,24,1224,912
545 100 2736,24,1224,888
546 100 2736,24,1224,888
547 100 2664,24,1224,888
548 100 2664,24,1224,888
549 100 2664,24,1224,888
550 100 2736,24,1224,912
551 100 2712,24,1224,912
552 100 2712,24,1224,912
553 100 2688,24,1224,912
554 100 2688,24,1224,912
555 100 2712,24,1224,912
556 100 2688,24,1224,936
557 100 2736,24,1224,936
558 100 360,24,1224,960
559 100 312,24,1224,960
560 100 264,24,1224,960
561 100 2808,24,1224,984
562 100 408,24,1224,984
563 100 120,24,1224,984
564 100 480,24,1224,1008
565 100 2832,24,1224,1008
566 100 192,24,1224,1032
567 100 3288,24,1224,1032
568 100 3336,24,1224,1056
569 100 3408,24,1224,1080
570 100 3240,24,1224,1080
571 100 3360,24,1224,1104
572 100 3264,24,1224,1104
573 100 3384,24,1224,1128
574 100 3312,24,1224,1128
575 100 3384,24,1224,1128
576 100 3288,24,1224,1152
577 100 3384,24,1224,1152
578 100 3240,24,1224,1152
579 100 3360,24,1224,1176
580 100 3432,24,1224,1176
581 100 3264,24,1224,1200
582 100 3360,24,1224,1200
583 100 3216,24,1224,1200
584 100 3432,24,1224,1224
585 100 3240,48,1224,1200
586 100 3456,48,1224,1224
587 100 3216,72,1224,1200
588 100 3312,96,1224,1200
589 100 3360,120,1224,1200
590 100 3432,144,1224,1200
591 100 3504,144,1224,1224
592 100 3312,168,1224,1200
593 100 3552,168,1224,1224
594 100 3552,168,1224,1224
595 100 3576,168,1224,1224
596 100 3480,192,1224,1200
597 100 3384,192,1224,1200
598 100 3312,192,1224,1200
599 100 3528,192,1224,1224
600 100 3384,216,1224,1200
601 100 3528,240,1224,1200
602 100 3336,240,1224,1200
603 100 3432,264,1224,1200
604 100 3576,264,1224,1224
605 100 3360,288,1224,1224
606 100 3408,312,1224,1200
607 100 3480,336,1224,1200
608 100 3576,360,1224,1200
609 100 3384,360,1224,1200
610 100 3576,384,1224,1200
611 100 3384,384,1224,1200
612 100 3528,408,1224,1200
613 100 3432,408,1224,1200
614 100 3720,408,1224,1224
615 100 3576,432,1224,1200
616 100 0,432,1224,1200
617 100 0,432,1224,1200
618 100 0,432,1224,1200
619 100 24,456,1224,1200
620 100 0,456,1224,1224
621 100 96,456,1224,1224
622 100 192,456,1224,1224
623 100 264,456,1224,1200
624 100 336,456,1224,1200
625 100 384,456,1224,1200
626 100 408,456,1224,1200
627 100 456,456,1224,1200
628 100 480,432,1224,1200
629 100 528,432,1224,1200
630 100 576,408,1224,1224
631 100 672,432,1224,1200
632 100 744,432,1224,1200
633 100 816,432,1224,1224
634 100 840,432,1224,1200
635 100 864,432,1224,1200
636 100 912,432,1224,1224
637 100 960,456,1224,1200
638 100 984,456,1224,1200
639 100 1008,456,1224,1224
640 100 1032,456,1224,1224
641 100 1056,456,1224,1224
642 100 1056,456,1224,1200
643 100 1104,456,1224,1200
644 100 1152,432,1224,1224
645 100 1176,456,1224,1200
646 100 1200,456,1224,1200
647 100 1248,456,1224,1224
648 100 1248,480,1224,1200
649 100 1272,480,1224,1224
650 100 1296,504,1224,1200
651 100 1296,504,1224,1224
652 100 1296,528,1224,1224
653 100 1272,528,1224,1224
654 100 1272,528,1224,1224
655 100 1296,528,1224,1200
656 100 1296,528,1224,1200
657 100 1296,528,1224,1200
658 100 1272,528,1224,1200
659 100 1248,528,1224,1200
660 100 1248,528,1224,1200
661 100 1248,528,1224,1200
662 100 1248,528,1224,1200
663 100 1248,528,1224,1224
664 100 1248,528,1224,1224
665 100 1248,528,1224,1224
666 100 1248,528,1224,1224
667 100 1248,528,1224,1224
668 100 1248,528,1224,1224
669 100 1248,528,1224,1224
670 100 1248,528,1224,1224
671 100 1248,528,1224,1224
672 100 1248,528,1224,1224
673 100 1248,528,1224,1224
674 100 1248,528,1224,1224
675 100 1248,528,1224,1224
676 100 1248,528,1224,1224
677 100 1248,528,1224,1224
678 100 1248,552,1224,1200
679 100 1248,552,1224,1200
680 100 1248,552,1224,1200
681 100 1248,552,1224,1200
682 100 1248,552,1224,1200
683 100 1248,552,1224,1200
684 100 1248,552,1224,1200
685 100 1248,552,1224,1200
686 100 1248,552,1224,1200
687 100 1248,552,1224,1200
688 100 1248,552,1224,1200
689 100 1248,552,1224,1200
690 100 1248,552,1224,1200
691 100 1248,552,1224,1200
692 100 1248,552,1224,1200
693 100 1248,552,1224,1200
694 100 1248,552,1224,1200
695 100 1248,552,1224,1200
696 100 1224,552,1224,1200
697 100 1224,552,1224,1200
698 100 1224,552,1224,1200
699 100 1224,552,1224,1200
700 100 1224,552,1224,1200
701 100 1224,552,1224,1200
702 100 1224,552,1224,1200
703 100 1224,552,1224,1200
704 100 1224,552,1224,1200
705 100 1224,552,1224,1200
706 100 1224,552,1224,1200
707 100 1224,552,1224,1224
708 100 1224,576,1224,1200
709 100 1200,624,1224,1200
710 100 1176,672,1224,1200
711 100 1128,720,1224,1200
712 100 1080,768,1224,1224
713 100 1056,816,1224,1200
714 100 1008,840,1224,1224
715 100 984,864,1224,1200
716 100 984,864,1224,1200
717 100 984,864,1224,1200
718 100 984,840,1224,1224
719 100 984,840,1224,1224
720 100 984,840,1224,1200
721 100 984,840,1224,1200
722 100 984,840,1224,1200
723 100 984,840,1224,1224
724 100 984,840,1224,1224
725 100 984,840,1224,1224
726 100 984,840,1224,1200
727 100 984,840,1224,1200
728 100 984,840,1224,1200
729 100 984,816,1224,1224
730 100 984,816,1224,1200
731 100 984,816,1224,1200
732 100 936,792,1224,1224
733 100 864,792,1224,1224
734 100 720,816,1224,1200
735 100 576,792,1224,1224
736 100 456,768,1224,1224
737 100 336,768,1224,1224
738 100 240,792,1224,1200
739 100 168,792,1224,1200
740 100 120,792,1224,1200
741 100 48,792,1224,1200
742 100 0,792,1224,1200
743 100 0,792,1224,1200
744 100 0,792,1224,1224
745 100 0,816,1224,1200
746 100 0,840,1224,1200
747 100 0,840,1224,1200
748 100 0,840,1224,1200
749 100 24,840,1224,1200
750 100 0,840,1224,1200
751 100 24,864,1224,1200
752 100 48,840,1224,1224
753 100 0,840,1224,1200
754 100 24,840,1224,1200
755 100 24,840,1224,1200
756 100 48,840,1224,1224
757 100 0,864,1224,1200
758 100 48,864,1224,1200
759 100 0,864,1224,1224
760 100 0,864,1224,1200
761 100 72,864,1224,1224
762 100 24,888,1224,1200
763 100 144,888,1224,1200
764 100 168,888,1224,1200
765 100 0,864,1224,1224
766 100 0,864,1224,1224
767 100 0,864,1224,1224
768 100 192,864,1224,1224
769 100 168,888,1224,1200
770 100 168,864,1224,1224
771 100 144,888,1224,1200
772 100 96,888,1224,1200
773 100 168,864,1224,1224
774 100 192,864,1224,1224
775 100 96,888,1224,1200
776 100 48,888,1224,1200
777 100 24,888,1224,1200
778 100 24,888,1224,1200
779 100 24,888,1224,1200
780 100 48,888,1224,1200
781 100 24,888,1224,1200
782 100 0,888,1224,1200
783 100 0,888,1224,1200
784 100 24,888,1224,1200
785 100 24,888,1224,1200
786 100 48,864,1224,1224
787 100 24,888,1224,1200
788 100 0,888,1224,1200
789 100 24,888,1224,1200
790 100 24,888,1224,1200
791 100 24,888,1224,1200
792 100 48,864,1224,1224
793 100 48,864,1224,1224
794 100 24,888,1224,1200
795 100 24,888,1224,1200
796 100 3312,888,1224,1200
797 100 0,888,1224,1200
798 100 0,888,1224,1200
799 100 0,888,1224,1200
800 100 48,864,1224,1224
801 100 0,888,1224,1200
802 100 3312,888,1224,1200
803 100 3384,888,1224,1200
804 100 3384,888,1224,1200
805 100 3288,888,1224,1200
806 100 3336,888,1224,1200
807 100 3408,888,1224,1200
808 100 3144,864,1224,1200
809 100 3240,864,1224,1200
810 100 3240,864,1224,1200
811 100 3168,864,1224,1200
812 100 3672,864,1224,1224
813 100 3384,888,1224,1200
814 100 3096,888,1224,1200
815 100 3192,912,1224,1200
816 100 3360,912,1224,1224
817 100 2880,936,1224,1200
818 100 2904,960,1224,1200
819 100 2472,984,1224,1176
820 100 0,1008,1224,1152
821 100 0,1056,1224,1104
822 100 0,1056,1224,1104
823 100 0,1080,1224,1080
824 100 0,1080,1224,1080
825 100 0,1056,1224,1104
826 100 0,1056,1224,1104
827 100 0,1056,1224,1104
828 100 0,1056,1224,1104
829 100 0,1032,1224,1128
830 100 0,1032,1224,1128
831 100 0,1032,1224,1128
832 100 0,1032,1224,1128
833 100 0,1032,1224,1128
834 100 0,1032,1224,1128
835 100 0,1032,1224,1128
836 100 0,1032,1224,1128
837 100 0,1032,1224,1128
838 100 0,1032,1224,1128
839 100 0,1008,1224,1152
840 100 0,1008,1224,1152
841 100 0,1008,1224,1152
842 100 0,1008,1224,1152
843 100 0,1008,1224,1152
844 100 0,1008,1224,1152
845 100 0,1008,1224,1152
846 100 0,1008,1224,1152
847 100 0,1008,1224,1152
848 100 0,1008,1224,1152
849 100 0,1008,1224,1152
850 100 360,1008,1224,1152
851 100 552,1008,1224,1152
852 100 696,1008,1224,1152
853 100 696,1008,1224,1152
854 100 672,1008,1224,1152
855 100 672,1008,1224,1152
856 100 768,1008,1224,1152
857 100 672,1008,1224,1152
858 100 816,1008,1224,1152
859 100 792,1008,1224,1152
860 100 624,1008,1224,1152
861 100 384,1008,1224,1152
862 100 0,1008,1224,1152
863 100 96,1008,1224,1152
864 100 0,1008,1224,1152
865 100 0,1008,1224,1152
866 100 0,1008,1224,1152
867 100 0,1008,1224,1152
868 100 0,1008,1224,1152
869 100 0,1008,1224,1152
870 100 0,1008,1224,1152
871 100 0,1008,1224,1152
872 100 0,1008,1224,1152
873 100 0,1008,1224,1152
874 100 0,1008,1224,1152
875 100 0,1008,1224,1152
876 100 0,1008,1224,1152
877 100 0,1008,1224,1152
878 100 0,1008,1224,1152
879 100 0,1008,1224,1152
880 100 0,1008,1224,1152
881 100 0,1008,1224,1152
882 100 0,1008,1224,1152
883 100 0,1008,1224,1152
884 100 0,1008,1224,1152
885 100 0,1008,1224,1152
886 100 0,1008,1224,1152
887 100 0,1008,1224,1152
888 100 0,1008,1224,1152
889 100 0,1008,1224,1152
890 100 0,1008,1224,1152
891 100 936,1008,1224,1152
892 100 1608,984,1224,1176
893 100 2304,984,1224,1176
894 100 2808,984,1224,1176
895 100 3504,960,1224,1200
896 100 2592,960,1224,1200
897 100 2568,960,1224,1200
898 100 3264,960,1224,1200
899 100 3192,960,1224,1200
900 100 2640,960,1224,1200
901 100 2568,960,1224,1200
902 100 2952,960,1224,1200
903 100 2496,984,1224,1176
904 100 2016,984,1224,1176
905 100 1632,984,1224,1176
906 100 1248,984,1224,1176
907 100 672,1008,1224,1152
908 100 0,1008,1224,1152
909 100 0,1008,1224,1152
910 100 0,1032,1224,1128
911 100 0,1032,1224,1128
912 100 0,1056,1224,1104
913 100 0,1056,1224,1104
914 100 0,1080,1224,1080
915 100 0,1080,1224,1080
916 100 0,1104,1224,1056
917 100 0,1128,1224,1032
918 100 0,1128,1224,1032
919 100 0,1128,1224,1032
920 100 0,1104,1224,1056
921 100 0,1104,1224,1056
922 100 0,1104,1224,1056
923 100 0,1104,1224,1056
924 100 0,1104,1224,1056
925 100 0,1128,1224,1032
926 100 0,1128,1224,1032
927 100 0,1128,1224,1032
928 100 0,1128,1224,1032
929 100 0,1128,1224,1032
930 100 0,1128,1224,1032
931 100 0,1128,1224,1032
932 100 0,1128,1224,1032
933 100 0,1128,1224,1032
934 100 0,1128,1224,1032
935 100 0,1128,1224,1032
936 100 0,1128,1224,1032
937 100 0,1128,1224,1032
938 100 0,1128,1224,1032
939 100 0,1128,1224,1032
940 100 0,1128,1224,1032
941 100 0,1152,1224,1008
942 100 0,1152,1224,1008
943 100 0,1152,1224,1008
944 100 0,1176,1224,984
945 100 0,1176,1224,984
946 100 0,1176,1224,984
947 100 0,1176,1224,984
948 100 0,1200,1224,960
949 100 0,1200,1224,960
950 100 0,1176,1224,984
951 100 0,1176,1224,984
952 100 0,1176,1224,984
953 100 0,1176,1224,984
954 100 0,1176,1224,984
955 100 0,1200,1224,960
956 100 0,1200,1224,960
957 100 0,1200,1224,960
958 100 0,1200,1224,960
959 100 0,1224,1224,936
960 100 0,1224,1224,936
961 100 0,1248,1224,912
962 100 0,1248,1224,912
963 100 0,1248,1224,912
964 100 0,1224,1224,936
965 100 0,1224,1224,936
966 100 0,1224,1224,936
967 100 0,1248,1224,912
968 100 0,1224,1224,936
969 100 0,1248,1224,912
970 100 0,1248,1224,912
971 100 0,1248,1224,912
972 100 0,1248,1224,912
973 100 0,1272,1224,888
974 100 0,1272,1224,888
975 100 0,1272,1224,888
976 100 0,1296,1224,864
977 100 0,1296,1224,864
978 100 0,1296,1224,864
979 100 0,1296,1224,864
980 100 0,1296,1224,864
981 100 0,1296,1224,864
982 100 0,1296,1224,864
983 100 0,1296,1224,864
984 100 0,1296,1224,864
985 100 0,1320,1224,840
986 100 0,1320,1224,840
987 100 0,1344,1224,816
988 100 0,1344,1224,816
989 100 0,1368,1224,792
990 100 0,1368,1224,792
991 100 0,1368,1224,792
992 100 0,1368,1224,792
993 100 0,1368,1224,792
994 100 0,1368,1224,792
995 100 0,1392,1224,768
996 100 0,1392,1224,768
997 100 0,1392,1224,768
998 100 0,1392,1224,768
999 100 0,1392,1224,768
1000 100 0,1392,1224,768
1001 100 0,1392,1224,768
1002 100 0,1392,1224,768
1003 100 0,1392,1224,768
1004 100 0,1392,1224,768
1005 100 0,1392,1224,768
1006 100 0,1392,1224,768
1007 100 0,1392,1224,768
1008 100 0,1392,1224,768
1009 100 0,1392,1224,768
1010 100 0,1392,1224,768
1011 100 0,1392,1224,768
1012 100 0,1392,1224,768
1013 100 0,1392,1224,768
1014 100 0,1368,1224,792
1015 100 0,1368,1224,792
1016 100 0,1344,1224,816
1017 100 0,1344,1224,816
1018 100 0,1320,1224,840
1019 100 0,1272,1224,888
1020 100 0,1224,1224,936
1021 100 0,1176,1224,984
1022 100 0,1128,1224,1032
1023 100 0,1104,1224,1056
1024 100 0,1056,1224,1104
1025 100 0,984,1224,1176
1026 100 0,912,1224,1248
1027 100 0,864,1224,1272
1028 100 0,840,1224,1248
1029 100 0,816,1224,1248
1030 100 0,792,1224,1224
1031 100 24,768,1224,1248
1032 100 24,768,1224,1224
1033 100 24,792,1224,1200
1034 100 24,792,1224,1224
1035 100 24,792,1224,1224
1036 100 48,792,1224,1224
1037 100 48,792,1224,1224
1038 100 48,792,1224,1200
1039 100 48,792,1224,1200
1040 100 48,792,1224,1200
1041 100 72,792,1224,1200
1042 100 72,792,1224,1200
1043 100 72,792,1224,1200
1044 100 72,768,1224,1224
1045 100 96,768,1224,1224
1046 100 96,768,1224,1224
1047 100 96,768,1224,1224
1048 100 96,768,1224,1224
1049 100 96,768,1224,1224
1050 100 96,792,1224,1224
1051 100 96,816,1224,1200
1052 100 72,840,1224,1200
1053 100 48,840,1224,1200
1054 100 24,840,1224,1200
1055 100 24,840,1224,1200
1056 100 0,840,1224,1200
1057 100 0,816,1224,1224
1058 100 0,816,1224,1224
1059 100 0,816,1224,1224
1060 100 0,816,1224,1224
1061 100 0,816,1224,1224
1062 100 0,840,1224,1200
1063 100 0,840,1224,1200
1064 100 0,840,1224,1200
1065 100 0,840,1224,1200
1066 100 0,840,1224,1200
1067 100 0,840,1224,1200
1068 100 0,816,1224,1224
1069 100 0,816,1224,1224
1070 100 0,816,1224,1224
1071 100 0,816,1224,1224
1072 100 0,816,1224,1224
1073 100 0,816,1224,1224
1074 100 0,816,1224,1224
1075 100 0,816,1224,1224
1076 100 0,816,1224,1224
1077 100 0,840,1224,1200
1078 100 0,840,1224,1200
1079 100 0,840,1224,1200
1080 100 0,840,1224,1200
1081 100 0,840,1224,1200
1082 100 0,840,1224,1200
1083 100 0,840,1224,1200
1084 100 0,840,1224,1200
1085 100 0,840,1224,1200
1086 100 0,840,1224,1200
1087 100 0,840,1224,1224
1088 100 0,840,1224,1224
1089 100 0,840,1224,1224
1090 100 0,840,1224,1224
1091 100 0,840,1224,1224
1092 100 0,840,1224,1224
1093 100 0,840,1224,1224
1094 100 0,840,1224,1224
1095 100 0,840,1224,1224
1096 100 0,840,1224,1224
1097 100 0,840,1224,1224
1098 100 0,840,1224,1224
1099 100 0,840,1224,1224
1100 100 0,840,1224,1224
1101 100 0,840,1224,1224
1102 100 0,840,1224,1224
1103 100 0,840,1224,1224
1104 100 0,840,1224,1224
1105 100 0,840,1224,1224
1106 100 0,840,1224,1224
1107 100 0,840,1224,1224
1108 100 0,840,1224,1224
1109 100 0,840,1224,1224
1110 100 0,840,1224,1224
1111 100 0,840,1224,1224
1112 100 0,840,1224,1224
1113 100 0,840,1224,1224
1114 100 0,840,1224,1224
1115 100 0,840,1224,1224
1116 100 0,840,1224,1224
1117 100 0,840,1224,1224
1118 100 0,840,1224,1224
1119 100 0,840,1224,1224
1120 100 0,840,1224,1224
1121 100 0,840,1224,1224
1122 100 0,840,1224,1224
1123 100 0,840,1224,1224
1124 100 0,840,1224,1224
1125 100 0,840,1224,1224
1126 100 0,840,1224,1224
1127 100 0,840,1224,1224
1128 100 0,840,1224,1224
1129 100 0,840,1224,1224
1130 100 0,840,1224,1224
1131 100 0,864,1224,1200
1132 100 0,864,1224,1200
1133 100 0,840,1224,1224
1134 100 0,864,1224,1200
1135 100 0,840,1224,1224
1136 100 0,840,1224,1224
1137 100 0,864,1224,1200
1138 100 0,864,1224,1200
1139 100 0,864,1224,1200
1140 100 0,864,1224,1200
1141 100 0,864,1224,1200
1142 100 0,864,1224,1200
1143 100 0,864,1224,1200
1144 100 0,864,1224,1200
1145 100 0,864,1224,1200
1146 100 0,864,1224,1200
1147 100 0,864,1224,1200
1148 100 0,864,1224,1200
1149 100 0,864,1224,1200
1150 100 0,864,1224,1200
1151 100 0,864,1224,1200
1152 100 0,864,1224,1200
1153 100 0,864,1224,1200
1154 100 0,864,1224,1200
1155 100 0,864,1224,1200
1156 100 0,864,1224,1200
1157 100 0,864,1224,1200
1158 100 0,864,1224,1200
1159 100 0,864,1224,1200
1160 100 0,864,1224,1200
1161 100 0,864,1224,1224
1162 100 0,864,1224,1224
1163 100 0,864,1224,1224
1164 100 0,864,1224,1224
1165 100 0,864,1224,1224
1166 100 0,864,1224,1224
1167 100 0,864,1224,1224
1168 100 0,864,1224,1224
1169 100 0,864,1224,1224
1170 100 0,888,1224,1200
1171 100 0,888,1224,1200
1172 100 0,888,1224,1200
1173 100 0,888,1224,1200
1174 100 0,888,1224,1224
1175 100 0,912,1224,1200
1176 100 0,912,1224,1224
1177 100 0,936,1224,1200
1178 100 24,936,1224,1200
1179 100 0,960,1224,1200
1180 100 48,960,1224,1200
1181 100 144,984,1224,1176
1182 100 1296,1008,1224,1152
1183 100 0,1032,1224,1128
1184 100 0,1056,1224,1104
1185 100 0,1080,1224,1080
1186 100 0,1104,1224,1056
1187 100 0,1128,1224,1032
1188 100 0,1128,1224,1032
1189 100 0,1152,1224,1008
1190 100 0,1152,1224,1008
1191 100 0,1176,1224,984
1192 100 0,1176,1224,984
1193 100 0,1200,1224,960
1194 100 0,1224,1224,936
1195 100 0,1224,1224,936
1196 100 0,1248,1224,912
1197 100 0,1248,1224,912
1198 100 0,1272,1224,888
1199 100 0,1272,1224,888
1200 100 0,1296,1224,864
1201 100 0,1296,1224,864
1202 100 0,1296,1224,864
1203 100 0,1296,1224,864
1204 100 0,1296,1224,864
1205 100 0,1320,1224,840
1206 100 0,1320,1224,840
1207 100 0,1344,1224,816
1208 100 0,1344,1224,816
1209 100 0,1368,1224,792
1210 100 0,1368,1224,792
1211 100 0,1368,1224,792
1212 100 0,1368,1224,792
1213 100 0,1368,1224,792
1214 100 0,1368,1224,792
1215 100 0,1368,1224,792
1216 100 0,1368,1224,792
1217 100 0,1344,1224,816
1218 100 0,1344,1224,816
1219 100 0,1344,1224,816
1220 100 0,1344,1224,816
1221 100 0,1344,1224,816
1222 100 0,1344,1224,816
1223 100 0,1344,1224,816
1224 100 0,1344,1224,816
1225 100 0,1344,1224,816
1226 100 0,1344,1224,816
1227 100 0,1344,1224,816
1228 100 0,1344,1224,816
1229 100 0,1320,1224,840
1230 100 0,1320,1224,840
1231 100 0,1320,1224,840
1232 100 0,1320,1224,840
1233 100 0,1296,1224,864
1234 100 0,1320,1224,840
1235 100 0,1320,1224,840
1236 100 0,1320,1224,840
1237 100 0,1320,1224,840
1238 100 0,1320,1224,840
1239 100 0,1320,1224,840
1240 100 0,1344,1224,816
1241 100 0,1344,1224,816
1242 100 0,1344,1224,816
1243 100 0,1344,1224,816
1244 100 0,1344,1224,816
1245 100 0,1344,1224,816
1246 100 0,1320,1224,840
1247 100 0,1320,1224,840
1248 100 0,1320,1224,840
1249 100 0,1296,1224,864
1250 100 0,1272,1224,888
1251 100 0,1248,1224,912
1252 100 0,1200,1224,960
1253 100 0,1176,1224,984
1254 100 0,1128,1224,1032
1255 100 0,1104,1224,1056
1256 100 0,1080,1224,1080
1257 100 0,1032,1224,1128
1258 100 0,984,1224,1176
1259 100 1368,960,1224,1200
1260 100 0,936,1224,1224
1261 100 0,936,1224,1224
1262 100 0,912,1224,1224
1263 100 0,888,1224,1224
1264 100 24,864,1224,1224
1265 100 72,840,1224,1224
1266 100 120,816,1224,1224
1267 100 144,792,1224,1224
1268 100 144,768,1224,1224
1269 100 168,768,1224,1200
1270 100 168,744,1224,1224
1271 100 192,720,1224,1224
1272 100 192,720,1224,1224
1273 100 216,696,1224,1224
1274 100 216,696,1224,1224
1275 100 240,696,1224,1200
1276 100 240,672,1224,1224
1277 100 264,672,1224,1200
1278 100 264,648,1224,1224
1279 100 264,648,1224,1224
1280 100 264,648,1224,1200
1281 100 240,648,1224,1200
1282 100 240,648,1224,1200
1283 100 240,648,1224,1200
1284 100 240,624,1224,1224
1285 100 240,624,1224,1200
1286 100 240,600,1224,1224
1287 100 240,600,1224,1200
1288 100 240,576,1224,1200
1289 100 240,552,1224,1224
1290 100 240,528,1224,1224
1291 100 264,528,1224,1200
1292 100 240,504,1224,1224
1293 100 240,504,1224,1200
1294 100 216,480,1224,1224
1295 100 216,480,1224,1200
1296 100 192,456,1224,1200
1297 100 168,432,1224,1200
1298 100 144,408,1224,1200
1299 100 120,384,1224,1200
1300 100 72,360,1224,1200
1301 100 48,360,1224,1200
1302 100 48,360,1224,1200
1303 100 24,360,1224,1200
1304 100 0,360,1224,1200
1305 100 0,360,1224,1224
1306 100 0,360,1224,1224
1307 100 0,384,1224,1200
1308 100 0,408,1224,1200
1309 100 0,432,1224,1200
1310 100 24,432,1224,1200
1311 100 0,432,1224,1224
1312 100 0,456,1224,1200
1313 100 0,456,1224,1224
1314 100 0,456,1224,1224
1315 100 24,480,1224,1200
1316 100 24,480,1224,1200
1317 100 24,480,1224,1224
1318 100 0,480,1224,1224
1319 100 24,480,1224,1224
1320 100 0,480,1224,1224
1321 100 0,480,1224,1200
1322 100 0,480,1224,1200
1323 100 24,480,1224,1200
1324 100 24,480,1224,1200
1325 100 0,480,1224,1200
1326 100 0,480,1224,1200
1327 100 48,480,1224,1224
1328 100 24,480,1224,1224
1329 100 24,480,1224,1224
1330 100 24,480,1224,1224
1331 100 0,480,1224,1224
1332 100 0,504,1224,1200
1333 100 0,504,1224,1200
1334 100 0,504,1224,1200
1335 100 0,504,1224,1200
1336 100 0,504,1224,1200
1337 100 48,504,1224,1200
1338 100 0,504,1224,1200
1339 100 0,504,1224,1200
1340 100 0,504,1224,1200
1341 100 0,504,1224,1200
1342 100 0,504,1224,1200
1343 100 48,504,1224,1200
1344 100 48,504,1224,1200
1345 100 48,504,1224,1200
1346 100 48,504,1224,1200
1347 100 48,504,1224,1200
1348 100 48,504,1224,1200
1349 100 48,504,1224,1200
1350 100 24,504,1224,1200
1351 100 24,504,1224,1224
1352 100 48,504,1224,1200
1353 100 24,504,1224,1200
1354 100 24,480,1224,1200
1355 100 0,480,1224,1200
1356 100 24,456,1224,1224
1357 100 24,456,1224,1200
1358 100 48,456,1224,1200
1359 100 48,456,1224,1200
1360 100 24,456,1224,1200
1361 100 0,456,1224,1200
1362 100 24,432,1224,1224
1363 100 0,432,1224,1200
1364 100 24,408,1224,1224
1365 100 0,432,1224,1200
1366 100 0,432,1224,1200
1367 100 24,432,1224,1224
1368 100 24,432,1224,1224
1369 100 0,432,1224,1224
1370 100 0,456,1224,1200
1371 100 0,456,1224,1200
1372 100 0,456,1224,1200
1373 100 0,456,1224,1200
1374 100 0,456,1224,1200
1375 100 0,456,1224,1200
1376 100 0,456,1224,1200
1377 100 48,456,1224,1200
1378 100 24,456,1224,1200
1379 100 24,456,1224,1224
1380 100 24,456,1224,1224
1381 100 24,456,1224,1224
1382 100 24,456,1224,1224
1383 100 24,456,1224,1224
1384 100 24,456,1224,1224
1385 100 24,456,1224,1224
1386 100 0,456,1224,1200
1387 100 0,456,1224,1200
1388 100 0,432,1224,1200
1389 100 24,408,1224,1200
1390 100 0,384,1224,1224
1391 100 48,360,1224,1224
1392 100 0,360,1224,1200
1393 100 72,360,1224,1200
1394 100 0,360,1224,1200
1395 100 72,360,1224,1200
1396 100 0,360,1224,1200
1397 100 72,360,1224,1200
1398 100 72,336,1224,1224
1399 100 0,336,1224,1200
1400 100 0,312,1224,1200
1401 100 0,288,1224,1200
1402 100 48,264,1224,1224
1403 100 72,264,1224,1200
1404 100 72,264,1224,1224
1405 100 72,264,1224,1200
1406 100 96,264,1224,1200
1407 100 72,264,1224,1224
1408 100 48,264,1224,1224
1409 100 48,264,1224,1224
1410 100 48,264,1224,1224
1411 100 48,264,1224,1224
1412 100 24,264,1224,1224
1413 100 0,288,1224,1200
1414 100 72,288,1224,1200
1415 100 48,288,1224,1200
1416 100 48,288,1224,1224
1417 100 48,288,1224,1224
1418 100 48,288,1224,1224
1419 100 48,288,1224,1224
1420 100 24,288,1224,1224
1421 100 48,288,1224,1224
1422 100 48,288,1224,1224
1423 100 48,288,1224,1224
1424 100 48,288,1224,1224
1425 100 48,288,1224,1224
1426 100 24,288,1224,1224
1427 100 24,312,1224,1200
1428 100 24,312,1224,1200
1429 100 0,312,1224,1200
1430 100 96,312,1224,1200
1431 100 72,312,1224,1200
1432 100 48,312,1224,1224
1433 100 48,312,1224,1224
1434 100 24,336,1224,1200
1435 100 0,336,1224,1200
1436 100 48,336,1224,1224
1437 100 96,360,1224,1200
1438 100 24,408,1224,1200
1439 100 48,480,1224,1200
1440 100 72,576,1224,1200
1441 100 24,600,1224,1224
1442 100 96,600,1224,1200
1443 100 0,576,1224,1224
1444 100 24,576,1224,1224
1445 100 96,600,1224,1200
1446 100 48,600,1224,1200
1447 100 24,624,1224,1200
1448 100 0,624,1224,1200
1449 100 24,624,1224,1224
1450 100 48,624,1224,1224
1451 100 0,648,1224,1200
1452 100 0,648,1224,1200
1453 100 0,648,1224,1224
1454 100 0,648,1224,1224
1455 100 24,648,1224,1224
1456 100 72,648,1224,1224
1457 100 120,648,1224,1224
1458 100 144,648,1224,1224
1459 100 192,648,1224,1224
1460 100 192,672,1224,1200
1461 100 216,672,1224,1200
1462 100 240,672,1224,1200
1463 100 240,672,1224,1200
1464 100 264,672,1224,1200
1465 100 288,672,1224,1200
1466 100 288,672,1224,1200
1467 100 288,672,1224,1200
1468 100 288,672,1224,1200
1469 100 264,672,1224,1200
1470 100 264,672,1224,1200
1471 100 264,672,1224,1200
1472 100 264,672,1224,1200
1473 100 240,696,1224,1200
1474 100 216,720,1224,1200
1475 100 168,768,1224,1200
1476 100 144,792,1224,1200
1477 100 144,792,1224,1200
1478 100 168,768,1224,1200
1479 100 192,768,1224,1200
1480 100 192,744,1224,1224
1481 100 192,744,1224,1224
1482 100 168,768,1224,1200
1483 100 168,768,1224,1200
1484 100 144,768,1224,1200
1485 100 144,768,1224,1224
1486 100 120,792,1224,1200
1487 100 120,792,1224,1200
1488 100 96,816,1224,1200
1489 100 48,816,1224,1200
1490 100 24,840,1224,1200
1491 100 0,840,1224,1200
1492 100 0,864,1224,1200
1493 100 0,864,1224,1200
1494 100 0,864,1224,1200
1495 100 0,840,1224,1200
1496 100 0,816,1224,1224
1497 100 0,816,1224,1200
1498 100 0,816,1224,1224
1499 100 24,840,1224,1200
1500 100 24,840,1224,1200
1501 100 24,840,1224,1224
1502 100 0,864,1224,1200
1503 100 48,888,1224,1200
1504 100 72,888,1224,1200
1505 100 0,888,1224,1224
1506 100 24,888,1224,1200
1507 100 72,864,1224,1224
1508 100 24,840,1224,1224
1509 100 48,840,1224,1200
1510 100 168,816,1224,1224
1511 100 48,816,1224,1200
1512 100 3408,792,1224,1200
1513 100 3432,768,1224,1200
1514 100 3576,720,1224,1224
1515 100 3480,696,1224,1200
1516 100 3672,648,1224,1224
1517 100 3336,624,1224,1224
1518 100 3312,600,1224,1224
1519 100 3432,600,1224,1200
1520 100 3264,600,1224,1200
1521 100 3168,576,1224,1224
1522 100 3216,576,1224,1200
1523 100 3048,576,1224,1224
1524 100 3048,576,1224,1224
1525 100 3048,576,1224,1224
1526 100 2928,600,1224,1200
1527 100 2904,600,1224,1200
1528 100 2904,600,1224,1200
1529 100 2904,600,1224,1200
1530 100 2952,600,1224,1200
1531 100 3072,600,1224,1200
1532 100 3192,600,1224,1200
1533 100 3216,600,1224,1200
1534 100 3456,600,1224,1200
1535 100 3648,576,1224,1224
1536 100 3528,552,1224,1224
1537 100 0,528,1224,1224
1538 100 96,528,1224,1200
1539 100 24,504,1224,1200
1540 100 24,480,1224,1200
1541 100 72,456,1224,1224
1542 100 72,456,1224,1200
1543 100 72,456,1224,1200
1544 100 48,456,1224,1200
1545 100 24,432,1224,1224
1546 100 24,432,1224,1224
1547 100 48,432,1224,1224
1548 100 0,432,1224,1224
1549 100 72,432,1224,1224
1550 100 3432,432,1224,1200
1551 100 48,408,1224,1224
1552 100 0,408,1224,1200
1553 100 3384,384,1224,1200
1554 100 3456,360,1224,1200
1555 100 48,312,1224,1224
1556 100 72,288,1224,1224
1557 100 48,264,1224,1224
1558 100 3456,264,1224,1200
1559 100 3504,264,1224,1200
1560 100 3408,264,1224,1200
1561 100 72,264,1224,1224
1562 100 0,288,1224,1200
1563 100 3384,288,1224,1200
1564 100 96,288,1224,1224
1565 100 3432,288,1224,1200
1566 100 0,288,1224,1200
1567 100 48,264,1224,1224
1568 100 3384,264,1224,1200
1569 100 3432,264,1224,1200
1570 100 3456,264,1224,1200
1571 100 72,240,1224,1224
1572 100 120,216,1224,1224
1573 100 3360,192,1224,1200
1574 100 0,144,1224,1224
1575 100 3288,144,1224,1200
1576 100 72,144,1224,1224
1577 100 0,144,1224,1224
1578 100 3384,168,1224,1200
1579 100 3336,168,1224,1200
1580 100 144,168,1224,1224
1581 100 48,168,1224,1224
1582 100 96,168,1224,1224
1583 100 120,168,1224,1224
1584 100 72,168,1224,1224
1585 100 0,192,1224,1200
1586 100 3456,192,1224,1200
1587 100 3360,192,1224,1200
1588 100 96,192,1224,1224
1589 100 24,192,1224,1224
1590 100 0,216,1224,1200
1591 100 3480,216,1224,1200
1592 100 3408,216,1224,1200
1593 100 3384,216,1224,1200
1594 100 3360,216,1224,1200
1595 100 3360,216,1224,1200
1596 100 3336,216,1224,1200
1597 100 120,216,1224,1224
1598 100 48,216,1224,1224
1599 100 0,240,1224,1200
1600 100 3456,240,1224,1200
1601 100 3432,240,1224,1200
1602 100 3408,240,1224,1200
1603 100 3384,240,1224,1200
1604 100 3360,240,1224,1200
1605 100 96,240,1224,1224
1606 100 48,240,1224,1224
1607 100 0,264,1224,1200
1608 100 3480,264,1224,1200
1609 100 3408,264,1224,1200
1610 100 3384,264,1224,1200
1611 100 3360,264,1224,1200
1612 100 120,264,1224,1224
1613 100 3360,264,1224,1200
1614 100 72,264,1224,1224
1615 100 24,264,1224,1224
1616 100 24,264,1224,1224
1617 100 0,288,1224,1200
1618 100 0,288,1224,1200
1619 100 0,288,1224,1200
1620 100 3528,288,1224,1200
1621 100 3504,288,1224,1200
1622 100 3528,288,1224,1200
1623 100 3504,288,1224,1200
1624 100 3504,288,1224,1200
1625 100 3504,288,1224,1200
1626 100 3528,288,1224,1200
1627 100 3528,288,1224,1200
1628 100 3528,288,1224,1200
1629 100 3528,288,1224,1200
1630 100 3528,288,1224,1200
1631 100 3528,288,1224,1200
1632 100 3528,288,1224,1200
1633 100 3528,288,1224,1200
1634 100 3528,288,1224,1200
1635 100 0,288,1224,1200
1636 100 3528,288,1224,1200
1637 100 3528,288,1224,1200
1638 100 3528,288,1224,1200
1639 100 3504,288,1224,1200
1640 100 3504,288,1224,1200
1641 100 3480,288,1224,1200
1642 100 3456,288,1224,1200
1643 100 3456,288,1224,1200
1644 100 3456,288,1224,1200
1645 100 3408,288,1224,1200
1646 100 3408,288,1224,1200
1647 100 3408,288,1224,1200
1648 100 3408,288,1224,1200
1649 100 3360,288,1224,1200
1650 100 96,288,1224,1224
1651 100 0,288,1224,1224
1652 100 3384,312,1224,1200
1653 100 3432,336,1224,1200
1654 100 3408,360,1224,1200
1655 100 3528,360,1224,1224
1656 100 3432,384,1224,1200
1657 100 3336,384,1224,1224
1658 100 3336,408,1224,1224
1659 100 3216,456,1224,1200
1660 100 3072,480,1224,1224
1661 100 2880,504,1224,1200
1662 100 2760,528,1224,1200
1663 100 2616,528,1224,1200
1664 100 2520,528,1224,1224
1665 100 2448,528,1224,1224
1666 100 2352,552,1224,1200
1667 100 2304,576,1224,1200
1668 100 2280,576,1224,1200
1669 100 2280,600,1224,1200
1670 100 2280,600,1224,1200
1671 100 2280,624,1224,1200
1672 100 2256,624,1224,1224
1673 100 2208,648,1224,1200
1674 100 2184,672,1224,1200
1675 100 2160,696,1224,1200
1676 100 2136,720,1224,1200
1677 100 2136,744,1224,1200
1678 100 2112,768,1224,1200
1679 100 2088,792,1224,1224
1680 100 2064,816,1224,1224
1681 100 2040,840,1224,1224
1682 100 2016,840,1224,1224
1683 100 2016,864,1224,1224
1684 100 1992,864,1224,1224
1685 100 1968,888,1224,1224
1686 100 1944,888,1224,1224
1687 100 1944,888,1224,1224
1688 100 1920,888,1224,1248
1689 100 1896,912,1224,1224
1690 100 1896,912,1224,1224
1691 100 1896,912,1224,1248
1692 100 1920,936,1224,1224
1693 100 1968,936,1224,1224
1694 100 2016,936,1224,1224
1695 100 2064,936,1224,1224
1696 100 2136,960,1224,1200
1697 100 2184,960,1224,1200
1698 100 1680,984,1224,1176
1699 100 0,1008,1224,1152
1700 100 0,1032,1224,1128
1701 100 0,1056,1224,1104
1702 100 0,1056,1224,1104
1703 100 0,1080,1224,1080
1704 100 0,1080,1224,1080
1705 100 0,1104,1224,1056
1706 100 0,1104,1224,1056
1707 100 0,1104,1224,1056
1708 100 0,1128,1224,1032
1709 100 0,1128,1224,1032
1710 100 0,1152,1224,1008
1711 100 0,1152,1224,1008
1712 100 0,1152,1224,1008
1713 100 0,1152,1224,1008
1714 100 0,1152,1224,1008
1715 100 0,1152,1224,1008
1716 100 0,1152,1224,1008
1717 100 0,1152,1224,1008
1718 100 0,1152,1224,1008
1719 100 0,1176,1224,984
1720 100 0,1176,1224,984
1721 100 0,1176,1224,984
1722 100 0,1176,1224,984
1723 100 0,1176,1224,984
1724 100 0,1176,1224,984
1725 100 0,1176,1224,984
1726 100 0,1176,1224,984
1727 100 0,1200,1224,960
1728 100 0,1200,1224,960
1729 100 0,1200,1224,960
1730 100 0,1200,1224,960
1731 100 0,1224,1224,936
1732 100 0,1224,1224,936
1733 100 0,1224,1224,936
1734 100 0,1224,1224,936
1735 100 0,1224,1224,936
1736 100 0,1224,1224,936
1737 100 0,1224,1224,936
1738 100 0,1224,1224,936
1739 100 0,1224,1224,936
1740 100 0,1224,1224,936
1741 100 0,1224,1224,936
1742 100 0,1224,1224,936
1743 100 0,1224,1224,936
1744 100 0,1224,1224,936
1745 100 0,1224,1224,936
1746 100 0,1248,1224,912
1747 100 0,1248,1224,912
1748 100 0,1248,1224,912
1749 100 0,1248,1224,912
1750 100 0,1248,1224,912
1751 100 0,1248,1224,912
1752 100 0,1248,1224,912
1753 100 0,1248,1224,912
1754 100 0,1248,1224,912
1755 100 0,1248,1224,912
1756 100 0,1248,1224,912
1757 100 0,1248,1224,912
1758 100 0,1248,1224,912
1759 100 0,1248,1224,912
1760 100 0,1248,1224,912
1761 100 0,1248,1224,912
1762 100 0,1248,1224,912
1763 100 0,1248,1224,912
1764 100 0,1224,1224,936
1765 100 0,1224,1224,936
1766 100 0,1200,1224,960
1767 100 0,1176,1224,984
1768 100 0,1176,1224,984
1769 100 0,1152,1224,1008
1770 100 0,1128,1224,1032
1771 100 0,1128,1224,1032
1772 100 0,1104,1224,1056
1773 100 0,1080,1224,1080
1774 100 0,1056,1224,1104
1775 100 0,1056,1224,1104
1776 100 0,1032,1224,1128
1777 100 0,1032,1224,1128
1778 100 0,1032,1224,1128
1779 100 0,1008,1224,1152
1780 100 0,1008,1224,1152
1781 100 0,1008,1224,1152
1782 100 0,1008,1224,1152
1783 100 0,984,1224,1176
1784 100 0,984,1224,1176
1785 100 0,984,1224,1176
1786 100 0,960,1224,1200
1787 100 432,960,1224,1200
1788 100 1512,960,1224,1200
1789 100 2184,960,1224,1200
1790 100 168,960,1224,1200
1791 100 120,936,1224,1224
1792 100 96,912,1224,1224
1793 100 48,912,1224,1224
1794 100 48,888,1224,1224
1795 100 24,888,1224,1224
1796 100 24,888,1224,1200
1797 100 0,864,1224,1224
1798 100 0,864,1224,1224
1799 100 0,864,1224,1200
1800 100 0,864,1224,1200
1801 100 0,840,1224,1224
1802 100 0,840,1224,1224
1803 100 0,840,1224,1200
1804 100 0,840,1224,1200
1805 100 0,816,1224,1224
1806 100 0,816,1224,1200
1807 100 0,816,1224,1200
1808 100 0,816,1224,1200
1809 100 0,816,1224,1200
1810 100 0,792,1224,1224
1811 100 24,792,1224,1224
1812 100 24,792,1224,1224
1813 100 48,792,1224,1224
1814 100 72,792,1224,1224
1815 100 72,792,1224,1224
1816 100 96,792,1224,1224
1817 100 120,792,1224,1224
1818 100 144,792,1224,1200
1819 100 192,792,1224,1200
1820 100 216,792,1224,1200
1821 100 264,768,1224,1224
1822 100 288,768,1224,1200
1823 100 288,768,1224,1200
1824 100 312,744,1224,1200
1825 100 312,744,1224,1200
1826 100 336,720,1224,1224
1827 100 336,720,1224,1200
1828 100 336,720,1224,1200
1829 100 336,720,1224,1200
1830 100 360,696,1224,1200
1831 100 384,696,1224,1200
1832 100 384,696,1224,1200
1833 100 384,672,1224,1224
1834 100 384,672,1224,1224
1835 100 408,672,1224,1200
1836 100 408,672,1224,1200
1837 100 432,648,1224,1224
1838 100 456,648,1224,1200
1839 100 456,648,1224,1200
1840 100 480,624,1224,1224
1841 100 480,624,1224,1224
1842 100 456,624,1224,1224
1843 100 456,624,1224,1224
1844 100 456,624,1224,1224
1845 100 432,624,1224,1224
1846 100 432,624,1224,1224
1847 100 432,624,1224,1224
1848 100 432,648,1224,1200
1849 100 408,648,1224,1200
1850 100 408,648,1224,1200
1851 100 408,648,1224,1200
1852 100 408,624,1224,1224
1853 100 384,624,1224,1224
1854 100 384,624,1224,1224
1855 100 360,624,1224,1224
1856 100 336,624,1224,1224
1857 100 312,624,1224,1224
1858 100 336,624,1224,1224
1859 100 360,624,1224,1200
1860 100 432,624,1224,1200
1861 100 504,624,1224,1200
1862 100 576,624,1224,1200
1863 100 600,624,1224,1200
1864 100 624,624,1224,1200
1865 100 648,624,1224,1200
1866 100 672,624,1224,1224
1867 100 696,648,1224,1200
1868 100 744,624,1224,1224
1869 100 792,624,1224,1224
1870 100 816,624,1224,1224
1871 100 864,624,1224,1224
1872 100 888,624,1224,1224
1873 100 912,648,1224,1200
1874 100 960,648,1224,1200
1875 100 1008,648,1224,1224
1876 100 1056,648,1224,1224
1877 100 1080,672,1224,1200
1878 100 1104,672,1224,1200
1879 100 1104,672,1224,1224
1880 100 1104,696,1224,1200
1881 100 1104,672,1224,1200
1882 100 1128,648,1224,1224
1883 100 1176,624,1224,1224
1884 100 1200,624,1224,1200
1885 100 1224,624,1224,1200
1886 100 1224,624,1224,1200
1887 100 1248,600,1224,1224
1888 100 1248,600,1224,1224
1889 100 1272,600,1224,1200
1890 100 1272,600,1224,1200
1891 100 1296,600,1224,1200
1892 100 1296,600,1224,1200
1893 100 1296,600,1224,1200
1894 100 1272,600,1224,1200
1895 100 1272,600,1224,1200
1896 100 1272,600,1224,1200
1897 100 1296,576,1224,1224
1898 100 1296,576,1224,1200
1899 100 1320,576,1224,1200
1900 100 1320,552,1224,1224
1901 100 1296,552,1224,1200
1902 100 1224,552,1224,1200
1903 100 1104,576,1224,1200
1904 100 1032,576,1224,1200
1905 100 1056,576,1224,1200
1906 100 1032,576,1224,1200
1907 100 984,600,1224,1200
1908 100 936,600,1224,1200
1909 100 912,600,1224,1200
1910 100 912,600,1224,1200
1911 100 888,600,1224,1200
1912 100 888,600,1224,1224
1913 100 888,600,1224,1224
1914 100 888,600,1224,1200
1915 100 864,600,1224,1200
1916 100 864,600,1224,1224
1917 100 840,624,1224,1200
1918 100 840,624,1224,1200
1919 100 840,648,1224,1200
1920 100 840,648,1224,1224
1921 100 816,648,1224,1224
1922 100 816,648,1224,1224
1923 100 816,648,1224,1224
1924 100 816,672,1224,1200
1925 100 792,672,1224,1224
1926 100 768,696,1224,1224
1927 100 720,720,1224,1224
1928 100 648,720,1224,1224
1929 100 624,720,1224,1224
1930 100 624,720,1224,1200
1931 100 624,720,1224,1200
1932 100 624,720,1224,1200
1933 100 624,720,1224,1224
1934 100 624,720,1224,1224
1935 100 600,744,1224,1200
1936 100 576,744,1224,1200
1937 100 552,744,1224,1224
1938 100 528,744,1224,1224
1939 100 480,768,1224,1200
1940 100 456,768,1224,1224
1941 100 432,768,1224,1224
1942 100 384,792,1224,1200
1943 100 336,792,1224,1200
1944 100 312,792,1224,1224
1945 100 264,792,1224,1224
1946 100 264,792,1224,1200
1947 100 264,768,1224,1224
1948 100 288,768,1224,1224
1949 100 288,768,1224,1224
1950 100 288,768,1224,1224
1951 100 288,768,1224,1224
1952 100 288,768,1224,1224
1953 100 264,792,1224,1200
1954 100 264,792,1224,1200
1955 100 240,792,1224,1224
1956 100 216,816,1224,1200
1957 100 192,816,1224,1200
1958 100 192,816,1224,1200
1959 100 192,816,1224,1200
1960 100 168,816,1224,1200
1961 100 168,816,1224,1200
1962 100 144,816,1224,1224
1963 100 120,840,1224,1200
1964 100 120,840,1224,1224
1965 100 96,864,1224,1200
1966 100 72,864,1224,1224
1967 100 48,888,1224,1200
1968 100 0,912,1224,1200
1969 100 0,936,1224,1200
1970 100 0,936,1224,1224
1971 100 0,936,1224,1224
1972 100 0,936,1224,1200
1973 100 0,936,1224,1224
1974 100 0,960,1224,1200
1975 100 0,960,1224,1200
1976 100 0,960,1224,1200
1977 100 0,960,1224,1200
1978 100 0,984,1224,1176
1979 100 0,984,1224,1176
1980 100 1824,984,1224,1176
1981 100 1464,984,1224,1176
1982 100 984,1008,1224,1152
1983 100 384,1008,1224,1152
1984 100 0,1008,1224,1152
1985 100 0,1008,1224,1152
1986 100 0,1008,1224,1152
1987 100 0,1008,1224,1152
1988 100 0,984,1224,1176
1989 100 0,1008,1224,1152
1990 100 0,1008,1224,1152
1991 100 0,1008,1224,1152
1992 100 0,1032,1224,1128
1993 100 0,1032,1224,1128
1994 100 0,1032,1224,1128
1995 100 0,1032,1224,1128
1996 100 0,1032,1224,1128
1997 100 0,1032,1224,1128
1998 100 0,1032,1224,1128
