0 100 3528,552,1224,1200
1 100 384,504,1224,1224
2 100 3528,552,1224,1200
3 100 576,792,1224,1200
4 100 3528,552,1224,1200
5 100 576,792,1224,1200
6 100 576,792,1224,1200
7 100 576,792,1224,1200
8 100 552,792,1224,1200
9 100 0,528,1224,1224
10 100 552,792,1224,1200
11 100 552,792,1224,1224
12 100 552,792,1224,1224
13 100 552,792,1224,1224
14 100 3408,528,1224,1200
15 100 552,792,1224,1224
16 100 528,792,1224,1200
17 100 528,792,1224,1200
18 100 528,792,1224,1224
19 100 528,792,1224,1224
20 100 3480,528,1224,1200
21 100 504,792,1224,1224
22 100 3480,528,1224,1200
23 100 504,792,1224,1224
24 100 504,816,1224,1224
25 100 0,528,1224,1200
26 100 504,816,1224,1224
27 100 480,816,1224,1224
28 100 24,528,1224,1200
29 100 480,816,1224,1224
30 100 456,840,1224,1200
31 100 48,504,1224,1224
32 100 456,840,1224,1200
33 100 456,816,1224,1224
34 100 456,816,1224,1224
35 100 96,504,1224,1224
36 100 432,840,1224,1224
37 100 432,840,1224,1224
38 100 432,840,1224,1224
39 100 432,840,1224,1224
40 100 3384,504,1224,1200
41 100 408,840,1224,1224
42 100 3384,504,1224,1200
43 100 408,840,1224,1224
44 100 408,840,1224,1224
45 100 3408,504,1224,1200
46 100 408,840,1224,1224
47 100 384,840,1224,1224
48 100 3624,528,1224,1224
49 100 384,840,1224,1224
50 100 360,864,1224,1224
51 100 360,864,1224,1224
52 100 0,504,1224,1200
53 100 336,864,1224,1224
54 100 336,864,1224,1224
55 100 24,504,1224,1200
56 100 48,504,1224,1200
57 100 312,888,1224,1224
58 100 312,888,1224,1224
59 100 48,504,1224,1200
60 100 312,888,1224,1224
61 100 312,888,1224,1224
62 100 48,504,1224,1200
63 100 312,888,1224,1224
64 100 0,528,1224,1224
65 100 312,864,1224,1224
66 100 312,864,1224,1224
67 100 48,504,1224,1200
68 100 336,864,1224,1200
69 100 336,864,1224,1200
70 100 24,528,1224,1224
71 100 336,840,1224,1200
72 100 336,840,1224,1200
73 100 72,504,1224,1200
74 100 336,840,1224,1224
75 100 72,504,1224,1200
76 100 336,840,1224,1224
77 100 360,840,1224,1200
78 100 96,504,1224,1200
79 100 360,840,1224,1200
80 100 360,840,1224,1200
81 100 72,504,1224,1200
82 100 360,840,1224,1200
83 100 360,816,1224,1200
84 100 72,504,1224,1200
85 100 360,816,1224,1200
86 100 384,792,1224,1224
87 100 384,792,1224,1224
88 100 384,792,1224,1200
89 100 96,504,1224,1200
90 100 384,792,1224,1200
91 100 384,768,1224,1224
92 100 0,504,1224,1200
93 100 384,768,1224,1224
94 100 408,744,1224,1224
95 100 408,744,1224,1224
96 100 384,744,1224,1224
97 100 384,744,1224,1224
98 100 408,720,1224,1224
99 100 408,720,1224,1224
100 100 384,744,1224,1200
101 100 384,744,1224,1200
102 100 384,744,1224,1200
103 100 384,744,1224,1200
104 100 384,744,1224,1200
105 100 384,744,1224,1200
106 100 360,744,1224,1224
107 100 360,744,1224,1224
108 100 384,744,1224,1200
109 100 384,744,1224,1200
110 100 384,744,1224,1224
111 100 384,744,1224,1224
112 100 384,744,1224,1224
113 100 384,744,1224,1224
114 100 384,768,1224,1224
115 100 384,768,1224,1224
116 100 384,768,1224,1224
117 100 3480,528,1224,1200
118 100 384,768,1224,1224
119 100 360,768,1224,1224
120 100 360,768,1224,1224
121 100 360,768,1224,1200
122 100 360,768,1224,1200
123 100 384,744,1224,1224
124 100 384,744,1224,1224
125 100 360,744,1224,1224
126 100 360,744,1224,1224
127 100 360,720,1224,1224
128 100 360,720,1224,1224
129 100 360,696,1224,1224
130 100 360,696,1224,1224
131 100 384,672,1224,1224
132 100 384,672,1224,1224
133 100 384,672,1224,1224
134 100 384,672,1224,1224
135 100 384,648,1224,1200
136 100 384,648,1224,1200
137 100 408,624,1224,1200
138 100 408,624,1224,1200
139 100 408,576,1224,1224
140 100 408,576,1224,1224
141 100 408,552,1224,1224
142 100 408,552,1224,1224
143 100 384,576,1224,1224
144 100 384,576,1224,1224
145 100 384,600,1224,1224
146 100 384,600,1224,1224
147 100 360,624,1224,1200
148 100 24,528,1224,1200
149 100 360,624,1224,1200
150 100 336,624,1224,1200
151 100 336,624,1224,1200
152 100 336,624,1224,1200
153 100 336,624,1224,1200
154 100 360,600,1224,1200
155 100 360,600,1224,1200
156 100 360,600,1224,1200
157 100 360,600,1224,1200
158 100 384,576,1224,1200
159 100 384,576,1224,1200
160 100 408,576,1224,1200
161 100 408,576,1224,1200
162 100 408,576,1224,1200
163 100 408,576,1224,1200
164 100 408,576,1224,1200
165 100 408,576,1224,1200
166 100 408,576,1224,1200
167 100 408,576,1224,1200
168 100 408,576,1224,1200
169 100 408,576,1224,1200
170 100 432,576,1224,1200
171 100 432,576,1224,1200
172 100 432,576,1224,1224
173 100 432,576,1224,1224
174 100 432,576,1224,1224
175 100 432,576,1224,1224
176 100 432,576,1224,1224
177 100 432,576,1224,1224
178 100 432,576,1224,1224
179 100 432,576,1224,1224
180 100 432,600,1224,1200
181 100 72,504,1224,1224
182 100 432,600,1224,1200
183 100 432,600,1224,1224
184 100 432,600,1224,1224
185 100 432,600,1224,1224
186 100 432,600,1224,1224
187 100 432,624,1224,1200
188 100 432,624,1224,1200
189 100 432,624,1224,1200
190 100 432,624,1224,1200
191 100 408,624,1224,1200
192 100 408,624,1224,1200
193 100 408,600,1224,1224
194 100 408,600,1224,1224
195 100 384,600,1224,1224
196 100 384,600,1224,1224
197 100 360,600,1224,1224
198 100 360,600,1224,1224
199 100 360,600,1224,1200
200 100 3384,504,1224,1200
201 100 360,600,1224,1200
202 100 336,600,1224,1200
203 100 336,600,1224,1200
204 100 336,600,1224,1200
205 100 336,600,1224,1200
206 100 336,600,1224,1200
207 100 336,600,1224,1200
208 100 336,600,1224,1200
209 100 336,600,1224,1200
210 100 312,600,1224,1224
211 100 312,600,1224,1224
212 100 288,624,1224,1200
213 100 288,624,1224,1200
214 100 288,600,1224,1224
215 100 288,600,1224,1224
216 100 288,600,1224,1224
217 100 288,600,1224,1224
218 100 312,600,1224,1224
219 100 312,600,1224,1224
220 100 312,600,1224,1224
221 100 312,600,1224,1224
222 100 312,624,1224,1200
223 100 3384,504,1224,1200
224 100 312,624,1224,1200
225 100 288,624,1224,1200
226 100 288,624,1224,1200
227 100 312,624,1224,1200
228 100 312,624,1224,1200
229 100 312,600,1224,1224
230 100 312,600,1224,1224
231 100 336,600,1224,1200
232 100 336,600,1224,1200
233 100 360,600,1224,1200
234 100 360,600,1224,1200
235 100 3408,504,1224,1200
236 100 384,576,1224,1200
237 100 384,576,1224,1200
238 100 408,552,1224,1200
239 100 408,552,1224,1200
240 100 408,552,1224,1200
241 100 408,552,1224,1200
242 100 432,528,1224,1200
243 100 3408,504,1224,1200
244 100 432,528,1224,1200
245 100 408,528,1224,1200
246 100 408,528,1224,1200
247 100 408,528,1224,1224
248 100 3624,528,1224,1224
249 100 408,528,1224,1224
250 100 408,552,1224,1200
251 100 408,552,1224,1200
252 100 408,552,1224,1200
253 100 408,552,1224,1200
254 100 408,552,1224,1224
255 100 408,552,1224,1224
256 100 432,552,1224,1224
257 100 432,552,1224,1224
258 100 432,552,1224,1224
259 100 432,552,1224,1224
260 100 432,576,1224,1200
261 100 432,576,1224,1200
262 100 432,576,1224,1200
263 100 432,576,1224,1200
264 100 408,576,1224,1200
265 100 408,576,1224,1200
266 100 408,576,1224,1200
267 100 408,576,1224,1200
268 100 408,576,1224,1200
269 100 408,576,1224,1200
270 100 408,576,1224,1224
271 100 408,576,1224,1224
272 100 312,888,1224,1224
273 100 384,600,1224,1200
274 100 384,600,1224,1200
275 100 384,600,1224,1200
276 100 384,600,1224,1200
277 100 384,600,1224,1200
278 100 336,600,1224,1200
279 100 336,600,1224,1200
280 100 48,504,1224,1200
281 100 312,576,1224,1224
282 100 312,576,1224,1224
283 100 288,576,1224,1224
284 100 288,576,1224,1224
285 100 264,576,1224,1200
286 100 264,576,1224,1200
287 100 240,576,1224,1200
288 100 240,576,1224,1200
289 100 216,576,1224,1200
290 100 216,576,1224,1200
291 100 192,576,1224,1200
292 100 192,576,1224,1200
293 100 192,576,1224,1200
294 100 192,576,1224,1200
295 100 168,576,1224,1200
296 100 168,576,1224,1200
297 100 192,576,1224,1200
298 100 192,576,1224,1200
299 100 192,576,1224,1200
300 100 192,576,1224,1200
301 100 192,576,1224,1200
302 100 192,576,1224,1200
303 100 216,576,1224,1200
304 100 216,576,1224,1200
305 100 264,576,1224,1200
306 100 48,504,1224,1200
307 100 264,576,1224,1200
308 100 312,576,1224,1200
309 100 312,576,1224,1200
310 100 384,552,1224,1224
311 100 384,552,1224,1224
312 100 432,552,1224,1224
313 100 432,552,1224,1224
314 100 504,552,1224,1224
315 100 168,528,1224,1200
316 100 504,552,1224,1224
317 100 552,552,1224,1224
318 100 552,552,1224,1224
319 100 600,552,1224,1224
320 100 600,552,1224,1224
321 100 648,552,1224,1224
322 100 648,552,1224,1224
323 100 696,552,1224,1200
324 100 696,552,1224,1200
325 100 744,552,1224,1200
326 100 744,552,1224,1200
327 100 768,552,1224,1200
328 100 768,552,1224,1200
329 100 72,504,1224,1200
330 100 816,552,1224,1200
331 100 816,552,1224,1200
332 100 840,552,1224,1200
333 100 840,552,1224,1200
334 100 888,552,1224,1200
335 100 888,552,1224,1200
336 100 936,552,1224,1200
337 100 72,504,1224,1200
338 100 936,552,1224,1200
339 100 960,552,1224,1200
340 100 960,552,1224,1200
341 100 1008,552,1224,1200
342 100 1008,552,1224,1200
343 100 1056,552,1224,1200
344 100 1056,552,1224,1200
345 100 1080,552,1224,1224
346 100 1080,552,1224,1224
347 100 1104,576,1224,1200
348 100 1104,576,1224,1200
349 100 1128,576,1224,1200
350 100 1128,576,1224,1200
351 100 1152,576,1224,1200
352 100 1152,576,1224,1200
353 100 1152,576,1224,1224
354 100 1152,576,1224,1224
355 100 1152,576,1224,1224
356 100 1152,576,1224,1224
357 100 1176,576,1224,1224
358 100 1176,576,1224,1224
359 100 1176,576,1224,1224
360 100 1176,576,1224,1224
361 100 1176,576,1224,1224
362 100 1176,576,1224,1224
363 100 1176,576,1224,1224
364 100 1176,576,1224,1224
365 100 1176,576,1224,1224
366 100 1176,576,1224,1224
367 100 1200,576,1224,1224
368 100 1200,576,1224,1224
369 100 1200,576,1224,1224
370 100 1200,576,1224,1224
371 100 1200,576,1224,1200
372 100 1200,576,1224,1200
373 100 1200,576,1224,1200
374 100 1200,576,1224,1200
375 100 1224,576,1224,1200
376 100 1224,576,1224,1200
377 100 1224,576,1224,1200
378 100 1224,576,1224,1200
379 100 1224,576,1224,1200
380 100 1224,576,1224,1200
381 100 1224,576,1224,1200
382 100 1224,576,1224,1200
383 100 1224,576,1224,1200
384 100 1224,576,1224,1200
385 100 1224,576,1224,1200
386 100 1224,576,1224,1200
387 100 1224,576,1224,1200
388 100 1224,576,1224,1200
389 100 1224,576,1224,1200
390 100 1224,576,1224,1200
391 100 1248,576,1224,1224
392 100 1248,576,1224,1224
393 100 1248,576,1224,1224
394 100 1248,576,1224,1224
395 100 24,528,1224,1224
396 100 1272,576,1224,1224
397 100 1272,600,1224,1200
398 100 1272,600,1224,1200
399 100 1296,600,1224,1200
400 100 1296,600,1224,1200
401 100 1296,600,1224,1200
402 100 1296,600,1224,1200
403 100 1296,600,1224,1200
404 100 1296,600,1224,1200
405 100 1296,600,1224,1200
406 100 1296,600,1224,1200
407 100 1320,600,1224,1200
408 100 1320,600,1224,1200
409 100 1320,600,1224,1200
410 100 1320,600,1224,1200
411 100 1320,600,1224,1200
412 100 1320,600,1224,1200
413 100 1320,600,1224,1200
414 100 1320,600,1224,1200
415 100 1344,600,1224,1200
416 100 1344,600,1224,1200
417 100 1344,600,1224,1200
418 100 1344,600,1224,1200
419 100 1344,600,1224,1200
420 100 1344,600,1224,1200
421 100 1344,576,1224,1224
422 100 1344,576,1224,1224
423 100 1344,576,1224,1200
424 100 1344,576,1224,1200
425 100 1344,576,1224,1200
426 100 1344,576,1224,1200
427 100 1344,552,1224,1224
428 100 1344,552,1224,1224
429 100 1344,552,1224,1200
430 100 1344,552,1224,1200
431 100 1344,552,1224,1200
432 100 1344,552,1224,1200
433 100 1344,528,1224,1224
434 100 1344,528,1224,1224
435 100 1344,528,1224,1200
436 100 1344,528,1224,1200
437 100 1344,528,1224,1200
438 100 1344,528,1224,1200
439 100 1344,528,1224,1224
440 100 1344,528,1224,1224
441 100 1320,528,1224,1200
442 100 1320,528,1224,1200
443 100 1320,528,1224,1224
444 100 1320,528,1224,1224
445 100 1320,528,1224,1224
446 100 1320,528,1224,1224
447 100 1320,528,1224,1200
448 100 3408,528,1224,1200
449 100 1320,528,1224,1200
450 100 1320,528,1224,1200
451 100 1320,528,1224,1200
452 100 1296,528,1224,1224
453 100 1296,528,1224,1224
454 100 1296,528,1224,1224
455 100 1296,528,1224,1224
456 100 1272,528,1224,1224
457 100 1272,528,1224,1224
458 100 1272,552,1224,1200
459 100 1272,552,1224,1200
460 100 1272,552,1224,1200
461 100 1272,552,1224,1200
462 100 1272,552,1224,1200
463 100 1272,552,1224,1200
464 100 1272,552,1224,1224
465 100 1272,552,1224,1224
466 100 1272,552,1224,1224
467 100 1272,552,1224,1224
468 100 1272,576,1224,1200
469 100 1272,576,1224,1200
470 100 1272,576,1224,1200
471 100 1272,576,1224,1200
472 100 1272,576,1224,1200
473 100 1272,576,1224,1200
474 100 1272,552,1224,1224
475 100 1272,552,1224,1224
476 100 1272,552,1224,1224
477 100 1272,552,1224,1224
478 100 1272,552,1224,1224
479 100 1272,552,1224,1224
480 100 1272,576,1224,1200
481 100 1272,576,1224,1200
482 100 1272,552,1224,1224
483 100 1272,552,1224,1224
484 100 1272,552,1224,1224
485 100 1272,552,1224,1224
486 100 1272,552,1224,1224
487 100 1272,552,1224,1224
488 100 1272,552,1224,1224
489 100 1272,552,1224,1224
490 100 1272,552,1224,1224
491 100 1272,552,1224,1224
492 100 1272,552,1224,1224
493 100 1272,552,1224,1224
494 100 1272,552,1224,1224
495 100 1272,552,1224,1224
496 100 1272,552,1224,1224
497 100 1272,552,1224,1224
498 100 1248,552,1224,1224
499 100 1248,552,1224,1224
500 100 1248,552,1224,1224
501 100 3456,528,1224,1200
502 100 1248,552,1224,1224
503 100 1248,552,1224,1224
504 100 1248,552,1224,1224
505 100 1248,552,1224,1224
506 100 1248,552,1224,1224
507 100 1248,552,1224,1224
508 100 1248,552,1224,1224
509 100 1248,552,1224,1224
510 100 1248,552,1224,1224
511 100 1248,552,1224,1224
512 100 1248,552,1224,1224
513 100 1248,552,1224,1224
514 100 1248,552,1224,1224
515 100 1248,552,1224,1224
516 100 1248,552,1224,1224
517 100 1248,552,1224,1200
518 100 1248,552,1224,1200
519 100 1248,552,1224,1200
520 100 1248,552,1224,1200
521 100 1248,552,1224,1200
522 100 1248,552,1224,1200
523 100 1272,552,1224,1200
524 100 1272,552,1224,1200
525 100 1272,552,1224,1200
526 100 1272,552,1224,1200
527 100 1272,552,1224,1200
528 100 1272,552,1224,1200
529 100 1248,552,1224,1200
530 100 1248,552,1224,1200
531 100 1272,552,1224,1200
532 100 1272,552,1224,1200
533 100 1272,552,1224,1200
534 100 1272,552,1224,1200
535 100 1272,552,1224,1200
536 100 1272,552,1224,1200
537 100 1272,552,1224,1200
538 100 1272,552,1224,1200
539 100 1272,552,1224,1200
540 100 1272,552,1224,1200
541 100 1272,552,1224,1200
542 100 1272,552,1224,1200
543 100 1272,552,1224,1200
544 100 1272,552,1224,1200
545 100 1272,552,1224,1200
546 100 1272,552,1224,1200
547 100 1272,552,1224,1200
548 100 1272,552,1224,1200
549 100 1272,552,1224,1200
550 100 1272,552,1224,1200
551 100 1272,552,1224,1200
552 100 1272,552,1224,1200
553 100 1272,552,1224,1200
554 100 1272,552,1224,1200
555 100 1248,552,1224,1200
556 100 1248,552,1224,1200
557 100 1248,552,1224,1200
558 100 1248,552,1224,1200
559 100 1248,552,1224,1200
560 100 1248,552,1224,1200
561 100 1248,552,1224,1200
562 100 1248,552,1224,1200
563 100 1248,552,1224,1224
564 100 1248,552,1224,1224
565 100 1248,552,1224,1224
566 100 1248,552,1224,1224
567 100 1248,576,1224,1200
568 100 1248,576,1224,1200
569 100 1248,576,1224,1200
570 100 1248,576,1224,1200
571 100 1248,576,1224,1200
572 100 1248,576,1224,1200
573 100 1248,576,1224,1200
574 100 1248,576,1224,1200
575 100 1248,576,1224,1200
576 100 1248,576,1224,1200
577 100 1248,576,1224,1200
578 100 1248,576,1224,1200
579 100 1248,576,1224,1200
580 100 1248,576,1224,1200
581 100 1248,576,1224,1200
582 100 1248,576,1224,1200
583 100 1248,576,1224,1200
584 100 1248,576,1224,1200
585 100 1248,576,1224,1200
586 100 1248,576,1224,1200
587 100 1248,576,1224,1200
588 100 1248,576,1224,1200
589 100 1248,576,1224,1200
590 100 1248,576,1224,1200
591 100 1272,576,1224,1224
592 100 1272,576,1224,1224
593 100 1272,576,1224,1200
594 100 1272,576,1224,1200
595 100 1272,576,1224,1200
596 100 1272,576,1224,1200
597 100 1296,576,1224,1200
598 100 1296,576,1224,1200
599 100 1296,576,1224,1200
600 100 1296,576,1224,1200
601 100 1296,576,1224,1200
602 100 1296,576,1224,1200
603 100 1320,576,1224,1200
604 100 1320,576,1224,1200
605 100 1320,576,1224,1200
606 100 1320,576,1224,1200
607 100 1320,552,1224,1224
608 100 1320,552,1224,1224
609 100 1344,552,1224,1224
610 100 1344,552,1224,1224
611 100 1344,552,1224,1224
612 100 1344,552,1224,1224
613 100 1368,552,1224,1224
614 100 1368,552,1224,1224
615 100 1392,552,1224,1224
616 100 1392,552,1224,1224
617 100 1416,552,1224,1200
618 100 1416,552,1224,1200
619 100 1416,552,1224,1200
620 100 1416,552,1224,1200
621 100 0,528,1224,1200
622 100 1440,552,1224,1224
623 100 1440,552,1224,1224
624 100 1464,552,1224,1224
625 100 1464,552,1224,1224
626 100 1464,552,1224,1200
627 100 1464,552,1224,1200
628 100 1488,552,1224,1200
629 100 1488,552,1224,1200
630 100 1488,552,1224,1200
631 100 1488,552,1224,1200
632 100 1488,552,1224,1200
633 100 1488,552,1224,1200
634 100 1512,552,1224,1200
635 100 1512,552,1224,1200
636 100 1512,552,1224,1200
637 100 1512,552,1224,1200
638 100 1512,552,1224,1200
639 100 1512,552,1224,1200
640 100 1536,552,1224,1200
641 100 1536,552,1224,1200
642 100 1536,552,1224,1200
643 100 1536,552,1224,1200
644 100 1536,552,1224,1200
645 100 1536,552,1224,1200
646 100 1536,552,1224,1224
647 100 1536,552,1224,1224
648 100 1560,552,1224,1224
649 100 1560,552,1224,1224
650 100 1560,552,1224,1200
651 100 1560,552,1224,1200
652 100 1584,552,1224,1200
653 100 1584,552,1224,1200
654 100 1584,552,1224,1224
655 100 1584,552,1224,1224
656 100 1608,552,1224,1200
657 100 1608,552,1224,1200
658 100 1632,552,1224,1200
659 100 1632,552,1224,1200
660 100 1656,552,1224,1200
661 100 1656,552,1224,1200
662 100 1656,528,1224,1224
663 100 1656,528,1224,1224
664 100 1680,528,1224,1224
665 100 1680,528,1224,1224
666 100 1680,552,1224,1200
667 100 1680,552,1224,1200
668 100 1656,552,1224,1200
669 100 1656,552,1224,1200
670 100 1656,552,1224,1200
671 100 1656,552,1224,1200
672 100 1656,552,1224,1200
673 100 1656,552,1224,1200
674 100 1656,552,1224,1200
675 100 1656,552,1224,1200
676 100 1656,528,1224,1224
677 100 1656,528,1224,1224
678 100 1656,528,1224,1224
679 100 1656,528,1224,1224
680 100 1632,528,1224,1224
681 100 1632,528,1224,1224
682 100 1632,528,1224,1200
683 100 1632,528,1224,1200
684 100 1608,528,1224,1200
685 100 1608,528,1224,1200
686 100 1608,528,1224,1200
687 100 1608,528,1224,1200
688 100 1608,528,1224,1200
689 100 1608,528,1224,1200
690 100 1584,528,1224,1200
691 100 1584,528,1224,1200
692 100 1560,528,1224,1200
693 100 1560,528,1224,1200
694 100 1536,528,1224,1200
695 100 1536,528,1224,1200
696 100 1512,528,1224,1224
697 100 1512,528,1224,1224
698 100 1440,552,1224,1224
699 100 1440,552,1224,1224
700 100 1416,552,1224,1200
701 100 1416,552,1224,1200
702 100 1416,552,1224,1200
703 100 1416,552,1224,1200
704 100 1392,552,1224,1200
705 100 1392,552,1224,1200
706 100 1368,576,1224,1200
707 100 1368,576,1224,1200
708 100 1344,576,1224,1224
709 100 1344,576,1224,1224
710 100 1296,576,1224,1200
711 100 1296,576,1224,1200
712 100 1272,576,1224,1200
713 100 1272,576,1224,1200
714 100 1224,600,1224,1200
715 100 1224,600,1224,1200
716 100 1224,576,1224,1224
717 100 1224,576,1224,1224
718 100 1224,576,1224,1200
719 100 1224,576,1224,1200
720 100 1224,576,1224,1200
721 100 1224,576,1224,1200
722 100 1200,576,1224,1224
723 100 1200,576,1224,1224
724 100 1176,576,1224,1224
725 100 1176,576,1224,1224
726 100 1176,576,1224,1224
727 100 1176,576,1224,1224
728 100 1200,576,1224,1200
729 100 1200,576,1224,1200
730 100 1200,576,1224,1200
731 100 1200,576,1224,1200
732 100 1176,576,1224,1200
733 100 1176,576,1224,1200
734 100 1176,576,1224,1200
735 100 1176,576,1224,1200
736 100 1176,576,1224,1200
737 100 1176,576,1224,1200
738 100 1176,576,1224,1200
739 100 1176,576,1224,1200
740 100 1176,576,1224,1200
741 100 1176,576,1224,1200
742 100 1152,576,1224,1200
743 100 1152,576,1224,1200
744 100 48,504,1224,1224
745 100 1152,576,1224,1200
746 100 1152,576,1224,1200
747 100 3408,504,1224,1200
748 100 1128,576,1224,1200
749 100 1128,576,1224,1200
750 100 1128,576,1224,1200
751 100 1128,576,1224,1200
752 100 1104,576,1224,1200
753 100 1104,576,1224,1200
754 100 1104,576,1224,1200
755 100 1104,576,1224,1200
756 100 1080,576,1224,1200
757 100 1080,576,1224,1200
758 100 1080,576,1224,1200
759 100 1080,576,1224,1200
760 100 1080,552,1224,1224
761 100 1080,552,1224,1224
762 100 1056,552,1224,1224
763 100 1056,552,1224,1224
764 100 1056,552,1224,1200
765 100 1056,552,1224,1200
766 100 1056,552,1224,1200
767 100 1056,552,1224,1200
768 100 1056,552,1224,1200
769 100 1056,552,1224,1200
770 100 1056,528,1224,1224
771 100 1056,528,1224,1224
772 100 1056,528,1224,1200
773 100 1056,528,1224,1200
774 100 1056,528,1224,1200
775 100 1056,528,1224,1200
776 100 1056,528,1224,1200
777 100 1056,528,1224,1200
778 100 1056,528,1224,1200
779 100 1056,528,1224,1200
780 100 1056,504,1224,1224
781 100 1056,504,1224,1224
782 100 1056,504,1224,1200
783 100 1056,504,1224,1200
784 100 1056,504,1224,1200
785 100 1056,504,1224,1200
786 100 1056,504,1224,1200
787 100 1056,504,1224,1200
788 100 1056,504,1224,1200
789 100 1056,504,1224,1200
790 100 1056,504,1224,1200
791 100 1056,504,1224,1200
792 100 1056,504,1224,1200
793 100 1056,504,1224,1200
794 100 1056,504,1224,1200
795 100 1056,504,1224,1200
796 100 1080,504,1224,1200
797 100 1080,504,1224,1200
798 100 1080,504,1224,1200
799 100 1080,504,1224,1200
800 100 1080,504,1224,1224
801 100 1080,504,1224,1224
802 100 1080,528,1224,1200
803 100 1080,528,1224,1200
804 100 1104,528,1224,1200
805 100 1104,528,1224,1200
806 100 1104,528,1224,1200
807 100 1104,528,1224,1200
808 100 1152,528,1224,1224
809 100 1152,528,1224,1224
810 100 1176,552,1224,1200
811 100 1176,552,1224,1200
812 100 1200,552,1224,1200
813 100 1200,552,1224,1200
814 100 1248,552,1224,1200
815 100 1248,552,1224,1200
816 100 1320,552,1224,1224
817 100 1320,552,1224,1224
818 100 1368,576,1224,1200
819 100 1368,576,1224,1200
820 100 1440,576,1224,1200
821 100 1440,576,1224,1200
822 100 1488,576,1224,1200
823 100 1488,576,1224,1200
824 100 1512,576,1224,1200
825 100 1512,576,1224,1200
826 100 1560,576,1224,1200
827 100 1560,576,1224,1200
828 100 1584,576,1224,1200
829 100 1584,576,1224,1200
830 100 1632,576,1224,1200
831 100 1632,576,1224,1200
832 100 1632,576,1224,1224
833 100 1632,576,1224,1224
834 100 1656,576,1224,1224
835 100 1656,576,1224,1224
836 100 1680,600,1224,1200
837 100 1680,600,1224,1200
838 100 1680,600,1224,1200
839 100 1680,600,1224,1200
840 100 1704,600,1224,1200
841 100 1704,600,1224,1200
842 100 1728,600,1224,1200
843 100 1728,600,1224,1200
844 100 1728,600,1224,1200
845 100 1728,600,1224,1200
846 100 1728,600,1224,1224
847 100 1728,600,1224,1224
848 100 1752,624,1224,1200
849 100 1752,624,1224,1200
850 100 1776,624,1224,1200
851 100 1776,624,1224,1200
852 100 1776,624,1224,1200
853 100 1776,624,1224,1200
854 100 1800,624,1224,1200
855 100 1800,624,1224,1200
856 100 1824,624,1224,1200
857 100 1824,624,1224,1200
858 100 1848,624,1224,1200
859 100 1848,624,1224,1200
860 100 1872,624,1224,1224
861 100 1872,624,1224,1224
862 100 1872,624,1224,1224
863 100 1872,624,1224,1224
864 100 1896,624,1224,1224
865 100 1896,624,1224,1224
866 100 1920,648,1224,1200
867 100 1920,648,1224,1200
868 100 1944,648,1224,1200
869 100 1944,648,1224,1200
870 100 1968,624,1224,1224
871 100 1968,624,1224,1224
872 100 1968,624,1224,1224
873 100 1968,624,1224,1224
874 100 1992,624,1224,1224
875 100 1992,624,1224,1224
876 100 1992,624,1224,1224
877 100 1992,624,1224,1224
878 100 1992,624,1224,1224
879 100 1992,624,1224,1224
880 100 2016,624,1224,1200
881 100 2016,624,1224,1200
882 100 2040,624,1224,1200
883 100 2040,624,1224,1200
884 100 2040,624,1224,1200
885 100 96,504,1224,1224
886 100 2040,624,1224,1200
887 100 2064,624,1224,1200
888 100 2064,624,1224,1200
889 100 2088,624,1224,1200
890 100 2088,624,1224,1200
891 100 2112,624,1224,1200
892 100 2112,624,1224,1200
893 100 2136,624,1224,1200
894 100 2136,624,1224,1200
895 100 2136,624,1224,1200
896 100 2136,624,1224,1200
897 100 2160,624,1224,1200
898 100 2160,624,1224,1200
899 100 2208,600,1224,1224
900 100 2208,600,1224,1224
901 100 2232,600,1224,1224
902 100 2232,600,1224,1224
903 100 2256,600,1224,1200
904 100 2256,600,1224,1200
905 100 2280,600,1224,1200
906 100 2280,600,1224,1200
907 100 2304,600,1224,1200
908 100 2304,600,1224,1200
909 100 2328,576,1224,1224
910 100 2328,576,1224,1224
911 100 2352,576,1224,1200
912 100 2352,576,1224,1200
913 100 2376,552,1224,1200
914 100 2376,552,1224,1200
915 100 2400,528,1224,1224
916 100 2400,528,1224,1224
917 100 2424,528,1224,1200
918 100 2424,528,1224,1200
919 100 2424,504,1224,1224
920 100 2424,504,1224,1224
921 100 2424,504,1224,1200
922 100 2424,504,1224,1200
923 100 2424,480,1224,1200
924 100 2424,480,1224,1200
925 100 2424,480,1224,1200
926 100 2424,480,1224,1200
927 100 2424,456,1224,1200
928 100 2424,456,1224,1200
929 100 2424,456,1224,1200
930 100 2424,456,1224,1200
931 100 2448,456,1224,1200
932 100 2448,456,1224,1200
933 100 2448,432,1224,1224
934 100 2448,432,1224,1224
935 100 2448,432,1224,1224
936 100 2448,432,1224,1224
937 100 2448,456,1224,1200
938 100 2448,456,1224,1200
939 100 2472,456,1224,1200
940 100 2472,456,1224,1200
941 100 2472,456,1224,1200
942 100 2472,456,1224,1200
943 100 2472,456,1224,1200
944 100 2472,456,1224,1200
945 100 2472,456,1224,1200
946 100 2472,456,1224,1200
947 100 2472,432,1224,1224
948 100 2472,432,1224,1224
949 100 2472,432,1224,1224
950 100 2472,432,1224,1224
951 100 2472,432,1224,1224
952 100 2472,432,1224,1224
953 100 2496,432,1224,1200
954 100 2496,432,1224,1200
955 100 2496,432,1224,1200
956 100 2496,432,1224,1200
957 100 2520,432,1224,1200
958 100 2520,432,1224,1200
959 100 2520,432,1224,1200
960 100 2520,432,1224,1200
961 100 2544,432,1224,1200
962 100 2544,432,1224,1200
963 100 2544,432,1224,1200
964 100 2544,432,1224,1200
965 100 2544,432,1224,1200
966 100 2544,432,1224,1200
967 100 2544,432,1224,1200
968 100 2544,432,1224,1200
969 100 2544,432,1224,1200
970 100 2544,432,1224,1200
971 100 2544,432,1224,1200
972 100 2544,432,1224,1200
973 100 2520,432,1224,1224
974 100 2520,432,1224,1224
975 100 2520,456,1224,1200
976 100 2520,456,1224,1200
977 100 2520,456,1224,1200
978 100 2520,456,1224,1200
979 100 2496,480,1224,1200
980 100 2496,480,1224,1200
981 100 2472,504,1224,1200
982 100 2472,504,1224,1200
983 100 2448,504,1224,1224
984 100 2448,504,1224,1224
985 100 2424,528,1224,1200
986 100 2424,528,1224,1200
987 100 2400,528,1224,1200
988 100 2400,528,1224,1200
989 100 2376,528,1224,1224
990 100 2376,528,1224,1224
991 100 2352,552,1224,1200
992 100 2352,552,1224,1200
993 100 2328,552,1224,1200
994 100 2328,552,1224,1200
995 100 2304,552,1224,1224
996 100 2304,552,1224,1224
997 100 2280,576,1224,1200
998 100 2280,576,1224,1200
999 100 2280,576,1224,1200
1000 100 2280,576,1224,1200
1001 100 2280,576,1224,1200
1002 100 2280,576,1224,1200
1003 100 2256,576,1224,1200
1004 100 2256,576,1224,1200
1005 100 2256,576,1224,1200
1006 100 2256,576,1224,1200
1007 100 2256,576,1224,1200
1008 100 2256,576,1224,1200
1009 100 2232,576,1224,1200
1010 100 2232,576,1224,1200
1011 100 2208,576,1224,1200
1012 100 2208,576,1224,1200
1013 100 2184,576,1224,1200
1014 100 2184,576,1224,1200
1015 100 2160,576,1224,1200
1016 100 2160,576,1224,1200
1017 100 2136,576,1224,1200
1018 100 2136,576,1224,1200
1019 100 2136,576,1224,1200
1020 100 2136,576,1224,1200
1021 100 2112,576,1224,1200
1022 100 2112,576,1224,1200
1023 100 2112,552,1224,1224
1024 100 2112,552,1224,1224
1025 100 2088,552,1224,1200
1026 100 2088,552,1224,1200
1027 100 2088,552,1224,1200
1028 100 2088,552,1224,1200
1029 100 2088,552,1224,1200
1030 100 2088,552,1224,1200
1031 100 2088,552,1224,1200
1032 100 2088,552,1224,1200
1033 100 2088,528,1224,1224
1034 100 2088,528,1224,1224
1035 100 2088,528,1224,1224
1036 100 2088,528,1224,1224
1037 100 2088,528,1224,1200
1038 100 2088,528,1224,1200
1039 100 2088,528,1224,1200
1040 100 2088,528,1224,1200
1041 100 2088,528,1224,1200
1042 100 2088,528,1224,1200
1043 100 2088,528,1224,1200
1044 100 2088,528,1224,1200
1045 100 2088,528,1224,1200
1046 100 2088,528,1224,1200
1047 100 2088,528,1224,1200
1048 100 2088,528,1224,1200
1049 100 2088,528,1224,1200
1050 100 2088,528,1224,1200
1051 100 2088,528,1224,1200
1052 100 2088,528,1224,1200
1053 100 2088,528,1224,1200
1054 100 2088,528,1224,1200
1055 100 2064,528,1224,1200
1056 100 2064,528,1224,1200
1057 100 2064,528,1224,1200
1058 100 2064,528,1224,1200
1059 100 2064,528,1224,1200
1060 100 2064,528,1224,1200
1061 100 2064,528,1224,1200
1062 100 2064,528,1224,1200
1063 100 2040,528,1224,1200
1064 100 2040,528,1224,1200
1065 100 2040,528,1224,1200
1066 100 2040,528,1224,1200
1067 100 2040,528,1224,1200
1068 100 2040,528,1224,1200
1069 100 2016,528,1224,1200
1070 100 2016,528,1224,1200
1071 100 2016,528,1224,1200
1072 100 2016,528,1224,1200
1073 100 2016,528,1224,1200
1074 100 2016,528,1224,1200
1075 100 1992,528,1224,1200
1076 100 1992,528,1224,1200
1077 100 1992,528,1224,1200
1078 100 1992,528,1224,1200
1079 100 1968,528,1224,1200
1080 100 1968,528,1224,1200
1081 100 1968,528,1224,1200
1082 100 1968,528,1224,1200
1083 100 1968,528,1224,1200
1084 100 1968,528,1224,1200
1085 100 1944,528,1224,1224
1086 100 1944,528,1224,1224
1087 100 1944,528,1224,1224
1088 100 1944,528,1224,1224
1089 100 1920,528,1224,1224
1090 100 1920,528,1224,1224
1091 100 1920,528,1224,1224
1092 100 1920,528,1224,1224
1093 100 1896,528,1224,1224
1094 100 1896,528,1224,1224
1095 100 1896,528,1224,1224
1096 100 1896,528,1224,1224
1097 100 1872,552,1224,1200
1098 100 1872,552,1224,1200
1099 100 1848,552,1224,1200
1100 100 1848,552,1224,1200
1101 100 1824,552,1224,1200
1102 100 1824,552,1224,1200
1103 100 1800,528,1224,1224
1104 100 1800,528,1224,1224
1105 100 1776,528,1224,1224
1106 100 1776,528,1224,1224
1107 100 1752,528,1224,1200
1108 100 1752,528,1224,1200
1109 100 1704,528,1224,1224
1110 100 1704,528,1224,1224
1111 100 1680,528,1224,1200
1112 100 1680,528,1224,1200
1113 100 1656,528,1224,1200
1114 100 1656,528,1224,1200
1115 100 1656,528,1224,1200
1116 100 1656,528,1224,1200
1117 100 1632,528,1224,1200
1118 100 1632,528,1224,1200
1119 100 1608,528,1224,1200
1120 100 1608,528,1224,1200
1121 100 1584,528,1224,1200
1122 100 1584,528,1224,1200
1123 100 1560,528,1224,1200
1124 100 1560,528,1224,1200
1125 100 1560,528,1224,1200
1126 100 1560,528,1224,1200
1127 100 1560,528,1224,1200
1128 100 1560,528,1224,1200
1129 100 1536,528,1224,1200
1130 100 1536,528,1224,1200
1131 100 1536,528,1224,1200
1132 100 1536,528,1224,1200
1133 100 1512,528,1224,1200
1134 100 1512,528,1224,1200
1135 100 1512,528,1224,1200
1136 100 1512,528,1224,1200
1137 100 1512,528,1224,1200
1138 100 1512,528,1224,1200
1139 100 1488,528,1224,1200
1140 100 1488,528,1224,1200
1141 100 1488,528,1224,1200
1142 100 1488,528,1224,1200
1143 100 1464,528,1224,1200
1144 100 1464,528,1224,1200
1145 100 1464,528,1224,1200
1146 100 1464,528,1224,1200
1147 100 1440,504,1224,1224
1148 100 1440,504,1224,1224
1149 100 1440,504,1224,1224
1150 100 1440,504,1224,1224
1151 100 1416,504,1224,1200
1152 100 1416,504,1224,1200
1153 100 1416,504,1224,1200
1154 100 1416,504,1224,1200
1155 100 1392,504,1224,1200
1156 100 1392,504,1224,1200
1157 100 1368,480,1224,1224
1158 100 1368,480,1224,1224
1159 100 1344,480,1224,1200
1160 100 1344,480,1224,1200
1161 100 0,504,1224,1200
1162 100 1344,456,1224,1224
1163 100 1320,432,1224,1224
1164 100 1320,432,1224,1224
1165 100 1296,432,1224,1200
1166 100 1296,432,1224,1200
1167 100 1296,432,1224,1200
1168 100 1296,432,1224,1200
1169 100 1296,408,1224,1224
1170 100 1296,408,1224,1224
1171 100 1296,408,1224,1200
1172 100 1296,408,1224,1200
1173 100 1296,408,1224,1200
1174 100 1296,408,1224,1200
1175 100 1296,384,1224,1224
1176 100 1296,384,1224,1224
1177 100 1296,384,1224,1200
1178 100 1296,384,1224,1200
1179 100 1296,384,1224,1200
1180 100 1296,384,1224,1200
1181 100 1296,360,1224,1224
1182 100 1296,360,1224,1224
1183 100 1272,360,1224,1200
1184 100 1272,360,1224,1200
1185 100 1248,336,1224,1224
1186 100 1248,336,1224,1224
1187 100 1248,336,1224,1224
1188 100 1248,336,1224,1224
1189 100 1248,336,1224,1224
1190 100 1248,336,1224,1224
1191 100 1248,336,1224,1200
1192 100 1248,336,1224,1200
1193 100 1224,336,1224,1200
1194 100 1224,336,1224,1200
1195 100 1224,336,1224,1200
1196 100 1224,336,1224,1200
1197 100 1224,312,1224,1224
1198 100 1224,312,1224,1224
1199 100 1200,312,1224,1200
1200 100 1200,312,1224,1200
1201 100 1200,312,1224,1200
1202 100 1200,312,1224,1200
1203 100 1200,312,1224,1200
1204 100 1200,312,1224,1200
1205 100 1200,312,1224,1200
1206 100 1200,312,1224,1200
1207 100 1176,312,1224,1200
1208 100 1176,312,1224,1200
1209 100 1176,312,1224,1200
1210 100 1176,312,1224,1200
1211 100 1176,288,1224,1200
1212 100 1176,288,1224,1200
1213 100 24,504,1224,1200
1214 100 1176,288,1224,1200
1215 100 1176,288,1224,1200
1216 100 1176,288,1224,1200
1217 100 1176,288,1224,1200
1218 100 1176,288,1224,1200
1219 100 1176,288,1224,1200
1220 100 1176,288,1224,1200
1221 100 1176,288,1224,1200
1222 100 1176,288,1224,1200
1223 100 1176,288,1224,1200
1224 100 1176,264,1224,1224
1225 100 1176,264,1224,1224
1226 100 1176,264,1224,1224
1227 100 1176,264,1224,1224
1228 100 1176,264,1224,1200
1229 100 1176,264,1224,1200
1230 100 1176,264,1224,1200
1231 100 1176,264,1224,1200
1232 100 1176,264,1224,1200
1233 100 1176,264,1224,1200
1234 100 1176,264,1224,1200
1235 100 1176,264,1224,1200
1236 100 1176,264,1224,1200
1237 100 1176,264,1224,1200
1238 100 1152,240,1224,1224
1239 100 1152,240,1224,1224
1240 100 1152,240,1224,1224
1241 100 1152,240,1224,1224
1242 100 1152,240,1224,1224
1243 100 1152,240,1224,1224
1244 100 1152,264,1224,1200
1245 100 1152,264,1224,1200
1246 100 1152,264,1224,1200
1247 100 1152,264,1224,1200
1248 100 1152,264,1224,1200
1249 100 1152,264,1224,1200
1250 100 1152,264,1224,1200
1251 100 1152,264,1224,1200
1252 100 1152,264,1224,1200
1253 100 1152,264,1224,1200
1254 100 1152,264,1224,1200
1255 100 1152,264,1224,1200
1256 100 1152,264,1224,1200
1257 100 1152,264,1224,1200
1258 100 1152,264,1224,1200
1259 100 1152,264,1224,1200
1260 100 1152,264,1224,1200
1261 100 1152,264,1224,1200
1262 100 1152,264,1224,1224
1263 100 1152,264,1224,1224
1264 100 1152,264,1224,1224
1265 100 1152,264,1224,1224
1266 100 1152,264,1224,1224
1267 100 1152,264,1224,1224
1268 100 1152,288,1224,1200
1269 100 1152,288,1224,1200
1270 100 1152,288,1224,1200
1271 100 1152,288,1224,1200
1272 100 1152,288,1224,1200
1273 100 1152,288,1224,1200
1274 100 1152,288,1224,1200
1275 100 1152,288,1224,1200
1276 100 1152,288,1224,1200
1277 100 1152,288,1224,1200
1278 100 1152,288,1224,1200
1279 100 1152,288,1224,1200
1280 100 1152,288,1224,1200
1281 100 1152,288,1224,1200
1282 100 1152,288,1224,1224
1283 100 1152,288,1224,1224
1284 100 1152,288,1224,1224
1285 100 1152,288,1224,1224
1286 100 1152,288,1224,1224
1287 100 1152,288,1224,1224
1288 100 1152,312,1224,1200
1289 100 1152,312,1224,1200
1290 100 1152,312,1224,1200
1291 100 1152,312,1224,1224
1292 100 1152,312,1224,1224
1293 100 1152,312,1224,1224
1294 100 1128,336,1224,1200
1295 100 1128,336,1224,1200
1296 100 1128,336,1224,1200
1297 100 1128,336,1224,1200
1298 100 1104,336,1224,1200
1299 100 1104,336,1224,1200
1300 100 1104,336,1224,1200
1301 100 1104,336,1224,1200
1302 100 1104,336,1224,1200
1303 100 1104,336,1224,1200
1304 100 1104,360,1224,1200
1305 100 1104,360,1224,1200
1306 100 1080,360,1224,1200
1307 100 1080,360,1224,1200
1308 100 1080,360,1224,1224
1309 100 1080,360,1224,1224
1310 100 1080,384,1224,1200
1311 100 1080,384,1224,1200
1312 100 1056,384,1224,1200
1313 100 1056,384,1224,1200
1314 100 1056,408,1224,1200
1315 100 1056,408,1224,1200
1316 100 1032,408,1224,1200
1317 100 1032,408,1224,1200
1318 100 1032,408,1224,1224
1319 100 1032,408,1224,1224
1320 100 1032,432,1224,1200
1321 100 1032,432,1224,1200
1322 100 1008,432,1224,1200
1323 100 1008,432,1224,1200
1324 100 1008,432,1224,1200
1325 100 1008,432,1224,1200
1326 100 984,432,1224,1224
1327 100 984,432,1224,1224
1328 100 984,432,1224,1224
1329 100 984,432,1224,1224
1330 100 960,432,1224,1224
1331 100 960,432,1224,1224
1332 100 960,456,1224,1200
1333 100 960,456,1224,1200
1334 100 936,456,1224,1200
1335 100 936,456,1224,1200
1336 100 912,456,1224,1200
1337 100 912,456,1224,1200
1338 100 888,456,1224,1200
1339 100 888,456,1224,1200
1340 100 864,456,1224,1224
1341 100 864,456,1224,1224
1342 100 840,480,1224,1200
1343 100 840,480,1224,1200
1344 100 816,480,1224,1200
1345 100 816,480,1224,1200
1346 100 816,480,1224,1200
1347 100 816,480,1224,1200
1348 100 792,480,1224,1200
1349 100 792,480,1224,1200
1350 100 768,480,1224,1200
1351 100 768,480,1224,1200
1352 100 744,480,1224,1200
1353 100 744,480,1224,1200
1354 100 720,480,1224,1200
1355 100 720,480,1224,1200
1356 100 720,480,1224,1200
1357 100 720,480,1224,1200
1358 100 696,480,1224,1200
1359 100 240,624,1224,1224
1360 100 696,480,1224,1200
1361 100 672,480,1224,1200
1362 100 672,480,1224,1200
1363 100 672,480,1224,1200
1364 100 672,480,1224,1200
1365 100 648,480,1224,1200
1366 100 648,480,1224,1200
1367 100 648,480,1224,1200
1368 100 648,480,1224,1200
1369 100 624,480,1224,1200
1370 100 624,480,1224,1200
1371 100 624,480,1224,1200
1372 100 624,480,1224,1200
1373 100 624,480,1224,1200
1374 100 624,480,1224,1200
1375 100 624,480,1224,1200
1376 100 624,480,1224,1200
1377 100 624,480,1224,1200
1378 100 624,480,1224,1200
1379 100 624,480,1224,1200
1380 100 600,480,1224,1200
1381 100 600,480,1224,1200
1382 100 600,480,1224,1200
1383 100 600,480,1224,1200
1384 100 600,480,1224,1200
1385 100 600,480,1224,1200
1386 100 600,480,1224,1200
1387 100 600,480,1224,1200
1388 100 576,480,1224,1200
1389 100 576,480,1224,1200
1390 100 576,480,1224,1200
1391 100 576,480,1224,1200
1392 100 576,480,1224,1200
1393 100 576,480,1224,1200
1394 100 552,480,1224,1200
1395 100 552,480,1224,1200
1396 100 552,480,1224,1200
1397 100 552,480,1224,1200
1398 100 528,480,1224,1200
1399 100 528,480,1224,1200
1400 100 528,480,1224,1200
1401 100 528,480,1224,1200
1402 100 504,480,1224,1200
1403 100 504,480,1224,1200
1404 100 480,480,1224,1224
1405 100 480,480,1224,1224
1406 100 456,480,1224,1224
1407 100 456,480,1224,1224
1408 100 432,480,1224,1224
1409 100 432,480,1224,1224
1410 100 408,480,1224,1200
1411 100 408,480,1224,1200
1412 100 360,480,1224,1200
1413 100 360,480,1224,1200
1414 100 312,456,1224,1224
1415 100 384,600,1224,1200
1416 100 312,456,1224,1224
1417 100 288,456,1224,1200
1418 100 288,456,1224,1200
1419 100 240,456,1224,1200
1420 100 240,456,1224,1200
1421 100 216,456,1224,1200
1422 100 216,456,1224,1200
1423 100 168,456,1224,1200
1424 100 168,456,1224,1200
1425 100 144,432,1224,1224
1426 100 144,432,1224,1224
1427 100 96,432,1224,1224
1428 100 96,432,1224,1224
1429 100 48,432,1224,1200
1430 100 48,432,1224,1200
1431 100 24,432,1224,1200
1432 100 24,432,1224,1200
1433 100 0,432,1224,1200
1434 100 0,432,1224,1200
1435 100 0,432,1224,1200
1436 100 0,432,1224,1200
1437 100 0,432,1224,1200
1438 100 0,432,1224,1200
1439 100 0,408,1224,1224
1440 100 0,408,1224,1224
1441 100 0,408,1224,1200
1442 100 0,408,1224,1200
1443 100 0,408,1224,1200
1444 100 0,408,1224,1200
1445 100 48,504,1224,1200
1446 100 0,384,1224,1200
1447 100 0,384,1224,1200
1448 100 48,384,1224,1200
1449 100 48,384,1224,1200
1450 100 24,384,1224,1200
1451 100 24,384,1224,1200
1452 100 24,360,1224,1224
1453 100 24,360,1224,1224
1454 100 24,360,1224,1224
1455 100 24,360,1224,1224
1456 100 0,360,1224,1200
1457 100 0,360,1224,1200
1458 100 24,360,1224,1200
1459 100 24,360,1224,1200
1460 100 24,360,1224,1200
1461 100 24,360,1224,1200
1462 100 0,336,1224,1224
1463 100 0,336,1224,1224
1464 100 0,336,1224,1224
1465 100 0,336,1224,1224
1466 100 0,336,1224,1200
1467 100 0,336,1224,1200
1468 100 24,336,1224,1200
1469 100 24,336,1224,1200
1470 100 0,336,1224,1200
1471 100 0,336,1224,1200
1472 100 0,336,1224,1200
1473 100 24,336,1224,1200
1474 100 24,336,1224,1200
1475 100 0,336,1224,1200
1476 100 0,336,1224,1200
1477 100 0,336,1224,1200
1478 100 0,336,1224,1200
1479 100 0,336,1224,1200
1480 100 0,336,1224,1200
1481 100 0,336,1224,1200
1482 100 0,336,1224,1200
1483 100 0,336,1224,1224
1484 100 0,336,1224,1224
1485 100 0,336,1224,1224
1486 100 0,336,1224,1224
1487 100 0,360,1224,1200
1488 100 0,360,1224,1200
1489 100 0,360,1224,1200
1490 100 0,360,1224,1224
1491 100 0,360,1224,1224
1492 100 48,384,1224,1200
1493 100 48,384,1224,1200
1494 100 0,384,1224,1200
1495 100 0,384,1224,1200
1496 100 0,384,1224,1200
1497 100 0,384,1224,1200
1498 100 48,384,1224,1224
1499 100 48,384,1224,1224
1500 100 24,408,1224,1200
1501 100 24,408,1224,1200
1502 100 24,408,1224,1200
1503 100 24,408,1224,1200
1504 100 24,408,1224,1200
1505 100 24,408,1224,1200
1506 100 0,408,1224,1200
1507 100 0,408,1224,1200
1508 100 24,384,1224,1224
1509 100 24,384,1224,1224
1510 100 24,384,1224,1200
1511 100 24,384,1224,1200
1512 100 24,384,1224,1200
1513 100 24,384,1224,1200
1514 100 24,384,1224,1200
1515 100 24,384,1224,1200
1516 100 24,384,1224,1200
1517 100 24,384,1224,1200
1518 100 48,504,1224,1200
1519 100 0,384,1224,1200
1520 100 48,384,1224,1224
1521 100 48,384,1224,1224
1522 100 48,384,1224,1224
1523 100 0,408,1224,1200
1524 100 0,408,1224,1200
1525 100 24,408,1224,1200
1526 100 24,408,1224,1200
1527 100 0,408,1224,1224
1528 100 0,408,1224,1224
1529 100 72,408,1224,1224
1530 100 72,408,1224,1224
1531 100 48,408,1224,1224
1532 100 48,408,1224,1224
1533 100 72,408,1224,1200
1534 100 72,408,1224,1200
1535 100 72,408,1224,1200
1536 100 72,408,1224,1200
1537 100 48,408,1224,1200
1538 100 48,408,1224,1200
1539 100 48,408,1224,1200
1540 100 48,408,1224,1200
1541 100 120,408,1224,1200
1542 100 120,408,1224,1200
1543 100 24,384,1224,1200
1544 100 24,384,1224,1200
1545 100 72,384,1224,1200
1546 100 72,384,1224,1200
1547 100 3384,360,1224,1200
1548 100 3384,360,1224,1200
1549 100 48,360,1224,1200
1550 100 48,360,1224,1200
1551 100 3432,336,1224,1200
1552 100 3432,336,1224,1200
1553 100 3480,336,1224,1200
1554 100 3480,336,1224,1200
1555 100 3456,336,1224,1200
1556 100 3456,336,1224,1200
1557 100 3456,336,1224,1200
1558 100 3456,336,1224,1200
1559 100 3456,336,1224,1200
1560 100 3456,336,1224,1200
1561 100 3456,336,1224,1200
1562 100 3456,336,1224,1200
1563 100 3480,336,1224,1200
1564 100 3480,336,1224,1200
1565 100 3480,336,1224,1200
1566 100 3480,336,1224,1200
1567 100 3504,336,1224,1200
1568 100 3504,336,1224,1200
1569 100 3504,336,1224,1200
1570 100 3504,336,1224,1200
1571 100 3600,312,1224,1224
1572 100 3600,312,1224,1224
1573 100 3360,312,1224,1224
1574 100 3360,312,1224,1224
1575 100 3384,312,1224,1200
1576 100 3384,312,1224,1200
1577 100 0,384,1224,1200
1578 100 3360,312,1224,1200
1579 100 3360,312,1224,1200
1580 100 3384,312,1224,1200
1581 100 3384,312,1224,1200
1582 100 3336,312,1224,1224
1583 100 3336,312,1224,1224
1584 100 3312,312,1224,1224
1585 100 3312,312,1224,1224
1586 100 3552,336,1224,1200
1587 100 3552,336,1224,1200
1588 100 3504,336,1224,1200
1589 100 3504,336,1224,1200
1590 100 3504,336,1224,1200
1591 100 3504,336,1224,1200
1592 100 3480,336,1224,1200
1593 100 3480,336,1224,1200
1594 100 3432,336,1224,1200
1595 100 3432,336,1224,1200
1596 100 3360,336,1224,1224
1597 100 3360,336,1224,1224
1598 100 3360,336,1224,1224
1599 100 3360,336,1224,1224
1600 100 3336,336,1224,1224
1601 100 3336,336,1224,1224
1602 100 3288,360,1224,1200
1603 100 3288,360,1224,1200
1604 100 3288,360,1224,1200
1605 100 3288,360,1224,1200
1606 100 3264,360,1224,1200
1607 100 3264,360,1224,1200
1608 100 3264,360,1224,1200
1609 100 3264,360,1224,1200
1610 100 3456,360,1224,1200
1611 100 3456,360,1224,1200
1612 100 3384,360,1224,1200
1613 100 3384,360,1224,1200
1614 100 3384,360,1224,1200
1615 100 3384,360,1224,1200
1616 100 3384,360,1224,1224
1617 100 3384,360,1224,1224
1618 100 3336,360,1224,1224
1619 100 24,480,1224,1224
1620 100 3336,360,1224,1224
1621 100 3288,384,1224,1200
1622 100 3288,384,1224,1200
1623 100 3264,384,1224,1200
1624 100 3264,384,1224,1200
1625 100 3240,384,1224,1200
1626 100 3240,384,1224,1200
1627 100 3264,384,1224,1200
1628 100 3264,384,1224,1200
1629 100 3264,384,1224,1200
1630 100 3264,384,1224,1200
1631 100 3312,384,1224,1200
1632 100 3312,384,1224,1200
1633 100 3312,384,1224,1200
1634 100 3312,384,1224,1200
1635 100 3288,384,1224,1200
1636 100 3288,384,1224,1200
1637 100 3288,384,1224,1200
1638 100 3288,384,1224,1200
1639 100 3288,384,1224,1200
1640 100 3288,384,1224,1200
1641 100 3312,384,1224,1200
1642 100 3312,384,1224,1200
1643 100 3528,384,1224,1200
1644 100 3528,384,1224,1200
1645 100 3528,384,1224,1200
1646 100 3528,384,1224,1200
1647 100 3480,384,1224,1200
1648 100 3480,384,1224,1200
1649 100 3504,384,1224,1200
1650 100 3504,384,1224,1200
1651 100 3504,384,1224,1200
1652 100 3504,384,1224,1200
1653 100 3504,384,1224,1200
1654 100 96,504,1224,1200
1655 100 3504,384,1224,1200
1656 100 3504,384,1224,1200
1657 100 3456,384,1224,1200
1658 100 3456,384,1224,1200
1659 100 3384,384,1224,1200
1660 100 3384,384,1224,1200
1661 100 3672,384,1224,1224
1662 100 3672,384,1224,1224
1663 100 3648,384,1224,1224
1664 100 3648,384,1224,1224
1665 100 3648,384,1224,1224
1666 100 3648,384,1224,1224
1667 100 3624,384,1224,1224
1668 100 3624,384,1224,1224
1669 100 3600,384,1224,1224
1670 100 3600,384,1224,1224
1671 100 3576,408,1224,1200
1672 100 3576,408,1224,1200
1673 100 3528,408,1224,1200
1674 100 3528,408,1224,1200
1675 100 3528,408,1224,1200
1676 100 3528,408,1224,1200
1677 100 3504,408,1224,1200
1678 100 3504,408,1224,1200
1679 100 3480,408,1224,1200
1680 100 3480,408,1224,1200
1681 100 3432,408,1224,1200
1682 100 3432,408,1224,1200
1683 100 3408,408,1224,1200
1684 100 0,408,1224,1200
1685 100 0,408,1224,1200
1686 100 0,408,1224,1200
1687 100 48,408,1224,1200
1688 100 72,408,1224,1200
1689 100 72,408,1224,1200
1690 100 72,408,1224,1200
1691 100 0,408,1224,1224
1692 100 24,408,1224,1200
1693 100 24,408,1224,1200
1694 100 24,408,1224,1224
1695 100 48,408,1224,1224
1696 100 48,408,1224,1224
1697 100 48,408,1224,1224
1698 100 0,408,1224,1224
1699 100 0,408,1224,1224
1700 100 0,408,1224,1224
1701 100 0,408,1224,1224
1702 100 0,432,1224,1200
1703 100 0,432,1224,1200
1704 100 0,432,1224,1200
1705 100 0,432,1224,1200
1706 100 24,432,1224,1200
1707 100 24,432,1224,1200
1708 100 24,432,1224,1200
1709 100 24,432,1224,1200
1710 100 24,432,1224,1224
1711 100 24,432,1224,1224
1712 100 0,456,1224,1200
1713 100 0,456,1224,1200
1714 100 0,456,1224,1200
1715 100 0,456,1224,1200
1716 100 0,456,1224,1200
1717 100 0,456,1224,1200
1718 100 0,456,1224,1200
1719 100 0,456,1224,1200
1720 100 0,456,1224,1200
1721 100 0,456,1224,1200
1722 100 24,456,1224,1224
1723 100 24,456,1224,1224
1724 100 0,480,1224,1200
1725 100 0,480,1224,1200
1726 100 0,480,1224,1200
1727 100 0,480,1224,1200
1728 100 0,480,1224,1200
1729 100 0,480,1224,1200
1730 100 0,480,1224,1200
1731 100 0,480,1224,1200
1732 100 24,480,1224,1200
1733 100 24,480,1224,1200
1734 100 48,480,1224,1224
1735 100 48,480,1224,1224
1736 100 72,504,1224,1200
1737 100 72,504,1224,1200
1738 100 96,504,1224,1200
1739 100 96,504,1224,1200
1740 100 120,504,1224,1200
1741 100 120,504,1224,1200
1742 100 144,504,1224,1224
1743 100 144,504,1224,1224
1744 100 168,528,1224,1200
1745 100 72,504,1224,1200
1746 100 192,528,1224,1224
1747 100 192,528,1224,1224
1748 100 192,552,1224,1200
1749 100 192,552,1224,1200
1750 100 216,552,1224,1200
1751 100 216,552,1224,1200
1752 100 216,552,1224,1224
1753 100 216,552,1224,1224
1754 100 216,552,1224,1224
1755 100 216,552,1224,1224
1756 100 216,576,1224,1200
1757 100 216,576,1224,1200
1758 100 216,576,1224,1200
1759 100 216,576,1224,1200
1760 100 216,576,1224,1200
1761 100 216,576,1224,1200
1762 100 240,576,1224,1200
1763 100 240,576,1224,1200
1764 100 240,576,1224,1224
1765 100 240,576,1224,1224
1766 100 240,576,1224,1224
1767 100 240,576,1224,1224
1768 100 240,600,1224,1200
1769 100 240,600,1224,1200
1770 100 240,600,1224,1200
1771 100 240,600,1224,1200
1772 100 240,600,1224,1200
1773 100 240,600,1224,1200
1774 100 240,600,1224,1200
1775 100 240,600,1224,1200
1776 100 240,600,1224,1200
1777 100 240,600,1224,1200
1778 100 240,600,1224,1224
1779 100 240,600,1224,1224
1780 100 240,600,1224,1200
1781 100 240,600,1224,1200
1782 100 240,600,1224,1224
1783 100 240,600,1224,1224
1784 100 240,600,1224,1224
1785 100 72,504,1224,1200
1786 100 240,600,1224,1224
1787 100 240,600,1224,1224
1788 100 240,600,1224,1224
1789 100 240,600,1224,1224
1790 100 240,600,1224,1224
1791 100 240,600,1224,1224
1792 100 240,600,1224,1224
1793 100 240,624,1224,1200
1794 100 240,624,1224,1200
1795 100 240,624,1224,1200
1796 100 240,624,1224,1200
1797 100 240,624,1224,1200
1798 100 240,624,1224,1200
1799 100 240,624,1224,1200
1800 100 240,624,1224,1200
1801 100 240,624,1224,1200
1802 100 240,624,1224,1200
1803 100 240,624,1224,1200
1804 100 240,624,1224,1200
1805 100 240,624,1224,1200
1806 100 72,504,1224,1200
1807 100 240,624,1224,1200
1808 100 240,624,1224,1200
1809 100 240,624,1224,1200
1810 100 240,624,1224,1200
1811 100 240,624,1224,1200
1812 100 240,624,1224,1200
1813 100 240,624,1224,1200
1814 100 240,624,1224,1200
1815 100 240,624,1224,1200
1816 100 240,624,1224,1200
1817 100 240,624,1224,1200
1818 100 216,624,1224,1200
1819 100 216,624,1224,1200
1820 100 216,624,1224,1200
1821 100 216,624,1224,1200
1822 100 216,624,1224,1200
1823 100 216,624,1224,1200
1824 100 216,624,1224,1200
1825 100 216,624,1224,1200
1826 100 216,624,1224,1200
1827 100 216,624,1224,1200
1828 100 216,624,1224,1200
1829 100 216,624,1224,1200
1830 100 216,624,1224,1200
1831 100 216,624,1224,1200
1832 100 216,624,1224,1200
1833 100 216,624,1224,1200
1834 100 216,624,1224,1200
1835 100 216,624,1224,1200
1836 100 216,624,1224,1200
1837 100 216,624,1224,1200
1838 100 216,624,1224,1200
1839 100 216,624,1224,1200
1840 100 216,624,1224,1200
1841 100 216,624,1224,1200
1842 100 216,624,1224,1200
1843 100 216,624,1224,1200
1844 100 216,624,1224,1200
1845 100 216,624,1224,1200
1846 100 216,624,1224,1200
1847 100 216,624,1224,1200
1848 100 240,624,1224,1200
1849 100 240,624,1224,1200
1850 100 240,600,1224,1224
1851 100 240,600,1224,1224
1852 100 240,600,1224,1224
1853 100 240,600,1224,1224
1854 100 216,600,1224,1224
1855 100 216,600,1224,1224
1856 100 216,600,1224,1224
1857 100 216,600,1224,1224
1858 100 240,600,1224,1224
1859 100 240,600,1224,1224
1860 100 240,600,1224,1200
1861 100 240,600,1224,1200
1862 100 240,600,1224,1200
1863 100 240,600,1224,1200
1864 100 240,600,1224,1200
1865 100 240,600,1224,1200
1866 100 240,600,1224,1200
1867 100 72,504,1224,1200
1868 100 240,600,1224,1200
1869 100 240,600,1224,1200
1870 100 240,600,1224,1200
1871 100 1128,216,1224,1200
1872 100 240,600,1224,1200
1873 100 240,600,1224,1200
1874 100 240,600,1224,1200
1875 100 240,600,1224,1200
1876 100 240,600,1224,1224
1877 100 240,600,1224,1224
1878 100 240,624,1224,1200
1879 100 240,624,1224,1200
1880 100 216,624,1224,1200
1881 100 216,624,1224,1200
1882 100 216,624,1224,1224
1883 100 216,624,1224,1224
1884 100 216,648,1224,1200
1885 100 216,648,1224,1200
1886 100 216,648,1224,1200
1887 100 216,648,1224,1200
1888 100 216,648,1224,1200
1889 100 216,648,1224,1200
1890 100 216,648,1224,1200
1891 100 216,648,1224,1200
1892 100 216,648,1224,1200
1893 100 216,648,1224,1200
1894 100 216,648,1224,1200
1895 100 216,648,1224,1200
1896 100 192,648,1224,1200
1897 100 192,648,1224,1200
1898 100 216,648,1224,1200
1899 100 216,648,1224,1200
1900 100 216,648,1224,1200
1901 100 216,648,1224,1200
1902 100 216,648,1224,1200
1903 100 216,648,1224,1200
1904 100 216,648,1224,1200
1905 100 240,624,1224,1224
1906 100 240,624,1224,1224
1907 100 96,504,1224,1200
1908 100 240,624,1224,1224
1909 100 240,624,1224,1224
1910 100 1104,216,1224,1200
1911 100 240,624,1224,1224
1912 100 240,624,1224,1224
1913 100 240,624,1224,1224
1914 100 240,624,1224,1224
1915 100 240,624,1224,1224
1916 100 240,624,1224,1200
1917 100 240,624,1224,1200
1918 100 264,600,1224,1224
1919 100 264,600,1224,1224
1920 100 264,600,1224,1224
1921 100 264,600,1224,1224
1922 100 264,624,1224,1200
1923 100 264,624,1224,1200
1924 100 264,624,1224,1200
1925 100 264,624,1224,1200
1926 100 288,624,1224,1200
1927 100 288,624,1224,1200
1928 100 288,600,1224,1224
1929 100 288,600,1224,1224
1930 100 312,600,1224,1224
1931 100 312,600,1224,1224
1932 100 312,624,1224,1200
1933 100 312,624,1224,1200
1934 100 360,624,1224,1200
1935 100 360,624,1224,1200
1936 100 408,600,1224,1224
1937 100 408,600,1224,1224
1938 100 456,600,1224,1200
1939 100 456,600,1224,1200
1940 100 504,600,1224,1200
1941 100 504,600,1224,1200
1942 100 552,600,1224,1200
1943 100 552,600,1224,1200
1944 100 600,600,1224,1200
1945 100 600,600,1224,1200
1946 100 624,600,1224,1200
1947 100 624,600,1224,1200
1948 100 672,600,1224,1200
1949 100 672,600,1224,1200
1950 100 696,576,1224,1224
1951 100 696,576,1224,1224
1952 100 744,576,1224,1200
1953 100 744,576,1224,1200
1954 100 792,576,1224,1200
1955 100 792,576,1224,1200
1956 100 816,576,1224,1200
1957 100 816,576,1224,1200
1958 100 840,552,1224,1224
1959 100 840,552,1224,1224
1960 100 864,552,1224,1200
1961 100 864,552,1224,1200
1962 100 912,552,1224,1200
1963 100 912,552,1224,1200
1964 100 936,552,1224,1200
1965 100 936,552,1224,1200
1966 100 960,552,1224,1200
1967 100 984,528,1224,1200
1968 100 1008,528,1224,1200
1969 100 1008,528,1224,1200
1970 100 1032,528,1224,1200
1971 100 1032,528,1224,1200
1972 100 1056,528,1224,1200
1973 100 1056,528,1224,1200
1974 100 1080,528,1224,1200
1975 100 1080,528,1224,1200
1976 100 1104,528,1224,1200
1977 100 1104,528,1224,1200
1978 100 1128,504,1224,1224
1979 100 1128,504,1224,1224
1980 100 1152,504,1224,1224
1981 100 1152,504,1224,1224
1982 100 1152,504,1224,1200
1983 100 1152,504,1224,1200
1984 100 1176,504,1224,1200
1985 100 1176,504,1224,1200
1986 100 1200,504,1224,1224
1987 100 1200,504,1224,1224
1988 100 1200,504,1224,1200
1989 100 1200,504,1224,1200
1990 100 1224,480,1224,1224
1991 100 1224,480,1224,1224
1992 100 1224,480,1224,1224
1993 100 1224,480,1224,1224
1994 100 1248,480,1224,1224
1995 100 1248,480,1224,1224
1996 100 1248,480,1224,1200
1997 100 1248,480,1224,1200
1998 100 1248,456,1224,1224
1999 100 1248,456,1224,1224
2000 100 1248,456,1224,1200
2001 100 1248,456,1224,1200
2002 100 1224,432,1224,1200
2003 100 1224,432,1224,1200
2004 100 1224,432,1224,1200
2005 100 1224,432,1224,1200
2006 100 1224,408,1224,1200
2007 100 1224,408,1224,1200
2008 100 1224,384,1224,1200
2009 100 1224,384,1224,1200
2010 100 1224,360,1224,1224
2011 100 1200,336,1224,1224
2012 100 1200,336,1224,1200
2013 100 1200,336,1224,1200
2014 100 3648,480,1224,1224
2015 100 1176,312,1224,1200
2016 100 1176,312,1224,1200
2017 100 1152,288,1224,1200
2018 100 1152,288,1224,1200
2019 100 1152,288,1224,1200
2020 100 1152,288,1224,1200
2021 100 1128,240,1224,1224
2022 100 1128,240,1224,1224
2023 100 1128,240,1224,1200
2024 100 1128,240,1224,1200
2025 100 1104,216,1224,1224
2026 100 1104,216,1224,1224
2027 100 1104,216,1224,1224
2028 100 1104,216,1224,1224
2029 100 1128,216,1224,1224
2030 100 1128,216,1224,1224
2031 100 72,504,1224,1224
2032 100 1128,216,1224,1200
2033 100 1128,216,1224,1200
2034 100 1128,216,1224,1200
2035 100 1128,216,1224,1200
2036 100 1128,216,1224,1200
2037 100 1128,216,1224,1200
2038 100 1344,456,1224,1224
2039 100 1104,216,1224,1200
2040 100 1104,192,1224,1224
2041 100 1104,192,1224,1224
2042 100 1104,192,1224,1224
2043 100 1104,192,1224,1224
2044 100 1104,192,1224,1200
2045 100 1104,192,1224,1200
2046 100 1104,192,1224,1200
2047 100 1104,192,1224,1200
2048 100 1104,192,1224,1200
2049 100 1104,192,1224,1200
2050 100 1104,192,1224,1200
2051 100 1104,192,1224,1200
2052 100 1104,192,1224,1200
2053 100 1104,192,1224,1200
2054 100 1104,192,1224,1224
2055 100 1104,192,1224,1224
2056 100 1104,192,1224,1224
2057 100 1104,192,1224,1224
2058 100 1104,216,1224,1200
2059 100 1104,216,1224,1200
2060 100 1128,216,1224,1200
2061 100 1128,216,1224,1200
2062 100 1128,216,1224,1200
2063 100 1128,216,1224,1200
2064 100 1128,216,1224,1200
2065 100 1128,216,1224,1200
2066 100 1128,216,1224,1224
2067 100 1128,216,1224,1224
2068 100 1128,240,1224,1200
2069 100 1128,240,1224,1200
2070 100 1128,240,1224,1200
2071 100 1128,240,1224,1200
2072 100 1152,240,1224,1224
2073 100 1152,240,1224,1224
2074 100 1152,264,1224,1200
2075 100 1152,264,1224,1200
2076 100 1176,264,1224,1200
2077 100 1176,264,1224,1200
2078 100 1176,288,1224,1200
2079 100 1176,288,1224,1200
2080 100 1176,288,1224,1224
2081 100 1176,288,1224,1224
2082 100 1200,312,1224,1200
2083 100 1200,312,1224,1200
2084 100 1224,336,1224,1200
2085 100 1224,336,1224,1200
2086 100 1224,336,1224,1224
2087 100 1224,336,1224,1224
2088 100 1248,360,1224,1200
2089 100 1248,360,1224,1200
2090 100 1248,360,1224,1224
2091 100 1248,360,1224,1224
2092 100 1272,384,1224,1200
2093 100 1272,384,1224,1200
2094 100 1272,384,1224,1224
2095 100 1272,384,1224,1224
2096 100 1320,408,1224,1224
2097 100 1320,408,1224,1224
2098 100 1320,432,1224,1200
2099 100 1344,432,1224,1224
2100 100 1344,432,1224,1224
2101 100 1344,432,1224,1224
2102 100 1368,432,1224,1224
2103 100 1368,432,1224,1224
2104 100 1368,432,1224,1224
2105 100 1392,456,1224,1200
2106 100 1392,456,1224,1200
2107 100 1392,456,1224,1200
2108 100 1416,456,1224,1200
2109 100 1416,456,1224,1200
2110 100 1416,456,1224,1200
2111 100 1416,456,1224,1200
2112 100 1416,456,1224,1200
2113 100 1416,456,1224,1200
2114 100 1416,456,1224,1200
2115 100 1416,456,1224,1200
2116 100 1416,456,1224,1200
2117 100 1416,456,1224,1200
2118 100 1416,456,1224,1200
2119 100 1416,456,1224,1200
2120 100 1416,456,1224,1200
2121 100 1416,456,1224,1200
2122 100 1416,456,1224,1200
2123 100 1416,456,1224,1200
2124 100 1416,456,1224,1200
2125 100 1416,456,1224,1200
2126 100 1416,456,1224,1200
2127 100 1416,456,1224,1200
2128 100 1416,456,1224,1200
2129 100 1416,456,1224,1200
2130 100 1416,456,1224,1200
2131 100 1416,456,1224,1200
2132 100 1440,456,1224,1200
2133 100 1440,456,1224,1200
2134 100 1440,456,1224,1200
2135 100 1440,456,1224,1200
2136 100 1464,456,1224,1200
2137 100 1464,456,1224,1200
2138 100 1488,456,1224,1224
2139 100 1488,456,1224,1224
2140 100 1512,480,1224,1200
2141 100 1512,480,1224,1200
2142 100 1512,480,1224,1200
2143 100 1536,480,1224,1200
2144 100 1536,480,1224,1200
2145 100 1536,480,1224,1200
2146 100 1536,480,1224,1200
2147 100 1536,480,1224,1200
2148 100 1560,480,1224,1200
2149 100 1560,480,1224,1200
2150 100 1584,480,1224,1200
2151 100 1584,480,1224,1200
2152 100 1584,480,1224,1200
2153 100 1584,480,1224,1200
2154 100 1608,480,1224,1200
2155 100 1608,480,1224,1200
2156 100 1632,480,1224,1200
2157 100 1632,480,1224,1200
2158 100 1632,480,1224,1224
2159 100 1632,480,1224,1224
2160 100 1656,480,1224,1224
2161 100 1656,480,1224,1224
2162 100 1680,480,1224,1224
2163 100 1680,480,1224,1224
2164 100 1704,480,1224,1224
2165 100 1704,480,1224,1224
2166 100 1704,480,1224,1224
2167 100 1704,480,1224,1224
2168 100 1728,480,1224,1224
2169 100 1728,480,1224,1224
2170 100 1752,480,1224,1224
2171 100 1752,480,1224,1224
2172 100 1752,480,1224,1224
2173 100 1752,480,1224,1224
2174 100 1800,480,1224,1224
2175 100 1800,480,1224,1224
2176 100 1800,480,1224,1224
2177 100 1800,480,1224,1224
2178 100 1800,504,1224,1200
2179 100 1800,504,1224,1200
2180 100 1800,504,1224,1200
2181 100 1800,504,1224,1200
2182 100 1800,504,1224,1200
2183 100 1800,504,1224,1200
2184 100 1824,504,1224,1200
2185 100 1824,504,1224,1200
2186 100 1824,504,1224,1200
2187 100 1824,504,1224,1200
2188 100 1824,504,1224,1200
2189 100 1824,504,1224,1200
2190 100 1824,504,1224,1200
2191 100 1824,504,1224,1200
2192 100 1824,504,1224,1200
2193 100 1824,504,1224,1200
2194 100 1824,504,1224,1200
2195 100 1824,504,1224,1200
2196 100 1824,504,1224,1200
2197 100 1824,504,1224,1200
2198 100 1824,504,1224,1200
2199 100 1824,504,1224,1200
2200 100 1824,504,1224,1200
2201 100 1824,504,1224,1200
2202 100 1824,504,1224,1200
2203 100 1824,504,1224,1200
2204 100 1824,504,1224,1200
2205 100 1824,504,1224,1200
2206 100 1824,504,1224,1200
2207 100 1824,504,1224,1200
2208 100 1800,504,1224,1200
2209 100 1800,504,1224,1200
2210 100 1776,504,1224,1200
2211 100 1776,504,1224,1200
2212 100 1752,504,1224,1200
2213 100 1752,504,1224,1200
2214 100 1704,504,1224,1200
2215 100 1704,504,1224,1200
2216 100 1680,480,1224,1224
2217 100 1680,480,1224,1224
2218 100 1632,480,1224,1224
2219 100 1632,480,1224,1224
2220 100 1584,480,1224,1224
2221 100 1584,480,1224,1224
2222 100 1560,480,1224,1200
2223 100 1560,480,1224,1200
2224 100 1272,576,1224,1224
2225 100 1464,480,1224,1200
2226 100 1464,480,1224,1200
2227 100 1416,480,1224,1200
2228 100 1416,480,1224,1200
2229 100 1392,480,1224,1200
2230 100 1392,480,1224,1200
2231 100 1368,480,1224,1200
2232 100 1368,480,1224,1200
2233 100 1320,480,1224,1200
2234 100 1320,480,1224,1200
2235 100 1296,480,1224,1224
2236 100 1296,480,1224,1224
2237 100 1248,504,1224,1200
2238 100 1248,504,1224,1200
2239 100 1224,504,1224,1200
2240 100 1224,504,1224,1200
2241 100 1176,528,1224,1200
2242 100 1176,528,1224,1200
2243 100 1128,528,1224,1200
2244 100 1128,528,1224,1200
2245 100 1080,552,1224,1200
2246 100 1080,552,1224,1200
2247 100 1008,552,1224,1200
2248 100 1008,552,1224,1200
2249 100 960,552,1224,1200
2250 100 960,552,1224,1200
2251 100 912,552,1224,1200
2252 100 912,552,1224,1200
2253 100 864,552,1224,1200
2254 100 864,552,1224,1200
2255 100 816,552,1224,1224
2256 100 816,552,1224,1224
2257 100 768,552,1224,1224
2258 100 96,504,1224,1200
2259 100 768,552,1224,1224
2260 100 744,552,1224,1200
2261 100 744,552,1224,1200
2262 100 696,552,1224,1200
2263 100 696,552,1224,1200
2264 100 672,552,1224,1200
2265 100 672,552,1224,1200
2266 100 648,552,1224,1200
2267 100 648,552,1224,1200
2268 100 600,552,1224,1200
2269 100 600,552,1224,1200
2270 100 576,528,1224,1224
2271 100 576,528,1224,1224
2272 100 528,528,1224,1200
2273 100 528,528,1224,1200
2274 100 480,504,1224,1224
2275 100 480,504,1224,1224
2276 100 408,504,1224,1200
2277 100 408,504,1224,1200
2278 100 336,504,1224,1200
2279 100 336,504,1224,1200
2280 100 264,504,1224,1200
2281 100 264,504,1224,1200
2282 100 192,480,1224,1224
2283 100 192,480,1224,1224
2284 100 120,480,1224,1224
2285 100 120,480,1224,1224
2286 100 96,504,1224,1200
2287 100 96,504,1224,1200
2288 100 48,504,1224,1200
2289 100 48,504,1224,1200
2290 100 24,504,1224,1200
2291 100 24,528,1224,1200
2292 100 24,528,1224,1200
2293 100 24,528,1224,1200
2294 100 0,528,1224,1200
2295 100 0,528,1224,1200
2296 100 0,528,1224,1200
2297 100 0,528,1224,1200
2298 100 24,528,1224,1200
2299 100 24,528,1224,1200
2300 100 24,528,1224,1200
2301 100 24,528,1224,1200
2302 100 24,528,1224,1224
2303 100 24,528,1224,1224
2304 100 144,528,1224,1224
2305 100 144,528,1224,1224
2306 100 48,552,1224,1200
2307 100 48,552,1224,1200
2308 100 3528,552,1224,1200
2309 100 3528,552,1224,1200
2310 100 3552,552,1224,1200
2311 100 3552,552,1224,1200
2312 100 3576,552,1224,1200
2313 100 3576,552,1224,1200
2314 100 3600,528,1224,1224
2315 100 3600,528,1224,1224
2316 100 3696,528,1224,1224
2317 100 3696,528,1224,1224
2318 100 3408,528,1224,1200
2319 100 3408,528,1224,1200
2320 100 3456,528,1224,1200
2321 100 3456,528,1224,1200
2322 100 3432,528,1224,1200
2323 100 3432,528,1224,1200
2324 100 3456,528,1224,1200
2325 100 3384,480,1224,1224
2326 100 3480,480,1224,1200
2327 100 3480,480,1224,1200
2328 100 3360,456,1224,1224
2329 100 3360,456,1224,1224
2330 100 3456,456,1224,1200
2331 100 3456,456,1224,1200
2332 100 3576,432,1224,1224
2333 100 3576,432,1224,1224
2334 100 3384,432,1224,1200
2335 100 3384,432,1224,1200
2336 100 3432,432,1224,1200
2337 100 3432,432,1224,1200
2338 100 3432,432,1224,1200
2339 100 3384,432,1224,1224
2340 100 3384,432,1224,1224
2341 100 3360,432,1224,1224
2342 100 3360,432,1224,1224
2343 100 3360,432,1224,1224
2344 100 3360,432,1224,1224
2345 100 3384,432,1224,1200
2346 100 3384,432,1224,1200
2347 100 3456,528,1224,1200
2348 100 3384,432,1224,1224
2349 100 3384,432,1224,1224
2350 100 3576,456,1224,1200
2351 100 3576,456,1224,1200
2352 100 3528,456,1224,1200
2353 100 3528,456,1224,1200
2354 100 3480,456,1224,1200
2355 100 3480,456,1224,1200
2356 100 3456,456,1224,1200
2357 100 3456,456,1224,1200
2358 100 3432,456,1224,1200
2359 100 3432,456,1224,1200
2360 100 3432,456,1224,1200
2361 100 3408,456,1224,1200
2362 100 3672,456,1224,1224
2363 100 3672,456,1224,1224
2364 100 3576,480,1224,1200
2365 100 3576,480,1224,1200
2366 100 3504,480,1224,1200
2367 100 3504,480,1224,1200
2368 100 3432,480,1224,1200
2369 100 3432,480,1224,1200
2370 100 3672,480,1224,1224
2371 100 3672,480,1224,1224
2372 100 3600,480,1224,1224
2373 100 3600,480,1224,1224
2374 100 3576,504,1224,1200
2375 100 3576,504,1224,1200
2376 100 3528,504,1224,1200
2377 100 3528,504,1224,1200
2378 100 3480,504,1224,1200
2379 100 3480,504,1224,1200
2380 100 3456,504,1224,1200
2381 100 3456,504,1224,1200
2382 100 3456,504,1224,1200
2383 100 3456,504,1224,1200
2384 100 3480,504,1224,1200
2385 100 3480,504,1224,1200
2386 100 3480,504,1224,1200
2387 100 3480,504,1224,1200
2388 100 3432,504,1224,1200
2389 100 3432,504,1224,1200
2390 100 3408,504,1224,1200
2391 100 3408,504,1224,1200
2392 100 3432,504,1224,1200
2393 100 3432,504,1224,1200
2394 100 3432,504,1224,1200
2395 100 3432,504,1224,1200
2396 100 3432,504,1224,1200
2397 100 3432,504,1224,1200
2398 100 3432,504,1224,1200
2399 100 3432,504,1224,1200
2400 100 3456,504,1224,1200
2401 100 3456,504,1224,1200
2402 100 3456,504,1224,1200
2403 100 3456,504,1224,1200
2404 100 3456,504,1224,1200
2405 100 3456,504,1224,1200
2406 100 3456,504,1224,1200
2407 100 3456,504,1224,1200
2408 100 3480,504,1224,1200
2409 100 3480,504,1224,1200
2410 100 3456,504,1224,1200
2411 100 3456,504,1224,1200
2412 100 3456,504,1224,1200
2413 100 3456,504,1224,1200
2414 100 3456,504,1224,1200
2415 100 3432,504,1224,1200
2416 100 3432,504,1224,1200
2417 100 3480,504,1224,1200
2418 100 3480,504,1224,1200
2419 100 3480,504,1224,1200
2420 100 3480,504,1224,1200
2421 100 3528,504,1224,1200
2422 100 3528,504,1224,1200
2423 100 3528,504,1224,1200
2424 100 3528,504,1224,1200
2425 100 3552,504,1224,1200
2426 100 3552,504,1224,1200
2427 100 3600,504,1224,1200
2428 100 3600,504,1224,1200
2429 100 3600,480,1224,1224
2430 100 3600,480,1224,1224
2431 100 3480,528,1224,1200
2432 100 3648,480,1224,1224
2433 100 3672,480,1224,1224
2434 100 3672,480,1224,1224
2435 100 3672,480,1224,1224
2436 100 3672,480,1224,1224
2437 100 3528,504,1224,1200
2438 100 3528,504,1224,1200
2439 100 3552,504,1224,1200
2440 100 3552,504,1224,1200
2441 100 3600,480,1224,1224
2442 100 3600,480,1224,1224
2443 100 3600,480,1224,1224
2444 100 3600,480,1224,1224
2445 100 3648,480,1224,1224
2446 100 3648,480,1224,1224
2447 100 3696,480,1224,1224
2448 100 3696,480,1224,1224
2449 100 0,480,1224,1224
2450 100 0,480,1224,1224
2451 100 0,480,1224,1224
2452 100 0,480,1224,1224
2453 100 3648,480,1224,1224
2454 100 3648,480,1224,1224
2455 100 3696,480,1224,1224
2456 100 3696,480,1224,1224
2457 100 3672,480,1224,1224
2458 100 3672,480,1224,1224
2459 100 0,480,1224,1224
2460 100 3504,384,1224,1200
2461 100 0,480,1224,1224
2462 100 24,480,1224,1224
2463 100 24,480,1224,1224
2464 100 24,480,1224,1224
2465 100 24,480,1224,1224
2466 100 3384,480,1224,1200
2467 100 3384,480,1224,1200
2468 100 3408,480,1224,1200
2469 100 3408,480,1224,1200
2470 100 3408,480,1224,1200
2471 100 3408,480,1224,1200
2472 100 3408,480,1224,1200
2473 100 3408,480,1224,1200
2474 100 3408,480,1224,1200
2475 100 3408,480,1224,1200
2476 100 24,480,1224,1224
2477 100 0,504,1224,1200
2478 100 3696,480,1224,1224
2479 100 3696,480,1224,1224
2480 100 3672,480,1224,1224
2481 100 3672,480,1224,1224
2482 100 3672,480,1224,1224
2483 100 3672,480,1224,1224
2484 100 3648,480,1224,1224
2485 100 3648,480,1224,1224
2486 100 3624,480,1224,1224
2487 100 3624,480,1224,1224
2488 100 3600,504,1224,1200
2489 100 3600,504,1224,1200
2490 100 3600,504,1224,1200
2491 100 3600,504,1224,1200
2492 100 3576,504,1224,1200
2493 100 3576,504,1224,1200
2494 100 3576,504,1224,1200
2495 100 3576,504,1224,1200
2496 100 3552,504,1224,1200
2497 100 3552,504,1224,1200
2498 100 3504,504,1224,1200
2499 100 3504,504,1224,1200
2500 100 3504,504,1224,1200
2501 100 3504,504,1224,1200
2502 100 3480,504,1224,1200
2503 100 3480,504,1224,1200
2504 100 3480,504,1224,1200
2505 100 3480,504,1224,1200
2506 100 3264,504,1224,1200
2507 100 3240,504,1224,1200
2508 100 3216,504,1224,1200
2509 100 3216,504,1224,1200
2510 100 3216,504,1224,1200
2511 100 3216,504,1224,1200
2512 100 3192,504,1224,1224
2513 100 3192,504,1224,1224
2514 100 3192,504,1224,1224
2515 100 3192,504,1224,1224
2516 100 3168,528,1224,1200
2517 100 3168,528,1224,1200
2518 100 3168,528,1224,1200
2519 100 3168,528,1224,1200
2520 100 3144,528,1224,1200
2521 100 3144,528,1224,1200
2522 100 3000,528,1224,1200
2523 100 3000,528,1224,1200
2524 100 3024,528,1224,1200
2525 100 3024,528,1224,1200
2526 100 3024,528,1224,1200
2527 100 3024,528,1224,1200
2528 100 3000,528,1224,1200
2529 100 3000,528,1224,1200
2530 100 2880,528,1224,1200
2531 100 2880,528,1224,1200
2532 100 2904,528,1224,1200
2533 100 2904,528,1224,1200
2534 100 2880,528,1224,1200
2535 100 2880,528,1224,1200
2536 100 2784,528,1224,1200
2537 100 2784,528,1224,1200
2538 100 2808,528,1224,1200
2539 100 2784,528,1224,1224
2540 100 2784,528,1224,1224
2541 100 2784,528,1224,1224
2542 100 2712,528,1224,1200
2543 100 2712,528,1224,1200
2544 100 2736,528,1224,1200
2545 100 2736,528,1224,1200
2546 100 2736,528,1224,1200
2547 100 2736,528,1224,1200
2548 100 2736,528,1224,1200
2549 100 2736,528,1224,1200
2550 100 2736,528,1224,1224
2551 100 2736,528,1224,1224
2552 100 2712,528,1224,1224
2553 100 2712,528,1224,1224
2554 100 2712,528,1224,1224
2555 100 2712,528,1224,1224
2556 100 2712,528,1224,1224
2557 100 2712,528,1224,1224
2558 100 2760,528,1224,1224
2559 100 2760,528,1224,1224
2560 100 2784,552,1224,1200
2561 100 2784,552,1224,1200
2562 100 2760,552,1224,1200
2563 100 2760,552,1224,1200
2564 100 2784,552,1224,1200
2565 100 2784,552,1224,1200
2566 100 2784,528,1224,1224
2567 100 2784,528,1224,1224
2568 100 2856,528,1224,1224
2569 100 2856,528,1224,1224
2570 100 2856,528,1224,1224
2571 100 2856,528,1224,1224
2572 100 2856,528,1224,1224
2573 100 2856,528,1224,1224
2574 100 2928,552,1224,1200
2575 100 2928,552,1224,1200
2576 100 2928,552,1224,1200
2577 100 2928,552,1224,1200
2578 100 2928,552,1224,1200
2579 100 2928,552,1224,1200
2580 100 2928,552,1224,1200
2581 100 2928,552,1224,1200
2582 100 3024,552,1224,1200
2583 100 3024,552,1224,1200
2584 100 3024,552,1224,1200
2585 100 3024,552,1224,1200
2586 100 3024,552,1224,1200
2587 100 3024,552,1224,1200
2588 100 3000,552,1224,1200
2589 100 3000,552,1224,1200
2590 100 3120,552,1224,1200
2591 100 3120,552,1224,1200
2592 100 3144,552,1224,1200
2593 100 3144,552,1224,1200
2594 100 3120,552,1224,1200
2595 100 3120,552,1224,1200
2596 100 3120,552,1224,1200
2597 100 3120,552,1224,1200
2598 100 3144,552,1224,1200
2599 100 3144,552,1224,1200
2600 100 3288,552,1224,1200
2601 100 3288,552,1224,1200
2602 100 3312,552,1224,1200
2603 100 3312,552,1224,1200
2604 100 3312,552,1224,1200
2605 100 3312,552,1224,1200
2606 100 3312,552,1224,1200
2607 100 3312,552,1224,1200
2608 100 3288,552,1224,1200
2609 100 3288,552,1224,1200
2610 100 3264,552,1224,1200
2611 100 3480,552,1224,1200
2612 100 3480,552,1224,1200
2613 100 3480,552,1224,1200
2614 100 3504,552,1224,1200
2615 100 3504,552,1224,1200
2616 100 3528,552,1224,1200
2617 100 3528,552,1224,1200
2618 100 3552,552,1224,1200
2619 100 3552,552,1224,1200
2620 100 3552,552,1224,1200
2621 100 3552,552,1224,1200
2622 100 3600,552,1224,1200
2623 100 3600,552,1224,1200
2624 100 3600,528,1224,1224
2625 100 3600,528,1224,1224
2626 100 3576,552,1224,1200
2627 100 3576,552,1224,1200
2628 100 3576,552,1224,1200
2629 100 3576,552,1224,1200
2630 100 3552,552,1224,1200
2631 100 3552,552,1224,1200
2632 100 3552,552,1224,1200
2633 100 3552,552,1224,1200
2634 100 3528,552,1224,1200
