0 100 1272,672,1224,1200
1 100 384,504,1224,1224
2 100 1272,672,1224,1200
3 100 1296,528,1224,1224
4 100 1272,672,1224,1200
5 100 1296,528,1224,1224
6 100 1272,672,1224,1200
7 100 1296,528,1224,1224
8 100 1296,528,1224,1224
9 100 1296,528,1224,1224
10 100 1272,648,1224,1224
11 100 1296,528,1224,1224
12 100 1320,528,1224,1224
13 100 1320,528,1224,1224
14 100 1296,648,1224,1200
15 100 1320,528,1224,1224
16 100 1320,528,1224,1224
17 100 1320,528,1224,1224
18 100 1320,624,1224,1224
19 100 1320,528,1224,1224
20 100 1320,528,1224,1224
21 100 1320,528,1224,1224
22 100 1344,648,1224,1200
23 100 1320,528,1224,1224
24 100 1344,648,1224,1200
25 100 1320,528,1224,1224
26 100 1320,528,1224,1224
27 100 1344,648,1224,1200
28 100 1320,528,1224,1224
29 100 1344,648,1224,1200
30 100 1320,528,1224,1224
31 100 1344,648,1224,1200
32 100 1320,528,1224,1224
33 100 1320,528,1224,1224
34 100 1368,624,1224,1224
35 100 1320,528,1224,1224
36 100 1368,648,1224,1200
37 100 1296,528,1224,1224
38 100 1368,648,1224,1200
39 100 1296,528,1224,1224
40 100 1296,552,1224,1200
41 100 1296,552,1224,1200
42 100 1296,552,1224,1200
43 100 1392,600,1224,1224
44 100 1296,552,1224,1200
45 100 1296,552,1224,1224
46 100 1296,552,1224,1224
47 100 1272,672,1224,1200
48 100 1296,552,1224,1200
49 100 1296,552,1224,1200
50 100 1416,576,1224,1224
51 100 1296,552,1224,1224
52 100 1440,576,1224,1200
53 100 1296,552,1224,1224
54 100 1440,576,1224,1200
55 100 1296,552,1224,1224
56 100 1296,552,1224,1224
57 100 1296,552,1224,1224
58 100 1272,672,1224,1200
59 100 1296,552,1224,1224
60 100 1440,600,1224,1200
61 100 1296,576,1224,1224
62 100 1296,576,1224,1224
63 100 1296,576,1224,1224
64 100 1296,576,1224,1224
65 100 1296,576,1224,1200
66 100 1440,600,1224,1200
67 100 1296,576,1224,1200
68 100 1272,648,1224,1224
69 100 1296,576,1224,1200
70 100 1296,576,1224,1200
71 100 1296,576,1224,1200
72 100 1296,576,1224,1200
73 100 1488,576,1224,1224
74 100 1272,576,1224,1200
75 100 1272,576,1224,1200
76 100 1272,576,1224,1224
77 100 1296,648,1224,1200
78 100 1272,576,1224,1224
79 100 1512,576,1224,1200
80 100 1272,576,1224,1224
81 100 1272,576,1224,1224
82 100 1272,576,1224,1224
83 100 1512,576,1224,1200
84 100 1272,576,1224,1224
85 100 1272,576,1224,1224
86 100 1536,552,1224,1200
87 100 1272,576,1224,1224
88 100 1272,576,1224,1224
89 100 1272,576,1224,1224
90 100 1248,576,1224,1224
91 100 1296,648,1224,1200
92 100 1248,576,1224,1224
93 100 1248,552,1224,1224
94 100 1248,552,1224,1224
95 100 1224,552,1224,1224
96 100 1224,552,1224,1224
97 100 1224,552,1224,1224
98 100 1224,552,1224,1224
99 100 1296,648,1224,1200
100 100 1224,552,1224,1224
101 100 1224,552,1224,1224
102 100 1224,552,1224,1224
103 100 1224,552,1224,1224
104 100 1224,552,1224,1224
105 100 1224,552,1224,1224
106 100 1224,552,1224,1224
107 100 1224,552,1224,1224
108 100 1224,552,1224,1224
109 100 1224,552,1224,1224
110 100 1224,552,1224,1224
111 100 1224,552,1224,1224
112 100 1224,552,1224,1224
113 100 1224,552,1224,1224
114 100 1200,552,1224,1200
115 100 1200,552,1224,1200
116 100 1200,528,1224,1224
117 100 1200,528,1224,1224
118 100 1344,624,1224,1224
119 100 1200,528,1224,1200
120 100 1200,528,1224,1200
121 100 1176,504,1224,1224
122 100 1176,504,1224,1224
123 100 1176,504,1224,1224
124 100 1176,504,1224,1224
125 100 1176,504,1224,1224
126 100 1176,504,1224,1224
127 100 1176,504,1224,1224
128 100 1176,504,1224,1224
129 100 1176,504,1224,1224
130 100 1176,504,1224,1224
131 100 1200,528,1224,1224
132 100 1200,528,1224,1224
133 100 1200,528,1224,1224
134 100 1200,528,1224,1224
135 100 1080,216,1224,1200
136 100 1200,552,1224,1200
137 100 1200,552,1224,1200
138 100 1200,552,1224,1224
139 100 1200,552,1224,1224
140 100 1200,576,1224,1200
141 100 1200,576,1224,1200
142 100 1176,576,1224,1224
143 100 3192,480,1224,1248
144 100 1176,576,1224,1224
145 100 1176,600,1224,1200
146 100 1176,600,1224,1200
147 100 1176,600,1224,1224
148 100 1176,600,1224,1224
149 100 1152,624,1224,1200
150 100 1152,624,1224,1200
151 100 1152,624,1224,1224
152 100 1152,624,1224,1224
153 100 1152,624,1224,1200
154 100 1152,624,1224,1200
155 100 1152,624,1224,1224
156 100 1152,624,1224,1224
157 100 1152,624,1224,1224
158 100 1152,624,1224,1224
159 100 1152,624,1224,1224
160 100 1152,624,1224,1224
161 100 1152,624,1224,1224
162 100 1152,624,1224,1224
163 100 1152,624,1224,1224
164 100 1152,624,1224,1224
165 100 1176,600,1224,1224
166 100 1176,600,1224,1224
167 100 1176,600,1224,1224
168 100 1176,600,1224,1224
169 100 1200,600,1224,1224
170 100 1200,600,1224,1224
171 100 1200,624,1224,1200
172 100 1200,624,1224,1200
173 100 1200,624,1224,1200
174 100 1200,624,1224,1200
175 100 168,480,1224,1224
176 100 1200,624,1224,1200
177 100 1200,624,1224,1200
178 100 1224,624,1224,1200
179 100 1224,624,1224,1200
180 100 1200,624,1224,1200
181 100 1200,624,1224,1200
182 100 1200,624,1224,1224
183 100 1200,624,1224,1224
184 100 1200,624,1224,1200
185 100 1200,624,1224,1200
186 100 1200,648,1224,1200
187 100 1200,648,1224,1200
188 100 1224,624,1224,1224
189 100 1224,624,1224,1224
190 100 1224,624,1224,1224
191 100 1224,624,1224,1224
192 100 1200,648,1224,1200
193 100 1200,648,1224,1200
194 100 1200,648,1224,1200
195 100 1392,624,1224,1200
196 100 1200,648,1224,1200
197 100 1200,648,1224,1224
198 100 1200,648,1224,1224
199 100 1200,648,1224,1200
200 100 1200,648,1224,1200
201 100 1176,648,1224,1224
202 100 1176,648,1224,1224
203 100 1176,648,1224,1224
204 100 1176,648,1224,1224
205 100 1152,648,1224,1224
206 100 1152,648,1224,1224
207 100 1128,672,1224,1200
208 100 1128,672,1224,1200
209 100 1128,672,1224,1200
210 100 1128,672,1224,1200
211 100 1152,648,1224,1224
212 100 1152,648,1224,1224
213 100 1152,648,1224,1224
214 100 1152,648,1224,1224
215 100 1152,648,1224,1200
216 100 1152,648,1224,1200
217 100 1152,648,1224,1200
218 100 1152,648,1224,1200
219 100 1416,600,1224,1200
220 100 1152,648,1224,1200
221 100 1152,648,1224,1200
222 100 1176,648,1224,1200
223 100 1176,648,1224,1200
224 100 1176,624,1224,1224
225 100 1176,624,1224,1224
226 100 1200,624,1224,1200
227 100 1200,624,1224,1200
228 100 1200,624,1224,1200
229 100 1200,624,1224,1200
230 100 1200,624,1224,1200
231 100 1200,624,1224,1200
232 100 1200,624,1224,1224
233 100 1200,624,1224,1224
234 100 1200,624,1224,1200
235 100 1200,624,1224,1200
236 100 1200,624,1224,1200
237 100 1440,576,1224,1200
238 100 1200,624,1224,1200
239 100 1200,600,1224,1224
240 100 1200,600,1224,1224
241 100 1200,600,1224,1224
242 100 1200,600,1224,1224
243 100 1200,600,1224,1200
244 100 1200,600,1224,1200
245 100 1200,600,1224,1200
246 100 1200,600,1224,1200
247 100 1176,600,1224,1200
248 100 1176,600,1224,1200
249 100 1176,600,1224,1200
250 100 1176,600,1224,1200
251 100 1176,600,1224,1200
252 100 1176,600,1224,1200
253 100 1176,600,1224,1200
254 100 1176,600,1224,1200
255 100 1176,600,1224,1200
256 100 1176,600,1224,1200
257 100 1200,600,1224,1200
258 100 1440,600,1224,1200
259 100 1200,600,1224,1200
260 100 1200,600,1224,1200
261 100 1200,600,1224,1200
262 100 1200,600,1224,1200
263 100 1200,600,1224,1200
264 100 1200,600,1224,1200
265 100 1440,600,1224,1200
266 100 1200,600,1224,1200
267 100 1200,600,1224,1200
268 100 1200,600,1224,1200
269 100 1200,600,1224,1200
270 100 1200,600,1224,1200
271 100 1200,600,1224,1200
272 100 1200,600,1224,1224
273 100 1200,600,1224,1224
274 100 1200,600,1224,1224
275 100 1200,600,1224,1224
276 100 1200,600,1224,1224
277 100 1200,600,1224,1224
278 100 1200,600,1224,1224
279 100 1200,600,1224,1224
280 100 1200,624,1224,1200
281 100 1200,624,1224,1200
282 100 1200,624,1224,1224
283 100 1200,624,1224,1224
284 100 1200,624,1224,1224
285 100 1200,624,1224,1224
286 100 1200,624,1224,1224
287 100 1200,624,1224,1224
288 100 1176,624,1224,1224
289 100 1176,624,1224,1224
290 100 1176,624,1224,1200
291 100 1176,624,1224,1200
292 100 1176,624,1224,1224
293 100 1176,624,1224,1224
294 100 1176,624,1224,1224
295 100 1176,624,1224,1224
296 100 1200,624,1224,1224
297 100 1200,624,1224,1224
298 100 1200,624,1224,1224
299 100 1200,624,1224,1224
300 100 1200,624,1224,1224
301 100 1200,624,1224,1224
302 100 1176,624,1224,1224
303 100 1440,600,1224,1200
304 100 1176,624,1224,1224
305 100 1176,624,1224,1224
306 100 1176,648,1224,1200
307 100 1176,648,1224,1200
308 100 1176,648,1224,1200
309 100 1176,648,1224,1200
310 100 1224,624,1224,1200
311 100 1224,624,1224,1200
312 100 1200,624,1224,1224
313 100 1200,624,1224,1224
314 100 1440,600,1224,1200
315 100 1152,648,1224,1200
316 100 1152,648,1224,1200
317 100 1176,648,1224,1200
318 100 1176,648,1224,1200
319 100 1200,648,1224,1200
320 100 1200,648,1224,1200
321 100 1176,648,1224,1200
322 100 1176,648,1224,1200
323 100 1176,648,1224,1200
324 100 1176,648,1224,1200
325 100 1176,648,1224,1200
326 100 1176,648,1224,1200
327 100 1152,648,1224,1224
328 100 1152,648,1224,1224
329 100 1152,648,1224,1224
330 100 1152,648,1224,1224
331 100 1152,648,1224,1224
332 100 1152,648,1224,1224
333 100 1176,648,1224,1200
334 100 1176,648,1224,1200
335 100 1176,648,1224,1200
336 100 1176,648,1224,1200
337 100 1152,648,1224,1224
338 100 1152,648,1224,1224
339 100 1152,672,1224,1200
340 100 1152,672,1224,1200
341 100 1176,648,1224,1224
342 100 1176,648,1224,1224
343 100 1176,648,1224,1224
344 100 1176,648,1224,1224
345 100 1152,648,1224,1224
346 100 1152,648,1224,1224
347 100 1176,648,1224,1224
348 100 1176,648,1224,1224
349 100 1176,648,1224,1224
350 100 1512,576,1224,1200
351 100 1176,648,1224,1224
352 100 1176,648,1224,1200
353 100 1176,648,1224,1200
354 100 1512,576,1224,1200
355 100 1176,624,1224,1224
356 100 1176,624,1224,1224
357 100 1176,624,1224,1224
358 100 1176,624,1224,1224
359 100 1200,624,1224,1200
360 100 1200,624,1224,1200
361 100 1176,600,1224,1224
362 100 1176,600,1224,1224
363 100 1200,600,1224,1224
364 100 1200,600,1224,1224
365 100 1200,600,1224,1224
366 100 1200,600,1224,1224
367 100 1200,624,1224,1200
368 100 1512,552,1224,1200
369 100 1200,624,1224,1200
370 100 1200,624,1224,1224
371 100 1200,624,1224,1224
372 100 1176,624,1224,1224
373 100 1176,624,1224,1224
374 100 1152,624,1224,1200
375 100 1152,624,1224,1200
376 100 1176,600,1224,1200
377 100 1176,600,1224,1200
378 100 1200,600,1224,1224
379 100 1200,600,1224,1224
380 100 1200,600,1224,1224
381 100 1200,600,1224,1224
382 100 1200,600,1224,1224
383 100 1200,600,1224,1224
384 100 1176,624,1224,1200
385 100 1176,624,1224,1200
386 100 1512,576,1224,1200
387 100 1152,624,1224,1224
388 100 1152,624,1224,1224
389 100 1176,624,1224,1224
390 100 1176,624,1224,1224
391 100 1176,624,1224,1224
392 100 1176,624,1224,1224
393 100 1176,624,1224,1224
394 100 1176,624,1224,1224
395 100 1176,624,1224,1224
396 100 1176,624,1224,1224
397 100 1176,624,1224,1224
398 100 1176,624,1224,1224
399 100 1176,624,1224,1224
400 100 1176,624,1224,1224
401 100 1152,624,1224,1200
402 100 1152,624,1224,1200
403 100 1176,600,1224,1224
404 100 1176,600,1224,1224
405 100 1200,600,1224,1200
406 100 1200,600,1224,1200
407 100 1200,576,1224,1224
408 100 1200,576,1224,1224
409 100 1200,576,1224,1224
410 100 1200,576,1224,1224
411 100 1200,576,1224,1224
412 100 1200,576,1224,1224
413 100 1200,576,1224,1224
414 100 1200,576,1224,1224
415 100 1200,576,1224,1200
416 100 1200,576,1224,1200
417 100 1200,552,1224,1224
418 100 1200,552,1224,1224
419 100 1176,552,1224,1224
420 100 1176,552,1224,1224
421 100 1152,552,1224,1200
422 100 1152,552,1224,1200
423 100 1104,528,1224,1200
424 100 1104,528,1224,1200
425 100 1080,504,1224,1200
426 100 1080,504,1224,1200
427 100 1032,480,1224,1224
428 100 1032,480,1224,1224
429 100 1008,480,1224,1200
430 100 1008,480,1224,1200
431 100 984,456,1224,1224
432 100 984,456,1224,1224
433 100 960,456,1224,1200
434 100 960,456,1224,1200
435 100 936,432,1224,1200
436 100 936,432,1224,1200
437 100 912,408,1224,1224
438 100 912,408,1224,1224
439 100 864,384,1224,1224
440 100 864,384,1224,1224
441 100 840,360,1224,1200
442 100 840,360,1224,1200
443 100 816,360,1224,1200
444 100 816,360,1224,1200
445 100 792,360,1224,1200
446 100 792,360,1224,1200
447 100 792,360,1224,1200
448 100 792,360,1224,1200
449 100 816,360,1224,1224
450 100 816,360,1224,1224
451 100 816,384,1224,1224
452 100 816,384,1224,1224
453 100 840,384,1224,1224
454 100 840,384,1224,1224
455 100 864,408,1224,1200
456 100 864,408,1224,1200
457 100 888,408,1224,1200
458 100 888,408,1224,1200
459 100 888,408,1224,1200
460 100 888,408,1224,1200
461 100 888,408,1224,1224
462 100 888,408,1224,1224
463 100 888,432,1224,1200
464 100 888,432,1224,1200
465 100 888,432,1224,1200
466 100 888,432,1224,1200
467 100 888,456,1224,1200
468 100 888,456,1224,1200
469 100 864,480,1224,1200
470 100 864,480,1224,1200
471 100 840,504,1224,1200
472 100 840,504,1224,1200
473 100 816,528,1224,1200
474 100 816,528,1224,1200
475 100 792,528,1224,1200
476 100 792,528,1224,1200
477 100 792,528,1224,1200
478 100 792,528,1224,1200
479 100 792,528,1224,1200
480 100 792,528,1224,1200
481 100 792,528,1224,1200
482 100 792,528,1224,1200
483 100 792,528,1224,1200
484 100 792,528,1224,1200
485 100 792,528,1224,1200
486 100 792,528,1224,1200
487 100 792,528,1224,1224
488 100 792,528,1224,1224
489 100 792,528,1224,1224
490 100 792,528,1224,1224
491 100 816,528,1224,1224
492 100 816,528,1224,1224
493 100 816,552,1224,1200
494 100 816,552,1224,1200
495 100 840,552,1224,1200
496 100 840,552,1224,1200
497 100 840,552,1224,1200
498 100 840,552,1224,1200
499 100 888,576,1224,1200
500 100 888,576,1224,1200
501 100 936,600,1224,1200
502 100 936,600,1224,1200
503 100 1008,600,1224,1200
504 100 1008,600,1224,1200
505 100 1032,600,1224,1224
506 100 1032,600,1224,1224
507 100 1320,624,1224,1224
508 100 1056,600,1224,1224
509 100 1080,600,1224,1200
510 100 1080,600,1224,1200
511 100 1104,600,1224,1200
512 100 1104,600,1224,1200
513 100 1128,600,1224,1200
514 100 1128,600,1224,1200
515 100 1152,600,1224,1200
516 100 1152,600,1224,1200
517 100 1200,600,1224,1200
518 100 1200,600,1224,1200
519 100 1200,600,1224,1200
520 100 1200,600,1224,1200
521 100 1200,600,1224,1200
522 100 1056,600,1224,1224
523 100 1200,600,1224,1200
524 100 1200,600,1224,1200
525 100 1200,600,1224,1200
526 100 1200,600,1224,1200
527 100 1200,600,1224,1200
528 100 1200,600,1224,1200
529 100 1200,600,1224,1200
530 100 1200,600,1224,1200
531 100 1200,600,1224,1200
532 100 1200,600,1224,1200
533 100 1200,600,1224,1200
534 100 1200,600,1224,1200
535 100 1200,600,1224,1200
536 100 1200,600,1224,1200
537 100 1200,600,1224,1200
538 100 1200,600,1224,1224
539 100 1200,600,1224,1224
540 100 1200,600,1224,1224
541 100 1200,600,1224,1224
542 100 1200,624,1224,1200
543 100 1200,624,1224,1200
544 100 1200,624,1224,1200
545 100 1200,624,1224,1200
546 100 1200,624,1224,1200
547 100 1200,624,1224,1200
548 100 1200,624,1224,1200
549 100 1200,624,1224,1200
550 100 1200,624,1224,1200
551 100 1200,624,1224,1200
552 100 1176,624,1224,1200
553 100 1176,624,1224,1200
554 100 1176,624,1224,1200
555 100 1176,624,1224,1200
556 100 1176,624,1224,1200
557 100 1176,624,1224,1200
558 100 1176,624,1224,1200
559 100 1176,624,1224,1200
560 100 1176,624,1224,1200
561 100 1176,624,1224,1200
562 100 1176,624,1224,1200
563 100 1176,624,1224,1200
564 100 1200,624,1224,1200
565 100 1200,624,1224,1200
566 100 1200,624,1224,1200
567 100 1200,624,1224,1200
568 100 1200,624,1224,1200
569 100 1200,624,1224,1200
570 100 1200,624,1224,1200
571 100 1200,624,1224,1200
572 100 1200,624,1224,1200
573 100 1200,624,1224,1200
574 100 1224,624,1224,1200
575 100 1224,624,1224,1200
576 100 1224,624,1224,1200
577 100 1224,624,1224,1200
578 100 1224,624,1224,1200
579 100 1224,624,1224,1200
580 100 1248,624,1224,1200
581 100 1248,624,1224,1200
582 100 1248,624,1224,1200
583 100 1248,624,1224,1200
584 100 1248,600,1224,1224
585 100 1248,600,1224,1224
586 100 1272,600,1224,1200
587 100 1272,600,1224,1200
588 100 1296,600,1224,1200
589 100 1296,600,1224,1200
590 100 1296,600,1224,1200
591 100 1344,648,1224,1200
592 100 1296,600,1224,1200
593 100 1296,600,1224,1200
594 100 1296,600,1224,1200
595 100 1272,624,1224,1200
596 100 1272,624,1224,1200
597 100 1248,624,1224,1200
598 100 1248,624,1224,1200
599 100 1224,624,1224,1200
600 100 1224,624,1224,1200
601 100 1248,624,1224,1200
602 100 1248,624,1224,1200
603 100 1224,624,1224,1224
604 100 1224,624,1224,1224
605 100 1224,624,1224,1224
606 100 1224,624,1224,1224
607 100 1224,624,1224,1224
608 100 1224,624,1224,1224
609 100 1224,624,1224,1224
610 100 1224,624,1224,1224
611 100 1224,624,1224,1224
612 100 1224,624,1224,1224
613 100 1224,624,1224,1200
614 100 1224,624,1224,1200
615 100 1224,624,1224,1200
616 100 1224,624,1224,1200
617 100 1224,624,1224,1200
618 100 1224,624,1224,1200
619 100 1224,624,1224,1200
620 100 1224,624,1224,1200
621 100 1224,624,1224,1200
622 100 1224,624,1224,1200
623 100 1224,624,1224,1200
624 100 1224,624,1224,1200
625 100 1224,624,1224,1200
626 100 1224,624,1224,1200
627 100 1224,624,1224,1200
628 100 1224,624,1224,1200
629 100 1224,624,1224,1200
630 100 1224,624,1224,1200
631 100 1224,624,1224,1200
632 100 1224,624,1224,1200
633 100 1224,624,1224,1200
634 100 1224,624,1224,1200
635 100 1224,624,1224,1200
636 100 1224,624,1224,1200
637 100 1224,624,1224,1200
638 100 1224,624,1224,1200
639 100 1224,624,1224,1200
640 100 1344,648,1224,1200
641 100 1224,624,1224,1200
642 100 1224,624,1224,1224
643 100 1224,624,1224,1224
644 100 1224,624,1224,1200
645 100 1224,624,1224,1200
646 100 1224,624,1224,1200
647 100 1224,624,1224,1200
648 100 1224,624,1224,1200
649 100 1224,624,1224,1200
650 100 1224,624,1224,1200
651 100 1224,624,1224,1200
652 100 1200,624,1224,1224
653 100 1200,624,1224,1224
654 100 1200,624,1224,1224
655 100 1200,624,1224,1224
656 100 1200,624,1224,1224
657 100 1200,624,1224,1224
658 100 1200,624,1224,1224
659 100 1200,624,1224,1224
660 100 1224,624,1224,1224
661 100 1224,624,1224,1224
662 100 1200,624,1224,1224
663 100 1200,624,1224,1224
664 100 1200,624,1224,1200
665 100 1200,624,1224,1200
666 100 1200,624,1224,1200
667 100 1200,624,1224,1200
668 100 1200,624,1224,1200
669 100 1200,624,1224,1200
670 100 1200,624,1224,1200
671 100 1200,624,1224,1200
672 100 1200,624,1224,1200
673 100 1200,624,1224,1200
674 100 1200,624,1224,1200
675 100 1200,624,1224,1200
676 100 1200,624,1224,1200
677 100 1200,624,1224,1200
678 100 1200,624,1224,1200
679 100 1200,624,1224,1200
680 100 1200,624,1224,1200
681 100 1200,624,1224,1200
682 100 1200,624,1224,1200
683 100 1200,624,1224,1200
684 100 1200,624,1224,1200
685 100 1200,624,1224,1200
686 100 1200,624,1224,1200
687 100 1200,624,1224,1200
688 100 1200,624,1224,1200
689 100 1200,624,1224,1200
690 100 1200,624,1224,1200
691 100 1200,624,1224,1200
692 100 1200,624,1224,1200
693 100 1200,624,1224,1200
694 100 1200,624,1224,1200
695 100 1200,624,1224,1200
696 100 1200,624,1224,1200
697 100 1200,624,1224,1200
698 100 1200,624,1224,1200
699 100 1200,624,1224,1200
700 100 1200,600,1224,1224
701 100 1200,600,1224,1224
702 100 1200,600,1224,1224
703 100 1200,600,1224,1224
704 100 1200,600,1224,1224
705 100 1200,600,1224,1224
706 100 1200,600,1224,1224
707 100 1200,600,1224,1224
708 100 1200,624,1224,1200
709 100 1200,624,1224,1200
710 100 1176,624,1224,1200
711 100 1176,624,1224,1200
712 100 1176,624,1224,1200
713 100 1176,624,1224,1200
714 100 1176,624,1224,1200
715 100 1176,624,1224,1200
716 100 1176,624,1224,1200
717 100 1176,624,1224,1200
718 100 1176,624,1224,1200
719 100 1176,624,1224,1200
720 100 1176,624,1224,1200
721 100 1176,624,1224,1200
722 100 1176,600,1224,1224
723 100 1176,600,1224,1224
724 100 1176,600,1224,1224
725 100 1176,600,1224,1224
726 100 1176,600,1224,1224
727 100 1176,600,1224,1224
728 100 1176,600,1224,1224
729 100 1176,600,1224,1224
730 100 1176,600,1224,1224
731 100 1176,600,1224,1224
732 100 1176,600,1224,1224
733 100 1176,600,1224,1224
734 100 1176,600,1224,1224
735 100 1176,600,1224,1224
736 100 1200,600,1224,1224
737 100 1200,600,1224,1224
738 100 1200,600,1224,1224
739 100 1200,600,1224,1224
740 100 1224,600,1224,1224
741 100 1368,624,1224,1224
742 100 1224,600,1224,1224
743 100 1224,600,1224,1224
744 100 1224,600,1224,1224
745 100 1248,600,1224,1224
746 100 1248,600,1224,1224
747 100 1248,600,1224,1224
748 100 1248,600,1224,1224
749 100 1272,600,1224,1200
750 100 1272,600,1224,1200
751 100 1272,600,1224,1200
752 100 1272,600,1224,1200
753 100 1296,600,1224,1200
754 100 1296,600,1224,1200
755 100 1344,600,1224,1200
756 100 1344,600,1224,1200
757 100 1392,600,1224,1200
758 100 1392,600,1224,1200
759 100 1416,600,1224,1200
760 100 1416,600,1224,1200
761 100 1464,600,1224,1200
762 100 1464,600,1224,1200
763 100 1488,576,1224,1200
764 100 1488,576,1224,1200
765 100 1536,576,1224,1224
766 100 1536,576,1224,1224
767 100 1560,576,1224,1200
768 100 1560,576,1224,1200
769 100 1608,576,1224,1200
770 100 1608,576,1224,1200
771 100 1632,576,1224,1200
772 100 1632,576,1224,1200
773 100 1656,576,1224,1200
774 100 1656,576,1224,1200
775 100 1656,576,1224,1200
776 100 1656,576,1224,1200
777 100 1656,576,1224,1200
778 100 1656,576,1224,1200
779 100 1680,576,1224,1200
780 100 1680,576,1224,1200
781 100 1728,552,1224,1200
782 100 1728,552,1224,1200
783 100 1752,528,1224,1224
784 100 1752,528,1224,1224
785 100 1800,528,1224,1200
786 100 1800,528,1224,1200
787 100 1824,528,1224,1200
788 100 1824,528,1224,1200
789 100 1848,504,1224,1224
790 100 1848,504,1224,1224
791 100 1872,504,1224,1200
792 100 1872,504,1224,1200
793 100 1896,504,1224,1200
794 100 1896,504,1224,1200
795 100 1896,480,1224,1224
796 100 1896,480,1224,1224
797 100 1896,504,1224,1200
798 100 1896,504,1224,1200
799 100 1896,480,1224,1224
800 100 1896,480,1224,1224
801 100 1896,480,1224,1200
802 100 1896,480,1224,1200
803 100 1896,456,1224,1200
804 100 1896,456,1224,1200
805 100 1896,432,1224,1200
806 100 1896,432,1224,1200
807 100 1920,408,1224,1200
808 100 1920,408,1224,1200
809 100 1944,384,1224,1200
810 100 1944,384,1224,1200
811 100 1944,360,1224,1200
812 100 1944,360,1224,1200
813 100 1968,336,1224,1224
814 100 1968,336,1224,1224
815 100 1992,336,1224,1224
816 100 1992,336,1224,1224
817 100 1992,336,1224,1224
818 100 1992,336,1224,1224
819 100 2016,360,1224,1200
820 100 2016,360,1224,1200
821 100 2016,360,1224,1200
822 100 2016,360,1224,1200
823 100 2040,360,1224,1200
824 100 2040,360,1224,1200
825 100 2064,360,1224,1200
826 100 2064,360,1224,1200
827 100 2088,360,1224,1200
828 100 2088,360,1224,1200
829 100 2088,336,1224,1224
830 100 2088,336,1224,1224
831 100 2088,336,1224,1200
832 100 2088,336,1224,1200
833 100 2112,336,1224,1224
834 100 2112,336,1224,1224
835 100 2112,336,1224,1224
836 100 2112,336,1224,1224
837 100 2112,336,1224,1224
838 100 2112,336,1224,1224
839 100 2136,336,1224,1224
840 100 2136,336,1224,1224
841 100 2136,336,1224,1224
842 100 2136,336,1224,1224
843 100 2160,336,1224,1224
844 100 2160,336,1224,1224
845 100 2184,336,1224,1224
846 100 2184,336,1224,1224
847 100 2184,360,1224,1200
848 100 2184,360,1224,1200
849 100 2184,360,1224,1200
850 100 2184,360,1224,1200
851 100 2208,360,1224,1200
852 100 2208,360,1224,1200
853 100 2232,336,1224,1224
854 100 2232,336,1224,1224
855 100 2256,336,1224,1224
856 100 2256,336,1224,1224
857 100 2256,336,1224,1200
858 100 2256,336,1224,1200
859 100 2256,336,1224,1224
860 100 2256,336,1224,1224
861 100 2280,336,1224,1224
862 100 2280,336,1224,1224
863 100 2280,360,1224,1200
864 100 2280,360,1224,1200
865 100 2304,360,1224,1200
866 100 2304,360,1224,1200
867 100 2328,360,1224,1200
868 100 2328,360,1224,1200
869 100 2328,360,1224,1200
870 100 2328,360,1224,1200
871 100 2352,360,1224,1200
872 100 2352,360,1224,1200
873 100 2352,360,1224,1200
874 100 2352,360,1224,1200
875 100 2376,360,1224,1200
876 100 2376,360,1224,1200
877 100 1392,624,1224,1200
878 100 2376,360,1224,1224
879 100 2376,360,1224,1224
880 100 2400,360,1224,1224
881 100 2400,360,1224,1224
882 100 2400,360,1224,1200
883 100 2400,360,1224,1200
884 100 2400,336,1224,1224
885 100 2400,336,1224,1224
886 100 2376,336,1224,1200
887 100 2376,336,1224,1200
888 100 2352,312,1224,1224
889 100 2352,312,1224,1224
890 100 2352,312,1224,1224
891 100 2352,312,1224,1224
892 100 2352,336,1224,1200
893 100 2352,336,1224,1200
894 100 2352,336,1224,1200
895 100 2352,336,1224,1200
896 100 2352,336,1224,1200
897 100 2352,336,1224,1200
898 100 2328,336,1224,1224
899 100 2328,336,1224,1224
900 100 2328,336,1224,1224
901 100 2328,336,1224,1224
902 100 2304,336,1224,1224
903 100 2304,336,1224,1224
904 100 2280,360,1224,1200
905 100 2280,360,1224,1200
906 100 2256,360,1224,1200
907 100 2256,360,1224,1200
908 100 2232,360,1224,1200
909 100 2232,360,1224,1200
910 100 2184,360,1224,1224
911 100 2184,360,1224,1224
912 100 2160,360,1224,1224
913 100 2160,360,1224,1224
914 100 2136,360,1224,1224
915 100 2136,360,1224,1224
916 100 2136,360,1224,1224
917 100 2136,360,1224,1224
918 100 2136,360,1224,1224
919 100 2136,360,1224,1224
920 100 2112,360,1224,1224
921 100 2112,360,1224,1224
922 100 2088,384,1224,1200
923 100 2088,384,1224,1200
924 100 2088,384,1224,1200
925 100 2088,384,1224,1200
926 100 2064,408,1224,1200
927 100 2064,408,1224,1200
928 100 2064,408,1224,1224
929 100 2064,408,1224,1224
930 100 2040,432,1224,1200
931 100 2040,432,1224,1200
932 100 2016,432,1224,1200
933 100 2016,432,1224,1200
934 100 2016,432,1224,1224
935 100 2016,432,1224,1224
936 100 1992,456,1224,1200
937 100 1968,480,1224,1200
938 100 1968,480,1224,1200
939 100 1968,480,1224,1200
940 100 1968,480,1224,1224
941 100 1968,480,1224,1224
942 100 1944,504,1224,1200
943 100 1944,504,1224,1200
944 100 1944,504,1224,1200
945 100 1944,504,1224,1200
946 100 1920,504,1224,1224
947 100 1920,504,1224,1224
948 100 1920,528,1224,1200
949 100 1920,528,1224,1200
950 100 1896,528,1224,1200
951 100 1896,528,1224,1200
952 100 1896,528,1224,1200
953 100 1896,528,1224,1200
954 100 1896,528,1224,1200
955 100 1896,528,1224,1200
956 100 1872,528,1224,1200
957 100 1872,528,1224,1200
958 100 1872,528,1224,1200
959 100 1872,528,1224,1200
960 100 1848,528,1224,1200
961 100 1848,528,1224,1200
962 100 1848,528,1224,1224
963 100 1848,528,1224,1224
964 100 1824,528,1224,1224
965 100 1824,528,1224,1224
966 100 1824,528,1224,1224
967 100 1824,528,1224,1224
968 100 1824,552,1224,1200
969 100 1824,552,1224,1200
970 100 1824,552,1224,1200
971 100 1824,552,1224,1200
972 100 1800,552,1224,1200
973 100 1800,552,1224,1200
974 100 1800,552,1224,1200
975 100 1800,552,1224,1200
976 100 1800,552,1224,1200
977 100 1800,552,1224,1200
978 100 1776,552,1224,1200
979 100 1776,552,1224,1200
980 100 1776,552,1224,1200
981 100 1776,552,1224,1200
982 100 1776,552,1224,1200
983 100 1776,552,1224,1200
984 100 1752,552,1224,1200
985 100 1752,552,1224,1200
986 100 1728,552,1224,1200
987 100 1728,552,1224,1200
988 100 1704,552,1224,1200
989 100 1704,552,1224,1200
990 100 1704,552,1224,1200
991 100 1704,552,1224,1200
992 100 1680,552,1224,1200
993 100 1680,552,1224,1200
994 100 1656,552,1224,1200
995 100 1656,552,1224,1200
996 100 1656,552,1224,1200
997 100 1656,552,1224,1200
998 100 1632,552,1224,1200
999 100 1632,552,1224,1200
1000 100 1608,552,1224,1200
1001 100 1416,600,1224,1200
1002 100 1608,552,1224,1200
1003 100 1584,552,1224,1200
1004 100 1584,552,1224,1200
1005 100 1560,552,1224,1200
1006 100 1560,552,1224,1200
1007 100 1536,528,1224,1224
1008 100 1536,528,1224,1224
1009 100 1512,528,1224,1224
1010 100 1512,528,1224,1224
1011 100 1488,528,1224,1224
1012 100 1488,528,1224,1224
1013 100 1464,528,1224,1224
1014 100 1464,528,1224,1224
1015 100 1464,528,1224,1224
1016 100 1464,528,1224,1224
1017 100 1440,552,1224,1200
1018 100 1440,552,1224,1200
1019 100 1416,552,1224,1200
1020 100 1416,552,1224,1200
1021 100 1416,552,1224,1200
1022 100 1416,552,1224,1200
1023 100 1416,552,1224,1200
1024 100 1416,552,1224,1200
1025 100 1392,552,1224,1200
1026 100 1392,552,1224,1200
1027 100 1368,552,1224,1200
1028 100 1368,552,1224,1200
1029 100 1368,552,1224,1200
1030 100 1368,552,1224,1200
1031 100 1368,552,1224,1200
1032 100 1368,552,1224,1200
1033 100 1344,528,1224,1224
1034 100 1344,528,1224,1224
1035 100 1344,552,1224,1200
1036 100 1344,552,1224,1200
1037 100 1344,552,1224,1200
1038 100 1344,552,1224,1200
1039 100 1344,552,1224,1200
1040 100 1344,552,1224,1200
1041 100 1320,552,1224,1200
1042 100 1320,552,1224,1200
1043 100 1320,552,1224,1200
1044 100 1320,552,1224,1200
1045 100 1296,552,1224,1200
1046 100 1296,552,1224,1200
1047 100 1296,552,1224,1200
1048 100 1296,552,1224,1200
1049 100 1272,552,1224,1200
1050 100 1272,552,1224,1200
1051 100 1272,552,1224,1200
1052 100 1272,552,1224,1200
1053 100 1272,528,1224,1224
1054 100 1272,528,1224,1224
1055 100 1248,528,1224,1224
1056 100 1248,528,1224,1224
1057 100 1248,528,1224,1224
1058 100 1248,528,1224,1224
1059 100 1248,528,1224,1224
1060 100 1248,528,1224,1224
1061 100 1224,528,1224,1224
1062 100 1224,528,1224,1224
1063 100 1200,528,1224,1224
1064 100 1200,528,1224,1224
1065 100 1200,528,1224,1224
1066 100 1200,528,1224,1224
1067 100 1200,528,1224,1224
1068 100 1200,528,1224,1224
1069 100 1176,528,1224,1224
1070 100 1176,528,1224,1224
1071 100 1152,528,1224,1224
1072 100 1416,576,1224,1224
1073 100 1152,528,1224,1224
1074 100 1152,552,1224,1200
1075 100 1152,552,1224,1200
1076 100 1080,552,1224,1224
1077 100 1080,552,1224,1224
1078 100 1080,576,1224,1200
1079 100 1080,576,1224,1200
1080 100 1056,552,1224,1224
1081 100 1056,552,1224,1224
1082 100 1056,552,1224,1224
1083 100 1056,552,1224,1224
1084 100 1056,552,1224,1224
1085 100 1056,552,1224,1224
1086 100 1032,552,1224,1224
1087 100 1032,552,1224,1224
1088 100 1032,576,1224,1200
1089 100 1032,576,1224,1200
1090 100 1008,552,1224,1224
1091 100 1008,552,1224,1224
1092 100 984,576,1224,1200
1093 100 984,576,1224,1200
1094 100 960,576,1224,1200
1095 100 960,576,1224,1200
1096 100 936,576,1224,1200
1097 100 912,576,1224,1224
1098 100 912,576,1224,1224
1099 100 912,576,1224,1224
1100 100 888,576,1224,1224
1101 100 888,576,1224,1224
1102 100 864,576,1224,1224
1103 100 864,576,1224,1224
1104 100 840,600,1224,1200
1105 100 840,600,1224,1200
1106 100 840,576,1224,1224
1107 100 840,576,1224,1224
1108 100 816,576,1224,1224
1109 100 816,576,1224,1224
1110 100 816,576,1224,1224
1111 100 816,576,1224,1224
1112 100 792,576,1224,1224
1113 100 792,576,1224,1224
1114 100 792,576,1224,1224
1115 100 792,576,1224,1224
1116 100 768,576,1224,1224
1117 100 768,576,1224,1224
1118 100 744,576,1224,1224
1119 100 744,600,1224,1200
1120 100 744,600,1224,1200
1121 100 744,600,1224,1200
1122 100 744,600,1224,1200
1123 100 744,600,1224,1200
1124 100 720,576,1224,1224
1125 100 720,576,1224,1224
1126 100 720,576,1224,1224
1127 100 720,576,1224,1224
1128 100 696,576,1224,1224
1129 100 696,576,1224,1224
1130 100 672,576,1224,1224
1131 100 672,576,1224,1224
1132 100 672,576,1224,1224
1133 100 672,576,1224,1224
1134 100 672,576,1224,1224
1135 100 672,576,1224,1224
1136 100 648,576,1224,1224
1137 100 648,576,1224,1224
1138 100 648,576,1224,1224
1139 100 648,576,1224,1224
1140 100 648,576,1224,1224
1141 100 648,576,1224,1224
1142 100 648,576,1224,1224
1143 100 648,576,1224,1224
1144 100 648,576,1224,1200
1145 100 648,576,1224,1200
1146 100 624,576,1224,1200
1147 100 624,576,1224,1200
1148 100 624,576,1224,1200
1149 100 624,576,1224,1200
1150 100 624,576,1224,1200
1151 100 624,576,1224,1200
1152 100 1440,576,1224,1200
1153 100 600,576,1224,1200
1154 100 600,576,1224,1200
1155 100 600,576,1224,1200
1156 100 600,576,1224,1200
1157 100 576,576,1224,1200
1158 100 576,576,1224,1200
1159 100 576,576,1224,1200
1160 100 576,576,1224,1200
1161 100 576,552,1224,1224
1162 100 576,552,1224,1224
1163 100 552,552,1224,1224
1164 100 552,552,1224,1224
1165 100 528,552,1224,1200
1166 100 528,552,1224,1200
1167 100 528,552,1224,1200
1168 100 528,552,1224,1200
1169 100 504,552,1224,1200
1170 100 504,552,1224,1200
1171 100 504,552,1224,1200
1172 100 504,552,1224,1200
1173 100 504,552,1224,1200
1174 100 504,552,1224,1200
1175 100 504,528,1224,1224
1176 100 504,528,1224,1224
1177 100 504,528,1224,1200
1178 100 504,528,1224,1200
1179 100 504,528,1224,1200
1180 100 504,528,1224,1200
1181 100 528,528,1224,1200
1182 100 528,528,1224,1200
1183 100 552,504,1224,1224
1184 100 552,504,1224,1224
1185 100 552,504,1224,1200
1186 100 552,504,1224,1200
1187 100 576,504,1224,1200
1188 100 576,504,1224,1200
1189 100 600,504,1224,1200
1190 100 600,504,1224,1200
1191 100 648,504,1224,1200
1192 100 648,504,1224,1200
1193 100 696,480,1224,1224
1194 100 696,480,1224,1224
1195 100 744,480,1224,1224
1196 100 744,480,1224,1224
1197 100 816,480,1224,1200
1198 100 816,480,1224,1200
1199 100 888,480,1224,1200
1200 100 888,480,1224,1200
1201 100 960,480,1224,1200
1202 100 960,480,1224,1200
1203 100 1032,456,1224,1200
1204 100 1032,456,1224,1200
1205 100 1104,456,1224,1200
1206 100 1104,456,1224,1200
1207 100 1176,432,1224,1224
1208 100 1176,432,1224,1224
1209 100 1248,432,1224,1224
1210 100 1248,432,1224,1224
1211 100 1320,432,1224,1200
1212 100 1320,432,1224,1200
1213 100 1368,432,1224,1200
1214 100 1368,432,1224,1200
1215 100 1416,432,1224,1224
1216 100 1416,432,1224,1224
1217 100 1464,432,1224,1224
1218 100 1464,432,1224,1224
1219 100 1536,432,1224,1224
1220 100 1536,432,1224,1224
1221 100 1608,456,1224,1224
1222 100 1608,456,1224,1224
1223 100 1704,456,1224,1224
1224 100 1704,456,1224,1224
1225 100 1800,480,1224,1224
1226 100 1800,480,1224,1224
1227 100 1944,480,1224,1224
1228 100 1944,480,1224,1224
1229 100 2088,504,1224,1200
1230 100 2088,504,1224,1200
1231 100 2232,480,1224,1224
1232 100 2232,480,1224,1224
1233 100 2352,480,1224,1200
1234 100 2352,480,1224,1200
1235 100 2400,456,1224,1224
1236 100 2400,456,1224,1224
1237 100 2448,456,1224,1200
1238 100 2448,456,1224,1200
1239 100 2472,432,1224,1200
1240 100 2472,432,1224,1200
1241 100 2472,432,1224,1200
1242 100 2472,432,1224,1200
1243 100 2496,432,1224,1224
1244 100 2496,432,1224,1224
1245 100 2496,432,1224,1200
1246 100 2496,432,1224,1200
1247 100 2520,432,1224,1200
1248 100 2520,432,1224,1200
1249 100 2544,432,1224,1200
1250 100 2544,432,1224,1200
1251 100 2568,408,1224,1224
1252 100 2568,408,1224,1224
1253 100 2568,408,1224,1224
1254 100 2568,408,1224,1224
1255 100 2664,432,1224,1200
1256 100 2664,432,1224,1200
1257 100 2712,432,1224,1200
1258 100 2712,432,1224,1200
1259 100 2784,432,1224,1200
1260 100 2784,432,1224,1200
1261 100 2880,432,1224,1200
1262 100 2880,432,1224,1200
1263 100 2880,432,1224,1200
1264 100 2976,432,1224,1200
1265 100 2976,432,1224,1200
1266 100 2976,432,1224,1200
1267 100 2976,432,1224,1200
1268 100 3120,432,1224,1200
1269 100 3120,432,1224,1200
1270 100 3096,432,1224,1200
1271 100 3096,432,1224,1200
1272 100 3312,432,1224,1224
1273 100 3312,432,1224,1224
1274 100 3192,432,1224,1248
1275 100 3192,432,1224,1248
1276 100 3216,432,1224,1224
1277 100 3216,432,1224,1224
1278 100 3360,456,1224,1224
1279 100 3360,456,1224,1224
1280 100 3384,432,1224,1248
1281 100 3384,432,1224,1248
1282 100 3360,432,1224,1248
1283 100 3360,432,1224,1248
1284 100 3384,432,1224,1224
1285 100 3384,432,1224,1224
1286 100 3384,432,1224,1248
1287 100 3384,432,1224,1248
1288 100 3384,432,1224,1248
1289 100 3384,432,1224,1248
1290 100 3384,432,1224,1248
1291 100 3384,432,1224,1248
1292 100 3408,432,1224,1224
1293 100 3408,432,1224,1224
1294 100 3312,408,1224,1248
1295 100 3312,408,1224,1248
1296 100 3336,408,1224,1248
1297 100 3336,408,1224,1248
1298 100 3336,408,1224,1248
1299 100 3336,408,1224,1248
1300 100 3360,408,1224,1248
1301 100 3360,408,1224,1248
1302 100 3360,408,1224,1248
1303 100 3360,408,1224,1248
1304 100 3360,408,1224,1248
1305 100 3360,408,1224,1248
1306 100 3360,408,1224,1248
1307 100 3360,408,1224,1248
1308 100 3360,408,1224,1248
1309 100 3360,408,1224,1248
1310 100 3312,432,1224,1224
1311 100 3312,432,1224,1224
1312 100 3312,432,1224,1224
1313 100 3312,432,1224,1224
1314 100 3264,432,1224,1224
1315 100 3264,432,1224,1224
1316 100 3288,432,1224,1224
1317 100 3288,432,1224,1224
1318 100 3288,432,1224,1224
1319 100 3288,432,1224,1224
1320 100 3240,432,1224,1224
1321 100 3408,432,1224,1224
1322 100 3408,432,1224,1224
1323 100 3408,432,1224,1224
1324 100 3336,432,1224,1248
1325 100 3336,432,1224,1248
1326 100 3288,432,1224,1248
1327 100 3288,432,1224,1248
1328 100 3456,456,1224,1224
1329 100 3456,456,1224,1224
1330 100 3336,456,1224,1248
1331 100 3336,456,1224,1248
1332 100 3288,480,1224,1224
1333 100 3288,480,1224,1224
1334 100 3288,480,1224,1224
1335 100 3288,480,1224,1224
1336 100 3288,480,1224,1224
1337 100 3288,480,1224,1224
1338 100 3288,480,1224,1224
1339 100 3288,480,1224,1224
1340 100 3288,480,1224,1224
1341 100 3288,480,1224,1224
1342 100 3264,480,1224,1224
1343 100 3264,480,1224,1224
1344 100 3288,480,1224,1224
1345 100 3288,480,1224,1224
1346 100 3288,480,1224,1224
1347 100 3288,480,1224,1224
1348 100 3288,480,1224,1224
1349 100 3288,480,1224,1224
1350 100 3264,480,1224,1224
1351 100 3264,480,1224,1224
1352 100 3264,480,1224,1224
1353 100 3264,480,1224,1224
1354 100 3288,480,1224,1224
1355 100 3288,480,1224,1224
1356 100 3288,480,1224,1224
1357 100 3288,480,1224,1224
1358 100 3288,480,1224,1224
1359 100 3288,480,1224,1224
1360 100 3288,480,1224,1224
1361 100 3288,480,1224,1224
1362 100 3288,480,1224,1224
1363 100 3288,480,1224,1224
1364 100 3240,480,1224,1224
1365 100 3240,480,1224,1224
1366 100 3264,480,1224,1224
1367 100 3264,480,1224,1224
1368 100 3240,480,1224,1224
1369 100 3240,480,1224,1224
1370 100 3240,480,1224,1224
1371 100 3240,480,1224,1224
1372 100 3384,480,1224,1224
1373 100 3384,480,1224,1224
1374 100 3216,480,1224,1224
1375 100 3216,480,1224,1224
1376 100 3216,480,1224,1224
1377 100 3216,480,1224,1224
1378 100 3216,480,1224,1224
1379 100 3216,480,1224,1224
1380 100 3216,480,1224,1224
1381 100 3216,480,1224,1224
1382 100 3216,480,1224,1224
1383 100 3216,480,1224,1224
1384 100 3216,480,1224,1224
1385 100 3216,480,1224,1224
1386 100 3216,480,1224,1224
1387 100 3216,480,1224,1224
1388 100 3216,480,1224,1224
1389 100 3216,480,1224,1224
1390 100 3216,480,1224,1224
1391 100 3216,480,1224,1224
1392 100 3192,480,1224,1248
1393 100 3192,480,1224,1248
1394 100 3192,480,1224,1248
1395 100 3192,480,1224,1248
1396 100 3192,480,1224,1248
1397 100 3192,480,1224,1248
1398 100 3192,480,1224,1248
1399 100 3192,480,1224,1248
1400 100 3216,480,1224,1248
1401 100 3216,480,1224,1248
1402 100 1200,600,1224,1200
1403 100 3192,480,1224,1248
1404 100 3192,480,1224,1248
1405 100 3192,480,1224,1248
1406 100 3192,480,1224,1248
1407 100 3192,480,1224,1248
1408 100 3216,480,1224,1224
1409 100 3216,480,1224,1224
1410 100 3216,480,1224,1224
1411 100 3216,480,1224,1224
1412 100 3216,480,1224,1224
1413 100 3216,480,1224,1224
1414 100 3216,480,1224,1224
1415 100 456,600,1224,1224
1416 100 3216,480,1224,1224
1417 100 3264,480,1224,1224
1418 100 3264,480,1224,1224
1419 100 3264,480,1224,1224
1420 100 3264,480,1224,1224
1421 100 3240,480,1224,1224
1422 100 3240,480,1224,1224
1423 100 3264,480,1224,1224
1424 100 3264,480,1224,1224
1425 100 3264,480,1224,1224
1426 100 3264,480,1224,1224
1427 100 3264,480,1224,1224
1428 100 3264,480,1224,1224
1429 100 3288,480,1224,1224
1430 100 3288,480,1224,1224
1431 100 3288,480,1224,1224
1432 100 3288,480,1224,1224
1433 100 3288,480,1224,1224
1434 100 3288,480,1224,1224
1435 100 3288,480,1224,1224
1436 100 3288,480,1224,1224
1437 100 3288,480,1224,1224
1438 100 3288,480,1224,1224
1439 100 3264,480,1224,1224
1440 100 3264,480,1224,1224
1441 100 3264,480,1224,1224
1442 100 3264,480,1224,1224
1443 100 3264,480,1224,1224
1444 100 3264,480,1224,1224
1445 100 3264,480,1224,1224
1446 100 3264,480,1224,1224
1447 100 3264,480,1224,1224
1448 100 3264,480,1224,1224
1449 100 3144,480,1224,1224
1450 100 3144,480,1224,1224
1451 100 3144,480,1224,1224
1452 100 3144,480,1224,1224
1453 100 3144,480,1224,1224
1454 100 3144,480,1224,1224
1455 100 3144,480,1224,1224
1456 100 3144,480,1224,1224
1457 100 3144,480,1224,1224
1458 100 3264,480,1224,1224
1459 100 3264,480,1224,1224
1460 100 3216,480,1224,1224
1461 100 3216,480,1224,1224
1462 100 3192,504,1224,1224
1463 100 3192,504,1224,1224
1464 100 3168,504,1224,1224
1465 100 3168,504,1224,1224
1466 100 3144,504,1224,1224
1467 100 3144,504,1224,1224
1468 100 3288,504,1224,1224
1469 100 3288,504,1224,1224
1470 100 3264,504,1224,1224
1471 100 3264,504,1224,1224
1472 100 3264,504,1224,1224
1473 100 3264,504,1224,1224
1474 100 3264,504,1224,1224
1475 100 3264,504,1224,1224
1476 100 3264,504,1224,1224
1477 100 3264,504,1224,1224
1478 100 3264,504,1224,1224
1479 100 3264,504,1224,1224
1480 100 3264,504,1224,1224
1481 100 3264,504,1224,1224
1482 100 3264,504,1224,1224
1483 100 3264,504,1224,1224
1484 100 3264,504,1224,1224
1485 100 3264,504,1224,1224
1486 100 3264,504,1224,1224
1487 100 3288,504,1224,1224
1488 100 3288,504,1224,1224
1489 100 3288,504,1224,1224
1490 100 3288,504,1224,1224
1491 100 3264,504,1224,1224
1492 100 3264,504,1224,1224
1493 100 3288,504,1224,1224
1494 100 3288,504,1224,1224
1495 100 3168,504,1224,1224
1496 100 3168,504,1224,1224
1497 100 3168,504,1224,1224
1498 100 3168,504,1224,1224
1499 100 3216,480,1224,1224
1500 100 3216,480,1224,1224
1501 100 3216,480,1224,1248
1502 100 3216,480,1224,1248
1503 100 3216,480,1224,1224
1504 100 3216,480,1224,1224
1505 100 3120,480,1224,1224
1506 100 3120,480,1224,1224
1507 100 3096,480,1224,1224
1508 100 3096,480,1224,1224
1509 100 3144,480,1224,1224
1510 100 3144,480,1224,1224
1511 100 3120,480,1224,1224
1512 100 3120,480,1224,1224
1513 100 3048,480,1224,1224
1514 100 3048,480,1224,1224
1515 100 3048,480,1224,1224
1516 100 3048,480,1224,1224
1517 100 1440,600,1224,1200
1518 100 3048,480,1224,1224
1519 100 3048,480,1224,1224
1520 100 3048,480,1224,1224
1521 100 3048,480,1224,1224
1522 100 3048,480,1224,1224
1523 100 3048,480,1224,1224
1524 100 3048,480,1224,1224
1525 100 3024,480,1224,1224
1526 100 3024,480,1224,1224
1527 100 3024,480,1224,1224
1528 100 3024,480,1224,1224
1529 100 3000,480,1224,1224
1530 100 3000,480,1224,1224
1531 100 3000,504,1224,1200
1532 100 3000,504,1224,1200
1533 100 2880,504,1224,1224
1534 100 2880,504,1224,1224
1535 100 2784,504,1224,1224
1536 100 2784,504,1224,1224
1537 100 2664,504,1224,1224
1538 100 2664,504,1224,1224
1539 100 2640,504,1224,1224
1540 100 2640,504,1224,1224
1541 100 2616,528,1224,1200
1542 100 2616,528,1224,1200
1543 100 2568,528,1224,1200
1544 100 2568,528,1224,1200
1545 100 2568,528,1224,1200
1546 100 2568,528,1224,1200
1547 100 2568,504,1224,1224
1548 100 2568,504,1224,1224
1549 100 2568,504,1224,1224
1550 100 2568,504,1224,1224
1551 100 2544,504,1224,1200
1552 100 2544,504,1224,1200
1553 100 2544,504,1224,1224
1554 100 2544,504,1224,1224
1555 100 2568,504,1224,1224
1556 100 2568,504,1224,1224
1557 100 2592,480,1224,1224
1558 100 2592,480,1224,1224
1559 100 2616,480,1224,1200
1560 100 2616,480,1224,1200
1561 100 2640,456,1224,1224
1562 100 2640,456,1224,1224
1563 100 2640,456,1224,1200
1564 100 2640,456,1224,1200
1565 100 2664,456,1224,1200
1566 100 2664,456,1224,1200
1567 100 2688,456,1224,1200
1568 100 2688,456,1224,1200
1569 100 2712,456,1224,1200
1570 100 2712,456,1224,1200
1571 100 1344,552,1224,1200
1572 100 2712,456,1224,1200
1573 100 2712,456,1224,1200
1574 100 1464,600,1224,1200
1575 100 2760,432,1224,1224
1576 100 2760,432,1224,1224
1577 100 2784,432,1224,1224
1578 100 2784,432,1224,1224
1579 100 2760,432,1224,1200
1580 100 2760,432,1224,1200
1581 100 2736,432,1224,1200
1582 100 2736,432,1224,1200
1583 100 2712,432,1224,1200
1584 100 2712,432,1224,1200
1585 100 2688,432,1224,1200
1586 100 2688,432,1224,1200
1587 100 2688,432,1224,1224
1588 100 2688,432,1224,1224
1589 100 2664,432,1224,1224
1590 100 2664,432,1224,1224
1591 100 2616,456,1224,1200
1592 100 2616,456,1224,1200
1593 100 2592,456,1224,1224
1594 100 2592,456,1224,1224
1595 100 2568,480,1224,1200
1596 100 2568,480,1224,1200
1597 100 2520,504,1224,1200
1598 100 2520,504,1224,1200
1599 100 2472,504,1224,1200
1600 100 2472,504,1224,1200
1601 100 2448,504,1224,1224
1602 100 2448,504,1224,1224
1603 100 2376,504,1224,1224
1604 100 2376,504,1224,1224
1605 100 2328,504,1224,1224
1606 100 2328,504,1224,1224
1607 100 2304,504,1224,1224
1608 100 2304,504,1224,1224
1609 100 2280,504,1224,1224
1610 100 2280,504,1224,1224
1611 100 2256,504,1224,1224
1612 100 1464,600,1224,1200
1613 100 2256,504,1224,1224
1614 100 2208,504,1224,1200
1615 100 2208,504,1224,1200
1616 100 2208,504,1224,1200
1617 100 2208,504,1224,1200
1618 100 2160,504,1224,1200
1619 100 2160,504,1224,1200
1620 100 2136,504,1224,1200
1621 100 2136,504,1224,1200
1622 100 2112,504,1224,1224
1623 100 2112,504,1224,1224
1624 100 2088,504,1224,1224
1625 100 2088,504,1224,1224
1626 100 2064,504,1224,1224
1627 100 2064,504,1224,1224
1628 100 2064,504,1224,1224
1629 100 2064,504,1224,1224
1630 100 2040,504,1224,1200
1631 100 2040,504,1224,1200
1632 100 2040,504,1224,1200
1633 100 2040,504,1224,1200
1634 100 2016,504,1224,1224
1635 100 2016,504,1224,1224
1636 100 2016,504,1224,1224
1637 100 2016,504,1224,1200
1638 100 2016,504,1224,1200
1639 100 2016,504,1224,1200
1640 100 1992,504,1224,1200
1641 100 1992,504,1224,1200
1642 100 1992,504,1224,1200
1643 100 1992,504,1224,1200
1644 100 1968,480,1224,1224
1645 100 1968,480,1224,1224
1646 100 1968,480,1224,1224
1647 100 1968,480,1224,1224
1648 100 1968,480,1224,1224
1649 100 1944,480,1224,1224
1650 100 1944,480,1224,1224
1651 100 1944,480,1224,1224
1652 100 1944,480,1224,1224
1653 100 1944,480,1224,1224
1654 100 1944,480,1224,1224
1655 100 1920,480,1224,1224
1656 100 1920,504,1224,1200
1657 100 1920,504,1224,1200
1658 100 1944,504,1224,1200
1659 100 1944,504,1224,1200
1660 100 1944,504,1224,1224
1661 100 1944,504,1224,1224
1662 100 1944,504,1224,1224
1663 100 1944,528,1224,1200
1664 100 1944,528,1224,1200
1665 100 1920,528,1224,1224
1666 100 1920,528,1224,1224
1667 100 1920,552,1224,1200
1668 100 1920,552,1224,1200
1669 100 1920,528,1224,1224
1670 100 1920,528,1224,1224
1671 100 1896,528,1224,1224
1672 100 1896,528,1224,1224
1673 100 1872,552,1224,1200
1674 100 1872,552,1224,1200
1675 100 1848,528,1224,1224
1676 100 1848,528,1224,1224
1677 100 1824,528,1224,1224
1678 100 1824,528,1224,1224
1679 100 1752,552,1224,1200
1680 100 1752,552,1224,1200
1681 100 1704,552,1224,1224
1682 100 1704,552,1224,1224
1683 100 1656,552,1224,1224
1684 100 1656,552,1224,1224
1685 100 1608,576,1224,1200
1686 100 1608,576,1224,1200
1687 100 1584,576,1224,1200
1688 100 1584,576,1224,1200
1689 100 1536,576,1224,1200
1690 100 1536,576,1224,1200
1691 100 1488,576,1224,1200
1692 100 1488,576,1224,1200
1693 100 1488,576,1224,1200
1694 100 1488,576,1224,1200
1695 100 1464,576,1224,1200
1696 100 1464,576,1224,1200
1697 100 1440,576,1224,1200
1698 100 1440,576,1224,1200
1699 100 1416,576,1224,1200
1700 100 1416,576,1224,1200
1701 100 1392,552,1224,1224
1702 100 1392,552,1224,1224
1703 100 1392,552,1224,1224
1704 100 1392,552,1224,1224
1705 100 1368,552,1224,1200
1706 100 1368,552,1224,1200
1707 100 1176,624,1224,1224
1708 100 1344,552,1224,1200
1709 100 1344,552,1224,1200
1710 100 1344,552,1224,1200
1711 100 1320,552,1224,1200
1712 100 1320,552,1224,1200
1713 100 1320,552,1224,1200
1714 100 1320,552,1224,1200
1715 100 1296,552,1224,1200
1716 100 1296,552,1224,1200
1717 100 1272,552,1224,1200
1718 100 1272,552,1224,1200
1719 100 1248,552,1224,1224
1720 100 1248,552,1224,1224
1721 100 1248,552,1224,1200
1722 100 1248,552,1224,1200
1723 100 1272,552,1224,1200
1724 100 1272,552,1224,1200
1725 100 1272,552,1224,1200
1726 100 1272,552,1224,1200
1727 100 1272,528,1224,1224
1728 100 1272,528,1224,1224
1729 100 1272,528,1224,1224
1730 100 1272,528,1224,1224
1731 100 1248,528,1224,1200
1732 100 1248,528,1224,1200
1733 100 1248,528,1224,1200
1734 100 1248,528,1224,1200
1735 100 1248,504,1224,1224
1736 100 1248,504,1224,1224
1737 100 1248,480,1224,1200
1738 100 1248,480,1224,1200
1739 100 1248,456,1224,1224
1740 100 1248,456,1224,1224
1741 100 1248,456,1224,1200
1742 100 1248,456,1224,1200
1743 100 1248,456,1224,1200
1744 100 1248,456,1224,1200
1745 100 1248,456,1224,1224
1746 100 1248,456,1224,1224
1747 100 1248,480,1224,1200
1748 100 1248,480,1224,1200
1749 100 1248,480,1224,1200
1750 100 1248,480,1224,1200
1751 100 1248,480,1224,1200
1752 100 1248,480,1224,1200
1753 100 1224,480,1224,1200
1754 100 1224,480,1224,1200
1755 100 1224,480,1224,1200
1756 100 1224,480,1224,1200
1757 100 1224,480,1224,1200
1758 100 1224,480,1224,1200
1759 100 1224,480,1224,1200
1760 100 1224,480,1224,1200
1761 100 1224,480,1224,1200
1762 100 1224,480,1224,1200
1763 100 1224,480,1224,1200
1764 100 1224,480,1224,1200
1765 100 1224,480,1224,1200
1766 100 1224,480,1224,1200
1767 100 1200,480,1224,1224
1768 100 1200,480,1224,1224
1769 100 1200,504,1224,1200
1770 100 1200,504,1224,1200
1771 100 1176,504,1224,1200
1772 100 1176,504,1224,1200
1773 100 1176,504,1224,1200
1774 100 1176,504,1224,1200
1775 100 1176,504,1224,1200
1776 100 1176,504,1224,1200
1777 100 1176,504,1224,1200
1778 100 1176,504,1224,1200
1779 100 1152,504,1224,1200
1780 100 3048,480,1224,1224
1781 100 1152,504,1224,1200
1782 100 1152,504,1224,1200
1783 100 1128,504,1224,1200
1784 100 1128,504,1224,1200
1785 100 1128,504,1224,1224
1786 100 1128,504,1224,1224
1787 100 1128,504,1224,1224
1788 100 1128,504,1224,1224
1789 100 1128,504,1224,1224
1790 100 1128,504,1224,1224
1791 100 1104,504,1224,1224
1792 100 1104,504,1224,1224
1793 100 1104,504,1224,1224
1794 100 1104,504,1224,1224
1795 100 1104,528,1224,1200
1796 100 1104,528,1224,1200
1797 100 1512,552,1224,1200
1798 100 1104,528,1224,1200
1799 100 1080,528,1224,1200
1800 100 1080,528,1224,1200
1801 100 1032,528,1224,1200
1802 100 1032,528,1224,1200
1803 100 984,528,1224,1200
1804 100 984,528,1224,1200
1805 100 984,528,1224,1224
1806 100 984,528,1224,1224
1807 100 960,528,1224,1224
1808 100 960,528,1224,1224
1809 100 936,528,1224,1224
1810 100 936,528,1224,1224
1811 100 936,528,1224,1224
1812 100 936,528,1224,1224
1813 100 912,552,1224,1200
1814 100 912,552,1224,1200
1815 100 888,552,1224,1200
1816 100 888,552,1224,1200
1817 100 888,552,1224,1200
1818 100 888,552,1224,1200
1819 100 912,552,1224,1200
1820 100 912,552,1224,1200
1821 100 912,552,1224,1200
1822 100 912,552,1224,1200
1823 100 912,552,1224,1200
1824 100 912,552,1224,1200
1825 100 912,552,1224,1200
1826 100 912,552,1224,1200
1827 100 912,552,1224,1200
1828 100 888,528,1224,1224
1829 100 888,528,1224,1224
1830 100 888,528,1224,1224
1831 100 888,528,1224,1224
1832 100 912,528,1224,1224
1833 100 912,528,1224,1224
1834 100 912,528,1224,1224
1835 100 912,528,1224,1224
1836 100 912,528,1224,1224
1837 100 912,528,1224,1224
1838 100 936,528,1224,1224
1839 100 936,528,1224,1224
1840 100 960,528,1224,1224
1841 100 960,528,1224,1224
1842 100 984,528,1224,1224
1843 100 984,528,1224,1224
1844 100 1008,528,1224,1224
1845 100 1008,528,1224,1224
1846 100 1032,528,1224,1200
1847 100 1080,528,1224,1200
1848 100 1080,528,1224,1200
1849 100 1080,528,1224,1200
1850 100 1104,528,1224,1200
1851 100 1104,528,1224,1200
1852 100 1104,528,1224,1200
1853 100 1104,528,1224,1200
1854 100 1128,528,1224,1200
1855 100 1128,528,1224,1200
1856 100 1152,504,1224,1224
1857 100 1152,504,1224,1224
1858 100 1152,528,1224,1200
1859 100 1152,528,1224,1200
1860 100 1176,528,1224,1200
1861 100 1176,528,1224,1200
1862 100 1176,528,1224,1200
1863 100 1176,528,1224,1200
1864 100 1200,528,1224,1200
1865 100 1200,528,1224,1200
1866 100 1200,528,1224,1200
1867 100 1200,528,1224,1200
1868 100 1224,504,1224,1224
1869 100 1224,504,1224,1224
1870 100 1224,504,1224,1224
1871 100 1224,504,1224,1224
1872 100 1248,504,1224,1224
1873 100 1248,504,1224,1224
1874 100 1248,528,1224,1200
1875 100 1248,528,1224,1200
1876 100 1248,528,1224,1200
1877 100 1248,528,1224,1200
1878 100 1248,528,1224,1200
1879 100 1248,528,1224,1200
1880 100 1272,528,1224,1200
1881 100 1272,528,1224,1200
1882 100 1272,528,1224,1200
1883 100 1272,528,1224,1200
1884 100 1272,528,1224,1200
1885 100 1272,528,1224,1200
1886 100 1272,528,1224,1224
1887 100 1272,528,1224,1224
1888 100 1272,528,1224,1224
1889 100 1272,528,1224,1224
1890 100 1272,528,1224,1224
1891 100 1272,528,1224,1224
1892 100 1272,528,1224,1224
1893 100 1272,528,1224,1224
1894 100 1272,528,1224,1224
1895 100 1272,528,1224,1224
1896 100 1272,528,1224,1224
1897 100 1248,528,1224,1224
1898 100 1248,528,1224,1224
1899 100 1248,552,1224,1200
1900 100 1248,552,1224,1200
1901 100 1248,552,1224,1200
1902 100 1248,552,1224,1200
1903 100 1224,552,1224,1200
1904 100 1224,552,1224,1200
1905 100 1224,552,1224,1200
1906 100 144,504,1224,1224
1907 100 1224,552,1224,1200
1908 100 1200,552,1224,1200
1909 100 1200,552,1224,1200
1910 100 1200,528,1224,1224
1911 100 1200,552,1224,1200
1912 100 1200,552,1224,1200
1913 100 1200,552,1224,1200
1914 100 1176,552,1224,1200
1915 100 1176,552,1224,1200
1916 100 1176,552,1224,1200
1917 100 1176,552,1224,1200
1918 100 1176,552,1224,1200
1919 100 1176,552,1224,1200
1920 100 1176,552,1224,1200
1921 100 1176,552,1224,1200
1922 100 1176,552,1224,1200
1923 100 1176,552,1224,1200
1924 100 1176,552,1224,1200
1925 100 1176,552,1224,1200
1926 100 1176,552,1224,1200
1927 100 1176,552,1224,1200
1928 100 1200,552,1224,1200
1929 100 1200,552,1224,1200
1930 100 1200,552,1224,1200
1931 100 1200,552,1224,1200
1932 100 1224,552,1224,1200
1933 100 1224,552,1224,1200
1934 100 1224,552,1224,1200
1935 100 1224,552,1224,1200
1936 100 1248,552,1224,1224
1937 100 1248,552,1224,1224
1938 100 1248,552,1224,1224
1939 100 1248,552,1224,1224
1940 100 1248,552,1224,1224
1941 100 1248,552,1224,1224
1942 100 1272,552,1224,1224
1943 100 1272,552,1224,1224
1944 100 1272,552,1224,1224
1945 100 1272,552,1224,1224
1946 100 1272,552,1224,1224
1947 100 1272,552,1224,1224
1948 100 1272,552,1224,1200
1949 100 1272,552,1224,1200
1950 100 1272,552,1224,1200
1951 100 1272,552,1224,1200
1952 100 1272,552,1224,1200
1953 100 1272,552,1224,1200
1954 100 1248,528,1224,1224
1955 100 1248,528,1224,1224
1956 100 1248,528,1224,1224
1957 100 1248,528,1224,1224
1958 100 1248,528,1224,1224
1959 100 1248,528,1224,1224
1960 100 1248,528,1224,1224
1961 100 1248,528,1224,1224
1962 100 1248,528,1224,1224
1963 100 1248,528,1224,1224
1964 100 1248,552,1224,1200
1965 100 1248,552,1224,1200
1966 100 1248,552,1224,1200
1967 100 1248,552,1224,1200
1968 100 1248,552,1224,1200
1969 100 1248,552,1224,1200
1970 100 1248,552,1224,1200
1971 100 1248,552,1224,1200
1972 100 1536,552,1224,1200
1973 100 1248,528,1224,1224
1974 100 1248,528,1224,1224
1975 100 1224,528,1224,1200
1976 100 1224,528,1224,1200
1977 100 1224,528,1224,1200
1978 100 1224,528,1224,1200
1979 100 1224,528,1224,1200
1980 100 1224,528,1224,1200
1981 100 1224,528,1224,1200
1982 100 1224,528,1224,1200
1983 100 1248,504,1224,1224
1984 100 1248,504,1224,1224
1985 100 1248,504,1224,1200
1986 100 1248,504,1224,1200
1987 100 1248,456,1224,1200
1988 100 1248,456,1224,1200
1989 100 1224,432,1224,1200
1990 100 1224,432,1224,1200
1991 100 1224,408,1224,1200
1992 100 1224,408,1224,1200
1993 100 1224,384,1224,1200
1994 100 1224,384,1224,1200
1995 100 1200,360,1224,1200
1996 100 1200,360,1224,1200
1997 100 1200,360,1224,1224
1998 100 1200,360,1224,1224
1999 100 1176,360,1224,1200
2000 100 1176,360,1224,1200
2001 100 1176,360,1224,1200
2002 100 1176,360,1224,1200
2003 100 1176,336,1224,1200
2004 100 1176,336,1224,1200
2005 100 1152,336,1224,1200
2006 100 1152,336,1224,1200
2007 100 1152,312,1224,1200
2008 100 1152,312,1224,1200
2009 100 1152,312,1224,1200
2010 100 1152,312,1224,1200
2011 100 1152,312,1224,1200
2012 100 1152,312,1224,1200
2013 100 1128,312,1224,1200
2014 100 1128,312,1224,1200
2015 100 1128,288,1224,1200
2016 100 1128,288,1224,1200
2017 100 1104,288,1224,1200
2018 100 1104,264,1224,1200
2019 100 1104,264,1224,1200
2020 100 1104,264,1224,1200
2021 100 1104,264,1224,1200
2022 100 1104,264,1224,1200
2023 100 1080,240,1224,1200
2024 100 1080,240,1224,1200
2025 100 1080,240,1224,1200
2026 100 1080,240,1224,1200
2027 100 1080,240,1224,1200
2028 100 1080,240,1224,1200
2029 100 1080,240,1224,1200
2030 100 1080,240,1224,1200
2031 100 1080,240,1224,1200
2032 100 1080,240,1224,1200
2033 100 1080,240,1224,1200
2034 100 1080,240,1224,1200
2035 100 1080,216,1224,1224
2036 100 1080,216,1224,1224
2037 100 1056,216,1224,1200
2038 100 1056,216,1224,1200
2039 100 1056,216,1224,1200
2040 100 1056,216,1224,1200
2041 100 1032,192,1224,1224
2042 100 1032,192,1224,1224
2043 100 1056,216,1224,1200
2044 100 1056,216,1224,1200
2045 100 1056,216,1224,1200
2046 100 1080,216,1224,1224
2047 100 1080,216,1224,1224
2048 100 1080,216,1224,1224
2049 100 1080,216,1224,1224
2050 100 1080,216,1224,1224
2051 100 1104,240,1224,1200
2052 100 1104,240,1224,1200
2053 100 1104,240,1224,1200
2054 100 1104,240,1224,1200
2055 100 1128,240,1224,1224
2056 100 1128,240,1224,1224
2057 100 1152,240,1224,1224
2058 100 1152,240,1224,1224
2059 100 1128,240,1224,1224
2060 100 1128,240,1224,1224
2061 100 1128,240,1224,1200
2062 100 1128,240,1224,1200
2063 100 1128,240,1224,1200
2064 100 1128,240,1224,1200
2065 100 1128,216,1224,1224
2066 100 1128,216,1224,1224
2067 100 1128,216,1224,1224
2068 100 1128,216,1224,1224
2069 100 1128,216,1224,1224
2070 100 1128,216,1224,1224
2071 100 1128,216,1224,1224
2072 100 1128,216,1224,1224
2073 100 1128,216,1224,1224
2074 100 1128,216,1224,1224
2075 100 1152,240,1224,1224
2076 100 1152,240,1224,1224
2077 100 1152,288,1224,1200
2078 100 1152,288,1224,1200
2079 100 1152,288,1224,1200
2080 100 1152,288,1224,1200
2081 100 1128,288,1224,1200
2082 100 1128,288,1224,1200
2083 100 1128,264,1224,1224
2084 100 1128,264,1224,1224
2085 100 1128,264,1224,1224
2086 100 1128,264,1224,1224
2087 100 1128,264,1224,1200
2088 100 1128,264,1224,1200
2089 100 1128,264,1224,1200
2090 100 1128,264,1224,1200
2091 100 1104,240,1224,1200
2092 100 1104,240,1224,1200
2093 100 1104,216,1224,1224
2094 100 1104,216,1224,1224
2095 100 1104,216,1224,1224
2096 100 1104,216,1224,1224
2097 100 1104,216,1224,1224
2098 100 1104,216,1224,1224
2099 100 1104,216,1224,1200
2100 100 1104,216,1224,1200
2101 100 1080,216,1224,1200
2102 100 1080,216,1224,1200
2103 100 1080,216,1224,1200
2104 100 1080,216,1224,1200
2105 100 1104,216,1224,1200
2106 100 1104,216,1224,1200
2107 100 1104,216,1224,1200
2108 100 1104,216,1224,1200
2109 100 1104,216,1224,1200
2110 100 1104,216,1224,1200
2111 100 1104,216,1224,1224
2112 100 1104,216,1224,1224
2113 100 1080,216,1224,1200
2114 100 1080,216,1224,1200
2115 100 1080,216,1224,1200
2116 100 1080,216,1224,1200
2117 100 1440,600,1224,1200
2118 100 1080,216,1224,1200
2119 100 1080,216,1224,1200
2120 100 1080,216,1224,1200
2121 100 1056,216,1224,1200
2122 100 1056,216,1224,1200
2123 100 1056,216,1224,1200
2124 100 1056,216,1224,1200
2125 100 1056,216,1224,1200
2126 100 1056,216,1224,1200
2127 100 1056,216,1224,1200
2128 100 1056,216,1224,1200
2129 100 1056,216,1224,1224
2130 100 1056,216,1224,1224
2131 100 1056,216,1224,1224
2132 100 1056,216,1224,1224
2133 100 1032,216,1224,1200
2134 100 1032,216,1224,1200
2135 100 1056,216,1224,1224
2136 100 1056,216,1224,1224
2137 100 1056,216,1224,1224
2138 100 1056,216,1224,1224
2139 100 1056,240,1224,1200
2140 100 1056,240,1224,1200
2141 100 1080,240,1224,1200
2142 100 1080,240,1224,1200
2143 100 1080,240,1224,1224
2144 100 1080,240,1224,1224
2145 100 1080,240,1224,1200
2146 100 1080,240,1224,1200
2147 100 1080,240,1224,1200
2148 100 1080,240,1224,1200
2149 100 1080,240,1224,1224
2150 100 1080,240,1224,1224
2151 100 1080,240,1224,1224
2152 100 1080,240,1224,1224
2153 100 1104,240,1224,1224
2154 100 1104,240,1224,1224
2155 100 1104,264,1224,1200
2156 100 1104,264,1224,1200
2157 100 1104,264,1224,1200
2158 100 1104,264,1224,1200
2159 100 1104,264,1224,1200
2160 100 1104,264,1224,1200
2161 100 1104,264,1224,1200
2162 100 1104,264,1224,1200
2163 100 1128,288,1224,1200
2164 100 1128,288,1224,1200
2165 100 1128,288,1224,1224
2166 100 1128,288,1224,1224
2167 100 1152,312,1224,1224
2168 100 1152,312,1224,1224
2169 100 1152,336,1224,1200
2170 100 1152,336,1224,1200
2171 100 1152,360,1224,1224
2172 100 1152,360,1224,1224
2173 100 1176,384,1224,1224
2174 100 1176,384,1224,1224
2175 100 1176,408,1224,1200
2176 100 1176,408,1224,1200
2177 100 1176,408,1224,1200
2178 100 1104,528,1224,1200
2179 100 1176,408,1224,1224
2180 100 1176,408,1224,1224
2181 100 1176,408,1224,1224
2182 100 1176,408,1224,1224
2183 100 1176,432,1224,1200
2184 100 1176,432,1224,1200
2185 100 1200,432,1224,1200
2186 100 1200,432,1224,1200
2187 100 1200,456,1224,1200
2188 100 1200,456,1224,1200
2189 100 1200,456,1224,1200
2190 100 1200,456,1224,1200
2191 100 1224,456,1224,1224
2192 100 1224,456,1224,1224
2193 100 1224,456,1224,1224
2194 100 1224,456,1224,1224
2195 100 1224,480,1224,1200
2196 100 1224,480,1224,1200
2197 100 1248,480,1224,1200
2198 100 1248,480,1224,1200
2199 100 1248,480,1224,1200
2200 100 1248,480,1224,1200
2201 100 1272,480,1224,1224
2202 100 1272,480,1224,1224
2203 100 1272,480,1224,1200
2204 100 1272,480,1224,1200
2205 100 1272,480,1224,1200
2206 100 1272,480,1224,1200
2207 100 1272,456,1224,1200
2208 100 1272,456,1224,1200
2209 100 1272,456,1224,1200
2210 100 1272,456,1224,1200
2211 100 1272,432,1224,1200
2212 100 1272,432,1224,1200
2213 100 1272,408,1224,1224
2214 100 1272,408,1224,1224
2215 100 1248,408,1224,1200
2216 100 1248,408,1224,1200
2217 100 1248,384,1224,1224
2218 100 1248,384,1224,1224
2219 100 1224,384,1224,1200
2220 100 1224,384,1224,1200
2221 100 1224,360,1224,1200
2222 100 1224,360,1224,1200
2223 100 1224,360,1224,1200
2224 100 1224,360,1224,1200
2225 100 1200,336,1224,1200
2226 100 1200,336,1224,1200
2227 100 1200,336,1224,1200
2228 100 1200,336,1224,1200
2229 100 1200,336,1224,1200
2230 100 1200,336,1224,1200
2231 100 1200,336,1224,1200
2232 100 1200,336,1224,1200
2233 100 1200,336,1224,1200
2234 100 1200,336,1224,1200
2235 100 1200,336,1224,1200
2236 100 1200,336,1224,1200
2237 100 1176,408,1224,1200
2238 100 1200,336,1224,1200
2239 100 1200,336,1224,1200
2240 100 1200,336,1224,1200
2241 100 1200,336,1224,1200
2242 100 1200,336,1224,1200
2243 100 1200,336,1224,1200
2244 100 1200,312,1224,1224
2245 100 1200,312,1224,1224
2246 100 1200,312,1224,1200
2247 100 1200,312,1224,1200
2248 100 1176,288,1224,1200
2249 100 1176,288,1224,1200
2250 100 1152,288,1224,1200
2251 100 1152,288,1224,1200
2252 100 1152,288,1224,1200
2253 100 1152,288,1224,1200
2254 100 1176,288,1224,1200
2255 100 1176,288,1224,1200
2256 100 1176,288,1224,1200
2257 100 1176,288,1224,1200
2258 100 1200,312,1224,1200
2259 100 1200,312,1224,1200
2260 100 1200,312,1224,1200
2261 100 1200,336,1224,1200
2262 100 1200,336,1224,1200
2263 100 1224,360,1224,1200
2264 100 1224,360,1224,1200
2265 100 1224,384,1224,1200
2266 100 1224,384,1224,1200
2267 100 1224,384,1224,1224
2268 100 1224,384,1224,1224
2269 100 1248,408,1224,1224
2270 100 1248,408,1224,1224
2271 100 1272,432,1224,1224
2272 100 1272,432,1224,1224
2273 100 1272,456,1224,1224
2274 100 1272,456,1224,1224
2275 100 1272,480,1224,1224
2276 100 1272,480,1224,1224
2277 100 1272,504,1224,1200
2278 100 1272,504,1224,1200
2279 100 1272,504,1224,1200
2280 100 1272,504,1224,1200
2281 100 1248,528,1224,1200
2282 100 1248,528,1224,1200
2283 100 1248,528,1224,1200
2284 100 1248,528,1224,1200
2285 100 1248,528,1224,1224
2286 100 1512,576,1224,1200
2287 100 1248,528,1224,1224
2288 100 1224,552,1224,1200
2289 100 1224,552,1224,1200
2290 100 1224,552,1224,1200
2291 100 1224,552,1224,1200
2292 100 1224,552,1224,1200
2293 100 1200,552,1224,1224
2294 100 1200,552,1224,1224
2295 100 1200,552,1224,1224
2296 100 1200,552,1224,1224
2297 100 1200,552,1224,1224
2298 100 1200,576,1224,1200
2299 100 1200,576,1224,1200
2300 100 1176,576,1224,1200
2301 100 1176,576,1224,1200
2302 100 1176,552,1224,1224
2303 100 1176,552,1224,1224
2304 100 1152,552,1224,1224
2305 100 1152,552,1224,1224
2306 100 1128,552,1224,1224
2307 100 1128,552,1224,1224
2308 100 1104,576,1224,1200
2309 100 1104,576,1224,1200
2310 100 1080,576,1224,1200
2311 100 1080,576,1224,1200
2312 100 1080,576,1224,1200
2313 100 1080,576,1224,1200
2314 100 1056,576,1224,1200
2315 100 1056,576,1224,1200
2316 100 1056,552,1224,1224
2317 100 1056,552,1224,1224
2318 100 1056,552,1224,1224
2319 100 1032,552,1224,1224
2320 100 1032,552,1224,1224
2321 100 1008,552,1224,1224
2322 100 1008,552,1224,1224
2323 100 1152,504,1224,1200
2324 100 1008,552,1224,1224
2325 100 984,552,1224,1224
2326 100 984,552,1224,1224
2327 100 984,552,1224,1224
2328 100 984,552,1224,1224
2329 100 1440,600,1224,1200
2330 100 960,552,1224,1224
2331 100 960,552,1224,1224
2332 100 936,552,1224,1224
2333 100 936,552,1224,1224
2334 100 936,576,1224,1200
2335 100 936,576,1224,1200
2336 100 912,576,1224,1200
2337 100 912,576,1224,1200
2338 100 888,552,1224,1224
2339 100 888,552,1224,1224
2340 100 888,552,1224,1200
2341 100 888,552,1224,1200
2342 100 888,552,1224,1200
2343 100 888,552,1224,1200
2344 100 864,552,1224,1200
2345 100 864,552,1224,1200
2346 100 864,552,1224,1200
2347 100 864,552,1224,1200
2348 100 840,552,1224,1200
2349 100 840,552,1224,1200
2350 100 816,552,1224,1200
2351 100 816,552,1224,1200
2352 100 792,552,1224,1200
2353 100 792,552,1224,1200
2354 100 768,552,1224,1200
2355 100 768,552,1224,1200
2356 100 744,552,1224,1224
2357 100 744,552,1224,1224
2358 100 696,576,1224,1200
2359 100 696,576,1224,1200
2360 100 1440,600,1224,1200
2361 100 648,576,1224,1224
2362 100 648,576,1224,1224
2363 100 624,600,1224,1200
2364 100 624,600,1224,1200
2365 100 600,600,1224,1200
2366 100 600,600,1224,1200
2367 100 552,600,1224,1200
2368 100 552,600,1224,1200
2369 100 528,600,1224,1224
2370 100 528,600,1224,1224
2371 100 480,624,1224,1200
2372 100 480,624,1224,1200
2373 100 456,624,1224,1200
2374 100 456,624,1224,1200
2375 100 456,600,1224,1224
2376 100 1008,552,1224,1224
2377 100 432,624,1224,1200
2378 100 432,624,1224,1200
2379 100 408,624,1224,1200
2380 100 408,624,1224,1200
2381 100 384,624,1224,1200
2382 100 384,624,1224,1200
2383 100 384,624,1224,1200
2384 100 384,624,1224,1200
2385 100 360,624,1224,1224
2386 100 360,624,1224,1224
2387 100 360,624,1224,1200
2388 100 360,624,1224,1200
2389 100 336,600,1224,1224
2390 100 336,600,1224,1224
2391 100 336,600,1224,1200
2392 100 336,600,1224,1200
2393 100 312,576,1224,1200
2394 100 312,576,1224,1200
2395 100 312,552,1224,1200
2396 100 312,552,1224,1200
2397 100 288,528,1224,1200
2398 100 288,528,1224,1200
2399 100 288,504,1224,1200
2400 100 288,504,1224,1200
2401 100 264,504,1224,1200
2402 100 264,504,1224,1200
2403 100 240,504,1224,1200
2404 100 240,504,1224,1200
2405 100 264,504,1224,1200
2406 100 264,504,1224,1200
2407 100 264,480,1224,1224
2408 100 264,480,1224,1224
2409 100 264,480,1224,1224
2410 100 264,480,1224,1224
2411 100 240,480,1224,1224
2412 100 240,480,1224,1224
2413 100 240,480,1224,1224
2414 100 240,480,1224,1224
2415 100 240,480,1224,1224
2416 100 240,480,1224,1224
2417 100 216,480,1224,1224
2418 100 216,480,1224,1224
2419 100 240,480,1224,1224
2420 100 240,480,1224,1224
2421 100 240,480,1224,1224
2422 100 240,480,1224,1224
2423 100 240,480,1224,1200
2424 100 240,480,1224,1200
2425 100 240,480,1224,1224
2426 100 240,480,1224,1224
2427 100 216,480,1224,1224
2428 100 216,480,1224,1224
2429 100 168,480,1224,1224
2430 100 1488,576,1224,1224
2431 100 120,504,1224,1224
2432 100 120,504,1224,1224
2433 100 72,504,1224,1224
2434 100 72,504,1224,1224
2435 100 24,504,1224,1224
2436 100 24,504,1224,1224
2437 100 0,504,1224,1224
2438 100 0,504,1224,1224
2439 100 0,504,1224,1224
2440 100 0,504,1224,1224
2441 100 0,504,1224,1224
2442 100 0,504,1224,1224
2443 100 0,504,1224,1224
2444 100 0,504,1224,1224
2445 100 0,504,1224,1224
2446 100 0,504,1224,1224
2447 100 0,504,1224,1224
2448 100 0,504,1224,1224
2449 100 0,504,1224,1224
2450 100 0,504,1224,1224
2451 100 24,504,1224,1224
2452 100 24,504,1224,1224
2453 100 48,504,1224,1224
2454 100 48,504,1224,1224
2455 100 96,504,1224,1224
2456 100 96,504,1224,1224
2457 100 144,504,1224,1224
2458 100 1392,600,1224,1224
2459 100 192,504,1224,1224
2460 100 192,504,1224,1224
2461 100 192,504,1224,1224
2462 100 192,504,1224,1224
2463 100 192,504,1224,1224
2464 100 192,504,1224,1224
2465 100 216,504,1224,1224
2466 100 216,504,1224,1224
2467 100 336,504,1224,1224
2468 100 336,504,1224,1224
2469 100 336,504,1224,1224
2470 100 384,504,1224,1224
2471 100 384,504,1224,1224
2472 100 432,504,1224,1224
2473 100 432,504,1224,1224
2474 100 504,504,1224,1224
2475 100 504,504,1224,1224
2476 100 552,528,1224,1200
2477 100 552,528,1224,1200
2478 100 600,552,1224,1200
2479 100 600,552,1224,1200
2480 100 648,552,1224,1224
2481 100 648,552,1224,1224
2482 100 672,552,1224,1224
2483 100 720,552,1224,1224
2484 100 720,552,1224,1224
2485 100 720,552,1224,1224
2486 100 768,552,1224,1200
2487 100 768,552,1224,1200
2488 100 816,552,1224,1224
2489 100 816,552,1224,1224
2490 100 864,552,1224,1224
2491 100 864,552,1224,1224
2492 100 888,552,1224,1200
2493 100 888,552,1224,1200
2494 100 936,552,1224,1200
2495 100 936,552,1224,1200
2496 100 960,552,1224,1224
2497 100 960,552,1224,1224
2498 100 960,552,1224,1200
2499 100 960,552,1224,1200
2500 100 984,552,1224,1200
2501 100 984,552,1224,1200
2502 100 984,552,1224,1200
2503 100 984,552,1224,1200
2504 100 1008,552,1224,1200
2505 100 1008,552,1224,1200
2506 100 1032,552,1224,1200
2507 100 1032,552,1224,1200
2508 100 1032,552,1224,1200
2509 100 1032,552,1224,1200
2510 100 1056,552,1224,1200
2511 100 1056,552,1224,1200
2512 100 1080,552,1224,1200
2513 100 1080,552,1224,1200
2514 100 1080,552,1224,1200
2515 100 1080,552,1224,1200
2516 100 1104,552,1224,1200
2517 100 1104,552,1224,1200
2518 100 1128,552,1224,1200
2519 100 1128,552,1224,1200
2520 100 1128,552,1224,1200
2521 100 1128,552,1224,1224
2522 100 1128,552,1224,1224
2523 100 1152,552,1224,1224
2524 100 1152,552,1224,1224
2525 100 1152,576,1224,1200
2526 100 1152,576,1224,1200
2527 100 1176,576,1224,1200
2528 100 1176,576,1224,1200
2529 100 1176,576,1224,1200
2530 100 1176,576,1224,1200
2531 100 1176,576,1224,1200
2532 100 1176,576,1224,1200
2533 100 1200,576,1224,1200
2534 100 1200,576,1224,1200
2535 100 1200,576,1224,1200
2536 100 1200,576,1224,1200
2537 100 1224,576,1224,1224
2538 100 1224,576,1224,1224
2539 100 1224,600,1224,1200
2540 100 1224,600,1224,1200
2541 100 1224,600,1224,1200
2542 100 1224,600,1224,1200
2543 100 1224,600,1224,1200
2544 100 1224,600,1224,1200
2545 100 1224,600,1224,1224
2546 100 1224,600,1224,1224
2547 100 1224,600,1224,1224
2548 100 1224,600,1224,1224
2549 100 1224,624,1224,1200
2550 100 1224,624,1224,1200
2551 100 1224,624,1224,1224
2552 100 1224,624,1224,1224
2553 100 1224,648,1224,1200
2554 100 1224,648,1224,1200
2555 100 1248,672,1224,1224
2556 100 1248,672,1224,1224
2557 100 1248,696,1224,1200
2558 100 1248,696,1224,1200
2559 100 1272,672,1224,1224
2560 100 1272,672,1224,1224
