0 100 0,1248,1224,912
1 100 0,696,1224,1200
2 100 0,696,1224,1200
3 100 0,696,1224,1200
4 100 0,696,1224,1200
5 100 24,696,1224,1200
6 100 24,696,1224,1200
7 100 0,696,1224,1200
8 100 0,696,1224,1200
9 100 0,696,1224,1200
10 100 0,696,1224,1200
11 100 0,696,1224,1200
12 100 0,696,1224,1200
13 100 0,696,1224,1200
14 100 0,696,1224,1200
15 100 0,696,1224,1200
16 100 0,696,1224,1200
17 100 0,696,1224,1200
18 100 0,696,1224,1200
19 100 0,696,1224,1200
20 100 0,696,1224,1200
21 100 0,696,1224,1200
22 100 0,696,1224,1200
23 100 0,696,1224,1200
24 100 0,696,1224,1200
25 100 0,696,1224,1200
26 100 0,696,1224,1200
27 100 0,696,1224,1200
28 100 0,696,1224,1200
29 100 0,696,1224,1200
30 100 0,696,1224,1200
31 100 0,696,1224,1224
32 100 0,696,1224,1224
33 100 0,696,1224,1224
34 100 0,696,1224,1224
35 100 0,696,1224,1224
36 100 0,696,1224,1224
37 100 0,696,1224,1224
38 100 0,696,1224,1224
39 100 0,696,1224,1224
40 100 0,696,1224,1224
41 100 0,696,1224,1224
42 100 0,696,1224,1224
43 100 0,696,1224,1224
44 100 0,696,1224,1224
45 100 0,696,1224,1224
46 100 0,696,1224,1224
47 100 0,696,1224,1224
48 100 0,696,1224,1224
49 100 0,696,1224,1224
50 100 0,696,1224,1224
51 100 0,696,1224,1224
52 100 0,696,1224,1224
53 100 0,720,1224,1200
54 100 0,720,1224,1200
55 100 0,696,1224,1224
56 100 0,696,1224,1224
57 100 0,720,1224,1200
58 100 0,720,1224,1200
59 100 0,720,1224,1200
60 100 0,720,1224,1200
61 100 0,720,1224,1200
62 100 0,720,1224,1200
63 100 0,720,1224,1200
64 100 0,720,1224,1200
65 100 0,720,1224,1200
66 100 0,720,1224,1200
67 100 0,720,1224,1200
68 100 0,720,1224,1200
69 100 0,720,1224,1200
70 100 0,720,1224,1200
71 100 0,720,1224,1200
72 100 0,720,1224,1200
73 100 0,720,1224,1200
74 100 0,720,1224,1200
75 100 0,720,1224,1200
76 100 0,720,1224,1200
77 100 0,720,1224,1200
78 100 0,720,1224,1200
79 100 0,720,1224,1200
80 100 0,720,1224,1200
81 100 0,720,1224,1200
82 100 0,720,1224,1200
83 100 0,720,1224,1224
84 100 0,720,1224,1224
85 100 0,720,1224,1224
86 100 0,720,1224,1224
87 100 0,720,1224,1224
88 100 0,720,1224,1224
89 100 0,720,1224,1224
90 100 0,720,1224,1224
91 100 0,720,1224,1224
92 100 0,720,1224,1224
93 100 0,720,1224,1224
94 100 0,720,1224,1224
95 100 0,720,1224,1224
96 100 0,720,1224,1224
97 100 0,720,1224,1224
98 100 0,720,1224,1224
99 100 0,720,1224,1224
100 100 0,720,1224,1224
101 100 0,720,1224,1224
102 100 0,720,1224,1224
103 100 0,720,1224,1224
104 100 0,720,1224,1224
105 100 0,720,1224,1224
106 100 0,720,1224,1224
107 100 0,720,1224,1224
108 100 0,720,1224,1224
109 100 0,720,1224,1224
110 100 0,720,1224,1224
111 100 0,720,1224,1224
112 100 0,720,1224,1224
113 100 0,720,1224,1224
114 100 0,720,1224,1224
115 100 0,720,1224,1224
116 100 0,720,1224,1224
117 100 0,720,1224,1224
118 100 0,720,1224,1224
119 100 0,744,1224,1200
120 100 0,744,1224,1200
121 100 0,744,1224,1200
122 100 0,744,1224,1200
123 100 0,720,1224,1224
124 100 0,720,1224,1224
125 100 0,720,1224,1224
126 100 0,720,1224,1224
127 100 0,720,1224,1224
128 100 0,720,1224,1224
129 100 0,720,1224,1224
130 100 0,720,1224,1224
131 100 0,720,1224,1224
132 100 0,720,1224,1224
133 100 0,720,1224,1224
134 100 0,720,1224,1224
135 100 0,720,1224,1224
136 100 0,720,1224,1224
137 100 0,720,1224,1224
138 100 0,720,1224,1224
139 100 0,720,1224,1224
140 100 0,720,1224,1224
141 100 0,720,1224,1224
142 100 0,720,1224,1224
143 100 0,720,1224,1224
144 100 0,720,1224,1224
145 100 0,720,1224,1224
146 100 0,720,1224,1224
147 100 0,720,1224,1224
148 100 0,720,1224,1224
149 100 0,720,1224,1200
150 100 0,720,1224,1200
151 100 0,720,1224,1200
152 100 0,720,1224,1200
153 100 0,720,1224,1200
154 100 0,720,1224,1200
155 100 0,720,1224,1200
156 100 0,720,1224,1200
157 100 0,720,1224,1200
158 100 0,720,1224,1200
159 100 0,720,1224,1200
160 100 0,720,1224,1200
161 100 0,720,1224,1200
162 100 0,720,1224,1200
163 100 0,720,1224,1200
164 100 0,720,1224,1200
165 100 0,720,1224,1200
166 100 0,720,1224,1200
167 100 0,720,1224,1200
168 100 0,720,1224,1200
169 100 0,720,1224,1200
170 100 0,720,1224,1200
171 100 0,720,1224,1200
172 100 0,720,1224,1200
173 100 0,720,1224,1200
174 100 0,720,1224,1200
175 100 0,720,1224,1200
176 100 0,720,1224,1200
177 100 0,720,1224,1200
178 100 0,720,1224,1200
179 100 0,720,1224,1200
180 100 0,720,1224,1200
181 100 0,720,1224,1200
182 100 0,720,1224,1200
183 100 0,720,1224,1200
184 100 0,720,1224,1200
185 100 0,720,1224,1200
186 100 0,720,1224,1200
187 100 0,720,1224,1200
188 100 0,720,1224,1200
189 100 0,720,1224,1200
190 100 0,720,1224,1200
191 100 0,720,1224,1200
192 100 0,720,1224,1200
193 100 0,720,1224,1200
194 100 0,720,1224,1200
195 100 0,720,1224,1200
196 100 0,720,1224,1200
197 100 0,720,1224,1200
198 100 0,720,1224,1200
199 100 0,720,1224,1200
200 100 0,720,1224,1200
201 100 0,720,1224,1200
202 100 0,720,1224,1200
203 100 0,720,1224,1200
204 100 0,720,1224,1200
205 100 0,720,1224,1200
206 100 0,720,1224,1200
207 100 0,720,1224,1200
208 100 0,720,1224,1200
209 100 0,720,1224,1200
210 100 0,720,1224,1200
211 100 0,720,1224,1200
212 100 0,720,1224,1200
213 100 0,720,1224,1200
214 100 0,720,1224,1200
215 100 0,720,1224,1200
216 100 0,720,1224,1200
217 100 0,720,1224,1200
218 100 0,720,1224,1200
219 100 0,720,1224,1200
220 100 0,720,1224,1200
221 100 0,720,1224,1200
222 100 0,720,1224,1200
223 100 0,720,1224,1200
224 100 0,720,1224,1200
225 100 0,720,1224,1200
226 100 0,720,1224,1200
227 100 0,720,1224,1200
228 100 0,720,1224,1200
229 100 0,720,1224,1200
230 100 0,720,1224,1200
231 100 0,720,1224,1200
232 100 0,720,1224,1200
233 100 0,720,1224,1200
234 100 0,720,1224,1200
235 100 0,720,1224,1200
236 100 0,720,1224,1200
237 100 0,720,1224,1200
238 100 0,720,1224,1200
239 100 0,720,1224,1200
240 100 0,720,1224,1200
241 100 0,720,1224,1200
242 100 0,720,1224,1200
243 100 0,720,1224,1200
244 100 0,720,1224,1200
245 100 0,720,1224,1200
246 100 0,720,1224,1200
247 100 0,720,1224,1200
248 100 0,720,1224,1200
249 100 0,720,1224,1224
250 100 0,720,1224,1224
251 100 0,744,1224,1200
252 100 0,744,1224,1200
253 100 0,768,1224,1200
254 100 0,768,1224,1200
255 100 0,792,1224,1200
256 100 0,792,1224,1200
257 100 0,840,1224,1200
258 100 0,840,1224,1200
259 100 0,864,1224,1200
260 100 0,864,1224,1200
261 100 0,864,1224,1200
262 100 0,864,1224,1200
263 100 0,864,1224,1224
264 100 0,864,1224,1224
265 100 0,888,1224,1200
266 100 0,888,1224,1200
267 100 0,888,1224,1200
268 100 0,888,1224,1200
269 100 0,888,1224,1200
270 100 0,888,1224,1200
271 100 0,912,1224,1200
272 100 0,912,1224,1200
273 100 0,936,1224,1200
274 100 0,936,1224,1200
275 100 0,936,1224,1224
276 100 0,936,1224,1224
277 100 0,960,1224,1200
278 100 0,960,1224,1200
279 100 0,960,1224,1200
280 100 0,960,1224,1200
281 100 24,984,1224,1176
282 100 24,984,1224,1176
283 100 72,984,1224,1176
284 100 72,984,1224,1176
285 100 1392,1008,1224,1152
286 100 1392,1008,1224,1152
287 100 0,1008,1224,1152
288 100 0,1008,1224,1152
289 100 0,1032,1224,1128
290 100 0,1032,1224,1128
291 100 0,1032,1224,1128
292 100 0,1032,1224,1128
293 100 0,1056,1224,1104
294 100 0,1056,1224,1104
295 100 0,1080,1224,1080
296 100 0,1080,1224,1080
297 100 0,1104,1224,1056
298 100 0,1104,1224,1056
299 100 0,1128,1224,1032
300 100 0,1128,1224,1032
301 100 0,1152,1224,1008
302 100 0,1152,1224,1008
303 100 0,1176,1224,984
304 100 0,1176,1224,984
305 100 0,1200,1224,960
306 100 0,1200,1224,960
307 100 0,1200,1224,960
308 100 0,1200,1224,960
309 100 0,1200,1224,960
310 100 0,1200,1224,960
311 100 0,1200,1224,960
312 100 0,1200,1224,960
313 100 0,1200,1224,960
314 100 0,1200,1224,960
315 100 0,1224,1224,936
316 100 0,1224,1224,936
317 100 0,1224,1224,936
318 100 0,1224,1224,936
319 100 0,1224,1224,936
320 100 0,1224,1224,936
321 100 0,1224,1224,936
322 100 0,1224,1224,936
323 100 0,1224,1224,936
324 100 0,1224,1224,936
325 100 0,1224,1224,936
326 100 0,1224,1224,936
327 100 0,1224,1224,936
328 100 0,1224,1224,936
329 100 0,1248,1224,912
330 100 0,1248,1224,912
331 100 0,1248,1224,912
332 100 0,1248,1224,912
333 100 0,1248,1224,912
334 100 0,1248,1224,912
335 100 0,1248,1224,912
336 100 0,1248,1224,912
337 100 0,1248,1224,912
338 100 0,1248,1224,912
339 100 0,1248,1224,912
340 100 0,1248,1224,912
341 100 0,1248,1224,912
342 100 0,1248,1224,912
343 100 0,1248,1224,912
344 100 0,1248,1224,912
345 100 0,1248,1224,912
346 100 0,1248,1224,912
347 100 0,1248,1224,912
348 100 0,1248,1224,912
349 100 0,1248,1224,912
350 100 0,1248,1224,912
351 100 0,1248,1224,912
352 100 0,1248,1224,912
353 100 0,1248,1224,912
354 100 0,1248,1224,912
355 100 0,1272,1224,888
356 100 0,1272,1224,888
357 100 0,1272,1224,888
358 100 0,1272,1224,888
359 100 0,1272,1224,888
360 100 0,1272,1224,888
361 100 0,1272,1224,888
362 100 0,1272,1224,888
363 100 0,1272,1224,888
364 100 0,1272,1224,888
365 100 0,1296,1224,864
366 100 0,1296,1224,864
367 100 0,1296,1224,864
368 100 0,1296,1224,864
369 100 0,1320,1224,840
370 100 0,1320,1224,840
371 100 0,1320,1224,840
372 100 0,1320,1224,840
373 100 0,1320,1224,840
374 100 0,1320,1224,840
375 100 0,1320,1224,840
376 100 0,1320,1224,840
377 100 0,1320,1224,840
378 100 0,1320,1224,840
379 100 0,1320,1224,840
380 100 0,1320,1224,840
381 100 0,1320,1224,840
382 100 0,1320,1224,840
383 100 0,1320,1224,840
384 100 0,1320,1224,840
385 100 0,1320,1224,840
386 100 0,1320,1224,840
387 100 0,1320,1224,840
388 100 0,1320,1224,840
389 100 0,1320,1224,840
390 100 0,1320,1224,840
391 100 0,1320,1224,840
392 100 0,1320,1224,840
393 100 0,1344,1224,816
394 100 0,1344,1224,816
395 100 0,1344,1224,816
396 100 0,1344,1224,816
397 100 0,1344,1224,816
398 100 0,1344,1224,816
399 100 0,1344,1224,816
400 100 0,1344,1224,816
401 100 0,1344,1224,816
402 100 0,1344,1224,816
403 100 0,1344,1224,816
404 100 0,1344,1224,816
405 100 0,1296,1224,864
406 100 0,1296,1224,864
407 100 0,1248,1224,912
408 100 0,1248,1224,912
409 100 0,1200,1224,960
410 100 0,1200,1224,960
411 100 0,1128,1224,1032
412 100 0,1128,1224,1032
413 100 0,1080,1224,1080
414 100 0,1080,1224,1080
415 100 0,1032,1224,1128
416 100 0,1032,1224,1128
417 100 0,1008,1224,1152
418 100 0,1008,1224,1152
419 100 264,960,1224,1200
420 100 264,960,1224,1200
421 100 552,936,1224,1224
422 100 552,936,1224,1224
423 100 624,888,1224,1224
424 100 624,888,1224,1224
425 100 720,840,1224,1224
426 100 720,840,1224,1224
427 100 768,816,1224,1224
428 100 768,816,1224,1224
429 100 840,792,1224,1200
430 100 840,792,1224,1200
431 100 912,768,1224,1200
432 100 912,768,1224,1200
433 100 960,744,1224,1200
434 100 960,744,1224,1200
435 100 1008,720,1224,1200
436 100 1008,720,1224,1200
437 100 1056,696,1224,1200
438 100 1056,696,1224,1200
439 100 1080,696,1224,1200
440 100 1080,696,1224,1200
441 100 1104,696,1224,1200
442 100 1104,696,1224,1200
443 100 1128,696,1224,1200
444 100 1128,696,1224,1200
445 100 1128,696,1224,1200
446 100 1128,696,1224,1200
447 100 1128,696,1224,1200
448 100 1128,696,1224,1200
449 100 1128,696,1224,1200
450 100 1128,696,1224,1200
451 100 1128,696,1224,1200
452 100 1128,696,1224,1200
453 100 1128,696,1224,1200
454 100 1128,696,1224,1200
455 100 1152,696,1224,1200
456 100 1152,696,1224,1200
457 100 1152,696,1224,1200
458 100 1152,696,1224,1200
459 100 1152,696,1224,1200
460 100 1152,696,1224,1200
461 100 1152,696,1224,1200
462 100 1152,696,1224,1200
463 100 1152,696,1224,1200
464 100 1152,696,1224,1200
465 100 1152,696,1224,1200
466 100 1152,696,1224,1200
467 100 1152,696,1224,1200
468 100 1152,696,1224,1200
469 100 1152,696,1224,1200
470 100 1152,696,1224,1200
471 100 1152,696,1224,1200
472 100 1152,696,1224,1200
473 100 1152,696,1224,1200
474 100 1152,696,1224,1200
475 100 1152,696,1224,1200
476 100 1152,696,1224,1200
477 100 1128,672,1224,1224
478 100 1128,672,1224,1224
479 100 1128,672,1224,1224
480 100 1128,672,1224,1224
481 100 1128,672,1224,1224
482 100 1128,672,1224,1224
483 100 1128,672,1224,1224
484 100 1128,672,1224,1224
485 100 1128,672,1224,1224
486 100 1128,672,1224,1224
487 100 1128,672,1224,1224
488 100 1128,672,1224,1224
489 100 1128,672,1224,1224
490 100 1128,672,1224,1224
491 100 1128,696,1224,1200
492 100 1128,696,1224,1200
493 100 1128,672,1224,1224
494 100 1128,672,1224,1224
495 100 1128,696,1224,1200
496 100 1128,696,1224,1200
497 100 1128,696,1224,1200
498 100 1128,696,1224,1200
499 100 1128,696,1224,1200
500 100 1128,696,1224,1200
501 100 1128,672,1224,1224
502 100 1128,672,1224,1224
503 100 1128,672,1224,1200
504 100 1128,672,1224,1200
505 100 1104,648,1224,1200
506 100 1104,648,1224,1200
507 100 1080,624,1224,1200
508 100 1080,624,1224,1200
509 100 1080,600,1224,1200
510 100 1080,600,1224,1200
511 100 1056,576,1224,1200
512 100 1056,576,1224,1200
513 100 1056,552,1224,1224
514 100 1056,552,1224,1224
515 100 1056,552,1224,1200
516 100 1056,552,1224,1200
517 100 1032,528,1224,1200
518 100 1032,528,1224,1200
519 100 1032,504,1224,1224
520 100 1032,504,1224,1224
521 100 1032,504,1224,1200
522 100 1032,504,1224,1200
523 100 1008,504,1224,1200
524 100 1008,504,1224,1200
525 100 1008,504,1224,1200
526 100 1008,504,1224,1200
527 100 1008,504,1224,1224
528 100 1008,504,1224,1224
529 100 1008,504,1224,1224
530 100 1008,504,1224,1224
531 100 1008,504,1224,1224
532 100 1008,504,1224,1224
533 100 1032,528,1224,1200
534 100 1032,528,1224,1200
535 100 1032,528,1224,1200
536 100 1032,528,1224,1200
537 100 1032,528,1224,1200
538 100 1032,528,1224,1200
539 100 1032,528,1224,1200
540 100 1032,528,1224,1200
541 100 1032,528,1224,1200
542 100 1032,528,1224,1200
543 100 1032,528,1224,1200
544 100 1032,528,1224,1200
545 100 1032,528,1224,1200
546 100 1032,528,1224,1200
547 100 1032,528,1224,1200
548 100 1032,528,1224,1200
549 100 1032,528,1224,1200
550 100 1032,528,1224,1200
551 100 1056,528,1224,1224
552 100 1056,528,1224,1224
553 100 1056,552,1224,1200
554 100 1056,552,1224,1200
555 100 1080,552,1224,1200
556 100 1080,552,1224,1200
557 100 1104,576,1224,1200
558 100 1104,576,1224,1200
559 100 1104,576,1224,1200
560 100 1104,576,1224,1200
561 100 1128,600,1224,1200
562 100 1128,600,1224,1200
563 100 1152,600,1224,1200
564 100 1152,600,1224,1200
565 100 1176,600,1224,1224
566 100 1176,600,1224,1224
567 100 1176,624,1224,1200
568 100 1176,624,1224,1200
569 100 1176,624,1224,1200
570 100 1176,624,1224,1200
571 100 1200,624,1224,1200
572 100 1200,624,1224,1200
573 100 1200,624,1224,1224
574 100 1200,624,1224,1224
575 100 1200,648,1224,1200
576 100 1200,648,1224,1200
577 100 1200,648,1224,1200
578 100 1200,648,1224,1200
579 100 1200,648,1224,1200
580 100 1200,648,1224,1200
581 100 1200,648,1224,1200
582 100 1200,648,1224,1200
583 100 1200,648,1224,1200
584 100 1200,648,1224,1200
585 100 1200,648,1224,1200
586 100 1200,648,1224,1200
587 100 1200,648,1224,1200
588 100 1200,648,1224,1200
589 100 1200,648,1224,1200
590 100 1200,648,1224,1200
591 100 1200,648,1224,1200
592 100 1200,648,1224,1200
593 100 1200,648,1224,1200
594 100 1200,648,1224,1200
595 100 1224,648,1224,1200
596 100 1224,648,1224,1200
597 100 1224,648,1224,1200
598 100 1224,648,1224,1200
599 100 1224,648,1224,1224
600 100 1224,648,1224,1224
601 100 1224,648,1224,1224
602 100 1224,648,1224,1224
603 100 1248,672,1224,1200
604 100 1248,672,1224,1200
605 100 1248,672,1224,1200
606 100 1248,672,1224,1200
607 100 1248,672,1224,1200
608 100 1248,672,1224,1200
609 100 1272,672,1224,1200
610 100 1272,672,1224,1200
611 100 1272,672,1224,1200
612 100 1272,672,1224,1200
613 100 1272,672,1224,1224
614 100 1272,672,1224,1224
615 100 1272,672,1224,1224
616 100 1272,672,1224,1224
617 100 1272,672,1224,1200
618 100 1272,672,1224,1200
619 100 1272,672,1224,1224
620 100 1272,672,1224,1224
621 100 1272,672,1224,1224
622 100 1272,672,1224,1224
623 100 1272,672,1224,1224
624 100 1272,672,1224,1224
625 100 1272,672,1224,1224
626 100 1272,672,1224,1224
627 100 1248,672,1224,1200
628 100 1248,672,1224,1200
629 100 1200,648,1224,1224
630 100 1200,648,1224,1224
631 100 1152,648,1224,1200
632 100 1152,648,1224,1200
633 100 1104,624,1224,1224
634 100 1104,624,1224,1224
635 100 1056,600,1224,1224
636 100 1056,600,1224,1224
637 100 1008,600,1224,1200
638 100 1008,600,1224,1200
639 100 984,576,1224,1224
640 100 984,576,1224,1224
641 100 936,576,1224,1200
642 100 936,576,1224,1200
643 100 912,552,1224,1224
644 100 912,552,1224,1224
645 100 864,552,1224,1200
646 100 864,552,1224,1200
647 100 840,552,1224,1200
648 100 840,552,1224,1200
649 100 792,552,1224,1224
650 100 792,552,1224,1224
651 100 744,576,1224,1200
652 100 744,576,1224,1200
653 100 720,576,1224,1200
654 100 720,576,1224,1200
655 100 696,576,1224,1200
656 100 696,576,1224,1200
657 100 672,576,1224,1200
658 100 672,576,1224,1200
659 100 648,576,1224,1200
660 100 648,576,1224,1200
661 100 624,576,1224,1200
662 100 624,576,1224,1200
663 100 600,576,1224,1200
664 100 600,576,1224,1200
665 100 576,576,1224,1200
666 100 576,576,1224,1200
667 100 552,576,1224,1200
668 100 552,576,1224,1200
669 100 528,576,1224,1224
670 100 528,576,1224,1224
671 100 480,576,1224,1224
672 100 480,576,1224,1224
673 100 456,576,1224,1224
674 100 456,576,1224,1224
675 100 432,576,1224,1224
676 100 432,576,1224,1224
677 100 408,576,1224,1200
678 100 408,576,1224,1200
679 100 384,576,1224,1200
680 100 384,576,1224,1200
681 100 336,576,1224,1200
682 100 336,576,1224,1200
683 100 312,552,1224,1224
684 100 312,552,1224,1224
685 100 264,552,1224,1200
686 100 264,552,1224,1200
687 100 240,552,1224,1200
688 100 240,552,1224,1200
689 100 216,552,1224,1200
690 100 216,552,1224,1200
691 100 192,552,1224,1200
692 100 192,552,1224,1200
693 100 168,528,1224,1224
694 100 168,528,1224,1224
695 100 144,528,1224,1224
696 100 144,528,1224,1224
697 100 144,528,1224,1200
698 100 144,528,1224,1200
699 100 120,528,1224,1224
700 100 120,528,1224,1224
701 100 96,528,1224,1224
702 100 96,528,1224,1224
703 100 72,528,1224,1200
704 100 72,528,1224,1200
705 100 72,528,1224,1200
706 100 72,528,1224,1200
707 100 48,504,1224,1224
708 100 48,504,1224,1224
709 100 24,504,1224,1224
710 100 24,504,1224,1224
711 100 0,504,1224,1200
712 100 0,504,1224,1200
713 100 0,504,1224,1200
714 100 0,504,1224,1200
715 100 0,504,1224,1200
716 100 0,504,1224,1200
717 100 24,480,1224,1224
718 100 24,480,1224,1224
719 100 0,480,1224,1200
720 100 0,480,1224,1200
721 100 0,480,1224,1200
722 100 0,480,1224,1200
723 100 0,456,1224,1200
724 100 0,456,1224,1200
725 100 24,456,1224,1200
726 100 24,456,1224,1200
727 100 24,456,1224,1200
728 100 24,456,1224,1200
729 100 0,456,1224,1200
730 100 0,456,1224,1200
731 100 0,456,1224,1200
732 100 0,456,1224,1200
733 100 48,432,1224,1224
734 100 48,432,1224,1224
735 100 48,432,1224,1200
736 100 48,432,1224,1200
737 100 24,432,1224,1200
738 100 24,432,1224,1200
739 100 0,432,1224,1200
740 100 0,432,1224,1200
741 100 0,432,1224,1200
742 100 0,432,1224,1200
743 100 72,432,1224,1200
744 100 72,432,1224,1200
745 100 96,432,1224,1200
746 100 96,432,1224,1200
747 100 120,408,1224,1224
748 100 120,408,1224,1224
749 100 0,408,1224,1200
750 100 0,408,1224,1200
751 100 48,384,1224,1224
752 100 48,384,1224,1224
753 100 3432,384,1224,1200
754 100 3432,384,1224,1200
755 100 24,360,1224,1224
756 100 24,360,1224,1224
757 100 3528,360,1224,1200
758 100 3528,360,1224,1200
759 100 3384,336,1224,1200
760 100 3384,336,1224,1200
761 100 3480,336,1224,1200
762 100 3480,336,1224,1200
763 100 3528,336,1224,1200
764 100 3528,336,1224,1200
765 100 3576,336,1224,1200
766 100 3576,336,1224,1200
767 100 3576,336,1224,1200
768 100 3576,336,1224,1200
769 100 3624,312,1224,1224
770 100 3624,312,1224,1224
771 100 3360,312,1224,1224
772 100 3360,312,1224,1224
773 100 3384,312,1224,1200
774 100 3384,312,1224,1200
775 100 3360,312,1224,1224
776 100 3360,312,1224,1224
777 100 3360,312,1224,1224
778 100 3360,312,1224,1224
779 100 3408,312,1224,1200
780 100 3408,312,1224,1200
781 100 3216,312,1224,1200
782 100 3216,312,1224,1200
783 100 3216,312,1224,1200
784 100 3216,312,1224,1200
785 100 3192,312,1224,1200
786 100 3192,312,1224,1200
787 100 3192,312,1224,1200
788 100 3192,312,1224,1200
789 100 3192,312,1224,1224
790 100 3192,312,1224,1224
791 100 3192,312,1224,1200
792 100 3192,312,1224,1200
793 100 3192,312,1224,1200
794 100 3192,312,1224,1200
795 100 3168,312,1224,1200
796 100 3168,312,1224,1200
797 100 3168,312,1224,1224
798 100 3168,312,1224,1224
799 100 3168,312,1224,1224
800 100 3168,312,1224,1224
801 100 3192,312,1224,1200
802 100 3192,312,1224,1200
803 100 3216,312,1224,1200
804 100 3216,312,1224,1200
805 100 3240,312,1224,1200
806 100 3240,312,1224,1200
807 100 3480,312,1224,1200
808 100 3480,312,1224,1200
809 100 3480,312,1224,1200
810 100 3480,312,1224,1200
811 100 3456,312,1224,1200
812 100 3456,312,1224,1200
813 100 3720,288,1224,1224
814 100 3720,288,1224,1224
815 100 3384,288,1224,1200
816 100 3384,288,1224,1200
817 100 3504,288,1224,1200
818 100 3504,288,1224,1200
819 100 24,288,1224,1200
820 100 24,288,1224,1200
821 100 120,264,1224,1224
822 100 120,264,1224,1224
823 100 144,264,1224,1224
824 100 144,264,1224,1224
825 100 120,288,1224,1200
826 100 120,288,1224,1200
827 100 0,288,1224,1200
828 100 0,288,1224,1200
829 100 24,288,1224,1200
830 100 24,288,1224,1200
831 100 48,288,1224,1200
832 100 48,288,1224,1200
833 100 0,288,1224,1200
834 100 0,288,1224,1200
835 100 48,288,1224,1224
836 100 48,288,1224,1224
837 100 0,288,1224,1224
838 100 0,288,1224,1224
839 100 24,288,1224,1224
840 100 24,288,1224,1224
841 100 48,288,1224,1200
842 100 48,288,1224,1200
843 100 0,288,1224,1200
844 100 0,288,1224,1200
845 100 0,288,1224,1224
846 100 0,288,1224,1224
847 100 0,288,1224,1224
848 100 0,288,1224,1224
849 100 0,288,1224,1224
850 100 0,288,1224,1224
851 100 0,312,1224,1200
852 100 0,312,1224,1200
853 100 0,312,1224,1200
854 100 0,312,1224,1200
855 100 0,312,1224,1224
856 100 0,312,1224,1224
857 100 0,336,1224,1200
858 100 0,336,1224,1200
859 100 0,360,1224,1200
860 100 0,360,1224,1200
861 100 0,384,1224,1200
862 100 0,384,1224,1200
863 100 0,408,1224,1224
864 100 0,408,1224,1224
865 100 0,456,1224,1200
866 100 0,456,1224,1200
867 100 0,456,1224,1200
868 100 0,456,1224,1200
869 100 0,480,1224,1200
870 100 0,480,1224,1200
871 100 0,480,1224,1200
872 100 0,480,1224,1200
873 100 0,480,1224,1200
874 100 0,480,1224,1200
875 100 0,456,1224,1224
876 100 0,456,1224,1224
877 100 24,456,1224,1224
878 100 24,456,1224,1224
879 100 24,456,1224,1224
880 100 24,456,1224,1224
881 100 24,456,1224,1224
882 100 24,456,1224,1224
883 100 24,456,1224,1224
884 100 24,456,1224,1224
885 100 0,480,1224,1200
886 100 0,480,1224,1200
887 100 0,480,1224,1200
888 100 0,480,1224,1200
889 100 0,480,1224,1224
890 100 0,480,1224,1224
891 100 0,480,1224,1224
892 100 0,480,1224,1224
893 100 0,504,1224,1200
894 100 0,504,1224,1200
895 100 0,504,1224,1224
896 100 0,504,1224,1224
897 100 0,528,1224,1224
898 100 0,528,1224,1224
899 100 0,576,1224,1200
900 100 0,576,1224,1200
901 100 24,600,1224,1224
902 100 24,600,1224,1224
903 100 48,624,1224,1224
904 100 48,624,1224,1224
905 100 96,648,1224,1200
906 100 96,648,1224,1200
907 100 144,648,1224,1224
908 100 144,648,1224,1224
909 100 192,672,1224,1200
910 100 192,672,1224,1200
911 100 264,672,1224,1200
912 100 264,672,1224,1200
913 100 312,672,1224,1224
914 100 312,672,1224,1224
915 100 360,672,1224,1224
916 100 360,672,1224,1224
917 100 408,672,1224,1224
918 100 408,672,1224,1224
919 100 456,696,1224,1200
920 100 456,696,1224,1200
921 100 504,696,1224,1200
922 100 504,696,1224,1200
923 100 552,672,1224,1224
924 100 552,672,1224,1224
925 100 600,672,1224,1224
926 100 600,672,1224,1224
927 100 648,672,1224,1200
928 100 648,672,1224,1200
929 100 696,648,1224,1200
930 100 696,648,1224,1200
931 100 744,624,1224,1224
932 100 744,624,1224,1224
933 100 768,624,1224,1200
934 100 768,624,1224,1200
935 100 816,624,1224,1200
936 100 816,624,1224,1200
937 100 840,600,1224,1224
938 100 840,600,1224,1224
939 100 864,600,1224,1200
940 100 864,600,1224,1200
941 100 864,576,1224,1224
942 100 864,576,1224,1224
943 100 888,576,1224,1200
944 100 888,576,1224,1200
945 100 888,576,1224,1200
946 100 888,576,1224,1200
947 100 912,552,1224,1224
948 100 912,552,1224,1224
949 100 936,552,1224,1200
950 100 936,552,1224,1200
951 100 936,552,1224,1200
952 100 936,552,1224,1200
953 100 960,528,1224,1224
954 100 960,528,1224,1224
955 100 960,528,1224,1200
956 100 960,528,1224,1200
957 100 960,528,1224,1200
958 100 960,528,1224,1200
959 100 960,528,1224,1200
960 100 960,528,1224,1200
961 100 936,528,1224,1200
962 100 936,528,1224,1200
963 100 960,528,1224,1200
964 100 960,528,1224,1200
965 100 960,528,1224,1200
966 100 960,528,1224,1200
967 100 960,528,1224,1200
968 100 960,528,1224,1200
969 100 984,528,1224,1224
970 100 984,528,1224,1224
971 100 1032,552,1224,1200
972 100 1032,552,1224,1200
973 100 1056,552,1224,1224
974 100 1056,552,1224,1224
975 100 1104,576,1224,1224
976 100 1104,576,1224,1224
977 100 1152,600,1224,1200
978 100 1152,600,1224,1200
979 100 1176,624,1224,1200
980 100 1176,624,1224,1200
981 100 1200,624,1224,1200
982 100 1200,624,1224,1200
983 100 1224,624,1224,1224
984 100 1224,624,1224,1224
985 100 1272,648,1224,1200
986 100 1272,648,1224,1200
987 100 1296,648,1224,1200
988 100 1296,648,1224,1200
989 100 1320,648,1224,1224
990 100 1320,648,1224,1224
991 100 1368,648,1224,1224
992 100 1368,648,1224,1224
993 100 1392,648,1224,1224
994 100 1392,648,1224,1224
995 100 1416,648,1224,1224
996 100 1416,648,1224,1224
997 100 1416,648,1224,1224
998 100 1416,648,1224,1224
999 100 1440,648,1224,1224
1000 100 1440,648,1224,1224
1001 100 1464,648,1224,1200
1002 100 1464,648,1224,1200
1003 100 1464,648,1224,1200
1004 100 1464,648,1224,1200
1005 100 1488,648,1224,1200
1006 100 1488,648,1224,1200
1007 100 1488,648,1224,1200
1008 100 1488,648,1224,1200
1009 100 1512,648,1224,1200
1010 100 1512,648,1224,1200
1011 100 1536,648,1224,1200
1012 100 1536,648,1224,1200
1013 100 1560,624,1224,1224
1014 100 1560,624,1224,1224
1015 100 1584,624,1224,1200
1016 100 1584,624,1224,1200
1017 100 1608,600,1224,1224
1018 100 1608,600,1224,1224
1019 100 1632,600,1224,1200
1020 100 1632,600,1224,1200
1021 100 1632,600,1224,1200
1022 100 1632,600,1224,1200
1023 100 1656,576,1224,1200
1024 100 1656,576,1224,1200
1025 100 1680,576,1224,1200
1026 100 1680,576,1224,1200
1027 100 1680,576,1224,1200
1028 100 1680,576,1224,1200
1029 100 1704,576,1224,1200
1030 100 1704,576,1224,1200
1031 100 1704,576,1224,1200
1032 100 1704,576,1224,1200
1033 100 1728,576,1224,1200
1034 100 1728,576,1224,1200
1035 100 1752,576,1224,1200
1036 100 1752,576,1224,1200
1037 100 1776,552,1224,1224
1038 100 1776,552,1224,1224
1039 100 1800,552,1224,1224
1040 100 1800,552,1224,1224
1041 100 1800,552,1224,1224
1042 100 1800,552,1224,1224
1043 100 1824,552,1224,1224
1044 100 1824,552,1224,1224
1045 100 1848,552,1224,1224
1046 100 1848,552,1224,1224
1047 100 1872,552,1224,1224
1048 100 1872,552,1224,1224
1049 100 1896,552,1224,1224
1050 100 1896,552,1224,1224
1051 100 1920,552,1224,1224
1052 100 1920,552,1224,1224
1053 100 1944,552,1224,1224
1054 100 1944,552,1224,1224
1055 100 1944,552,1224,1224
1056 100 1944,552,1224,1224
1057 100 1968,552,1224,1224
1058 100 1968,552,1224,1224
1059 100 1992,552,1224,1224
1060 100 1992,552,1224,1224
1061 100 1992,552,1224,1224
1062 100 1992,552,1224,1224
1063 100 2016,552,1224,1224
1064 100 2016,552,1224,1224
1065 100 2016,552,1224,1224
1066 100 2016,552,1224,1224
1067 100 2040,552,1224,1224
1068 100 2040,552,1224,1224
1069 100 2040,552,1224,1224
1070 100 2040,552,1224,1224
1071 100 2040,576,1224,1200
1072 100 2040,576,1224,1200
1073 100 2040,576,1224,1200
1074 100 2040,576,1224,1200
1075 100 2016,576,1224,1200
1076 100 2016,576,1224,1200
1077 100 2016,576,1224,1224
1078 100 2016,576,1224,1224
1079 100 2016,576,1224,1224
1080 100 2016,576,1224,1224
1081 100 2016,576,1224,1200
1082 100 2016,576,1224,1200
1083 100 1992,576,1224,1224
1084 100 1992,576,1224,1224
1085 100 1992,576,1224,1224
1086 100 1992,576,1224,1224
1087 100 1992,576,1224,1224
1088 100 1992,576,1224,1224
1089 100 1992,600,1224,1200
1090 100 2016,600,1224,1200
1091 100 2016,600,1224,1200
1092 100 2016,600,1224,1200
1093 100 2016,600,1224,1200
1094 100 2016,600,1224,1200
1095 100 2040,600,1224,1224
1096 100 2040,600,1224,1224
1097 100 2040,600,1224,1200
1098 100 2040,600,1224,1200
1099 100 2064,600,1224,1200
1100 100 2064,600,1224,1200
1101 100 2064,600,1224,1200
1102 100 2064,600,1224,1200
1103 100 2064,600,1224,1200
1104 100 2064,600,1224,1224
1105 100 2064,600,1224,1224
1106 100 2064,600,1224,1224
1107 100 2064,600,1224,1224
1108 100 2064,600,1224,1224
1109 100 2064,600,1224,1224
1110 100 2040,600,1224,1224
1111 100 2040,600,1224,1200
1112 100 2040,600,1224,1200
1113 100 2016,600,1224,1224
1114 100 2016,600,1224,1224
1115 100 1992,600,1224,1224
1116 100 1992,600,1224,1224
1117 100 1968,624,1224,1200
1118 100 1968,624,1224,1200
1119 100 1944,624,1224,1200
1120 100 1944,624,1224,1200
1121 100 1920,624,1224,1200
1122 100 1920,624,1224,1200
1123 100 1896,624,1224,1200
1124 100 1896,624,1224,1200
1125 100 1872,624,1224,1200
1126 100 1872,624,1224,1200
1127 100 1848,624,1224,1200
1128 100 1848,624,1224,1200
1129 100 1824,624,1224,1200
1130 100 1824,624,1224,1200
1131 100 1776,624,1224,1200
1132 100 1776,624,1224,1200
1133 100 1704,624,1224,1200
1134 100 1704,624,1224,1200
1135 100 1656,624,1224,1200
1136 100 1656,624,1224,1200
1137 100 1608,624,1224,1200
1138 100 1608,624,1224,1200
1139 100 1536,624,1224,1200
1140 100 1536,624,1224,1200
1141 100 1488,624,1224,1200
1142 100 1440,624,1224,1200
1143 100 1440,624,1224,1200
1144 100 1416,624,1224,1200
1145 100 1416,624,1224,1200
1146 100 1392,600,1224,1224
1147 100 1392,600,1224,1224
1148 100 1368,600,1224,1200
1149 100 1368,600,1224,1200
1150 100 1344,576,1224,1224
1151 100 1344,576,1224,1224
1152 100 1344,576,1224,1200
1153 100 1344,576,1224,1200
1154 100 1344,552,1224,1224
1155 100 1344,552,1224,1224
1156 100 1344,552,1224,1200
1157 100 1344,552,1224,1200
1158 100 1344,552,1224,1200
1159 100 1344,552,1224,1200
1160 100 1344,552,1224,1200
1161 100 1344,552,1224,1200
1162 100 1344,528,1224,1224
1163 100 1344,528,1224,1224
1164 100 1344,528,1224,1224
1165 100 1344,528,1224,1224
1166 100 1344,528,1224,1224
1167 100 1344,528,1224,1224
1168 100 1344,528,1224,1224
1169 100 1344,528,1224,1224
1170 100 1344,528,1224,1224
1171 100 1344,528,1224,1224
1172 100 1344,528,1224,1224
1173 100 1344,528,1224,1224
1174 100 1344,528,1224,1224
1175 100 1344,528,1224,1224
1176 100 1344,528,1224,1224
1177 100 1344,528,1224,1224
1178 100 1344,528,1224,1200
1179 100 1344,528,1224,1200
1180 100 1344,528,1224,1200
1181 100 1344,528,1224,1200
1182 100 1344,528,1224,1200
1183 100 1344,528,1224,1200
1184 100 1344,528,1224,1200
1185 100 1344,528,1224,1200
1186 100 1344,528,1224,1200
1187 100 1344,528,1224,1200
1188 100 1344,528,1224,1224
1189 100 1344,528,1224,1224
1190 100 1344,528,1224,1224
1191 100 1344,528,1224,1224
1192 100 1344,528,1224,1224
1193 100 1344,528,1224,1224
1194 100 1344,528,1224,1224
1195 100 1344,528,1224,1224
1196 100 1344,528,1224,1224
1197 100 1344,528,1224,1224
1198 100 1344,528,1224,1224
1199 100 1344,528,1224,1224
1200 100 1344,528,1224,1224
1201 100 1344,528,1224,1224
1202 100 1344,528,1224,1200
1203 100 1344,528,1224,1200
1204 100 1344,528,1224,1200
1205 100 1344,528,1224,1200
1206 100 1344,528,1224,1200
1207 100 1344,528,1224,1200
1208 100 1344,528,1224,1200
1209 100 1344,528,1224,1200
1210 100 1344,528,1224,1200
1211 100 1344,528,1224,1200
1212 100 1320,504,1224,1200
1213 100 1320,504,1224,1200
1214 100 1320,480,1224,1200
1215 100 1320,480,1224,1200
1216 100 1296,456,1224,1200
1217 100 1296,456,1224,1200
1218 100 1272,432,1224,1200
1219 100 1272,432,1224,1200
1220 100 1272,408,1224,1224
1221 100 1272,408,1224,1224
1222 100 1248,408,1224,1224
1223 100 1248,408,1224,1224
1224 100 1248,408,1224,1224
1225 100 1248,408,1224,1224
1226 100 1272,408,1224,1224
1227 100 1272,408,1224,1224
1228 100 1272,432,1224,1200
1229 100 1272,432,1224,1200
1230 100 1272,432,1224,1200
1231 100 1272,432,1224,1200
1232 100 1272,432,1224,1200
1233 100 1272,432,1224,1200
1234 100 1272,432,1224,1200
1235 100 1272,432,1224,1200
1236 100 1272,408,1224,1224
1237 100 1272,408,1224,1224
1238 100 1272,408,1224,1200
1239 100 1272,408,1224,1200
1240 100 1272,408,1224,1224
1241 100 1272,408,1224,1224
1242 100 1272,408,1224,1224
1243 100 1272,408,1224,1224
1244 100 1272,408,1224,1224
1245 100 1272,408,1224,1224
1246 100 1272,432,1224,1200
1247 100 1272,432,1224,1200
1248 100 1272,432,1224,1200
1249 100 1272,432,1224,1200
1250 100 1272,432,1224,1224
1251 100 1272,432,1224,1224
1252 100 1272,456,1224,1200
1253 100 1272,456,1224,1200
1254 100 1272,456,1224,1224
1255 100 1272,456,1224,1224
1256 100 1272,456,1224,1224
1257 100 1272,456,1224,1224
1258 100 1272,456,1224,1200
1259 100 1272,456,1224,1200
1260 100 1272,456,1224,1224
1261 100 1272,456,1224,1224
1262 100 1272,480,1224,1200
1263 100 1272,480,1224,1200
1264 100 1272,480,1224,1200
1265 100 1272,480,1224,1200
1266 100 1248,480,1224,1200
1267 100 1248,480,1224,1200
1268 100 1224,480,1224,1200
1269 100 1224,480,1224,1200
1270 100 1176,480,1224,1200
1271 100 1176,480,1224,1200
1272 100 1152,480,1224,1200
1273 100 1152,480,1224,1200
1274 100 1128,480,1224,1200
1275 100 1128,480,1224,1200
1276 100 1104,480,1224,1200
1277 100 1104,480,1224,1200
1278 100 1080,480,1224,1200
1279 100 1080,480,1224,1200
1280 100 1056,456,1224,1224
1281 100 1056,456,1224,1224
1282 100 1008,456,1224,1200
1283 100 1008,456,1224,1200
1284 100 984,432,1224,1224
1285 100 984,432,1224,1224
1286 100 960,432,1224,1200
1287 100 960,432,1224,1200
1288 100 936,408,1224,1224
1289 100 936,408,1224,1224
1290 100 912,408,1224,1200
1291 100 912,408,1224,1200
1292 100 888,408,1224,1200
1293 100 888,408,1224,1200
1294 100 864,384,1224,1224
1295 100 864,384,1224,1224
1296 100 840,384,1224,1200
1297 100 840,384,1224,1200
1298 100 816,384,1224,1200
1299 100 816,384,1224,1200
1300 100 816,384,1224,1200
1301 100 816,384,1224,1200
1302 100 792,408,1224,1200
1303 100 792,408,1224,1200
1304 100 792,432,1224,1200
1305 100 792,432,1224,1200
1306 100 792,432,1224,1200
1307 100 792,432,1224,1200
1308 100 792,456,1224,1200
1309 100 792,456,1224,1200
1310 100 768,504,1224,1200
1311 100 768,504,1224,1200
1312 100 768,504,1224,1200
1313 100 744,504,1224,1200
1314 100 744,504,1224,1200
1315 100 744,504,1224,1200
1316 100 744,504,1224,1200
1317 100 744,504,1224,1200
1318 100 744,504,1224,1200
1319 100 744,504,1224,1200
1320 100 744,504,1224,1200
1321 100 744,504,1224,1200
1322 100 744,504,1224,1200
1323 100 744,504,1224,1200
1324 100 744,504,1224,1200
1325 100 720,504,1224,1200
1326 100 720,504,1224,1200
1327 100 720,504,1224,1200
1328 100 720,504,1224,1200
1329 100 720,504,1224,1200
1330 100 720,504,1224,1200
1331 100 720,504,1224,1200
1332 100 720,504,1224,1200
1333 100 720,504,1224,1200
1334 100 720,504,1224,1200
1335 100 744,504,1224,1200
1336 100 744,504,1224,1200
1337 100 744,504,1224,1200
1338 100 744,504,1224,1224
1339 100 744,504,1224,1224
1340 100 744,504,1224,1200
1341 100 744,504,1224,1200
1342 100 744,504,1224,1200
1343 100 744,504,1224,1200
1344 100 744,504,1224,1200
1345 100 744,504,1224,1200
1346 100 744,504,1224,1200
1347 100 744,504,1224,1200
1348 100 744,504,1224,1200
1349 100 744,504,1224,1200
1350 100 744,504,1224,1200
1351 100 744,504,1224,1200
1352 100 744,504,1224,1200
1353 100 744,504,1224,1200
1354 100 744,504,1224,1200
1355 100 744,504,1224,1200
1356 100 744,504,1224,1200
1357 100 744,504,1224,1200
1358 100 744,504,1224,1200
1359 100 744,504,1224,1200
1360 100 744,504,1224,1200
1361 100 744,504,1224,1200
1362 100 744,504,1224,1200
1363 100 744,504,1224,1200
1364 100 744,504,1224,1224
1365 100 744,504,1224,1224
1366 100 768,504,1224,1200
1367 100 768,504,1224,1200
1368 100 768,504,1224,1224
1369 100 768,504,1224,1224
1370 100 768,504,1224,1200
1371 100 768,504,1224,1200
1372 100 768,504,1224,1200
1373 100 768,504,1224,1200
1374 100 768,504,1224,1200
1375 100 768,504,1224,1200
1376 100 768,504,1224,1200
1377 100 768,504,1224,1200
1378 100 768,504,1224,1200
1379 100 768,504,1224,1200
1380 100 792,480,1224,1224
1381 100 792,480,1224,1224
1382 100 792,480,1224,1200
1383 100 792,480,1224,1200
1384 100 792,480,1224,1200
1385 100 792,480,1224,1200
1386 100 792,480,1224,1200
1387 100 792,480,1224,1200
1388 100 792,456,1224,1224
1389 100 792,456,1224,1224
1390 100 792,456,1224,1200
1391 100 792,456,1224,1200
1392 100 768,456,1224,1200
1393 100 768,456,1224,1200
1394 100 768,456,1224,1200
1395 100 768,456,1224,1200
1396 100 768,432,1224,1224
1397 100 768,432,1224,1224
1398 100 768,432,1224,1224
1399 100 768,432,1224,1224
1400 100 792,432,1224,1200
1401 100 792,432,1224,1200
1402 100 816,432,1224,1200
1403 100 816,432,1224,1200
1404 100 864,432,1224,1200
1405 100 864,432,1224,1200
1406 100 912,432,1224,1200
1407 100 912,432,1224,1200
1408 100 984,432,1224,1200
1409 100 984,432,1224,1200
1410 100 1056,432,1224,1224
1411 100 1056,432,1224,1224
1412 100 1104,456,1224,1200
1413 100 1104,456,1224,1200
1414 100 1128,456,1224,1200
1415 100 1128,456,1224,1200
1416 100 1176,456,1224,1224
1417 100 1176,456,1224,1224
1418 100 1200,456,1224,1200
1419 100 1200,456,1224,1200
1420 100 1224,456,1224,1224
1421 100 1224,456,1224,1224
1422 100 1248,456,1224,1224
1423 100 1248,456,1224,1224
1424 100 1272,456,1224,1200
1425 100 1272,456,1224,1200
1426 100 1272,456,1224,1200
1427 100 1272,456,1224,1200
1428 100 1272,456,1224,1200
1429 100 1272,456,1224,1200
1430 100 1272,456,1224,1200
1431 100 1272,456,1224,1200
1432 100 1272,432,1224,1224
1433 100 1272,432,1224,1224
1434 100 1272,432,1224,1200
1435 100 1272,432,1224,1200
1436 100 1272,432,1224,1200
1437 100 1272,432,1224,1200
1438 100 1272,432,1224,1200
1439 100 1272,432,1224,1200
1440 100 1272,408,1224,1224
1441 100 1272,408,1224,1224
1442 100 1248,408,1224,1224
1443 100 1248,408,1224,1224
1444 100 1248,408,1224,1224
1445 100 1248,408,1224,1224
1446 100 1272,408,1224,1224
1447 100 1272,408,1224,1224
1448 100 1272,432,1224,1200
1449 100 1272,432,1224,1200
1450 100 1296,432,1224,1200
1451 100 1296,432,1224,1200
1452 100 1320,432,1224,1200
1453 100 1320,432,1224,1200
1454 100 1344,432,1224,1224
1455 100 1344,432,1224,1224
1456 100 1392,432,1224,1224
1457 100 1392,432,1224,1224
1458 100 1440,456,1224,1200
1459 100 1440,456,1224,1200
1460 100 1512,480,1224,1200
1461 100 1512,480,1224,1200
1462 100 1536,480,1224,1224
1463 100 1536,480,1224,1224
1464 100 1584,504,1224,1224
1465 100 1584,504,1224,1224
1466 100 1632,504,1224,1224
1467 100 1632,504,1224,1224
1468 100 1656,528,1224,1224
1469 100 1656,528,1224,1224
1470 100 1680,552,1224,1200
1471 100 1680,552,1224,1200
1472 100 1680,552,1224,1200
1473 100 1680,552,1224,1200
1474 100 1680,552,1224,1200
1475 100 1680,552,1224,1200
1476 100 1704,528,1224,1224
1477 100 1704,528,1224,1224
1478 100 1704,552,1224,1200
1479 100 1704,552,1224,1200
1480 100 1704,552,1224,1224
1481 100 1704,552,1224,1224
1482 100 1728,552,1224,1224
1483 100 1728,552,1224,1224
1484 100 1728,552,1224,1224
1485 100 1728,552,1224,1224
1486 100 1728,552,1224,1224
1487 100 1728,552,1224,1224
1488 100 1728,552,1224,1224
1489 100 1728,552,1224,1224
1490 100 1752,552,1224,1200
1491 100 1752,552,1224,1200
1492 100 1752,552,1224,1224
1493 100 1752,552,1224,1224
1494 100 1728,552,1224,1224
1495 100 1728,552,1224,1224
1496 100 1728,552,1224,1224
1497 100 1728,552,1224,1224
1498 100 1728,552,1224,1224
1499 100 1728,552,1224,1224
1500 100 1728,552,1224,1224
1501 100 1728,552,1224,1224
1502 100 1728,552,1224,1224
1503 100 1728,552,1224,1224
1504 100 1728,552,1224,1224
1505 100 1728,552,1224,1224
1506 100 1728,552,1224,1224
1507 100 1728,552,1224,1224
1508 100 1704,552,1224,1224
1509 100 1704,552,1224,1224
1510 100 1704,552,1224,1224
1511 100 1704,552,1224,1224
1512 100 1704,552,1224,1224
1513 100 1704,552,1224,1224
1514 100 1704,552,1224,1224
1515 100 1704,552,1224,1224
1516 100 1704,552,1224,1224
1517 100 1704,552,1224,1224
1518 100 1704,576,1224,1200
1519 100 1704,576,1224,1200
1520 100 1704,552,1224,1224
1521 100 1704,552,1224,1224
1522 100 1656,576,1224,1200
1523 100 1656,576,1224,1200
1524 100 1584,576,1224,1200
1525 100 1584,576,1224,1200
1526 100 1512,576,1224,1200
1527 100 1512,576,1224,1200
1528 100 1464,576,1224,1200
1529 100 1464,576,1224,1200
1530 100 1416,576,1224,1224
1531 100 1416,576,1224,1224
1532 100 1416,576,1224,1224
1533 100 1416,576,1224,1224
1534 100 1392,576,1224,1224
1535 100 1392,576,1224,1224
1536 100 1368,576,1224,1224
1537 100 1368,576,1224,1224
1538 100 1368,576,1224,1224
1539 100 1368,576,1224,1224
1540 100 1368,576,1224,1224
1541 100 1368,576,1224,1224
1542 100 1368,576,1224,1224
1543 100 1320,576,1224,1200
1544 100 1320,576,1224,1200
1545 100 1272,576,1224,1200
1546 100 1272,576,1224,1200
1547 100 1176,576,1224,1200
1548 100 1176,576,1224,1200
1549 100 1080,552,1224,1224
1550 100 1080,552,1224,1224
1551 100 984,552,1224,1224
1552 100 984,552,1224,1224
1553 100 888,552,1224,1200
1554 100 888,552,1224,1200
1555 100 816,528,1224,1200
1556 100 816,528,1224,1200
1557 100 696,504,1224,1224
1558 100 696,504,1224,1224
1559 100 600,504,1224,1200
1560 100 600,504,1224,1200
1561 100 528,480,1224,1200
1562 100 528,480,1224,1200
1563 100 456,456,1224,1224
1564 100 456,456,1224,1224
1565 100 384,432,1224,1224
1566 100 384,432,1224,1224
1567 100 288,432,1224,1224
1568 100 288,432,1224,1224
1569 100 192,432,1224,1200
1570 100 192,432,1224,1200
1571 100 120,408,1224,1224
1572 100 120,408,1224,1224
1573 100 24,408,1224,1200
1574 100 24,408,1224,1200
1575 100 0,384,1224,1224
1576 100 0,384,1224,1224
1577 100 24,384,1224,1200
1578 100 24,384,1224,1200
1579 100 24,384,1224,1200
1580 100 24,384,1224,1200
1581 100 24,360,1224,1224
1582 100 24,360,1224,1224
1583 100 48,360,1224,1224
1584 100 48,360,1224,1224
1585 100 72,384,1224,1200
1586 100 72,384,1224,1200
1587 100 168,384,1224,1224
1588 100 168,384,1224,1224
1589 100 0,384,1224,1224
1590 100 0,384,1224,1224
1591 100 3552,384,1224,1224
1592 100 3552,384,1224,1224
1593 100 3600,384,1224,1224
1594 100 3600,384,1224,1224
1595 100 3480,408,1224,1200
1596 100 3384,408,1224,1200
