0 100 384,504,1224,1224
1 100 3024,456,1224,1200
2 100 3024,456,1224,1200
3 100 3000,456,1224,1200
4 100 3000,456,1224,1200
5 100 3024,456,1224,1200
6 100 3024,456,1224,1200
7 100 3048,432,1224,1224
8 100 3048,432,1224,1224
9 100 3048,432,1224,1224
10 100 3048,432,1224,1224
11 100 3024,456,1224,1200
12 100 3024,456,1224,1200
13 100 2928,432,1224,1224
14 100 2928,432,1224,1224
15 100 2952,432,1224,1224
16 100 2952,432,1224,1224
17 100 2856,432,1224,1224
18 100 2856,432,1224,1224
19 100 2856,432,1224,1224
20 100 2856,432,1224,1224
21 100 2784,432,1224,1200
22 100 2784,432,1224,1200
23 100 2784,432,1224,1200
24 100 2784,432,1224,1200
25 100 2784,432,1224,1200
26 100 2784,432,1224,1200
27 100 2784,432,1224,1200
28 100 2784,432,1224,1200
29 100 2784,432,1224,1200
30 100 2784,432,1224,1200
31 100 2784,432,1224,1200
32 100 2784,432,1224,1200
33 100 2808,432,1224,1200
34 100 2808,432,1224,1200
35 100 2808,432,1224,1200
36 100 2808,432,1224,1200
37 100 2784,432,1224,1200
38 100 2784,432,1224,1200
39 100 2784,432,1224,1200
40 100 2784,432,1224,1200
41 100 2784,432,1224,1200
42 100 2784,432,1224,1200
43 100 2784,432,1224,1200
44 100 2784,432,1224,1200
45 100 2784,432,1224,1200
46 100 2784,432,1224,1200
47 100 2760,432,1224,1200
48 100 2760,432,1224,1200
49 100 2736,432,1224,1200
50 100 2736,432,1224,1200
51 100 2760,432,1224,1200
52 100 2760,432,1224,1200
53 100 2736,432,1224,1200
54 100 2736,432,1224,1200
55 100 2736,432,1224,1200
56 100 2736,432,1224,1200
57 100 2736,432,1224,1200
58 100 2736,432,1224,1200
59 100 2736,432,1224,1200
60 100 2736,432,1224,1200
61 100 2736,432,1224,1200
62 100 2736,432,1224,1200
63 100 2712,432,1224,1200
64 100 2712,432,1224,1200
65 100 2688,432,1224,1200
66 100 2688,432,1224,1200
67 100 2664,432,1224,1200
68 100 2664,432,1224,1200
69 100 2616,432,1224,1200
70 100 2616,432,1224,1200
71 100 2592,432,1224,1200
72 100 2592,432,1224,1200
73 100 2568,432,1224,1200
74 100 2568,432,1224,1200
75 100 2592,432,1224,1200
76 100 2592,432,1224,1200
77 100 2592,432,1224,1200
78 100 2592,432,1224,1200
79 100 2568,432,1224,1200
80 100 2568,432,1224,1200
81 100 2568,432,1224,1200
82 100 2568,432,1224,1200
83 100 2568,432,1224,1200
84 100 2568,432,1224,1200
85 100 2568,432,1224,1200
86 100 2568,432,1224,1200
87 100 2568,432,1224,1200
88 100 2568,432,1224,1200
89 100 2568,432,1224,1200
90 100 2568,432,1224,1200
91 100 2568,432,1224,1224
92 100 2568,432,1224,1224
93 100 2568,432,1224,1224
94 100 2568,432,1224,1224
95 100 2568,432,1224,1224
96 100 2568,432,1224,1224
97 100 2568,432,1224,1224
98 100 2568,432,1224,1224
99 100 2568,432,1224,1224
100 100 2568,432,1224,1224
101 100 2568,432,1224,1224
102 100 2568,432,1224,1224
103 100 2544,432,1224,1200
104 100 2544,432,1224,1200
105 100 2544,432,1224,1200
106 100 2544,432,1224,1200
107 100 2544,432,1224,1224
108 100 2544,432,1224,1224
109 100 2568,480,1224,1200
110 100 2568,480,1224,1200
111 100 2544,456,1224,1200
112 100 2544,456,1224,1200
113 100 2520,432,1224,1200
114 100 2520,432,1224,1200
115 100 2520,432,1224,1200
116 100 2520,432,1224,1200
117 100 2520,432,1224,1200
118 100 2520,432,1224,1200
119 100 2496,432,1224,1224
120 100 2496,432,1224,1224
121 100 2496,432,1224,1224
122 100 2496,432,1224,1224
123 100 2496,432,1224,1224
124 100 2496,432,1224,1224
125 100 2472,432,1224,1224
126 100 2472,432,1224,1224
127 100 2472,432,1224,1224
128 100 2472,432,1224,1224
129 100 2472,432,1224,1200
130 100 2472,432,1224,1200
131 100 2472,432,1224,1224
132 100 2472,432,1224,1224
133 100 2472,456,1224,1200
134 100 2472,456,1224,1200
135 100 2472,432,1224,1224
136 100 2472,432,1224,1224
137 100 2472,432,1224,1224
138 100 2472,432,1224,1224
139 100 2448,432,1224,1224
140 100 2448,432,1224,1224
141 100 2448,432,1224,1224
142 100 2448,432,1224,1224
143 100 2472,456,1224,1200
144 100 2472,456,1224,1200
145 100 2472,456,1224,1200
146 100 2472,456,1224,1200
147 100 2472,432,1224,1224
148 100 2472,432,1224,1224
149 100 2472,456,1224,1200
150 100 2472,456,1224,1200
151 100 2472,456,1224,1200
152 100 2472,456,1224,1200
153 100 2472,456,1224,1200
154 100 2472,456,1224,1200
155 100 2472,456,1224,1200
156 100 2472,456,1224,1200
157 100 2472,456,1224,1200
158 100 2472,456,1224,1200
159 100 2472,456,1224,1200
160 100 2472,456,1224,1200
161 100 2472,456,1224,1200
162 100 2472,456,1224,1200
163 100 2472,456,1224,1200
164 100 2472,456,1224,1200
165 100 2472,456,1224,1200
166 100 2472,456,1224,1200
167 100 2472,456,1224,1200
168 100 2472,456,1224,1200
169 100 2472,456,1224,1200
170 100 2472,456,1224,1200
171 100 2472,456,1224,1200
172 100 2472,456,1224,1200
173 100 2472,456,1224,1200
174 100 2472,456,1224,1200
175 100 2448,432,1224,1224
176 100 2448,432,1224,1224
177 100 2448,432,1224,1224
178 100 2448,432,1224,1224
179 100 2448,456,1224,1200
180 100 2448,456,1224,1200
181 100 2448,456,1224,1200
182 100 2448,456,1224,1200
183 100 2448,456,1224,1200
184 100 2448,456,1224,1200
185 100 2472,456,1224,1200
186 100 2472,456,1224,1200
187 100 2472,456,1224,1200
188 100 2472,456,1224,1200
189 100 2472,456,1224,1200
190 100 2472,456,1224,1200
191 100 2496,456,1224,1200
192 100 2496,456,1224,1200
193 100 2496,456,1224,1200
194 100 2496,456,1224,1200
195 100 2496,456,1224,1200
196 100 2496,456,1224,1200
197 100 2496,456,1224,1200
198 100 2496,456,1224,1200
199 100 2496,456,1224,1200
200 100 2496,456,1224,1200
201 100 2496,456,1224,1200
202 100 2496,456,1224,1200
203 100 2496,456,1224,1200
204 100 2496,456,1224,1200
205 100 2496,456,1224,1200
206 100 2496,456,1224,1200
207 100 2496,456,1224,1200
208 100 2496,456,1224,1200
209 100 2496,456,1224,1200
210 100 2496,456,1224,1200
211 100 2496,456,1224,1200
212 100 2496,456,1224,1200
213 100 2496,456,1224,1200
214 100 2496,456,1224,1200
215 100 2496,456,1224,1200
216 100 2496,456,1224,1200
217 100 2496,456,1224,1200
218 100 2496,456,1224,1200
219 100 2496,456,1224,1200
220 100 2496,456,1224,1200
221 100 2496,456,1224,1200
222 100 2496,456,1224,1200
223 100 2496,456,1224,1200
224 100 2496,456,1224,1200
225 100 2496,456,1224,1200
226 100 2496,456,1224,1200
227 100 2496,456,1224,1200
228 100 2496,456,1224,1200
229 100 2496,456,1224,1200
230 100 2496,456,1224,1200
231 100 2496,432,1224,1200
232 100 2496,432,1224,1200
233 100 2448,384,1224,1200
234 100 2448,384,1224,1200
235 100 2448,360,1224,1200
236 100 2448,360,1224,1200
237 100 2448,360,1224,1200
238 100 2448,360,1224,1200
239 100 2448,360,1224,1224
240 100 2448,360,1224,1224
241 100 2472,384,1224,1200
242 100 2472,384,1224,1200
243 100 2472,384,1224,1224
244 100 2472,384,1224,1224
245 100 2472,408,1224,1200
246 100 2472,408,1224,1200
247 100 2472,408,1224,1224
248 100 2472,408,1224,1224
249 100 2448,408,1224,1224
250 100 2448,408,1224,1224
251 100 2448,408,1224,1224
252 100 2448,408,1224,1224
253 100 2448,432,1224,1200
254 100 2448,432,1224,1200
255 100 2424,432,1224,1200
256 100 2424,432,1224,1200
257 100 2424,432,1224,1200
258 100 2424,432,1224,1200
259 100 2424,432,1224,1200
260 100 2424,432,1224,1200
261 100 2424,432,1224,1200
262 100 2424,432,1224,1200
263 100 2424,432,1224,1200
264 100 2424,432,1224,1200
265 100 2424,432,1224,1200
266 100 2424,432,1224,1200
267 100 2400,432,1224,1200
268 100 2400,432,1224,1200
269 100 2400,432,1224,1200
270 100 2400,432,1224,1200
271 100 2400,432,1224,1200
272 100 2400,432,1224,1200
273 100 2424,432,1224,1200
274 100 2424,432,1224,1200
275 100 2424,432,1224,1200
276 100 2424,432,1224,1200
277 100 2400,432,1224,1224
278 100 2400,432,1224,1224
279 100 2400,480,1224,1200
280 100 2400,480,1224,1200
281 100 2352,504,1224,1224
282 100 2352,504,1224,1224
283 100 2232,528,1224,1224
284 100 2232,528,1224,1224
285 100 2088,552,1224,1200
286 100 2088,552,1224,1200
287 100 1944,552,1224,1200
288 100 1944,552,1224,1200
289 100 1824,528,1224,1224
290 100 1824,528,1224,1224
291 100 1752,528,1224,1200
292 100 1752,528,1224,1200
293 100 1704,528,1224,1200
294 100 1704,528,1224,1200
295 100 1656,528,1224,1200
296 100 1656,528,1224,1200
297 100 1632,528,1224,1200
298 100 1632,528,1224,1200
299 100 1608,528,1224,1200
300 100 1608,528,1224,1200
301 100 1608,528,1224,1200
302 100 1608,528,1224,1200
303 100 1584,504,1224,1224
304 100 1584,504,1224,1224
305 100 1584,504,1224,1224
306 100 1584,504,1224,1224
307 100 1560,504,1224,1224
308 100 1560,504,1224,1224
309 100 1560,504,1224,1200
310 100 1560,504,1224,1200
311 100 1536,504,1224,1200
312 100 1536,504,1224,1200
313 100 1488,504,1224,1200
314 100 1488,504,1224,1200
315 100 1464,504,1224,1224
316 100 1464,504,1224,1224
317 100 1440,504,1224,1224
318 100 1440,504,1224,1224
319 100 1416,528,1224,1200
320 100 1416,528,1224,1200
321 100 1392,528,1224,1200
322 100 1392,528,1224,1200
323 100 1392,528,1224,1200
324 100 1392,528,1224,1200
325 100 1368,528,1224,1200
326 100 1368,528,1224,1200
327 100 1368,528,1224,1200
328 100 1368,528,1224,1200
329 100 1344,528,1224,1200
330 100 1344,528,1224,1200
331 100 1296,552,1224,1200
332 100 1296,552,1224,1200
333 100 1272,552,1224,1224
334 100 1272,552,1224,1224
335 100 1248,576,1224,1200
336 100 1248,576,1224,1200
337 100 1248,576,1224,1200
338 100 1248,576,1224,1200
339 100 1224,576,1224,1200
340 100 1224,576,1224,1200
341 100 1224,576,1224,1200
342 100 1224,576,1224,1200
343 100 1224,576,1224,1200
344 100 1224,576,1224,1200
345 100 1224,576,1224,1200
346 100 1224,576,1224,1200
347 100 1224,576,1224,1200
348 100 1224,576,1224,1200
349 100 1224,576,1224,1200
350 100 1224,576,1224,1200
351 100 1224,576,1224,1200
352 100 1224,576,1224,1200
353 100 1248,552,1224,1224
354 100 1248,552,1224,1224
355 100 1248,552,1224,1200
356 100 1248,552,1224,1200
357 100 1248,552,1224,1200
358 100 1248,552,1224,1200
359 100 1248,528,1224,1224
360 100 1248,528,1224,1224
361 100 1248,528,1224,1224
362 100 1248,528,1224,1224
363 100 1248,552,1224,1200
364 100 1248,552,1224,1200
365 100 1248,552,1224,1200
366 100 1248,552,1224,1200
367 100 1248,552,1224,1200
368 100 1248,552,1224,1200
369 100 1224,600,1224,1200
370 100 1224,600,1224,1200
371 100 1176,672,1224,1200
372 100 1176,672,1224,1200
373 100 1128,696,1224,1224
374 100 1128,696,1224,1224
375 100 1128,720,1224,1200
376 100 1128,720,1224,1200
377 100 1104,720,1224,1200
378 100 1104,720,1224,1200
379 100 1104,720,1224,1224
380 100 1104,720,1224,1224
381 100 1080,744,1224,1200
382 100 1080,744,1224,1200
383 100 1080,744,1224,1200
384 100 1080,744,1224,1200
385 100 1080,720,1224,1224
386 100 1080,720,1224,1224
387 100 1080,696,1224,1224
388 100 1080,696,1224,1224
389 100 1080,624,1224,1200
390 100 1080,624,1224,1200
391 100 1080,552,1224,1224
392 100 1080,552,1224,1224
393 100 1056,504,1224,1224
394 100 1056,504,1224,1224
395 100 1032,480,1224,1200
396 100 1032,480,1224,1200
397 100 1008,456,1224,1200
398 100 1008,456,1224,1200
399 100 984,432,1224,1224
400 100 984,432,1224,1224
401 100 984,432,1224,1224
402 100 984,432,1224,1224
403 100 960,432,1224,1200
404 100 960,432,1224,1200
405 100 960,432,1224,1200
406 100 960,432,1224,1200
407 100 960,432,1224,1200
408 100 960,432,1224,1200
409 100 936,432,1224,1200
410 100 936,432,1224,1200
411 100 936,408,1224,1224
412 100 936,408,1224,1224
413 100 912,408,1224,1200
414 100 912,408,1224,1200
415 100 888,384,1224,1224
416 100 888,384,1224,1224
417 100 864,384,1224,1200
418 100 864,384,1224,1200
419 100 864,360,1224,1224
420 100 864,360,1224,1224
421 100 840,360,1224,1200
422 100 840,360,1224,1200
423 100 816,336,1224,1200
424 100 816,336,1224,1200
425 100 792,312,1224,1224
426 100 792,312,1224,1224
427 100 768,312,1224,1200
428 100 768,312,1224,1200
429 100 768,312,1224,1200
430 100 768,312,1224,1200
431 100 768,312,1224,1200
432 100 768,312,1224,1200
433 100 768,288,1224,1224
434 100 768,288,1224,1224
435 100 768,312,1224,1200
436 100 768,312,1224,1200
437 100 768,288,1224,1224
438 100 768,288,1224,1224
439 100 768,288,1224,1224
440 100 768,288,1224,1224
441 100 768,288,1224,1224
442 100 768,288,1224,1224
443 100 768,312,1224,1200
444 100 768,312,1224,1200
445 100 768,312,1224,1200
446 100 768,312,1224,1200
447 100 768,312,1224,1200
448 100 768,312,1224,1200
449 100 816,312,1224,1224
450 100 816,312,1224,1224
451 100 864,336,1224,1224
452 100 864,336,1224,1224
453 100 912,384,1224,1200
454 100 912,384,1224,1200
455 100 1008,432,1224,1200
456 100 1008,432,1224,1200
457 100 1080,456,1224,1224
458 100 1080,456,1224,1224
459 100 1152,504,1224,1200
460 100 1152,504,1224,1200
461 100 1176,528,1224,1200
462 100 1176,528,1224,1200
463 100 1224,528,1224,1224
464 100 1224,528,1224,1224
465 100 1224,552,1224,1200
466 100 1224,552,1224,1200
467 100 1248,552,1224,1200
468 100 1248,552,1224,1200
469 100 1248,552,1224,1200
470 100 1248,552,1224,1200
471 100 1248,552,1224,1200
472 100 1248,552,1224,1200
473 100 1248,552,1224,1200
474 100 1248,552,1224,1200
475 100 1248,528,1224,1224
476 100 1248,528,1224,1224
477 100 1248,528,1224,1224
478 100 1248,528,1224,1224
479 100 1248,528,1224,1224
480 100 1248,528,1224,1224
481 100 1248,528,1224,1224
482 100 1248,528,1224,1224
483 100 1272,528,1224,1224
484 100 1272,528,1224,1224
485 100 1272,528,1224,1224
486 100 1272,528,1224,1224
487 100 1272,528,1224,1224
488 100 1272,528,1224,1224
489 100 1272,552,1224,1200
490 100 1272,552,1224,1200
491 100 1272,528,1224,1224
492 100 1272,528,1224,1224
493 100 1272,528,1224,1224
494 100 1272,528,1224,1224
495 100 1272,528,1224,1224
496 100 1272,528,1224,1224
497 100 1248,528,1224,1224
498 100 1248,528,1224,1224
499 100 1248,528,1224,1200
500 100 1248,528,1224,1200
501 100 1248,528,1224,1224
502 100 1248,528,1224,1224
503 100 1248,528,1224,1200
504 100 1248,528,1224,1200
505 100 1248,528,1224,1224
506 100 1248,528,1224,1224
507 100 1248,528,1224,1224
508 100 1248,528,1224,1224
509 100 1248,528,1224,1224
510 100 1248,528,1224,1224
511 100 1248,528,1224,1224
512 100 1248,528,1224,1224
513 100 1248,528,1224,1224
514 100 1248,528,1224,1224
515 100 1224,528,1224,1224
516 100 1224,528,1224,1224
517 100 1248,528,1224,1224
518 100 1248,528,1224,1224
519 100 1224,528,1224,1224
520 100 1224,528,1224,1224
521 100 1224,528,1224,1224
522 100 1224,528,1224,1224
523 100 1224,552,1224,1200
524 100 1224,552,1224,1200
525 100 1224,552,1224,1200
526 100 1224,552,1224,1200
527 100 1200,576,1224,1200
528 100 1200,576,1224,1200
529 100 1200,600,1224,1200
530 100 1200,600,1224,1200
531 100 1176,624,1224,1224
532 100 1176,624,1224,1224
533 100 1152,672,1224,1200
534 100 1152,672,1224,1200
535 100 1104,720,1224,1200
536 100 1104,720,1224,1200
537 100 1080,768,1224,1200
538 100 1080,768,1224,1200
539 100 1056,792,1224,1200
540 100 1056,792,1224,1200
541 100 1056,792,1224,1224
542 100 1056,792,1224,1224
543 100 1032,816,1224,1200
544 100 1032,816,1224,1200
545 100 1008,840,1224,1200
546 100 1008,840,1224,1200
547 100 1008,840,1224,1200
548 100 1008,840,1224,1200
549 100 1008,840,1224,1224
550 100 1008,840,1224,1224
551 100 1008,840,1224,1224
552 100 1008,840,1224,1224
553 100 1008,864,1224,1200
554 100 1008,864,1224,1200
555 100 1008,864,1224,1200
556 100 1008,864,1224,1200
557 100 1008,864,1224,1200
558 100 1008,864,1224,1200
559 100 1008,864,1224,1200
560 100 1008,864,1224,1200
561 100 1008,864,1224,1200
562 100 1008,864,1224,1200
563 100 984,864,1224,1200
564 100 984,864,1224,1200
565 100 1008,864,1224,1200
566 100 1008,864,1224,1200
567 100 1008,864,1224,1200
568 100 1008,864,1224,1200
569 100 1008,864,1224,1200
570 100 1008,864,1224,1200
571 100 1008,864,1224,1200
572 100 1008,864,1224,1200
573 100 984,864,1224,1200
574 100 984,864,1224,1200
575 100 984,864,1224,1200
576 100 984,864,1224,1200
577 100 984,864,1224,1200
578 100 984,864,1224,1200
579 100 984,864,1224,1200
580 100 984,864,1224,1200
581 100 984,864,1224,1200
582 100 984,864,1224,1200
583 100 984,864,1224,1200
584 100 984,864,1224,1200
585 100 984,864,1224,1200
586 100 984,864,1224,1200
587 100 984,840,1224,1224
588 100 984,840,1224,1224
589 100 984,840,1224,1200
590 100 984,840,1224,1200
591 100 960,816,1224,1200
592 100 960,816,1224,1200
593 100 936,792,1224,1200
594 100 936,792,1224,1200
595 100 864,744,1224,1224
596 100 864,744,1224,1224
597 100 816,720,1224,1224
598 100 816,720,1224,1224
599 100 768,696,1224,1224
600 100 768,696,1224,1224
601 100 720,672,1224,1224
602 100 720,672,1224,1224
603 100 672,672,1224,1200
604 100 672,672,1224,1200
605 100 624,648,1224,1224
606 100 624,648,1224,1224
607 100 576,648,1224,1200
608 100 576,648,1224,1200
609 100 552,648,1224,1200
610 100 552,648,1224,1200
611 100 504,624,1224,1224
612 100 504,624,1224,1224
613 100 480,624,1224,1200
614 100 480,624,1224,1200
615 100 456,624,1224,1200
616 100 456,624,1224,1200
617 100 432,624,1224,1200
618 100 432,624,1224,1200
619 100 408,600,1224,1224
620 100 408,600,1224,1224
621 100 384,600,1224,1200
622 100 384,600,1224,1200
623 100 360,576,1224,1224
624 100 360,576,1224,1224
625 100 336,576,1224,1200
626 100 336,576,1224,1200
627 100 336,576,1224,1200
628 100 336,576,1224,1200
629 100 312,552,1224,1200
630 100 312,552,1224,1200
631 100 312,528,1224,1224
632 100 312,528,1224,1224
633 100 288,528,1224,1200
634 100 288,528,1224,1200
635 100 288,528,1224,1200
636 100 288,528,1224,1200
637 100 264,528,1224,1200
638 100 264,528,1224,1200
639 100 264,528,1224,1200
640 100 264,528,1224,1200
641 100 240,528,1224,1200
642 100 240,528,1224,1200
643 100 240,528,1224,1200
644 100 240,528,1224,1200
645 100 216,528,1224,1200
646 100 216,528,1224,1200
647 100 216,528,1224,1200
648 100 216,528,1224,1200
649 100 192,528,1224,1224
650 100 192,528,1224,1224
651 100 192,528,1224,1200
652 100 192,528,1224,1200
653 100 168,528,1224,1200
654 100 168,528,1224,1200
655 100 168,528,1224,1200
656 100 168,528,1224,1200
657 100 168,528,1224,1200
658 100 168,528,1224,1200
659 100 144,504,1224,1224
660 100 144,504,1224,1224
661 100 144,504,1224,1200
662 100 144,504,1224,1200
663 100 120,504,1224,1200
664 100 120,504,1224,1200
665 100 96,480,1224,1200
666 100 96,480,1224,1200
667 100 72,432,1224,1224
668 100 72,432,1224,1224
669 100 48,408,1224,1224
670 100 48,408,1224,1224
671 100 24,384,1224,1224
672 100 24,384,1224,1224
673 100 0,384,1224,1200
674 100 0,384,1224,1200
675 100 0,360,1224,1200
676 100 0,360,1224,1200
677 100 0,360,1224,1200
678 100 0,360,1224,1200
679 100 0,336,1224,1224
680 100 0,336,1224,1224
681 100 0,336,1224,1200
682 100 0,336,1224,1200
683 100 0,336,1224,1200
684 100 0,336,1224,1200
685 100 0,336,1224,1200
686 100 0,336,1224,1200
687 100 0,312,1224,1224
688 100 0,312,1224,1224
689 100 0,312,1224,1200
690 100 0,312,1224,1200
691 100 0,312,1224,1200
692 100 0,312,1224,1200
693 100 0,312,1224,1200
694 100 0,312,1224,1200
695 100 0,312,1224,1200
696 100 0,312,1224,1200
697 100 0,312,1224,1200
698 100 0,312,1224,1200
699 100 0,288,1224,1224
700 100 0,288,1224,1224
701 100 0,288,1224,1200
702 100 0,288,1224,1200
703 100 0,288,1224,1200
704 100 0,288,1224,1200
705 100 0,288,1224,1200
706 100 0,288,1224,1200
707 100 0,288,1224,1200
708 100 0,288,1224,1200
709 100 0,288,1224,1200
710 100 0,288,1224,1200
711 100 0,288,1224,1200
712 100 0,288,1224,1200
713 100 0,288,1224,1200
714 100 0,288,1224,1200
715 100 0,288,1224,1200
716 100 0,288,1224,1200
717 100 0,288,1224,1200
718 100 0,288,1224,1200
719 100 0,288,1224,1200
720 100 0,288,1224,1200
721 100 0,288,1224,1200
722 100 0,288,1224,1200
723 100 0,288,1224,1200
724 100 0,288,1224,1200
725 100 0,264,1224,1224
726 100 0,264,1224,1224
727 100 0,264,1224,1224
728 100 0,264,1224,1224
729 100 0,264,1224,1224
730 100 0,264,1224,1224
731 100 0,264,1224,1200
732 100 0,264,1224,1200
733 100 0,264,1224,1200
734 100 0,264,1224,1200
735 100 0,264,1224,1200
736 100 0,264,1224,1200
737 100 0,240,1224,1224
738 100 0,240,1224,1224
739 100 0,240,1224,1224
740 100 0,240,1224,1224
741 100 48,240,1224,1224
742 100 48,240,1224,1224
743 100 96,240,1224,1224
744 100 96,240,1224,1224
745 100 144,240,1224,1224
746 100 144,240,1224,1224
747 100 240,264,1224,1200
748 100 240,264,1224,1200
749 100 336,288,1224,1200
750 100 336,288,1224,1200
751 100 432,288,1224,1200
752 100 432,288,1224,1200
753 100 504,288,1224,1200
754 100 504,288,1224,1200
755 100 552,288,1224,1200
756 100 552,288,1224,1200
757 100 624,288,1224,1224
758 100 624,288,1224,1224
759 100 648,288,1224,1200
760 100 648,288,1224,1200
761 100 720,288,1224,1224
762 100 720,288,1224,1224
763 100 744,312,1224,1200
764 100 744,312,1224,1200
765 100 792,312,1224,1200
766 100 792,312,1224,1200
767 100 816,312,1224,1200
768 100 816,312,1224,1200
769 100 816,312,1224,1200
770 100 816,312,1224,1200
771 100 840,312,1224,1200
772 100 840,312,1224,1200
773 100 840,312,1224,1200
774 100 840,312,1224,1200
775 100 864,312,1224,1224
776 100 864,312,1224,1224
777 100 888,336,1224,1200
778 100 888,336,1224,1200
779 100 936,360,1224,1200
780 100 936,360,1224,1200
781 100 984,360,1224,1224
782 100 984,360,1224,1224
783 100 1032,384,1224,1224
784 100 1032,384,1224,1224
785 100 1080,408,1224,1224
786 100 1080,408,1224,1224
787 100 1104,432,1224,1200
788 100 1104,432,1224,1200
789 100 1128,432,1224,1224
790 100 1128,432,1224,1224
791 100 1152,432,1224,1224
792 100 1152,432,1224,1224
793 100 1152,456,1224,1200
794 100 1152,456,1224,1200
795 100 1176,456,1224,1200
796 100 1176,456,1224,1200
797 100 1176,456,1224,1200
798 100 1176,456,1224,1200
799 100 1176,456,1224,1200
800 100 1176,456,1224,1200
801 100 1176,456,1224,1200
802 100 1176,456,1224,1200
803 100 1176,432,1224,1224
804 100 1176,432,1224,1224
805 100 1200,456,1224,1200
806 100 1200,456,1224,1200
807 100 1200,456,1224,1200
808 100 1200,456,1224,1200
809 100 1200,456,1224,1200
810 100 1200,456,1224,1200
811 100 1200,456,1224,1200
812 100 1200,456,1224,1200
813 100 1200,456,1224,1200
814 100 1200,456,1224,1200
815 100 1200,456,1224,1200
816 100 1200,456,1224,1200
817 100 1200,432,1224,1224
818 100 1200,432,1224,1224
819 100 1224,432,1224,1224
820 100 1224,432,1224,1224
821 100 1224,432,1224,1224
822 100 1224,432,1224,1224
823 100 1224,432,1224,1200
824 100 1224,432,1224,1200
825 100 1224,408,1224,1224
826 100 1224,408,1224,1224
827 100 1248,384,1224,1200
828 100 1248,384,1224,1200
829 100 1272,360,1224,1200
830 100 1272,360,1224,1200
831 100 1320,336,1224,1200
832 100 1320,336,1224,1200
833 100 1368,312,1224,1224
834 100 1368,312,1224,1224
835 100 1368,288,1224,1224
836 100 1368,288,1224,1224
837 100 1392,288,1224,1224
838 100 1392,288,1224,1224
839 100 1416,264,1224,1224
840 100 1416,264,1224,1224
841 100 1464,240,1224,1248
842 100 1464,240,1224,1248
843 100 1488,240,1224,1224
844 100 1488,240,1224,1224
845 100 1536,240,1224,1224
846 100 1536,240,1224,1224
847 100 1584,264,1224,1224
848 100 1584,264,1224,1224
849 100 1632,264,1224,1224
850 100 1632,264,1224,1224
851 100 1656,264,1224,1224
852 100 1656,264,1224,1224
853 100 1704,288,1224,1224
854 100 1704,288,1224,1224
855 100 1728,288,1224,1224
856 100 1728,288,1224,1224
857 100 1728,264,1224,1224
858 100 1728,264,1224,1224
859 100 1752,264,1224,1224
860 100 1752,264,1224,1224
861 100 1752,264,1224,1200
862 100 1752,264,1224,1200
863 100 1776,240,1224,1224
864 100 1776,240,1224,1224
865 100 1776,240,1224,1224
866 100 1776,240,1224,1224
867 100 1800,240,1224,1224
868 100 1800,240,1224,1224
869 100 1824,240,1224,1200
870 100 1824,240,1224,1200
871 100 1848,216,1224,1224
872 100 1848,216,1224,1224
873 100 1896,216,1224,1224
874 100 1896,216,1224,1224
875 100 1920,216,1224,1224
876 100 1920,216,1224,1224
877 100 1968,216,1224,1224
878 100 1968,216,1224,1224
879 100 1992,216,1224,1200
880 100 1992,216,1224,1200
881 100 2016,192,1224,1224
882 100 2016,192,1224,1224
883 100 2064,192,1224,1200
884 100 2064,192,1224,1200
885 100 2112,168,1224,1224
886 100 2112,168,1224,1224
887 100 2136,192,1224,1200
888 100 2136,192,1224,1200
889 100 2160,168,1224,1224
890 100 2160,168,1224,1224
891 100 2184,168,1224,1200
892 100 2184,168,1224,1200
893 100 2184,168,1224,1200
894 100 2184,168,1224,1200
895 100 2208,168,1224,1200
896 100 2208,168,1224,1200
897 100 2232,168,1224,1200
898 100 2232,168,1224,1200
899 100 2280,144,1224,1224
900 100 2280,144,1224,1224
901 100 2304,144,1224,1224
902 100 2304,144,1224,1224
903 100 2376,144,1224,1224
904 100 2376,144,1224,1224
905 100 2400,144,1224,1224
906 100 2400,144,1224,1224
907 100 2424,144,1224,1224
908 100 2424,144,1224,1224
909 100 2424,144,1224,1224
910 100 2424,144,1224,1224
911 100 2448,144,1224,1224
912 100 2448,144,1224,1224
913 100 2472,144,1224,1224
914 100 2472,144,1224,1224
915 100 2472,144,1224,1224
916 100 2472,144,1224,1224
917 100 2472,144,1224,1224
918 100 2472,144,1224,1224
919 100 2496,120,1224,1224
920 100 2496,120,1224,1224
921 100 2496,120,1224,1224
922 100 2496,120,1224,1224
923 100 2496,120,1224,1224
924 100 2496,120,1224,1224
925 100 2520,120,1224,1224
926 100 2520,120,1224,1224
927 100 2520,120,1224,1224
928 100 2520,120,1224,1224
929 100 2520,120,1224,1224
930 100 2520,120,1224,1224
931 100 2544,120,1224,1224
932 100 2544,120,1224,1224
933 100 2544,120,1224,1224
934 100 2544,120,1224,1224
935 100 2544,120,1224,1224
936 100 2544,120,1224,1224
937 100 2568,120,1224,1224
938 100 2568,120,1224,1224
939 100 2592,120,1224,1224
940 100 2592,120,1224,1224
941 100 2616,144,1224,1224
942 100 2616,144,1224,1224
943 100 2664,168,1224,1200
944 100 2664,168,1224,1200
945 100 2736,192,1224,1224
946 100 2736,192,1224,1224
947 100 2808,240,1224,1224
948 100 2808,240,1224,1224
949 100 2832,312,1224,1200
950 100 2832,312,1224,1200
951 100 2832,384,1224,1200
952 100 2832,384,1224,1200
953 100 2832,432,1224,1224
954 100 2832,432,1224,1224
955 100 2832,504,1224,1200
956 100 2832,504,1224,1200
957 100 2808,552,1224,1200
958 100 2808,552,1224,1200
959 100 2832,576,1224,1224
960 100 2832,576,1224,1224
961 100 2904,600,1224,1224
962 100 2904,600,1224,1224
963 100 2904,624,1224,1224
964 100 2904,624,1224,1224
965 100 2856,624,1224,1224
966 100 2856,624,1224,1224
967 100 2904,648,1224,1224
968 100 2904,648,1224,1224
969 100 2880,648,1224,1224
970 100 2880,648,1224,1224
971 100 2928,648,1224,1224
972 100 2928,648,1224,1224
973 100 2928,648,1224,1224
974 100 2928,648,1224,1224
975 100 2928,648,1224,1224
976 100 2928,648,1224,1224
977 100 2880,648,1224,1224
978 100 2880,648,1224,1224
979 100 2880,648,1224,1224
980 100 2880,648,1224,1224
981 100 2904,648,1224,1224
982 100 2904,648,1224,1224
983 100 2904,648,1224,1224
984 100 2904,648,1224,1224
985 100 2832,648,1224,1224
986 100 2832,648,1224,1224
987 100 2808,648,1224,1224
988 100 2808,648,1224,1224
989 100 2808,648,1224,1224
990 100 2808,648,1224,1224
991 100 2832,648,1224,1224
992 100 2832,648,1224,1224
993 100 2784,648,1224,1200
994 100 2784,648,1224,1200
995 100 2664,624,1224,1224
996 100 2664,624,1224,1224
997 100 2616,624,1224,1224
998 100 2616,624,1224,1224
999 100 2592,624,1224,1224
1000 100 2592,624,1224,1224
1001 100 2544,624,1224,1200
1002 100 2544,624,1224,1200
1003 100 2520,624,1224,1200
1004 100 2520,624,1224,1200
1005 100 2472,624,1224,1200
1006 100 2472,624,1224,1200
1007 100 2448,624,1224,1200
1008 100 2448,624,1224,1200
1009 100 2448,624,1224,1200
1010 100 2448,624,1224,1200
1011 100 2424,624,1224,1200
1012 100 2424,624,1224,1200
1013 100 2424,624,1224,1200
1014 100 2424,624,1224,1200
1015 100 2400,600,1224,1224
1016 100 2400,600,1224,1224
1017 100 2400,600,1224,1224
1018 100 2400,600,1224,1224
1019 100 2400,600,1224,1224
1020 100 2400,600,1224,1224
1021 100 2400,600,1224,1224
1022 100 2400,600,1224,1224
1023 100 2376,600,1224,1224
1024 100 2376,600,1224,1224
1025 100 2376,600,1224,1224
1026 100 2376,600,1224,1224
1027 100 2376,600,1224,1224
1028 100 2376,600,1224,1224
1029 100 2376,600,1224,1200
1030 100 2376,600,1224,1200
1031 100 2352,576,1224,1224
1032 100 2352,576,1224,1224
1033 100 2328,576,1224,1200
1034 100 2328,576,1224,1200
1035 100 2304,576,1224,1200
1036 100 2304,576,1224,1200
1037 100 2304,552,1224,1224
1038 100 2304,552,1224,1224
1039 100 2280,552,1224,1200
1040 100 2280,552,1224,1200
1041 100 2280,552,1224,1200
1042 100 2280,552,1224,1200
1043 100 2280,552,1224,1200
1044 100 2280,552,1224,1200
1045 100 2256,528,1224,1224
1046 100 2256,528,1224,1224
1047 100 2256,528,1224,1224
1048 100 2256,528,1224,1224
1049 100 2256,528,1224,1200
1050 100 2256,528,1224,1200
1051 100 2256,504,1224,1224
1052 100 2256,504,1224,1224
1053 100 2232,504,1224,1224
1054 100 2232,504,1224,1224
1055 100 2232,504,1224,1200
1056 100 2232,504,1224,1200
1057 100 2232,504,1224,1200
1058 100 2232,504,1224,1200
1059 100 2232,480,1224,1224
1060 100 2232,480,1224,1224
1061 100 2208,480,1224,1224
1062 100 2208,480,1224,1224
1063 100 2208,480,1224,1224
1064 100 2208,480,1224,1224
1065 100 2208,480,1224,1200
1066 100 2208,480,1224,1200
1067 100 2208,480,1224,1200
1068 100 2208,480,1224,1200
1069 100 2208,456,1224,1224
1070 100 2208,456,1224,1224
1071 100 2208,456,1224,1224
1072 100 2208,456,1224,1224
1073 100 2208,456,1224,1224
1074 100 2208,456,1224,1224
1075 100 2208,456,1224,1224
1076 100 2208,456,1224,1224
1077 100 2208,456,1224,1224
1078 100 2208,456,1224,1224
1079 100 2208,456,1224,1200
1080 100 2208,456,1224,1200
1081 100 2208,456,1224,1224
1082 100 2208,456,1224,1224
1083 100 2208,456,1224,1224
1084 100 2208,456,1224,1224
1085 100 2208,456,1224,1224
1086 100 2208,456,1224,1224
1087 100 2208,456,1224,1200
1088 100 2208,456,1224,1200
1089 100 2208,456,1224,1224
1090 100 2208,456,1224,1224
1091 100 2208,456,1224,1224
1092 100 2208,456,1224,1224
1093 100 2208,456,1224,1224
1094 100 2208,456,1224,1224
1095 100 2208,456,1224,1224
1096 100 2208,456,1224,1224
1097 100 2208,456,1224,1224
1098 100 2208,456,1224,1224
1099 100 2208,456,1224,1224
1100 100 2208,456,1224,1224
1101 100 2208,456,1224,1224
1102 100 2208,456,1224,1224
1103 100 2208,456,1224,1224
1104 100 2208,456,1224,1224
1105 100 2208,456,1224,1200
1106 100 2208,456,1224,1200
1107 100 2232,456,1224,1200
1108 100 2232,456,1224,1200
1109 100 2232,456,1224,1200
1110 100 2232,456,1224,1200
1111 100 2232,456,1224,1200
1112 100 2232,456,1224,1200
1113 100 2232,456,1224,1200
1114 100 2232,456,1224,1200
1115 100 2232,456,1224,1200
1116 100 2232,456,1224,1200
1117 100 2232,456,1224,1200
1118 100 2232,456,1224,1200
1119 100 2232,456,1224,1200
1120 100 2232,456,1224,1200
1121 100 2232,456,1224,1200
1122 100 2232,456,1224,1200
1123 100 2232,456,1224,1200
1124 100 2232,456,1224,1200
1125 100 2232,456,1224,1200
1126 100 2232,456,1224,1200
1127 100 2232,456,1224,1200
1128 100 2232,456,1224,1200
1129 100 2232,456,1224,1200
1130 100 2232,456,1224,1200
1131 100 2232,456,1224,1200
1132 100 2232,456,1224,1200
1133 100 2232,432,1224,1224
1134 100 2232,432,1224,1224
1135 100 2232,432,1224,1224
1136 100 2232,432,1224,1224
1137 100 2208,432,1224,1200
1138 100 2208,432,1224,1200
1139 100 2208,432,1224,1200
1140 100 2208,432,1224,1200
1141 100 2208,408,1224,1224
1142 100 2208,408,1224,1224
1143 100 2208,408,1224,1224
1144 100 2208,408,1224,1224
1145 100 2208,408,1224,1224
1146 100 2208,408,1224,1224
1147 100 2208,408,1224,1224
1148 100 2208,408,1224,1224
1149 100 2208,408,1224,1224
1150 100 2208,408,1224,1224
1151 100 2208,408,1224,1224
1152 100 2208,408,1224,1224
1153 100 2208,408,1224,1224
1154 100 2208,408,1224,1224
1155 100 2208,408,1224,1224
1156 100 2208,408,1224,1224
1157 100 2184,408,1224,1224
1158 100 2184,408,1224,1224
1159 100 2184,408,1224,1224
1160 100 2184,408,1224,1224
1161 100 2184,408,1224,1224
1162 100 2184,408,1224,1224
1163 100 2184,408,1224,1224
1164 100 2184,408,1224,1224
1165 100 2184,408,1224,1224
1166 100 2184,408,1224,1224
1167 100 2184,432,1224,1200
1168 100 2184,432,1224,1200
1169 100 2184,432,1224,1224
1170 100 2184,432,1224,1224
1171 100 2184,456,1224,1224
1172 100 2184,456,1224,1224
1173 100 2160,480,1224,1200
1174 100 2160,480,1224,1200
1175 100 2136,504,1224,1200
1176 100 2136,504,1224,1200
1177 100 2088,528,1224,1200
1178 100 2088,528,1224,1200
1179 100 2040,528,1224,1200
1180 100 2040,528,1224,1200
1181 100 2016,528,1224,1200
1182 100 2016,528,1224,1200
1183 100 1992,528,1224,1200
1184 100 1992,528,1224,1200
1185 100 1968,528,1224,1224
1186 100 1968,528,1224,1224
1187 100 1944,528,1224,1224
1188 100 1944,528,1224,1224
1189 100 1920,528,1224,1224
1190 100 1920,528,1224,1224
1191 100 1896,528,1224,1200
1192 100 1896,528,1224,1200
1193 100 1896,528,1224,1200
1194 100 1896,528,1224,1200
1195 100 1896,528,1224,1200
1196 100 1896,528,1224,1200
1197 100 1872,528,1224,1200
1198 100 1872,528,1224,1200
1199 100 1872,504,1224,1224
1200 100 1872,504,1224,1224
1201 100 1872,504,1224,1224
1202 100 1872,504,1224,1224
1203 100 1872,504,1224,1224
1204 100 1872,504,1224,1224
1205 100 1872,504,1224,1224
1206 100 1872,504,1224,1224
1207 100 1872,504,1224,1224
1208 100 1872,504,1224,1224
1209 100 1872,504,1224,1224
1210 100 1872,504,1224,1224
1211 100 1872,504,1224,1224
1212 100 1872,504,1224,1224
1213 100 1872,504,1224,1224
1214 100 1872,504,1224,1224
1215 100 1872,504,1224,1224
1216 100 1872,504,1224,1224
1217 100 1872,504,1224,1200
1218 100 1872,504,1224,1200
1219 100 1872,504,1224,1224
1220 100 1872,504,1224,1224
1221 100 1872,504,1224,1224
1222 100 1872,504,1224,1224
1223 100 1848,504,1224,1200
1224 100 1848,504,1224,1200
1225 100 1848,504,1224,1200
1226 100 1848,504,1224,1200
1227 100 1848,504,1224,1200
1228 100 1848,504,1224,1200
1229 100 1824,504,1224,1200
1230 100 1824,504,1224,1200
1231 100 1800,504,1224,1200
1232 100 1800,504,1224,1200
1233 100 1776,504,1224,1200
1234 100 1776,504,1224,1200
1235 100 1752,480,1224,1224
1236 100 1752,480,1224,1224
1237 100 1728,480,1224,1224
1238 100 1728,480,1224,1224
1239 100 1704,480,1224,1200
1240 100 1704,480,1224,1200
1241 100 1680,480,1224,1200
1242 100 1680,480,1224,1200
1243 100 1656,480,1224,1200
1244 100 1656,480,1224,1200
1245 100 1632,480,1224,1200
1246 100 1632,480,1224,1200
1247 100 1584,480,1224,1200
1248 100 1584,480,1224,1200
1249 100 1560,480,1224,1200
1250 100 1560,480,1224,1200
1251 100 1536,456,1224,1224
1252 100 1536,456,1224,1224
1253 100 1488,456,1224,1200
1254 100 1488,456,1224,1200
1255 100 1464,456,1224,1200
1256 100 1464,456,1224,1200
1257 100 1440,432,1224,1224
1258 100 1440,432,1224,1224
1259 100 1416,432,1224,1200
1260 100 1416,432,1224,1200
1261 100 1392,432,1224,1200
1262 100 1392,432,1224,1200
1263 100 1368,408,1224,1200
1264 100 1368,408,1224,1200
1265 100 1344,384,1224,1224
1266 100 1344,384,1224,1224
1267 100 1320,384,1224,1200
1268 100 1320,384,1224,1200
1269 100 1320,384,1224,1200
1270 100 1320,384,1224,1200
1271 100 1320,360,1224,1224
1272 100 1320,360,1224,1224
1273 100 1296,360,1224,1200
1274 100 1296,360,1224,1200
1275 100 1296,360,1224,1200
1276 100 1296,360,1224,1200
1277 100 1272,336,1224,1200
1278 100 1272,336,1224,1200
1279 100 1272,336,1224,1200
1280 100 1272,336,1224,1200
1281 100 1248,312,1224,1224
1282 100 1248,312,1224,1224
1283 100 1248,312,1224,1200
1284 100 1248,312,1224,1200
1285 100 1248,312,1224,1200
1286 100 1248,312,1224,1200
1287 100 1248,312,1224,1200
1288 100 1248,312,1224,1200
1289 100 1224,288,1224,1224
1290 100 1224,288,1224,1224
1291 100 1224,288,1224,1224
1292 100 1224,288,1224,1224
1293 100 1224,288,1224,1224
1294 100 1224,288,1224,1224
1295 100 1248,288,1224,1224
1296 100 1248,288,1224,1224
1297 100 1224,288,1224,1224
1298 100 1224,288,1224,1224
1299 100 1224,288,1224,1224
1300 100 1224,288,1224,1224
1301 100 1224,288,1224,1200
1302 100 1224,288,1224,1200
1303 100 1224,288,1224,1200
1304 100 1224,288,1224,1200
1305 100 1200,288,1224,1200
1306 100 1200,288,1224,1200
1307 100 1200,288,1224,1200
1308 100 1200,288,1224,1200
1309 100 1200,264,1224,1224
1310 100 1200,264,1224,1224
1311 100 1200,264,1224,1200
1312 100 1200,264,1224,1200
1313 100 1176,240,1224,1224
1314 100 1176,240,1224,1224
1315 100 1152,240,1224,1200
1316 100 1152,240,1224,1200
1317 100 1152,240,1224,1200
1318 100 1152,240,1224,1200
1319 100 1152,216,1224,1224
1320 100 1152,216,1224,1224
1321 100 1128,216,1224,1200
1322 100 1128,216,1224,1200
1323 100 1128,216,1224,1200
1324 100 1128,216,1224,1200
1325 100 1128,216,1224,1200
1326 100 1128,216,1224,1200
1327 100 1128,216,1224,1200
1328 100 1128,216,1224,1200
1329 100 1128,216,1224,1200
1330 100 1128,216,1224,1200
1331 100 1128,216,1224,1200
1332 100 1128,216,1224,1200
1333 100 1128,216,1224,1200
1334 100 1128,216,1224,1200
1335 100 1104,216,1224,1200
1336 100 1104,216,1224,1200
1337 100 1104,216,1224,1200
1338 100 1104,216,1224,1200
1339 100 1104,216,1224,1200
1340 100 1104,216,1224,1200
1341 100 1104,216,1224,1224
1342 100 1104,216,1224,1224
1343 100 1128,240,1224,1200
1344 100 1128,240,1224,1200
1345 100 1128,264,1224,1200
1346 100 1128,264,1224,1200
1347 100 1152,288,1224,1200
1348 100 1152,288,1224,1200
1349 100 1176,312,1224,1200
1350 100 1176,312,1224,1200
1351 100 1176,336,1224,1200
1352 100 1176,336,1224,1200
1353 100 1200,360,1224,1200
1354 100 1200,360,1224,1200
1355 100 1200,384,1224,1200
1356 100 1200,384,1224,1200
1357 100 1224,408,1224,1200
1358 100 1224,408,1224,1200
1359 100 1224,432,1224,1200
1360 100 1224,432,1224,1200
1361 100 1248,432,1224,1200
1362 100 1248,432,1224,1200
1363 100 1248,456,1224,1200
1364 100 1248,456,1224,1200
1365 100 1248,456,1224,1200
1366 100 1248,456,1224,1200
1367 100 1248,456,1224,1200
1368 100 1248,456,1224,1200
1369 100 1272,456,1224,1224
1370 100 1272,456,1224,1224
1371 100 1272,456,1224,1224
1372 100 1272,456,1224,1224
1373 100 1248,456,1224,1224
1374 100 1248,456,1224,1224
1375 100 1272,456,1224,1224
1376 100 1272,456,1224,1224
1377 100 1272,480,1224,1200
1378 100 1272,480,1224,1200
1379 100 1272,456,1224,1224
1380 100 1272,456,1224,1224
1381 100 1272,480,1224,1200
1382 100 1272,480,1224,1200
1383 100 1272,480,1224,1200
1384 100 1272,480,1224,1200
1385 100 1272,480,1224,1200
1386 100 1272,480,1224,1200
1387 100 1272,480,1224,1200
1388 100 1272,480,1224,1200
1389 100 1272,480,1224,1200
1390 100 1272,480,1224,1200
1391 100 1272,480,1224,1200
1392 100 1272,480,1224,1200
1393 100 1272,480,1224,1200
1394 100 1272,480,1224,1200
1395 100 1272,480,1224,1200
1396 100 1272,480,1224,1200
1397 100 1272,480,1224,1200
1398 100 1272,480,1224,1200
1399 100 1272,480,1224,1200
1400 100 1272,480,1224,1200
1401 100 1272,480,1224,1200
1402 100 1272,480,1224,1200
1403 100 1272,480,1224,1200
1404 100 1272,480,1224,1200
1405 100 1248,480,1224,1200
1406 100 1248,480,1224,1200
1407 100 1248,480,1224,1200
1408 100 1248,480,1224,1200
1409 100 1248,480,1224,1200
1410 100 1248,480,1224,1200
1411 100 1248,480,1224,1200
1412 100 1248,480,1224,1200
1413 100 1248,480,1224,1200
1414 100 1248,480,1224,1200
1415 100 1224,480,1224,1200
1416 100 1224,480,1224,1200
1417 100 1224,480,1224,1200
1418 100 1224,480,1224,1200
1419 100 1200,480,1224,1200
1420 100 1200,480,1224,1200
1421 100 1176,480,1224,1224
1422 100 1176,480,1224,1224
1423 100 1152,480,1224,1224
1424 100 1152,480,1224,1224
1425 100 1128,480,1224,1224
1426 100 1128,480,1224,1224
1427 100 1080,480,1224,1200
1428 100 1080,480,1224,1200
1429 100 1056,480,1224,1200
1430 100 1056,480,1224,1200
1431 100 1032,456,1224,1224
1432 100 1032,456,1224,1224
1433 100 1008,456,1224,1200
1434 100 1008,456,1224,1200
1435 100 984,456,1224,1200
1436 100 984,456,1224,1200
1437 100 984,456,1224,1200
1438 100 984,456,1224,1200
1439 100 960,456,1224,1200
1440 100 960,456,1224,1200
1441 100 960,456,1224,1200
1442 100 960,456,1224,1200
1443 100 936,456,1224,1200
1444 100 936,456,1224,1200
1445 100 936,456,1224,1200
1446 100 936,456,1224,1200
1447 100 936,456,1224,1200
1448 100 936,456,1224,1200
1449 100 912,456,1224,1200
1450 100 912,456,1224,1200
1451 100 864,456,1224,1200
1452 100 864,456,1224,1200
1453 100 840,456,1224,1200
1454 100 840,456,1224,1200
1455 100 816,456,1224,1200
1456 100 816,456,1224,1200
1457 100 792,432,1224,1224
1458 100 792,432,1224,1224
1459 100 792,456,1224,1200
1460 100 792,456,1224,1200
1461 100 768,456,1224,1200
1462 100 768,456,1224,1200
1463 100 768,456,1224,1200
1464 100 768,456,1224,1200
1465 100 768,456,1224,1200
1466 100 768,456,1224,1200
1467 100 768,456,1224,1200
1468 100 768,456,1224,1200
1469 100 744,456,1224,1200
1470 100 744,456,1224,1200
1471 100 744,456,1224,1200
1472 100 744,456,1224,1200
1473 100 744,456,1224,1200
1474 100 744,456,1224,1200
1475 100 744,456,1224,1200
1476 100 744,456,1224,1200
1477 100 744,456,1224,1200
1478 100 744,456,1224,1200
1479 100 744,456,1224,1200
1480 100 744,456,1224,1200
1481 100 744,456,1224,1200
1482 100 744,456,1224,1200
1483 100 744,456,1224,1200
1484 100 744,456,1224,1200
1485 100 720,456,1224,1200
1486 100 720,456,1224,1200
1487 100 720,456,1224,1200
1488 100 720,456,1224,1200
1489 100 720,456,1224,1200
1490 100 720,456,1224,1200
1491 100 720,456,1224,1200
1492 100 720,456,1224,1200
1493 100 720,456,1224,1200
1494 100 720,456,1224,1200
1495 100 744,456,1224,1200
1496 100 744,456,1224,1200
1497 100 768,456,1224,1200
1498 100 768,456,1224,1200
1499 100 792,456,1224,1200
1500 100 792,456,1224,1200
1501 100 864,480,1224,1200
1502 100 864,480,1224,1200
1503 100 936,480,1224,1200
1504 100 936,480,1224,1200
1505 100 1008,480,1224,1200
1506 100 1008,480,1224,1200
1507 100 1104,480,1224,1200
1508 100 1104,480,1224,1200
1509 100 1200,480,1224,1200
1510 100 1200,480,1224,1200
1511 100 1296,480,1224,1200
1512 100 1296,480,1224,1200
1513 100 1368,480,1224,1200
1514 100 1368,480,1224,1200
1515 100 1440,480,1224,1200
1516 100 1440,480,1224,1200
1517 100 1488,480,1224,1200
1518 100 1488,480,1224,1200
1519 100 1536,480,1224,1200
1520 100 1536,480,1224,1200
1521 100 1608,480,1224,1200
1522 100 1608,480,1224,1200
1523 100 1680,480,1224,1200
1524 100 1680,480,1224,1200
1525 100 1752,480,1224,1224
1526 100 1752,480,1224,1224
1527 100 1824,480,1224,1224
1528 100 1824,480,1224,1224
1529 100 1896,504,1224,1200
1530 100 1896,504,1224,1200
1531 100 1968,504,1224,1200
1532 100 1968,504,1224,1200
1533 100 2016,504,1224,1200
1534 100 2016,504,1224,1200
1535 100 2088,504,1224,1200
1536 100 2088,504,1224,1200
1537 100 2136,480,1224,1224
1538 100 2136,480,1224,1224
1539 100 2184,480,1224,1224
1540 100 2184,480,1224,1224
1541 100 2208,480,1224,1200
1542 100 2208,480,1224,1200
1543 100 2256,480,1224,1200
1544 100 2256,480,1224,1200
1545 100 2304,456,1224,1224
1546 100 2304,456,1224,1224
1547 100 2376,456,1224,1200
1548 100 2376,456,1224,1200
1549 100 2424,456,1224,1200
1550 100 2424,456,1224,1200
1551 100 2472,456,1224,1200
1552 100 2472,456,1224,1200
1553 100 2520,456,1224,1200
1554 100 2520,456,1224,1200
1555 100 2544,456,1224,1200
1556 100 2544,456,1224,1200
1557 100 2592,456,1224,1200
1558 100 2592,456,1224,1200
1559 100 2640,432,1224,1200
1560 100 2640,432,1224,1200
1561 100 2760,432,1224,1200
1562 100 2760,432,1224,1200
1563 100 2784,408,1224,1224
1564 100 2784,408,1224,1224
1565 100 2832,408,1224,1200
1566 100 2832,408,1224,1200
1567 100 2880,384,1224,1224
1568 100 2880,384,1224,1224
1569 100 2904,384,1224,1200
1570 100 2904,384,1224,1200
1571 100 2952,360,1224,1200
1572 100 2952,360,1224,1200
1573 100 3024,336,1224,1224
1574 100 3024,336,1224,1224
1575 100 3096,336,1224,1200
1576 100 3096,336,1224,1200
1577 100 3144,312,1224,1224
1578 100 3144,312,1224,1224
1579 100 3144,312,1224,1224
1580 100 3144,312,1224,1224
1581 100 3144,312,1224,1224
1582 100 3144,312,1224,1224
1583 100 3336,312,1224,1224
1584 100 3336,312,1224,1224
1585 100 3336,312,1224,1224
1586 100 3336,312,1224,1224
1587 100 3408,312,1224,1200
1588 100 3408,312,1224,1200
1589 100 3288,312,1224,1200
1590 100 3288,312,1224,1200
1591 100 3288,288,1224,1224
1592 100 3288,288,1224,1224
1593 100 3528,312,1224,1200
1594 100 3528,312,1224,1200
1595 100 3456,312,1224,1200
1596 100 3456,312,1224,1200
1597 100 3504,312,1224,1200
1598 100 3504,312,1224,1200
1599 100 3552,312,1224,1200
1600 100 3552,312,1224,1200
1601 100 3480,312,1224,1200
1602 100 3480,312,1224,1200
1603 100 3432,312,1224,1200
1604 100 3432,312,1224,1200
1605 100 3480,312,1224,1200
1606 100 3480,312,1224,1200
1607 100 3528,312,1224,1200
1608 100 3528,312,1224,1200
1609 100 3528,312,1224,1200
1610 100 3528,312,1224,1200
1611 100 3552,312,1224,1200
1612 100 3552,312,1224,1200
1613 100 3624,288,1224,1224
1614 100 3624,288,1224,1224
1615 100 3672,288,1224,1224
1616 100 3672,288,1224,1224
1617 100 3360,288,1224,1200
1618 100 3360,288,1224,1200
1619 100 3432,288,1224,1200
1620 100 3432,288,1224,1200
1621 100 3480,288,1224,1200
1622 100 3480,288,1224,1200
1623 100 3528,288,1224,1200
1624 100 3528,288,1224,1200
1625 100 3600,264,1224,1224
1626 100 3600,264,1224,1224
1627 100 3696,264,1224,1224
1628 100 3696,264,1224,1224
1629 100 0,264,1224,1224
1630 100 0,264,1224,1224
1631 100 3360,264,1224,1200
1632 100 3360,264,1224,1200
1633 100 3360,264,1224,1200
1634 100 3360,264,1224,1200
1635 100 3408,264,1224,1200
