0 100 384,504,1224,1224
1 100 2352,648,1224,1200
2 100 2352,648,1224,1200
3 100 2352,648,1224,1200
4 100 2352,648,1224,1200
5 100 2352,648,1224,1200
6 100 2352,648,1224,1200
7 100 2352,648,1224,1200
8 100 2352,648,1224,1200
9 100 2352,648,1224,1200
10 100 2352,648,1224,1200
11 100 2352,648,1224,1200
12 100 2352,648,1224,1200
13 100 2352,648,1224,1200
14 100 2352,648,1224,1200
15 100 2352,648,1224,1200
16 100 2352,648,1224,1200
17 100 2352,648,1224,1200
18 100 2352,648,1224,1200
19 100 2352,648,1224,1200
20 100 2352,648,1224,1200
21 100 2352,648,1224,1200
22 100 2352,648,1224,1200
23 100 2352,648,1224,1200
24 100 2352,648,1224,1200
25 100 2352,648,1224,1200
26 100 2352,648,1224,1200
27 100 2352,648,1224,1200
28 100 2352,648,1224,1200
29 100 2352,648,1224,1200
30 100 2352,648,1224,1200
31 100 2352,624,1224,1224
32 100 2352,624,1224,1224
33 100 2352,624,1224,1224
34 100 2352,624,1224,1224
35 100 2352,624,1224,1224
36 100 2352,624,1224,1224
37 100 2352,624,1224,1224
38 100 2352,624,1224,1224
39 100 2352,624,1224,1224
40 100 2352,624,1224,1224
41 100 2352,624,1224,1224
42 100 2352,624,1224,1224
43 100 2352,624,1224,1224
44 100 2352,624,1224,1224
45 100 2352,624,1224,1224
46 100 2352,624,1224,1224
47 100 2352,624,1224,1224
48 100 2352,624,1224,1224
49 100 2352,624,1224,1200
50 100 2352,624,1224,1200
51 100 2376,624,1224,1200
52 100 2376,624,1224,1200
53 100 2376,624,1224,1200
54 100 2376,624,1224,1200
55 100 2376,624,1224,1200
56 100 2376,624,1224,1200
57 100 2376,624,1224,1200
58 100 2376,624,1224,1200
59 100 2376,624,1224,1200
60 100 2376,624,1224,1200
61 100 2376,624,1224,1200
62 100 2376,624,1224,1200
63 100 2400,600,1224,1224
64 100 2400,600,1224,1224
65 100 2400,600,1224,1200
66 100 2400,600,1224,1200
67 100 2400,600,1224,1200
68 100 2400,600,1224,1200
69 100 2400,600,1224,1200
70 100 2400,600,1224,1200
71 100 2400,600,1224,1200
72 100 2400,600,1224,1200
73 100 2400,600,1224,1200
74 100 2400,600,1224,1200
75 100 2400,600,1224,1200
76 100 2400,600,1224,1200
77 100 2400,600,1224,1200
78 100 2400,600,1224,1200
79 100 2400,600,1224,1200
80 100 2400,600,1224,1200
81 100 2400,600,1224,1200
82 100 2400,600,1224,1200
83 100 2400,600,1224,1200
84 100 2400,600,1224,1200
85 100 2400,600,1224,1200
86 100 2400,600,1224,1200
87 100 2400,600,1224,1200
88 100 2400,600,1224,1200
89 100 2400,600,1224,1200
90 100 2400,600,1224,1200
91 100 2400,600,1224,1200
92 100 2400,600,1224,1200
93 100 2400,600,1224,1200
94 100 2400,600,1224,1200
95 100 2400,600,1224,1200
96 100 2400,600,1224,1200
97 100 2400,600,1224,1200
98 100 2400,600,1224,1200
99 100 2400,600,1224,1200
100 100 2400,600,1224,1200
101 100 2400,600,1224,1200
102 100 2400,600,1224,1200
103 100 2400,600,1224,1200
104 100 2400,600,1224,1200
105 100 2400,600,1224,1200
106 100 2400,600,1224,1200
107 100 2400,600,1224,1200
108 100 2400,600,1224,1200
109 100 2400,600,1224,1200
110 100 2400,600,1224,1200
111 100 2400,600,1224,1200
112 100 2400,600,1224,1200
113 100 2400,600,1224,1200
114 100 2400,600,1224,1200
115 100 2400,600,1224,1200
116 100 2400,600,1224,1200
117 100 2400,600,1224,1200
118 100 2400,600,1224,1200
119 100 2400,600,1224,1200
120 100 2400,600,1224,1200
121 100 2400,600,1224,1200
122 100 2400,600,1224,1200
123 100 2400,600,1224,1200
124 100 2400,600,1224,1200
125 100 2400,600,1224,1200
126 100 2400,600,1224,1200
127 100 2400,600,1224,1200
128 100 2400,600,1224,1200
129 100 2400,600,1224,1200
130 100 2400,600,1224,1200
131 100 2400,600,1224,1200
132 100 2400,600,1224,1200
133 100 2400,600,1224,1200
134 100 2400,600,1224,1200
135 100 2400,600,1224,1200
136 100 2400,600,1224,1200
137 100 2400,576,1224,1224
138 100 2400,576,1224,1224
139 100 2400,576,1224,1200
140 100 2400,576,1224,1200
141 100 2400,552,1224,1224
142 100 2400,552,1224,1224
143 100 2400,552,1224,1200
144 100 2400,552,1224,1200
145 100 2400,552,1224,1224
146 100 2400,552,1224,1224
147 100 2400,552,1224,1200
148 100 2400,552,1224,1200
149 100 2400,552,1224,1224
150 100 2400,552,1224,1224
151 100 2376,576,1224,1200
152 100 2376,576,1224,1200
153 100 2376,600,1224,1200
154 100 2376,600,1224,1200
155 100 2376,600,1224,1200
156 100 2376,600,1224,1200
157 100 2400,600,1224,1200
158 100 2400,600,1224,1200
159 100 2400,600,1224,1200
160 100 2400,600,1224,1200
161 100 2400,600,1224,1224
162 100 2400,600,1224,1224
163 100 2400,624,1224,1200
164 100 2400,624,1224,1200
165 100 2400,624,1224,1224
166 100 2400,624,1224,1224
167 100 2400,624,1224,1224
168 100 2400,624,1224,1224
169 100 2400,624,1224,1224
170 100 2400,624,1224,1224
171 100 2400,624,1224,1224
172 100 2400,624,1224,1224
173 100 2400,624,1224,1200
174 100 2400,624,1224,1200
175 100 2400,624,1224,1200
176 100 2400,624,1224,1200
177 100 2400,624,1224,1224
178 100 2400,624,1224,1224
179 100 2400,624,1224,1224
180 100 2400,624,1224,1224
181 100 2400,624,1224,1224
182 100 2400,624,1224,1224
183 100 2400,648,1224,1200
184 100 2400,648,1224,1200
185 100 2400,648,1224,1200
186 100 2400,648,1224,1200
187 100 2400,624,1224,1224
188 100 2400,624,1224,1224
189 100 2424,624,1224,1224
190 100 2424,624,1224,1224
191 100 2424,624,1224,1224
192 100 2424,624,1224,1224
193 100 2424,624,1224,1224
194 100 2424,624,1224,1224
195 100 2424,624,1224,1224
196 100 2424,624,1224,1224
197 100 2424,624,1224,1224
198 100 2424,624,1224,1224
199 100 2424,648,1224,1200
200 100 2424,648,1224,1200
201 100 2424,648,1224,1200
202 100 2424,648,1224,1200
203 100 2448,648,1224,1200
204 100 2448,648,1224,1200
205 100 2448,648,1224,1200
206 100 2448,648,1224,1200
207 100 2472,648,1224,1200
208 100 2472,648,1224,1200
209 100 2472,648,1224,1200
210 100 2472,648,1224,1200
211 100 2496,624,1224,1224
212 100 2496,624,1224,1224
213 100 2496,624,1224,1200
214 100 2496,624,1224,1200
215 100 2496,624,1224,1200
216 100 2496,624,1224,1200
217 100 2496,624,1224,1224
218 100 2496,624,1224,1224
219 100 2496,624,1224,1224
220 100 2496,624,1224,1224
221 100 2496,624,1224,1224
222 100 2496,624,1224,1224
223 100 2496,648,1224,1200
224 100 2496,648,1224,1200
225 100 2496,648,1224,1200
226 100 2496,648,1224,1200
227 100 2496,648,1224,1200
228 100 2496,648,1224,1200
229 100 2496,648,1224,1200
230 100 2496,648,1224,1200
231 100 2496,648,1224,1200
232 100 2496,648,1224,1200
233 100 2496,648,1224,1200
234 100 2496,648,1224,1200
235 100 2496,648,1224,1200
236 100 2496,648,1224,1200
237 100 2496,648,1224,1200
238 100 2496,648,1224,1200
239 100 2496,624,1224,1224
240 100 2496,624,1224,1224
241 100 2496,624,1224,1200
242 100 2496,624,1224,1200
243 100 2496,624,1224,1224
244 100 2496,624,1224,1224
245 100 2472,648,1224,1200
246 100 2472,648,1224,1200
247 100 2472,648,1224,1200
248 100 2472,648,1224,1200
249 100 2472,648,1224,1200
250 100 2472,648,1224,1200
251 100 2472,648,1224,1200
252 100 2472,648,1224,1200
253 100 2448,648,1224,1200
254 100 2448,648,1224,1200
255 100 2400,648,1224,1200
256 100 2400,648,1224,1200
257 100 2352,648,1224,1200
258 100 2352,648,1224,1200
259 100 2304,624,1224,1200
260 100 2304,624,1224,1200
261 100 2256,624,1224,1200
262 100 2256,624,1224,1200
263 100 2208,624,1224,1200
264 100 2208,624,1224,1200
265 100 2184,624,1224,1200
266 100 2184,624,1224,1200
267 100 2160,624,1224,1224
268 100 2160,624,1224,1224
269 100 2112,624,1224,1224
270 100 2112,624,1224,1224
271 100 2088,624,1224,1224
272 100 2088,624,1224,1224
273 100 2040,624,1224,1224
274 100 2040,624,1224,1224
275 100 2016,624,1224,1224
276 100 2016,624,1224,1224
277 100 1992,648,1224,1200
278 100 1992,648,1224,1200
279 100 1968,648,1224,1200
280 100 1968,648,1224,1200
281 100 1944,648,1224,1200
282 100 1944,648,1224,1200
283 100 1920,648,1224,1200
284 100 1920,648,1224,1200
285 100 1896,648,1224,1200
286 100 1896,648,1224,1200
287 100 1872,648,1224,1200
288 100 1872,648,1224,1200
289 100 1848,648,1224,1200
290 100 1848,648,1224,1200
291 100 1824,648,1224,1200
292 100 1824,648,1224,1200
293 100 1824,624,1224,1224
294 100 1824,624,1224,1224
295 100 1824,624,1224,1224
296 100 1824,624,1224,1224
297 100 1800,624,1224,1224
298 100 1800,624,1224,1224
299 100 1800,648,1224,1200
300 100 1800,648,1224,1200
301 100 1776,648,1224,1200
302 100 1776,648,1224,1200
303 100 1728,648,1224,1200
304 100 1728,648,1224,1200
305 100 1680,648,1224,1200
306 100 1680,648,1224,1200
307 100 1608,648,1224,1200
308 100 1608,648,1224,1200
309 100 1512,648,1224,1200
310 100 1512,648,1224,1200
311 100 1440,648,1224,1200
312 100 1440,648,1224,1200
313 100 1368,648,1224,1224
314 100 1368,648,1224,1224
315 100 1320,672,1224,1200
316 100 1320,672,1224,1200
317 100 1296,672,1224,1200
318 100 1296,672,1224,1200
319 100 1296,672,1224,1200
320 100 1296,672,1224,1200
321 100 1272,648,1224,1224
322 100 1272,648,1224,1224
323 100 1248,672,1224,1200
324 100 1248,672,1224,1200
325 100 1224,648,1224,1224
326 100 1224,648,1224,1224
327 100 1224,672,1224,1200
328 100 1224,672,1224,1200
329 100 1224,648,1224,1224
330 100 1224,648,1224,1224
331 100 1224,648,1224,1224
332 100 1224,648,1224,1224
333 100 1200,648,1224,1224
334 100 1200,648,1224,1224
335 100 1200,648,1224,1200
336 100 1200,648,1224,1200
337 100 1200,648,1224,1200
338 100 1200,648,1224,1200
339 100 1224,648,1224,1200
340 100 1224,648,1224,1200
341 100 1224,648,1224,1200
342 100 1224,648,1224,1200
343 100 1224,648,1224,1200
344 100 1224,648,1224,1200
345 100 1224,648,1224,1200
346 100 1224,648,1224,1200
347 100 1224,648,1224,1200
348 100 1224,648,1224,1200
349 100 1224,648,1224,1200
350 100 1224,648,1224,1200
351 100 1224,648,1224,1224
352 100 1224,648,1224,1224
353 100 1224,648,1224,1224
354 100 1224,648,1224,1224
355 100 1224,648,1224,1224
356 100 1224,648,1224,1224
357 100 1224,648,1224,1224
358 100 1224,648,1224,1224
359 100 1224,648,1224,1224
360 100 1224,648,1224,1224
361 100 1224,648,1224,1224
362 100 1224,648,1224,1224
363 100 1224,648,1224,1224
364 100 1224,648,1224,1224
365 100 1200,672,1224,1200
366 100 1200,672,1224,1200
367 100 1200,672,1224,1200
368 100 1200,672,1224,1200
369 100 1200,648,1224,1224
370 100 1200,648,1224,1224
371 100 1176,648,1224,1224
372 100 1176,648,1224,1224
373 100 1176,672,1224,1200
374 100 1176,672,1224,1200
375 100 1176,672,1224,1200
376 100 1176,672,1224,1200
377 100 1152,672,1224,1224
378 100 1152,672,1224,1224
379 100 1152,696,1224,1200
380 100 1152,696,1224,1200
381 100 1176,696,1224,1200
382 100 1176,696,1224,1200
383 100 1176,696,1224,1200
384 100 1176,696,1224,1200
385 100 1176,672,1224,1224
386 100 1176,672,1224,1224
387 100 1176,672,1224,1224
388 100 1176,672,1224,1224
389 100 1152,672,1224,1224
390 100 1152,672,1224,1224
391 100 1152,672,1224,1200
392 100 1152,672,1224,1200
393 100 1128,672,1224,1200
394 100 1128,672,1224,1200
395 100 1128,672,1224,1200
396 100 1128,672,1224,1200
397 100 1128,672,1224,1200
398 100 1128,672,1224,1200
399 100 1128,672,1224,1200
400 100 1128,672,1224,1200
401 100 1128,672,1224,1200
402 100 1128,672,1224,1200
403 100 1128,672,1224,1200
404 100 1128,672,1224,1200
405 100 1128,672,1224,1224
406 100 1128,672,1224,1224
407 100 1128,672,1224,1224
408 100 1128,672,1224,1224
409 100 1128,672,1224,1224
410 100 1128,672,1224,1224
411 100 1128,696,1224,1200
412 100 1128,696,1224,1200
413 100 1152,696,1224,1200
414 100 1152,696,1224,1200
415 100 1152,696,1224,1200
416 100 1152,696,1224,1200
417 100 1152,696,1224,1200
418 100 1152,696,1224,1200
419 100 1152,696,1224,1200
420 100 1152,696,1224,1200
421 100 1152,696,1224,1200
422 100 1152,696,1224,1200
423 100 1176,696,1224,1200
424 100 1176,696,1224,1200
425 100 1176,696,1224,1200
426 100 1176,696,1224,1200
427 100 1176,696,1224,1200
428 100 1176,696,1224,1200
429 100 1176,696,1224,1200
430 100 1176,696,1224,1200
431 100 1176,696,1224,1200
432 100 1176,696,1224,1200
433 100 1176,696,1224,1200
434 100 1176,696,1224,1200
435 100 1200,696,1224,1200
436 100 1200,696,1224,1200
437 100 1200,696,1224,1200
438 100 1200,696,1224,1200
439 100 1200,696,1224,1200
440 100 1200,696,1224,1200
441 100 1200,696,1224,1200
442 100 1200,696,1224,1200
443 100 1224,696,1224,1200
444 100 1224,696,1224,1200
445 100 1224,696,1224,1200
446 100 1224,696,1224,1200
447 100 1224,696,1224,1200
448 100 1224,696,1224,1200
449 100 1224,696,1224,1200
450 100 1224,696,1224,1200
451 100 1224,696,1224,1200
452 100 1224,696,1224,1200
453 100 1200,696,1224,1200
454 100 1200,696,1224,1200
455 100 1200,696,1224,1200
456 100 1200,696,1224,1200
457 100 1200,696,1224,1200
458 100 1200,696,1224,1200
459 100 1200,696,1224,1200
460 100 1200,696,1224,1200
461 100 1200,696,1224,1200
462 100 1200,696,1224,1200
463 100 1200,696,1224,1200
464 100 1200,696,1224,1200
465 100 1176,672,1224,1224
466 100 1176,672,1224,1224
467 100 1152,672,1224,1224
468 100 1152,672,1224,1224
469 100 1128,672,1224,1200
470 100 1128,672,1224,1200
471 100 1080,672,1224,1200
472 100 1080,672,1224,1200
473 100 1056,648,1224,1224
474 100 1056,648,1224,1224
475 100 1008,648,1224,1200
476 100 1008,648,1224,1200
477 100 960,648,1224,1200
478 100 960,648,1224,1200
479 100 936,648,1224,1200
480 100 936,648,1224,1200
481 100 936,648,1224,1200
482 100 936,648,1224,1200
483 100 936,648,1224,1200
484 100 936,648,1224,1200
485 100 912,648,1224,1200
486 100 912,648,1224,1200
487 100 912,648,1224,1200
488 100 912,648,1224,1200
489 100 912,648,1224,1200
490 100 912,648,1224,1200
491 100 888,648,1224,1200
492 100 888,648,1224,1200
493 100 888,648,1224,1200
494 100 888,648,1224,1200
495 100 912,648,1224,1200
496 100 912,648,1224,1200
497 100 912,648,1224,1200
498 100 912,648,1224,1200
499 100 912,648,1224,1200
500 100 912,648,1224,1200
501 100 912,648,1224,1200
502 100 912,648,1224,1200
503 100 936,648,1224,1200
504 100 936,648,1224,1200
505 100 960,648,1224,1224
506 100 960,648,1224,1224
507 100 1008,672,1224,1200
508 100 1008,672,1224,1200
509 100 1032,648,1224,1224
510 100 1032,648,1224,1224
511 100 1080,648,1224,1224
512 100 1080,648,1224,1224
513 100 1104,648,1224,1224
514 100 1104,648,1224,1224
515 100 1128,648,1224,1224
516 100 1128,648,1224,1224
517 100 1128,648,1224,1224
518 100 1128,648,1224,1224
519 100 1152,648,1224,1224
520 100 1152,648,1224,1224
521 100 1152,648,1224,1224
522 100 1152,648,1224,1224
523 100 1176,648,1224,1224
524 100 1176,648,1224,1224
525 100 1176,672,1224,1200
526 100 1176,672,1224,1200
527 100 1176,672,1224,1200
528 100 1176,672,1224,1200
529 100 1176,672,1224,1200
530 100 1176,672,1224,1200
531 100 1176,672,1224,1200
532 100 1176,672,1224,1200
533 100 1176,672,1224,1200
534 100 1176,672,1224,1200
535 100 1176,672,1224,1200
536 100 1176,672,1224,1200
537 100 1176,672,1224,1200
538 100 1176,672,1224,1200
539 100 1176,672,1224,1200
540 100 1176,672,1224,1200
541 100 1176,672,1224,1200
542 100 1176,672,1224,1200
543 100 1200,672,1224,1200
544 100 1200,672,1224,1200
545 100 1224,672,1224,1200
546 100 1224,672,1224,1200
547 100 1248,672,1224,1200
548 100 1248,672,1224,1200
549 100 1320,672,1224,1224
550 100 1320,672,1224,1224
551 100 1416,672,1224,1200
552 100 1416,672,1224,1200
553 100 1512,648,1224,1200
554 100 1512,648,1224,1200
555 100 1632,648,1224,1200
556 100 1632,648,1224,1200
557 100 1728,624,1224,1200
558 100 1728,624,1224,1200
559 100 1776,600,1224,1224
560 100 1776,600,1224,1224
561 100 1824,600,1224,1200
562 100 1824,600,1224,1200
563 100 1872,576,1224,1200
564 100 1872,576,1224,1200
565 100 1896,576,1224,1200
566 100 1896,576,1224,1200
567 100 1920,552,1224,1200
568 100 1920,552,1224,1200
569 100 1968,528,1224,1224
570 100 1968,528,1224,1224
571 100 1992,528,1224,1200
572 100 1992,528,1224,1200
573 100 2016,528,1224,1200
574 100 2016,528,1224,1200
575 100 2040,504,1224,1224
576 100 2040,504,1224,1224
577 100 2040,504,1224,1200
578 100 2040,504,1224,1200
579 100 2064,504,1224,1224
580 100 2064,504,1224,1224
581 100 2064,504,1224,1224
582 100 2064,504,1224,1224
583 100 2088,504,1224,1224
584 100 2088,504,1224,1224
585 100 2088,504,1224,1200
586 100 2088,504,1224,1200
587 100 2088,504,1224,1200
588 100 2088,504,1224,1200
589 100 2088,504,1224,1200
590 100 2088,504,1224,1200
591 100 2088,504,1224,1200
592 100 2088,504,1224,1200
593 100 2112,504,1224,1200
594 100 2112,504,1224,1200
595 100 2136,504,1224,1200
596 100 2136,504,1224,1200
597 100 2160,504,1224,1200
598 100 2160,504,1224,1200
599 100 2184,504,1224,1224
600 100 2184,504,1224,1224
601 100 2208,528,1224,1200
602 100 2208,528,1224,1200
603 100 2232,528,1224,1224
604 100 2232,528,1224,1224
605 100 2256,552,1224,1200
606 100 2256,552,1224,1200
607 100 2280,552,1224,1200
608 100 2280,552,1224,1200
609 100 2280,552,1224,1200
610 100 2280,552,1224,1200
611 100 2280,552,1224,1200
612 100 2280,552,1224,1200
613 100 2280,552,1224,1224
614 100 2280,552,1224,1224
615 100 2304,552,1224,1224
616 100 2304,552,1224,1224
617 100 2328,576,1224,1200
618 100 2328,576,1224,1200
619 100 2352,576,1224,1200
620 100 2352,576,1224,1200
621 100 2400,576,1224,1224
622 100 2400,576,1224,1224
623 100 2424,600,1224,1200
624 100 2424,600,1224,1200
625 100 2472,600,1224,1200
626 100 2472,600,1224,1200
627 100 2472,600,1224,1224
628 100 2472,600,1224,1224
629 100 2472,624,1224,1200
630 100 2472,624,1224,1200
631 100 2472,624,1224,1200
632 100 2472,624,1224,1200
633 100 2496,624,1224,1200
634 100 2496,624,1224,1200
635 100 2496,624,1224,1200
636 100 2496,624,1224,1200
637 100 2496,624,1224,1200
638 100 2496,624,1224,1200
639 100 2472,624,1224,1200
640 100 2472,624,1224,1200
641 100 2472,624,1224,1200
642 100 2472,624,1224,1200
643 100 2472,624,1224,1200
644 100 2472,624,1224,1200
645 100 2472,624,1224,1200
646 100 2472,624,1224,1200
647 100 2472,624,1224,1200
648 100 2472,624,1224,1200
649 100 2448,624,1224,1200
650 100 2448,624,1224,1200
651 100 2448,624,1224,1200
652 100 2448,624,1224,1200
653 100 2448,624,1224,1200
654 100 2448,624,1224,1200
655 100 2448,624,1224,1200
656 100 2448,624,1224,1200
657 100 2448,624,1224,1200
658 100 2448,624,1224,1200
659 100 2448,624,1224,1200
660 100 2448,624,1224,1200
661 100 2448,624,1224,1200
662 100 2448,624,1224,1200
663 100 2448,624,1224,1200
664 100 2448,624,1224,1200
665 100 2448,624,1224,1200
666 100 2448,624,1224,1200
667 100 2448,624,1224,1200
668 100 2448,624,1224,1200
669 100 2448,624,1224,1200
670 100 2448,624,1224,1200
671 100 2448,624,1224,1200
672 100 2448,624,1224,1200
673 100 2448,624,1224,1200
674 100 2448,624,1224,1200
675 100 2424,624,1224,1200
676 100 2424,624,1224,1200
677 100 2424,624,1224,1200
678 100 2424,624,1224,1200
679 100 2400,624,1224,1200
680 100 2400,624,1224,1200
681 100 2400,624,1224,1200
682 100 2400,624,1224,1200
683 100 2352,600,1224,1224
684 100 2352,600,1224,1224
685 100 2352,600,1224,1200
686 100 2352,600,1224,1200
687 100 2328,600,1224,1200
688 100 2328,600,1224,1200
689 100 2328,576,1224,1224
690 100 2328,576,1224,1224
691 100 2304,576,1224,1200
692 100 2304,576,1224,1200
693 100 2304,552,1224,1224
694 100 2304,552,1224,1224
695 100 2304,552,1224,1200
696 100 2304,552,1224,1200
697 100 2304,552,1224,1200
698 100 2304,552,1224,1200
699 100 2280,552,1224,1200
700 100 2280,552,1224,1200
701 100 2280,552,1224,1200
702 100 2280,552,1224,1200
703 100 2280,552,1224,1200
704 100 2280,552,1224,1200
705 100 2256,552,1224,1200
706 100 2256,552,1224,1200
707 100 2256,552,1224,1200
708 100 2256,552,1224,1200
709 100 2232,552,1224,1200
710 100 2232,552,1224,1200
711 100 2184,552,1224,1200
712 100 2184,552,1224,1200
713 100 2160,552,1224,1200
714 100 2160,552,1224,1200
715 100 2112,552,1224,1200
716 100 2112,552,1224,1200
717 100 2040,552,1224,1200
718 100 2040,552,1224,1200
719 100 1968,552,1224,1200
720 100 1968,552,1224,1200
721 100 1896,552,1224,1224
722 100 1896,552,1224,1224
723 100 1824,576,1224,1200
724 100 1824,576,1224,1200
725 100 1752,576,1224,1200
726 100 1752,576,1224,1200
727 100 1704,576,1224,1200
728 100 1704,576,1224,1200
729 100 1656,576,1224,1200
730 100 1656,576,1224,1200
731 100 1584,576,1224,1200
732 100 1584,576,1224,1200
733 100 1536,576,1224,1200
734 100 1536,576,1224,1200
735 100 1488,576,1224,1200
736 100 1488,576,1224,1200
737 100 1440,576,1224,1200
738 100 1440,576,1224,1200
739 100 1416,576,1224,1224
740 100 1416,576,1224,1224
741 100 1392,576,1224,1224
742 100 1392,576,1224,1224
743 100 1368,576,1224,1224
744 100 1368,576,1224,1224
745 100 1344,576,1224,1224
746 100 1344,576,1224,1224
747 100 1296,576,1224,1200
748 100 1296,576,1224,1200
749 100 1248,576,1224,1200
750 100 1248,576,1224,1200
751 100 1200,576,1224,1200
752 100 1200,576,1224,1200
753 100 1152,552,1224,1200
754 100 1152,552,1224,1200
755 100 1080,552,1224,1200
756 100 1080,552,1224,1200
757 100 1032,528,1224,1224
758 100 1032,528,1224,1224
759 100 1008,528,1224,1200
760 100 1008,528,1224,1200
761 100 984,528,1224,1200
762 100 984,528,1224,1200
763 100 960,528,1224,1200
764 100 960,528,1224,1200
765 100 960,504,1224,1224
766 100 960,504,1224,1224
767 100 960,504,1224,1200
768 100 960,504,1224,1200
769 100 960,480,1224,1224
770 100 960,480,1224,1224
771 100 960,480,1224,1224
772 100 960,480,1224,1224
773 100 960,480,1224,1224
774 100 960,480,1224,1224
775 100 960,480,1224,1224
776 100 960,480,1224,1224
777 100 960,480,1224,1200
778 100 960,480,1224,1200
779 100 960,480,1224,1200
780 100 960,480,1224,1200
781 100 960,480,1224,1200
782 100 960,480,1224,1200
783 100 936,456,1224,1224
784 100 936,456,1224,1224
785 100 936,456,1224,1224
786 100 936,456,1224,1224
787 100 936,456,1224,1224
788 100 936,456,1224,1224
789 100 936,456,1224,1200
790 100 936,456,1224,1200
791 100 936,456,1224,1200
792 100 936,456,1224,1200
793 100 936,456,1224,1224
794 100 936,456,1224,1224
795 100 936,456,1224,1224
796 100 936,456,1224,1224
797 100 936,456,1224,1224
798 100 936,456,1224,1224
799 100 936,456,1224,1224
800 100 936,456,1224,1224
801 100 936,456,1224,1224
802 100 936,456,1224,1224
803 100 936,456,1224,1224
804 100 936,456,1224,1224
805 100 936,456,1224,1224
806 100 936,456,1224,1224
807 100 936,456,1224,1224
808 100 936,456,1224,1224
809 100 936,456,1224,1224
810 100 936,456,1224,1224
811 100 936,456,1224,1224
812 100 936,456,1224,1224
813 100 936,456,1224,1224
814 100 936,456,1224,1224
815 100 936,456,1224,1224
816 100 936,456,1224,1224
817 100 936,480,1224,1200
818 100 936,480,1224,1200
819 100 936,480,1224,1224
820 100 936,480,1224,1224
821 100 912,504,1224,1200
822 100 912,504,1224,1200
823 100 864,504,1224,1224
824 100 864,504,1224,1224
825 100 816,504,1224,1200
826 100 816,504,1224,1200
827 100 744,504,1224,1200
828 100 744,504,1224,1200
829 100 696,528,1224,1200
830 100 696,528,1224,1200
831 100 648,528,1224,1200
832 100 648,528,1224,1200
833 100 600,528,1224,1200
834 100 600,528,1224,1200
835 100 576,528,1224,1224
836 100 576,528,1224,1224
837 100 552,552,1224,1200
838 100 552,552,1224,1200
839 100 528,552,1224,1200
840 100 528,552,1224,1200
841 100 504,552,1224,1200
842 100 504,552,1224,1200
843 100 504,552,1224,1200
844 100 504,552,1224,1200
845 100 480,552,1224,1200
846 100 480,552,1224,1200
847 100 480,552,1224,1200
848 100 480,552,1224,1200
849 100 480,528,1224,1224
850 100 480,528,1224,1224
851 100 480,528,1224,1224
852 100 480,528,1224,1224
853 100 480,552,1224,1200
854 100 480,552,1224,1200
855 100 480,552,1224,1200
856 100 480,552,1224,1200
857 100 480,552,1224,1200
858 100 480,552,1224,1200
859 100 480,552,1224,1200
860 100 480,552,1224,1200
861 100 480,552,1224,1200
862 100 480,552,1224,1200
863 100 480,552,1224,1200
864 100 480,552,1224,1200
865 100 480,552,1224,1200
866 100 480,552,1224,1200
867 100 456,552,1224,1200
868 100 456,552,1224,1200
869 100 432,552,1224,1200
870 100 432,552,1224,1200
871 100 408,552,1224,1200
872 100 408,552,1224,1200
873 100 360,552,1224,1200
874 100 360,552,1224,1200
875 100 312,552,1224,1224
876 100 312,552,1224,1224
877 100 288,576,1224,1200
878 100 288,576,1224,1200
879 100 264,576,1224,1224
880 100 264,576,1224,1224
881 100 240,576,1224,1224
882 100 240,576,1224,1224
883 100 216,576,1224,1224
884 100 216,576,1224,1224
885 100 192,600,1224,1200
886 100 192,600,1224,1200
887 100 168,600,1224,1200
888 100 168,600,1224,1200
889 100 168,576,1224,1224
890 100 168,576,1224,1224
891 100 168,576,1224,1224
892 100 168,576,1224,1224
893 100 168,576,1224,1224
894 100 168,576,1224,1224
895 100 192,576,1224,1200
896 100 192,576,1224,1200
897 100 192,576,1224,1200
898 100 192,576,1224,1200
899 100 216,552,1224,1224
900 100 216,552,1224,1224
901 100 240,552,1224,1224
902 100 240,552,1224,1224
903 100 288,552,1224,1200
904 100 288,552,1224,1200
905 100 360,552,1224,1224
906 100 360,552,1224,1224
907 100 456,576,1224,1200
908 100 456,576,1224,1200
909 100 576,576,1224,1224
910 100 576,576,1224,1224
911 100 672,600,1224,1200
912 100 672,600,1224,1200
913 100 720,600,1224,1200
914 100 720,600,1224,1200
915 100 768,600,1224,1200
916 100 768,600,1224,1200
917 100 792,600,1224,1200
918 100 792,600,1224,1200
919 100 816,600,1224,1200
920 100 816,600,1224,1200
921 100 840,600,1224,1200
922 100 840,600,1224,1200
923 100 864,600,1224,1200
924 100 864,600,1224,1200
925 100 888,600,1224,1200
926 100 888,600,1224,1200
927 100 912,600,1224,1200
928 100 912,600,1224,1200
929 100 912,600,1224,1200
930 100 912,600,1224,1200
931 100 936,600,1224,1200
932 100 936,600,1224,1200
933 100 984,600,1224,1200
934 100 984,600,1224,1200
935 100 1008,576,1224,1224
936 100 1008,576,1224,1224
937 100 1032,576,1224,1200
938 100 1032,576,1224,1200
939 100 1056,576,1224,1200
940 100 1056,576,1224,1200
941 100 1080,576,1224,1200
942 100 1080,576,1224,1200
943 100 1128,576,1224,1200
944 100 1128,576,1224,1200
945 100 1176,576,1224,1200
946 100 1176,576,1224,1200
947 100 1200,576,1224,1200
948 100 1200,576,1224,1200
949 100 1224,576,1224,1200
950 100 1224,576,1224,1200
951 100 1272,576,1224,1200
952 100 1272,576,1224,1200
953 100 1272,552,1224,1224
954 100 1272,552,1224,1224
955 100 1296,552,1224,1200
956 100 1296,552,1224,1200
957 100 1296,552,1224,1200
958 100 1296,552,1224,1200
959 100 1320,552,1224,1200
960 100 1320,552,1224,1200
961 100 1320,552,1224,1200
962 100 1320,552,1224,1200
963 100 1344,528,1224,1224
964 100 1344,528,1224,1224
965 100 1344,528,1224,1224
966 100 1344,528,1224,1224
967 100 1368,528,1224,1200
968 100 1368,528,1224,1200
969 100 1368,528,1224,1200
970 100 1368,528,1224,1200
971 100 1368,528,1224,1200
972 100 1368,528,1224,1200
973 100 1392,528,1224,1200
974 100 1392,528,1224,1200
975 100 1416,528,1224,1200
976 100 1416,528,1224,1200
977 100 1440,528,1224,1200
978 100 1440,528,1224,1200
979 100 1464,528,1224,1200
980 100 1464,528,1224,1200
981 100 1488,528,1224,1200
982 100 1488,528,1224,1200
983 100 1512,528,1224,1200
984 100 1512,528,1224,1200
985 100 1536,528,1224,1224
986 100 1536,528,1224,1224
987 100 1536,552,1224,1200
988 100 1536,552,1224,1200
989 100 1536,552,1224,1200
990 100 1536,552,1224,1200
991 100 1560,552,1224,1200
992 100 1560,552,1224,1200
993 100 1560,552,1224,1224
994 100 1560,552,1224,1224
995 100 1584,552,1224,1224
996 100 1584,552,1224,1224
997 100 1584,576,1224,1200
998 100 1584,576,1224,1200
999 100 1608,576,1224,1200
1000 100 1608,576,1224,1200
1001 100 1608,576,1224,1200
1002 100 1608,576,1224,1200
1003 100 1608,552,1224,1224
1004 100 1608,552,1224,1224
1005 100 1608,552,1224,1224
1006 100 1608,552,1224,1224
1007 100 1632,552,1224,1224
1008 100 1632,552,1224,1224
1009 100 1632,552,1224,1200
1010 100 1632,552,1224,1200
1011 100 1632,552,1224,1200
1012 100 1632,552,1224,1200
1013 100 1632,552,1224,1200
1014 100 1632,552,1224,1200
1015 100 1656,528,1224,1224
1016 100 1656,528,1224,1224
1017 100 1656,528,1224,1200
1018 100 1656,528,1224,1200
1019 100 1656,528,1224,1200
1020 100 1656,528,1224,1200
1021 100 1680,528,1224,1200
1022 100 1680,528,1224,1200
1023 100 1680,528,1224,1200
1024 100 1680,528,1224,1200
1025 100 1680,528,1224,1200
1026 100 1680,528,1224,1200
1027 100 1680,528,1224,1200
1028 100 1680,528,1224,1200
1029 100 1704,528,1224,1200
1030 100 1704,528,1224,1200
1031 100 1704,528,1224,1200
1032 100 1704,528,1224,1200
1033 100 1704,528,1224,1200
1034 100 1704,528,1224,1200
1035 100 1728,528,1224,1200
1036 100 1728,528,1224,1200
1037 100 1728,528,1224,1200
1038 100 1728,528,1224,1200
1039 100 1728,528,1224,1200
1040 100 1728,528,1224,1200
1041 100 1728,528,1224,1200
1042 100 1728,528,1224,1200
1043 100 1752,528,1224,1200
1044 100 1752,528,1224,1200
1045 100 1752,528,1224,1200
1046 100 1752,528,1224,1200
1047 100 1752,528,1224,1200
1048 100 1752,528,1224,1200
1049 100 1752,528,1224,1200
1050 100 1752,528,1224,1200
1051 100 1752,528,1224,1200
1052 100 1752,528,1224,1200
1053 100 1752,504,1224,1224
1054 100 1752,504,1224,1224
1055 100 1752,504,1224,1224
1056 100 1752,504,1224,1224
1057 100 1752,504,1224,1200
1058 100 1752,504,1224,1200
1059 100 1752,504,1224,1200
1060 100 1752,504,1224,1200
1061 100 1752,504,1224,1200
1062 100 1752,504,1224,1200
1063 100 1752,480,1224,1224
1064 100 1752,480,1224,1224
1065 100 1752,480,1224,1224
1066 100 1752,480,1224,1224
1067 100 1752,480,1224,1224
1068 100 1752,480,1224,1224
1069 100 1752,480,1224,1200
1070 100 1752,480,1224,1200
1071 100 1752,480,1224,1200
1072 100 1752,480,1224,1200
1073 100 1776,480,1224,1200
1074 100 1776,480,1224,1200
1075 100 1776,480,1224,1200
1076 100 1776,480,1224,1200
1077 100 1776,480,1224,1200
1078 100 1776,480,1224,1200
1079 100 1800,456,1224,1224
1080 100 1800,456,1224,1224
1081 100 1824,456,1224,1200
1082 100 1824,456,1224,1200
1083 100 1824,456,1224,1200
1084 100 1824,456,1224,1200
1085 100 1848,456,1224,1200
1086 100 1848,456,1224,1200
1087 100 1872,456,1224,1200
1088 100 1872,456,1224,1200
1089 100 1896,456,1224,1224
1090 100 1896,456,1224,1224
1091 100 1896,456,1224,1224
1092 100 1896,456,1224,1224
1093 100 1896,480,1224,1200
1094 100 1896,480,1224,1200
1095 100 1896,480,1224,1200
1096 100 1896,480,1224,1200
1097 100 1920,480,1224,1224
1098 100 1920,480,1224,1224
1099 100 1920,504,1224,1200
1100 100 1920,504,1224,1200
1101 100 1944,504,1224,1200
1102 100 1944,504,1224,1200
1103 100 1944,504,1224,1200
1104 100 1944,504,1224,1200
1105 100 1968,504,1224,1200
1106 100 1968,504,1224,1200
1107 100 1992,480,1224,1224
1108 100 1992,480,1224,1224
1109 100 2016,480,1224,1224
1110 100 2016,480,1224,1224
1111 100 2016,480,1224,1224
1112 100 2016,480,1224,1224
1113 100 2016,504,1224,1200
1114 100 2016,504,1224,1200
1115 100 2016,480,1224,1224
1116 100 2016,480,1224,1224
1117 100 2016,504,1224,1200
1118 100 2016,504,1224,1200
1119 100 2016,504,1224,1200
1120 100 2016,504,1224,1200
1121 100 2016,504,1224,1200
1122 100 2016,504,1224,1200
1123 100 2016,504,1224,1200
1124 100 2016,504,1224,1200
1125 100 1992,504,1224,1200
1126 100 1992,504,1224,1200
1127 100 1992,504,1224,1200
1128 100 1992,504,1224,1200
1129 100 1968,504,1224,1200
1130 100 1968,504,1224,1200
1131 100 1968,504,1224,1200
1132 100 1968,504,1224,1200
1133 100 1944,504,1224,1200
1134 100 1944,504,1224,1200
1135 100 1872,504,1224,1200
1136 100 1872,504,1224,1200
1137 100 1800,504,1224,1200
1138 100 1800,504,1224,1200
1139 100 1728,504,1224,1200
1140 100 1728,504,1224,1200
1141 100 1680,504,1224,1200
1142 100 1680,504,1224,1200
1143 100 1632,504,1224,1200
1144 100 1632,504,1224,1200
1145 100 1608,480,1224,1224
1146 100 1608,480,1224,1224
1147 100 1560,480,1224,1224
1148 100 1560,480,1224,1224
1149 100 1536,480,1224,1224
1150 100 1536,480,1224,1224
1151 100 1512,480,1224,1224
1152 100 1512,480,1224,1224
1153 100 1512,480,1224,1224
1154 100 1512,480,1224,1224
1155 100 1488,480,1224,1224
1156 100 1488,480,1224,1224
1157 100 1488,480,1224,1200
1158 100 1488,480,1224,1200
1159 100 1488,480,1224,1224
1160 100 1488,480,1224,1224
1161 100 1488,480,1224,1224
1162 100 1488,480,1224,1224
1163 100 1464,480,1224,1224
1164 100 1464,480,1224,1224
1165 100 1464,480,1224,1224
1166 100 1464,480,1224,1224
1167 100 1464,480,1224,1200
1168 100 1464,480,1224,1200
1169 100 1440,480,1224,1200
1170 100 1440,480,1224,1200
1171 100 1440,456,1224,1224
1172 100 1440,456,1224,1224
1173 100 1416,432,1224,1224
1174 100 1416,432,1224,1224
1175 100 1392,408,1224,1224
1176 100 1392,408,1224,1224
1177 100 1368,384,1224,1200
1178 100 1368,384,1224,1200
1179 100 1368,360,1224,1224
1180 100 1368,360,1224,1224
1181 100 1368,360,1224,1200
1182 100 1368,360,1224,1200
1183 100 1368,360,1224,1200
1184 100 1368,360,1224,1200
1185 100 1368,336,1224,1224
1186 100 1368,336,1224,1224
1187 100 1368,336,1224,1224
1188 100 1368,336,1224,1224
1189 100 1416,360,1224,1200
1190 100 1416,360,1224,1200
1191 100 1488,384,1224,1200
1192 100 1488,384,1224,1200
1193 100 1608,408,1224,1200
1194 100 1608,408,1224,1200
1195 100 1752,432,1224,1200
1196 100 1752,432,1224,1200
1197 100 1920,456,1224,1200
1198 100 1920,456,1224,1200
1199 100 2088,480,1224,1200
1200 100 2088,480,1224,1200
1201 100 2208,480,1224,1224
1202 100 2208,480,1224,1224
1203 100 2328,480,1224,1224
1204 100 2328,480,1224,1224
1205 100 2424,480,1224,1224
1206 100 2424,480,1224,1224
1207 100 2496,480,1224,1224
1208 100 2496,480,1224,1224
1209 100 2544,480,1224,1224
1210 100 2544,480,1224,1224
1211 100 2592,480,1224,1224
1212 100 2592,480,1224,1224
1213 100 2640,480,1224,1224
1214 100 2640,480,1224,1224
1215 100 2664,480,1224,1224
1216 100 2664,480,1224,1224
1217 100 2904,480,1224,1200
1218 100 2904,480,1224,1200
1219 100 2976,480,1224,1200
1220 100 2976,480,1224,1200
1221 100 2952,480,1224,1200
1222 100 2952,480,1224,1200
1223 100 3096,480,1224,1200
1224 100 3096,480,1224,1200
1225 100 3072,480,1224,1200
1226 100 3072,480,1224,1200
1227 100 3216,480,1224,1200
1228 100 3216,480,1224,1200
1229 100 3216,480,1224,1200
1230 100 3216,480,1224,1200
1231 100 3264,480,1224,1200
1232 100 3264,480,1224,1200
1233 100 3288,480,1224,1200
1234 100 3288,480,1224,1200
1235 100 3264,480,1224,1200
1236 100 3264,480,1224,1200
1237 100 3264,480,1224,1200
1238 100 3264,480,1224,1200
1239 100 3240,480,1224,1200
1240 100 3240,480,1224,1200
1241 100 3408,480,1224,1200
1242 100 3408,480,1224,1200
1243 100 3432,480,1224,1200
1244 100 3432,480,1224,1200
1245 100 3264,480,1224,1200
1246 100 3264,480,1224,1200
1247 100 3264,480,1224,1200
1248 100 3264,480,1224,1200
1249 100 3264,480,1224,1200
1250 100 3264,480,1224,1200
1251 100 3288,480,1224,1200
1252 100 3288,480,1224,1200
1253 100 3288,480,1224,1200
1254 100 3288,480,1224,1200
1255 100 3288,480,1224,1200
1256 100 3288,480,1224,1200
1257 100 3288,480,1224,1200
1258 100 3288,480,1224,1200
1259 100 3312,456,1224,1224
1260 100 3312,456,1224,1224
1261 100 3336,456,1224,1224
1262 100 3336,456,1224,1224
1263 100 3312,456,1224,1224
1264 100 3312,456,1224,1224
1265 100 3336,456,1224,1224
1266 100 3336,456,1224,1224
1267 100 3336,456,1224,1224
1268 100 3336,456,1224,1224
1269 100 3192,456,1224,1224
1270 100 3192,456,1224,1224
1271 100 3192,456,1224,1224
1272 100 3192,456,1224,1224
1273 100 3168,456,1224,1224
1274 100 3168,456,1224,1224
1275 100 3192,456,1224,1224
1276 100 3192,456,1224,1224
1277 100 3072,456,1224,1200
1278 100 3072,456,1224,1200
1279 100 3072,456,1224,1224
1280 100 3072,456,1224,1224
1281 100 3072,456,1224,1200
1282 100 3072,456,1224,1200
1283 100 2976,456,1224,1200
1284 100 2976,456,1224,1200
1285 100 2976,456,1224,1200
1286 100 2976,456,1224,1200
1287 100 2976,456,1224,1200
1288 100 2976,456,1224,1200
1289 100 2904,456,1224,1200
1290 100 2904,456,1224,1200
1291 100 2904,456,1224,1200
1292 100 2904,456,1224,1200
1293 100 2904,456,1224,1200
1294 100 2904,456,1224,1200
1295 100 2808,456,1224,1200
1296 100 2808,456,1224,1200
1297 100 2832,456,1224,1200
1298 100 2832,456,1224,1200
1299 100 2760,456,1224,1200
1300 100 2760,456,1224,1200
1301 100 2712,456,1224,1200
1302 100 2712,456,1224,1200
1303 100 2688,456,1224,1200
1304 100 2688,456,1224,1200
1305 100 2640,456,1224,1200
1306 100 2640,456,1224,1200
1307 100 2616,456,1224,1200
1308 100 2616,456,1224,1200
1309 100 2616,456,1224,1200
1310 100 2616,456,1224,1200
1311 100 2616,456,1224,1200
1312 100 2616,456,1224,1200
1313 100 2616,456,1224,1200
1314 100 2616,456,1224,1200
1315 100 2616,456,1224,1200
1316 100 2616,456,1224,1200
1317 100 2616,456,1224,1224
1318 100 2616,456,1224,1224
1319 100 2616,456,1224,1224
1320 100 2616,456,1224,1224
1321 100 2616,456,1224,1224
1322 100 2616,456,1224,1224
1323 100 2616,456,1224,1224
1324 100 2616,456,1224,1224
1325 100 2616,456,1224,1224
1326 100 2616,456,1224,1224
1327 100 2616,456,1224,1224
1328 100 2616,456,1224,1224
1329 100 2616,456,1224,1224
1330 100 2616,456,1224,1224
1331 100 2616,456,1224,1224
1332 100 2616,456,1224,1224
1333 100 2616,456,1224,1224
1334 100 2616,456,1224,1224
1335 100 2616,456,1224,1224
1336 100 2616,456,1224,1224
1337 100 2616,456,1224,1224
1338 100 2616,456,1224,1224
1339 100 2616,456,1224,1224
1340 100 2616,456,1224,1224
1341 100 2616,456,1224,1224
1342 100 2616,456,1224,1224
1343 100 2616,480,1224,1200
1344 100 2616,480,1224,1200
1345 100 2616,480,1224,1200
1346 100 2616,480,1224,1200
1347 100 2616,480,1224,1200
1348 100 2616,480,1224,1200
1349 100 2616,456,1224,1224
1350 100 2616,456,1224,1224
1351 100 2616,480,1224,1200
1352 100 2616,480,1224,1200
1353 100 2592,480,1224,1200
1354 100 2592,480,1224,1200
1355 100 2544,480,1224,1200
1356 100 2544,480,1224,1200
1357 100 2520,480,1224,1200
1358 100 2520,480,1224,1200
1359 100 2472,480,1224,1200
1360 100 2472,480,1224,1200
1361 100 2448,480,1224,1200
1362 100 2448,480,1224,1200
1363 100 2424,480,1224,1200
1364 100 2424,480,1224,1200
1365 100 2400,480,1224,1224
1366 100 2400,480,1224,1224
1367 100 2400,480,1224,1200
1368 100 2400,480,1224,1200
1369 100 2376,480,1224,1224
1370 100 2376,480,1224,1224
1371 100 2376,480,1224,1224
1372 100 2376,480,1224,1224
1373 100 2376,480,1224,1224
1374 100 2376,480,1224,1224
1375 100 2376,504,1224,1200
1376 100 2376,504,1224,1200
1377 100 2376,504,1224,1200
1378 100 2376,504,1224,1200
1379 100 2376,504,1224,1200
1380 100 2376,504,1224,1200
1381 100 2352,504,1224,1224
1382 100 2352,504,1224,1224
1383 100 2352,504,1224,1224
1384 100 2352,504,1224,1224
1385 100 2328,528,1224,1200
1386 100 2328,528,1224,1200
1387 100 2328,528,1224,1200
1388 100 2328,528,1224,1200
1389 100 2328,528,1224,1200
1390 100 2328,528,1224,1200
1391 100 2328,528,1224,1200
1392 100 2328,528,1224,1200
1393 100 2328,528,1224,1200
1394 100 2328,528,1224,1200
1395 100 2304,528,1224,1200
1396 100 2304,528,1224,1200
1397 100 2304,528,1224,1200
1398 100 2304,528,1224,1200
1399 100 2304,528,1224,1224
1400 100 2304,528,1224,1224
1401 100 2304,528,1224,1224
1402 100 2304,528,1224,1224
1403 100 2304,528,1224,1224
1404 100 2304,528,1224,1224
1405 100 2280,528,1224,1200
1406 100 2280,528,1224,1200
1407 100 2280,528,1224,1200
1408 100 2280,528,1224,1200
1409 100 2256,528,1224,1200
1410 100 2256,528,1224,1200
1411 100 2256,528,1224,1224
1412 100 2256,528,1224,1224
1413 100 2256,528,1224,1200
1414 100 2256,528,1224,1200
1415 100 2232,528,1224,1200
1416 100 2232,528,1224,1200
1417 100 2232,528,1224,1200
1418 100 2232,528,1224,1200
1419 100 2208,528,1224,1200
1420 100 2208,528,1224,1200
1421 100 2184,528,1224,1200
1422 100 2184,528,1224,1200
1423 100 2160,504,1224,1200
1424 100 2160,504,1224,1200
1425 100 2112,504,1224,1200
1426 100 2112,504,1224,1200
1427 100 2064,528,1224,1200
1428 100 2064,528,1224,1200
1429 100 2016,552,1224,1200
1430 100 2016,552,1224,1200
1431 100 2016,528,1224,1200
1432 100 2016,528,1224,1200
1433 100 1992,528,1224,1200
1434 100 1992,528,1224,1200
1435 100 1968,528,1224,1224
1436 100 1968,528,1224,1224
1437 100 1944,552,1224,1200
1438 100 1944,552,1224,1200
1439 100 1920,552,1224,1200
1440 100 1920,552,1224,1200
1441 100 1920,552,1224,1200
1442 100 1920,552,1224,1200
1443 100 1896,552,1224,1200
1444 100 1896,552,1224,1200
1445 100 1896,552,1224,1200
1446 100 1896,552,1224,1200
1447 100 1872,552,1224,1200
1448 100 1872,552,1224,1200
1449 100 1848,552,1224,1200
1450 100 1848,552,1224,1200
1451 100 1824,552,1224,1200
1452 100 1824,552,1224,1200
1453 100 1800,552,1224,1200
1454 100 1800,552,1224,1200
1455 100 1752,552,1224,1200
1456 100 1752,552,1224,1200
1457 100 1728,552,1224,1200
1458 100 1728,552,1224,1200
1459 100 1728,552,1224,1200
1460 100 1728,552,1224,1200
1461 100 1704,552,1224,1200
1462 100 1704,552,1224,1200
1463 100 1680,552,1224,1200
1464 100 1680,552,1224,1200
1465 100 1656,552,1224,1200
1466 100 1656,552,1224,1200
1467 100 1656,552,1224,1200
1468 100 1656,552,1224,1200
1469 100 1632,552,1224,1200
1470 100 1632,552,1224,1200
1471 100 1632,552,1224,1200
1472 100 1632,552,1224,1200
1473 100 1608,552,1224,1200
1474 100 1608,552,1224,1200
1475 100 1584,552,1224,1200
1476 100 1584,552,1224,1200
1477 100 1584,552,1224,1200
1478 100 1584,552,1224,1200
1479 100 1560,552,1224,1200
1480 100 1560,552,1224,1200
1481 100 1560,552,1224,1200
1482 100 1560,552,1224,1200
1483 100 1536,552,1224,1200
1484 100 1536,552,1224,1200
1485 100 1536,552,1224,1200
1486 100 1536,552,1224,1200
1487 100 1512,552,1224,1200
1488 100 1512,552,1224,1200
1489 100 1512,552,1224,1200
1490 100 1512,552,1224,1200
1491 100 1512,552,1224,1200
1492 100 1512,552,1224,1200
1493 100 1488,552,1224,1224
1494 100 1488,552,1224,1224
1495 100 1488,552,1224,1224
1496 100 1488,552,1224,1224
1497 100 1488,552,1224,1224
1498 100 1488,552,1224,1224
1499 100 1488,552,1224,1224
1500 100 1488,552,1224,1224
1501 100 1488,552,1224,1224
1502 100 1488,552,1224,1224
1503 100 1488,552,1224,1224
1504 100 1488,552,1224,1224
1505 100 1488,576,1224,1200
1506 100 1488,576,1224,1200
1507 100 1488,576,1224,1200
1508 100 1488,576,1224,1200
1509 100 1488,576,1224,1200
1510 100 1488,576,1224,1200
1511 100 1488,576,1224,1200
1512 100 1488,576,1224,1200
1513 100 1488,576,1224,1200
1514 100 1488,576,1224,1200
1515 100 1488,576,1224,1200
1516 100 1488,576,1224,1200
1517 100 1488,576,1224,1200
1518 100 1488,576,1224,1200
1519 100 1488,576,1224,1200
1520 100 1488,576,1224,1200
1521 100 1488,576,1224,1200
1522 100 1488,576,1224,1200
1523 100 1488,576,1224,1200
1524 100 1488,576,1224,1200
1525 100 1488,552,1224,1224
1526 100 1488,552,1224,1224
1527 100 1488,552,1224,1224
1528 100 1488,552,1224,1224
1529 100 1488,552,1224,1224
1530 100 1488,552,1224,1224
1531 100 1488,552,1224,1224
1532 100 1488,552,1224,1224
1533 100 1488,552,1224,1224
1534 100 1488,552,1224,1224
1535 100 1488,552,1224,1224
1536 100 1488,552,1224,1224
1537 100 1488,552,1224,1200
1538 100 1488,552,1224,1200
1539 100 1488,552,1224,1200
1540 100 1488,552,1224,1200
1541 100 1488,552,1224,1200
1542 100 1488,552,1224,1200
1543 100 1488,552,1224,1200
1544 100 1488,552,1224,1200
1545 100 1488,552,1224,1200
1546 100 1488,552,1224,1200
1547 100 1488,552,1224,1200
1548 100 1488,552,1224,1200
1549 100 1488,552,1224,1200
1550 100 1488,552,1224,1200
1551 100 1488,528,1224,1224
1552 100 1488,528,1224,1224
1553 100 1464,528,1224,1224
1554 100 1464,528,1224,1224
1555 100 1464,528,1224,1224
1556 100 1464,528,1224,1224
1557 100 1464,528,1224,1200
1558 100 1464,528,1224,1200
1559 100 1464,528,1224,1200
1560 100 1464,528,1224,1200
1561 100 1464,528,1224,1200
1562 100 1464,528,1224,1200
1563 100 1464,528,1224,1224
1564 100 1464,528,1224,1224
1565 100 1440,552,1224,1200
1566 100 1440,552,1224,1200
1567 100 1440,552,1224,1224
1568 100 1440,552,1224,1224
1569 100 1440,552,1224,1200
1570 100 1440,552,1224,1200
1571 100 1440,552,1224,1200
1572 100 1416,528,1224,1200
