0 100 288,456,1224,1200
1 100 312,456,1224,1224
2 100 3600,432,1224,1224
3 100 3456,408,1224,1200
4 100 3456,408,1224,1200
5 100 3552,408,1224,1200
6 100 3552,408,1224,1200
7 100 3456,408,1224,1200
8 100 3456,408,1224,1200
9 100 3504,432,1224,1200
10 100 384,456,1224,1200
11 100 3504,432,1224,1200
12 100 3504,432,1224,1200
13 100 3504,432,1224,1200
14 100 408,456,1224,1200
15 100 3576,408,1224,1224
16 100 3576,408,1224,1224
17 100 312,456,1224,1224
18 100 3576,408,1224,1224
19 100 3576,408,1224,1224
20 100 432,432,1224,1224
21 100 3528,432,1224,1200
22 100 3528,432,1224,1200
23 100 456,432,1224,1224
24 100 3528,432,1224,1200
25 100 3528,432,1224,1200
26 100 480,432,1224,1200
27 100 3480,432,1224,1200
28 100 3480,432,1224,1200
29 100 336,456,1224,1224
30 100 3432,432,1224,1200
31 100 3432,432,1224,1200
32 100 3408,432,1224,1200
33 100 504,456,1224,1200
34 100 3408,432,1224,1200
35 100 3480,432,1224,1200
36 100 3480,432,1224,1200
37 100 3432,432,1224,1200
38 100 3432,432,1224,1200
39 100 336,456,1224,1224
40 100 3408,432,1224,1200
41 100 600,456,1224,1200
42 100 3408,432,1224,1200
43 100 3408,432,1224,1200
44 100 3408,432,1224,1200
45 100 3432,432,1224,1200
46 100 3432,432,1224,1200
47 100 3456,432,1224,1200
48 100 696,456,1224,1200
49 100 3456,432,1224,1200
50 100 3432,432,1224,1200
51 100 3432,432,1224,1200
52 100 0,432,1224,1224
53 100 744,456,1224,1200
54 100 0,432,1224,1224
55 100 3696,432,1224,1224
56 100 768,456,1224,1200
57 100 3696,432,1224,1224
58 100 3672,432,1224,1224
59 100 3672,432,1224,1224
60 100 3648,432,1224,1224
61 100 3648,432,1224,1224
62 100 840,480,1224,1200
63 100 3624,432,1224,1224
64 100 3624,432,1224,1224
65 100 3552,456,1224,1200
66 100 3552,456,1224,1200
67 100 888,480,1224,1200
68 100 3456,456,1224,1200
69 100 3456,456,1224,1200
70 100 0,456,1224,1224
71 100 888,456,1224,1224
72 100 0,456,1224,1224
73 100 3600,432,1224,1224
74 100 3600,432,1224,1224
75 100 3600,432,1224,1224
76 100 3600,432,1224,1224
77 100 912,456,1224,1200
78 100 3600,456,1224,1200
79 100 3600,456,1224,1200
80 100 3672,432,1224,1224
81 100 936,456,1224,1200
82 100 3672,432,1224,1224
83 100 3672,432,1224,1224
84 100 3672,432,1224,1224
85 100 984,480,1224,1224
86 100 3648,432,1224,1224
87 100 3648,432,1224,1224
88 100 3672,432,1224,1224
89 100 960,480,1224,1200
90 100 3672,432,1224,1224
91 100 3672,432,1224,1224
92 100 3672,432,1224,1224
93 100 3432,432,1224,1200
94 100 3432,432,1224,1200
95 100 3456,432,1224,1200
96 100 3456,432,1224,1200
97 100 3480,432,1224,1200
98 100 3480,432,1224,1200
99 100 3528,432,1224,1200
100 100 3528,432,1224,1200
101 100 3672,408,1224,1224
102 100 3672,408,1224,1224
103 100 3384,408,1224,1200
104 100 408,432,1224,1224
105 100 3384,408,1224,1200
106 100 3432,408,1224,1200
107 100 3432,408,1224,1200
108 100 3456,408,1224,1200
109 100 3456,408,1224,1200
110 100 3456,408,1224,1200
111 100 3456,408,1224,1200
112 100 3456,408,1224,1200
113 100 3456,408,1224,1200
114 100 3456,408,1224,1200
115 100 3456,408,1224,1200
116 100 3408,408,1224,1200
117 100 3408,408,1224,1200
118 100 3408,408,1224,1200
119 100 3408,408,1224,1200
120 100 432,432,1224,1224
121 100 3408,408,1224,1200
122 100 3408,408,1224,1200
123 100 3408,408,1224,1200
124 100 3408,408,1224,1200
125 100 3432,408,1224,1200
126 100 3432,408,1224,1200
127 100 3456,408,1224,1200
128 100 3456,408,1224,1200
129 100 3456,408,1224,1200
130 100 3456,408,1224,1200
131 100 3408,408,1224,1200
132 100 3408,408,1224,1200
133 100 0,408,1224,1224
134 100 0,408,1224,1224
135 100 3552,432,1224,1200
136 100 3552,432,1224,1200
137 100 3456,432,1224,1200
138 100 3456,432,1224,1200
139 100 3600,432,1224,1224
140 100 3600,432,1224,1224
141 100 3504,480,1224,1200
142 100 3504,480,1224,1200
143 100 3552,528,1224,1200
144 100 3552,528,1224,1200
145 100 0,552,1224,1224
146 100 0,552,1224,1224
147 100 24,552,1224,1224
148 100 24,552,1224,1224
149 100 72,552,1224,1224
150 100 72,552,1224,1224
151 100 120,552,1224,1224
152 100 120,552,1224,1224
153 100 3384,552,1224,1200
154 100 3384,552,1224,1200
155 100 3408,552,1224,1200
156 100 3408,552,1224,1200
157 100 3456,552,1224,1200
158 100 3456,552,1224,1200
159 100 0,552,1224,1200
160 100 0,552,1224,1200
161 100 0,552,1224,1200
162 100 504,456,1224,1200
163 100 0,552,1224,1200
164 100 0,552,1224,1200
165 100 0,552,1224,1200
166 100 0,552,1224,1200
167 100 0,552,1224,1200
168 100 24,552,1224,1200
169 100 24,552,1224,1200
170 100 48,528,1224,1224
171 100 48,528,1224,1224
172 100 48,528,1224,1224
173 100 48,528,1224,1224
174 100 72,528,1224,1224
175 100 72,528,1224,1224
176 100 96,528,1224,1224
177 100 96,528,1224,1224
178 100 96,528,1224,1224
179 100 96,528,1224,1224
180 100 144,528,1224,1224
181 100 144,528,1224,1224
182 100 120,528,1224,1224
183 100 528,456,1224,1200
184 100 120,528,1224,1224
185 100 120,528,1224,1224
186 100 120,528,1224,1224
187 100 3384,528,1224,1200
188 100 3384,528,1224,1200
189 100 3408,528,1224,1200
190 100 3408,528,1224,1200
191 100 120,528,1224,1224
192 100 576,456,1224,1200
193 100 120,528,1224,1224
194 100 120,528,1224,1224
195 100 120,528,1224,1224
196 100 96,528,1224,1224
197 100 96,528,1224,1224
198 100 96,528,1224,1224
199 100 96,528,1224,1224
200 100 3384,528,1224,1200
201 100 3384,528,1224,1200
202 100 96,528,1224,1224
203 100 96,528,1224,1224
204 100 72,528,1224,1224
205 100 72,528,1224,1224
206 100 96,528,1224,1224
207 100 96,528,1224,1224
208 100 120,528,1224,1224
209 100 120,528,1224,1224
210 100 96,528,1224,1224
211 100 96,528,1224,1224
212 100 120,528,1224,1224
213 100 120,528,1224,1224
214 100 144,528,1224,1224
215 100 144,528,1224,1224
216 100 120,528,1224,1224
217 100 120,528,1224,1224
218 100 120,528,1224,1224
219 100 120,528,1224,1224
220 100 120,528,1224,1224
221 100 120,528,1224,1224
222 100 144,528,1224,1224
223 100 144,528,1224,1224
224 100 648,456,1224,1200
225 100 120,528,1224,1224
226 100 120,528,1224,1224
227 100 144,528,1224,1224
228 100 144,528,1224,1224
229 100 3384,528,1224,1200
230 100 3384,528,1224,1200
231 100 3408,528,1224,1200
232 100 3408,528,1224,1200
233 100 3432,528,1224,1200
234 100 3432,528,1224,1200
235 100 3456,528,1224,1200
236 100 3456,528,1224,1200
237 100 0,528,1224,1200
238 100 0,528,1224,1200
239 100 24,504,1224,1224
240 100 24,504,1224,1224
241 100 48,504,1224,1224
242 100 48,504,1224,1224
243 100 24,528,1224,1200
244 100 24,528,1224,1200
245 100 24,528,1224,1200
246 100 24,528,1224,1200
247 100 48,504,1224,1224
248 100 48,504,1224,1224
249 100 96,504,1224,1224
250 100 3504,240,1224,1200
251 100 96,504,1224,1224
252 100 48,504,1224,1224
253 100 48,504,1224,1224
254 100 24,528,1224,1200
255 100 24,528,1224,1200
256 100 24,528,1224,1200
257 100 24,528,1224,1200
258 100 0,528,1224,1200
259 100 0,528,1224,1200
260 100 3480,528,1224,1200
261 100 3480,528,1224,1200
262 100 3408,528,1224,1200
263 100 3408,528,1224,1200
264 100 48,552,1224,1200
265 100 48,552,1224,1200
266 100 3408,552,1224,1200
267 100 3408,552,1224,1200
268 100 72,552,1224,1224
269 100 72,552,1224,1224
270 100 0,576,1224,1200
271 100 0,576,1224,1200
272 100 0,600,1224,1200
273 100 0,600,1224,1200
274 100 768,456,1224,1200
275 100 0,648,1224,1224
276 100 24,696,1224,1200
277 100 24,696,1224,1200
278 100 0,720,1224,1200
279 100 0,720,1224,1200
280 100 24,720,1224,1224
281 100 24,720,1224,1224
282 100 48,744,1224,1224
283 100 48,744,1224,1224
284 100 24,768,1224,1200
285 100 24,768,1224,1200
286 100 0,768,1224,1224
287 100 0,768,1224,1224
288 100 72,792,1224,1200
289 100 72,792,1224,1200
290 100 0,792,1224,1200
291 100 0,792,1224,1200
292 100 24,768,1224,1224
293 100 816,456,1224,1224
294 100 24,768,1224,1224
295 100 48,768,1224,1224
296 100 48,768,1224,1224
297 100 0,768,1224,1200
298 100 0,768,1224,1200
299 100 0,744,1224,1200
300 100 0,744,1224,1200
301 100 48,744,1224,1200
302 100 48,744,1224,1200
303 100 0,744,1224,1200
304 100 0,744,1224,1200
305 100 0,744,1224,1200
306 100 0,744,1224,1200
307 100 24,744,1224,1200
308 100 24,744,1224,1200
309 100 24,720,1224,1224
310 100 24,720,1224,1224
311 100 24,720,1224,1224
312 100 24,720,1224,1224
313 100 24,720,1224,1224
314 100 24,720,1224,1224
315 100 24,720,1224,1224
316 100 24,720,1224,1224
317 100 24,720,1224,1224
318 100 24,720,1224,1224
319 100 24,720,1224,1224
320 100 24,720,1224,1224
321 100 0,720,1224,1200
322 100 0,720,1224,1200
323 100 864,480,1224,1200
324 100 0,720,1224,1200
325 100 0,720,1224,1200
326 100 0,720,1224,1200
327 100 0,720,1224,1200
328 100 0,720,1224,1200
329 100 0,720,1224,1200
330 100 24,720,1224,1200
331 100 24,720,1224,1200
332 100 360,456,1224,1200
333 100 0,720,1224,1200
334 100 0,720,1224,1200
335 100 0,720,1224,1200
336 100 888,480,1224,1200
337 100 0,720,1224,1200
338 100 24,720,1224,1200
339 100 24,720,1224,1200
340 100 24,720,1224,1200
341 100 24,720,1224,1200
342 100 24,720,1224,1200
343 100 24,720,1224,1200
344 100 888,456,1224,1224
345 100 24,720,1224,1200
346 100 24,720,1224,1200
347 100 24,720,1224,1200
348 100 24,720,1224,1200
349 100 24,720,1224,1200
350 100 24,720,1224,1200
351 100 0,696,1224,1224
352 100 0,696,1224,1224
353 100 24,696,1224,1200
354 100 24,696,1224,1200
355 100 0,672,1224,1200
356 100 0,672,1224,1200
357 100 72,624,1224,1224
358 100 72,624,1224,1224
359 100 192,624,1224,1200
360 100 192,624,1224,1200
361 100 240,600,1224,1224
362 100 240,600,1224,1224
363 100 888,456,1224,1200
364 100 288,600,1224,1200
365 100 288,600,1224,1200
366 100 312,600,1224,1200
367 100 312,600,1224,1200
368 100 312,600,1224,1200
369 100 312,600,1224,1200
370 100 336,576,1224,1224
371 100 336,576,1224,1224
372 100 360,576,1224,1200
373 100 360,576,1224,1200
374 100 384,576,1224,1200
375 100 384,576,1224,1200
376 100 384,576,1224,1200
377 100 384,576,1224,1200
378 100 384,576,1224,1200
379 100 384,576,1224,1200
380 100 408,576,1224,1200
381 100 408,576,1224,1200
382 100 936,456,1224,1200
383 100 432,576,1224,1200
384 100 432,576,1224,1200
385 100 432,576,1224,1200
386 100 432,576,1224,1200
387 100 432,576,1224,1200
388 100 432,576,1224,1200
389 100 432,576,1224,1200
390 100 432,576,1224,1200
391 100 384,456,1224,1200
392 100 432,576,1224,1200
393 100 432,576,1224,1200
394 100 432,576,1224,1200
395 100 936,456,1224,1200
396 100 432,576,1224,1200
397 100 432,576,1224,1200
398 100 432,576,1224,1200
399 100 408,552,1224,1224
400 100 408,552,1224,1224
401 100 408,576,1224,1200
402 100 408,576,1224,1200
403 100 408,576,1224,1200
404 100 408,576,1224,1200
405 100 408,576,1224,1200
406 100 408,576,1224,1200
407 100 408,576,1224,1200
408 100 408,576,1224,1200
409 100 408,552,1224,1224
410 100 408,552,1224,1224
411 100 408,552,1224,1224
412 100 408,552,1224,1224
413 100 408,552,1224,1224
414 100 408,552,1224,1224
415 100 408,552,1224,1200
416 100 408,552,1224,1200
417 100 432,528,1224,1224
418 100 432,528,1224,1224
419 100 432,528,1224,1200
420 100 432,528,1224,1200
421 100 432,504,1224,1224
422 100 432,504,1224,1224
423 100 480,504,1224,1200
424 100 480,504,1224,1200
425 100 504,504,1224,1200
426 100 504,504,1224,1200
427 100 552,504,1224,1200
428 100 552,504,1224,1200
429 100 600,504,1224,1200
430 100 600,504,1224,1200
431 100 648,504,1224,1200
432 100 648,504,1224,1200
433 100 672,480,1224,1224
434 100 672,480,1224,1224
435 100 672,504,1224,1200
436 100 672,504,1224,1200
437 100 696,504,1224,1200
438 100 696,504,1224,1200
439 100 696,504,1224,1200
440 100 696,504,1224,1200
441 100 720,480,1224,1224
442 100 720,480,1224,1224
443 100 720,480,1224,1200
444 100 720,480,1224,1200
445 100 720,480,1224,1200
446 100 720,480,1224,1200
447 100 720,480,1224,1200
448 100 720,480,1224,1200
449 100 408,456,1224,1200
450 100 744,480,1224,1200
451 100 744,480,1224,1200
452 100 744,480,1224,1200
453 100 744,480,1224,1200
454 100 744,456,1224,1224
455 100 744,456,1224,1224
456 100 768,456,1224,1224
457 100 768,456,1224,1224
458 100 768,456,1224,1224
459 100 768,456,1224,1224
460 100 768,456,1224,1224
461 100 768,456,1224,1224
462 100 792,456,1224,1200
463 100 792,456,1224,1200
464 100 792,456,1224,1200
465 100 792,456,1224,1200
466 100 816,456,1224,1200
467 100 816,456,1224,1200
468 100 816,456,1224,1200
469 100 816,456,1224,1200
470 100 840,456,1224,1200
471 100 840,456,1224,1200
472 100 840,456,1224,1224
473 100 840,456,1224,1224
474 100 864,480,1224,1200
475 100 864,480,1224,1200
476 100 888,480,1224,1200
477 100 888,480,1224,1200
478 100 912,504,1224,1200
479 100 912,504,1224,1200
480 100 960,528,1224,1200
481 100 960,528,1224,1200
482 100 1008,528,1224,1224
483 100 1008,528,1224,1224
484 100 1056,552,1224,1200
485 100 1056,552,1224,1200
486 100 1056,552,1224,1200
487 100 408,432,1224,1224
488 100 1056,552,1224,1200
489 100 1056,552,1224,1200
490 100 1056,552,1224,1200
491 100 1056,552,1224,1200
492 100 1056,552,1224,1200
493 100 1056,552,1224,1200
494 100 1056,552,1224,1200
495 100 1056,552,1224,1200
496 100 1056,552,1224,1200
497 100 1056,552,1224,1200
498 100 1056,552,1224,1200
499 100 1056,552,1224,1200
500 100 1056,552,1224,1200
501 100 1056,552,1224,1200
502 100 1056,552,1224,1200
503 100 1056,552,1224,1200
504 100 1056,552,1224,1200
505 100 1056,552,1224,1200
506 100 1056,552,1224,1200
507 100 1032,552,1224,1200
508 100 1032,552,1224,1200
509 100 1032,552,1224,1224
510 100 1032,552,1224,1224
511 100 1056,552,1224,1224
512 100 1056,552,1224,1224
513 100 1056,552,1224,1224
514 100 1056,552,1224,1224
515 100 1056,552,1224,1224
516 100 1056,552,1224,1224
517 100 1056,552,1224,1224
518 100 1056,552,1224,1224
519 100 1032,552,1224,1224
520 100 1032,552,1224,1224
521 100 1032,552,1224,1224
522 100 1032,552,1224,1224
523 100 1032,576,1224,1200
524 100 1032,576,1224,1200
525 100 1032,576,1224,1200
526 100 1032,576,1224,1200
527 100 1032,576,1224,1200
528 100 1032,576,1224,1200
529 100 1032,576,1224,1200
530 100 1032,576,1224,1200
531 100 1008,576,1224,1200
532 100 1008,576,1224,1200
533 100 1008,576,1224,1200
534 100 1008,576,1224,1200
535 100 984,576,1224,1200
536 100 984,576,1224,1200
537 100 984,576,1224,1200
538 100 984,576,1224,1200
539 100 984,576,1224,1200
540 100 984,576,1224,1200
541 100 984,576,1224,1200
542 100 984,576,1224,1200
543 100 984,576,1224,1200
544 100 984,576,1224,1200
545 100 984,576,1224,1200
546 100 984,576,1224,1200
547 100 984,576,1224,1200
548 100 984,576,1224,1200
549 100 984,576,1224,1224
550 100 984,576,1224,1224
551 100 960,576,1224,1224
552 100 960,576,1224,1224
553 100 960,600,1224,1200
554 100 960,600,1224,1200
555 100 0,1320,1224,840
556 100 960,600,1224,1200
557 100 960,600,1224,1200
558 100 960,600,1224,1224
559 100 960,600,1224,1224
560 100 960,600,1224,1224
561 100 960,600,1224,1224
562 100 960,600,1224,1200
563 100 960,600,1224,1200
564 100 960,600,1224,1200
565 100 960,600,1224,1200
566 100 984,600,1224,1200
567 100 984,600,1224,1200
568 100 984,600,1224,1200
569 100 984,600,1224,1200
570 100 984,600,1224,1200
571 100 984,600,1224,1200
572 100 984,600,1224,1200
573 100 984,600,1224,1200
574 100 984,600,1224,1200
575 100 984,600,1224,1200
576 100 984,576,1224,1224
577 100 984,576,1224,1224
578 100 1008,576,1224,1224
579 100 1008,576,1224,1224
580 100 1008,576,1224,1224
581 100 1008,576,1224,1224
582 100 1032,576,1224,1224
583 100 1032,576,1224,1224
584 100 1032,576,1224,1200
585 100 1032,576,1224,1200
586 100 1032,576,1224,1200
587 100 1032,576,1224,1200
588 100 1056,552,1224,1224
589 100 1056,552,1224,1224
590 100 1056,552,1224,1224
591 100 1056,552,1224,1224
592 100 1080,576,1224,1200
593 100 1080,576,1224,1200
594 100 1080,576,1224,1200
595 100 1080,576,1224,1200
596 100 1104,552,1224,1224
597 100 1104,552,1224,1224
598 100 1104,552,1224,1224
599 100 1104,552,1224,1224
600 100 1104,576,1224,1200
601 100 1104,576,1224,1200
602 100 1128,576,1224,1200
603 100 1128,576,1224,1200
604 100 1152,576,1224,1200
605 100 1152,576,1224,1200
606 100 1152,576,1224,1200
607 100 1152,576,1224,1200
608 100 1176,576,1224,1200
609 100 1176,576,1224,1200
610 100 1200,576,1224,1200
611 100 1200,576,1224,1200
612 100 1200,576,1224,1200
613 100 1200,576,1224,1200
614 100 1224,576,1224,1200
615 100 1224,576,1224,1200
616 100 1224,576,1224,1200
617 100 1224,576,1224,1200
618 100 1224,576,1224,1200
619 100 1224,576,1224,1200
620 100 1224,552,1224,1224
621 100 1224,552,1224,1224
622 100 1224,552,1224,1224
623 100 1224,552,1224,1224
624 100 1224,552,1224,1224
625 100 1224,552,1224,1224
626 100 1224,552,1224,1200
627 100 1224,552,1224,1200
628 100 1248,552,1224,1200
629 100 1248,552,1224,1200
630 100 1248,552,1224,1200
631 100 1248,552,1224,1200
632 100 1248,552,1224,1200
633 100 1248,552,1224,1200
634 100 1248,552,1224,1200
635 100 1248,552,1224,1200
636 100 1248,552,1224,1200
637 100 1248,552,1224,1200
638 100 1248,552,1224,1200
639 100 1248,552,1224,1200
640 100 1248,552,1224,1200
641 100 1248,552,1224,1200
642 100 1248,552,1224,1200
643 100 1248,552,1224,1200
644 100 1248,552,1224,1200
645 100 1248,552,1224,1200
646 100 1248,552,1224,1200
647 100 1248,552,1224,1200
648 100 1248,552,1224,1224
649 100 1248,552,1224,1224
650 100 1272,552,1224,1200
651 100 1272,552,1224,1200
652 100 1272,552,1224,1200
653 100 1272,552,1224,1200
654 100 1272,552,1224,1200
655 100 1272,552,1224,1200
656 100 1296,552,1224,1200
657 100 1296,552,1224,1200
658 100 1296,552,1224,1200
659 100 1296,552,1224,1200
660 100 1296,552,1224,1200
661 100 1296,552,1224,1200
662 100 1296,528,1224,1224
663 100 1296,528,1224,1224
664 100 1296,528,1224,1224
665 100 1296,528,1224,1224
666 100 480,432,1224,1200
667 100 1296,528,1224,1224
668 100 1296,528,1224,1224
669 100 1296,528,1224,1224
670 100 1296,528,1224,1224
671 100 1320,528,1224,1224
672 100 1320,528,1224,1224
673 100 1296,528,1224,1224
674 100 1296,528,1224,1224
675 100 1296,528,1224,1224
676 100 1296,528,1224,1224
677 100 1296,528,1224,1224
678 100 1296,528,1224,1224
679 100 1296,552,1224,1200
680 100 1296,552,1224,1200
681 100 1296,552,1224,1200
682 100 1296,552,1224,1200
683 100 1296,552,1224,1200
684 100 1296,552,1224,1200
685 100 1296,552,1224,1200
686 100 1296,552,1224,1200
687 100 1224,552,1224,1200
688 100 1224,552,1224,1200
689 100 1128,552,1224,1200
690 100 1128,552,1224,1200
691 100 960,552,1224,1200
692 100 960,552,1224,1200
693 100 792,528,1224,1224
694 100 792,528,1224,1224
695 100 624,528,1224,1224
696 100 624,528,1224,1224
697 100 432,504,1224,1224
698 100 432,504,1224,1224
699 100 288,480,1224,1224
700 100 288,480,1224,1224
701 100 168,456,1224,1224
702 100 168,456,1224,1224
703 100 96,432,1224,1224
704 100 96,432,1224,1224
705 100 48,432,1224,1224
706 100 48,432,1224,1224
707 100 0,456,1224,1200
708 100 0,456,1224,1200
709 100 24,456,1224,1224
710 100 24,456,1224,1224
711 100 0,480,1224,1200
712 100 0,480,1224,1200
713 100 0,480,1224,1200
714 100 0,480,1224,1200
715 100 0,480,1224,1200
716 100 0,480,1224,1200
717 100 0,480,1224,1200
718 100 0,480,1224,1200
719 100 480,432,1224,1224
720 100 0,480,1224,1200
721 100 0,480,1224,1200
722 100 0,480,1224,1200
723 100 0,480,1224,1200
724 100 0,480,1224,1200
725 100 0,480,1224,1200
726 100 0,480,1224,1200
727 100 0,480,1224,1200
728 100 0,480,1224,1224
729 100 0,480,1224,1224
730 100 0,480,1224,1224
731 100 0,480,1224,1224
732 100 0,480,1224,1224
733 100 0,480,1224,1224
734 100 0,480,1224,1224
735 100 0,480,1224,1224
736 100 0,480,1224,1224
737 100 0,480,1224,1224
738 100 0,480,1224,1224
739 100 0,480,1224,1224
740 100 0,480,1224,1200
741 100 0,480,1224,1200
742 100 0,480,1224,1224
743 100 0,480,1224,1224
744 100 0,480,1224,1224
745 100 0,480,1224,1224
746 100 0,480,1224,1224
747 100 0,480,1224,1224
748 100 0,480,1224,1224
749 100 0,480,1224,1224
750 100 0,480,1224,1224
751 100 0,480,1224,1224
752 100 0,480,1224,1224
753 100 0,480,1224,1224
754 100 0,480,1224,1224
755 100 0,480,1224,1224
756 100 0,480,1224,1224
757 100 0,480,1224,1224
758 100 0,480,1224,1224
759 100 0,480,1224,1224
760 100 72,480,1224,1224
761 100 72,480,1224,1224
762 100 240,504,1224,1200
763 100 240,504,1224,1200
764 100 408,504,1224,1200
765 100 408,504,1224,1200
766 100 624,504,1224,1200
767 100 624,504,1224,1200
768 100 840,504,1224,1200
769 100 840,504,1224,1200
770 100 1008,504,1224,1200
771 100 1008,504,1224,1200
772 100 1200,504,1224,1200
773 100 1200,504,1224,1200
774 100 1320,504,1224,1200
775 100 720,456,1224,1200
776 100 1320,504,1224,1200
777 100 1440,504,1224,1200
778 100 1440,504,1224,1200
779 100 1488,528,1224,1200
780 100 1488,528,1224,1200
781 100 1512,528,1224,1224
782 100 1512,528,1224,1224
783 100 1464,552,1224,1200
784 100 1464,552,1224,1200
785 100 1440,552,1224,1200
786 100 1440,552,1224,1200
787 100 1392,552,1224,1224
788 100 1392,552,1224,1224
789 100 1368,552,1224,1224
790 100 1368,552,1224,1224
791 100 1344,576,1224,1200
792 100 1344,576,1224,1200
793 100 1368,576,1224,1200
794 100 1368,576,1224,1200
795 100 1368,552,1224,1224
796 100 1368,552,1224,1224
797 100 1392,552,1224,1224
798 100 1392,552,1224,1224
799 100 1392,576,1224,1200
800 100 480,432,1224,1224
801 100 1392,576,1224,1200
802 100 1368,552,1224,1224
803 100 1368,552,1224,1224
804 100 1344,552,1224,1224
805 100 1344,552,1224,1224
806 100 1320,552,1224,1224
807 100 1320,552,1224,1224
808 100 1320,576,1224,1200
809 100 1320,576,1224,1200
810 100 1296,552,1224,1224
811 100 1296,552,1224,1224
812 100 1296,576,1224,1200
813 100 1296,576,1224,1200
814 100 1272,576,1224,1200
815 100 1272,576,1224,1200
816 100 1248,576,1224,1224
817 100 1248,576,1224,1224
818 100 1224,600,1224,1200
819 100 1224,600,1224,1200
820 100 1200,600,1224,1200
821 100 1200,600,1224,1200
822 100 1176,576,1224,1224
823 100 1176,576,1224,1224
824 100 1152,600,1224,1200
825 100 1152,600,1224,1200
826 100 1128,600,1224,1200
827 100 1128,600,1224,1200
828 100 1080,624,1224,1200
829 100 1080,624,1224,1200
830 100 1080,624,1224,1224
831 100 1080,624,1224,1224
832 100 1104,624,1224,1200
833 100 1104,624,1224,1200
834 100 1080,624,1224,1224
835 100 1080,624,1224,1224
836 100 1056,648,1224,1200
837 100 1056,648,1224,1200
838 100 1032,648,1224,1200
839 100 1032,648,1224,1200
840 100 1032,648,1224,1200
841 100 1032,648,1224,1200
842 100 1032,648,1224,1200
843 100 1032,648,1224,1200
844 100 1032,648,1224,1200
845 100 1032,648,1224,1200
846 100 1056,648,1224,1200
847 100 1056,648,1224,1200
848 100 1056,624,1224,1224
849 100 1056,624,1224,1224
850 100 1056,624,1224,1224
851 100 1056,624,1224,1224
852 100 1032,624,1224,1224
853 100 1032,624,1224,1224
854 100 1056,624,1224,1224
855 100 1056,624,1224,1224
856 100 1032,624,1224,1224
857 100 1032,624,1224,1224
858 100 1032,624,1224,1224
859 100 1032,624,1224,1224
860 100 1032,624,1224,1224
861 100 1032,624,1224,1224
862 100 1032,624,1224,1224
863 100 1032,624,1224,1224
864 100 1032,624,1224,1224
865 100 1032,624,1224,1224
866 100 1032,624,1224,1224
867 100 1032,624,1224,1224
868 100 1032,624,1224,1224
869 100 1032,624,1224,1224
870 100 1032,624,1224,1224
871 100 1032,624,1224,1224
872 100 1032,624,1224,1224
873 100 1032,624,1224,1224
874 100 1032,624,1224,1224
875 100 1032,624,1224,1224
876 100 1032,624,1224,1224
877 100 1032,624,1224,1224
878 100 1032,624,1224,1224
879 100 1032,624,1224,1224
880 100 1032,648,1224,1200
881 100 1032,648,1224,1200
882 100 1032,624,1224,1224
883 100 1032,624,1224,1224
884 100 1008,648,1224,1200
885 100 1008,648,1224,1200
886 100 1008,648,1224,1200
887 100 1008,648,1224,1200
888 100 1008,648,1224,1200
889 100 1008,648,1224,1200
890 100 1008,648,1224,1200
891 100 1008,648,1224,1200
892 100 1008,648,1224,1200
893 100 1008,648,1224,1200
894 100 1008,648,1224,1200
895 100 1008,648,1224,1200
896 100 1008,648,1224,1200
897 100 1008,648,1224,1200
898 100 1008,648,1224,1200
899 100 1008,648,1224,1200
900 100 984,648,1224,1200
901 100 984,648,1224,1200
902 100 984,648,1224,1200
903 100 984,648,1224,1200
904 100 984,648,1224,1200
905 100 984,648,1224,1200
906 100 984,624,1224,1200
907 100 984,624,1224,1200
908 100 984,624,1224,1200
909 100 984,624,1224,1200
910 100 3216,480,1224,1224
911 100 984,624,1224,1200
912 100 984,624,1224,1200
913 100 1008,624,1224,1200
914 100 1008,624,1224,1200
915 100 1008,648,1224,1200
916 100 1008,648,1224,1200
917 100 984,672,1224,1200
918 100 984,672,1224,1200
919 100 576,456,1224,1200
920 100 984,672,1224,1200
921 100 984,672,1224,1200
922 100 984,672,1224,1200
923 100 984,672,1224,1200
924 100 984,648,1224,1200
925 100 984,648,1224,1200
926 100 1008,648,1224,1200
927 100 1008,648,1224,1200
928 100 1032,624,1224,1224
929 100 1032,624,1224,1224
930 100 1104,624,1224,1200
931 100 1104,624,1224,1200
932 100 1152,600,1224,1224
933 100 1152,600,1224,1224
934 100 1224,600,1224,1200
935 100 1224,600,1224,1200
936 100 1296,576,1224,1224
937 100 1296,576,1224,1224
938 100 1368,576,1224,1200
939 100 1368,576,1224,1200
940 100 1464,576,1224,1200
941 100 1464,576,1224,1200
942 100 1536,576,1224,1224
943 100 1536,576,1224,1224
944 100 1608,576,1224,1224
945 100 1608,576,1224,1224
946 100 1656,576,1224,1224
947 100 1656,576,1224,1224
948 100 1680,576,1224,1224
949 100 1680,576,1224,1224
950 100 1680,576,1224,1224
951 100 1680,576,1224,1224
952 100 1680,576,1224,1224
953 100 1680,576,1224,1224
954 100 1680,600,1224,1200
955 100 1680,600,1224,1200
956 100 1704,600,1224,1200
957 100 1704,600,1224,1200
958 100 1728,600,1224,1200
959 100 1728,600,1224,1200
960 100 1704,600,1224,1200
961 100 1704,600,1224,1200
962 100 1680,600,1224,1200
963 100 1680,600,1224,1200
964 100 1704,576,1224,1224
965 100 1704,576,1224,1224
966 100 1728,576,1224,1224
967 100 1728,576,1224,1224
968 100 1728,576,1224,1200
969 100 1728,576,1224,1200
970 100 1728,552,1224,1224
971 100 1728,552,1224,1224
972 100 1728,552,1224,1200
973 100 1728,552,1224,1200
974 100 1728,528,1224,1224
975 100 1728,528,1224,1224
976 100 1728,528,1224,1224
977 100 1752,504,1224,1224
978 100 1752,504,1224,1224
979 100 1800,504,1224,1224
980 100 1800,504,1224,1224
981 100 1872,504,1224,1224
982 100 1920,504,1224,1224
983 100 1920,504,1224,1224
984 100 1920,504,1224,1224
985 100 1992,504,1224,1224
986 100 1992,504,1224,1224
987 100 1992,504,1224,1224
988 100 1992,504,1224,1224
989 100 1992,504,1224,1224
990 100 1992,504,1224,1224
991 100 1992,504,1224,1200
992 100 1968,504,1224,1224
993 100 1968,504,1224,1224
994 100 1968,504,1224,1200
995 100 1944,504,1224,1200
996 100 1944,504,1224,1200
997 100 1920,504,1224,1200
998 100 1920,504,1224,1224
999 100 1896,504,1224,1224
1000 100 1896,504,1224,1200
1001 100 1896,504,1224,1200
1002 100 1896,504,1224,1200
1003 100 1896,504,1224,1200
1004 100 1896,504,1224,1200
1005 100 1872,504,1224,1200
1006 100 1872,504,1224,1200
1007 100 1872,504,1224,1200
1008 100 1872,504,1224,1200
1009 100 1872,504,1224,1200
1010 100 1872,504,1224,1200
1011 100 1872,504,1224,1200
1012 100 1872,504,1224,1200
1013 100 1872,504,1224,1200
1014 100 1872,504,1224,1200
1015 100 1872,504,1224,1200
1016 100 1872,504,1224,1200
1017 100 1872,504,1224,1200
1018 100 1872,504,1224,1200
1019 100 1872,504,1224,1200
1020 100 1872,504,1224,1200
1021 100 1872,504,1224,1200
1022 100 1872,504,1224,1200
1023 100 1872,504,1224,1200
1024 100 1872,504,1224,1200
1025 100 1872,504,1224,1200
1026 100 1872,504,1224,1200
1027 100 1872,504,1224,1200
1028 100 1872,504,1224,1200
1029 100 1872,504,1224,1224
1030 100 1872,504,1224,1224
1031 100 1872,504,1224,1200
1032 100 1872,504,1224,1200
1033 100 1872,504,1224,1200
1034 100 1872,504,1224,1200
1035 100 1872,504,1224,1200
1036 100 1872,504,1224,1200
1037 100 1872,504,1224,1200
1038 100 1872,504,1224,1200
1039 100 1872,504,1224,1224
1040 100 1872,504,1224,1224
1041 100 1896,504,1224,1224
1042 100 1896,504,1224,1224
1043 100 1896,504,1224,1224
1044 100 1896,504,1224,1224
1045 100 1872,504,1224,1224
1046 100 1872,504,1224,1224
1047 100 1896,504,1224,1224
1048 100 1896,504,1224,1224
1049 100 1896,504,1224,1224
1050 100 1896,504,1224,1224
1051 100 1896,504,1224,1224
1052 100 1896,504,1224,1224
1053 100 1896,504,1224,1224
1054 100 1896,504,1224,1224
1055 100 1896,504,1224,1224
1056 100 1896,504,1224,1224
1057 100 1872,504,1224,1224
1058 100 1872,504,1224,1224
1059 100 1848,504,1224,1224
1060 100 1848,504,1224,1224
1061 100 1776,504,1224,1200
1062 100 1776,504,1224,1200
1063 100 1680,480,1224,1224
1064 100 1680,480,1224,1224
1065 100 1584,504,1224,1200
1066 100 1584,504,1224,1200
1067 100 1488,504,1224,1200
1068 100 1488,504,1224,1200
1069 100 1440,504,1224,1200
1070 100 1440,504,1224,1200
1071 100 1416,504,1224,1200
1072 100 1416,504,1224,1200
1073 100 1392,504,1224,1200
1074 100 1392,504,1224,1200
1075 100 1392,504,1224,1200
1076 100 1392,504,1224,1200
1077 100 1392,504,1224,1200
1078 100 1392,504,1224,1200
1079 100 1392,504,1224,1200
1080 100 1392,504,1224,1200
1081 100 1392,504,1224,1200
1082 100 1392,504,1224,1200
1083 100 1416,504,1224,1200
1084 100 1416,504,1224,1200
1085 100 1416,504,1224,1200
1086 100 1416,504,1224,1200
1087 100 1440,480,1224,1224
1088 100 1440,480,1224,1224
1089 100 1440,480,1224,1224
1090 100 1440,480,1224,1224
1091 100 1464,480,1224,1200
1092 100 1464,480,1224,1200
1093 100 1464,480,1224,1200
1094 100 1464,480,1224,1200
1095 100 1488,480,1224,1200
1096 100 1488,480,1224,1200
1097 100 1512,456,1224,1200
1098 100 1512,456,1224,1200
1099 100 1536,408,1224,1224
1100 100 1536,408,1224,1224
1101 100 1608,408,1224,1200
1102 100 1608,408,1224,1200
1103 100 1656,384,1224,1224
1104 100 1656,384,1224,1224
1105 100 1704,408,1224,1224
1106 100 1704,408,1224,1224
1107 100 1728,432,1224,1224
1108 100 1728,432,1224,1224
1109 100 1728,432,1224,1224
1110 100 1728,432,1224,1224
1111 100 1752,456,1224,1200
1112 100 1752,456,1224,1200
1113 100 1752,456,1224,1224
1114 100 1752,456,1224,1224
1115 100 1752,456,1224,1224
1116 100 1752,456,1224,1224
1117 100 1728,456,1224,1224
1118 100 1728,456,1224,1224
1119 100 1728,456,1224,1224
1120 100 1728,456,1224,1224
1121 100 1728,480,1224,1200
1122 100 1728,480,1224,1200
1123 100 1728,480,1224,1200
1124 100 1728,480,1224,1200
1125 100 1728,480,1224,1200
1126 100 1728,480,1224,1200
1127 100 1728,456,1224,1224
1128 100 1728,456,1224,1224
1129 100 1728,456,1224,1224
1130 100 1728,456,1224,1224
1131 100 1728,456,1224,1224
1132 100 1728,456,1224,1224
1133 100 1704,456,1224,1200
1134 100 1704,456,1224,1200
1135 100 1704,456,1224,1224
1136 100 1704,456,1224,1224
1137 100 1704,456,1224,1224
1138 100 1704,456,1224,1224
1139 100 1704,480,1224,1200
1140 100 1704,480,1224,1200
1141 100 1704,480,1224,1200
1142 100 1704,480,1224,1200
1143 100 1680,480,1224,1200
1144 100 1680,480,1224,1200
1145 100 1656,480,1224,1200
1146 100 1656,480,1224,1200
1147 100 1656,456,1224,1224
1148 100 1656,456,1224,1224
1149 100 1656,456,1224,1224
1150 100 1656,456,1224,1224
1151 100 1656,456,1224,1200
1152 100 1656,456,1224,1200
1153 100 1632,456,1224,1200
1154 100 1632,456,1224,1200
1155 100 1632,456,1224,1200
1156 100 1632,456,1224,1200
1157 100 1632,456,1224,1200
1158 100 1632,456,1224,1200
1159 100 1656,456,1224,1200
1160 100 1656,456,1224,1200
1161 100 1656,456,1224,1224
1162 100 1656,456,1224,1224
1163 100 1656,504,1224,1200
1164 100 1656,504,1224,1200
1165 100 1656,504,1224,1224
1166 100 1656,504,1224,1224
1167 100 1632,504,1224,1224
1168 100 1632,504,1224,1224
1169 100 1584,528,1224,1224
1170 100 1584,528,1224,1224
1171 100 1536,528,1224,1224
1172 100 1536,528,1224,1224
1173 100 1512,552,1224,1224
1174 100 1512,552,1224,1224
1175 100 1464,552,1224,1200
1176 100 1392,528,1224,1200
1177 100 1392,504,1224,1224
1178 100 1392,504,1224,1224
1179 100 1392,528,1224,1200
1180 100 1392,528,1224,1200
1181 100 1416,528,1224,1224
1182 100 1416,528,1224,1224
1183 100 1440,552,1224,1200
1184 100 1440,552,1224,1200
1185 100 1464,552,1224,1200
1186 100 1464,552,1224,1200
1187 100 1464,552,1224,1224
1188 100 1464,552,1224,1224
1189 100 1464,552,1224,1224
1190 100 1464,552,1224,1224
1191 100 1464,552,1224,1200
1192 100 1464,552,1224,1200
1193 100 1464,528,1224,1224
1194 100 1464,528,1224,1224
1195 100 1488,504,1224,1224
1196 100 1488,504,1224,1224
1197 100 1512,528,1224,1224
1198 100 1512,528,1224,1224
1199 100 1512,528,1224,1200
1200 100 1512,528,1224,1200
1201 100 1512,504,1224,1224
1202 100 1512,504,1224,1224
1203 100 1536,528,1224,1200
1204 100 1536,528,1224,1200
1205 100 1560,552,1224,1200
1206 100 1560,552,1224,1200
1207 100 1560,528,1224,1224
1208 100 1560,528,1224,1224
1209 100 1560,528,1224,1200
1210 100 1560,528,1224,1200
1211 100 1560,528,1224,1200
1212 100 1560,528,1224,1200
1213 100 1560,528,1224,1224
1214 100 1560,528,1224,1224
1215 100 1560,528,1224,1200
1216 100 1560,528,1224,1200
1217 100 1560,528,1224,1200
1218 100 1560,528,1224,1200
1219 100 1584,528,1224,1200
1220 100 1584,504,1224,1224
1221 100 1584,504,1224,1224
1222 100 1584,504,1224,1224
1223 100 1584,504,1224,1224
1224 100 1584,504,1224,1224
1225 100 1608,504,1224,1224
1226 100 1608,504,1224,1224
1227 100 1608,504,1224,1224
1228 100 1608,504,1224,1224
1229 100 1608,504,1224,1224
1230 100 1608,504,1224,1224
1231 100 1608,528,1224,1200
1232 100 1608,528,1224,1200
1233 100 744,456,1224,1200
1234 100 1608,504,1224,1224
1235 100 1608,528,1224,1200
1236 100 1608,528,1224,1200
1237 100 1608,528,1224,1200
1238 100 1608,528,1224,1200
1239 100 1608,528,1224,1200
1240 100 1608,528,1224,1200
1241 100 1584,528,1224,1200
1242 100 1584,528,1224,1200
1243 100 1584,504,1224,1224
1244 100 1584,504,1224,1224
1245 100 1560,480,1224,1224
1246 100 1560,480,1224,1224
1247 100 1584,504,1224,1200
1248 100 1584,504,1224,1200
1249 100 1584,504,1224,1224
1250 100 1584,504,1224,1224
1251 100 1584,504,1224,1224
1252 100 1584,504,1224,1224
1253 100 1560,528,1224,1200
1254 100 1560,528,1224,1200
1255 100 1560,528,1224,1224
1256 100 1560,528,1224,1224
1257 100 1560,528,1224,1200
1258 100 1560,528,1224,1200
1259 100 1584,528,1224,1200
1260 100 1584,528,1224,1200
1261 100 1584,528,1224,1200
1262 100 1584,528,1224,1200
1263 100 1560,528,1224,1224
1264 100 1584,528,1224,1224
1265 100 1584,528,1224,1224
1266 100 1584,528,1224,1224
1267 100 1584,528,1224,1224
1268 100 1584,528,1224,1200
1269 100 1584,528,1224,1200
1270 100 1584,504,1224,1224
1271 100 1584,504,1224,1224
1272 100 1584,528,1224,1200
1273 100 1584,528,1224,1200
1274 100 1608,528,1224,1200
1275 100 1608,528,1224,1200
1276 100 1608,528,1224,1224
1277 100 1608,528,1224,1224
1278 100 1608,528,1224,1224
1279 100 1608,528,1224,1224
1280 100 1584,528,1224,1224
1281 100 1584,528,1224,1224
1282 100 1584,528,1224,1224
1283 100 1584,528,1224,1224
1284 100 1584,528,1224,1224
1285 100 1584,528,1224,1224
1286 100 1584,528,1224,1224
1287 100 1584,528,1224,1224
1288 100 1584,528,1224,1224
1289 100 1584,528,1224,1224
1290 100 1584,528,1224,1200
1291 100 1584,528,1224,1200
1292 100 1584,528,1224,1200
1293 100 1584,528,1224,1200
1294 100 1584,528,1224,1200
1295 100 1584,528,1224,1200
1296 100 1584,504,1224,1224
1297 100 1584,504,1224,1224
1298 100 1584,528,1224,1200
1299 100 1584,528,1224,1200
1300 100 1584,528,1224,1200
1301 100 1584,528,1224,1200
1302 100 1608,528,1224,1224
1303 100 1608,528,1224,1224
1304 100 1608,528,1224,1224
1305 100 1608,528,1224,1224
1306 100 1608,528,1224,1224
1307 100 1608,528,1224,1200
1308 100 360,456,1224,1200
1309 100 1608,528,1224,1200
1310 100 1608,504,1224,1224
1311 100 1608,504,1224,1224
1312 100 1608,528,1224,1200
1313 100 1608,528,1224,1200
1314 100 1584,528,1224,1200
1315 100 1584,528,1224,1200
1316 100 1560,528,1224,1200
1317 100 1560,528,1224,1200
1318 100 1560,528,1224,1224
1319 100 1560,528,1224,1224
1320 100 1584,528,1224,1224
1321 100 1584,528,1224,1224
1322 100 1584,528,1224,1224
1323 100 1584,528,1224,1224
1324 100 1560,528,1224,1200
1325 100 1560,528,1224,1200
1326 100 1560,528,1224,1200
1327 100 1560,528,1224,1200
1328 100 1560,528,1224,1224
1329 100 1560,528,1224,1224
1330 100 1560,528,1224,1200
1331 100 1560,528,1224,1200
1332 100 1560,528,1224,1200
1333 100 1560,528,1224,1200
1334 100 1560,528,1224,1200
1335 100 1560,528,1224,1200
1336 100 1560,528,1224,1200
1337 100 1560,528,1224,1200
1338 100 1560,528,1224,1200
1339 100 1560,528,1224,1200
1340 100 1560,504,1224,1224
1341 100 1560,504,1224,1224
1342 100 1560,504,1224,1224
1343 100 1560,504,1224,1224
1344 100 1584,504,1224,1224
1345 100 1584,504,1224,1224
1346 100 816,456,1224,1224
1347 100 1584,528,1224,1200
1348 100 1584,528,1224,1200
1349 100 1584,528,1224,1224
1350 100 1584,528,1224,1224
1351 100 1584,552,1224,1200
1352 100 1584,552,1224,1200
1353 100 1584,552,1224,1200
1354 100 1584,552,1224,1200
1355 100 1560,504,1224,1224
1356 100 1560,504,1224,1224
1357 100 1512,456,1224,1224
1358 100 1512,456,1224,1224
1359 100 1536,480,1224,1224
1360 100 1536,480,1224,1224
1361 100 1560,552,1224,1224
1362 100 1560,552,1224,1224
1363 100 1560,576,1224,1200
1364 100 1560,576,1224,1200
1365 100 1560,552,1224,1200
1366 100 1560,552,1224,1200
1367 100 1536,528,1224,1224
1368 100 1536,528,1224,1224
1369 100 1512,528,1224,1200
1370 100 1512,528,1224,1200
1371 100 1512,528,1224,1200
1372 100 1512,528,1224,1224
1373 100 1512,528,1224,1224
1374 100 1512,552,1224,1200
1375 100 1512,552,1224,1200
1376 100 1512,528,1224,1224
1377 100 1512,528,1224,1224
1378 100 1488,528,1224,1224
1379 100 1488,528,1224,1224
1380 100 1488,552,1224,1200
1381 100 1488,552,1224,1200
1382 100 1488,552,1224,1200
1383 100 1488,552,1224,1200
1384 100 1440,552,1224,1200
1385 100 1440,552,1224,1200
1386 100 1440,552,1224,1200
1387 100 1440,552,1224,1200
1388 100 1440,552,1224,1200
1389 100 1440,552,1224,1200
1390 100 1440,552,1224,1200
1391 100 1440,552,1224,1200
1392 100 1464,528,1224,1224
1393 100 1464,528,1224,1224
1394 100 1440,504,1224,1224
1395 100 1440,504,1224,1224
1396 100 1416,504,1224,1200
1397 100 1416,504,1224,1200
1398 100 1392,456,1224,1200
1399 100 1392,456,1224,1200
1400 100 1368,432,1224,1200
1401 100 1368,432,1224,1200
1402 100 1344,408,1224,1200
1403 100 1344,408,1224,1200
1404 100 1344,384,1224,1224
1405 100 1344,384,1224,1224
1406 100 1344,384,1224,1200
1407 100 1344,384,1224,1200
1408 100 1344,384,1224,1200
1409 100 1344,384,1224,1200
1410 100 1344,384,1224,1200
1411 100 1344,384,1224,1200
1412 100 1344,384,1224,1200
1413 100 1344,384,1224,1200
1414 100 1320,384,1224,1200
1415 100 1320,384,1224,1200
1416 100 1320,384,1224,1200
1417 100 1320,384,1224,1200
1418 100 1320,384,1224,1200
1419 100 720,456,1224,1200
1420 100 1320,384,1224,1200
1421 100 1320,408,1224,1200
1422 100 1320,408,1224,1200
1423 100 1320,408,1224,1200
1424 100 1320,408,1224,1200
1425 100 1320,384,1224,1200
1426 100 840,480,1224,1200
1427 100 1296,384,1224,1200
1428 100 1296,384,1224,1200
1429 100 1320,384,1224,1224
1430 100 1320,384,1224,1224
1431 100 1320,408,1224,1200
1432 100 1320,408,1224,1200
1433 100 1320,384,1224,1224
1434 100 1320,384,1224,1224
1435 100 1320,408,1224,1200
1436 100 1320,408,1224,1200
1437 100 1320,408,1224,1200
1438 100 1320,408,1224,1200
1439 100 1320,408,1224,1200
1440 100 1320,408,1224,1200
1441 100 1320,408,1224,1224
1442 100 1320,408,1224,1224
1443 100 1320,408,1224,1224
1444 100 1320,408,1224,1224
1445 100 1320,432,1224,1200
1446 100 1320,432,1224,1200
1447 100 1320,432,1224,1200
1448 100 1320,432,1224,1200
1449 100 0,648,1224,1224
1450 100 1320,432,1224,1200
1451 100 1320,432,1224,1200
1452 100 1320,408,1224,1224
1453 100 1320,408,1224,1224
1454 100 1320,408,1224,1224
1455 100 1320,408,1224,1224
1456 100 1320,408,1224,1224
1457 100 1320,408,1224,1224
1458 100 1320,432,1224,1200
1459 100 1320,432,1224,1200
1460 100 1320,408,1224,1224
1461 100 1320,408,1224,1224
1462 100 1320,408,1224,1224
1463 100 1320,408,1224,1224
1464 100 1320,408,1224,1224
1465 100 1320,408,1224,1224
1466 100 1320,408,1224,1224
1467 100 1320,408,1224,1224
1468 100 1320,408,1224,1200
1469 100 1320,408,1224,1200
1470 100 1320,408,1224,1200
1471 100 1320,408,1224,1200
1472 100 1296,384,1224,1224
1473 100 1296,384,1224,1224
1474 100 1272,360,1224,1200
1475 100 1272,360,1224,1200
1476 100 1224,312,1224,1200
1477 100 1224,312,1224,1200
1478 100 1200,288,1224,1200
1479 100 1200,288,1224,1200
1480 100 1176,264,1224,1200
1481 100 1176,264,1224,1200
1482 100 1176,264,1224,1200
1483 100 1176,264,1224,1200
1484 100 1152,240,1224,1224
1485 100 1152,240,1224,1224
1486 100 1152,240,1224,1224
1487 100 1152,240,1224,1224
1488 100 1128,240,1224,1200
1489 100 1128,240,1224,1200
1490 100 1104,216,1224,1224
1491 100 1104,216,1224,1224
1492 100 1104,216,1224,1224
1493 100 1104,216,1224,1224
1494 100 1080,216,1224,1200
1495 100 1080,216,1224,1200
1496 100 1056,192,1224,1224
1497 100 1056,192,1224,1224
1498 100 1056,192,1224,1224
1499 100 1056,192,1224,1224
1500 100 1008,168,1224,1224
1501 100 1008,168,1224,1224
1502 100 936,168,1224,1200
1503 100 936,168,1224,1200
1504 100 912,144,1224,1200
1505 100 864,480,1224,1200
1506 100 912,144,1224,1200
1507 100 864,120,1224,1200
1508 100 864,120,1224,1200
1509 100 840,96,1224,1224
1510 100 840,96,1224,1224
1511 100 792,72,1224,1224
1512 100 792,72,1224,1224
1513 100 768,72,1224,1224
1514 100 768,72,1224,1224
1515 100 720,72,1224,1200
1516 100 720,72,1224,1200
1517 100 696,72,1224,1200
1518 100 696,72,1224,1200
1519 100 648,48,1224,1224
1520 100 648,48,1224,1224
1521 100 624,48,1224,1200
1522 100 624,48,1224,1200
1523 100 0,24,1224,1224
1524 100 0,24,1224,1224
1525 100 0,24,1224,1200
1526 100 0,24,1224,1200
1527 100 288,24,1224,1200
1528 100 288,24,1224,1200
1529 100 0,24,1224,1200
1530 100 0,24,1224,1200
1531 100 0,24,1224,1176
1532 100 0,24,1224,1176
1533 100 144,24,1224,1176
1534 100 144,24,1224,1176
1535 100 48,24,1224,1176
1536 100 48,24,1224,1176
1537 100 120,24,1224,1176
1538 100 120,24,1224,1176
1539 100 48,24,1224,1176
1540 100 48,24,1224,1176
1541 100 192,24,1224,1200
1542 100 192,24,1224,1200
1543 100 432,48,1224,1224
1544 100 432,48,1224,1224
1545 100 456,96,1224,1224
1546 100 456,96,1224,1224
1547 100 480,144,1224,1224
1548 100 480,144,1224,1224
1549 100 528,216,1224,1200
1550 100 528,216,1224,1200
1551 100 528,264,1224,1200
1552 100 528,264,1224,1200
1553 100 552,288,1224,1224
1554 100 552,288,1224,1224
1555 100 552,312,1224,1200
1556 100 552,312,1224,1200
1557 100 552,336,1224,1200
1558 100 552,336,1224,1200
1559 100 576,336,1224,1224
1560 100 576,336,1224,1224
1561 100 576,360,1224,1224
1562 100 576,360,1224,1224
1563 100 576,384,1224,1200
1564 100 576,384,1224,1200
1565 100 576,384,1224,1224
1566 100 576,384,1224,1224
1567 100 576,408,1224,1200
1568 100 576,408,1224,1200
1569 100 552,408,1224,1200
1570 100 552,408,1224,1200
1571 100 552,408,1224,1224
1572 100 552,408,1224,1224
1573 100 552,432,1224,1200
1574 100 552,432,1224,1200
1575 100 552,432,1224,1200
1576 100 552,432,1224,1200
1577 100 552,432,1224,1224
1578 100 552,432,1224,1224
1579 100 552,456,1224,1200
1580 100 552,456,1224,1200
1581 100 552,456,1224,1200
1582 100 552,456,1224,1200
1583 100 552,480,1224,1200
1584 100 552,480,1224,1200
1585 100 552,480,1224,1200
1586 100 552,480,1224,1200
1587 100 552,480,1224,1200
1588 100 552,480,1224,1200
1589 100 552,456,1224,1224
1590 100 552,456,1224,1224
1591 100 552,456,1224,1224
1592 100 552,456,1224,1224
1593 100 552,456,1224,1200
1594 100 552,456,1224,1200
1595 100 552,456,1224,1200
1596 100 552,456,1224,1200
1597 100 552,456,1224,1200
1598 100 552,456,1224,1200
1599 100 576,480,1224,1200
1600 100 576,480,1224,1200
1601 100 552,528,1224,1200
1602 100 552,528,1224,1200
1603 100 504,600,1224,1200
1604 100 504,600,1224,1200
1605 100 408,720,1224,1200
1606 100 408,720,1224,1200
1607 100 312,792,1224,1200
1608 100 312,792,1224,1200
1609 100 264,816,1224,1224
1610 100 264,816,1224,1224
1611 100 240,816,1224,1224
1612 100 240,816,1224,1224
1613 100 216,864,1224,1200
1614 100 216,864,1224,1200
1615 100 144,888,1224,1224
1616 100 144,888,1224,1224
1617 100 96,936,1224,1224
1618 100 96,936,1224,1224
1619 100 48,960,1224,1200
1620 100 48,960,1224,1200
1621 100 720,984,1224,1176
1622 100 720,984,1224,1176
1623 100 0,984,1224,1176
1624 100 0,984,1224,1176
1625 100 0,1008,1224,1152
1626 100 0,1008,1224,1152
1627 100 0,1008,1224,1152
1628 100 0,1008,1224,1152
1629 100 0,1008,1224,1152
1630 100 0,1008,1224,1152
1631 100 0,1008,1224,1152
1632 100 0,1008,1224,1152
1633 100 0,1008,1224,1152
1634 100 0,1008,1224,1152
1635 100 0,1032,1224,1128
1636 100 0,1032,1224,1128
1637 100 0,1032,1224,1128
1638 100 0,1032,1224,1128
1639 100 0,1056,1224,1104
1640 100 0,1056,1224,1104
1641 100 0,1080,1224,1080
1642 100 0,1080,1224,1080
1643 100 0,1104,1224,1056
1644 100 0,1104,1224,1056
1645 100 0,1128,1224,1032
1646 100 0,1128,1224,1032
1647 100 0,1152,1224,1008
1648 100 0,1152,1224,1008
1649 100 0,1152,1224,1008
1650 100 0,1152,1224,1008
1651 100 0,1152,1224,1008
1652 100 0,1152,1224,1008
1653 100 0,1152,1224,1008
1654 100 0,1152,1224,1008
1655 100 0,1152,1224,1008
1656 100 0,1152,1224,1008
1657 100 0,1176,1224,984
1658 100 0,1176,1224,984
1659 100 0,1176,1224,984
1660 100 0,1176,1224,984
1661 100 0,1176,1224,984
1662 100 0,1176,1224,984
1663 100 0,1200,1224,960
1664 100 0,1200,1224,960
1665 100 0,1200,1224,960
1666 100 0,1200,1224,960
1667 100 0,1200,1224,960
1668 100 0,1200,1224,960
1669 100 0,1224,1224,936
1670 100 0,1224,1224,936
1671 100 0,1224,1224,936
1672 100 0,1224,1224,936
1673 100 0,1224,1224,936
1674 100 0,1224,1224,936
1675 100 0,1248,1224,912
1676 100 0,1248,1224,912
1677 100 0,1248,1224,912
1678 100 0,1248,1224,912
1679 100 0,1248,1224,912
1680 100 0,1248,1224,912
1681 100 0,1272,1224,888
1682 100 0,1272,1224,888
1683 100 0,1272,1224,888
1684 100 0,1272,1224,888
1685 100 0,1272,1224,888
1686 100 0,1272,1224,888
1687 100 0,1272,1224,888
1688 100 0,1272,1224,888
1689 100 0,1272,1224,888
1690 100 0,1272,1224,888
1691 100 0,1272,1224,888
1692 100 0,1272,1224,888
1693 100 0,1296,1224,864
1694 100 0,1296,1224,864
1695 100 0,1296,1224,864
1696 100 0,1296,1224,864
1697 100 0,1296,1224,864
1698 100 888,456,1224,1200
1699 100 0,1272,1224,888
1700 100 0,1272,1224,888
1701 100 0,1272,1224,888
1702 100 0,1272,1224,888
1703 100 0,1296,1224,864
1704 100 0,1296,1224,864
1705 100 0,1296,1224,864
1706 100 0,1296,1224,864
1707 100 0,1296,1224,864
1708 100 0,1296,1224,864
1709 100 0,1296,1224,864
1710 100 0,1296,1224,864
1711 100 0,1272,1224,888
1712 100 0,1272,1224,888
1713 100 0,1272,1224,888
1714 100 0,1272,1224,888
1715 100 0,1296,1224,864
1716 100 0,1296,1224,864
1717 100 0,1296,1224,864
1718 100 0,1296,1224,864
1719 100 0,1296,1224,864
1720 100 0,1296,1224,864
1721 100 0,1272,1224,888
1722 100 0,1272,1224,888
1723 100 0,1272,1224,888
1724 100 0,1272,1224,888
1725 100 0,1272,1224,888
1726 100 0,1272,1224,888
1727 100 0,1272,1224,888
1728 100 0,1272,1224,888
1729 100 0,1272,1224,888
1730 100 0,1272,1224,888
1731 100 0,1272,1224,888
1732 100 0,1272,1224,888
1733 100 0,1272,1224,888
1734 100 0,1272,1224,888
1735 100 0,1272,1224,888
1736 100 0,1272,1224,888
1737 100 0,1272,1224,888
1738 100 0,1272,1224,888
1739 100 0,1272,1224,888
1740 100 0,1272,1224,888
1741 100 0,1272,1224,888
1742 100 0,1272,1224,888
1743 100 0,1272,1224,888
1744 100 0,1272,1224,888
1745 100 0,1272,1224,888
1746 100 0,1272,1224,888
1747 100 0,1272,1224,888
1748 100 0,1272,1224,888
1749 100 0,1272,1224,888
1750 100 0,1272,1224,888
1751 100 0,1272,1224,888
1752 100 0,1272,1224,888
1753 100 0,1296,1224,864
1754 100 0,1296,1224,864
1755 100 912,456,1224,1200
1756 100 0,1320,1224,840
1757 100 0,1320,1224,840
1758 100 0,1320,1224,840
1759 100 0,1344,1224,816
1760 100 0,1344,1224,816
1761 100 0,1344,1224,816
1762 100 0,1344,1224,816
1763 100 0,1344,1224,816
1764 100 0,1344,1224,816
1765 100 0,1344,1224,816
1766 100 0,1344,1224,816
1767 100 0,1320,1224,840
1768 100 0,1320,1224,840
1769 100 0,1320,1224,840
1770 100 0,1320,1224,840
1771 100 0,1320,1224,840
1772 100 0,1320,1224,840
1773 100 0,1344,1224,816
1774 100 0,1344,1224,816
1775 100 0,1344,1224,816
1776 100 0,1368,1224,792
1777 100 0,1368,1224,792
1778 100 0,1368,1224,792
1779 100 0,1344,1224,816
1780 100 0,1344,1224,816
1781 100 0,1344,1224,816
1782 100 0,1344,1224,816
1783 100 0,1344,1224,816
1784 100 0,1344,1224,816
1785 100 0,1344,1224,816
1786 100 0,1344,1224,816
1787 100 0,1344,1224,816
1788 100 0,1344,1224,816
1789 100 0,1344,1224,816
1790 100 0,1344,1224,816
1791 100 0,1344,1224,816
1792 100 0,1344,1224,816
1793 100 0,1344,1224,816
1794 100 0,1344,1224,816
1795 100 0,1344,1224,816
1796 100 0,1344,1224,816
1797 100 0,1344,1224,816
1798 100 0,1344,1224,816
1799 100 0,1344,1224,816
1800 100 0,1344,1224,816
1801 100 0,1344,1224,816
1802 100 0,1344,1224,816
1803 100 0,1344,1224,816
1804 100 0,1344,1224,816
1805 100 0,1344,1224,816
1806 100 0,1344,1224,816
1807 100 0,1344,1224,816
1808 100 0,1344,1224,816
1809 100 0,1344,1224,816
1810 100 0,1344,1224,816
1811 100 0,1344,1224,816
1812 100 0,1344,1224,816
1813 100 0,1344,1224,816
1814 100 0,1344,1224,816
1815 100 0,1368,1224,792
1816 100 0,1368,1224,792
1817 100 0,1344,1224,816
1818 100 0,1344,1224,816
1819 100 0,1344,1224,816
1820 100 0,1344,1224,816
1821 100 0,1344,1224,816
1822 100 0,1344,1224,816
1823 100 3528,504,1224,1224
1824 100 0,1344,1224,816
1825 100 0,1344,1224,816
1826 100 0,1344,1224,816
1827 100 0,1344,1224,816
1828 100 0,1344,1224,816
1829 100 0,1344,1224,816
1830 100 0,1344,1224,816
1831 100 0,1344,1224,816
1832 100 0,1320,1224,840
1833 100 0,1320,1224,840
1834 100 0,1320,1224,840
1835 100 0,1320,1224,840
1836 100 0,1344,1224,816
1837 100 0,1344,1224,816
1838 100 0,1344,1224,816
1839 100 0,1344,1224,816
1840 100 0,1344,1224,816
1841 100 0,1344,1224,816
1842 100 0,1344,1224,816
1843 100 0,1344,1224,816
1844 100 0,1344,1224,816
1845 100 0,1344,1224,816
1846 100 0,1344,1224,816
1847 100 0,1344,1224,816
1848 100 0,1344,1224,816
1849 100 0,1344,1224,816
1850 100 0,1344,1224,816
1851 100 0,1344,1224,816
1852 100 0,1344,1224,816
1853 100 0,1344,1224,816
1854 100 0,1344,1224,816
1855 100 0,1344,1224,816
1856 100 0,1344,1224,816
1857 100 0,1344,1224,816
1858 100 0,1344,1224,816
1859 100 0,1344,1224,816
1860 100 0,1344,1224,816
1861 100 0,1344,1224,816
1862 100 0,1344,1224,816
1863 100 0,1344,1224,816
1864 100 0,1344,1224,816
1865 100 0,1344,1224,816
1866 100 0,1344,1224,816
1867 100 0,1344,1224,816
1868 100 936,456,1224,1200
1869 100 0,1320,1224,840
1870 100 0,1296,1224,864
1871 100 0,1296,1224,864
1872 100 0,1248,1224,912
1873 100 0,1248,1224,912
1874 100 0,1176,1224,984
1875 100 0,1176,1224,984
1876 100 0,1128,1224,1032
1877 100 0,1128,1224,1032
1878 100 0,1080,1224,1080
1879 100 0,1080,1224,1080
1880 100 0,1032,1224,1128
1881 100 0,1032,1224,1128
1882 100 0,960,1224,1200
1883 100 0,960,1224,1200
1884 100 384,888,1224,1272
1885 100 384,888,1224,1272
1886 100 408,840,1224,1272
1887 100 408,840,1224,1272
1888 100 432,816,1224,1248
1889 100 2064,528,1224,1224
1890 100 432,816,1224,1248
1891 100 432,768,1224,1248
1892 100 432,768,1224,1248
1893 100 432,720,1224,1248
1894 100 432,696,1224,1248
1895 100 432,696,1224,1248
1896 100 432,672,1224,1248
1897 100 432,672,1224,1248
1898 100 432,648,1224,1248
1899 100 432,648,1224,1248
1900 100 432,624,1224,1224
1901 100 432,624,1224,1224
1902 100 432,600,1224,1224
1903 100 432,600,1224,1224
1904 100 432,576,1224,1224
1905 100 432,576,1224,1224
1906 100 432,552,1224,1248
1907 100 432,552,1224,1248
1908 100 432,552,1224,1224
1909 100 432,552,1224,1224
1910 100 408,528,1224,1224
1911 100 408,528,1224,1224
1912 100 408,528,1224,1224
1913 100 408,528,1224,1224
1914 100 408,504,1224,1224
1915 100 408,504,1224,1224
1916 100 408,504,1224,1224
1917 100 408,504,1224,1224
1918 100 384,504,1224,1224
1919 100 384,504,1224,1224
1920 100 384,504,1224,1224
1921 100 384,504,1224,1224
1922 100 384,480,1224,1224
1923 100 384,480,1224,1224
1924 100 384,480,1224,1224
1925 100 384,480,1224,1224
1926 100 384,480,1224,1200
1927 100 384,480,1224,1200
1928 100 384,456,1224,1224
1929 100 384,456,1224,1224
1930 100 384,456,1224,1224
1931 100 384,456,1224,1224
1932 100 384,456,1224,1224
1933 100 384,456,1224,1224
1934 100 384,456,1224,1224
1935 100 384,456,1224,1224
1936 100 384,456,1224,1224
1937 100 384,456,1224,1224
1938 100 384,456,1224,1224
1939 100 384,456,1224,1224
1940 100 384,456,1224,1224
1941 100 384,456,1224,1224
1942 100 384,456,1224,1224
1943 100 384,456,1224,1224
1944 100 384,456,1224,1224
1945 100 384,456,1224,1224
1946 100 384,456,1224,1224
1947 100 384,456,1224,1224
1948 100 384,456,1224,1224
1949 100 384,456,1224,1224
1950 100 384,456,1224,1224
1951 100 384,456,1224,1224
1952 100 384,456,1224,1224
1953 100 384,456,1224,1224
1954 100 384,456,1224,1224
1955 100 384,456,1224,1224
1956 100 384,456,1224,1224
1957 100 384,456,1224,1224
1958 100 384,456,1224,1224
1959 100 384,456,1224,1224
1960 100 384,456,1224,1224
1961 100 384,456,1224,1224
1962 100 384,456,1224,1224
1963 100 384,456,1224,1224
1964 100 384,456,1224,1200
1965 100 384,456,1224,1200
1966 100 360,432,1224,1224
1967 100 360,432,1224,1224
1968 100 360,432,1224,1224
1969 100 360,432,1224,1224
1970 100 336,432,1224,1200
1971 100 336,432,1224,1200
1972 100 312,408,1224,1224
1973 100 312,408,1224,1224
1974 100 264,408,1224,1224
1975 100 264,408,1224,1224
1976 100 192,408,1224,1200
1977 100 192,408,1224,1200
1978 100 144,384,1224,1224
1979 100 144,384,1224,1224
1980 100 96,384,1224,1224
1981 100 0,384,1224,1200
1982 100 0,384,1224,1224
1983 100 0,384,1224,1224
1984 100 0,384,1224,1200
1985 100 0,384,1224,1200
1986 100 0,384,1224,1200
1987 100 0,384,1224,1200
1988 100 0,360,1224,1224
1989 100 0,360,1224,1224
1990 100 0,384,1224,1200
1991 100 3456,528,1224,1200
1992 100 0,384,1224,1200
1993 100 0,384,1224,1200
1994 100 0,384,1224,1200
1995 100 24,384,1224,1200
1996 100 24,384,1224,1200
1997 100 24,384,1224,1224
1998 100 24,384,1224,1224
1999 100 0,384,1224,1224
2000 100 0,384,1224,1224
2001 100 0,408,1224,1200
2002 100 0,408,1224,1200
2003 100 24,408,1224,1200
2004 100 48,408,1224,1224
2005 100 48,408,1224,1224
2006 100 48,408,1224,1224
2007 100 24,408,1224,1224
2008 100 24,408,1224,1224
2009 100 0,408,1224,1200
2010 100 0,408,1224,1200
2011 100 0,408,1224,1200
2012 100 960,480,1224,1200
2013 100 0,408,1224,1200
2014 100 72,408,1224,1200
2015 100 72,408,1224,1200
2016 100 48,408,1224,1200
2017 100 48,408,1224,1200
2018 100 24,408,1224,1200
2019 100 24,408,1224,1200
2020 100 24,408,1224,1200
2021 100 24,408,1224,1200
2022 100 24,408,1224,1200
2023 100 24,408,1224,1200
2024 100 24,384,1224,1224
2025 100 24,384,1224,1224
2026 100 24,384,1224,1224
2027 100 24,384,1224,1224
2028 100 0,384,1224,1224
2029 100 0,384,1224,1224
2030 100 3480,408,1224,1200
2031 100 3480,408,1224,1200
2032 100 3432,408,1224,1200
2033 100 3432,408,1224,1200
2034 100 3432,408,1224,1200
2035 100 3432,408,1224,1200
2036 100 3408,408,1224,1200
2037 100 3408,408,1224,1200
2038 100 3408,408,1224,1200
2039 100 3408,408,1224,1200
2040 100 48,408,1224,1224
2041 100 48,408,1224,1224
2042 100 24,408,1224,1224
2043 100 24,408,1224,1224
2044 100 24,408,1224,1224
2045 100 24,408,1224,1224
2046 100 24,408,1224,1224
2047 100 24,408,1224,1224
2048 100 24,408,1224,1224
2049 100 3552,408,1224,1224
2050 100 3552,408,1224,1224
2051 100 3552,408,1224,1224
2052 100 3528,432,1224,1200
2053 100 3528,432,1224,1200
2054 100 3552,408,1224,1224
2055 100 3552,408,1224,1224
2056 100 3480,432,1224,1200
2057 100 3480,432,1224,1200
2058 100 3528,456,1224,1200
2059 100 3528,456,1224,1200
2060 100 3456,480,1224,1200
2061 100 3456,480,1224,1200
2062 100 3480,504,1224,1200
2063 100 3480,504,1224,1200
2064 100 3480,504,1224,1224
2065 100 3480,504,1224,1224
2066 100 3336,528,1224,1224
2067 100 3336,528,1224,1224
2068 100 3504,528,1224,1224
2069 100 3504,528,1224,1224
2070 100 3504,528,1224,1224
2071 100 3504,528,1224,1224
2072 100 3312,528,1224,1224
2073 100 3312,528,1224,1224
2074 100 3384,528,1224,1200
2075 100 3384,528,1224,1200
2076 100 3432,528,1224,1200
2077 100 3432,528,1224,1200
2078 100 3432,528,1224,1200
2079 100 3432,528,1224,1200
2080 100 3480,528,1224,1200
2081 100 3480,528,1224,1200
2082 100 3528,504,1224,1224
2083 100 3528,504,1224,1224
2084 100 3576,504,1224,1224
2085 100 3576,504,1224,1224
2086 100 3528,504,1224,1224
2087 100 3528,504,1224,1224
2088 100 3552,504,1224,1224
2089 100 3552,504,1224,1224
2090 100 3576,504,1224,1224
2091 100 3576,504,1224,1224
2092 100 984,480,1224,1200
2093 100 3528,504,1224,1224
2094 100 3528,504,1224,1224
2095 100 3528,504,1224,1224
2096 100 3528,504,1224,1224
2097 100 3528,504,1224,1224
2098 100 3528,504,1224,1224
2099 100 3528,504,1224,1224
2100 100 3504,504,1224,1224
2101 100 3504,504,1224,1224
2102 100 3480,504,1224,1224
2103 100 3480,504,1224,1224
2104 100 3480,528,1224,1200
2105 100 3480,528,1224,1200
2106 100 3432,528,1224,1200
2107 100 3432,528,1224,1200
2108 100 3432,528,1224,1200
2109 100 3432,528,1224,1200
2110 100 3432,528,1224,1200
2111 100 3432,528,1224,1200
2112 100 984,480,1224,1200
2113 100 3408,528,1224,1200
2114 100 528,456,1224,1200
2115 100 3408,528,1224,1200
2116 100 3456,528,1224,1200
2117 100 3456,528,1224,1200
2118 100 3456,528,1224,1200
2119 100 3456,528,1224,1200
2120 100 3456,528,1224,1200
2121 100 3456,528,1224,1200
2122 100 1608,504,1224,1224
2123 100 3456,528,1224,1200
2124 100 3504,528,1224,1200
2125 100 3504,528,1224,1200
2126 100 3504,504,1224,1224
2127 100 3504,504,1224,1224
2128 100 3600,504,1224,1224
2129 100 3600,504,1224,1224
2130 100 3336,504,1224,1224
2131 100 3336,504,1224,1224
2132 100 3384,504,1224,1224
2133 100 3384,504,1224,1224
2134 100 3384,504,1224,1224
2135 100 3384,504,1224,1224
2136 100 3408,504,1224,1200
2137 100 3408,504,1224,1200
2138 100 3432,504,1224,1200
2139 100 3432,504,1224,1200
2140 100 3432,504,1224,1200
2141 100 3456,504,1224,1200
2142 100 3456,504,1224,1200
2143 100 3456,504,1224,1200
2144 100 3456,504,1224,1200
2145 100 3456,504,1224,1200
2146 100 3456,504,1224,1200
2147 100 3456,504,1224,1200
2148 100 3456,504,1224,1200
2149 100 3432,504,1224,1200
2150 100 3432,504,1224,1200
2151 100 3432,504,1224,1200
2152 100 3432,504,1224,1200
2153 100 3408,504,1224,1200
2154 100 3408,504,1224,1200
2155 100 3408,504,1224,1200
2156 100 3408,504,1224,1200
2157 100 3456,504,1224,1200
2158 100 3456,504,1224,1200
2159 100 3504,504,1224,1200
2160 100 3528,480,1224,1224
2161 100 3552,480,1224,1224
2162 100 3552,480,1224,1224
2163 100 3576,480,1224,1224
2164 100 3576,480,1224,1224
2165 100 3600,480,1224,1224
2166 100 3600,480,1224,1224
2167 100 3576,480,1224,1224
2168 100 3576,480,1224,1224
2169 100 3600,480,1224,1224
2170 100 3600,480,1224,1224
2171 100 3576,480,1224,1224
2172 100 3576,480,1224,1224
2173 100 3576,480,1224,1224
2174 100 3576,480,1224,1224
2175 100 3672,480,1224,1224
2176 100 3672,480,1224,1224
2177 100 3528,480,1224,1200
2178 100 3528,480,1224,1200
2179 100 3432,456,1224,1200
2180 100 3432,456,1224,1200
2181 100 3408,456,1224,1200
2182 100 3408,456,1224,1200
2183 100 3624,456,1224,1224
2184 100 3624,456,1224,1224
2185 100 3672,456,1224,1224
2186 100 3672,456,1224,1224
2187 100 3672,456,1224,1224
2188 100 3672,456,1224,1224
2189 100 3384,456,1224,1224
2190 100 3384,456,1224,1224
2191 100 3384,456,1224,1224
2192 100 3384,456,1224,1200
2193 100 3384,456,1224,1200
2194 100 3384,456,1224,1200
2195 100 3384,456,1224,1200
2196 100 3408,456,1224,1200
2197 100 3408,456,1224,1200
2198 100 3384,456,1224,1200
2199 100 3384,456,1224,1200
2200 100 3432,456,1224,1200
2201 100 3432,456,1224,1200
2202 100 3480,456,1224,1200
2203 100 3480,456,1224,1200
2204 100 3528,432,1224,1224
2205 100 3528,432,1224,1224
2206 100 3648,432,1224,1224
2207 100 3648,432,1224,1224
2208 100 3384,432,1224,1224
2209 100 3384,432,1224,1224
2210 100 3408,432,1224,1200
2211 100 3408,432,1224,1200
2212 100 3408,432,1224,1200
2213 100 3408,432,1224,1200
2214 100 3456,432,1224,1200
2215 100 3456,432,1224,1200
2216 100 3648,408,1224,1224
2217 100 3648,408,1224,1224
2218 100 3480,384,1224,1200
2219 100 3480,384,1224,1200
2220 100 3408,288,1224,1200
2221 100 3408,288,1224,1200
2222 100 3360,216,1224,1200
2223 100 3360,216,1224,1200
2224 100 3384,168,1224,1200
2225 100 3456,168,1224,1200
2226 100 3456,168,1224,1200
2227 100 3312,144,1224,1200
2228 100 3312,144,1224,1200
2229 100 3288,120,1224,1200
2230 100 3288,120,1224,1200
2231 100 3312,96,1224,1200
2232 100 3312,96,1224,1200
2233 100 3432,48,1224,1224
2234 100 3432,48,1224,1224
2235 100 3408,24,1224,1224
2236 100 3408,24,1224,1224
2237 100 3360,24,1224,1200
2238 100 3360,24,1224,1200
2239 100 3264,24,1224,1176
2240 100 3264,24,1224,1176
2241 100 3360,24,1224,1176
2242 100 3360,24,1224,1176
2243 100 3336,24,1224,1176
2244 100 3336,24,1224,1176
2245 100 3360,24,1224,1176
2246 100 3360,24,1224,1176
2247 100 3384,24,1224,1176
2248 100 3384,24,1224,1176
2249 100 3168,24,1224,1176
2250 100 3168,24,1224,1176
2251 100 3192,24,1224,1176
2252 100 3192,24,1224,1176
2253 100 3192,24,1224,1176
2254 100 3192,24,1224,1176
2255 100 3432,24,1224,1176
2256 100 3432,24,1224,1176
2257 100 3384,24,1224,1176
2258 100 3384,24,1224,1176
2259 100 3312,24,1224,1176
2260 100 3312,24,1224,1176
2261 100 3336,24,1224,1200
2262 100 3336,24,1224,1200
2263 100 3384,48,1224,1224
2264 100 3384,48,1224,1224
2265 100 24,576,1224,1200
2266 100 3432,120,1224,1200
2267 100 3432,120,1224,1200
2268 100 3432,168,1224,1200
2269 100 3432,168,1224,1200
2270 100 3552,168,1224,1224
2271 100 3552,168,1224,1224
2272 100 3504,216,1224,1200
2273 100 3504,216,1224,1200
2274 100 3504,240,1224,1200
2275 100 0,1296,1224,864
2276 100 48,240,1224,1224
2277 100 48,240,1224,1224
2278 100 3384,264,1224,1200
2279 100 3384,264,1224,1200
2280 100 3408,288,1224,1200
2281 100 3408,288,1224,1200
2282 100 120,288,1224,1224
2283 100 120,288,1224,1224
2284 100 48,312,1224,1200
2285 100 48,312,1224,1200
2286 100 0,312,1224,1200
2287 100 0,312,1224,1200
2288 100 120,312,1224,1224
2289 100 120,312,1224,1224
2290 100 72,336,1224,1200
2291 100 72,336,1224,1200
2292 100 48,336,1224,1200
2293 100 48,336,1224,1200
2294 100 24,336,1224,1200
2295 100 24,336,1224,1200
2296 100 24,336,1224,1200
2297 100 24,336,1224,1200
2298 100 0,336,1224,1224
2299 100 0,336,1224,1224
2300 100 0,336,1224,1224
2301 100 0,336,1224,1224
2302 100 120,360,1224,1200
2303 100 120,360,1224,1200
2304 100 120,360,1224,1200
2305 100 120,360,1224,1200
2306 100 96,360,1224,1200
2307 100 96,360,1224,1200
2308 100 96,360,1224,1200
2309 100 96,360,1224,1200
2310 100 96,360,1224,1200
2311 100 96,360,1224,1200
2312 100 72,360,1224,1200
2313 100 72,360,1224,1200
2314 100 72,360,1224,1200
2315 100 72,360,1224,1200
2316 100 72,360,1224,1200
2317 100 72,360,1224,1200
2318 100 48,360,1224,1200
2319 100 48,360,1224,1200
2320 100 24,360,1224,1200
2321 100 24,360,1224,1200
2322 100 3432,360,1224,1200
2323 100 3432,360,1224,1200
2324 100 3384,360,1224,1200
2325 100 3384,360,1224,1200
2326 100 24,360,1224,1224
2327 100 24,360,1224,1224
2328 100 3576,384,1224,1200
2329 100 3576,384,1224,1200
2330 100 3480,384,1224,1200
2331 100 3480,384,1224,1200
2332 100 3408,384,1224,1200
2333 100 3408,384,1224,1200
2334 100 3600,384,1224,1224
2335 100 3600,384,1224,1224
2336 100 3576,384,1224,1224
2337 100 3576,384,1224,1224
2338 100 3600,384,1224,1224
2339 100 3600,384,1224,1224
2340 100 3408,384,1224,1200
2341 100 3408,384,1224,1200
2342 100 3480,408,1224,1200
2343 100 3480,408,1224,1200
2344 100 3408,432,1224,1200
2345 100 3408,432,1224,1200
2346 100 3360,456,1224,1224
2347 100 3360,456,1224,1224
2348 100 3408,480,1224,1224
2349 100 3408,480,1224,1224
2350 100 3408,480,1224,1200
2351 100 3408,480,1224,1200
2352 100 3240,480,1224,1200
2353 100 3240,480,1224,1200
2354 100 3240,480,1224,1200
2355 100 3240,480,1224,1200
2356 100 3216,480,1224,1224
2357 100 1320,384,1224,1200
2358 100 3168,504,1224,1200
2359 100 3168,504,1224,1200
2360 100 3096,504,1224,1200
2361 100 3096,504,1224,1200
2362 100 3072,504,1224,1224
2363 100 3072,504,1224,1224
2364 100 3168,504,1224,1224
2365 100 3168,504,1224,1224
2366 100 3096,528,1224,1200
2367 100 3096,528,1224,1200
2368 100 3024,552,1224,1200
2369 100 3024,552,1224,1200
2370 100 3096,552,1224,1200
2371 100 3096,552,1224,1200
2372 100 3096,552,1224,1200
2373 100 3096,552,1224,1200
2374 100 3120,552,1224,1200
2375 100 3120,552,1224,1200
2376 100 3144,552,1224,1200
2377 100 3144,552,1224,1200
2378 100 3144,552,1224,1200
2379 100 3144,552,1224,1200
2380 100 3144,552,1224,1200
2381 100 3096,552,1224,1200
2382 100 3120,552,1224,1200
2383 100 3120,552,1224,1200
2384 100 3120,552,1224,1200
2385 100 3120,552,1224,1200
2386 100 600,456,1224,1200
2387 100 3120,552,1224,1200
2388 100 3120,552,1224,1200
2389 100 3144,552,1224,1200
2390 100 3144,552,1224,1200
2391 100 3168,552,1224,1200
2392 100 3168,552,1224,1200
2393 100 3192,528,1224,1224
2394 100 3168,528,1224,1224
2395 100 3168,528,1224,1224
2396 100 3168,528,1224,1224
2397 100 3192,528,1224,1224
2398 100 3192,528,1224,1224
2399 100 3192,528,1224,1224
2400 100 3192,528,1224,1224
2401 100 3192,528,1224,1200
2402 100 3192,528,1224,1200
2403 100 3096,528,1224,1200
2404 100 3096,528,1224,1200
2405 100 3096,528,1224,1200
2406 100 3096,528,1224,1200
2407 100 3096,528,1224,1200
2408 100 3120,528,1224,1200
2409 100 3120,528,1224,1200
2410 100 3000,528,1224,1200
2411 100 3000,528,1224,1200
2412 100 2976,504,1224,1224
2413 100 2976,504,1224,1224
2414 100 2904,504,1224,1200
2415 100 2904,504,1224,1200
2416 100 2832,504,1224,1200
2417 100 2832,504,1224,1200
2418 100 2784,480,1224,1224
2419 100 2784,480,1224,1224
2420 100 2664,480,1224,1224
2421 100 2664,480,1224,1224
2422 100 2640,480,1224,1224
2423 100 2640,480,1224,1224
2424 100 2640,504,1224,1200
2425 100 2640,504,1224,1200
2426 100 2640,504,1224,1200
2427 100 2640,504,1224,1200
2428 100 2640,504,1224,1200
2429 100 2640,504,1224,1200
2430 100 2640,504,1224,1200
2431 100 2640,504,1224,1200
2432 100 2640,504,1224,1200
2433 100 2640,504,1224,1200
2434 100 2616,504,1224,1200
2435 100 2616,504,1224,1200
2436 100 2616,504,1224,1200
2437 100 2616,504,1224,1200
2438 100 2616,504,1224,1224
2439 100 2616,504,1224,1224
2440 100 2592,504,1224,1224
2441 100 2592,504,1224,1224
2442 100 2520,504,1224,1224
2443 100 2520,504,1224,1224
2444 100 2472,504,1224,1224
2445 100 2472,504,1224,1224
2446 100 2448,504,1224,1224
2447 100 2448,504,1224,1224
2448 100 2448,504,1224,1224
2449 100 2448,504,1224,1224
2450 100 2448,504,1224,1224
2451 100 2448,504,1224,1224
2452 100 2448,504,1224,1224
2453 100 2448,504,1224,1224
2454 100 2424,504,1224,1224
2455 100 2424,504,1224,1224
2456 100 2424,504,1224,1224
2457 100 2424,504,1224,1224
2458 100 2448,504,1224,1224
2459 100 2448,504,1224,1224
2460 100 2448,504,1224,1224
2461 100 2448,504,1224,1224
2462 100 2448,504,1224,1224
2463 100 2448,504,1224,1224
2464 100 2448,504,1224,1224
2465 100 2448,504,1224,1224
2466 100 2448,504,1224,1224
2467 100 2448,504,1224,1224
2468 100 2448,504,1224,1224
2469 100 2448,504,1224,1224
2470 100 2448,504,1224,1224
2471 100 2448,504,1224,1224
2472 100 2472,504,1224,1200
2473 100 2472,504,1224,1200
2474 100 2496,480,1224,1200
2475 100 2496,480,1224,1200
2476 100 2520,432,1224,1224
2477 100 2520,432,1224,1224
2478 100 2520,432,1224,1200
2479 100 2520,432,1224,1200
2480 100 2496,432,1224,1200
2481 100 2496,432,1224,1200
2482 100 2520,456,1224,1200
2483 100 2520,456,1224,1200
2484 100 2544,456,1224,1224
2485 100 2544,456,1224,1224
2486 100 2544,456,1224,1224
2487 100 2544,456,1224,1224
2488 100 2544,456,1224,1224
2489 100 2544,456,1224,1224
2490 100 2544,456,1224,1200
2491 100 2544,456,1224,1200
2492 100 2520,456,1224,1200
2493 100 2520,456,1224,1200
2494 100 2520,456,1224,1200
2495 100 2520,456,1224,1200
2496 100 2544,456,1224,1200
2497 100 2544,456,1224,1200
2498 100 2544,456,1224,1224
2499 100 2544,456,1224,1224
2500 100 2544,456,1224,1224
2501 100 2544,456,1224,1224
2502 100 2544,456,1224,1224
2503 100 2544,456,1224,1224
2504 100 2544,456,1224,1224
2505 100 2544,456,1224,1224
2506 100 2544,480,1224,1200
2507 100 2544,480,1224,1200
2508 100 2520,480,1224,1200
2509 100 2520,480,1224,1200
2510 100 2520,480,1224,1224
2511 100 2520,480,1224,1224
2512 100 2520,480,1224,1224
2513 100 2520,480,1224,1224
2514 100 2544,480,1224,1200
2515 100 2544,480,1224,1200
2516 100 2544,480,1224,1200
2517 100 2544,480,1224,1200
2518 100 2544,480,1224,1200
2519 100 2544,480,1224,1200
2520 100 2544,480,1224,1200
2521 100 2544,480,1224,1200
2522 100 2544,480,1224,1200
2523 100 2544,480,1224,1200
2524 100 2544,480,1224,1200
2525 100 2544,480,1224,1200
2526 100 2544,480,1224,1200
2527 100 2544,480,1224,1200
2528 100 2544,480,1224,1200
2529 100 2544,480,1224,1200
2530 100 2568,480,1224,1200
2531 100 2568,480,1224,1200
2532 100 2568,480,1224,1200
2533 100 2568,480,1224,1200
2534 100 2568,480,1224,1200
2535 100 2568,480,1224,1200
2536 100 2568,480,1224,1200
2537 100 2568,480,1224,1200
2538 100 2568,480,1224,1200
2539 100 2568,480,1224,1200
2540 100 2568,480,1224,1200
2541 100 2568,480,1224,1200
2542 100 2568,480,1224,1200
2543 100 2568,480,1224,1200
2544 100 2592,480,1224,1200
2545 100 2592,480,1224,1200
2546 100 2592,480,1224,1200
2547 100 2592,480,1224,1200
2548 100 2592,480,1224,1200
2549 100 2592,480,1224,1200
2550 100 2592,480,1224,1224
2551 100 2592,480,1224,1224
2552 100 2592,480,1224,1224
2553 100 2592,480,1224,1224
2554 100 2592,480,1224,1224
2555 100 2592,480,1224,1224
2556 100 2568,480,1224,1224
2557 100 2568,480,1224,1224
2558 100 2568,480,1224,1224
2559 100 2568,480,1224,1224
2560 100 168,480,1224,1200
2561 100 2568,480,1224,1224
2562 100 2568,480,1224,1224
2563 100 2568,480,1224,1224
2564 100 2568,480,1224,1224
2565 100 2568,480,1224,1224
2566 100 2568,480,1224,1224
2567 100 2592,480,1224,1224
2568 100 2592,480,1224,1224
2569 100 2592,480,1224,1224
2570 100 2592,480,1224,1224
2571 100 2592,480,1224,1224
2572 100 2592,480,1224,1224
2573 100 2568,480,1224,1224
2574 100 2568,480,1224,1224
2575 100 2568,480,1224,1224
2576 100 2568,480,1224,1224
2577 100 2544,504,1224,1200
2578 100 2544,504,1224,1200
2579 100 2496,504,1224,1224
2580 100 2496,504,1224,1224
2581 100 2448,528,1224,1224
2582 100 2448,528,1224,1224
2583 100 2400,528,1224,1224
2584 100 2400,528,1224,1224
2585 100 2400,528,1224,1224
2586 100 2400,528,1224,1224
2587 100 2400,528,1224,1224
2588 100 2400,528,1224,1224
2589 100 2400,528,1224,1224
2590 100 2400,528,1224,1224
2591 100 2400,528,1224,1224
2592 100 2400,528,1224,1224
2593 100 2376,528,1224,1224
2594 100 2376,528,1224,1224
2595 100 2376,528,1224,1224
2596 100 2376,528,1224,1224
2597 100 2352,528,1224,1224
2598 100 2352,528,1224,1224
2599 100 2328,528,1224,1224
2600 100 2328,528,1224,1224
2601 100 2304,528,1224,1224
2602 100 2304,528,1224,1224
2603 100 2280,528,1224,1224
2604 100 2280,528,1224,1224
2605 100 2256,528,1224,1224
2606 100 2256,528,1224,1224
2607 100 2232,528,1224,1224
2608 100 2232,528,1224,1224
2609 100 2208,528,1224,1224
2610 100 2208,528,1224,1224
2611 100 2184,528,1224,1248
2612 100 2136,528,1224,1248
2613 100 2136,528,1224,1248
2614 100 2136,528,1224,1248
2615 100 2112,528,1224,1224
2616 100 2112,528,1224,1224
2617 100 2064,528,1224,1224
2618 100 984,480,1224,1224
2619 100 1992,528,1224,1224
2620 100 1992,528,1224,1224
2621 100 1968,528,1224,1224
2622 100 1968,528,1224,1224
2623 100 1920,528,1224,1248
2624 100 1920,528,1224,1248
2625 100 1896,528,1224,1248
2626 100 1896,528,1224,1248
2627 100 1872,552,1224,1224
2628 100 1872,552,1224,1224
2629 100 1872,552,1224,1224
2630 100 1872,552,1224,1224
2631 100 1848,552,1224,1224
2632 100 1848,552,1224,1224
2633 100 1848,552,1224,1248
2634 100 1848,552,1224,1248
2635 100 1848,552,1224,1248
2636 100 1848,552,1224,1248
2637 100 1848,552,1224,1248
2638 100 1848,552,1224,1248
2639 100 1872,552,1224,1248
2640 100 1872,552,1224,1248
2641 100 1896,552,1224,1248
2642 100 1896,552,1224,1248
2643 100 1896,552,1224,1248
2644 100 1920,552,1224,1248
2645 100 1920,552,1224,1248
2646 100 1992,552,1224,1248
2647 100 1992,552,1224,1248
2648 100 2112,552,1224,1248
2649 100 2112,552,1224,1248
2650 100 2232,576,1224,1224
2651 100 2232,576,1224,1224
2652 100 2376,600,1224,1224
2653 100 0,1320,1224,840
2654 100 2376,600,1224,1224
2655 100 2496,624,1224,1248
2656 100 2496,624,1224,1248
2657 100 2880,672,1224,1224
2658 100 2880,672,1224,1224
2659 100 3048,696,1224,1224
2660 100 3048,696,1224,1224
2661 100 3264,720,1224,1224
2662 100 3264,720,1224,1224
2663 100 3696,720,1224,1224
2664 100 3624,720,1224,1224
2665 100 3624,720,1224,1224
2666 100 696,456,1224,1200
2667 100 24,720,1224,1224
2668 100 24,720,1224,1224
2669 100 3384,720,1224,1200
2670 100 3384,720,1224,1200
2671 100 48,696,1224,1224
2672 100 48,696,1224,1224
2673 100 0,696,1224,1200
2674 100 0,696,1224,1200
2675 100 0,672,1224,1224
2676 100 0,672,1224,1224
2677 100 24,672,1224,1200
2678 100 24,672,1224,1200
2679 100 48,648,1224,1224
2680 100 48,648,1224,1224
2681 100 48,624,1224,1224
2682 100 48,624,1224,1224
2683 100 24,600,1224,1224
2684 100 24,600,1224,1224
2685 100 24,600,1224,1200
2686 100 24,600,1224,1200
2687 100 456,432,1224,1224
2688 100 24,576,1224,1200
2689 100 24,552,1224,1224
2690 100 24,552,1224,1224
2691 100 48,552,1224,1200
2692 100 48,552,1224,1200
2693 100 96,528,1224,1200
2694 100 96,528,1224,1200
2695 100 120,504,1224,1224
2696 100 120,504,1224,1224
2697 100 144,480,1224,1224
2698 100 144,480,1224,1224
2699 100 168,480,1224,1200
2700 100 648,456,1224,1200
2701 100 216,456,1224,1224
2702 100 216,456,1224,1224
2703 100 240,456,1224,1224
2704 100 240,456,1224,1224
2705 100 288,456,1224,1200
