0 100 1368,792,1224,1224
1 100 1368,792,1224,1224
2 100 1368,792,1224,1224
3 100 1368,816,1224,1200
4 100 1368,816,1224,1200
5 100 1368,816,1224,1200
6 100 1368,816,1224,1200
7 100 1368,816,1224,1200
8 100 1368,816,1224,1200
9 100 1368,816,1224,1200
10 100 1368,816,1224,1200
11 100 1368,816,1224,1200
12 100 1368,816,1224,1200
13 100 1368,816,1224,1200
14 100 1368,816,1224,1200
15 100 1368,816,1224,1200
16 100 1368,816,1224,1200
17 100 1368,816,1224,1200
18 100 1368,816,1224,1200
19 100 1368,816,1224,1200
20 100 1368,816,1224,1200
21 100 1368,816,1224,1200
22 100 1368,816,1224,1200
23 100 1368,816,1224,1200
24 100 1368,816,1224,1200
25 100 1368,816,1224,1200
26 100 1368,816,1224,1200
27 100 1368,816,1224,1200
28 100 1368,816,1224,1200
29 100 1368,816,1224,1200
30 100 1368,816,1224,1200
31 100 1368,816,1224,1200
32 100 1368,816,1224,1200
33 100 1368,816,1224,1200
34 100 1368,816,1224,1200
35 100 1368,816,1224,1200
36 100 1368,816,1224,1200
37 100 1368,792,1224,1224
38 100 1368,792,1224,1224
39 100 1368,792,1224,1200
40 100 1368,792,1224,1200
41 100 1392,768,1224,1200
42 100 1392,768,1224,1200
43 100 1392,720,1224,1200
44 100 1392,720,1224,1200
45 100 1368,672,1224,1224
46 100 1368,672,1224,1224
47 100 1344,648,1224,1200
48 100 1344,648,1224,1200
49 100 1320,624,1224,1224
50 100 1320,624,1224,1224
51 100 1320,600,1224,1224
52 100 1320,600,1224,1224
53 100 1296,600,1224,1224
54 100 1296,600,1224,1224
55 100 1296,600,1224,1200
56 100 1296,600,1224,1200
57 100 1296,600,1224,1200
58 100 1296,600,1224,1200
59 100 1296,600,1224,1200
60 100 1296,600,1224,1200
61 100 1296,600,1224,1200
62 100 1296,600,1224,1200
63 100 1296,600,1224,1200
64 100 1296,600,1224,1200
65 100 1296,600,1224,1200
66 100 1296,600,1224,1200
67 100 1296,600,1224,1200
68 100 1296,600,1224,1200
69 100 1296,600,1224,1200
70 100 1296,600,1224,1200
71 100 1320,600,1224,1200
72 100 1320,600,1224,1200
73 100 1320,576,1224,1224
74 100 1320,576,1224,1224
75 100 1320,576,1224,1200
76 100 1320,576,1224,1200
77 100 1320,576,1224,1200
78 100 1320,576,1224,1200
79 100 1296,576,1224,1200
80 100 1296,576,1224,1200
81 100 1272,552,1224,1224
82 100 1272,552,1224,1224
83 100 1272,552,1224,1200
84 100 1272,552,1224,1200
85 100 1272,552,1224,1200
86 100 1272,552,1224,1200
87 100 1296,552,1224,1224
88 100 1296,552,1224,1224
89 100 1320,552,1224,1224
90 100 1320,552,1224,1224
91 100 1344,552,1224,1200
92 100 1344,552,1224,1200
93 100 1344,552,1224,1200
94 100 1344,552,1224,1200
95 100 1344,552,1224,1200
96 100 1344,552,1224,1200
97 100 1344,552,1224,1200
98 100 1344,552,1224,1200
99 100 1320,552,1224,1200
100 100 1320,552,1224,1200
101 100 1320,552,1224,1200
102 100 1320,552,1224,1200
103 100 1296,552,1224,1200
104 100 1296,552,1224,1200
105 100 1320,552,1224,1200
106 100 1320,552,1224,1200
107 100 1320,552,1224,1200
108 100 1320,552,1224,1200
109 100 1320,552,1224,1200
110 100 1320,552,1224,1200
111 100 1320,552,1224,1200
112 100 1320,552,1224,1200
113 100 1320,552,1224,1200
114 100 1320,552,1224,1200
115 100 1320,552,1224,1200
116 100 1320,552,1224,1200
117 100 1320,552,1224,1200
118 100 1320,552,1224,1200
119 100 1320,552,1224,1200
120 100 1320,552,1224,1200
121 100 1320,552,1224,1200
122 100 1320,552,1224,1200
123 100 1296,552,1224,1200
124 100 1296,552,1224,1200
125 100 1296,552,1224,1200
126 100 1296,552,1224,1200
127 100 1296,552,1224,1200
128 100 1296,552,1224,1200
129 100 1296,552,1224,1200
130 100 1296,552,1224,1200
131 100 1296,552,1224,1224
132 100 1296,552,1224,1224
133 100 1296,552,1224,1224
134 100 1296,552,1224,1224
135 100 1296,552,1224,1200
136 100 1296,552,1224,1200
137 100 1296,552,1224,1224
138 100 1296,552,1224,1224
139 100 1296,552,1224,1200
140 100 1296,552,1224,1200
141 100 1296,552,1224,1224
142 100 1296,552,1224,1224
143 100 1296,552,1224,1224
144 100 1296,552,1224,1224
145 100 1296,552,1224,1224
146 100 1296,552,1224,1224
147 100 1296,552,1224,1224
148 100 1296,552,1224,1224
149 100 1296,552,1224,1224
150 100 1296,552,1224,1224
151 100 1296,552,1224,1224
152 100 1296,552,1224,1224
153 100 1296,552,1224,1224
154 100 1296,552,1224,1224
155 100 1296,552,1224,1224
156 100 1296,552,1224,1224
157 100 1296,552,1224,1224
158 100 1296,552,1224,1224
159 100 1296,576,1224,1200
160 100 1296,576,1224,1200
161 100 1296,576,1224,1200
162 100 1296,576,1224,1200
163 100 1296,576,1224,1200
164 100 1296,576,1224,1200
165 100 1296,576,1224,1200
166 100 1296,576,1224,1200
167 100 1296,576,1224,1200
168 100 1296,576,1224,1200
169 100 1296,576,1224,1200
170 100 1296,576,1224,1200
171 100 1296,576,1224,1200
172 100 1296,576,1224,1200
173 100 1296,576,1224,1200
174 100 1296,576,1224,1200
175 100 1296,576,1224,1200
176 100 1296,576,1224,1200
177 100 1296,576,1224,1200
178 100 1296,576,1224,1200
179 100 1296,576,1224,1200
180 100 1296,576,1224,1200
181 100 1296,576,1224,1200
182 100 1296,576,1224,1200
183 100 1296,576,1224,1200
184 100 1296,576,1224,1200
185 100 1296,576,1224,1200
186 100 1296,576,1224,1200
187 100 1296,576,1224,1200
188 100 1296,576,1224,1200
189 100 1296,576,1224,1200
190 100 1296,576,1224,1200
191 100 1296,576,1224,1200
192 100 1296,576,1224,1200
193 100 1296,576,1224,1200
194 100 1296,576,1224,1200
195 100 1296,576,1224,1200
196 100 1296,576,1224,1200
197 100 1296,576,1224,1200
198 100 1296,576,1224,1200
199 100 1296,576,1224,1200
200 100 1296,576,1224,1200
201 100 1296,576,1224,1200
202 100 1296,576,1224,1200
203 100 1296,576,1224,1200
204 100 1296,576,1224,1200
205 100 1296,576,1224,1200
206 100 1296,576,1224,1200
207 100 1296,576,1224,1200
208 100 1296,576,1224,1200
209 100 1296,576,1224,1200
210 100 1296,576,1224,1200
211 100 1296,576,1224,1200
212 100 1296,576,1224,1200
213 100 1296,576,1224,1224
214 100 1296,576,1224,1224
215 100 1296,576,1224,1200
216 100 1296,576,1224,1200
217 100 1296,576,1224,1224
218 100 1296,576,1224,1224
219 100 1296,576,1224,1224
220 100 1296,576,1224,1224
221 100 1296,576,1224,1224
222 100 1296,576,1224,1224
223 100 1296,576,1224,1224
224 100 1296,576,1224,1224
225 100 1296,576,1224,1224
226 100 1296,576,1224,1224
227 100 1296,576,1224,1224
228 100 1296,576,1224,1224
229 100 1296,576,1224,1224
230 100 1296,576,1224,1224
231 100 1296,576,1224,1224
232 100 1296,576,1224,1224
233 100 1296,576,1224,1224
234 100 1296,576,1224,1224
235 100 1296,576,1224,1224
236 100 1296,576,1224,1224
237 100 1296,576,1224,1224
238 100 1296,576,1224,1224
239 100 1296,576,1224,1224
240 100 1296,576,1224,1224
241 100 1296,576,1224,1224
242 100 1296,576,1224,1224
243 100 1296,576,1224,1224
244 100 1296,576,1224,1224
245 100 1296,576,1224,1224
246 100 1296,576,1224,1224
247 100 1296,576,1224,1224
248 100 1296,576,1224,1224
249 100 1296,576,1224,1224
250 100 1296,576,1224,1224
251 100 1320,576,1224,1224
252 100 1320,576,1224,1224
253 100 1296,576,1224,1224
254 100 1296,576,1224,1224
255 100 1296,576,1224,1224
256 100 1296,576,1224,1224
257 100 1296,576,1224,1224
258 100 1296,576,1224,1224
259 100 1296,576,1224,1224
260 100 1296,576,1224,1224
261 100 1296,576,1224,1224
262 100 1296,576,1224,1224
263 100 1296,576,1224,1224
264 100 1296,576,1224,1224
265 100 1296,576,1224,1224
266 100 1296,576,1224,1224
267 100 1296,576,1224,1224
268 100 1296,576,1224,1224
269 100 1296,576,1224,1224
270 100 1296,576,1224,1224
271 100 1296,576,1224,1224
272 100 1296,576,1224,1224
273 100 1296,576,1224,1224
274 100 1296,576,1224,1224
275 100 1296,576,1224,1224
276 100 1296,576,1224,1224
277 100 1296,576,1224,1224
278 100 1296,576,1224,1224
279 100 1296,576,1224,1224
280 100 1296,576,1224,1224
281 100 1296,576,1224,1224
282 100 1296,576,1224,1224
283 100 1296,576,1224,1224
284 100 1296,576,1224,1224
285 100 1296,576,1224,1224
286 100 1296,576,1224,1224
287 100 1296,576,1224,1224
288 100 1296,576,1224,1224
289 100 1296,576,1224,1224
290 100 1296,576,1224,1224
291 100 1296,600,1224,1200
292 100 1296,600,1224,1200
293 100 1296,600,1224,1200
294 100 1296,600,1224,1200
295 100 1296,600,1224,1200
296 100 1296,600,1224,1200
297 100 1296,576,1224,1224
298 100 1296,576,1224,1224
299 100 1296,576,1224,1224
300 100 1296,576,1224,1224
301 100 1296,576,1224,1224
302 100 1296,576,1224,1224
303 100 1296,576,1224,1224
304 100 1296,576,1224,1224
305 100 1320,576,1224,1224
306 100 1320,576,1224,1224
307 100 1320,576,1224,1224
308 100 1320,576,1224,1224
309 100 1320,576,1224,1224
310 100 1320,576,1224,1224
311 100 1320,576,1224,1224
312 100 1320,576,1224,1224
313 100 1320,576,1224,1224
314 100 1320,576,1224,1224
315 100 1320,576,1224,1224
316 100 1320,576,1224,1224
317 100 1320,576,1224,1224
318 100 1320,576,1224,1224
319 100 1320,576,1224,1224
320 100 1320,576,1224,1224
321 100 1320,576,1224,1224
322 100 1320,576,1224,1224
323 100 1296,576,1224,1224
324 100 1296,576,1224,1224
325 100 1296,576,1224,1224
326 100 1296,576,1224,1224
327 100 1296,576,1224,1224
328 100 1296,576,1224,1224
329 100 1296,576,1224,1224
330 100 1296,576,1224,1224
331 100 1296,576,1224,1224
332 100 1296,576,1224,1224
333 100 1296,576,1224,1224
334 100 1296,576,1224,1224
335 100 1320,576,1224,1224
336 100 1320,576,1224,1224
337 100 1296,576,1224,1224
338 100 1296,576,1224,1224
339 100 1296,600,1224,1200
340 100 1296,600,1224,1200
341 100 1296,600,1224,1200
342 100 1296,600,1224,1200
343 100 1296,600,1224,1200
344 100 1296,600,1224,1200
345 100 1296,600,1224,1200
346 100 1296,600,1224,1200
347 100 1296,600,1224,1200
348 100 1296,600,1224,1200
349 100 1296,600,1224,1200
350 100 1296,600,1224,1200
351 100 1296,600,1224,1200
352 100 1296,600,1224,1200
353 100 1296,600,1224,1200
354 100 1296,600,1224,1200
355 100 1296,600,1224,1200
356 100 1296,600,1224,1200
357 100 1296,600,1224,1200
358 100 1296,600,1224,1200
359 100 1296,600,1224,1200
360 100 1296,600,1224,1200
361 100 1296,600,1224,1200
362 100 1296,600,1224,1200
363 100 1296,600,1224,1200
364 100 1296,600,1224,1200
365 100 1296,600,1224,1200
366 100 1296,600,1224,1200
367 100 1296,600,1224,1200
368 100 1296,600,1224,1200
369 100 1296,600,1224,1200
370 100 1296,600,1224,1200
371 100 1296,600,1224,1200
372 100 1296,600,1224,1200
373 100 1296,600,1224,1200
374 100 1296,600,1224,1200
375 100 1296,600,1224,1200
376 100 1296,600,1224,1200
377 100 1296,600,1224,1200
378 100 1296,600,1224,1200
379 100 1296,600,1224,1200
380 100 1296,600,1224,1200
381 100 1296,600,1224,1200
382 100 1296,600,1224,1200
383 100 1296,600,1224,1200
384 100 1296,600,1224,1200
385 100 1296,600,1224,1200
386 100 1296,600,1224,1200
387 100 1296,600,1224,1200
388 100 1296,600,1224,1200
389 100 1296,600,1224,1200
390 100 1296,600,1224,1200
391 100 1296,600,1224,1200
392 100 1296,600,1224,1200
393 100 1296,600,1224,1200
394 100 1296,600,1224,1200
395 100 1296,600,1224,1200
396 100 1296,600,1224,1200
397 100 1296,600,1224,1200
398 100 1296,600,1224,1200
399 100 1296,600,1224,1200
400 100 1296,600,1224,1200
401 100 1296,600,1224,1200
402 100 1296,600,1224,1200
403 100 1296,600,1224,1200
404 100 1296,600,1224,1200
405 100 1296,600,1224,1200
406 100 1296,600,1224,1200
407 100 1296,600,1224,1224
408 100 1296,600,1224,1224
409 100 1296,600,1224,1224
410 100 1296,600,1224,1224
411 100 1296,600,1224,1224
412 100 1296,600,1224,1224
413 100 1296,600,1224,1224
414 100 1296,600,1224,1224
415 100 1296,600,1224,1224
416 100 1296,600,1224,1224
417 100 1296,600,1224,1224
418 100 1296,600,1224,1224
419 100 1296,600,1224,1224
420 100 1296,600,1224,1224
421 100 1296,600,1224,1224
422 100 1296,600,1224,1224
423 100 1296,600,1224,1224
424 100 1296,600,1224,1224
425 100 1296,600,1224,1224
426 100 1296,600,1224,1224
427 100 1296,600,1224,1224
428 100 1296,600,1224,1224
429 100 1296,600,1224,1224
430 100 1296,600,1224,1224
431 100 1296,600,1224,1224
432 100 1296,600,1224,1224
433 100 1296,600,1224,1224
434 100 1296,600,1224,1224
435 100 1296,600,1224,1224
436 100 1296,600,1224,1224
437 100 1296,600,1224,1224
438 100 1296,600,1224,1224
439 100 1296,600,1224,1224
440 100 1296,600,1224,1224
441 100 1296,600,1224,1224
442 100 1296,600,1224,1224
443 100 1296,600,1224,1224
444 100 1296,600,1224,1224
445 100 1296,600,1224,1224
446 100 1296,600,1224,1224
447 100 1296,600,1224,1224
448 100 1296,600,1224,1224
449 100 1296,600,1224,1224
450 100 1296,600,1224,1224
451 100 1296,600,1224,1224
452 100 1296,600,1224,1224
453 100 1296,600,1224,1224
454 100 1296,600,1224,1224
455 100 1296,600,1224,1224
456 100 1296,600,1224,1224
457 100 1296,600,1224,1224
458 100 1296,600,1224,1224
459 100 1296,600,1224,1224
460 100 1296,600,1224,1224
461 100 1296,600,1224,1224
462 100 1296,600,1224,1224
463 100 1296,600,1224,1224
464 100 1296,600,1224,1224
465 100 1296,600,1224,1224
466 100 1296,600,1224,1224
467 100 1296,600,1224,1224
468 100 1296,600,1224,1224
469 100 1296,600,1224,1224
470 100 1296,600,1224,1224
471 100 1296,600,1224,1224
472 100 1296,600,1224,1224
473 100 1296,600,1224,1224
474 100 1296,600,1224,1224
475 100 1296,600,1224,1224
476 100 1296,600,1224,1224
477 100 1296,600,1224,1224
478 100 1296,600,1224,1224
479 100 1296,600,1224,1224
480 100 1296,600,1224,1224
481 100 1296,600,1224,1224
482 100 1296,600,1224,1224
483 100 1296,600,1224,1224
484 100 1296,600,1224,1224
485 100 1296,600,1224,1224
486 100 1296,600,1224,1224
487 100 1296,600,1224,1224
488 100 1296,600,1224,1224
489 100 1296,600,1224,1224
490 100 1296,600,1224,1224
491 100 1320,600,1224,1224
492 100 1320,600,1224,1224
493 100 1368,600,1224,1224
494 100 1368,600,1224,1224
495 100 1440,600,1224,1200
496 100 1440,600,1224,1200
497 100 1512,600,1224,1200
498 100 1512,600,1224,1200
499 100 1560,600,1224,1200
500 100 1560,600,1224,1200
501 100 1608,600,1224,1200
502 100 1608,600,1224,1200
503 100 1656,600,1224,1200
504 100 1656,600,1224,1200
505 100 1680,600,1224,1200
506 100 1680,600,1224,1200
507 100 1704,576,1224,1224
508 100 1704,576,1224,1224
509 100 1728,576,1224,1224
510 100 1728,576,1224,1224
511 100 1752,576,1224,1224
512 100 1752,576,1224,1224
513 100 1752,576,1224,1224
514 100 1752,576,1224,1224
515 100 1752,576,1224,1200
516 100 1752,576,1224,1200
517 100 1752,576,1224,1224
518 100 1752,576,1224,1224
519 100 1752,576,1224,1224
520 100 1752,576,1224,1224
521 100 1752,576,1224,1224
522 100 1752,576,1224,1224
523 100 1728,576,1224,1224
524 100 1728,576,1224,1224
525 100 1728,576,1224,1224
526 100 1728,576,1224,1224
527 100 1728,576,1224,1224
528 100 1728,576,1224,1224
529 100 1728,576,1224,1200
530 100 1728,576,1224,1200
531 100 1728,576,1224,1200
532 100 1728,576,1224,1200
533 100 1728,576,1224,1200
534 100 1728,576,1224,1200
535 100 1728,576,1224,1200
536 100 1728,576,1224,1200
537 100 1728,552,1224,1224
538 100 1728,552,1224,1224
539 100 1728,552,1224,1224
540 100 1728,552,1224,1224
541 100 1752,552,1224,1224
542 100 1752,552,1224,1224
543 100 1752,552,1224,1224
544 100 1752,552,1224,1224
545 100 1752,552,1224,1224
546 100 1752,552,1224,1224
547 100 1776,552,1224,1224
548 100 1776,552,1224,1224
549 100 1800,576,1224,1200
550 100 1800,576,1224,1200
551 100 1824,576,1224,1200
552 100 1824,576,1224,1200
553 100 1848,576,1224,1200
554 100 1848,576,1224,1200
555 100 1896,576,1224,1200
556 100 1896,576,1224,1200
557 100 1968,576,1224,1200
558 100 1968,576,1224,1200
559 100 2016,576,1224,1200
560 100 2016,576,1224,1200
561 100 2064,576,1224,1224
562 100 2064,576,1224,1224
563 100 2112,576,1224,1224
564 100 2112,576,1224,1224
565 100 2136,576,1224,1224
566 100 2136,576,1224,1224
567 100 2184,576,1224,1224
568 100 2184,576,1224,1224
569 100 2208,600,1224,1200
570 100 2208,600,1224,1200
571 100 2208,600,1224,1224
572 100 2208,600,1224,1224
573 100 2208,600,1224,1224
574 100 2208,600,1224,1224
575 100 2208,624,1224,1200
576 100 2208,624,1224,1200
577 100 2208,624,1224,1224
578 100 2208,624,1224,1224
579 100 2232,624,1224,1224
580 100 2232,624,1224,1224
581 100 2232,624,1224,1224
582 100 2232,624,1224,1224
583 100 2232,624,1224,1224
584 100 2232,624,1224,1224
585 100 2232,648,1224,1200
586 100 2232,648,1224,1200
587 100 2232,648,1224,1200
588 100 2232,648,1224,1200
589 100 2232,648,1224,1224
590 100 2232,648,1224,1224
591 100 2232,648,1224,1224
592 100 2232,648,1224,1224
593 100 2256,648,1224,1224
594 100 2256,648,1224,1224
595 100 2232,648,1224,1224
596 100 2232,648,1224,1224
597 100 2232,648,1224,1200
598 100 2232,648,1224,1200
599 100 2232,648,1224,1200
600 100 2232,648,1224,1200
601 100 2232,648,1224,1200
602 100 2232,648,1224,1200
603 100 2208,648,1224,1200
604 100 2208,648,1224,1200
605 100 2208,648,1224,1200
606 100 2208,648,1224,1200
607 100 2208,648,1224,1200
608 100 2208,648,1224,1200
609 100 2208,648,1224,1200
610 100 2208,648,1224,1200
611 100 2208,648,1224,1200
612 100 2208,648,1224,1200
613 100 2208,624,1224,1224
614 100 2208,624,1224,1224
615 100 2208,624,1224,1224
616 100 2208,624,1224,1224
617 100 2184,624,1224,1224
618 100 2184,624,1224,1224
619 100 2184,624,1224,1224
620 100 2184,624,1224,1224
621 100 2184,624,1224,1224
622 100 2184,624,1224,1224
623 100 2160,624,1224,1200
624 100 2160,624,1224,1200
625 100 2136,624,1224,1200
626 100 2136,624,1224,1200
627 100 2088,624,1224,1200
628 100 2088,624,1224,1200
629 100 2040,624,1224,1200
630 100 2040,624,1224,1200
631 100 1944,624,1224,1200
632 100 1944,624,1224,1200
633 100 1848,624,1224,1200
634 100 1848,624,1224,1200
635 100 1752,600,1224,1224
636 100 1752,600,1224,1224
637 100 1656,600,1224,1224
638 100 1656,600,1224,1224
639 100 1584,600,1224,1224
640 100 1584,600,1224,1224
641 100 1488,600,1224,1200
642 100 1488,600,1224,1200
643 100 1416,600,1224,1200
644 100 1416,600,1224,1200
645 100 1344,600,1224,1224
646 100 1344,600,1224,1224
647 100 1296,600,1224,1224
648 100 1296,600,1224,1224
649 100 1248,600,1224,1200
650 100 1248,600,1224,1200
651 100 1200,600,1224,1224
652 100 1200,600,1224,1224
653 100 1176,600,1224,1224
654 100 1176,600,1224,1224
655 100 1176,624,1224,1200
656 100 1176,624,1224,1200
657 100 1176,624,1224,1200
658 100 1176,624,1224,1200
659 100 1176,624,1224,1200
660 100 1176,624,1224,1200
661 100 1200,624,1224,1224
662 100 1200,624,1224,1224
663 100 1200,624,1224,1224
664 100 1200,624,1224,1224
665 100 1200,624,1224,1224
666 100 1200,624,1224,1224
667 100 1200,624,1224,1224
668 100 1200,624,1224,1224
669 100 1176,624,1224,1200
670 100 1176,624,1224,1200
671 100 1152,624,1224,1200
672 100 1152,624,1224,1200
673 100 1104,600,1224,1200
674 100 1104,600,1224,1200
675 100 1056,600,1224,1200
676 100 1056,600,1224,1200
677 100 984,576,1224,1200
678 100 984,576,1224,1200
679 100 960,576,1224,1200
680 100 960,576,1224,1200
681 100 936,552,1224,1224
682 100 936,552,1224,1224
683 100 912,576,1224,1200
684 100 912,576,1224,1200
685 100 936,576,1224,1200
686 100 936,576,1224,1200
687 100 936,576,1224,1224
688 100 936,576,1224,1224
689 100 936,576,1224,1224
690 100 936,576,1224,1224
691 100 936,576,1224,1224
692 100 936,576,1224,1224
693 100 936,576,1224,1224
694 100 936,576,1224,1224
695 100 912,576,1224,1224
696 100 912,576,1224,1224
697 100 888,576,1224,1224
698 100 888,576,1224,1224
699 100 888,600,1224,1200
700 100 888,600,1224,1200
701 100 888,576,1224,1224
702 100 888,576,1224,1224
703 100 864,600,1224,1200
704 100 864,600,1224,1200
705 100 864,600,1224,1200
706 100 864,600,1224,1200
707 100 864,600,1224,1200
708 100 864,600,1224,1200
709 100 840,576,1224,1224
710 100 840,576,1224,1224
711 100 840,600,1224,1200
712 100 840,600,1224,1200
713 100 816,600,1224,1200
714 100 816,600,1224,1200
715 100 816,600,1224,1200
716 100 816,600,1224,1200
717 100 816,576,1224,1224
718 100 816,576,1224,1224
719 100 792,576,1224,1200
720 100 792,576,1224,1200
721 100 792,576,1224,1200
722 100 792,576,1224,1200
723 100 768,576,1224,1200
724 100 768,576,1224,1200
725 100 720,576,1224,1200
726 100 720,576,1224,1200
727 100 696,576,1224,1200
728 100 696,576,1224,1200
729 100 672,576,1224,1200
730 100 672,576,1224,1200
731 100 648,576,1224,1200
732 100 648,576,1224,1200
733 100 648,576,1224,1200
734 100 648,576,1224,1200
735 100 624,576,1224,1200
736 100 624,576,1224,1200
737 100 600,576,1224,1200
738 100 600,576,1224,1200
739 100 576,576,1224,1200
740 100 576,576,1224,1200
741 100 552,576,1224,1224
742 100 552,576,1224,1224
743 100 552,576,1224,1224
744 100 552,576,1224,1224
745 100 552,600,1224,1200
746 100 552,600,1224,1200
747 100 552,600,1224,1200
748 100 552,600,1224,1200
749 100 552,600,1224,1200
750 100 552,600,1224,1200
751 100 552,600,1224,1200
752 100 552,600,1224,1200
753 100 552,600,1224,1200
754 100 552,600,1224,1200
755 100 528,600,1224,1200
756 100 528,600,1224,1200
757 100 528,600,1224,1200
758 100 528,600,1224,1200
759 100 504,600,1224,1224
760 100 504,600,1224,1224
761 100 480,648,1224,1200
762 100 480,648,1224,1200
763 100 456,672,1224,1200
764 100 456,672,1224,1200
765 100 432,672,1224,1200
766 100 432,672,1224,1200
767 100 432,696,1224,1200
768 100 432,696,1224,1200
769 100 408,696,1224,1200
770 100 408,696,1224,1200
771 100 408,696,1224,1200
772 100 408,696,1224,1200
773 100 408,696,1224,1200
774 100 408,696,1224,1200
775 100 408,696,1224,1224
776 100 408,696,1224,1224
777 100 408,696,1224,1200
778 100 408,696,1224,1200
779 100 384,696,1224,1200
780 100 384,696,1224,1200
781 100 384,696,1224,1200
782 100 384,696,1224,1200
783 100 360,696,1224,1200
784 100 360,696,1224,1200
785 100 360,696,1224,1200
786 100 360,696,1224,1200
787 100 336,696,1224,1200
788 100 336,696,1224,1200
789 100 312,672,1224,1224
790 100 312,672,1224,1224
791 100 288,672,1224,1200
792 100 288,672,1224,1200
793 100 264,672,1224,1200
794 100 264,672,1224,1200
795 100 240,672,1224,1200
796 100 240,672,1224,1200
797 100 216,672,1224,1200
798 100 216,672,1224,1200
799 100 216,672,1224,1200
800 100 216,672,1224,1200
801 100 192,672,1224,1200
802 100 192,672,1224,1200
803 100 168,672,1224,1200
804 100 168,672,1224,1200
805 100 144,672,1224,1200
806 100 144,672,1224,1200
807 100 120,672,1224,1200
808 100 120,672,1224,1200
809 100 120,672,1224,1200
810 100 120,672,1224,1200
811 100 120,672,1224,1200
812 100 120,672,1224,1200
813 100 96,672,1224,1200
814 100 96,672,1224,1200
815 100 96,672,1224,1200
816 100 96,672,1224,1200
817 100 96,648,1224,1224
818 100 96,648,1224,1224
819 100 72,648,1224,1224
820 100 72,648,1224,1224
821 100 72,648,1224,1224
822 100 72,648,1224,1224
823 100 72,648,1224,1200
824 100 72,648,1224,1200
825 100 72,648,1224,1200
826 100 72,648,1224,1200
827 100 48,624,1224,1224
828 100 48,624,1224,1224
829 100 48,624,1224,1200
830 100 48,624,1224,1200
831 100 24,600,1224,1200
832 100 24,600,1224,1200
833 100 0,576,1224,1200
834 100 0,576,1224,1200
835 100 24,552,1224,1200
836 100 24,552,1224,1200
837 100 0,528,1224,1224
838 100 0,528,1224,1224
839 100 24,528,1224,1200
840 100 24,528,1224,1200
841 100 24,504,1224,1224
842 100 24,504,1224,1224
843 100 24,504,1224,1200
844 100 24,504,1224,1200
845 100 0,504,1224,1200
846 100 0,504,1224,1200
847 100 0,504,1224,1200
848 100 0,504,1224,1200
849 100 0,504,1224,1200
850 100 0,504,1224,1200
851 100 24,504,1224,1200
852 100 24,504,1224,1200
853 100 24,504,1224,1200
854 100 24,504,1224,1200
855 100 0,504,1224,1224
856 100 0,504,1224,1224
857 100 0,528,1224,1200
858 100 0,528,1224,1200
859 100 24,504,1224,1224
860 100 24,504,1224,1224
861 100 24,504,1224,1224
862 100 24,504,1224,1224
863 100 24,504,1224,1200
864 100 24,504,1224,1200
865 100 24,504,1224,1224
866 100 24,504,1224,1224
867 100 0,528,1224,1200
868 100 0,528,1224,1200
869 100 24,528,1224,1224
870 100 24,528,1224,1224
871 100 0,552,1224,1200
872 100 0,552,1224,1200
873 100 0,576,1224,1200
874 100 0,576,1224,1200
875 100 24,624,1224,1200
876 100 24,624,1224,1200
877 100 0,672,1224,1200
878 100 0,672,1224,1200
879 100 0,720,1224,1200
880 100 0,720,1224,1200
881 100 0,744,1224,1224
882 100 0,744,1224,1224
883 100 0,768,1224,1224
884 100 0,768,1224,1224
885 100 24,816,1224,1200
886 100 24,816,1224,1200
887 100 24,840,1224,1200
888 100 24,840,1224,1200
889 100 96,864,1224,1200
890 100 96,864,1224,1200
891 100 96,888,1224,1200
892 100 96,888,1224,1200
893 100 0,888,1224,1224
894 100 0,888,1224,1224
895 100 72,912,1224,1200
896 100 72,912,1224,1200
897 100 24,912,1224,1200
898 100 24,912,1224,1200
899 100 0,912,1224,1224
900 100 0,912,1224,1224
901 100 48,912,1224,1200
902 100 48,912,1224,1200
903 100 144,888,1224,1224
904 100 144,888,1224,1224
905 100 48,888,1224,1224
906 100 48,888,1224,1224
907 100 72,888,1224,1200
908 100 72,888,1224,1200
909 100 96,888,1224,1200
910 100 96,888,1224,1200
911 100 120,888,1224,1200
912 100 120,888,1224,1200
913 100 0,888,1224,1200
914 100 0,888,1224,1200
915 100 48,864,1224,1224
916 100 48,864,1224,1224
917 100 72,864,1224,1224
918 100 72,864,1224,1224
919 100 72,864,1224,1224
920 100 72,864,1224,1224
921 100 48,864,1224,1224
922 100 48,864,1224,1224
923 100 48,864,1224,1224
924 100 48,864,1224,1224
925 100 72,864,1224,1224
926 100 72,864,1224,1224
927 100 96,864,1224,1224
928 100 96,864,1224,1224
929 100 72,864,1224,1224
930 100 72,864,1224,1224
931 100 96,864,1224,1224
932 100 96,864,1224,1224
933 100 72,864,1224,1224
934 100 72,864,1224,1224
935 100 48,864,1224,1224
936 100 48,864,1224,1224
937 100 48,864,1224,1224
938 100 48,864,1224,1224
939 100 48,864,1224,1224
940 100 48,864,1224,1224
941 100 24,864,1224,1224
942 100 24,864,1224,1224
943 100 0,888,1224,1200
944 100 0,888,1224,1200
945 100 0,888,1224,1200
946 100 0,888,1224,1200
947 100 120,888,1224,1200
948 100 120,888,1224,1200
949 100 144,888,1224,1200
950 100 144,888,1224,1200
951 100 96,888,1224,1200
952 100 96,888,1224,1200
953 100 3168,888,1224,1200
954 100 3168,888,1224,1200
955 100 3120,888,1224,1200
956 100 3120,888,1224,1200
957 100 3144,888,1224,1200
958 100 3144,888,1224,1200
959 100 3168,888,1224,1200
960 100 3168,888,1224,1200
961 100 3120,888,1224,1200
962 100 3120,888,1224,1200
963 100 48,888,1224,1224
964 100 48,888,1224,1224
965 100 3480,888,1224,1224
966 100 3480,888,1224,1224
967 100 3312,888,1224,1224
968 100 3312,888,1224,1224
969 100 3168,888,1224,1224
970 100 3168,888,1224,1224
971 100 3000,888,1224,1224
972 100 3000,888,1224,1224
973 100 2976,888,1224,1224
974 100 2976,888,1224,1224
975 100 3672,888,1224,1248
976 100 3672,888,1224,1248
977 100 3336,888,1224,1248
978 100 3336,888,1224,1248
979 100 3264,912,1224,1224
980 100 3264,912,1224,1224
981 100 3072,912,1224,1224
982 100 3072,912,1224,1224
983 100 3000,912,1224,1224
984 100 3000,912,1224,1224
985 100 3000,912,1224,1224
986 100 3000,912,1224,1224
987 100 3144,912,1224,1224
988 100 3144,912,1224,1224
989 100 3360,912,1224,1224
990 100 3360,912,1224,1224
991 100 3408,912,1224,1224
992 100 3408,912,1224,1224
993 100 3312,912,1224,1224
994 100 3312,912,1224,1224
995 100 3048,912,1224,1224
996 100 3048,912,1224,1224
997 100 3168,936,1224,1224
998 100 3168,936,1224,1224
999 100 1752,984,1224,1176
1000 100 1752,984,1224,1176
1001 100 0,1032,1224,1128
1002 100 0,1032,1224,1128
1003 100 0,1104,1224,1056
1004 100 0,1104,1224,1056
1005 100 0,1128,1224,1032
1006 100 0,1128,1224,1032
1007 100 0,1128,1224,1032
1008 100 0,1128,1224,1032
1009 100 0,1128,1224,1032
1010 100 0,1128,1224,1032
1011 100 0,1104,1224,1056
1012 100 0,1104,1224,1056
1013 100 0,1104,1224,1056
1014 100 0,1104,1224,1056
1015 100 0,1104,1224,1056
1016 100 0,1104,1224,1056
1017 100 0,1104,1224,1056
1018 100 0,1104,1224,1056
1019 100 0,1104,1224,1056
1020 100 0,1104,1224,1056
1021 100 0,1104,1224,1056
1022 100 0,1104,1224,1056
1023 100 0,1080,1224,1080
1024 100 0,1080,1224,1080
1025 100 0,1080,1224,1080
1026 100 0,1080,1224,1080
1027 100 0,1104,1224,1056
1028 100 0,1104,1224,1056
1029 100 0,1104,1224,1056
1030 100 0,1104,1224,1056
1031 100 0,1104,1224,1056
1032 100 0,1104,1224,1056
1033 100 0,1104,1224,1056
1034 100 0,1104,1224,1056
1035 100 0,1128,1224,1032
1036 100 0,1128,1224,1032
1037 100 0,1152,1224,1008
1038 100 0,1152,1224,1008
1039 100 0,1200,1224,960
1040 100 0,1200,1224,960
1041 100 0,1200,1224,960
1042 100 0,1200,1224,960
1043 100 0,1200,1224,960
1044 100 0,1200,1224,960
1045 100 0,1200,1224,960
1046 100 0,1200,1224,960
1047 100 0,1200,1224,960
1048 100 0,1200,1224,960
1049 100 0,1200,1224,960
1050 100 0,1200,1224,960
1051 100 0,1200,1224,960
1052 100 0,1200,1224,960
1053 100 0,1224,1224,936
1054 100 0,1224,1224,936
1055 100 0,1224,1224,936
1056 100 0,1224,1224,936
1057 100 0,1224,1224,936
1058 100 0,1224,1224,936
1059 100 0,1248,1224,912
1060 100 0,1248,1224,912
1061 100 0,1248,1224,912
1062 100 0,1248,1224,912
1063 100 0,1272,1224,888
1064 100 0,1272,1224,888
1065 100 0,1272,1224,888
1066 100 0,1272,1224,888
1067 100 0,1272,1224,888
1068 100 0,1272,1224,888
1069 100 0,1272,1224,888
1070 100 0,1272,1224,888
1071 100 0,1272,1224,888
1072 100 0,1272,1224,888
1073 100 0,1272,1224,888
1074 100 0,1272,1224,888
1075 100 0,1272,1224,888
1076 100 0,1272,1224,888
1077 100 0,1272,1224,888
1078 100 0,1272,1224,888
1079 100 0,1272,1224,888
1080 100 0,1272,1224,888
1081 100 0,1272,1224,888
1082 100 0,1272,1224,888
1083 100 0,1272,1224,888
1084 100 0,1272,1224,888
1085 100 0,1272,1224,888
1086 100 0,1272,1224,888
1087 100 0,1272,1224,888
1088 100 0,1272,1224,888
1089 100 0,1272,1224,888
1090 100 0,1272,1224,888
1091 100 0,1272,1224,888
1092 100 0,1272,1224,888
1093 100 0,1272,1224,888
1094 100 0,1272,1224,888
1095 100 0,1272,1224,888
1096 100 0,1272,1224,888
1097 100 0,1272,1224,888
1098 100 0,1272,1224,888
1099 100 0,1272,1224,888
1100 100 0,1272,1224,888
1101 100 0,1272,1224,888
1102 100 0,1272,1224,888
1103 100 0,1272,1224,888
1104 100 0,1272,1224,888
1105 100 0,1272,1224,888
1106 100 0,1272,1224,888
1107 100 0,1272,1224,888
1108 100 0,1272,1224,888
1109 100 0,1272,1224,888
1110 100 0,1272,1224,888
1111 100 0,1272,1224,888
1112 100 0,1272,1224,888
1113 100 0,1272,1224,888
1114 100 0,1272,1224,888
1115 100 0,1272,1224,888
1116 100 0,1272,1224,888
1117 100 0,1272,1224,888
1118 100 0,1272,1224,888
1119 100 0,1272,1224,888
1120 100 0,1272,1224,888
1121 100 0,1272,1224,888
1122 100 0,1272,1224,888
1123 100 0,1272,1224,888
1124 100 0,1272,1224,888
1125 100 0,1272,1224,888
1126 100 0,1272,1224,888
1127 100 0,1272,1224,888
1128 100 0,1272,1224,888
1129 100 0,1272,1224,888
1130 100 0,1272,1224,888
1131 100 0,1272,1224,888
1132 100 0,1272,1224,888
1133 100 0,1272,1224,888
1134 100 0,1272,1224,888
1135 100 0,1272,1224,888
1136 100 0,1272,1224,888
1137 100 0,1272,1224,888
1138 100 0,1272,1224,888
1139 100 0,1272,1224,888
1140 100 0,1272,1224,888
1141 100 0,1272,1224,888
1142 100 0,1272,1224,888
1143 100 0,1272,1224,888
1144 100 0,1272,1224,888
1145 100 0,1248,1224,912
1146 100 0,1248,1224,912
1147 100 0,1224,1224,936
1148 100 0,1224,1224,936
1149 100 0,1176,1224,984
1150 100 0,1176,1224,984
1151 100 0,1152,1224,1008
1152 100 0,1152,1224,1008
1153 100 0,1104,1224,1056
1154 100 0,1104,1224,1056
1155 100 0,1056,1224,1104
1156 100 0,1056,1224,1104
1157 100 1416,984,1224,1176
1158 100 1416,984,1224,1176
1159 100 2976,936,1224,1200
1160 100 2976,936,1224,1200
1161 100 120,864,1224,1200
1162 100 120,864,1224,1200
1163 100 72,792,1224,1224
1164 100 72,792,1224,1224
1165 100 24,768,1224,1200
1166 100 24,768,1224,1200
1167 100 48,744,1224,1200
1168 100 48,744,1224,1200
1169 100 0,696,1224,1224
1170 100 0,696,1224,1224
1171 100 48,648,1224,1224
1172 100 48,648,1224,1224
1173 100 24,648,1224,1200
1174 100 24,648,1224,1200
1175 100 48,624,1224,1224
1176 100 48,624,1224,1224
1177 100 48,648,1224,1200
1178 100 48,648,1224,1200
1179 100 24,624,1224,1200
1180 100 24,624,1224,1200
1181 100 48,624,1224,1200
1182 100 48,624,1224,1200
1183 100 0,600,1224,1224
1184 100 0,600,1224,1224
1185 100 0,600,1224,1224
1186 100 0,600,1224,1224
1187 100 24,600,1224,1224
1188 100 24,600,1224,1224
1189 100 24,600,1224,1200
1190 100 24,600,1224,1200
1191 100 0,576,1224,1224
1192 100 0,576,1224,1224
1193 100 48,552,1224,1224
1194 100 48,552,1224,1224
1195 100 24,528,1224,1224
1196 100 24,528,1224,1224
1197 100 24,504,1224,1200
1198 100 24,504,1224,1200
1199 100 24,456,1224,1224
1200 100 24,456,1224,1224
1201 100 0,432,1224,1224
1202 100 0,432,1224,1224
1203 100 72,432,1224,1200
1204 100 72,432,1224,1200
1205 100 48,408,1224,1224
1206 100 48,408,1224,1224
1207 100 96,432,1224,1224
1208 100 96,432,1224,1224
1209 100 120,456,1224,1224
1210 100 120,456,1224,1224
1211 100 0,480,1224,1200
1212 100 0,480,1224,1200
1213 100 24,480,1224,1224
1214 100 24,480,1224,1224
1215 100 3432,504,1224,1200
1216 100 3432,504,1224,1200
1217 100 3408,504,1224,1200
1218 100 3408,504,1224,1200
1219 100 3408,504,1224,1200
1220 100 3408,504,1224,1200
1221 100 0,504,1224,1224
1222 100 0,504,1224,1224
1223 100 3528,528,1224,1200
1224 100 3528,528,1224,1200
1225 100 3384,528,1224,1200
1226 100 3384,528,1224,1200
1227 100 48,528,1224,1224
1228 100 48,528,1224,1224
1229 100 3384,528,1224,1200
1230 100 3384,528,1224,1200
1231 100 3408,528,1224,1200
1232 100 3408,528,1224,1200
1233 100 3408,528,1224,1200
1234 100 3408,528,1224,1200
1235 100 3408,528,1224,1200
1236 100 3408,528,1224,1200
1237 100 24,528,1224,1224
1238 100 24,528,1224,1224
1239 100 0,528,1224,1224
1240 100 0,528,1224,1224
1241 100 3552,528,1224,1224
1242 100 3552,528,1224,1224
1243 100 3528,528,1224,1224
1244 100 3528,528,1224,1224
1245 100 3528,552,1224,1200
1246 100 3528,552,1224,1200
1247 100 0,552,1224,1200
1248 100 0,552,1224,1200
1249 100 3504,552,1224,1200
1250 100 3504,552,1224,1200
1251 100 3480,552,1224,1200
1252 100 3480,552,1224,1200
1253 100 3456,552,1224,1200
1254 100 3456,552,1224,1200
1255 100 3480,552,1224,1200
1256 100 3480,552,1224,1200
1257 100 0,552,1224,1200
1258 100 0,552,1224,1200
1259 100 48,552,1224,1200
1260 100 48,552,1224,1200
1261 100 0,552,1224,1200
1262 100 0,552,1224,1200
1263 100 0,528,1224,1224
1264 100 0,528,1224,1224
1265 100 0,528,1224,1200
1266 100 0,528,1224,1200
1267 100 24,528,1224,1200
1268 100 24,528,1224,1200
1269 100 24,528,1224,1200
1270 100 24,528,1224,1200
1271 100 24,528,1224,1200
1272 100 24,528,1224,1200
1273 100 48,528,1224,1200
1274 100 48,528,1224,1200
1275 100 0,528,1224,1200
1276 100 0,528,1224,1200
1277 100 0,528,1224,1200
1278 100 0,528,1224,1200
1279 100 24,528,1224,1224
1280 100 24,528,1224,1224
1281 100 24,528,1224,1224
1282 100 24,528,1224,1224
1283 100 0,528,1224,1224
1284 100 0,528,1224,1224
1285 100 24,528,1224,1224
1286 100 24,528,1224,1224
1287 100 0,528,1224,1224
1288 100 0,528,1224,1224
1289 100 0,528,1224,1224
1290 100 0,528,1224,1224
1291 100 0,528,1224,1224
1292 100 0,528,1224,1224
1293 100 0,528,1224,1200
1294 100 0,528,1224,1200
1295 100 0,528,1224,1200
1296 100 0,528,1224,1200
1297 100 0,528,1224,1200
1298 100 0,528,1224,1200
1299 100 0,528,1224,1200
1300 100 0,528,1224,1200
1301 100 0,504,1224,1224
1302 100 0,504,1224,1224
1303 100 0,504,1224,1224
1304 100 0,504,1224,1224
1305 100 0,504,1224,1224
1306 100 0,504,1224,1224
1307 100 24,504,1224,1224
1308 100 24,504,1224,1224
1309 100 24,504,1224,1224
1310 100 24,504,1224,1224
1311 100 24,504,1224,1224
1312 100 24,504,1224,1224
1313 100 0,504,1224,1224
1314 100 0,504,1224,1224
1315 100 0,504,1224,1224
1316 100 0,504,1224,1224
1317 100 24,504,1224,1224
1318 100 24,504,1224,1224
1319 100 24,504,1224,1200
1320 100 24,504,1224,1200
1321 100 0,504,1224,1200
1322 100 0,504,1224,1200
1323 100 0,504,1224,1200
1324 100 0,504,1224,1200
1325 100 24,480,1224,1224
1326 100 24,480,1224,1224
1327 100 24,480,1224,1200
1328 100 24,480,1224,1200
1329 100 0,480,1224,1200
1330 100 0,480,1224,1200
1331 100 24,480,1224,1200
1332 100 24,480,1224,1200
1333 100 3408,480,1224,1200
1334 100 3408,480,1224,1200
1335 100 168,480,1224,1224
1336 100 168,480,1224,1224
1337 100 72,480,1224,1224
1338 100 72,480,1224,1224
1339 100 24,504,1224,1200
1340 100 24,504,1224,1200
1341 100 3504,504,1224,1200
1342 100 3504,504,1224,1200
1343 100 3504,504,1224,1200
1344 100 3504,504,1224,1200
1345 100 3504,504,1224,1200
1346 100 3504,504,1224,1200
1347 100 3480,504,1224,1200
1348 100 3480,504,1224,1200
1349 100 3480,504,1224,1200
1350 100 3480,504,1224,1200
1351 100 3480,504,1224,1200
1352 100 3480,504,1224,1200
1353 100 3504,504,1224,1200
1354 100 3504,504,1224,1200
1355 100 3528,504,1224,1200
1356 100 3528,504,1224,1200
1357 100 3552,504,1224,1200
1358 100 3552,504,1224,1200
1359 100 3576,504,1224,1200
1360 100 3576,504,1224,1200
1361 100 3552,504,1224,1200
1362 100 3552,504,1224,1200
1363 100 3528,504,1224,1200
1364 100 3528,504,1224,1200
1365 100 3552,504,1224,1200
1366 100 3552,504,1224,1200
1367 100 3552,504,1224,1200
1368 100 3552,504,1224,1200
1369 100 48,480,1224,1224
1370 100 48,480,1224,1224
1371 100 3432,480,1224,1200
1372 100 3432,480,1224,1200
1373 100 0,480,1224,1200
1374 100 0,480,1224,1200
1375 100 144,456,1224,1224
1376 100 144,456,1224,1224
1377 100 0,456,1224,1200
1378 100 0,456,1224,1200
1379 100 72,456,1224,1200
1380 100 72,456,1224,1200
1381 100 48,432,1224,1224
1382 100 48,432,1224,1224
1383 100 48,432,1224,1224
1384 100 48,432,1224,1224
1385 100 0,432,1224,1200
1386 100 0,432,1224,1200
1387 100 0,432,1224,1224
1388 100 0,432,1224,1224
1389 100 24,456,1224,1200
1390 100 24,456,1224,1200
1391 100 96,456,1224,1224
1392 100 96,456,1224,1224
1393 100 192,480,1224,1200
1394 100 192,480,1224,1200
1395 100 264,480,1224,1200
1396 100 264,480,1224,1200
1397 100 336,480,1224,1224
1398 100 336,480,1224,1224
1399 100 408,480,1224,1200
1400 100 408,480,1224,1200
1401 100 480,480,1224,1224
1402 100 480,480,1224,1224
1403 100 576,480,1224,1224
1404 100 576,480,1224,1224
1405 100 648,480,1224,1224
1406 100 648,480,1224,1224
1407 100 720,480,1224,1200
1408 100 720,480,1224,1200
1409 100 768,480,1224,1200
1410 100 768,480,1224,1200
1411 100 840,456,1224,1224
1412 100 840,456,1224,1224
1413 100 888,456,1224,1224
1414 100 888,456,1224,1224
1415 100 936,480,1224,1200
1416 100 936,480,1224,1200
1417 100 984,480,1224,1200
1418 100 984,480,1224,1200
1419 100 1032,480,1224,1200
1420 100 1032,480,1224,1200
1421 100 1056,480,1224,1200
1422 100 1056,480,1224,1200
1423 100 1080,480,1224,1200
1424 100 1080,480,1224,1200
1425 100 1128,480,1224,1200
1426 100 1128,480,1224,1200
1427 100 1152,480,1224,1224
1428 100 1152,480,1224,1224
1429 100 1176,504,1224,1200
1430 100 1176,504,1224,1200
1431 100 1200,504,1224,1200
1432 100 1200,504,1224,1200
1433 100 1224,504,1224,1200
1434 100 1224,504,1224,1200
1435 100 1248,504,1224,1200
1436 100 1248,504,1224,1200
1437 100 1272,504,1224,1200
1438 100 1272,504,1224,1200
1439 100 1272,504,1224,1200
1440 100 1272,504,1224,1200
1441 100 1272,504,1224,1200
1442 100 1272,504,1224,1200
1443 100 1272,528,1224,1200
1444 100 1272,528,1224,1200
1445 100 1272,528,1224,1224
1446 100 1272,528,1224,1224
1447 100 1272,528,1224,1224
1448 100 1272,528,1224,1224
1449 100 1296,552,1224,1200
1450 100 1296,552,1224,1200
1451 100 1296,552,1224,1200
1452 100 1296,552,1224,1200
1453 100 1296,552,1224,1200
1454 100 1296,552,1224,1200
1455 100 1296,552,1224,1224
1456 100 1296,552,1224,1224
1457 100 1296,552,1224,1224
1458 100 1296,552,1224,1224
1459 100 1296,552,1224,1200
1460 100 1296,552,1224,1200
1461 100 1320,552,1224,1200
1462 100 1320,552,1224,1200
1463 100 1320,552,1224,1200
1464 100 1320,552,1224,1200
1465 100 1320,552,1224,1200
1466 100 1320,552,1224,1200
1467 100 1320,552,1224,1200
1468 100 1320,552,1224,1200
1469 100 1320,552,1224,1200
1470 100 1320,552,1224,1200
1471 100 1320,552,1224,1200
1472 100 1320,552,1224,1200
1473 100 1296,552,1224,1200
1474 100 1296,552,1224,1200
1475 100 1296,552,1224,1224
1476 100 1296,552,1224,1224
1477 100 1296,552,1224,1200
1478 100 1296,552,1224,1200
1479 100 1296,552,1224,1200
1480 100 1296,552,1224,1200
1481 100 1296,552,1224,1200
1482 100 1296,552,1224,1200
1483 100 1296,552,1224,1224
1484 100 1296,552,1224,1224
1485 100 1296,552,1224,1224
1486 100 1296,552,1224,1224
1487 100 1296,552,1224,1224
1488 100 1296,552,1224,1224
1489 100 1296,552,1224,1200
1490 100 1296,552,1224,1200
1491 100 1296,552,1224,1200
1492 100 1296,552,1224,1200
1493 100 1296,552,1224,1200
1494 100 1296,552,1224,1200
1495 100 1320,552,1224,1200
1496 100 1320,552,1224,1200
1497 100 1320,552,1224,1224
1498 100 1320,552,1224,1224
1499 100 1320,552,1224,1224
1500 100 1320,552,1224,1224
1501 100 1320,552,1224,1224
1502 100 1320,552,1224,1224
1503 100 1320,552,1224,1224
1504 100 1320,552,1224,1224
1505 100 1320,552,1224,1224
1506 100 1320,552,1224,1224
1507 100 1320,552,1224,1224
1508 100 1320,552,1224,1224
1509 100 1320,552,1224,1224
1510 100 1320,552,1224,1224
1511 100 1320,552,1224,1224
1512 100 1320,552,1224,1224
1513 100 1320,552,1224,1224
1514 100 1320,552,1224,1224
1515 100 1320,552,1224,1224
1516 100 1320,552,1224,1224
1517 100 1320,552,1224,1200
1518 100 1320,552,1224,1200
1519 100 1344,552,1224,1200
1520 100 1344,552,1224,1200
1521 100 1344,552,1224,1200
1522 100 1344,552,1224,1200
1523 100 1368,528,1224,1200
1524 100 1368,528,1224,1200
1525 100 1368,528,1224,1200
1526 100 1368,528,1224,1200
1527 100 1368,504,1224,1200
1528 100 1368,504,1224,1200
1529 100 1368,504,1224,1200
1530 100 1368,504,1224,1200
1531 100 1368,504,1224,1200
1532 100 1368,504,1224,1200
1533 100 1368,504,1224,1200
1534 100 1368,504,1224,1200
1535 100 1368,504,1224,1200
1536 100 1368,504,1224,1200
1537 100 1368,504,1224,1224
1538 100 1368,504,1224,1224
1539 100 1368,528,1224,1200
1540 100 1368,528,1224,1200
1541 100 1344,528,1224,1200
1542 100 1344,528,1224,1200
1543 100 1344,528,1224,1200
1544 100 1344,528,1224,1200
1545 100 1344,528,1224,1200
1546 100 1344,528,1224,1200
1547 100 1344,528,1224,1200
1548 100 1344,528,1224,1200
1549 100 1344,528,1224,1200
1550 100 1344,528,1224,1200
1551 100 1344,528,1224,1224
1552 100 1344,528,1224,1224
1553 100 1344,528,1224,1224
1554 100 1344,528,1224,1224
1555 100 1344,552,1224,1200
1556 100 1344,552,1224,1200
1557 100 1344,552,1224,1200
1558 100 1344,552,1224,1200
1559 100 1344,552,1224,1200
1560 100 1344,552,1224,1200
1561 100 1344,552,1224,1200
1562 100 1344,552,1224,1200
1563 100 1344,552,1224,1200
1564 100 1344,552,1224,1200
1565 100 1344,576,1224,1200
1566 100 1344,576,1224,1200
1567 100 1344,576,1224,1224
1568 100 1344,576,1224,1224
1569 100 1320,600,1224,1224
1570 100 1320,600,1224,1224
1571 100 1296,624,1224,1200
1572 100 1296,624,1224,1200
1573 100 1296,648,1224,1200
1574 100 1296,648,1224,1200
1575 100 1296,648,1224,1200
1576 100 1296,648,1224,1200
1577 100 1320,624,1224,1224
1578 100 1320,624,1224,1224
1579 100 1344,624,1224,1224
1580 100 1344,624,1224,1224
1581 100 1344,624,1224,1224
1582 100 1344,624,1224,1224
1583 100 1320,624,1224,1224
1584 100 1320,624,1224,1224
1585 100 1320,624,1224,1224
1586 100 1320,624,1224,1224
1587 100 1320,624,1224,1224
1588 100 1320,624,1224,1224
1589 100 1320,624,1224,1224
1590 100 1320,624,1224,1224
1591 100 1320,624,1224,1224
1592 100 1320,624,1224,1224
1593 100 1320,624,1224,1200
1594 100 1320,624,1224,1200
1595 100 1320,624,1224,1200
1596 100 1320,624,1224,1200
1597 100 1320,624,1224,1200
1598 100 1320,624,1224,1200
1599 100 1320,624,1224,1200
1600 100 1320,624,1224,1200
1601 100 1320,600,1224,1224
1602 100 1320,600,1224,1224
1603 100 1320,600,1224,1200
1604 100 1320,600,1224,1200
1605 100 1344,576,1224,1224
1606 100 1344,576,1224,1224
1607 100 1344,576,1224,1200
1608 100 1344,576,1224,1200
1609 100 1344,576,1224,1200
1610 100 1344,576,1224,1200
1611 100 1344,576,1224,1200
1612 100 1344,576,1224,1200
1613 100 1344,576,1224,1200
