0 100 1056,384,1224,1224
1 100 1032,360,1224,1224
2 100 384,504,1224,1224
3 100 1416,552,1224,1200
4 100 1416,552,1224,1200
5 100 1368,528,1224,1224
6 100 1368,528,1224,1224
7 100 1272,528,1224,1224
8 100 1032,336,1224,1248
9 100 1272,528,1224,1224
10 100 1224,528,1224,1224
11 100 1224,528,1224,1224
12 100 1152,528,1224,1200
13 100 1152,528,1224,1200
14 100 1128,504,1224,1224
15 100 1128,504,1224,1224
16 100 1104,504,1224,1224
17 100 1008,312,1224,1224
18 100 1104,504,1224,1224
19 100 1080,504,1224,1224
20 100 1080,504,1224,1224
21 100 984,288,1224,1224
22 100 1080,528,1224,1200
23 100 1080,528,1224,1200
24 100 960,264,1224,1224
25 100 1080,528,1224,1200
26 100 1080,528,1224,1200
27 100 1104,528,1224,1200
28 100 1104,528,1224,1200
29 100 960,240,1224,1248
30 100 1104,528,1224,1200
31 100 1104,528,1224,1200
32 100 936,240,1224,1224
33 100 1104,528,1224,1200
34 100 1104,528,1224,1200
35 100 1104,528,1224,1200
36 100 1104,528,1224,1200
37 100 936,240,1224,1224
38 100 1104,528,1224,1200
39 100 1104,528,1224,1200
40 100 936,216,1224,1224
41 100 1104,528,1224,1200
42 100 1104,528,1224,1200
43 100 1104,528,1224,1200
44 100 936,216,1224,1224
45 100 1104,528,1224,1200
46 100 1128,528,1224,1224
47 100 1032,336,1224,1248
48 100 1128,528,1224,1224
49 100 1128,528,1224,1200
50 100 1128,528,1224,1200
51 100 1128,528,1224,1224
52 100 912,192,1224,1224
53 100 1128,528,1224,1224
54 100 1128,528,1224,1224
55 100 1128,528,1224,1224
56 100 1152,528,1224,1224
57 100 888,192,1224,1224
58 100 1152,528,1224,1224
59 100 1176,552,1224,1200
60 100 912,192,1224,1224
61 100 1176,552,1224,1200
62 100 1224,552,1224,1200
63 100 1008,336,1224,1248
64 100 1224,552,1224,1200
65 100 1248,552,1224,1224
66 100 1248,552,1224,1224
67 100 888,192,1224,1224
68 100 1272,576,1224,1200
69 100 1272,576,1224,1200
70 100 912,192,1224,1224
71 100 1272,576,1224,1200
72 100 1272,576,1224,1200
73 100 888,192,1224,1224
74 100 1272,576,1224,1200
75 100 1272,576,1224,1200
76 100 1272,576,1224,1200
77 100 912,192,1224,1248
78 100 1272,576,1224,1200
79 100 1272,576,1224,1200
80 100 912,216,1224,1224
81 100 1272,576,1224,1200
82 100 1272,576,1224,1200
83 100 1272,576,1224,1200
84 100 1272,576,1224,1200
85 100 1272,576,1224,1200
86 100 1008,336,1224,1224
87 100 1272,576,1224,1200
88 100 1272,576,1224,1200
89 100 1272,576,1224,1200
90 100 1272,576,1224,1200
91 100 1056,360,1224,1224
92 100 1272,576,1224,1200
93 100 1272,576,1224,1200
94 100 1272,576,1224,1200
95 100 1272,576,1224,1200
96 100 1272,576,1224,1200
97 100 1272,576,1224,1200
98 100 1272,576,1224,1200
99 100 1272,576,1224,1200
100 100 1272,576,1224,1200
101 100 1272,576,1224,1200
102 100 1272,576,1224,1200
103 100 1272,576,1224,1200
104 100 1272,576,1224,1200
105 100 1272,576,1224,1200
106 100 1272,576,1224,1200
107 100 1272,576,1224,1200
108 100 1272,552,1224,1224
109 100 1272,552,1224,1224
110 100 1272,576,1224,1200
111 100 1272,576,1224,1200
112 100 1272,576,1224,1200
113 100 1272,576,1224,1200
114 100 1272,576,1224,1200
115 100 1272,576,1224,1200
116 100 1272,552,1224,1224
117 100 1272,552,1224,1224
118 100 1272,576,1224,1200
119 100 1272,576,1224,1200
120 100 1272,576,1224,1200
121 100 984,288,1224,1224
122 100 1272,576,1224,1200
123 100 1272,576,1224,1200
124 100 1272,576,1224,1200
125 100 1272,576,1224,1200
126 100 1272,576,1224,1200
127 100 1272,576,1224,1200
128 100 1272,576,1224,1200
129 100 1272,576,1224,1200
130 100 1272,576,1224,1200
131 100 1272,576,1224,1200
132 100 1272,576,1224,1200
133 100 1272,576,1224,1200
134 100 1272,576,1224,1200
135 100 1272,576,1224,1200
136 100 1272,576,1224,1200
137 100 1272,576,1224,1200
138 100 1272,576,1224,1200
139 100 1272,576,1224,1200
140 100 1272,576,1224,1200
141 100 1272,576,1224,1200
142 100 1272,576,1224,1200
143 100 1272,576,1224,1200
144 100 1272,576,1224,1200
145 100 1272,576,1224,1200
146 100 1272,576,1224,1200
147 100 1272,576,1224,1200
148 100 1272,576,1224,1200
149 100 1272,576,1224,1200
150 100 1272,576,1224,1200
151 100 1272,576,1224,1200
152 100 1272,576,1224,1200
153 100 1272,576,1224,1200
154 100 1272,576,1224,1200
155 100 1248,576,1224,1200
156 100 1248,576,1224,1200
157 100 1248,576,1224,1200
158 100 1248,576,1224,1200
159 100 1248,576,1224,1224
160 100 1248,576,1224,1224
161 100 1248,600,1224,1200
162 100 960,264,1224,1224
163 100 1248,600,1224,1200
164 100 1248,600,1224,1200
165 100 1248,600,1224,1200
166 100 1248,600,1224,1200
167 100 1248,600,1224,1200
168 100 1248,576,1224,1224
169 100 1248,576,1224,1224
170 100 1248,600,1224,1200
171 100 1248,600,1224,1200
172 100 1248,600,1224,1200
173 100 1248,600,1224,1200
174 100 1248,600,1224,1200
175 100 960,240,1224,1248
176 100 1248,600,1224,1200
177 100 1248,600,1224,1200
178 100 1248,600,1224,1200
179 100 1248,600,1224,1200
180 100 1248,600,1224,1200
181 100 1272,600,1224,1200
182 100 1272,600,1224,1200
183 100 1296,600,1224,1200
184 100 1296,600,1224,1200
185 100 1344,600,1224,1200
186 100 1344,600,1224,1200
187 100 1416,600,1224,1224
188 100 1416,600,1224,1224
189 100 1512,624,1224,1200
190 100 1512,624,1224,1200
191 100 1584,624,1224,1200
192 100 1584,624,1224,1200
193 100 1632,624,1224,1200
194 100 1632,624,1224,1200
195 100 1680,624,1224,1200
196 100 1680,624,1224,1200
197 100 1728,624,1224,1200
198 100 1728,624,1224,1200
199 100 1728,624,1224,1200
200 100 936,240,1224,1224
201 100 1728,624,1224,1200
202 100 1728,600,1224,1224
203 100 1728,600,1224,1224
204 100 1728,600,1224,1200
205 100 1728,600,1224,1200
206 100 1728,600,1224,1200
207 100 1728,600,1224,1200
208 100 1728,600,1224,1224
209 100 1728,600,1224,1224
210 100 1728,600,1224,1224
211 100 1728,600,1224,1224
212 100 1728,624,1224,1200
213 100 1728,624,1224,1200
214 100 1728,624,1224,1200
215 100 1728,624,1224,1200
216 100 1704,600,1224,1224
217 100 1704,600,1224,1224
218 100 1704,624,1224,1200
219 100 1704,624,1224,1200
220 100 1656,624,1224,1200
221 100 1656,624,1224,1200
222 100 1560,624,1224,1200
223 100 1560,624,1224,1200
224 100 1488,624,1224,1200
225 100 1488,624,1224,1200
226 100 1416,624,1224,1200
227 100 1416,624,1224,1200
228 100 1368,624,1224,1200
229 100 1368,624,1224,1200
230 100 1344,600,1224,1224
231 100 1344,600,1224,1224
232 100 1320,600,1224,1224
233 100 1320,600,1224,1224
234 100 1320,600,1224,1224
235 100 1032,360,1224,1224
236 100 1320,600,1224,1224
237 100 1320,624,1224,1200
238 100 1320,624,1224,1200
239 100 1344,624,1224,1200
240 100 1344,624,1224,1200
241 100 1344,624,1224,1200
242 100 1344,624,1224,1200
243 100 1344,624,1224,1200
244 100 1344,624,1224,1200
245 100 1344,624,1224,1200
246 100 1344,624,1224,1200
247 100 1344,624,1224,1200
248 100 1344,624,1224,1200
249 100 1320,624,1224,1200
250 100 1320,624,1224,1200
251 100 1320,624,1224,1200
252 100 1320,624,1224,1200
253 100 1320,624,1224,1200
254 100 1320,624,1224,1200
255 100 1320,648,1224,1200
256 100 1032,360,1224,1224
257 100 1296,648,1224,1200
258 100 1296,648,1224,1200
259 100 1296,648,1224,1200
260 100 1296,648,1224,1200
261 100 1272,648,1224,1224
262 100 1272,648,1224,1224
263 100 1272,672,1224,1200
264 100 1272,672,1224,1200
265 100 1248,672,1224,1200
266 100 1248,672,1224,1200
267 100 912,192,1224,1224
268 100 1248,672,1224,1200
269 100 1248,672,1224,1200
270 100 1224,672,1224,1200
271 100 1224,672,1224,1200
272 100 1224,672,1224,1200
273 100 1224,672,1224,1200
274 100 1224,672,1224,1200
275 100 1224,672,1224,1200
276 100 1200,672,1224,1200
277 100 1200,672,1224,1200
278 100 1224,648,1224,1224
279 100 1224,648,1224,1224
280 100 1200,648,1224,1200
281 100 1200,648,1224,1200
282 100 1224,624,1224,1224
283 100 1224,624,1224,1224
284 100 1224,624,1224,1224
285 100 1224,624,1224,1224
286 100 1200,648,1224,1200
287 100 1200,648,1224,1200
288 100 1200,648,1224,1200
289 100 1200,648,1224,1200
290 100 1224,648,1224,1200
291 100 1224,648,1224,1200
292 100 1200,648,1224,1200
293 100 1200,648,1224,1200
294 100 1200,648,1224,1200
295 100 1200,648,1224,1200
296 100 1224,648,1224,1200
297 100 1224,648,1224,1200
298 100 1224,648,1224,1200
299 100 912,192,1224,1224
300 100 1224,648,1224,1200
301 100 1224,648,1224,1200
302 100 1224,648,1224,1200
303 100 1224,648,1224,1200
304 100 1224,648,1224,1200
305 100 1224,648,1224,1200
306 100 1224,648,1224,1200
307 100 1224,624,1224,1224
308 100 1224,624,1224,1224
309 100 1224,624,1224,1224
310 100 1224,624,1224,1224
311 100 1224,624,1224,1224
312 100 1224,624,1224,1224
313 100 1224,624,1224,1224
314 100 1224,624,1224,1224
315 100 888,192,1224,1224
316 100 1248,624,1224,1200
317 100 1248,624,1224,1200
318 100 1248,624,1224,1200
319 100 1248,624,1224,1200
320 100 1248,624,1224,1200
321 100 1248,624,1224,1200
322 100 1272,624,1224,1200
323 100 1272,624,1224,1200
324 100 1296,624,1224,1200
325 100 1296,624,1224,1200
326 100 1344,624,1224,1200
327 100 1344,624,1224,1200
328 100 1416,624,1224,1200
329 100 1416,624,1224,1200
330 100 1536,600,1224,1200
331 100 1536,600,1224,1200
332 100 1632,600,1224,1200
333 100 1632,600,1224,1200
334 100 1704,600,1224,1200
335 100 1704,600,1224,1200
336 100 1752,576,1224,1224
337 100 1752,576,1224,1224
338 100 1800,576,1224,1224
339 100 1800,576,1224,1224
340 100 1824,576,1224,1224
341 100 1824,576,1224,1224
342 100 1872,576,1224,1200
343 100 1872,576,1224,1200
344 100 1920,576,1224,1200
345 100 1920,576,1224,1200
346 100 1968,552,1224,1200
347 100 1968,552,1224,1200
348 100 1992,552,1224,1200
349 100 1992,552,1224,1200
350 100 2016,528,1224,1224
351 100 888,192,1224,1224
352 100 2016,528,1224,1224
353 100 2064,528,1224,1200
354 100 2064,528,1224,1200
355 100 2112,528,1224,1200
356 100 2112,528,1224,1200
357 100 2160,528,1224,1200
358 100 2160,528,1224,1200
359 100 2208,504,1224,1224
360 100 2208,504,1224,1224
361 100 2256,528,1224,1200
362 100 2256,528,1224,1200
363 100 2280,504,1224,1224
364 100 2280,504,1224,1224
365 100 2328,504,1224,1224
366 100 2328,504,1224,1224
367 100 2376,504,1224,1200
368 100 2376,504,1224,1200
369 100 2400,504,1224,1200
370 100 2400,504,1224,1200
371 100 2448,480,1224,1224
372 100 2448,480,1224,1224
373 100 2472,480,1224,1224
374 100 2472,480,1224,1224
375 100 2520,480,1224,1224
376 100 1008,336,1224,1248
377 100 2520,480,1224,1224
378 100 2544,504,1224,1200
379 100 2544,504,1224,1200
380 100 2568,480,1224,1224
381 100 2568,480,1224,1224
382 100 2616,480,1224,1200
383 100 2616,480,1224,1200
384 100 912,192,1224,1248
385 100 2616,480,1224,1200
386 100 2616,480,1224,1200
387 100 2664,456,1224,1224
388 100 2664,456,1224,1224
389 100 2736,456,1224,1200
390 100 2736,456,1224,1200
391 100 2760,432,1224,1200
392 100 2760,432,1224,1200
393 100 2808,432,1224,1200
394 100 2808,432,1224,1200
395 100 2856,408,1224,1224
396 100 936,240,1224,1224
397 100 2856,408,1224,1224
398 100 2904,408,1224,1200
399 100 2904,408,1224,1200
400 100 2928,384,1224,1224
401 100 2928,384,1224,1224
402 100 2880,384,1224,1200
403 100 2880,384,1224,1200
404 100 2928,360,1224,1224
405 100 2928,360,1224,1224
406 100 2880,336,1224,1224
407 100 2880,336,1224,1224
408 100 936,240,1224,1224
409 100 2952,336,1224,1200
410 100 2952,336,1224,1200
411 100 2976,312,1224,1200
412 100 2976,312,1224,1200
413 100 2976,288,1224,1224
414 100 2976,288,1224,1224
415 100 3024,288,1224,1200
416 100 3024,288,1224,1200
417 100 3072,288,1224,1200
418 100 3072,288,1224,1200
419 100 2976,264,1224,1224
420 100 2976,264,1224,1224
421 100 3024,264,1224,1200
422 100 3024,264,1224,1200
423 100 3024,264,1224,1200
424 100 3024,264,1224,1200
425 100 2976,240,1224,1224
426 100 2976,240,1224,1224
427 100 2976,240,1224,1200
428 100 2976,240,1224,1200
429 100 2976,240,1224,1224
430 100 2976,240,1224,1224
431 100 3096,240,1224,1224
432 100 1032,336,1224,1224
433 100 3096,240,1224,1224
434 100 3072,240,1224,1224
435 100 3072,240,1224,1224
436 100 3072,240,1224,1224
437 100 3072,240,1224,1224
438 100 3096,240,1224,1224
439 100 3096,240,1224,1224
440 100 3096,240,1224,1224
441 100 3096,240,1224,1224
442 100 2952,240,1224,1224
443 100 2952,240,1224,1224
444 100 2976,240,1224,1224
445 100 2976,240,1224,1224
446 100 3000,240,1224,1200
447 100 3000,240,1224,1200
448 100 2952,240,1224,1200
449 100 2952,240,1224,1200
450 100 2976,240,1224,1200
451 100 2976,240,1224,1200
452 100 2928,216,1224,1224
453 100 2928,216,1224,1224
454 100 2928,216,1224,1200
455 100 2928,216,1224,1200
456 100 2904,216,1224,1200
457 100 2904,216,1224,1200
458 100 2928,216,1224,1200
459 100 2928,216,1224,1200
460 100 2952,216,1224,1224
461 100 0,552,1224,1200
462 100 2952,216,1224,1224
463 100 2904,216,1224,1224
464 100 2904,216,1224,1224
465 100 2952,216,1224,1224
466 100 2952,216,1224,1224
467 100 2952,216,1224,1224
468 100 2952,216,1224,1224
469 100 2952,216,1224,1224
470 100 2952,216,1224,1224
471 100 2928,240,1224,1200
472 100 2928,240,1224,1200
473 100 2928,216,1224,1224
474 100 1800,576,1224,1224
475 100 2928,216,1224,1224
476 100 2952,240,1224,1200
477 100 1008,312,1224,1248
478 100 2952,240,1224,1200
479 100 2928,240,1224,1200
480 100 2928,240,1224,1200
481 100 2976,240,1224,1200
482 100 2976,240,1224,1200
483 100 2928,240,1224,1224
484 100 2928,240,1224,1224
485 100 3024,264,1224,1200
486 100 3024,264,1224,1200
487 100 3000,336,1224,1200
488 100 3000,336,1224,1200
489 100 3048,408,1224,1224
490 100 3048,408,1224,1224
491 100 3072,504,1224,1200
492 100 3072,504,1224,1200
493 100 3120,576,1224,1200
494 100 3120,576,1224,1200
495 100 3096,624,1224,1200
496 100 3096,624,1224,1200
497 100 3192,672,1224,1200
498 100 3192,672,1224,1200
499 100 3096,696,1224,1200
500 100 3096,696,1224,1200
501 100 3144,672,1224,1224
502 100 3144,672,1224,1224
503 100 3072,672,1224,1200
504 100 3072,672,1224,1200
505 100 3120,648,1224,1224
506 100 3120,648,1224,1224
507 100 3168,672,1224,1200
508 100 3168,672,1224,1200
509 100 3120,672,1224,1224
510 100 3120,672,1224,1224
511 100 3072,696,1224,1200
512 100 3072,696,1224,1200
513 100 3000,672,1224,1224
514 100 3000,672,1224,1224
515 100 2928,672,1224,1200
516 100 2928,672,1224,1200
517 100 2760,672,1224,1200
518 100 2760,672,1224,1200
519 100 2616,672,1224,1224
520 100 2616,672,1224,1224
521 100 2472,672,1224,1200
522 100 2472,672,1224,1200
523 100 2424,672,1224,1224
524 100 2424,672,1224,1224
525 100 2400,696,1224,1200
526 100 2400,696,1224,1200
527 100 2400,696,1224,1200
528 100 2400,696,1224,1200
529 100 2400,696,1224,1200
530 100 2400,696,1224,1200
531 100 2400,696,1224,1200
532 100 0,336,1224,1224
533 100 2400,696,1224,1200
534 100 2400,696,1224,1200
535 100 2400,696,1224,1200
536 100 1008,312,1224,1224
537 100 2400,696,1224,1200
538 100 2400,696,1224,1200
539 100 2400,696,1224,1200
540 100 2400,696,1224,1200
541 100 2400,696,1224,1200
542 100 2400,696,1224,1200
543 100 2400,696,1224,1200
544 100 2400,696,1224,1200
545 100 2400,696,1224,1224
546 100 2400,696,1224,1224
547 100 2400,696,1224,1224
548 100 2400,696,1224,1224
549 100 2400,696,1224,1200
550 100 2400,696,1224,1200
551 100 2400,696,1224,1200
552 100 2400,696,1224,1200
553 100 2400,696,1224,1200
554 100 2400,696,1224,1200
555 100 2400,696,1224,1200
556 100 2400,696,1224,1200
557 100 2400,696,1224,1200
558 100 2400,696,1224,1200
559 100 2400,696,1224,1200
560 100 2400,696,1224,1200
561 100 2400,696,1224,1224
562 100 2400,696,1224,1224
563 100 2400,696,1224,1224
564 100 2400,696,1224,1224
565 100 2424,696,1224,1224
566 100 2424,696,1224,1224
567 100 2496,720,1224,1200
568 100 2496,720,1224,1200
569 100 2640,720,1224,1200
570 100 2640,720,1224,1200
571 100 2760,744,1224,1200
572 100 2760,744,1224,1200
573 100 2904,768,1224,1224
574 100 2904,768,1224,1224
575 100 3024,792,1224,1200
576 100 3024,792,1224,1200
577 100 3096,840,1224,1200
578 100 3096,840,1224,1200
579 100 3432,864,1224,1200
580 100 3432,864,1224,1200
581 100 3432,864,1224,1224
582 100 3432,864,1224,1224
583 100 3072,888,1224,1200
584 100 3072,888,1224,1200
585 100 3144,912,1224,1200
586 100 3144,912,1224,1200
587 100 3072,912,1224,1200
588 100 3072,912,1224,1200
589 100 3000,912,1224,1200
590 100 3000,912,1224,1200
591 100 2976,912,1224,1200
592 100 2976,912,1224,1200
593 100 3456,912,1224,1224
594 100 3456,912,1224,1224
595 100 3360,912,1224,1224
596 100 3360,912,1224,1224
597 100 3048,936,1224,1200
598 100 3048,936,1224,1200
599 100 3216,936,1224,1200
600 100 3216,936,1224,1200
601 100 2976,912,1224,1200
602 100 2976,912,1224,1200
603 100 3264,912,1224,1200
604 100 3264,912,1224,1200
605 100 144,888,1224,1224
606 100 144,888,1224,1224
607 100 3120,888,1224,1200
608 100 3120,888,1224,1200
609 100 48,888,1224,1200
610 100 48,888,1224,1200
611 100 3168,864,1224,1200
612 100 3168,864,1224,1200
613 100 168,840,1224,1224
614 100 168,840,1224,1224
615 100 48,816,1224,1224
616 100 48,816,1224,1224
617 100 72,792,1224,1200
618 100 72,792,1224,1200
619 100 0,744,1224,1200
620 100 0,744,1224,1200
621 100 0,720,1224,1200
622 100 0,720,1224,1200
623 100 24,672,1224,1200
624 100 24,672,1224,1200
625 100 0,648,1224,1224
626 100 0,648,1224,1224
627 100 24,624,1224,1200
628 100 24,624,1224,1200
629 100 24,624,1224,1200
630 100 984,288,1224,1224
631 100 0,600,1224,1224
632 100 0,600,1224,1224
633 100 24,600,1224,1200
634 100 24,600,1224,1200
635 100 0,600,1224,1200
636 100 0,600,1224,1200
637 100 0,576,1224,1224
638 100 0,576,1224,1224
639 100 0,576,1224,1200
640 100 0,576,1224,1200
641 100 0,576,1224,1200
642 100 0,576,1224,1200
643 100 0,552,1224,1224
644 100 0,552,1224,1224
645 100 0,552,1224,1224
646 100 0,552,1224,1224
647 100 0,552,1224,1200
648 100 0,552,1224,1200
649 100 0,552,1224,1200
650 100 0,552,1224,1200
651 100 24,552,1224,1224
652 100 24,552,1224,1224
653 100 24,552,1224,1224
654 100 24,552,1224,1224
655 100 24,552,1224,1224
656 100 24,552,1224,1224
657 100 24,552,1224,1200
658 100 24,552,1224,1200
659 100 48,552,1224,1200
660 100 48,552,1224,1200
661 100 48,552,1224,1200
662 100 48,552,1224,1200
663 100 48,552,1224,1200
664 100 48,552,1224,1200
665 100 48,552,1224,1200
666 100 48,552,1224,1200
667 100 48,552,1224,1200
668 100 48,552,1224,1200
669 100 72,552,1224,1200
670 100 72,552,1224,1200
671 100 72,552,1224,1200
672 100 72,552,1224,1200
673 100 72,552,1224,1200
674 100 72,552,1224,1200
675 100 72,552,1224,1200
676 100 72,552,1224,1200
677 100 96,552,1224,1200
678 100 96,552,1224,1200
679 100 96,552,1224,1200
680 100 96,552,1224,1200
681 100 120,528,1224,1224
682 100 120,528,1224,1224
683 100 168,528,1224,1224
684 100 168,528,1224,1224
685 100 192,528,1224,1200
686 100 192,528,1224,1200
687 100 264,528,1224,1224
688 100 264,528,1224,1224
689 100 288,528,1224,1200
690 100 288,528,1224,1200
691 100 336,528,1224,1224
692 100 336,528,1224,1224
693 100 336,528,1224,1224
694 100 336,528,1224,1224
695 100 360,528,1224,1224
696 100 360,528,1224,1224
697 100 360,528,1224,1224
698 100 360,528,1224,1224
699 100 384,552,1224,1200
700 100 384,552,1224,1200
701 100 384,552,1224,1200
702 100 384,552,1224,1200
703 100 408,552,1224,1200
704 100 408,552,1224,1200
705 100 432,552,1224,1200
706 100 432,552,1224,1200
707 100 456,552,1224,1200
708 100 456,552,1224,1200
709 100 456,552,1224,1200
710 100 456,552,1224,1200
711 100 480,552,1224,1200
712 100 480,552,1224,1200
713 100 504,552,1224,1200
714 100 504,552,1224,1200
715 100 528,552,1224,1200
716 100 528,552,1224,1200
717 100 528,528,1224,1224
718 100 528,528,1224,1224
719 100 552,528,1224,1224
720 100 552,528,1224,1224
721 100 552,528,1224,1200
722 100 552,528,1224,1200
723 100 960,264,1224,1224
724 100 576,528,1224,1200
725 100 576,528,1224,1200
726 100 576,528,1224,1200
727 100 552,528,1224,1200
728 100 552,528,1224,1200
729 100 528,528,1224,1200
730 100 528,528,1224,1200
731 100 456,528,1224,1224
732 100 456,528,1224,1224
733 100 360,552,1224,1224
734 100 360,552,1224,1224
735 100 240,576,1224,1200
736 100 240,576,1224,1200
737 100 168,576,1224,1200
738 100 168,576,1224,1200
739 100 120,552,1224,1224
740 100 120,552,1224,1224
741 100 72,552,1224,1200
742 100 72,552,1224,1200
743 100 48,552,1224,1200
744 100 48,552,1224,1200
745 100 48,528,1224,1224
746 100 48,528,1224,1224
747 100 72,528,1224,1200
748 100 72,528,1224,1200
749 100 72,528,1224,1200
750 100 72,528,1224,1200
751 100 72,504,1224,1200
752 100 72,504,1224,1200
753 100 24,456,1224,1200
754 100 24,456,1224,1200
755 100 0,408,1224,1200
756 100 0,408,1224,1200
757 100 0,360,1224,1200
758 100 0,360,1224,1200
759 100 0,336,1224,1200
760 100 0,336,1224,1200
761 100 0,312,1224,1200
762 100 0,312,1224,1200
763 100 0,288,1224,1200
764 100 0,288,1224,1200
765 100 0,288,1224,1224
766 100 0,288,1224,1224
767 100 0,288,1224,1200
768 100 0,288,1224,1200
769 100 0,288,1224,1200
770 100 0,288,1224,1200
771 100 0,288,1224,1200
772 100 0,288,1224,1200
773 100 0,288,1224,1200
774 100 0,288,1224,1200
775 100 0,288,1224,1200
776 100 0,288,1224,1200
777 100 0,288,1224,1200
778 100 0,288,1224,1200
779 100 0,288,1224,1200
780 100 0,288,1224,1200
781 100 0,288,1224,1200
782 100 0,288,1224,1200
783 100 48,288,1224,1200
784 100 48,288,1224,1200
785 100 0,288,1224,1200
786 100 0,288,1224,1200
787 100 0,264,1224,1224
788 100 24,456,1224,1200
789 100 0,264,1224,1224
790 100 0,264,1224,1224
791 100 0,264,1224,1224
792 100 24,264,1224,1224
793 100 24,264,1224,1224
794 100 24,264,1224,1200
795 100 24,264,1224,1200
796 100 0,288,1224,1200
797 100 0,288,1224,1200
798 100 0,264,1224,1224
799 100 0,264,1224,1224
800 100 48,288,1224,1224
801 100 48,288,1224,1224
802 100 24,312,1224,1200
803 100 24,312,1224,1200
804 100 0,312,1224,1200
805 100 0,312,1224,1200
806 100 0,312,1224,1200
807 100 0,312,1224,1200
808 100 24,312,1224,1200
809 100 24,312,1224,1200
810 100 24,288,1224,1200
811 100 24,288,1224,1200
812 100 0,264,1224,1224
813 100 0,264,1224,1224
814 100 24,264,1224,1224
815 100 24,264,1224,1224
816 100 24,264,1224,1224
817 100 24,264,1224,1224
818 100 0,288,1224,1200
819 100 0,288,1224,1200
820 100 48,264,1224,1224
821 100 48,264,1224,1224
822 100 24,264,1224,1224
823 100 24,264,1224,1224
824 100 0,288,1224,1200
825 100 0,288,1224,1200
826 100 48,288,1224,1224
827 100 48,288,1224,1224
828 100 24,288,1224,1224
829 100 24,288,1224,1224
830 100 0,312,1224,1200
831 100 0,312,1224,1200
832 100 0,312,1224,1224
833 100 0,312,1224,1224
834 100 0,312,1224,1224
835 100 0,312,1224,1224
836 100 24,312,1224,1224
837 100 24,312,1224,1224
838 100 24,312,1224,1224
839 100 24,312,1224,1224
840 100 24,312,1224,1224
841 100 24,312,1224,1224
842 100 24,312,1224,1224
843 100 24,312,1224,1224
844 100 0,312,1224,1224
845 100 0,312,1224,1224
846 100 0,312,1224,1224
847 100 0,312,1224,1224
848 100 24,312,1224,1200
849 100 24,312,1224,1200
850 100 24,288,1224,1224
851 100 24,288,1224,1224
852 100 0,288,1224,1224
853 100 0,288,1224,1224
854 100 24,312,1224,1200
855 100 24,312,1224,1200
856 100 0,312,1224,1224
857 100 0,312,1224,1224
858 100 0,336,1224,1224
859 100 0,336,1224,1224
860 100 0,360,1224,1224
861 100 0,360,1224,1224
862 100 0,384,1224,1224
863 100 0,384,1224,1224
864 100 24,408,1224,1200
865 100 24,408,1224,1200
866 100 0,408,1224,1224
867 100 0,408,1224,1224
868 100 24,360,1224,1224
869 100 24,360,1224,1224
870 100 24,336,1224,1200
871 100 24,336,1224,1200
872 100 24,312,1224,1200
873 100 24,312,1224,1200
874 100 0,312,1224,1224
875 100 0,312,1224,1224
876 100 0,312,1224,1224
877 100 0,312,1224,1224
878 100 0,336,1224,1224
879 100 0,336,1224,1224
880 100 24,360,1224,1224
881 100 24,360,1224,1224
882 100 24,360,1224,1224
883 100 24,360,1224,1224
884 100 24,360,1224,1224
885 100 24,360,1224,1224
886 100 24,360,1224,1200
887 100 24,360,1224,1200
888 100 24,336,1224,1224
889 100 24,336,1224,1224
890 100 24,336,1224,1200
891 100 24,336,1224,1200
892 100 0,336,1224,1200
893 100 0,336,1224,1200
894 100 24,336,1224,1224
895 100 912,216,1224,1224
896 100 24,336,1224,1224
897 100 24,336,1224,1224
898 100 24,336,1224,1224
899 100 24,336,1224,1224
900 100 24,336,1224,1224
901 100 0,336,1224,1224
902 100 0,336,1224,1224
903 100 24,336,1224,1224
904 100 24,336,1224,1224
905 100 24,336,1224,1224
906 100 24,336,1224,1224
907 100 24,336,1224,1224
908 100 24,336,1224,1224
909 100 0,336,1224,1224
910 100 0,336,1224,1224
911 100 24,336,1224,1200
912 100 24,336,1224,1200
913 100 0,336,1224,1200
914 100 0,336,1224,1200
915 100 0,336,1224,1224
916 100 0,336,1224,1224
917 100 24,336,1224,1224
918 100 24,336,1224,1224
919 100 24,336,1224,1224
920 100 24,336,1224,1224
921 100 24,336,1224,1224
922 100 24,336,1224,1224
923 100 24,336,1224,1224
924 100 24,336,1224,1224
925 100 24,336,1224,1224
926 100 24,336,1224,1224
927 100 0,336,1224,1224
928 100 24,624,1224,1200
929 100 0,336,1224,1224
930 100 0,336,1224,1224
931 100 0,360,1224,1200
932 100 0,360,1224,1200
933 100 0,360,1224,1224
934 100 0,360,1224,1224
935 100 96,672,1224,1200
936 100 24,384,1224,1200
937 100 24,384,1224,1200
938 100 96,384,1224,1200
939 100 96,384,1224,1200
940 100 168,384,1224,1224
941 100 168,384,1224,1224
942 100 216,408,1224,1200
943 100 216,408,1224,1200
944 100 264,432,1224,1200
945 100 264,432,1224,1200
946 100 312,432,1224,1200
947 100 312,432,1224,1200
948 100 312,432,1224,1224
949 100 312,432,1224,1224
950 100 336,456,1224,1200
951 100 336,456,1224,1200
952 100 336,432,1224,1224
953 100 336,432,1224,1224
954 100 360,432,1224,1200
955 100 360,432,1224,1200
956 100 360,432,1224,1200
957 100 360,432,1224,1200
958 100 384,432,1224,1200
959 100 384,432,1224,1200
960 100 408,432,1224,1224
961 100 408,432,1224,1224
962 100 432,432,1224,1224
963 100 432,432,1224,1224
964 100 456,456,1224,1200
965 100 456,456,1224,1200
966 100 72,312,1224,1224
967 100 480,480,1224,1200
968 100 480,480,1224,1200
969 100 504,528,1224,1200
970 100 504,528,1224,1200
971 100 504,576,1224,1200
972 100 504,576,1224,1200
973 100 528,576,1224,1224
974 100 528,576,1224,1224
975 100 528,600,1224,1200
976 100 528,600,1224,1200
977 100 576,600,1224,1200
978 100 576,600,1224,1200
979 100 600,600,1224,1200
980 100 600,600,1224,1200
981 100 600,600,1224,1200
982 100 600,600,1224,1200
983 100 624,600,1224,1224
984 100 624,600,1224,1224
985 100 648,624,1224,1224
986 100 648,624,1224,1224
987 100 648,648,1224,1200
988 100 648,648,1224,1200
989 100 648,648,1224,1200
990 100 648,648,1224,1200
991 100 672,648,1224,1200
992 100 672,648,1224,1200
993 100 672,624,1224,1224
994 100 672,624,1224,1224
995 100 696,624,1224,1200
996 100 696,624,1224,1200
997 100 720,624,1224,1200
998 100 720,624,1224,1200
999 100 720,624,1224,1200
1000 100 720,624,1224,1200
1001 100 744,624,1224,1200
1002 100 744,624,1224,1200
1003 100 768,600,1224,1200
1004 100 768,600,1224,1200
1005 100 768,552,1224,1224
1006 100 768,552,1224,1224
1007 100 792,528,1224,1200
1008 100 936,216,1224,1224
1009 100 792,528,1224,1200
1010 100 816,504,1224,1224
1011 100 816,504,1224,1224
1012 100 840,504,1224,1200
1013 100 840,504,1224,1200
1014 100 816,456,1224,1224
1015 100 816,456,1224,1224
1016 100 816,456,1224,1224
1017 100 816,456,1224,1224
1018 100 816,456,1224,1224
1019 100 816,456,1224,1224
1020 100 816,456,1224,1200
1021 100 816,456,1224,1200
1022 100 816,456,1224,1200
1023 100 816,456,1224,1200
1024 100 792,432,1224,1224
1025 100 792,432,1224,1224
1026 100 792,432,1224,1200
1027 100 792,432,1224,1200
1028 100 792,432,1224,1200
1029 100 792,432,1224,1200
1030 100 792,408,1224,1200
1031 100 792,408,1224,1200
1032 100 792,408,1224,1200
1033 100 792,408,1224,1200
1034 100 768,408,1224,1200
1035 100 768,408,1224,1200
1036 100 768,408,1224,1224
1037 100 768,408,1224,1224
1038 100 768,408,1224,1224
1039 100 768,408,1224,1224
1040 100 768,408,1224,1224
1041 100 768,408,1224,1224
1042 100 744,408,1224,1224
1043 100 744,408,1224,1224
1044 100 720,432,1224,1200
1045 100 720,432,1224,1200
1046 100 696,432,1224,1224
1047 100 696,432,1224,1224
1048 100 648,456,1224,1200
1049 100 648,456,1224,1200
1050 100 648,456,1224,1200
1051 100 648,456,1224,1200
1052 100 648,456,1224,1224
1053 100 648,456,1224,1224
1054 100 648,480,1224,1200
1055 100 648,480,1224,1200
1056 100 648,456,1224,1224
1057 100 648,456,1224,1224
1058 100 672,456,1224,1224
1059 100 672,456,1224,1224
1060 100 672,480,1224,1200
1061 100 672,480,1224,1200
1062 100 672,480,1224,1200
1063 100 672,480,1224,1200
1064 100 648,480,1224,1200
1065 100 648,480,1224,1200
1066 100 672,480,1224,1200
1067 100 672,480,1224,1200
1068 100 672,480,1224,1200
1069 100 672,480,1224,1200
1070 100 672,480,1224,1224
1071 100 672,480,1224,1224
1072 100 672,480,1224,1224
1073 100 672,480,1224,1224
1074 100 672,480,1224,1200
1075 100 672,480,1224,1200
1076 100 672,480,1224,1224
1077 100 672,480,1224,1224
1078 100 672,480,1224,1224
1079 100 672,480,1224,1224
1080 100 672,504,1224,1200
1081 100 672,504,1224,1200
1082 100 672,504,1224,1200
1083 100 672,504,1224,1200
1084 100 672,504,1224,1200
1085 100 672,504,1224,1200
1086 100 672,504,1224,1200
1087 100 672,504,1224,1200
1088 100 648,504,1224,1200
1089 100 648,504,1224,1200
1090 100 672,504,1224,1224
1091 100 672,504,1224,1224
1092 100 672,504,1224,1224
1093 100 672,504,1224,1224
1094 100 744,528,1224,1200
1095 100 744,528,1224,1200
1096 100 840,552,1224,1200
1097 100 840,552,1224,1200
1098 100 936,552,1224,1224
1099 100 936,552,1224,1224
1100 100 1008,576,1224,1200
1101 100 1008,576,1224,1200
1102 100 1056,552,1224,1224
1103 100 1056,552,1224,1224
1104 100 1080,552,1224,1224
1105 100 1080,552,1224,1224
1106 100 1080,576,1224,1200
1107 100 1080,576,1224,1200
1108 100 1104,552,1224,1224
1109 100 1104,552,1224,1224
1110 100 1104,552,1224,1224
1111 100 1104,552,1224,1224
1112 100 1104,552,1224,1200
1113 100 1104,552,1224,1200
1114 100 1104,552,1224,1200
1115 100 1104,552,1224,1200
1116 100 1104,552,1224,1224
1117 100 1104,552,1224,1224
1118 100 1104,576,1224,1200
1119 100 1104,576,1224,1200
1120 100 1104,576,1224,1224
1121 100 1104,576,1224,1224
1122 100 1104,600,1224,1224
1123 100 1104,600,1224,1224
1124 100 1104,624,1224,1224
1125 100 1104,624,1224,1224
1126 100 1104,672,1224,1200
1127 100 1104,672,1224,1200
1128 100 1128,672,1224,1200
1129 100 1128,672,1224,1200
1130 100 1152,672,1224,1224
1131 100 1152,672,1224,1224
1132 100 1152,672,1224,1224
1133 100 1152,672,1224,1224
1134 100 1152,672,1224,1200
1135 100 1152,672,1224,1200
1136 100 912,216,1224,1224
1137 100 1152,672,1224,1224
1138 100 1152,672,1224,1224
1139 100 1152,696,1224,1200
1140 100 1152,696,1224,1200
1141 100 1176,696,1224,1200
1142 100 1176,696,1224,1200
1143 100 1176,696,1224,1200
1144 100 1176,696,1224,1200
1145 100 1176,696,1224,1200
1146 100 1176,696,1224,1200
1147 100 1176,696,1224,1200
1148 100 1176,696,1224,1200
1149 100 1200,696,1224,1224
1150 100 1200,696,1224,1224
1151 100 1200,696,1224,1224
1152 100 1200,696,1224,1224
1153 100 1224,720,1224,1200
1154 100 1224,720,1224,1200
1155 100 1224,720,1224,1200
1156 100 1224,720,1224,1200
1157 100 1224,720,1224,1200
1158 100 1224,720,1224,1200
1159 100 1224,720,1224,1200
1160 100 1224,720,1224,1200
1161 100 1224,720,1224,1200
1162 100 1224,720,1224,1200
1163 100 1248,720,1224,1200
1164 100 1248,720,1224,1200
1165 100 1248,696,1224,1224
1166 100 1248,696,1224,1224
1167 100 1272,696,1224,1200
1168 100 1272,696,1224,1200
1169 100 1272,672,1224,1200
1170 100 1272,672,1224,1200
1171 100 1296,624,1224,1224
1172 100 1296,624,1224,1224
1173 100 1296,624,1224,1200
1174 100 1296,624,1224,1200
1175 100 1296,600,1224,1200
1176 100 912,192,1224,1224
1177 100 1296,600,1224,1200
1178 100 1272,576,1224,1200
1179 100 1272,576,1224,1200
1180 100 1272,552,1224,1200
1181 100 1272,552,1224,1200
1182 100 1272,528,1224,1200
1183 100 1272,528,1224,1200
1184 100 1272,528,1224,1200
1185 100 1272,528,1224,1200
1186 100 1296,504,1224,1200
1187 100 1296,504,1224,1200
1188 100 1296,504,1224,1200
1189 100 1296,504,1224,1200
1190 100 1296,480,1224,1224
1191 100 1296,480,1224,1224
1192 100 1320,480,1224,1200
1193 100 1320,480,1224,1200
1194 100 1320,480,1224,1200
1195 100 1320,480,1224,1200
1196 100 1320,480,1224,1200
1197 100 1320,480,1224,1200
1198 100 1320,480,1224,1200
1199 100 1320,480,1224,1200
1200 100 1320,456,1224,1224
1201 100 1320,456,1224,1224
1202 100 1320,456,1224,1224
1203 100 1320,456,1224,1224
1204 100 1320,456,1224,1224
1205 100 1320,456,1224,1224
1206 100 1296,456,1224,1224
1207 100 1296,456,1224,1224
1208 100 1296,456,1224,1224
1209 100 1296,456,1224,1224
1210 100 1296,456,1224,1200
1211 100 1296,456,1224,1200
1212 100 912,216,1224,1224
1213 100 1296,456,1224,1200
1214 100 1296,456,1224,1200
1215 100 1296,456,1224,1200
1216 100 1296,456,1224,1200
1217 100 1296,456,1224,1200
1218 100 1296,456,1224,1200
1219 100 1296,456,1224,1200
1220 100 1296,456,1224,1200
1221 100 1296,456,1224,1200
1222 100 1296,456,1224,1200
1223 100 1296,456,1224,1200
1224 100 1296,456,1224,1200
1225 100 1296,456,1224,1200
1226 100 1296,456,1224,1200
1227 100 1296,456,1224,1200
1228 100 1296,456,1224,1200
1229 100 1296,456,1224,1200
1230 100 1296,456,1224,1200
1231 100 1296,456,1224,1200
1232 100 1296,456,1224,1200
1233 100 1296,456,1224,1200
1234 100 1296,456,1224,1200
1235 100 1296,456,1224,1200
1236 100 1296,456,1224,1200
1237 100 1272,456,1224,1200
1238 100 1272,456,1224,1200
1239 100 1248,456,1224,1224
1240 100 1248,456,1224,1224
1241 100 1176,456,1224,1200
1242 100 1176,456,1224,1200
1243 100 1104,456,1224,1200
1244 100 1104,456,1224,1200
1245 100 1056,456,1224,1200
1246 100 1056,456,1224,1200
1247 100 1008,432,1224,1224
1248 100 1008,432,1224,1224
1249 100 960,432,1224,1224
1250 100 960,432,1224,1224
1251 100 936,456,1224,1200
1252 100 936,456,1224,1200
1253 100 912,456,1224,1200
1254 100 912,456,1224,1200
1255 100 888,456,1224,1200
1256 100 888,456,1224,1200
1257 100 864,456,1224,1200
1258 100 864,456,1224,1200
1259 100 840,456,1224,1200
1260 100 840,456,1224,1200
1261 100 816,456,1224,1200
1262 100 816,456,1224,1200
1263 100 816,456,1224,1200
1264 100 816,456,1224,1200
1265 100 816,456,1224,1200
1266 100 816,456,1224,1200
1267 100 816,456,1224,1200
1268 100 816,456,1224,1200
1269 100 816,456,1224,1224
1270 100 816,456,1224,1224
1271 100 912,192,1224,1224
1272 100 816,456,1224,1224
1273 100 816,456,1224,1224
1274 100 816,456,1224,1224
1275 100 816,456,1224,1224
1276 100 816,480,1224,1200
1277 100 816,480,1224,1200
1278 100 816,480,1224,1200
1279 100 816,480,1224,1200
1280 100 816,480,1224,1200
1281 100 816,480,1224,1200
1282 100 816,480,1224,1200
1283 100 816,480,1224,1200
1284 100 816,480,1224,1200
1285 100 816,480,1224,1200
1286 100 816,480,1224,1200
1287 100 816,480,1224,1200
1288 100 816,480,1224,1200
1289 100 816,480,1224,1200
1290 100 816,480,1224,1200
1291 100 816,480,1224,1200
1292 100 816,480,1224,1200
1293 100 816,480,1224,1200
1294 100 840,480,1224,1200
1295 100 840,480,1224,1200
1296 100 864,456,1224,1224
1297 100 864,456,1224,1224
1298 100 912,456,1224,1224
1299 100 912,456,1224,1224
1300 100 1008,480,1224,1200
1301 100 1008,480,1224,1200
1302 100 1080,480,1224,1200
1303 100 1080,480,1224,1200
1304 100 1152,480,1224,1200
1305 100 1152,480,1224,1200
1306 100 1200,480,1224,1200
1307 100 1200,480,1224,1200
1308 100 1224,480,1224,1200
1309 100 1224,480,1224,1200
1310 100 1224,480,1224,1200
1311 100 1224,480,1224,1200
1312 100 1200,480,1224,1200
1313 100 1200,480,1224,1200
1314 100 1200,480,1224,1200
1315 100 1200,480,1224,1200
1316 100 1200,480,1224,1200
1317 100 1200,480,1224,1200
1318 100 1200,480,1224,1200
1319 100 1200,480,1224,1200
1320 100 1176,480,1224,1200
1321 100 1176,480,1224,1200
1322 100 1176,480,1224,1200
1323 100 1176,480,1224,1200
1324 100 1176,480,1224,1200
1325 100 1176,480,1224,1200
1326 100 1128,480,1224,1200
1327 100 1128,480,1224,1200
1328 100 1056,480,1224,1200
1329 100 1056,480,1224,1200
1330 100 960,480,1224,1200
1331 100 960,480,1224,1200
1332 100 864,456,1224,1224
1333 100 864,456,1224,1224
1334 100 768,456,1224,1224
1335 100 768,456,1224,1224
1336 100 696,456,1224,1224
1337 100 696,456,1224,1224
1338 100 600,456,1224,1224
1339 100 600,456,1224,1224
1340 100 528,456,1224,1200
1341 100 528,456,1224,1200
1342 100 456,456,1224,1200
1343 100 456,456,1224,1200
1344 100 384,456,1224,1200
1345 100 384,456,1224,1200
1346 100 312,432,1224,1224
1347 100 312,432,1224,1224
1348 100 240,432,1224,1224
1349 100 240,432,1224,1224
1350 100 192,432,1224,1224
1351 100 192,432,1224,1224
1352 100 144,432,1224,1200
1353 100 144,432,1224,1200
1354 100 96,432,1224,1200
1355 100 96,432,1224,1200
1356 100 48,432,1224,1200
1357 100 48,432,1224,1200
1358 100 24,432,1224,1200
1359 100 24,432,1224,1200
1360 100 0,432,1224,1200
1361 100 0,432,1224,1200
1362 100 0,432,1224,1200
1363 100 888,192,1224,1224
1364 100 0,432,1224,1200
1365 100 24,408,1224,1224
1366 100 24,408,1224,1224
1367 100 0,408,1224,1200
1368 100 0,408,1224,1200
1369 100 0,384,1224,1224
1370 100 0,384,1224,1224
1371 100 24,384,1224,1224
1372 100 24,384,1224,1224
1373 100 0,384,1224,1224
1374 100 0,384,1224,1224
1375 100 24,384,1224,1224
1376 100 24,384,1224,1224
1377 100 0,384,1224,1224
1378 100 0,384,1224,1224
1379 100 24,384,1224,1224
1380 100 24,384,1224,1224
1381 100 0,384,1224,1200
1382 100 0,384,1224,1200
1383 100 48,384,1224,1200
1384 100 48,384,1224,1200
1385 100 24,384,1224,1200
1386 100 24,384,1224,1200
1387 100 0,384,1224,1200
1388 100 0,384,1224,1200
1389 100 24,384,1224,1200
1390 100 24,384,1224,1200
1391 100 3384,384,1224,1200
1392 100 3384,384,1224,1200
1393 100 3408,384,1224,1200
1394 100 3408,384,1224,1200
1395 100 3384,384,1224,1200
1396 100 3384,384,1224,1200
1397 100 96,384,1224,1224
1398 100 96,384,1224,1224
1399 100 24,384,1224,1224
1400 100 1320,648,1224,1200
1401 100 24,384,1224,1224
1402 100 0,384,1224,1224
1403 100 0,384,1224,1224
1404 100 48,384,1224,1224
1405 100 48,384,1224,1224
1406 100 3432,384,1224,1200
1407 100 3432,384,1224,1200
1408 100 3456,384,1224,1200
1409 100 3456,384,1224,1200
1410 100 3456,384,1224,1200
1411 100 3456,384,1224,1200
1412 100 3528,384,1224,1200
1413 100 3528,384,1224,1200
1414 100 3504,384,1224,1200
1415 100 3504,384,1224,1200
1416 100 3432,384,1224,1200
1417 100 3432,384,1224,1200
1418 100 3384,384,1224,1200
1419 100 3384,384,1224,1200
1420 100 3408,384,1224,1200
1421 100 3408,384,1224,1200
1422 100 3720,384,1224,1224
1423 100 3720,384,1224,1224
1424 100 3576,384,1224,1224
1425 100 3576,384,1224,1224
1426 100 3504,408,1224,1200
1427 100 3504,408,1224,1200
1428 100 3528,384,1224,1224
1429 100 3528,384,1224,1224
1430 100 3624,384,1224,1224
1431 100 3624,384,1224,1224
1432 100 3384,384,1224,1200
1433 100 3384,384,1224,1200
1434 100 3504,384,1224,1200
1435 100 3504,384,1224,1200
1436 100 3384,360,1224,1224
1437 100 3384,360,1224,1224
1438 100 3336,360,1224,1224
1439 100 3336,360,1224,1224
1440 100 3312,360,1224,1224
1441 100 3312,360,1224,1224
1442 100 3336,360,1224,1224
1443 100 3336,360,1224,1224
1444 100 3408,360,1224,1200
1445 100 3408,360,1224,1200
1446 100 3432,360,1224,1200
1447 100 3432,360,1224,1200
1448 100 3480,360,1224,1200
1449 100 3480,360,1224,1200
1450 100 3384,336,1224,1200
1451 100 3384,336,1224,1200
1452 100 3528,312,1224,1224
1453 100 3528,312,1224,1224
1454 100 3528,288,1224,1224
1455 100 3528,288,1224,1224
1456 100 3360,288,1224,1200
1457 100 3360,288,1224,1200
1458 100 3432,288,1224,1200
1459 100 3432,288,1224,1200
1460 100 3336,264,1224,1224
1461 100 3336,264,1224,1224
1462 100 3456,288,1224,1200
1463 100 3456,288,1224,1200
1464 100 3408,288,1224,1200
1465 100 3408,288,1224,1200
1466 100 3504,264,1224,1224
1467 100 3504,264,1224,1224
1468 100 3504,288,1224,1200
1469 100 3504,288,1224,1200
1470 100 3480,288,1224,1200
1471 100 3480,288,1224,1200
1472 100 3384,288,1224,1200
1473 100 3384,288,1224,1200
1474 100 3384,312,1224,1200
1475 100 3384,312,1224,1200
1476 100 0,312,1224,1224
1477 100 0,312,1224,1224
1478 100 24,336,1224,1200
1479 100 24,336,1224,1200
1480 100 0,336,1224,1200
1481 100 0,336,1224,1200
1482 100 0,336,1224,1200
1483 100 0,336,1224,1200
1484 100 24,336,1224,1200
1485 100 24,336,1224,1200
1486 100 48,336,1224,1200
1487 100 48,336,1224,1200
1488 100 576,528,1224,1200
1489 100 72,312,1224,1224
1490 100 48,312,1224,1200
1491 100 48,312,1224,1200
1492 100 48,312,1224,1200
1493 100 48,312,1224,1200
1494 100 48,312,1224,1224
1495 100 48,312,1224,1224
1496 100 48,312,1224,1200
1497 100 48,312,1224,1200
1498 100 48,312,1224,1224
1499 100 48,312,1224,1224
1500 100 24,312,1224,1224
1501 100 24,312,1224,1224
1502 100 48,312,1224,1224
1503 100 48,312,1224,1224
1504 100 24,312,1224,1224
1505 100 24,312,1224,1224
1506 100 24,312,1224,1224
1507 100 24,312,1224,1224
1508 100 0,336,1224,1200
1509 100 0,336,1224,1200
1510 100 0,336,1224,1200
1511 100 0,336,1224,1200
1512 100 96,336,1224,1200
1513 100 96,336,1224,1200
1514 100 72,336,1224,1200
1515 100 72,336,1224,1200
1516 100 96,336,1224,1200
1517 100 96,336,1224,1200
1518 100 48,336,1224,1200
1519 100 48,336,1224,1200
1520 100 72,360,1224,1200
1521 100 72,360,1224,1200
1522 100 72,384,1224,1200
1523 100 72,384,1224,1200
1524 100 24,408,1224,1224
1525 100 24,408,1224,1224
1526 100 24,456,1224,1224
1527 100 24,456,1224,1224
1528 100 48,504,1224,1200
1529 100 888,192,1224,1224
1530 100 48,504,1224,1200
1531 100 48,528,1224,1200
1532 100 48,528,1224,1200
1533 100 96,528,1224,1224
1534 100 96,528,1224,1224
1535 100 96,528,1224,1224
1536 100 96,528,1224,1224
1537 100 24,552,1224,1200
1538 100 24,552,1224,1200
1539 100 0,552,1224,1200
1540 100 0,552,1224,1200
1541 100 0,552,1224,1200
1542 100 0,552,1224,1200
1543 100 3384,552,1224,1200
1544 100 3384,552,1224,1200
1545 100 168,552,1224,1224
1546 100 168,552,1224,1224
1547 100 96,552,1224,1224
1548 100 888,192,1224,1224
1549 100 96,552,1224,1224
1550 100 96,552,1224,1224
1551 100 96,552,1224,1224
1552 100 96,552,1224,1224
1553 100 96,552,1224,1224
1554 100 48,552,1224,1224
1555 100 48,552,1224,1224
1556 100 0,552,1224,1224
1557 100 0,552,1224,1224
1558 100 3480,576,1224,1200
1559 100 3480,576,1224,1200
1560 100 3648,576,1224,1224
1561 100 3648,576,1224,1224
1562 100 3552,600,1224,1200
1563 100 3552,600,1224,1200
1564 100 3408,600,1224,1200
1565 100 3408,600,1224,1200
1566 100 3384,600,1224,1200
1567 100 3384,600,1224,1200
1568 100 3384,600,1224,1200
1569 100 3384,600,1224,1200
1570 100 3336,600,1224,1224
1571 100 3336,600,1224,1224
1572 100 3336,600,1224,1224
1573 100 3336,600,1224,1224
1574 100 3312,600,1224,1224
1575 100 3312,600,1224,1224
1576 100 3144,600,1224,1224
1577 100 3144,600,1224,1224
1578 100 3120,600,1224,1224
1579 100 3120,600,1224,1224
1580 100 3168,600,1224,1224
1581 100 3168,600,1224,1224
1582 100 3120,600,1224,1224
1583 100 3120,600,1224,1224
1584 100 3000,600,1224,1224
1585 100 3000,600,1224,1224
1586 100 2976,624,1224,1200
1587 100 2976,624,1224,1200
1588 100 2976,624,1224,1200
1589 100 2976,624,1224,1200
1590 100 2928,600,1224,1224
1591 100 2928,600,1224,1224
1592 100 2856,600,1224,1224
1593 100 2856,600,1224,1224
1594 100 2832,600,1224,1224
1595 100 2832,600,1224,1224
1596 100 2832,624,1224,1200
1597 100 2832,624,1224,1200
1598 100 2808,624,1224,1200
1599 100 2808,624,1224,1200
1600 100 2784,624,1224,1200
1601 100 2784,624,1224,1200
1602 100 2712,624,1224,1200
1603 100 912,192,1224,1224
1604 100 2736,624,1224,1224
1605 100 2736,624,1224,1224
1606 100 2664,624,1224,1224
1607 100 2664,624,1224,1224
1608 100 2688,624,1224,1224
1609 100 2688,624,1224,1224
1610 100 2688,624,1224,1224
1611 100 2688,624,1224,1224
1612 100 2688,624,1224,1224
1613 100 2688,624,1224,1224
1614 100 2640,624,1224,1224
1615 100 2640,624,1224,1224
1616 100 2664,624,1224,1224
1617 100 2664,624,1224,1224
1618 100 2664,624,1224,1224
1619 100 2664,624,1224,1224
1620 100 2640,624,1224,1224
1621 100 2640,624,1224,1224
1622 100 2664,648,1224,1200
1623 100 2664,648,1224,1200
1624 100 2616,648,1224,1200
1625 100 2616,648,1224,1200
1626 100 2544,624,1224,1224
1627 100 2544,624,1224,1224
1628 100 2544,648,1224,1200
1629 100 2544,648,1224,1200
1630 100 2544,648,1224,1200
1631 100 2544,648,1224,1200
1632 100 2544,648,1224,1200
1633 100 2544,648,1224,1200
1634 100 2544,648,1224,1200
1635 100 2544,648,1224,1200
1636 100 2544,648,1224,1200
1637 100 2544,648,1224,1200
1638 100 2544,648,1224,1200
1639 100 2544,648,1224,1200
1640 100 2544,648,1224,1200
1641 100 2544,648,1224,1200
1642 100 2544,648,1224,1200
1643 100 2544,648,1224,1200
1644 100 2544,648,1224,1200
1645 100 2544,648,1224,1200
1646 100 2544,648,1224,1200
1647 100 2544,648,1224,1200
1648 100 2520,648,1224,1200
1649 100 2520,648,1224,1200
1650 100 2544,648,1224,1200
1651 100 2544,648,1224,1200
1652 100 2544,624,1224,1224
1653 100 2544,624,1224,1224
1654 100 2688,624,1224,1224
1655 100 2688,624,1224,1224
1656 100 2784,648,1224,1200
1657 100 2784,648,1224,1200
1658 100 2880,648,1224,1200
1659 100 2712,624,1224,1200
1660 100 3096,648,1224,1200
1661 100 3096,648,1224,1200
1662 100 3288,648,1224,1200
1663 100 3288,648,1224,1200
1664 100 3408,624,1224,1200
1665 100 3408,624,1224,1200
1666 100 3480,624,1224,1200
1667 100 3480,624,1224,1200
1668 100 3408,624,1224,1200
1669 100 3408,624,1224,1200
1670 100 3384,624,1224,1200
1671 100 3384,624,1224,1200
1672 100 24,648,1224,1200
1673 100 24,648,1224,1200
1674 100 24,648,1224,1200
1675 100 24,648,1224,1200
1676 100 72,648,1224,1200
1677 100 72,648,1224,1200
1678 100 96,648,1224,1200
1679 100 96,648,1224,1200
1680 100 24,648,1224,1200
1681 100 24,648,1224,1200
1682 100 48,648,1224,1200
1683 100 48,648,1224,1200
1684 100 0,648,1224,1200
1685 100 0,648,1224,1200
1686 100 48,624,1224,1200
1687 100 48,624,1224,1200
1688 100 0,624,1224,1200
1689 100 0,624,1224,1200
1690 100 48,600,1224,1224
1691 100 48,600,1224,1224
1692 100 0,600,1224,1200
1693 100 0,600,1224,1200
1694 100 24,600,1224,1200
1695 100 24,600,1224,1200
1696 100 0,600,1224,1200
1697 100 0,600,1224,1200
1698 100 48,576,1224,1200
1699 100 48,576,1224,1200
1700 100 0,528,1224,1224
1701 100 0,528,1224,1224
1702 100 0,480,1224,1224
1703 100 0,480,1224,1224
1704 100 48,456,1224,1200
1705 100 48,456,1224,1200
1706 100 24,432,1224,1200
1707 100 24,432,1224,1200
1708 100 48,432,1224,1200
1709 100 48,432,1224,1200
1710 100 48,432,1224,1200
1711 100 48,432,1224,1200
1712 100 0,408,1224,1224
1713 100 0,408,1224,1224
1714 100 912,192,1224,1224
1715 100 48,408,1224,1224
1716 100 0,408,1224,1224
1717 100 0,408,1224,1224
1718 100 48,408,1224,1224
1719 100 48,408,1224,1224
1720 100 0,408,1224,1200
1721 100 0,408,1224,1200
1722 100 0,408,1224,1200
1723 100 0,408,1224,1200
1724 100 24,408,1224,1200
1725 100 24,408,1224,1200
1726 100 48,384,1224,1224
1727 100 48,384,1224,1224
1728 100 48,384,1224,1200
1729 100 48,384,1224,1200
1730 100 0,360,1224,1224
1731 100 0,360,1224,1224
1732 100 0,360,1224,1200
1733 100 0,360,1224,1200
1734 100 120,336,1224,1224
1735 100 120,336,1224,1224
1736 100 72,336,1224,1224
1737 100 72,336,1224,1224
1738 100 3432,336,1224,1200
1739 100 3432,336,1224,1200
1740 100 3456,336,1224,1200
1741 100 3456,336,1224,1200
1742 100 3576,312,1224,1224
1743 100 3576,312,1224,1224
1744 100 3696,312,1224,1224
1745 100 3696,312,1224,1224
1746 100 3360,312,1224,1200
1747 100 3360,312,1224,1200
1748 100 3408,312,1224,1200
1749 100 3408,312,1224,1200
1750 100 3432,312,1224,1200
1751 100 3432,312,1224,1200
1752 100 912,192,1224,1224
1753 100 3552,312,1224,1200
1754 100 3552,312,1224,1200
1755 100 3360,288,1224,1224
1756 100 3360,288,1224,1224
1757 100 3336,288,1224,1224
1758 100 3336,288,1224,1224
1759 100 3384,288,1224,1200
1760 100 3384,288,1224,1200
1761 100 3168,288,1224,1200
1762 100 3168,288,1224,1200
1763 100 3288,312,1224,1200
1764 100 3288,312,1224,1200
1765 100 936,240,1224,1224
1766 100 3240,312,1224,1200
1767 100 3240,312,1224,1200
1768 100 3216,312,1224,1200
1769 100 3216,312,1224,1200
1770 100 3072,312,1224,1200
1771 100 3072,312,1224,1200
1772 100 3168,312,1224,1200
1773 100 3168,312,1224,1200
1774 100 3168,312,1224,1224
1775 100 3168,312,1224,1224
1776 100 3120,312,1224,1224
1777 100 3120,312,1224,1224
1778 100 3096,336,1224,1200
1779 100 3096,336,1224,1200
1780 100 3096,336,1224,1200
1781 100 3096,336,1224,1200
1782 100 3072,336,1224,1200
1783 100 3072,336,1224,1200
1784 100 3024,336,1224,1224
1785 100 3024,336,1224,1224
1786 100 3072,360,1224,1200
1787 100 3072,360,1224,1200
1788 100 3048,360,1224,1224
1789 100 3048,360,1224,1224
1790 100 3096,384,1224,1200
1791 100 3096,384,1224,1200
1792 100 3000,408,1224,1200
1793 100 3000,408,1224,1200
1794 100 3120,432,1224,1200
1795 100 3120,432,1224,1200
1796 100 3048,456,1224,1224
1797 100 3048,456,1224,1224
1798 100 3072,480,1224,1224
1799 100 3072,480,1224,1224
1800 100 3120,528,1224,1200
1801 100 3120,528,1224,1200
1802 100 3144,552,1224,1200
1803 100 3144,552,1224,1200
1804 100 3168,552,1224,1224
1805 100 3168,552,1224,1224
1806 100 3192,576,1224,1200
1807 100 3192,576,1224,1200
1808 100 3120,600,1224,1224
1809 100 3120,600,1224,1224
1810 100 3096,648,1224,1200
1811 100 3096,648,1224,1200
1812 100 3144,648,1224,1224
1813 100 3144,648,1224,1224
1814 100 3120,672,1224,1224
1815 100 3120,672,1224,1224
1816 100 3168,696,1224,1200
1817 100 3168,696,1224,1200
1818 100 3168,720,1224,1200
1819 100 3168,720,1224,1200
1820 100 3024,744,1224,1200
1821 100 3024,744,1224,1200
1822 100 3096,744,1224,1224
1823 100 3096,744,1224,1224
1824 100 960,264,1224,1224
1825 100 3144,744,1224,1200
1826 100 3144,744,1224,1200
1827 100 3168,744,1224,1200
1828 100 3168,744,1224,1200
1829 100 3048,720,1224,1224
1830 100 3048,720,1224,1224
1831 100 3144,744,1224,1200
1832 100 3144,744,1224,1200
1833 100 3168,720,1224,1224
1834 100 3168,720,1224,1224
1835 100 3048,720,1224,1224
1836 100 3048,720,1224,1224
1837 100 3192,720,1224,1200
1838 100 3192,720,1224,1200
1839 100 3240,672,1224,1224
1840 100 3240,672,1224,1224
1841 100 3432,672,1224,1200
1842 100 3432,672,1224,1200
1843 100 3384,648,1224,1200
1844 100 3384,648,1224,1200
1845 100 3408,624,1224,1200
1846 100 3408,624,1224,1200
1847 100 3504,600,1224,1200
1848 100 3504,600,1224,1200
1849 100 3504,576,1224,1200
1850 100 3504,576,1224,1200
1851 100 0,552,1224,1200
1852 100 0,552,1224,1200
1853 100 3456,528,1224,1200
1854 100 3456,528,1224,1200
1855 100 3408,528,1224,1200
1856 100 3408,528,1224,1200
1857 100 3432,528,1224,1200
1858 100 3432,528,1224,1200
1859 100 24,528,1224,1200
1860 100 24,528,1224,1200
1861 100 24,528,1224,1200
1862 100 24,528,1224,1200
1863 100 24,528,1224,1200
1864 100 24,528,1224,1200
1865 100 120,504,1224,1224
1866 100 120,504,1224,1224
1867 100 3408,504,1224,1200
1868 100 3408,504,1224,1200
1869 100 3408,504,1224,1200
1870 100 3408,504,1224,1200
1871 100 0,504,1224,1200
1872 100 0,504,1224,1200
1873 100 0,504,1224,1200
1874 100 0,504,1224,1200
1875 100 48,480,1224,1224
1876 100 48,480,1224,1224
1877 100 3408,480,1224,1200
1878 100 3408,480,1224,1200
1879 100 3504,480,1224,1200
1880 100 3504,480,1224,1200
1881 100 3480,480,1224,1200
1882 100 3480,480,1224,1200
1883 100 3432,480,1224,1200
1884 100 3432,480,1224,1200
1885 100 96,480,1224,1200
1886 100 96,480,1224,1200
1887 100 0,456,1224,1200
1888 100 0,456,1224,1200
1889 100 1008,336,1224,1224
1890 100 936,240,1224,1224
1891 100 24,456,1224,1200
1892 100 0,456,1224,1224
1893 100 0,456,1224,1224
1894 100 0,480,1224,1200
1895 100 0,480,1224,1200
1896 100 24,456,1224,1224
1897 100 24,456,1224,1224
1898 100 48,456,1224,1200
1899 100 48,456,1224,1200
1900 100 48,456,1224,1200
1901 100 48,456,1224,1200
1902 100 48,456,1224,1200
1903 100 48,456,1224,1200
1904 100 72,456,1224,1200
1905 100 72,456,1224,1200
1906 100 72,456,1224,1200
1907 100 72,456,1224,1200
1908 100 96,456,1224,1224
1909 100 96,456,1224,1224
1910 100 96,456,1224,1224
1911 100 96,456,1224,1224
1912 100 96,480,1224,1200
1913 100 96,480,1224,1200
1914 100 120,480,1224,1200
1915 100 1056,408,1224,1224
1916 100 120,480,1224,1200
1917 100 120,480,1224,1200
1918 100 120,480,1224,1200
1919 100 144,480,1224,1200
1920 100 144,480,1224,1200
1921 100 144,480,1224,1224
1922 100 144,480,1224,1224
1923 100 144,504,1224,1200
1924 100 144,504,1224,1200
1925 100 168,528,1224,1200
1926 100 168,528,1224,1200
1927 100 144,576,1224,1200
1928 100 144,576,1224,1200
1929 100 144,600,1224,1200
1930 100 144,600,1224,1200
1931 100 144,624,1224,1200
1932 100 144,624,1224,1200
1933 100 144,624,1224,1224
1934 100 144,624,1224,1224
1935 100 144,624,1224,1224
1936 100 144,624,1224,1224
1937 100 120,648,1224,1200
1938 100 120,648,1224,1200
1939 100 120,648,1224,1200
1940 100 120,648,1224,1200
1941 100 120,648,1224,1200
1942 100 120,648,1224,1200
1943 100 120,648,1224,1200
1944 100 120,648,1224,1200
1945 100 120,648,1224,1224
1946 100 120,648,1224,1224
1947 100 120,648,1224,1224
1948 100 120,648,1224,1224
1949 100 120,648,1224,1224
1950 100 120,648,1224,1224
1951 100 120,648,1224,1224
1952 100 120,648,1224,1224
1953 100 120,672,1224,1200
1954 100 120,672,1224,1200
1955 100 96,672,1224,1200
1956 100 96,672,1224,1200
1957 100 96,672,1224,1200
1958 100 96,672,1224,1200
1959 100 96,672,1224,1200
1960 100 96,672,1224,1200
1961 100 96,672,1224,1200
1962 100 96,672,1224,1200
1963 100 96,672,1224,1200
1964 100 96,672,1224,1200
1965 100 96,672,1224,1200
1966 100 984,288,1224,1224
1967 100 96,672,1224,1200
1968 100 96,672,1224,1200
1969 100 96,672,1224,1200
1970 100 96,672,1224,1200
1971 100 72,672,1224,1224
1972 100 72,672,1224,1224
1973 100 72,672,1224,1224
1974 100 72,672,1224,1224
1975 100 72,672,1224,1224
1976 100 72,672,1224,1224
1977 100 72,672,1224,1224
1978 100 72,672,1224,1224
1979 100 48,672,1224,1224
1980 100 48,672,1224,1224
1981 100 48,672,1224,1224
1982 100 48,672,1224,1224
1983 100 24,672,1224,1224
1984 100 24,672,1224,1224
1985 100 0,672,1224,1224
1986 100 0,672,1224,1224
1987 100 0,672,1224,1200
1988 100 0,672,1224,1200
1989 100 0,648,1224,1224
1990 100 0,648,1224,1224
1991 100 0,648,1224,1200
1992 100 0,648,1224,1200
1993 100 24,624,1224,1224
1994 100 24,624,1224,1224
1995 100 0,624,1224,1200
1996 100 0,624,1224,1200
1997 100 72,600,1224,1224
1998 100 72,600,1224,1224
1999 100 72,600,1224,1200
2000 100 72,600,1224,1200
2001 100 48,600,1224,1200
2002 100 48,600,1224,1200
2003 100 3480,576,1224,1200
2004 100 3480,576,1224,1200
2005 100 3504,576,1224,1200
2006 100 3504,576,1224,1200
2007 100 0,552,1224,1224
2008 100 0,552,1224,1224
2009 100 3480,552,1224,1200
2010 100 3480,552,1224,1200
2011 100 3672,528,1224,1224
2012 100 3672,528,1224,1224
2013 100 3432,528,1224,1200
2014 100 2880,648,1224,1200
2015 100 3432,528,1224,1200
2016 100 3504,528,1224,1200
2017 100 3504,528,1224,1200
2018 100 3600,504,1224,1224
2019 100 3600,504,1224,1224
2020 100 3408,504,1224,1200
2021 100 3408,504,1224,1200
2022 100 3456,504,1224,1200
2023 100 3456,504,1224,1200
2024 100 3360,480,1224,1224
2025 100 3360,480,1224,1224
2026 100 3216,480,1224,1200
2027 100 3216,480,1224,1200
2028 100 3240,480,1224,1200
2029 100 3240,480,1224,1200
2030 100 3048,480,1224,1224
2031 100 3048,480,1224,1224
2032 100 3048,480,1224,1224
2033 100 3048,480,1224,1224
2034 100 2952,480,1224,1224
2035 100 2952,480,1224,1224
2036 100 2904,504,1224,1200
2037 100 2904,504,1224,1200
2038 100 2904,504,1224,1200
2039 100 2904,504,1224,1200
2040 100 2832,504,1224,1200
2041 100 2832,504,1224,1200
2042 100 2808,504,1224,1200
2043 100 2808,504,1224,1200
2044 100 2736,504,1224,1200
2045 100 2736,504,1224,1200
2046 100 2736,504,1224,1200
2047 100 2736,504,1224,1200
2048 100 2688,504,1224,1200
2049 100 2688,504,1224,1200
2050 100 2664,504,1224,1200
2051 100 2664,504,1224,1200
2052 100 2640,504,1224,1200
2053 100 2640,504,1224,1200
2054 100 2616,528,1224,1200
2055 100 2616,528,1224,1200
2056 100 2592,528,1224,1200
2057 100 2592,528,1224,1200
2058 100 2568,528,1224,1200
2059 100 2568,528,1224,1200
2060 100 1056,360,1224,1224
2061 100 2544,528,1224,1200
2062 100 2544,528,1224,1200
2063 100 2520,528,1224,1200
2064 100 2520,528,1224,1200
2065 100 2496,528,1224,1200
2066 100 2496,528,1224,1200
2067 100 2496,528,1224,1200
2068 100 2496,528,1224,1200
2069 100 2472,528,1224,1200
2070 100 2472,528,1224,1200
2071 100 2448,528,1224,1200
2072 100 2448,528,1224,1200
2073 100 2424,528,1224,1200
2074 100 2424,528,1224,1200
2075 100 2400,504,1224,1224
2076 100 2400,504,1224,1224
2077 100 2400,504,1224,1224
2078 100 2400,504,1224,1224
2079 100 2376,504,1224,1200
2080 100 2376,504,1224,1200
2081 100 2376,504,1224,1200
2082 100 2376,504,1224,1200
2083 100 2352,504,1224,1200
2084 100 2352,504,1224,1200
2085 100 2352,504,1224,1200
2086 100 2352,504,1224,1200
2087 100 2328,504,1224,1200
2088 100 2328,504,1224,1200
2089 100 2304,504,1224,1200
2090 100 2304,504,1224,1200
2091 100 2280,504,1224,1200
2092 100 2280,504,1224,1200
2093 100 2280,504,1224,1200
2094 100 2280,504,1224,1200
2095 100 2232,504,1224,1224
2096 100 984,288,1224,1224
2097 100 2232,504,1224,1224
2098 100 2208,528,1224,1200
2099 100 2208,528,1224,1200
2100 100 2184,528,1224,1200
2101 100 2184,528,1224,1200
2102 100 2160,528,1224,1200
2103 100 2160,528,1224,1200
2104 100 2136,528,1224,1200
2105 100 2136,528,1224,1200
2106 100 2112,528,1224,1200
2107 100 2112,528,1224,1200
2108 100 2088,528,1224,1200
2109 100 2088,528,1224,1200
2110 100 2064,528,1224,1200
2111 100 2064,528,1224,1200
2112 100 2064,528,1224,1200
2113 100 2064,528,1224,1200
2114 100 2040,528,1224,1200
2115 100 2040,528,1224,1200
2116 100 2040,528,1224,1200
2117 100 2040,528,1224,1200
2118 100 2016,504,1224,1224
2119 100 2016,504,1224,1224
2120 100 1992,504,1224,1224
2121 100 1992,504,1224,1224
2122 100 1992,504,1224,1224
2123 100 1992,504,1224,1224
2124 100 1968,504,1224,1200
2125 100 1968,504,1224,1200
2126 100 1944,504,1224,1200
2127 100 1944,504,1224,1200
2128 100 1920,504,1224,1200
2129 100 1920,504,1224,1200
2130 100 1920,504,1224,1200
2131 100 1920,504,1224,1200
2132 100 1896,504,1224,1200
2133 100 1896,504,1224,1200
2134 100 1848,504,1224,1200
2135 100 1848,504,1224,1200
2136 100 1824,504,1224,1200
2137 100 1824,504,1224,1200
2138 100 1776,504,1224,1200
2139 100 1776,504,1224,1200
2140 100 1704,504,1224,1200
2141 100 1704,504,1224,1200
2142 100 1632,504,1224,1224
2143 100 1632,504,1224,1224
2144 100 1584,504,1224,1200
2145 100 1584,504,1224,1200
2146 100 1536,504,1224,1200
2147 100 1536,504,1224,1200
2148 100 1536,480,1224,1224
2149 100 1536,480,1224,1224
2150 100 1512,480,1224,1200
2151 100 1512,480,1224,1200
2152 100 1488,456,1224,1200
2153 100 1488,456,1224,1200
2154 100 1488,456,1224,1200
2155 100 1488,456,1224,1200
2156 100 1488,456,1224,1200
2157 100 1488,456,1224,1200
2158 100 1464,432,1224,1224
2159 100 1464,432,1224,1224
2160 100 1416,384,1224,1200
2161 100 1416,384,1224,1200
2162 100 1368,312,1224,1200
2163 100 1368,312,1224,1200
2164 100 1320,288,1224,1200
2165 100 1320,288,1224,1200
2166 100 1320,264,1224,1224
2167 100 1320,264,1224,1224
2168 100 1296,264,1224,1200
2169 100 1296,264,1224,1200
2170 100 1272,216,1224,1224
2171 100 1272,216,1224,1224
2172 100 1272,216,1224,1200
2173 100 1272,216,1224,1200
2174 100 1272,216,1224,1200
2175 100 1272,216,1224,1200
2176 100 1248,192,1224,1224
2177 100 1248,192,1224,1224
2178 100 1248,192,1224,1200
2179 100 1248,192,1224,1200
2180 100 1248,192,1224,1200
2181 100 1248,192,1224,1200
2182 100 1248,192,1224,1200
2183 100 1248,192,1224,1200
2184 100 1248,168,1224,1224
2185 100 1248,168,1224,1224
2186 100 1248,168,1224,1224
2187 100 1248,168,1224,1224
2188 100 1248,168,1224,1224
2189 100 1248,168,1224,1224
2190 100 1248,168,1224,1224
2191 100 1248,168,1224,1224
2192 100 1248,168,1224,1224
2193 100 1248,168,1224,1224
2194 100 1248,168,1224,1224
2195 100 1248,168,1224,1224
2196 100 1248,168,1224,1224
2197 100 1248,168,1224,1224
2198 100 1272,192,1224,1200
2199 100 1272,192,1224,1200
2200 100 1272,216,1224,1224
2201 100 1272,216,1224,1224
2202 100 1320,264,1224,1224
2203 100 1320,264,1224,1224
2204 100 1344,336,1224,1200
2205 100 1344,336,1224,1200
2206 100 1368,384,1224,1224
2207 100 1368,384,1224,1224
2208 100 1392,456,1224,1200
2209 100 1392,456,1224,1200
2210 100 1416,504,1224,1200
2211 100 1416,504,1224,1200
2212 100 1416,528,1224,1224
2213 100 1416,528,1224,1224
2214 100 1392,552,1224,1200
2215 100 1392,552,1224,1200
2216 100 1392,576,1224,1200
2217 100 1392,576,1224,1200
2218 100 1368,576,1224,1224
2219 100 1368,576,1224,1224
2220 100 1368,600,1224,1200
2221 100 1368,600,1224,1200
2222 100 1368,600,1224,1200
2223 100 1368,600,1224,1200
2224 100 1344,600,1224,1200
2225 100 1344,600,1224,1200
2226 100 1344,600,1224,1200
2227 100 1344,600,1224,1200
2228 100 1344,600,1224,1200
2229 100 1344,600,1224,1200
2230 100 1344,600,1224,1200
2231 100 1344,600,1224,1200
2232 100 1344,600,1224,1200
2233 100 1344,600,1224,1200
2234 100 1344,600,1224,1200
2235 100 1344,600,1224,1200
2236 100 1344,600,1224,1200
2237 100 1344,600,1224,1200
2238 100 1344,600,1224,1200
2239 100 1344,600,1224,1200
2240 100 1344,600,1224,1200
2241 100 1344,600,1224,1200
2242 100 1344,600,1224,1200
2243 100 1344,600,1224,1200
2244 100 1344,600,1224,1200
2245 100 1344,600,1224,1200
2246 100 1344,600,1224,1200
2247 100 1344,600,1224,1200
2248 100 1368,600,1224,1200
2249 100 1368,600,1224,1200
2250 100 1368,576,1224,1224
2251 100 1368,576,1224,1224
2252 100 1368,576,1224,1224
2253 100 1368,576,1224,1224
2254 100 1368,576,1224,1224
2255 100 1368,576,1224,1224
2256 100 1368,576,1224,1224
2257 100 1368,576,1224,1224
2258 100 1368,576,1224,1200
2259 100 1368,576,1224,1200
2260 100 1392,576,1224,1200
2261 100 1392,576,1224,1200
2262 100 1416,576,1224,1200
2263 100 1416,576,1224,1200
2264 100 1488,576,1224,1200
2265 100 1488,576,1224,1200
2266 100 1560,576,1224,1200
2267 100 1560,576,1224,1200
2268 100 1680,576,1224,1200
2269 100 1680,576,1224,1200
2270 100 1008,312,1224,1248
2271 100 1800,576,1224,1224
2272 100 1968,576,1224,1224
2273 100 1992,600,1224,1200
2274 100 1992,600,1224,1200
2275 100 2064,600,1224,1200
2276 100 2064,600,1224,1200
2277 100 2136,576,1224,1224
2278 100 2136,576,1224,1224
2279 100 2184,576,1224,1200
2280 100 2184,576,1224,1200
2281 100 2208,576,1224,1200
2282 100 2208,576,1224,1200
2283 100 2232,576,1224,1200
2284 100 2232,576,1224,1200
2285 100 2232,576,1224,1200
2286 100 2232,576,1224,1200
2287 100 2280,576,1224,1224
2288 100 2280,576,1224,1224
2289 100 2304,600,1224,1200
2290 100 2304,600,1224,1200
2291 100 2328,600,1224,1200
2292 100 2328,600,1224,1200
2293 100 2400,600,1224,1200
2294 100 2400,600,1224,1200
2295 100 2424,600,1224,1200
2296 100 2424,600,1224,1200
2297 100 2472,600,1224,1224
2298 100 2472,600,1224,1224
2299 100 2520,600,1224,1224
2300 100 2520,600,1224,1224
2301 100 2544,624,1224,1200
2302 100 2544,624,1224,1200
2303 100 2568,624,1224,1224
2304 100 2568,624,1224,1224
2305 100 2712,624,1224,1200
2306 100 2712,624,1224,1200
2307 100 2784,624,1224,1200
2308 100 2784,624,1224,1200
2309 100 2808,600,1224,1224
2310 100 2808,600,1224,1224
2311 100 2808,600,1224,1224
2312 100 2808,600,1224,1224
2313 100 2904,600,1224,1224
2314 100 2904,600,1224,1224
2315 100 2928,600,1224,1224
2316 100 2928,600,1224,1224
2317 100 3096,600,1224,1200
2318 100 3096,600,1224,1200
2319 100 3168,576,1224,1224
2320 100 3168,576,1224,1224
2321 100 3264,576,1224,1200
2322 100 3264,576,1224,1200
2323 100 3360,552,1224,1224
2324 100 3360,552,1224,1224
2325 100 3336,552,1224,1224
2326 100 3336,552,1224,1224
2327 100 3360,552,1224,1224
2328 100 3360,552,1224,1224
2329 100 3336,552,1224,1224
2330 100 3336,552,1224,1224
2331 100 3528,552,1224,1224
2332 100 3528,552,1224,1224
2333 100 3480,576,1224,1200
2334 100 3480,576,1224,1200
2335 100 3528,552,1224,1224
2336 100 3528,552,1224,1224
2337 100 3600,552,1224,1224
2338 100 3600,552,1224,1224
2339 100 3600,552,1224,1224
2340 100 3600,552,1224,1224
2341 100 3648,552,1224,1224
2342 100 3648,552,1224,1224
2343 100 3648,552,1224,1224
2344 100 3648,552,1224,1224
2345 100 3624,552,1224,1224
2346 100 3624,552,1224,1224
2347 100 3720,552,1224,1224
2348 100 3720,552,1224,1224
2349 100 3432,552,1224,1200
2350 100 3432,552,1224,1200
2351 100 3480,528,1224,1224
2352 100 3480,528,1224,1224
2353 100 3552,528,1224,1224
2354 100 3552,528,1224,1224
2355 100 3600,528,1224,1224
2356 100 3600,528,1224,1224
2357 100 3480,528,1224,1224
2358 100 3480,528,1224,1224
2359 100 3480,528,1224,1224
2360 100 48,408,1224,1224
2361 100 3480,528,1224,1224
2362 100 3480,528,1224,1224
2363 100 3504,528,1224,1224
2364 100 3504,528,1224,1224
2365 100 3480,528,1224,1224
2366 100 3480,528,1224,1224
2367 100 3480,528,1224,1224
2368 100 3480,528,1224,1224
2369 100 3480,528,1224,1224
2370 100 3480,528,1224,1224
2371 100 3480,528,1224,1224
2372 100 3456,552,1224,1200
2373 100 3456,552,1224,1200
2374 100 3432,552,1224,1200
2375 100 3432,552,1224,1200
2376 100 3480,552,1224,1200
2377 100 3480,552,1224,1200
2378 100 3456,552,1224,1200
2379 100 3456,552,1224,1200
2380 100 3432,552,1224,1200
2381 100 3432,552,1224,1200
2382 100 3432,552,1224,1200
2383 100 3432,552,1224,1200
2384 100 3432,552,1224,1200
2385 100 3432,552,1224,1200
2386 100 3408,552,1224,1200
2387 100 3408,552,1224,1200
2388 100 3384,552,1224,1200
2389 100 3384,552,1224,1200
2390 100 3384,552,1224,1200
2391 100 912,216,1224,1224
2392 100 3408,552,1224,1200
2393 100 3384,552,1224,1200
2394 100 3384,552,1224,1200
2395 100 3384,552,1224,1200
2396 100 3696,552,1224,1224
2397 100 3696,552,1224,1224
2398 100 3720,552,1224,1224
2399 100 3720,552,1224,1224
2400 100 3696,552,1224,1224
2401 100 3696,552,1224,1224
2402 100 3696,552,1224,1224
2403 100 3696,552,1224,1224
2404 100 3696,552,1224,1224
2405 100 3696,552,1224,1224
2406 100 3672,552,1224,1224
2407 100 3672,552,1224,1224
2408 100 3648,552,1224,1224
2409 100 3648,552,1224,1224
2410 100 3624,552,1224,1224
2411 100 3624,552,1224,1224
2412 100 3600,552,1224,1224
2413 100 3600,552,1224,1224
2414 100 3600,552,1224,1224
2415 100 3600,552,1224,1224
2416 100 3576,552,1224,1224
2417 100 3576,552,1224,1224
2418 100 3576,552,1224,1224
2419 100 3576,552,1224,1224
2420 100 3648,552,1224,1224
2421 100 3648,552,1224,1224
2422 100 3624,552,1224,1224
2423 100 3624,552,1224,1224
2424 100 3600,552,1224,1224
2425 100 3600,552,1224,1224
2426 100 3552,552,1224,1224
2427 100 3552,552,1224,1224
2428 100 3312,552,1224,1224
2429 100 3312,552,1224,1224
2430 100 3216,552,1224,1200
2431 100 3216,552,1224,1200
2432 100 3240,528,1224,1224
2433 100 3240,528,1224,1224
2434 100 3144,528,1224,1224
2435 100 3144,528,1224,1224
2436 100 3048,528,1224,1224
2437 100 3048,528,1224,1224
2438 100 3048,528,1224,1224
2439 100 3048,528,1224,1224
2440 100 3144,528,1224,1224
2441 100 1032,360,1224,1224
2442 100 3144,528,1224,1224
2443 100 3120,528,1224,1224
2444 100 3120,528,1224,1224
2445 100 3120,528,1224,1224
2446 100 3000,528,1224,1224
2447 100 3000,528,1224,1224
2448 100 3024,528,1224,1224
2449 100 3024,528,1224,1224
2450 100 3000,528,1224,1224
2451 100 3000,528,1224,1224
2452 100 3000,528,1224,1224
2453 100 3000,528,1224,1224
2454 100 3096,528,1224,1224
2455 100 3096,528,1224,1224
2456 100 3096,528,1224,1224
2457 100 3096,528,1224,1224
2458 100 3096,528,1224,1224
2459 100 3096,528,1224,1224
2460 100 3072,528,1224,1224
2461 100 3072,528,1224,1224
2462 100 3072,528,1224,1224
2463 100 3072,528,1224,1224
2464 100 3072,528,1224,1224
2465 100 3072,528,1224,1224
2466 100 3096,528,1224,1224
2467 100 3096,528,1224,1224
2468 100 3096,528,1224,1224
2469 100 3096,528,1224,1224
2470 100 3264,552,1224,1200
2471 100 3264,552,1224,1200
2472 100 3264,552,1224,1200
2473 100 3264,552,1224,1200
2474 100 3312,528,1224,1224
2475 100 3312,528,1224,1224
2476 100 3336,528,1224,1224
2477 100 3336,528,1224,1224
2478 100 3384,528,1224,1224
2479 100 3384,552,1224,1200
2480 100 3384,528,1224,1224
2481 100 3528,528,1224,1200
2482 100 3528,528,1224,1200
2483 100 3432,504,1224,1200
2484 100 3432,504,1224,1200
2485 100 3480,504,1224,1200
2486 100 3480,504,1224,1200
2487 100 3504,504,1224,1200
2488 100 3504,504,1224,1200
2489 100 3432,504,1224,1200
2490 100 3432,504,1224,1200
2491 100 3408,504,1224,1200
2492 100 3408,504,1224,1200
2493 100 3408,504,1224,1200
2494 100 3408,504,1224,1200
2495 100 3456,504,1224,1200
2496 100 3456,504,1224,1200
2497 100 3384,504,1224,1200
2498 100 3384,504,1224,1200
2499 100 48,504,1224,1224
2500 100 48,504,1224,1224
2501 100 3408,528,1224,1200
2502 100 3408,528,1224,1200
2503 100 48,528,1224,1224
2504 100 48,528,1224,1224
2505 100 48,576,1224,1200
2506 100 48,576,1224,1200
2507 100 72,576,1224,1200
2508 100 72,576,1224,1200
2509 100 96,576,1224,1200
2510 100 96,576,1224,1200
2511 100 48,552,1224,1224
2512 100 48,552,1224,1224
2513 100 24,552,1224,1224
2514 100 24,552,1224,1224
2515 100 48,552,1224,1224
2516 100 48,552,1224,1224
2517 100 0,552,1224,1224
2518 100 0,552,1224,1224
2519 100 24,552,1224,1224
2520 100 24,552,1224,1224
2521 100 48,576,1224,1200
2522 100 48,576,1224,1200
2523 100 24,576,1224,1200
2524 100 24,576,1224,1200
2525 100 0,552,1224,1224
2526 100 0,552,1224,1224
2527 100 0,552,1224,1224
2528 100 0,552,1224,1224
2529 100 24,552,1224,1200
2530 100 24,552,1224,1200
2531 100 24,552,1224,1200
2532 100 24,552,1224,1200
2533 100 0,552,1224,1200
2534 100 0,552,1224,1200
2535 100 0,552,1224,1200
2536 100 0,552,1224,1200
2537 100 0,552,1224,1200
2538 100 0,552,1224,1200
2539 100 984,288,1224,1224
2540 100 24,528,1224,1224
2541 100 24,528,1224,1224
2542 100 24,528,1224,1224
2543 100 48,528,1224,1224
2544 100 48,528,1224,1224
2545 100 72,528,1224,1200
2546 100 72,528,1224,1200
2547 100 72,528,1224,1200
2548 100 72,528,1224,1200
2549 100 96,528,1224,1200
2550 100 96,528,1224,1200
2551 100 96,528,1224,1200
2552 100 96,528,1224,1200
2553 100 120,528,1224,1200
2554 100 120,528,1224,1200
2555 100 120,528,1224,1200
2556 100 120,528,1224,1200
2557 100 120,504,1224,1224
2558 100 120,504,1224,1224
2559 100 120,504,1224,1224
2560 100 120,504,1224,1224
2561 100 144,504,1224,1200
2562 100 144,504,1224,1200
2563 100 144,504,1224,1200
2564 100 144,504,1224,1200
2565 100 144,504,1224,1200
2566 100 144,504,1224,1200
2567 100 144,504,1224,1224
2568 100 144,504,1224,1224
2569 100 144,504,1224,1224
2570 100 144,504,1224,1224
2571 100 144,504,1224,1200
2572 100 168,504,1224,1200
2573 100 168,504,1224,1200
2574 100 168,504,1224,1200
2575 100 168,504,1224,1200
2576 100 168,504,1224,1200
2577 100 144,504,1224,1200
2578 100 144,504,1224,1200
2579 100 144,504,1224,1200
2580 100 144,504,1224,1200
2581 100 144,504,1224,1200
2582 100 144,504,1224,1200
2583 100 144,504,1224,1200
2584 100 144,504,1224,1200
2585 100 144,504,1224,1200
2586 100 144,504,1224,1200
2587 100 144,504,1224,1200
2588 100 144,504,1224,1200
2589 100 168,504,1224,1200
2590 100 168,504,1224,1200
2591 100 168,504,1224,1224
2592 100 168,504,1224,1224
2593 100 168,504,1224,1224
2594 100 168,504,1224,1224
2595 100 168,528,1224,1200
2596 100 168,528,1224,1200
2597 100 168,528,1224,1200
2598 100 168,528,1224,1200
2599 100 192,528,1224,1200
2600 100 192,528,1224,1200
2601 100 216,528,1224,1200
2602 100 264,528,1224,1200
2603 100 264,528,1224,1200
2604 100 264,528,1224,1200
2605 100 336,552,1224,1200
2606 100 336,552,1224,1200
2607 100 408,576,1224,1200
2608 100 408,576,1224,1200
2609 100 456,576,1224,1224
2610 100 456,576,1224,1224
2611 100 528,576,1224,1224
2612 100 528,576,1224,1224
2613 100 600,576,1224,1224
2614 100 600,576,1224,1224
2615 100 648,576,1224,1224
2616 100 648,576,1224,1224
2617 100 696,576,1224,1224
2618 100 696,576,1224,1224
2619 100 744,576,1224,1200
2620 100 744,576,1224,1200
2621 100 792,576,1224,1224
2622 100 792,576,1224,1224
2623 100 816,576,1224,1224
2624 100 816,576,1224,1224
2625 100 816,576,1224,1224
2626 100 816,576,1224,1224
2627 100 840,576,1224,1224
2628 100 840,576,1224,1224
2629 100 840,576,1224,1224
2630 100 840,576,1224,1224
2631 100 840,576,1224,1224
2632 100 840,576,1224,1224
2633 100 840,576,1224,1224
2634 100 840,576,1224,1224
2635 100 840,576,1224,1224
2636 100 840,576,1224,1224
2637 100 864,576,1224,1224
2638 100 864,576,1224,1224
2639 100 864,576,1224,1224
2640 100 864,576,1224,1224
2641 100 864,576,1224,1224
2642 100 864,576,1224,1224
2643 100 888,576,1224,1224
2644 100 912,552,1224,1224
2645 100 912,552,1224,1224
2646 100 912,552,1224,1224
2647 100 936,528,1224,1224
2648 100 936,528,1224,1224
2649 100 960,504,1224,1224
2650 100 960,504,1224,1224
2651 100 984,480,1224,1224
2652 100 984,480,1224,1224
2653 100 1008,456,1224,1224
2654 100 1008,456,1224,1224
2655 100 1032,432,1224,1248
2656 100 1032,432,1224,1248
2657 100 1056,432,1224,1224
2658 100 1056,432,1224,1224
2659 100 1056,408,1224,1248
2660 100 1056,408,1224,1248
2661 100 936,216,1224,1224
2662 100 1056,408,1224,1224
2663 100 1056,384,1224,1248
2664 100 1056,384,1224,1248
2665 100 1056,384,1224,1224
2666 100 1056,384,1224,1224
2667 100 1056,384,1224,1224
