0 100 384,504,1224,1224
1 100 2088,768,1224,1224
2 100 2088,768,1224,1224
3 100 2160,744,1224,1224
4 100 2160,744,1224,1224
5 100 2184,720,1224,1224
6 100 2184,720,1224,1224
7 100 2136,744,1224,1200
8 100 2136,744,1224,1200
9 100 2112,744,1224,1200
10 100 2112,744,1224,1200
11 100 2112,720,1224,1224
12 100 2112,720,1224,1224
13 100 2112,720,1224,1224
14 100 2112,720,1224,1224
15 100 2112,720,1224,1224
16 100 2112,720,1224,1224
17 100 2088,744,1224,1200
18 100 2088,744,1224,1200
19 100 2088,744,1224,1200
20 100 2088,744,1224,1200
21 100 2088,744,1224,1200
22 100 2088,744,1224,1200
23 100 2088,744,1224,1200
24 100 2088,744,1224,1200
25 100 2088,744,1224,1200
26 100 2088,744,1224,1200
27 100 2088,744,1224,1200
28 100 2088,744,1224,1200
29 100 2088,744,1224,1200
30 100 2088,744,1224,1200
31 100 2088,720,1224,1200
32 100 2088,720,1224,1200
33 100 2088,720,1224,1200
34 100 2088,720,1224,1200
35 100 2088,720,1224,1200
36 100 2088,720,1224,1200
37 100 2064,720,1224,1200
38 100 2064,720,1224,1200
39 100 2064,720,1224,1224
40 100 2064,720,1224,1224
41 100 2088,720,1224,1200
42 100 2088,720,1224,1200
43 100 2088,720,1224,1224
44 100 2088,720,1224,1224
45 100 2064,744,1224,1200
46 100 2064,744,1224,1200
47 100 2064,744,1224,1200
48 100 2064,744,1224,1200
49 100 2088,744,1224,1200
50 100 2088,744,1224,1200
51 100 2064,768,1224,1200
52 100 2064,768,1224,1200
53 100 2064,768,1224,1224
54 100 2064,768,1224,1224
55 100 2088,744,1224,1224
56 100 2088,744,1224,1224
57 100 2088,768,1224,1224
58 100 2088,768,1224,1224
59 100 2088,768,1224,1224
60 100 2088,768,1224,1224
61 100 2088,768,1224,1224
62 100 2088,768,1224,1224
63 100 2088,768,1224,1224
64 100 2088,768,1224,1224
65 100 2064,768,1224,1224
66 100 2064,768,1224,1224
67 100 2088,768,1224,1248
68 100 2088,768,1224,1248
69 100 2064,768,1224,1248
70 100 2064,768,1224,1248
71 100 2040,792,1224,1224
72 100 2040,792,1224,1224
73 100 2040,792,1224,1224
74 100 2040,792,1224,1224
75 100 2064,792,1224,1224
76 100 2064,792,1224,1224
77 100 2064,768,1224,1248
78 100 2064,768,1224,1248
79 100 2064,768,1224,1248
80 100 2064,768,1224,1248
81 100 2064,792,1224,1224
82 100 2064,792,1224,1224
83 100 2040,792,1224,1224
84 100 2040,792,1224,1224
85 100 2016,816,1224,1200
86 100 2016,816,1224,1200
87 100 2040,792,1224,1224
88 100 2040,792,1224,1224
89 100 2040,792,1224,1224
90 100 2040,792,1224,1224
91 100 2040,792,1224,1200
92 100 2040,792,1224,1200
93 100 2064,792,1224,1200
94 100 2064,792,1224,1200
95 100 2040,792,1224,1224
96 100 2040,792,1224,1224
97 100 2040,816,1224,1200
98 100 2040,816,1224,1200
99 100 2040,816,1224,1224
100 100 2040,816,1224,1224
101 100 2040,816,1224,1224
102 100 2040,816,1224,1224
103 100 2040,816,1224,1224
104 100 2040,816,1224,1224
105 100 2016,816,1224,1224
106 100 2016,816,1224,1224
107 100 1992,816,1224,1224
108 100 1992,816,1224,1224
109 100 1968,840,1224,1224
110 100 1968,840,1224,1224
111 100 1968,840,1224,1224
112 100 1968,840,1224,1224
113 100 1968,840,1224,1224
114 100 1968,840,1224,1224
115 100 1992,840,1224,1248
116 100 1992,840,1224,1248
117 100 2016,840,1224,1224
118 100 2016,840,1224,1224
119 100 2040,840,1224,1224
120 100 2040,840,1224,1224
121 100 2040,840,1224,1224
122 100 2040,840,1224,1224
123 100 2064,816,1224,1248
124 100 2064,816,1224,1248
125 100 2088,816,1224,1248
126 100 2088,816,1224,1248
127 100 2064,816,1224,1248
128 100 2064,816,1224,1248
129 100 2040,816,1224,1248
130 100 2040,816,1224,1248
131 100 1992,840,1224,1224
132 100 1992,840,1224,1224
133 100 1992,840,1224,1224
134 100 1992,840,1224,1224
135 100 1992,840,1224,1224
136 100 1992,840,1224,1224
137 100 1968,840,1224,1200
138 100 1968,840,1224,1200
139 100 1992,816,1224,1224
140 100 1992,816,1224,1224
141 100 2016,792,1224,1224
142 100 2016,792,1224,1224
143 100 2016,792,1224,1224
144 100 2016,792,1224,1224
145 100 2040,792,1224,1224
146 100 2040,792,1224,1224
147 100 2064,792,1224,1224
148 100 2064,792,1224,1224
149 100 2088,792,1224,1224
150 100 2088,792,1224,1224
151 100 2112,792,1224,1224
152 100 2112,792,1224,1224
153 100 2136,792,1224,1224
154 100 2136,792,1224,1224
155 100 2160,768,1224,1224
156 100 2160,768,1224,1224
157 100 2160,768,1224,1224
158 100 2160,768,1224,1224
159 100 2160,768,1224,1224
160 100 2160,768,1224,1224
161 100 2208,768,1224,1224
162 100 2208,768,1224,1224
163 100 2256,768,1224,1224
164 100 2256,768,1224,1224
165 100 2304,744,1224,1224
166 100 2304,744,1224,1224
167 100 2376,744,1224,1224
168 100 2376,744,1224,1224
169 100 2376,744,1224,1224
170 100 2376,744,1224,1224
171 100 2448,720,1224,1248
172 100 2448,720,1224,1248
173 100 2520,696,1224,1248
174 100 2520,696,1224,1248
175 100 2592,672,1224,1248
176 100 2592,672,1224,1248
177 100 2616,648,1224,1272
178 100 2616,648,1224,1272
179 100 2640,648,1224,1248
180 100 2640,648,1224,1248
181 100 2688,624,1224,1248
182 100 2688,624,1224,1248
183 100 2688,600,1224,1248
184 100 2688,600,1224,1248
185 100 2688,600,1224,1248
186 100 2688,600,1224,1248
187 100 2736,576,1224,1272
188 100 2736,576,1224,1272
189 100 2736,552,1224,1296
190 100 2736,552,1224,1296
191 100 2760,552,1224,1296
192 100 2760,552,1224,1296
193 100 2760,528,1224,1320
194 100 2760,528,1224,1320
195 100 2760,528,1224,1320
196 100 2760,528,1224,1320
197 100 2736,528,1224,1320
198 100 2736,528,1224,1320
199 100 2712,528,1224,1344
200 100 2712,528,1224,1344
201 100 2712,528,1224,1344
202 100 2712,528,1224,1344
203 100 2640,528,1224,1368
204 100 2640,528,1224,1368
205 100 2592,528,1224,1368
206 100 2592,528,1224,1368
207 100 2520,552,1224,1368
208 100 2520,552,1224,1368
209 100 2472,552,1224,1368
210 100 2472,552,1224,1368
211 100 2448,576,1224,1368
212 100 2448,576,1224,1368
213 100 2400,576,1224,1368
214 100 2400,576,1224,1368
215 100 2376,600,1224,1368
216 100 2376,600,1224,1368
217 100 2352,600,1224,1392
218 100 2352,600,1224,1392
219 100 2352,600,1224,1392
220 100 2352,600,1224,1392
221 100 2352,600,1224,1368
222 100 2352,600,1224,1368
223 100 2328,624,1224,1344
224 100 2328,624,1224,1344
225 100 2328,624,1224,1344
226 100 2328,624,1224,1344
227 100 2328,624,1224,1320
228 100 2328,624,1224,1320
229 100 2304,624,1224,1320
230 100 2304,624,1224,1320
231 100 2304,624,1224,1296
232 100 2304,624,1224,1296
233 100 2280,624,1224,1296
234 100 2280,624,1224,1296
235 100 2280,624,1224,1296
236 100 2280,624,1224,1296
237 100 2256,624,1224,1272
238 100 2256,624,1224,1272
239 100 2256,624,1224,1272
240 100 2256,624,1224,1272
241 100 2232,624,1224,1248
242 100 2232,624,1224,1248
243 100 2232,624,1224,1248
244 100 2232,624,1224,1248
245 100 2232,624,1224,1224
246 100 2232,624,1224,1224
247 100 2232,600,1224,1224
248 100 2232,600,1224,1224
249 100 2208,600,1224,1224
250 100 2208,600,1224,1224
251 100 2208,600,1224,1224
252 100 2208,600,1224,1224
253 100 2208,576,1224,1224
254 100 2208,576,1224,1224
255 100 2184,552,1224,1224
256 100 2184,552,1224,1224
257 100 2184,552,1224,1200
258 100 2184,552,1224,1200
259 100 2160,528,1224,1224
260 100 2160,528,1224,1224
261 100 2136,504,1224,1224
262 100 2136,504,1224,1224
263 100 2136,504,1224,1200
264 100 2136,504,1224,1200
265 100 2112,480,1224,1224
266 100 2112,480,1224,1224
267 100 2088,480,1224,1200
268 100 2088,480,1224,1200
269 100 2088,480,1224,1200
270 100 2088,480,1224,1200
271 100 2088,456,1224,1224
272 100 2088,456,1224,1224
273 100 2088,456,1224,1200
274 100 2088,456,1224,1200
275 100 2088,456,1224,1200
276 100 2088,456,1224,1200
277 100 2064,456,1224,1200
278 100 2064,456,1224,1200
279 100 2040,432,1224,1224
280 100 2040,432,1224,1224
281 100 1992,456,1224,1200
282 100 1992,456,1224,1200
283 100 1944,432,1224,1224
284 100 1944,432,1224,1224
285 100 1896,432,1224,1224
286 100 1896,432,1224,1224
287 100 1896,432,1224,1224
288 100 1896,432,1224,1224
289 100 1872,432,1224,1224
290 100 1872,432,1224,1224
291 100 1848,432,1224,1224
292 100 1848,432,1224,1224
293 100 1824,456,1224,1200
294 100 1824,456,1224,1200
295 100 1824,456,1224,1224
296 100 1824,456,1224,1224
297 100 1848,480,1224,1200
298 100 1848,480,1224,1200
299 100 1848,480,1224,1200
300 100 1848,480,1224,1200
301 100 1848,480,1224,1224
302 100 1848,480,1224,1224
303 100 1872,504,1224,1200
304 100 1872,504,1224,1200
305 100 1872,504,1224,1200
306 100 1872,504,1224,1200
307 100 1872,504,1224,1224
308 100 1872,504,1224,1224
309 100 1896,528,1224,1200
310 100 1896,528,1224,1200
311 100 1896,528,1224,1200
312 100 1896,528,1224,1200
313 100 1896,528,1224,1200
314 100 1896,528,1224,1200
315 100 1896,528,1224,1224
316 100 1896,528,1224,1224
317 100 1872,528,1224,1200
318 100 1872,528,1224,1200
319 100 1872,528,1224,1200
320 100 1872,528,1224,1200
321 100 1872,528,1224,1200
322 100 1872,528,1224,1200
323 100 1848,528,1224,1200
324 100 1848,528,1224,1200
325 100 1824,528,1224,1200
326 100 1824,528,1224,1200
327 100 1776,528,1224,1200
328 100 1776,528,1224,1200
329 100 1728,528,1224,1200
330 100 1728,528,1224,1200
331 100 1704,528,1224,1200
332 100 1704,528,1224,1200
333 100 1656,528,1224,1224
334 100 1656,528,1224,1224
335 100 1632,528,1224,1224
336 100 1632,528,1224,1224
337 100 1608,528,1224,1224
338 100 1608,528,1224,1224
339 100 1608,528,1224,1200
340 100 1608,528,1224,1200
341 100 1608,528,1224,1200
342 100 1608,528,1224,1200
343 100 1608,528,1224,1200
344 100 1608,528,1224,1200
345 100 1608,528,1224,1200
346 100 1608,528,1224,1200
347 100 1608,528,1224,1224
348 100 1608,528,1224,1224
349 100 1584,552,1224,1200
350 100 1584,552,1224,1200
351 100 1536,576,1224,1200
352 100 1536,576,1224,1200
353 100 1488,576,1224,1224
354 100 1488,576,1224,1224
355 100 1464,600,1224,1200
356 100 1464,600,1224,1200
357 100 1440,600,1224,1200
358 100 1440,600,1224,1200
359 100 1440,600,1224,1200
360 100 1440,600,1224,1200
361 100 1416,600,1224,1200
362 100 1416,600,1224,1200
363 100 1368,600,1224,1200
364 100 1368,600,1224,1200
365 100 1344,600,1224,1224
366 100 1344,600,1224,1224
367 100 1344,624,1224,1200
368 100 1344,624,1224,1200
369 100 1320,624,1224,1200
370 100 1320,624,1224,1200
371 100 1296,624,1224,1200
372 100 1296,624,1224,1200
373 100 1296,624,1224,1224
374 100 1296,624,1224,1224
375 100 1296,624,1224,1224
376 100 1296,624,1224,1224
377 100 1272,624,1224,1224
378 100 1272,624,1224,1224
379 100 1272,624,1224,1224
380 100 1272,624,1224,1224
381 100 1248,600,1224,1224
382 100 1248,600,1224,1224
383 100 1248,624,1224,1200
384 100 1248,624,1224,1200
385 100 1248,600,1224,1200
386 100 1248,600,1224,1200
387 100 1248,600,1224,1200
388 100 1248,600,1224,1200
389 100 1248,576,1224,1200
390 100 1248,576,1224,1200
391 100 1248,576,1224,1200
392 100 1248,576,1224,1200
393 100 1248,576,1224,1200
394 100 1248,576,1224,1200
395 100 1224,552,1224,1224
396 100 1224,552,1224,1224
397 100 1200,552,1224,1200
398 100 1200,552,1224,1200
399 100 1200,552,1224,1200
400 100 1200,552,1224,1200
401 100 1176,552,1224,1200
402 100 1176,552,1224,1200
403 100 1152,576,1224,1200
404 100 1152,576,1224,1200
405 100 1128,600,1224,1200
406 100 1128,600,1224,1200
407 100 1128,600,1224,1200
408 100 1128,600,1224,1200
409 100 1128,600,1224,1224
410 100 1128,600,1224,1224
411 100 1128,600,1224,1200
412 100 1128,600,1224,1200
413 100 1128,576,1224,1200
414 100 1128,576,1224,1200
415 100 1104,552,1224,1224
416 100 1104,552,1224,1224
417 100 1128,528,1224,1200
418 100 1128,528,1224,1200
419 100 1128,504,1224,1224
420 100 1128,504,1224,1224
421 100 1152,504,1224,1200
422 100 1152,504,1224,1200
423 100 1152,504,1224,1200
424 100 1152,504,1224,1200
425 100 1128,480,1224,1200
426 100 1128,480,1224,1200
427 100 1128,456,1224,1200
428 100 1128,456,1224,1200
429 100 1128,456,1224,1224
430 100 1128,456,1224,1224
431 100 1152,480,1224,1200
432 100 1152,480,1224,1200
433 100 1152,480,1224,1200
434 100 1152,480,1224,1200
435 100 1176,480,1224,1200
436 100 1176,480,1224,1200
437 100 1176,480,1224,1200
438 100 1176,480,1224,1200
439 100 1176,480,1224,1200
440 100 1176,480,1224,1200
441 100 1176,480,1224,1200
442 100 1176,480,1224,1200
443 100 1200,480,1224,1200
444 100 1200,480,1224,1200
445 100 1200,480,1224,1200
446 100 1200,480,1224,1200
447 100 1200,480,1224,1200
448 100 1200,480,1224,1200
449 100 1200,480,1224,1200
450 100 1200,480,1224,1200
451 100 1224,480,1224,1200
452 100 1224,480,1224,1200
453 100 1224,480,1224,1200
454 100 1224,480,1224,1200
455 100 1224,456,1224,1200
456 100 1224,456,1224,1200
457 100 1224,456,1224,1200
458 100 1224,456,1224,1200
459 100 1224,432,1224,1224
460 100 1224,432,1224,1224
461 100 1224,432,1224,1200
462 100 1224,432,1224,1200
463 100 1224,408,1224,1200
464 100 1224,408,1224,1200
465 100 1224,408,1224,1200
466 100 1224,408,1224,1200
467 100 1224,408,1224,1200
468 100 1224,408,1224,1200
469 100 1224,408,1224,1200
470 100 1224,408,1224,1200
471 100 1224,408,1224,1200
472 100 1224,408,1224,1200
473 100 1200,408,1224,1200
474 100 1200,408,1224,1200
475 100 1200,408,1224,1200
476 100 1200,408,1224,1200
477 100 1200,408,1224,1224
478 100 1200,408,1224,1224
479 100 1176,408,1224,1224
480 100 1176,408,1224,1224
481 100 1152,408,1224,1200
482 100 1152,408,1224,1200
483 100 1104,408,1224,1200
484 100 1104,408,1224,1200
485 100 1032,384,1224,1200
486 100 1032,384,1224,1200
487 100 984,360,1224,1224
488 100 984,360,1224,1224
489 100 936,360,1224,1200
490 100 936,360,1224,1200
491 100 936,360,1224,1200
492 100 936,360,1224,1200
493 100 912,336,1224,1200
494 100 912,336,1224,1200
495 100 888,312,1224,1224
496 100 888,312,1224,1224
497 100 912,336,1224,1200
498 100 912,336,1224,1200
499 100 912,336,1224,1224
500 100 912,336,1224,1224
501 100 912,360,1224,1200
502 100 912,360,1224,1200
503 100 912,360,1224,1224
504 100 912,360,1224,1224
505 100 912,384,1224,1200
506 100 912,384,1224,1200
507 100 912,384,1224,1200
508 100 912,384,1224,1200
509 100 912,384,1224,1224
510 100 912,384,1224,1224
511 100 912,408,1224,1200
512 100 912,408,1224,1200
513 100 912,432,1224,1224
514 100 912,432,1224,1224
515 100 912,456,1224,1200
516 100 912,456,1224,1200
517 100 912,456,1224,1224
518 100 912,456,1224,1224
519 100 936,456,1224,1224
520 100 936,456,1224,1224
521 100 936,480,1224,1200
522 100 936,480,1224,1200
523 100 936,480,1224,1200
524 100 936,480,1224,1200
525 100 936,480,1224,1200
526 100 936,480,1224,1200
527 100 936,480,1224,1200
528 100 936,480,1224,1200
529 100 912,480,1224,1224
530 100 912,480,1224,1224
531 100 912,504,1224,1224
532 100 912,504,1224,1224
533 100 912,528,1224,1224
534 100 912,528,1224,1224
535 100 912,552,1224,1200
536 100 912,552,1224,1200
537 100 888,552,1224,1200
538 100 888,552,1224,1200
539 100 888,528,1224,1224
540 100 888,528,1224,1224
541 100 888,528,1224,1224
542 100 888,528,1224,1224
543 100 888,528,1224,1224
544 100 888,528,1224,1224
545 100 888,528,1224,1224
546 100 888,528,1224,1224
547 100 864,552,1224,1200
548 100 864,552,1224,1200
549 100 864,552,1224,1200
550 100 864,552,1224,1200
551 100 840,552,1224,1200
552 100 840,552,1224,1200
553 100 840,552,1224,1200
554 100 840,552,1224,1200
555 100 840,552,1224,1200
556 100 840,552,1224,1200
557 100 840,552,1224,1200
558 100 840,552,1224,1200
559 100 840,528,1224,1224
560 100 840,528,1224,1224
561 100 840,528,1224,1224
562 100 840,528,1224,1224
563 100 864,528,1224,1224
564 100 864,528,1224,1224
565 100 888,528,1224,1224
566 100 888,528,1224,1224
567 100 936,552,1224,1200
568 100 936,552,1224,1200
569 100 1008,552,1224,1224
570 100 1008,552,1224,1224
571 100 1080,576,1224,1200
572 100 1080,576,1224,1200
573 100 1128,576,1224,1200
574 100 1128,576,1224,1200
575 100 1176,576,1224,1200
576 100 1176,576,1224,1200
577 100 1224,576,1224,1200
578 100 1224,576,1224,1200
579 100 1248,576,1224,1200
580 100 1248,576,1224,1200
581 100 1296,576,1224,1200
582 100 1296,576,1224,1200
583 100 1296,576,1224,1200
584 100 1296,576,1224,1200
585 100 1296,576,1224,1200
586 100 1296,576,1224,1200
587 100 1320,576,1224,1200
588 100 1320,576,1224,1200
589 100 1320,576,1224,1200
590 100 1320,576,1224,1200
591 100 1320,576,1224,1200
592 100 1320,576,1224,1200
593 100 1320,552,1224,1224
594 100 1320,552,1224,1224
595 100 1344,552,1224,1224
596 100 1344,552,1224,1224
597 100 1344,552,1224,1200
598 100 1344,552,1224,1200
599 100 1344,552,1224,1200
600 100 1344,552,1224,1200
601 100 1344,528,1224,1224
602 100 1344,528,1224,1224
603 100 1344,528,1224,1224
604 100 1344,528,1224,1224
605 100 1344,528,1224,1224
606 100 1344,528,1224,1224
607 100 1344,528,1224,1200
608 100 1344,528,1224,1200
609 100 1344,528,1224,1200
610 100 1344,528,1224,1200
611 100 1344,528,1224,1200
612 100 1344,528,1224,1200
613 100 1320,528,1224,1200
614 100 1320,528,1224,1200
615 100 1320,528,1224,1200
616 100 1320,528,1224,1200
617 100 1320,528,1224,1200
618 100 1320,528,1224,1200
619 100 1320,528,1224,1224
620 100 1320,528,1224,1224
621 100 1320,528,1224,1224
622 100 1320,528,1224,1224
623 100 1320,552,1224,1200
624 100 1320,552,1224,1200
625 100 1320,552,1224,1200
626 100 1320,552,1224,1200
627 100 1320,552,1224,1200
628 100 1320,552,1224,1200
629 100 1320,552,1224,1200
630 100 1320,552,1224,1200
631 100 1296,552,1224,1200
632 100 1296,552,1224,1200
633 100 1272,552,1224,1200
634 100 1272,552,1224,1200
635 100 1224,552,1224,1200
636 100 1224,552,1224,1200
637 100 1200,552,1224,1200
638 100 1200,552,1224,1200
639 100 1200,552,1224,1200
640 100 1200,552,1224,1200
641 100 1176,552,1224,1200
642 100 1176,552,1224,1200
643 100 1128,528,1224,1224
644 100 1128,528,1224,1224
645 100 1080,528,1224,1200
646 100 1080,528,1224,1200
647 100 1056,528,1224,1200
648 100 1056,528,1224,1200
649 100 1032,504,1224,1224
650 100 1032,504,1224,1224
651 100 1008,504,1224,1200
652 100 1008,504,1224,1200
653 100 1008,504,1224,1200
654 100 1008,504,1224,1200
655 100 1008,480,1224,1224
656 100 1008,480,1224,1224
657 100 984,480,1224,1200
658 100 984,480,1224,1200
659 100 960,456,1224,1224
660 100 960,456,1224,1224
661 100 960,456,1224,1224
662 100 960,456,1224,1224
663 100 936,432,1224,1224
664 100 936,432,1224,1224
665 100 912,432,1224,1200
666 100 912,432,1224,1200
667 100 888,408,1224,1200
668 100 888,408,1224,1200
669 100 864,384,1224,1200
670 100 864,384,1224,1200
671 100 840,360,1224,1200
672 100 840,360,1224,1200
673 100 840,360,1224,1200
674 100 840,360,1224,1200
675 100 864,360,1224,1200
676 100 864,360,1224,1200
677 100 864,360,1224,1200
678 100 864,360,1224,1200
679 100 864,360,1224,1200
680 100 864,360,1224,1200
681 100 840,360,1224,1200
682 100 840,360,1224,1200
683 100 840,336,1224,1224
684 100 840,336,1224,1224
685 100 840,336,1224,1200
686 100 840,336,1224,1200
687 100 816,336,1224,1200
688 100 816,336,1224,1200
689 100 816,312,1224,1200
690 100 816,312,1224,1200
691 100 816,312,1224,1200
692 100 816,312,1224,1200
693 100 792,288,1224,1224
694 100 792,288,1224,1224
695 100 792,288,1224,1200
696 100 792,288,1224,1200
697 100 792,288,1224,1200
698 100 792,288,1224,1200
699 100 792,288,1224,1200
700 100 792,288,1224,1200
701 100 816,288,1224,1200
702 100 816,288,1224,1200
703 100 816,288,1224,1224
704 100 816,288,1224,1224
705 100 840,312,1224,1200
706 100 840,312,1224,1200
707 100 840,312,1224,1200
708 100 840,312,1224,1200
709 100 840,312,1224,1200
710 100 840,312,1224,1200
711 100 840,312,1224,1200
712 100 840,312,1224,1200
713 100 840,312,1224,1200
714 100 840,312,1224,1200
715 100 840,288,1224,1224
716 100 840,288,1224,1224
717 100 864,312,1224,1200
718 100 864,312,1224,1200
719 100 864,312,1224,1200
720 100 864,312,1224,1200
721 100 888,336,1224,1200
722 100 888,336,1224,1200
723 100 984,408,1224,1200
724 100 984,408,1224,1200
725 100 1104,456,1224,1224
726 100 1104,456,1224,1224
727 100 1152,480,1224,1200
728 100 1152,480,1224,1200
729 100 1152,480,1224,1200
730 100 1152,480,1224,1200
731 100 1152,480,1224,1200
732 100 1152,480,1224,1200
733 100 1176,504,1224,1200
734 100 1176,504,1224,1200
735 100 1200,504,1224,1200
736 100 1200,504,1224,1200
737 100 1200,504,1224,1224
738 100 1200,504,1224,1224
739 100 1200,504,1224,1224
740 100 1200,504,1224,1224
741 100 1224,528,1224,1200
742 100 1224,528,1224,1200
743 100 1248,528,1224,1224
744 100 1248,528,1224,1224
745 100 1296,528,1224,1224
746 100 1296,528,1224,1224
747 100 1320,552,1224,1200
748 100 1320,552,1224,1200
749 100 1368,552,1224,1200
750 100 1368,552,1224,1200
751 100 1392,552,1224,1200
752 100 1392,552,1224,1200
753 100 1392,552,1224,1200
754 100 1392,552,1224,1200
755 100 1416,552,1224,1200
756 100 1416,552,1224,1200
757 100 1440,552,1224,1200
758 100 1440,552,1224,1200
759 100 1464,552,1224,1200
760 100 1464,552,1224,1200
761 100 1488,552,1224,1200
762 100 1488,552,1224,1200
763 100 1512,552,1224,1200
764 100 1512,552,1224,1200
765 100 1512,552,1224,1200
766 100 1512,552,1224,1200
767 100 1512,552,1224,1200
768 100 1512,552,1224,1200
769 100 1512,552,1224,1200
770 100 1512,552,1224,1200
771 100 1512,552,1224,1200
772 100 1512,552,1224,1200
773 100 1512,528,1224,1224
774 100 1512,528,1224,1224
775 100 1512,528,1224,1224
776 100 1512,528,1224,1224
777 100 1488,528,1224,1224
778 100 1488,528,1224,1224
779 100 1488,528,1224,1224
780 100 1488,528,1224,1224
781 100 1488,528,1224,1224
782 100 1488,528,1224,1224
783 100 1488,528,1224,1224
784 100 1488,528,1224,1224
785 100 1512,528,1224,1224
786 100 1512,528,1224,1224
787 100 1512,528,1224,1224
788 100 1512,528,1224,1224
789 100 1512,552,1224,1200
790 100 1512,552,1224,1200
791 100 1512,552,1224,1200
792 100 1512,552,1224,1200
793 100 1512,552,1224,1224
794 100 1512,552,1224,1224
795 100 1512,552,1224,1224
796 100 1512,552,1224,1224
797 100 1488,576,1224,1200
798 100 1488,576,1224,1200
799 100 1488,576,1224,1224
800 100 1488,576,1224,1224
801 100 1464,576,1224,1200
802 100 1464,576,1224,1200
803 100 1440,576,1224,1200
804 100 1440,576,1224,1200
805 100 1416,552,1224,1200
806 100 1416,552,1224,1200
807 100 1368,552,1224,1200
808 100 1368,552,1224,1200
809 100 1320,552,1224,1200
810 100 1320,552,1224,1200
811 100 1320,552,1224,1200
812 100 1320,552,1224,1200
813 100 1296,528,1224,1224
814 100 1296,528,1224,1224
815 100 1272,552,1224,1200
816 100 1272,552,1224,1200
817 100 1248,552,1224,1200
818 100 1248,552,1224,1200
819 100 1248,528,1224,1224
820 100 1248,528,1224,1224
821 100 1224,528,1224,1200
822 100 1224,528,1224,1200
823 100 1224,528,1224,1200
824 100 1224,528,1224,1200
825 100 1200,528,1224,1200
826 100 1200,528,1224,1200
827 100 1200,528,1224,1224
828 100 1200,528,1224,1224
829 100 1200,528,1224,1224
830 100 1200,528,1224,1224
831 100 1200,528,1224,1224
832 100 1200,528,1224,1224
833 100 1200,552,1224,1224
834 100 1200,552,1224,1224
835 100 1176,576,1224,1200
836 100 1176,576,1224,1200
837 100 1176,576,1224,1200
838 100 1176,576,1224,1200
839 100 1176,552,1224,1224
840 100 1176,552,1224,1224
841 100 1176,552,1224,1200
842 100 1176,552,1224,1200
843 100 1176,528,1224,1200
844 100 1176,528,1224,1200
845 100 1176,528,1224,1200
846 100 1176,528,1224,1200
847 100 1176,528,1224,1200
848 100 1176,528,1224,1200
849 100 1152,504,1224,1224
850 100 1152,504,1224,1224
851 100 1128,504,1224,1224
852 100 1128,504,1224,1224
853 100 1104,528,1224,1200
854 100 1104,528,1224,1200
855 100 1104,528,1224,1200
856 100 1104,528,1224,1200
857 100 1080,504,1224,1224
858 100 1080,504,1224,1224
859 100 1056,504,1224,1224
860 100 1056,504,1224,1224
861 100 1032,504,1224,1224
862 100 1032,504,1224,1224
863 100 1032,504,1224,1200
864 100 1032,504,1224,1200
865 100 1032,504,1224,1200
866 100 1032,504,1224,1200
867 100 1008,480,1224,1224
868 100 1008,480,1224,1224
869 100 984,480,1224,1200
870 100 984,480,1224,1200
871 100 960,480,1224,1224
872 100 960,480,1224,1224
873 100 960,480,1224,1224
874 100 960,480,1224,1224
875 100 960,480,1224,1200
876 100 960,480,1224,1200
877 100 936,456,1224,1200
878 100 936,456,1224,1200
879 100 912,456,1224,1224
880 100 912,456,1224,1224
881 100 888,456,1224,1200
882 100 888,456,1224,1200
883 100 864,456,1224,1224
884 100 864,456,1224,1224
885 100 840,456,1224,1200
886 100 840,456,1224,1200
887 100 840,456,1224,1200
888 100 840,456,1224,1200
889 100 840,456,1224,1224
890 100 840,456,1224,1224
891 100 840,480,1224,1200
892 100 840,480,1224,1200
893 100 840,456,1224,1224
894 100 840,456,1224,1224
895 100 816,456,1224,1200
896 100 816,456,1224,1200
897 100 816,456,1224,1200
898 100 816,456,1224,1200
899 100 792,432,1224,1224
900 100 792,432,1224,1224
901 100 792,432,1224,1224
902 100 792,432,1224,1224
903 100 768,432,1224,1200
904 100 768,432,1224,1200
905 100 768,432,1224,1200
906 100 768,432,1224,1200
907 100 792,432,1224,1200
908 100 792,432,1224,1200
909 100 792,432,1224,1200
910 100 792,432,1224,1200
911 100 816,432,1224,1200
912 100 816,432,1224,1200
913 100 816,432,1224,1200
914 100 816,432,1224,1200
915 100 816,432,1224,1200
916 100 816,432,1224,1200
917 100 840,432,1224,1200
918 100 840,432,1224,1200
919 100 840,432,1224,1200
920 100 840,432,1224,1200
921 100 840,432,1224,1200
922 100 840,432,1224,1200
923 100 840,432,1224,1200
924 100 840,432,1224,1200
925 100 840,432,1224,1200
926 100 840,432,1224,1200
927 100 864,432,1224,1200
928 100 864,432,1224,1200
929 100 864,432,1224,1200
930 100 864,432,1224,1200
931 100 864,432,1224,1200
932 100 864,432,1224,1200
933 100 864,432,1224,1200
934 100 864,432,1224,1200
935 100 864,408,1224,1200
936 100 864,408,1224,1200
937 100 864,408,1224,1200
938 100 864,408,1224,1200
939 100 864,384,1224,1224
940 100 864,384,1224,1224
941 100 864,384,1224,1200
942 100 864,384,1224,1200
943 100 864,384,1224,1200
944 100 864,384,1224,1200
945 100 864,360,1224,1224
946 100 864,360,1224,1224
947 100 864,360,1224,1224
948 100 864,360,1224,1224
949 100 888,360,1224,1224
950 100 888,360,1224,1224
951 100 912,384,1224,1200
952 100 912,384,1224,1200
953 100 936,384,1224,1200
954 100 936,384,1224,1200
955 100 960,384,1224,1200
956 100 960,384,1224,1200
957 100 960,360,1224,1224
958 100 960,360,1224,1224
959 100 936,360,1224,1200
960 100 936,360,1224,1200
961 100 936,336,1224,1224
962 100 936,336,1224,1224
963 100 936,336,1224,1224
964 100 936,336,1224,1224
965 100 936,336,1224,1200
966 100 936,336,1224,1200
967 100 912,336,1224,1200
968 100 912,336,1224,1200
969 100 912,336,1224,1200
970 100 912,336,1224,1200
971 100 912,336,1224,1200
972 100 912,336,1224,1200
973 100 912,336,1224,1200
974 100 912,336,1224,1200
975 100 888,312,1224,1224
976 100 888,312,1224,1224
977 100 888,312,1224,1200
978 100 888,312,1224,1200
979 100 864,288,1224,1224
980 100 864,288,1224,1224
981 100 864,288,1224,1224
982 100 864,288,1224,1224
983 100 864,288,1224,1224
984 100 864,288,1224,1224
985 100 864,312,1224,1200
986 100 864,312,1224,1200
987 100 888,336,1224,1200
988 100 888,336,1224,1200
989 100 888,336,1224,1200
990 100 888,336,1224,1200
991 100 888,336,1224,1224
992 100 888,336,1224,1224
993 100 888,360,1224,1200
994 100 888,360,1224,1200
995 100 888,360,1224,1200
996 100 888,360,1224,1200
997 100 864,360,1224,1224
998 100 864,360,1224,1224
999 100 864,360,1224,1224
1000 100 864,360,1224,1224
1001 100 888,384,1224,1200
1002 100 888,384,1224,1200
1003 100 888,384,1224,1200
1004 100 888,384,1224,1200
1005 100 888,384,1224,1200
1006 100 888,384,1224,1200
1007 100 912,384,1224,1224
1008 100 912,384,1224,1224
1009 100 912,408,1224,1200
1010 100 912,408,1224,1200
1011 100 912,408,1224,1200
1012 100 912,408,1224,1200
1013 100 912,408,1224,1200
1014 100 912,408,1224,1200
1015 100 912,384,1224,1224
1016 100 912,384,1224,1224
1017 100 888,384,1224,1224
1018 100 888,384,1224,1224
1019 100 888,384,1224,1224
1020 100 888,384,1224,1224
1021 100 888,384,1224,1224
1022 100 888,384,1224,1224
1023 100 888,384,1224,1224
1024 100 888,384,1224,1224
1025 100 888,408,1224,1200
1026 100 888,408,1224,1200
1027 100 888,408,1224,1200
1028 100 888,408,1224,1200
1029 100 888,408,1224,1200
1030 100 888,408,1224,1200
1031 100 888,408,1224,1200
1032 100 888,408,1224,1200
1033 100 888,408,1224,1200
1034 100 888,408,1224,1200
1035 100 888,408,1224,1200
1036 100 888,408,1224,1200
1037 100 888,408,1224,1200
1038 100 888,408,1224,1200
1039 100 888,408,1224,1200
1040 100 888,408,1224,1200
1041 100 864,408,1224,1200
1042 100 864,408,1224,1200
1043 100 864,384,1224,1200
1044 100 864,384,1224,1200
1045 100 840,384,1224,1200
1046 100 840,384,1224,1200
1047 100 816,360,1224,1200
1048 100 816,360,1224,1200
1049 100 792,336,1224,1224
1050 100 792,336,1224,1224
1051 100 768,336,1224,1200
1052 100 768,336,1224,1200
1053 100 768,336,1224,1200
1054 100 768,336,1224,1200
1055 100 744,312,1224,1200
1056 100 744,312,1224,1200
1057 100 720,312,1224,1200
1058 100 720,312,1224,1200
1059 100 720,288,1224,1200
1060 100 720,288,1224,1200
1061 100 696,264,1224,1224
1062 100 696,264,1224,1224
1063 100 696,264,1224,1200
1064 100 696,264,1224,1200
1065 100 696,264,1224,1200
1066 100 696,264,1224,1200
1067 100 696,264,1224,1200
1068 100 696,264,1224,1200
1069 100 696,240,1224,1224
1070 100 696,240,1224,1224
1071 100 696,240,1224,1200
1072 100 696,240,1224,1200
1073 100 696,240,1224,1200
1074 100 696,240,1224,1200
1075 100 696,240,1224,1200
1076 100 696,240,1224,1200
1077 100 696,240,1224,1200
1078 100 696,240,1224,1200
1079 100 696,240,1224,1200
1080 100 696,240,1224,1200
1081 100 696,240,1224,1200
1082 100 696,240,1224,1200
1083 100 696,240,1224,1200
1084 100 696,240,1224,1200
1085 100 696,240,1224,1200
1086 100 696,240,1224,1200
1087 100 696,240,1224,1200
1088 100 696,240,1224,1200
1089 100 720,240,1224,1200
1090 100 720,240,1224,1200
1091 100 720,240,1224,1200
1092 100 720,240,1224,1200
1093 100 720,240,1224,1224
1094 100 720,240,1224,1224
1095 100 720,264,1224,1200
1096 100 720,264,1224,1200
1097 100 744,264,1224,1200
1098 100 744,264,1224,1200
1099 100 744,288,1224,1200
1100 100 744,288,1224,1200
1101 100 792,336,1224,1200
1102 100 792,336,1224,1200
1103 100 792,336,1224,1200
1104 100 792,336,1224,1200
1105 100 888,408,1224,1200
1106 100 888,408,1224,1200
1107 100 960,456,1224,1200
1108 100 960,456,1224,1200
1109 100 1032,480,1224,1200
1110 100 1032,480,1224,1200
1111 100 1080,504,1224,1200
1112 100 1080,504,1224,1200
1113 100 1128,528,1224,1200
1114 100 1128,528,1224,1200
1115 100 1176,528,1224,1200
1116 100 1176,528,1224,1200
1117 100 1224,528,1224,1224
1118 100 1224,528,1224,1224
1119 100 1248,552,1224,1200
1120 100 1248,552,1224,1200
1121 100 1296,552,1224,1200
1122 100 1296,552,1224,1200
1123 100 1296,552,1224,1200
1124 100 1296,552,1224,1200
1125 100 1320,552,1224,1224
1126 100 1320,552,1224,1224
1127 100 1368,576,1224,1200
1128 100 1368,576,1224,1200
1129 100 1392,576,1224,1200
1130 100 1392,576,1224,1200
1131 100 1392,576,1224,1200
1132 100 1392,576,1224,1200
1133 100 1392,576,1224,1224
1134 100 1392,576,1224,1224
1135 100 1416,576,1224,1200
1136 100 1416,576,1224,1200
1137 100 1416,552,1224,1200
1138 100 1416,552,1224,1200
1139 100 1416,552,1224,1200
1140 100 1416,552,1224,1200
1141 100 1416,552,1224,1200
1142 100 1416,552,1224,1200
1143 100 1416,552,1224,1200
1144 100 1416,552,1224,1200
1145 100 1416,552,1224,1224
1146 100 1416,552,1224,1224
1147 100 1416,576,1224,1200
1148 100 1416,576,1224,1200
1149 100 1416,600,1224,1200
1150 100 1416,600,1224,1200
1151 100 1416,576,1224,1224
1152 100 1416,576,1224,1224
1153 100 1416,576,1224,1224
1154 100 1416,576,1224,1224
1155 100 1416,576,1224,1200
1156 100 1416,576,1224,1200
1157 100 1416,576,1224,1200
1158 100 1416,576,1224,1200
1159 100 1416,576,1224,1200
1160 100 1416,576,1224,1200
1161 100 1416,576,1224,1224
1162 100 1416,576,1224,1224
1163 100 1416,576,1224,1224
1164 100 1416,576,1224,1224
1165 100 1416,576,1224,1224
1166 100 1416,576,1224,1224
1167 100 1392,576,1224,1200
1168 100 1392,576,1224,1200
1169 100 1392,576,1224,1200
1170 100 1392,576,1224,1200
1171 100 1368,576,1224,1200
1172 100 1368,576,1224,1200
1173 100 1368,576,1224,1200
1174 100 1368,576,1224,1200
1175 100 1368,576,1224,1224
1176 100 1368,576,1224,1224
1177 100 1416,576,1224,1224
1178 100 1416,576,1224,1224
1179 100 1488,576,1224,1224
1180 100 1488,576,1224,1224
1181 100 1536,600,1224,1200
1182 100 1536,600,1224,1200
1183 100 1584,624,1224,1200
1184 100 1584,624,1224,1200
1185 100 1584,624,1224,1200
1186 100 1584,624,1224,1200
1187 100 1632,624,1224,1200
1188 100 1632,624,1224,1200
1189 100 1680,624,1224,1200
1190 100 1680,624,1224,1200
1191 100 1704,600,1224,1224
1192 100 1704,600,1224,1224
1193 100 1728,600,1224,1224
1194 100 1728,600,1224,1224
1195 100 1752,624,1224,1200
1196 100 1752,624,1224,1200
1197 100 1800,624,1224,1200
1198 100 1800,624,1224,1200
1199 100 1824,624,1224,1200
1200 100 1824,624,1224,1200
1201 100 1872,600,1224,1224
1202 100 1872,600,1224,1224
1203 100 1896,600,1224,1224
1204 100 1896,600,1224,1224
1205 100 1896,600,1224,1224
1206 100 1896,600,1224,1224
1207 100 1968,600,1224,1200
1208 100 1968,600,1224,1200
1209 100 2040,576,1224,1224
1210 100 2040,576,1224,1224
1211 100 2088,576,1224,1224
1212 100 2088,576,1224,1224
1213 100 2088,552,1224,1224
1214 100 2088,552,1224,1224
1215 100 2088,528,1224,1224
1216 100 2088,528,1224,1224
1217 100 2112,504,1224,1224
1218 100 2112,504,1224,1224
1219 100 2160,480,1224,1224
1220 100 2160,480,1224,1224
1221 100 2184,456,1224,1224
1222 100 2184,456,1224,1224
1223 100 2184,456,1224,1224
1224 100 2184,456,1224,1224
1225 100 2184,432,1224,1200
1226 100 2184,432,1224,1200
1227 100 2208,408,1224,1224
1228 100 2208,408,1224,1224
1229 100 2208,408,1224,1224
1230 100 2208,408,1224,1224
1231 100 2232,408,1224,1224
1232 100 2232,408,1224,1224
1233 100 2280,432,1224,1200
1234 100 2280,432,1224,1200
1235 100 2304,432,1224,1200
1236 100 2304,432,1224,1200
1237 100 2328,432,1224,1224
1238 100 2328,432,1224,1224
1239 100 2352,432,1224,1224
1240 100 2352,432,1224,1224
1241 100 2400,456,1224,1200
1242 100 2400,456,1224,1200
1243 100 2400,456,1224,1200
1244 100 2400,456,1224,1200
1245 100 2424,456,1224,1200
1246 100 2424,456,1224,1200
1247 100 2448,456,1224,1200
1248 100 2448,456,1224,1200
1249 100 2472,456,1224,1200
1250 100 2472,456,1224,1200
1251 100 2520,456,1224,1200
1252 100 2520,456,1224,1200
1253 100 2568,456,1224,1224
1254 100 2568,456,1224,1224
1255 100 2640,456,1224,1224
1256 100 2640,456,1224,1224
1257 100 2640,456,1224,1224
1258 100 2640,456,1224,1224
1259 100 2664,456,1224,1224
1260 100 2664,456,1224,1224
1261 100 2760,456,1224,1224
1262 100 2760,456,1224,1224
1263 100 2904,480,1224,1200
1264 100 2904,480,1224,1200
1265 100 3048,480,1224,1224
1266 100 3048,480,1224,1224
1267 100 3096,480,1224,1200
1268 100 3096,480,1224,1200
1269 100 3144,480,1224,1200
1270 100 3144,480,1224,1200
1271 100 3288,480,1224,1200
1272 100 3288,480,1224,1200
1273 100 3288,480,1224,1200
1274 100 3288,480,1224,1200
1275 100 3288,480,1224,1200
1276 100 3288,480,1224,1200
1277 100 3240,480,1224,1200
1278 100 3240,480,1224,1200
1279 100 3216,480,1224,1200
1280 100 3216,480,1224,1200
1281 100 3240,480,1224,1200
1282 100 3240,480,1224,1200
1283 100 3264,480,1224,1200
1284 100 3264,480,1224,1200
1285 100 3288,480,1224,1200
1286 100 3288,480,1224,1200
1287 100 3288,480,1224,1200
1288 100 3288,480,1224,1200
1289 100 3288,480,1224,1200
1290 100 3288,480,1224,1200
1291 100 3480,480,1224,1200
1292 100 3480,480,1224,1200
1293 100 3456,480,1224,1200
1294 100 3456,480,1224,1200
1295 100 3432,480,1224,1200
1296 100 3432,480,1224,1200
1297 100 3432,480,1224,1200
1298 100 3432,480,1224,1200
1299 100 3408,480,1224,1200
1300 100 3408,480,1224,1200
1301 100 3432,480,1224,1200
1302 100 3432,480,1224,1200
1303 100 3384,480,1224,1200
1304 100 3384,480,1224,1200
1305 100 3384,480,1224,1200
1306 100 3384,480,1224,1200
1307 100 3312,480,1224,1224
1308 100 3312,480,1224,1224
1309 100 3288,480,1224,1224
1310 100 3288,480,1224,1224
1311 100 3240,480,1224,1224
1312 100 3240,480,1224,1224
1313 100 3216,504,1224,1200
1314 100 3216,504,1224,1200
1315 100 3144,504,1224,1224
1316 100 3144,504,1224,1224
1317 100 3192,528,1224,1224
1318 100 3192,528,1224,1224
1319 100 3048,528,1224,1224
1320 100 3048,528,1224,1224
1321 100 3048,528,1224,1224
1322 100 3048,528,1224,1224
1323 100 3072,528,1224,1224
1324 100 3072,528,1224,1224
1325 100 2976,528,1224,1200
1326 100 2976,528,1224,1200
1327 100 2976,528,1224,1200
1328 100 2976,528,1224,1200
1329 100 2904,528,1224,1200
1330 100 2904,528,1224,1200
1331 100 2904,528,1224,1200
1332 100 2904,528,1224,1200
1333 100 2808,528,1224,1200
1334 100 2808,528,1224,1200
1335 100 2784,504,1224,1224
1336 100 2784,504,1224,1224
1337 100 2784,504,1224,1200
1338 100 2784,504,1224,1200
1339 100 2784,504,1224,1200
1340 100 2784,504,1224,1200
1341 100 2712,480,1224,1224
1342 100 2712,480,1224,1224
1343 100 2688,480,1224,1200
1344 100 2688,480,1224,1200
1345 100 2688,456,1224,1224
1346 100 2688,456,1224,1224
1347 100 2688,456,1224,1200
1348 100 2688,456,1224,1200
1349 100 2688,456,1224,1200
1350 100 2688,456,1224,1200
1351 100 2664,456,1224,1200
1352 100 2664,456,1224,1200
1353 100 2664,432,1224,1224
1354 100 2664,432,1224,1224
1355 100 2664,432,1224,1200
1356 100 2664,432,1224,1200
1357 100 2664,432,1224,1200
1358 100 2664,432,1224,1200
1359 100 2640,432,1224,1200
1360 100 2640,432,1224,1200
1361 100 2640,408,1224,1224
1362 100 2640,408,1224,1224
1363 100 2640,408,1224,1224
1364 100 2640,408,1224,1224
1365 100 2616,408,1224,1200
1366 100 2616,408,1224,1200
1367 100 2592,384,1224,1200
1368 100 2592,384,1224,1200
1369 100 2568,384,1224,1200
1370 100 2568,384,1224,1200
1371 100 2544,384,1224,1224
1372 100 2544,384,1224,1224
1373 100 2544,384,1224,1224
1374 100 2544,384,1224,1224
1375 100 2496,408,1224,1200
1376 100 2496,408,1224,1200
1377 100 2472,408,1224,1200
1378 100 2472,408,1224,1200
1379 100 2448,384,1224,1224
1380 100 2448,384,1224,1224
1381 100 2424,384,1224,1224
1382 100 2424,384,1224,1224
1383 100 2400,384,1224,1224
1384 100 2400,384,1224,1224
1385 100 2400,408,1224,1200
1386 100 2400,408,1224,1200
1387 100 2400,408,1224,1200
1388 100 2400,408,1224,1200
1389 100 2400,408,1224,1200
1390 100 2400,408,1224,1200
1391 100 2376,408,1224,1200
1392 100 2376,408,1224,1200
1393 100 2376,408,1224,1224
1394 100 2376,408,1224,1224
1395 100 2376,432,1224,1200
1396 100 2376,432,1224,1200
1397 100 2352,432,1224,1200
1398 100 2352,432,1224,1200
1399 100 2352,432,1224,1200
1400 100 2352,432,1224,1200
1401 100 2352,432,1224,1200
1402 100 2352,432,1224,1200
1403 100 2352,432,1224,1200
1404 100 2352,432,1224,1200
1405 100 2352,432,1224,1200
1406 100 2352,432,1224,1200
1407 100 2328,432,1224,1200
1408 100 2328,432,1224,1200
1409 100 2328,432,1224,1200
1410 100 2328,432,1224,1200
1411 100 2328,432,1224,1200
1412 100 2328,432,1224,1200
1413 100 2328,432,1224,1200
1414 100 2328,432,1224,1200
1415 100 2328,432,1224,1200
1416 100 2328,432,1224,1200
1417 100 2328,432,1224,1200
1418 100 2328,432,1224,1200
1419 100 2328,432,1224,1200
1420 100 2328,432,1224,1200
1421 100 2304,432,1224,1200
1422 100 2304,432,1224,1200
1423 100 2304,432,1224,1200
1424 100 2304,432,1224,1200
1425 100 2304,432,1224,1224
1426 100 2304,432,1224,1224
1427 100 2304,432,1224,1224
1428 100 2304,432,1224,1224
1429 100 2280,456,1224,1200
1430 100 2280,456,1224,1200
1431 100 2280,456,1224,1200
1432 100 2280,456,1224,1200
1433 100 2280,456,1224,1224
1434 100 2280,456,1224,1224
1435 100 2280,480,1224,1200
1436 100 2280,480,1224,1200
1437 100 2256,480,1224,1200
1438 100 2256,480,1224,1200
1439 100 2256,480,1224,1200
1440 100 2256,480,1224,1200
1441 100 2256,504,1224,1200
1442 100 2256,504,1224,1200
1443 100 2232,504,1224,1200
1444 100 2232,504,1224,1200
1445 100 2232,504,1224,1200
1446 100 2232,504,1224,1200
1447 100 2208,504,1224,1200
1448 100 2208,504,1224,1200
1449 100 2184,504,1224,1224
1450 100 2184,504,1224,1224
1451 100 2160,504,1224,1224
1452 100 2160,504,1224,1224
1453 100 2160,504,1224,1224
1454 100 2160,504,1224,1224
1455 100 2112,528,1224,1200
1456 100 2112,528,1224,1200
1457 100 2088,528,1224,1224
1458 100 2088,528,1224,1224
1459 100 2064,552,1224,1200
1460 100 2064,552,1224,1200
1461 100 2064,552,1224,1200
1462 100 2064,552,1224,1200
1463 100 2040,552,1224,1200
1464 100 2040,552,1224,1200
1465 100 2016,552,1224,1224
1466 100 2016,552,1224,1224
1467 100 1992,552,1224,1224
1468 100 1992,552,1224,1224
1469 100 1968,576,1224,1200
1470 100 1968,576,1224,1200
1471 100 1944,576,1224,1200
1472 100 1944,576,1224,1200
1473 100 1920,600,1224,1200
1474 100 1920,600,1224,1200
1475 100 1872,600,1224,1200
1476 100 1872,600,1224,1200
1477 100 1848,600,1224,1200
1478 100 1848,600,1224,1200
1479 100 1848,600,1224,1200
1480 100 1848,600,1224,1200
1481 100 1848,576,1224,1200
1482 100 1848,576,1224,1200
1483 100 1824,576,1224,1200
1484 100 1824,576,1224,1200
1485 100 1800,552,1224,1224
1486 100 1800,552,1224,1224
1487 100 1776,552,1224,1200
1488 100 1776,552,1224,1200
1489 100 1752,552,1224,1200
1490 100 1752,552,1224,1200
1491 100 1704,552,1224,1200
1492 100 1704,552,1224,1200
1493 100 1656,576,1224,1200
1494 100 1656,576,1224,1200
1495 100 1656,576,1224,1200
1496 100 1656,576,1224,1200
1497 100 1632,552,1224,1224
1498 100 1632,552,1224,1224
1499 100 1608,552,1224,1224
1500 100 1608,552,1224,1224
1501 100 1560,576,1224,1200
1502 100 1560,576,1224,1200
1503 100 1536,576,1224,1224
1504 100 1536,576,1224,1224
1505 100 1512,576,1224,1224
1506 100 1512,576,1224,1224
1507 100 1512,576,1224,1200
1508 100 1512,576,1224,1200
1509 100 1488,576,1224,1200
1510 100 1488,576,1224,1200
1511 100 1488,576,1224,1200
1512 100 1488,576,1224,1200
1513 100 1488,552,1224,1224
1514 100 1488,552,1224,1224
1515 100 1464,552,1224,1224
1516 100 1464,552,1224,1224
1517 100 1464,552,1224,1200
1518 100 1464,552,1224,1200
1519 100 1488,552,1224,1200
1520 100 1488,552,1224,1200
1521 100 1488,528,1224,1200
1522 100 1488,528,1224,1200
1523 100 1512,528,1224,1200
1524 100 1512,528,1224,1200
1525 100 1488,504,1224,1224
1526 100 1488,504,1224,1224
1527 100 1488,504,1224,1200
1528 100 1488,504,1224,1200
1529 100 1488,504,1224,1200
1530 100 1488,504,1224,1200
1531 100 1488,504,1224,1200
1532 100 1488,504,1224,1200
1533 100 1488,480,1224,1224
1534 100 1488,480,1224,1224
1535 100 1488,480,1224,1200
1536 100 1488,480,1224,1200
1537 100 1464,432,1224,1224
1538 100 1464,432,1224,1224
1539 100 1416,408,1224,1224
1540 100 1416,408,1224,1224
1541 100 1392,384,1224,1200
1542 100 1392,384,1224,1200
1543 100 1368,360,1224,1224
1544 100 1368,360,1224,1224
1545 100 1368,360,1224,1224
1546 100 1368,360,1224,1224
1547 100 1344,336,1224,1224
1548 100 1344,336,1224,1224
1549 100 1344,312,1224,1200
1550 100 1344,312,1224,1200
1551 100 1320,288,1224,1224
1552 100 1320,288,1224,1224
1553 100 1296,288,1224,1200
1554 100 1296,288,1224,1200
1555 100 1296,288,1224,1200
1556 100 1296,288,1224,1200
1557 100 1296,264,1224,1224
1558 100 1296,264,1224,1224
1559 100 1296,264,1224,1200
1560 100 1296,264,1224,1200
1561 100 1272,240,1224,1200
1562 100 1272,240,1224,1200
1563 100 1272,216,1224,1224
1564 100 1272,216,1224,1224
1565 100 1272,216,1224,1224
1566 100 1272,216,1224,1224
1567 100 1272,216,1224,1200
1568 100 1272,216,1224,1200
1569 100 1248,192,1224,1224
1570 100 1248,192,1224,1224
1571 100 1272,192,1224,1224
1572 100 1272,192,1224,1224
1573 100 1272,192,1224,1224
1574 100 1272,192,1224,1224
1575 100 1272,192,1224,1224
1576 100 1272,192,1224,1224
1577 100 1272,216,1224,1200
1578 100 1272,216,1224,1200
1579 100 1272,216,1224,1200
1580 100 1272,216,1224,1200
1581 100 1272,216,1224,1200
1582 100 1272,216,1224,1200
1583 100 1272,216,1224,1200
1584 100 1272,216,1224,1200
1585 100 1272,216,1224,1200
1586 100 1272,216,1224,1200
1587 100 1272,216,1224,1200
1588 100 1272,216,1224,1200
1589 100 1272,216,1224,1200
1590 100 1272,216,1224,1200
1591 100 1272,216,1224,1200
1592 100 1272,216,1224,1200
1593 100 1272,216,1224,1224
1594 100 1272,216,1224,1224
1595 100 1272,216,1224,1224
1596 100 1272,216,1224,1224
1597 100 1296,216,1224,1224
1598 100 1296,216,1224,1224
1599 100 1296,240,1224,1200
1600 100 1296,240,1224,1200
1601 100 1296,240,1224,1200
1602 100 1296,240,1224,1200
1603 100 1320,264,1224,1200
1604 100 1320,264,1224,1200
1605 100 1320,264,1224,1200
1606 100 1320,264,1224,1200
1607 100 1344,312,1224,1200
1608 100 1368,360,1224,1224
