0 100 264,744,1224,1200
1 100 384,504,1224,1224
2 100 264,744,1224,1200
3 100 384,504,1224,1224
4 100 264,744,1224,1200
5 100 384,504,1224,1224
6 100 264,744,1224,1200
7 100 1512,648,1224,1200
8 100 1512,648,1224,1200
9 100 1512,648,1224,1200
10 100 264,744,1224,1200
11 100 1512,648,1224,1200
12 100 240,744,1224,1200
13 100 1512,648,1224,1200
14 100 1512,648,1224,1200
15 100 240,744,1224,1200
16 100 1512,648,1224,1200
17 100 1512,648,1224,1200
18 100 1368,528,1224,1200
19 100 1536,648,1224,1200
20 100 240,744,1224,1200
21 100 1536,648,1224,1200
22 100 1536,648,1224,1200
23 100 240,720,1224,1224
24 100 1536,648,1224,1200
25 100 240,720,1224,1224
26 100 1536,648,1224,1200
27 100 240,720,1224,1224
28 100 1536,648,1224,1200
29 100 1536,648,1224,1200
30 100 216,720,1224,1200
31 100 1536,648,1224,1200
32 100 216,720,1224,1200
33 100 1536,648,1224,1200
34 100 1536,648,1224,1200
35 100 1536,648,1224,1200
36 100 216,720,1224,1200
37 100 1536,648,1224,1200
38 100 192,720,1224,1200
39 100 1560,648,1224,1200
40 100 192,720,1224,1200
41 100 1560,648,1224,1200
42 100 1608,624,1224,1224
43 100 1608,624,1224,1224
44 100 1608,624,1224,1224
45 100 192,696,1224,1200
46 100 1608,624,1224,1224
47 100 1608,624,1224,1224
48 100 1608,624,1224,1224
49 100 216,672,1224,1200
50 100 1608,624,1224,1224
51 100 216,672,1224,1200
52 100 1608,624,1224,1224
53 100 216,672,1224,1200
54 100 1608,648,1224,1200
55 100 1608,648,1224,1200
56 100 192,672,1224,1200
57 100 1608,648,1224,1200
58 100 192,672,1224,1200
59 100 1608,648,1224,1200
60 100 264,744,1224,1200
61 100 1608,648,1224,1200
62 100 1608,648,1224,1200
63 100 1608,648,1224,1200
64 100 1608,648,1224,1200
65 100 1632,624,1224,1224
66 100 1632,624,1224,1224
67 100 1632,624,1224,1224
68 100 216,672,1224,1200
69 100 1632,624,1224,1224
70 100 216,672,1224,1200
71 100 1608,648,1224,1200
72 100 1608,648,1224,1200
73 100 216,672,1224,1200
74 100 1608,648,1224,1200
75 100 216,672,1224,1200
76 100 1608,648,1224,1200
77 100 1608,624,1224,1224
78 100 216,672,1224,1200
79 100 1608,624,1224,1224
80 100 240,744,1224,1200
81 100 1608,624,1224,1224
82 100 240,672,1224,1200
83 100 1608,624,1224,1224
84 100 1584,648,1224,1200
85 100 1584,648,1224,1200
86 100 240,672,1224,1200
87 100 1584,648,1224,1200
88 100 1584,648,1224,1200
89 100 216,672,1224,1224
90 100 1536,624,1224,1224
91 100 240,672,1224,1224
92 100 1536,624,1224,1224
93 100 1536,624,1224,1224
94 100 1536,624,1224,1224
95 100 1488,624,1224,1224
96 100 1488,624,1224,1224
97 100 1488,624,1224,1224
98 100 1488,624,1224,1224
99 100 1440,624,1224,1200
100 100 1440,624,1224,1200
101 100 1440,624,1224,1200
102 100 1440,624,1224,1200
103 100 240,744,1224,1200
104 100 1392,624,1224,1200
105 100 1392,624,1224,1200
106 100 1392,624,1224,1200
107 100 1392,624,1224,1200
108 100 1368,600,1224,1224
109 100 1368,600,1224,1224
110 100 1368,600,1224,1224
111 100 240,744,1224,1200
112 100 1368,600,1224,1224
113 100 1320,600,1224,1224
114 100 1320,600,1224,1224
115 100 1320,600,1224,1224
116 100 1320,600,1224,1224
117 100 1320,600,1224,1224
118 100 1320,600,1224,1224
119 100 1320,600,1224,1200
120 100 1320,600,1224,1200
121 100 240,744,1224,1200
122 100 1320,600,1224,1200
123 100 1320,600,1224,1200
124 100 1344,600,1224,1200
125 100 1344,600,1224,1200
126 100 1344,600,1224,1200
127 100 1344,600,1224,1200
128 100 1344,600,1224,1200
129 100 1344,600,1224,1200
130 100 1344,600,1224,1200
131 100 1344,600,1224,1200
132 100 1368,600,1224,1200
133 100 1368,600,1224,1200
134 100 1368,600,1224,1200
135 100 1368,600,1224,1200
136 100 1368,600,1224,1200
137 100 1368,600,1224,1200
138 100 1392,600,1224,1200
139 100 1392,600,1224,1200
140 100 1392,600,1224,1200
141 100 216,720,1224,1200
142 100 1392,600,1224,1200
143 100 1392,600,1224,1200
144 100 1392,600,1224,1200
145 100 1392,600,1224,1200
146 100 1392,600,1224,1200
147 100 1392,600,1224,1200
148 100 1392,600,1224,1200
149 100 1392,600,1224,1200
150 100 1392,600,1224,1200
151 100 1392,600,1224,1200
152 100 1392,600,1224,1200
153 100 1392,600,1224,1200
154 100 1392,600,1224,1200
155 100 1392,600,1224,1200
156 100 1392,600,1224,1200
157 100 1392,600,1224,1200
158 100 216,720,1224,1200
159 100 1392,600,1224,1200
160 100 1392,600,1224,1200
161 100 1392,600,1224,1200
162 100 1392,600,1224,1200
163 100 1392,600,1224,1200
164 100 1392,600,1224,1200
165 100 216,720,1224,1200
166 100 1392,600,1224,1200
167 100 1392,600,1224,1224
168 100 1392,600,1224,1224
169 100 1392,600,1224,1224
170 100 1392,600,1224,1224
171 100 1392,600,1224,1224
172 100 1392,600,1224,1224
173 100 1416,600,1224,1224
174 100 1416,600,1224,1224
175 100 1416,600,1224,1224
176 100 1416,600,1224,1224
177 100 1416,600,1224,1224
178 100 1416,600,1224,1224
179 100 1416,600,1224,1224
180 100 1416,600,1224,1224
181 100 1416,600,1224,1224
182 100 1416,600,1224,1224
183 100 1416,600,1224,1224
184 100 1416,600,1224,1224
185 100 1416,600,1224,1200
186 100 1416,600,1224,1200
187 100 1416,600,1224,1200
188 100 1416,600,1224,1200
189 100 1416,600,1224,1200
190 100 1416,600,1224,1200
191 100 1416,600,1224,1200
192 100 192,720,1224,1200
193 100 1416,600,1224,1200
194 100 1416,600,1224,1200
195 100 1416,600,1224,1200
196 100 1440,600,1224,1200
197 100 1440,600,1224,1200
198 100 1440,600,1224,1200
199 100 192,696,1224,1200
200 100 1440,600,1224,1200
201 100 1440,600,1224,1200
202 100 1440,600,1224,1200
203 100 1440,600,1224,1200
204 100 1440,600,1224,1200
205 100 1440,600,1224,1200
206 100 1440,600,1224,1200
207 100 1440,600,1224,1200
208 100 1440,600,1224,1200
209 100 1440,600,1224,1200
210 100 1440,600,1224,1200
211 100 1440,600,1224,1200
212 100 1440,600,1224,1200
213 100 1440,600,1224,1200
214 100 1440,600,1224,1200
215 100 1440,600,1224,1200
216 100 192,696,1224,1200
217 100 1440,600,1224,1200
218 100 1440,600,1224,1200
219 100 1440,600,1224,1200
220 100 1440,600,1224,1200
221 100 1440,600,1224,1200
222 100 1440,600,1224,1200
223 100 216,672,1224,1200
224 100 1440,600,1224,1224
225 100 1440,600,1224,1224
226 100 1440,600,1224,1224
227 100 1440,600,1224,1224
228 100 1440,600,1224,1224
229 100 1440,600,1224,1224
230 100 1440,600,1224,1224
231 100 1440,600,1224,1224
232 100 1440,600,1224,1224
233 100 1440,600,1224,1224
234 100 1440,624,1224,1200
235 100 1440,624,1224,1200
236 100 1440,624,1224,1200
237 100 1440,624,1224,1200
238 100 1440,624,1224,1200
239 100 1440,624,1224,1200
240 100 1440,624,1224,1200
241 100 1440,624,1224,1200
242 100 1440,624,1224,1200
243 100 192,672,1224,1200
244 100 1440,624,1224,1200
245 100 1440,624,1224,1200
246 100 1440,624,1224,1200
247 100 1440,624,1224,1200
248 100 1440,624,1224,1200
249 100 1440,624,1224,1200
250 100 1440,624,1224,1200
251 100 1440,600,1224,1224
252 100 1440,600,1224,1224
253 100 1440,600,1224,1224
254 100 1440,600,1224,1224
255 100 1440,600,1224,1224
256 100 1440,600,1224,1224
257 100 1440,600,1224,1200
258 100 1440,600,1224,1200
259 100 1440,600,1224,1200
260 100 1440,600,1224,1200
261 100 1440,600,1224,1200
262 100 1440,600,1224,1200
263 100 1440,600,1224,1200
264 100 192,672,1224,1200
265 100 1440,600,1224,1200
266 100 1440,600,1224,1224
267 100 1440,600,1224,1224
268 100 1440,600,1224,1224
269 100 1440,600,1224,1224
270 100 1440,600,1224,1224
271 100 192,672,1224,1200
272 100 1440,600,1224,1224
273 100 1440,600,1224,1224
274 100 1416,600,1224,1224
275 100 1416,600,1224,1224
276 100 1416,624,1224,1200
277 100 1416,624,1224,1200
278 100 216,672,1224,1200
279 100 1416,624,1224,1200
280 100 1416,624,1224,1200
281 100 1392,624,1224,1200
282 100 1392,624,1224,1200
283 100 1392,624,1224,1200
284 100 1392,624,1224,1200
285 100 1368,624,1224,1224
286 100 1368,624,1224,1224
287 100 1368,624,1224,1224
288 100 1368,624,1224,1224
289 100 1296,648,1224,1200
290 100 1296,648,1224,1200
291 100 1296,648,1224,1200
292 100 1296,648,1224,1200
293 100 1248,672,1224,1200
294 100 1248,672,1224,1200
295 100 1248,672,1224,1200
296 100 1248,672,1224,1200
297 100 1200,672,1224,1200
298 100 1200,672,1224,1200
299 100 1200,672,1224,1200
300 100 1200,672,1224,1200
301 100 1176,696,1224,1200
302 100 1176,696,1224,1200
303 100 1176,696,1224,1200
304 100 1176,696,1224,1200
305 100 1176,696,1224,1200
306 100 1176,696,1224,1200
307 100 1200,696,1224,1200
308 100 1200,696,1224,1200
309 100 1200,696,1224,1200
310 100 1200,696,1224,1200
311 100 1200,696,1224,1200
312 100 1200,696,1224,1200
313 100 1200,696,1224,1200
314 100 1200,696,1224,1200
315 100 1200,696,1224,1200
316 100 1200,696,1224,1200
317 100 1200,696,1224,1200
318 100 1200,696,1224,1200
319 100 1200,696,1224,1200
320 100 1200,696,1224,1200
321 100 1200,696,1224,1200
322 100 1200,696,1224,1200
323 100 1200,696,1224,1200
324 100 1200,696,1224,1200
325 100 1200,696,1224,1200
326 100 1200,696,1224,1200
327 100 1200,696,1224,1200
328 100 1200,696,1224,1200
329 100 1200,696,1224,1200
330 100 1200,696,1224,1200
331 100 1200,696,1224,1200
332 100 216,672,1224,1200
333 100 1200,696,1224,1200
334 100 1200,696,1224,1200
335 100 1200,696,1224,1200
336 100 1200,696,1224,1200
337 100 1200,696,1224,1200
338 100 1200,696,1224,1200
339 100 1200,696,1224,1200
340 100 1200,696,1224,1200
341 100 1200,696,1224,1200
342 100 1200,696,1224,1200
343 100 216,672,1224,1200
344 100 1200,696,1224,1200
345 100 1200,696,1224,1200
346 100 1200,696,1224,1200
347 100 1200,696,1224,1200
348 100 1200,696,1224,1200
349 100 1200,696,1224,1200
350 100 1200,696,1224,1200
351 100 1200,696,1224,1200
352 100 1200,696,1224,1200
353 100 1200,696,1224,1200
354 100 1200,696,1224,1200
355 100 1200,696,1224,1200
356 100 1200,696,1224,1200
357 100 1200,696,1224,1200
358 100 1200,696,1224,1200
359 100 1200,696,1224,1200
360 100 1200,696,1224,1200
361 100 1200,696,1224,1200
362 100 1200,696,1224,1200
363 100 1200,696,1224,1200
364 100 1200,696,1224,1200
365 100 1200,696,1224,1200
366 100 1200,696,1224,1200
367 100 240,672,1224,1200
368 100 1200,696,1224,1200
369 100 1200,696,1224,1200
370 100 1200,696,1224,1200
371 100 1200,696,1224,1200
372 100 1200,696,1224,1200
373 100 1200,696,1224,1200
374 100 1200,696,1224,1200
375 100 1200,696,1224,1200
376 100 1200,696,1224,1200
377 100 1200,696,1224,1200
378 100 1200,696,1224,1200
379 100 1200,696,1224,1200
380 100 1200,696,1224,1200
381 100 1200,696,1224,1200
382 100 1200,696,1224,1200
383 100 1200,696,1224,1200
384 100 216,672,1224,1224
385 100 1200,696,1224,1200
386 100 1200,696,1224,1200
387 100 1200,696,1224,1200
388 100 1200,696,1224,1200
389 100 1224,696,1224,1200
390 100 1224,696,1224,1200
391 100 1224,696,1224,1200
392 100 1224,696,1224,1200
393 100 1224,696,1224,1200
394 100 1224,696,1224,1200
395 100 1224,696,1224,1200
396 100 1224,696,1224,1200
397 100 1224,696,1224,1200
398 100 1224,696,1224,1200
399 100 1224,696,1224,1200
400 100 1224,696,1224,1200
401 100 1224,696,1224,1200
402 100 1224,696,1224,1200
403 100 1224,696,1224,1200
404 100 1224,696,1224,1200
405 100 1224,696,1224,1200
406 100 1224,696,1224,1200
407 100 1224,696,1224,1200
408 100 1224,696,1224,1200
409 100 1224,696,1224,1200
410 100 1224,696,1224,1200
411 100 1224,696,1224,1200
412 100 1224,696,1224,1200
413 100 1224,696,1224,1200
414 100 1224,696,1224,1200
415 100 1224,696,1224,1200
416 100 1224,696,1224,1200
417 100 1224,696,1224,1200
418 100 1224,696,1224,1200
419 100 240,744,1224,1200
420 100 1224,696,1224,1200
421 100 1224,696,1224,1200
422 100 1224,696,1224,1200
423 100 1224,696,1224,1200
424 100 1224,696,1224,1200
425 100 1224,696,1224,1200
426 100 1224,696,1224,1200
427 100 1224,696,1224,1200
428 100 1224,696,1224,1224
429 100 1224,696,1224,1224
430 100 1200,720,1224,1200
431 100 1200,720,1224,1200
432 100 1200,720,1224,1200
433 100 1200,720,1224,1200
434 100 1200,720,1224,1200
435 100 1200,720,1224,1200
436 100 1200,720,1224,1200
437 100 1200,720,1224,1200
438 100 1200,720,1224,1200
439 100 1200,720,1224,1200
440 100 1200,720,1224,1200
441 100 1200,720,1224,1200
442 100 1200,720,1224,1200
443 100 1200,720,1224,1200
444 100 1200,720,1224,1200
445 100 1200,720,1224,1200
446 100 1200,720,1224,1200
447 100 1200,720,1224,1200
448 100 1200,720,1224,1200
449 100 1200,720,1224,1200
450 100 1200,720,1224,1200
451 100 1200,720,1224,1200
452 100 1200,720,1224,1200
453 100 1200,720,1224,1200
454 100 1200,720,1224,1200
455 100 1200,720,1224,1200
456 100 1200,720,1224,1200
457 100 1200,720,1224,1200
458 100 1200,720,1224,1200
459 100 1200,720,1224,1200
460 100 1200,720,1224,1200
461 100 1200,720,1224,1200
462 100 1200,720,1224,1200
463 100 1200,720,1224,1200
464 100 1200,720,1224,1200
465 100 1200,720,1224,1200
466 100 1200,720,1224,1200
467 100 1200,720,1224,1200
468 100 1200,720,1224,1200
469 100 1200,720,1224,1200
470 100 1200,720,1224,1200
471 100 1200,720,1224,1200
472 100 1200,720,1224,1200
473 100 1200,720,1224,1200
474 100 1200,720,1224,1200
475 100 1200,720,1224,1200
476 100 1200,720,1224,1200
477 100 1200,720,1224,1200
478 100 1200,720,1224,1200
479 100 1200,720,1224,1200
480 100 1200,720,1224,1200
481 100 1200,720,1224,1200
482 100 1200,720,1224,1200
483 100 1200,720,1224,1200
484 100 1200,720,1224,1200
485 100 1200,720,1224,1200
486 100 1200,720,1224,1200
487 100 1200,720,1224,1200
488 100 1200,720,1224,1200
489 100 1200,720,1224,1200
490 100 1200,720,1224,1200
491 100 1200,720,1224,1200
492 100 1200,720,1224,1200
493 100 1200,720,1224,1200
494 100 1200,720,1224,1200
495 100 1200,720,1224,1200
496 100 1224,720,1224,1200
497 100 1224,720,1224,1200
498 100 1224,720,1224,1200
499 100 1224,720,1224,1200
500 100 1224,720,1224,1200
501 100 1224,720,1224,1200
502 100 1248,696,1224,1224
503 100 1248,696,1224,1224
504 100 1248,696,1224,1224
505 100 1248,696,1224,1224
506 100 1248,696,1224,1200
507 100 1248,696,1224,1200
508 100 1248,696,1224,1200
509 100 1248,696,1224,1200
510 100 1224,720,1224,1200
511 100 1224,720,1224,1200
512 100 1224,720,1224,1200
513 100 1224,720,1224,1200
514 100 1248,720,1224,1200
515 100 1248,720,1224,1200
516 100 1248,720,1224,1200
517 100 1248,720,1224,1200
518 100 1248,720,1224,1200
519 100 1248,720,1224,1200
520 100 1248,720,1224,1200
521 100 1248,720,1224,1200
522 100 1224,720,1224,1200
523 100 1224,720,1224,1200
524 100 1224,720,1224,1200
525 100 1224,720,1224,1200
526 100 1224,720,1224,1224
527 100 1224,720,1224,1224
528 100 1224,720,1224,1200
529 100 1224,720,1224,1200
530 100 1224,720,1224,1200
531 100 1224,720,1224,1200
532 100 1248,720,1224,1200
533 100 1248,720,1224,1200
534 100 1248,720,1224,1200
535 100 1248,720,1224,1200
536 100 1224,720,1224,1224
537 100 1224,720,1224,1224
538 100 1224,720,1224,1224
539 100 1224,720,1224,1224
540 100 1224,744,1224,1200
541 100 1224,744,1224,1200
542 100 1224,744,1224,1200
543 100 1224,744,1224,1200
544 100 1224,744,1224,1200
545 100 1224,744,1224,1200
546 100 1224,744,1224,1200
547 100 1224,744,1224,1200
548 100 1224,744,1224,1200
549 100 1224,744,1224,1200
550 100 1224,744,1224,1200
551 100 1224,744,1224,1200
552 100 1200,744,1224,1224
553 100 1200,744,1224,1224
554 100 1200,744,1224,1224
555 100 1200,744,1224,1224
556 100 1224,744,1224,1200
557 100 1224,744,1224,1200
558 100 1224,744,1224,1200
559 100 1224,744,1224,1200
560 100 1248,744,1224,1200
561 100 1248,744,1224,1200
562 100 1248,744,1224,1224
563 100 1248,744,1224,1224
564 100 1248,744,1224,1224
565 100 1248,744,1224,1224
566 100 1248,744,1224,1200
567 100 1248,744,1224,1200
568 100 240,720,1224,1224
569 100 1248,744,1224,1200
570 100 1248,744,1224,1200
571 100 1272,744,1224,1200
572 100 1272,744,1224,1200
573 100 1272,744,1224,1200
574 100 1272,744,1224,1200
575 100 1248,744,1224,1224
576 100 1248,744,1224,1224
577 100 1248,744,1224,1224
578 100 1248,744,1224,1224
579 100 1248,744,1224,1200
580 100 1248,744,1224,1200
581 100 1248,744,1224,1200
582 100 1248,744,1224,1200
583 100 1224,768,1224,1200
584 100 1224,768,1224,1200
585 100 1200,792,1224,1200
586 100 1200,792,1224,1200
587 100 1200,792,1224,1200
588 100 1200,792,1224,1200
589 100 1200,792,1224,1200
590 100 1200,792,1224,1200
591 100 1200,792,1224,1200
592 100 1200,792,1224,1200
593 100 1176,816,1224,1200
594 100 1176,816,1224,1200
595 100 1104,216,1224,1200
596 100 1176,816,1224,1200
597 100 1176,816,1224,1200
598 100 1224,768,1224,1224
599 100 1224,768,1224,1224
600 100 1224,768,1224,1224
601 100 1224,768,1224,1224
602 100 1272,744,1224,1200
603 100 1272,744,1224,1200
604 100 1272,744,1224,1200
605 100 1272,744,1224,1200
606 100 1272,720,1224,1224
607 100 1272,720,1224,1224
608 100 1272,720,1224,1224
609 100 1272,720,1224,1224
610 100 1272,720,1224,1224
611 100 1272,720,1224,1224
612 100 1272,720,1224,1224
613 100 1272,720,1224,1224
614 100 1272,720,1224,1224
615 100 1272,720,1224,1224
616 100 1248,744,1224,1200
617 100 1248,744,1224,1200
618 100 1248,744,1224,1200
619 100 1248,744,1224,1200
620 100 1176,768,1224,1224
621 100 1176,768,1224,1224
622 100 1176,768,1224,1224
623 100 1176,768,1224,1224
624 100 1152,744,1224,1224
625 100 1152,744,1224,1224
626 100 1152,744,1224,1224
627 100 1152,744,1224,1224
628 100 1128,720,1224,1200
629 100 1128,720,1224,1200
630 100 1128,720,1224,1200
631 100 1128,720,1224,1200
632 100 1152,696,1224,1200
633 100 1152,696,1224,1200
634 100 1176,672,1224,1200
635 100 1176,672,1224,1200
636 100 1176,672,1224,1200
637 100 1176,672,1224,1200
638 100 1176,648,1224,1200
639 100 1176,648,1224,1200
640 100 1176,648,1224,1200
641 100 1176,648,1224,1200
642 100 1176,624,1224,1224
643 100 1176,624,1224,1224
644 100 1176,624,1224,1224
645 100 1176,624,1224,1224
646 100 1152,624,1224,1200
647 100 1152,624,1224,1200
648 100 1152,624,1224,1200
649 100 1152,624,1224,1200
650 100 1152,624,1224,1200
651 100 1152,624,1224,1200
652 100 1152,624,1224,1200
653 100 1152,624,1224,1200
654 100 1176,600,1224,1224
655 100 1176,600,1224,1224
656 100 1176,600,1224,1224
657 100 1176,600,1224,1224
658 100 1176,600,1224,1224
659 100 1176,600,1224,1224
660 100 1200,600,1224,1200
661 100 1200,600,1224,1200
662 100 1200,600,1224,1200
663 100 1200,600,1224,1200
664 100 1200,600,1224,1224
665 100 1200,600,1224,1224
666 100 1200,600,1224,1224
667 100 1200,600,1224,1224
668 100 1200,600,1224,1224
669 100 1200,600,1224,1224
670 100 1200,600,1224,1224
671 100 1200,600,1224,1224
672 100 1176,600,1224,1224
673 100 1176,600,1224,1224
674 100 1176,600,1224,1224
675 100 1176,600,1224,1224
676 100 1128,600,1224,1200
677 100 1128,600,1224,1200
678 100 1080,600,1224,1200
679 100 1080,600,1224,1200
680 100 1080,600,1224,1200
681 100 1080,600,1224,1200
682 100 1032,576,1224,1224
683 100 1032,576,1224,1224
684 100 1032,576,1224,1224
685 100 1032,576,1224,1224
686 100 984,576,1224,1200
687 100 984,576,1224,1200
688 100 984,576,1224,1200
689 100 984,576,1224,1200
690 100 960,576,1224,1200
691 100 960,576,1224,1200
692 100 960,576,1224,1200
693 100 960,576,1224,1200
694 100 960,576,1224,1200
695 100 960,576,1224,1200
696 100 960,576,1224,1200
697 100 960,576,1224,1200
698 100 960,576,1224,1200
699 100 960,576,1224,1200
700 100 960,576,1224,1200
701 100 960,576,1224,1200
702 100 960,576,1224,1200
703 100 960,576,1224,1200
704 100 960,576,1224,1200
705 100 960,576,1224,1200
706 100 960,576,1224,1200
707 100 960,576,1224,1200
708 100 960,576,1224,1200
709 100 960,576,1224,1200
710 100 960,576,1224,1200
711 100 960,576,1224,1200
712 100 960,576,1224,1200
713 100 960,576,1224,1200
714 100 960,576,1224,1200
715 100 960,576,1224,1200
716 100 960,576,1224,1200
717 100 960,576,1224,1200
718 100 960,576,1224,1200
719 100 960,576,1224,1200
720 100 960,576,1224,1200
721 100 960,576,1224,1200
722 100 960,576,1224,1200
723 100 960,576,1224,1200
724 100 960,576,1224,1200
725 100 960,576,1224,1200
726 100 960,576,1224,1200
727 100 960,576,1224,1200
728 100 984,576,1224,1200
729 100 984,576,1224,1200
730 100 984,576,1224,1200
731 100 984,576,1224,1200
732 100 984,576,1224,1200
733 100 984,576,1224,1200
734 100 984,576,1224,1200
735 100 984,576,1224,1200
736 100 984,576,1224,1200
737 100 984,576,1224,1200
738 100 984,576,1224,1200
739 100 984,576,1224,1200
740 100 984,576,1224,1200
741 100 984,576,1224,1200
742 100 984,576,1224,1200
743 100 984,576,1224,1200
744 100 1008,576,1224,1200
745 100 1008,576,1224,1200
746 100 1008,576,1224,1200
747 100 1008,576,1224,1200
748 100 1008,576,1224,1200
749 100 1008,576,1224,1200
750 100 1032,576,1224,1224
751 100 1032,576,1224,1224
752 100 1032,576,1224,1224
753 100 1032,576,1224,1224
754 100 1056,600,1224,1200
755 100 1056,600,1224,1200
756 100 1056,600,1224,1200
757 100 1056,600,1224,1200
758 100 1128,600,1224,1200
759 100 1128,600,1224,1200
760 100 1128,600,1224,1200
761 100 1128,600,1224,1200
762 100 1176,600,1224,1200
763 100 1176,600,1224,1200
764 100 1176,600,1224,1200
765 100 1176,600,1224,1200
766 100 1224,624,1224,1200
767 100 1224,624,1224,1200
768 100 1248,624,1224,1200
769 100 1248,624,1224,1200
770 100 1248,624,1224,1200
771 100 1248,624,1224,1200
772 100 1320,648,1224,1200
773 100 1320,648,1224,1200
774 100 1320,648,1224,1200
775 100 1320,648,1224,1200
776 100 1368,648,1224,1200
777 100 1368,648,1224,1200
778 100 1416,648,1224,1200
779 100 1416,648,1224,1200
780 100 1416,648,1224,1200
781 100 1416,648,1224,1200
782 100 1416,648,1224,1200
783 100 1488,648,1224,1200
784 100 1488,648,1224,1200
785 100 1488,648,1224,1200
786 100 1488,648,1224,1200
787 100 1536,672,1224,1200
788 100 1536,672,1224,1200
789 100 1584,672,1224,1200
790 100 1584,672,1224,1200
791 100 1584,672,1224,1200
792 100 1584,672,1224,1200
793 100 1656,672,1224,1224
794 100 1656,672,1224,1224
795 100 1656,672,1224,1224
796 100 1656,672,1224,1224
797 100 1704,672,1224,1224
798 100 1704,672,1224,1224
799 100 1704,672,1224,1224
800 100 1704,672,1224,1224
801 100 1776,672,1224,1200
802 100 1776,672,1224,1200
803 100 1776,672,1224,1200
804 100 1776,672,1224,1200
805 100 1824,672,1224,1200
806 100 1824,672,1224,1200
807 100 1824,672,1224,1200
808 100 1824,672,1224,1200
809 100 1872,672,1224,1200
810 100 1368,456,1224,1200
811 100 1872,672,1224,1200
812 100 1872,672,1224,1200
813 100 1872,672,1224,1200
814 100 1944,672,1224,1200
815 100 1944,672,1224,1200
816 100 1968,672,1224,1200
817 100 1968,672,1224,1200
818 100 1968,672,1224,1200
819 100 1968,672,1224,1200
820 100 2016,672,1224,1224
821 100 2016,672,1224,1224
822 100 2016,672,1224,1224
823 100 2016,672,1224,1224
824 100 2064,672,1224,1200
825 100 2064,672,1224,1200
826 100 2064,672,1224,1200
827 100 2064,672,1224,1200
828 100 2088,672,1224,1224
829 100 2088,672,1224,1224
830 100 2088,672,1224,1224
831 100 2088,672,1224,1224
832 100 2088,696,1224,1200
833 100 2088,696,1224,1200
834 100 2088,696,1224,1200
835 100 2088,696,1224,1200
836 100 2112,696,1224,1200
837 100 2112,696,1224,1200
838 100 2112,696,1224,1200
839 100 2112,696,1224,1200
840 100 2112,696,1224,1200
841 100 2112,696,1224,1200
842 100 2112,696,1224,1200
843 100 2112,696,1224,1200
844 100 2112,696,1224,1200
845 100 2112,696,1224,1200
846 100 2112,696,1224,1200
847 100 2112,696,1224,1200
848 100 2112,696,1224,1200
849 100 2112,696,1224,1200
850 100 2112,696,1224,1200
851 100 2112,696,1224,1200
852 100 2112,696,1224,1200
853 100 2112,696,1224,1200
854 100 2112,696,1224,1200
855 100 2112,696,1224,1200
856 100 2112,696,1224,1200
857 100 2112,696,1224,1200
858 100 2112,672,1224,1224
859 100 2112,672,1224,1224
860 100 2112,672,1224,1224
861 100 2112,672,1224,1224
862 100 2112,672,1224,1224
863 100 2112,672,1224,1224
864 100 2112,672,1224,1224
865 100 2112,672,1224,1224
866 100 2112,672,1224,1224
867 100 2112,672,1224,1224
868 100 2112,672,1224,1224
869 100 2112,672,1224,1224
870 100 2112,672,1224,1224
871 100 2112,672,1224,1224
872 100 2112,672,1224,1224
873 100 2112,672,1224,1224
874 100 2112,672,1224,1224
875 100 2112,672,1224,1224
876 100 2136,672,1224,1200
877 100 2136,672,1224,1200
878 100 2136,672,1224,1200
879 100 2136,672,1224,1200
880 100 2136,672,1224,1200
881 100 2136,672,1224,1200
882 100 2136,672,1224,1200
883 100 2136,672,1224,1200
884 100 2136,648,1224,1200
885 100 2136,648,1224,1200
886 100 2136,648,1224,1200
887 100 2136,648,1224,1200
888 100 2136,624,1224,1224
889 100 2136,624,1224,1224
890 100 2160,600,1224,1200
891 100 2160,600,1224,1200
892 100 2160,600,1224,1200
893 100 2160,600,1224,1200
894 100 1344,408,1224,1224
895 100 2160,552,1224,1224
896 100 2160,552,1224,1224
897 100 2160,552,1224,1224
898 100 2160,552,1224,1224
899 100 2160,528,1224,1200
900 100 2160,528,1224,1200
901 100 2160,528,1224,1200
902 100 2160,528,1224,1200
903 100 2160,504,1224,1224
904 100 2160,504,1224,1224
905 100 2112,480,1224,1200
906 100 2112,480,1224,1200
907 100 2112,480,1224,1200
908 100 2112,480,1224,1200
909 100 2112,480,1224,1200
910 100 2112,480,1224,1200
911 100 2112,480,1224,1200
912 100 2112,480,1224,1200
913 100 2088,456,1224,1224
914 100 2088,456,1224,1224
915 100 2064,432,1224,1224
916 100 1968,408,1224,1200
917 100 1968,408,1224,1200
918 100 1968,408,1224,1200
919 100 1872,384,1224,1200
920 100 1872,384,1224,1200
921 100 1752,360,1224,1224
922 100 1752,360,1224,1224
923 100 1656,360,1224,1200
924 100 1656,360,1224,1200
925 100 1656,360,1224,1200
926 100 1584,336,1224,1224
927 100 1584,336,1224,1224
928 100 1584,336,1224,1224
929 100 1536,336,1224,1224
930 100 1536,336,1224,1224
931 100 1488,360,1224,1200
932 100 1488,360,1224,1200
933 100 1464,360,1224,1200
934 100 1464,360,1224,1200
935 100 1464,360,1224,1200
936 100 1464,360,1224,1200
937 100 1464,360,1224,1200
938 100 1464,360,1224,1200
939 100 1464,360,1224,1200
940 100 1464,360,1224,1200
941 100 1464,360,1224,1200
942 100 1464,360,1224,1200
943 100 1464,360,1224,1200
944 100 1464,360,1224,1200
945 100 1464,360,1224,1200
946 100 1440,360,1224,1200
947 100 1440,360,1224,1200
948 100 912,240,1224,1200
949 100 1440,360,1224,1200
950 100 1440,360,1224,1200
951 100 1440,360,1224,1224
952 100 936,624,1224,1200
953 100 1440,360,1224,1224
954 100 1440,360,1224,1224
955 100 1440,360,1224,1224
956 100 1440,384,1224,1200
957 100 1440,384,1224,1200
958 100 1440,384,1224,1200
959 100 1440,384,1224,1200
960 100 1416,408,1224,1200
961 100 1416,408,1224,1200
962 100 1416,432,1224,1200
963 100 1416,432,1224,1200
964 100 1416,432,1224,1200
965 100 1416,432,1224,1200
966 100 1440,432,1224,1200
967 100 1440,432,1224,1200
968 100 1440,432,1224,1200
969 100 1440,432,1224,1200
970 100 1440,432,1224,1200
971 100 1440,456,1224,1200
972 100 1440,456,1224,1200
973 100 1440,456,1224,1224
974 100 1440,456,1224,1224
975 100 1440,456,1224,1224
976 100 1440,456,1224,1224
977 100 1440,480,1224,1200
978 100 1440,480,1224,1200
979 100 1440,480,1224,1200
980 100 1440,480,1224,1200
981 100 1464,504,1224,1200
982 100 1464,504,1224,1200
983 100 1464,504,1224,1200
984 100 1464,504,1224,1200
985 100 1464,528,1224,1200
986 100 1464,528,1224,1200
987 100 1464,528,1224,1200
988 100 1464,528,1224,1200
989 100 1488,528,1224,1224
990 100 1488,528,1224,1224
991 100 1488,528,1224,1224
992 100 1488,528,1224,1224
993 100 1488,552,1224,1200
994 100 1488,552,1224,1200
995 100 1488,552,1224,1200
996 100 1488,552,1224,1200
997 100 192,696,1224,1200
998 100 1488,552,1224,1200
999 100 1488,552,1224,1200
1000 100 1464,576,1224,1200
1001 100 1464,576,1224,1200
1002 100 1464,576,1224,1200
1003 100 1464,576,1224,1200
1004 100 1464,600,1224,1200
1005 100 1464,600,1224,1200
1006 100 1464,600,1224,1200
1007 100 1464,600,1224,1200
1008 100 1464,600,1224,1200
1009 100 1464,600,1224,1200
1010 100 1464,600,1224,1200
1011 100 1464,600,1224,1200
1012 100 1440,624,1224,1200
1013 100 1440,624,1224,1200
1014 100 1440,624,1224,1200
1015 100 1440,624,1224,1200
1016 100 1440,624,1224,1224
1017 100 1440,624,1224,1224
1018 100 1416,648,1224,1224
1019 100 1416,648,1224,1224
1020 100 1416,648,1224,1224
1021 100 1416,648,1224,1224
1022 100 1392,672,1224,1200
1023 100 1392,672,1224,1200
1024 100 1392,672,1224,1200
1025 100 1392,672,1224,1200
1026 100 1392,696,1224,1200
1027 100 1392,696,1224,1200
1028 100 1392,696,1224,1200
1029 100 1392,696,1224,1200
1030 100 1392,696,1224,1200
1031 100 1392,696,1224,1200
1032 100 1392,696,1224,1200
1033 100 1392,696,1224,1200
1034 100 1344,720,1224,1200
1035 100 1344,720,1224,1200
1036 100 1344,720,1224,1200
1037 100 1344,720,1224,1200
1038 100 1344,720,1224,1224
1039 100 1344,720,1224,1224
1040 100 1344,720,1224,1224
1041 100 1344,720,1224,1224
1042 100 1320,744,1224,1200
1043 100 1320,744,1224,1200
1044 100 1296,768,1224,1200
1045 100 1296,768,1224,1200
1046 100 1296,768,1224,1200
1047 100 1296,768,1224,1200
1048 100 1296,768,1224,1200
1049 100 1296,768,1224,1200
1050 100 1296,768,1224,1200
1051 100 1296,768,1224,1200
1052 100 1296,768,1224,1224
1053 100 1296,768,1224,1224
1054 100 1296,768,1224,1224
1055 100 1296,768,1224,1224
1056 100 1296,768,1224,1224
1057 100 1296,768,1224,1224
1058 100 1296,768,1224,1224
1059 100 1296,768,1224,1224
1060 100 1320,768,1224,1224
1061 100 1320,768,1224,1224
1062 100 1320,768,1224,1224
1063 100 1320,768,1224,1224
1064 100 1296,792,1224,1224
1065 100 1296,792,1224,1224
1066 100 1296,816,1224,1200
1067 100 1296,816,1224,1200
1068 100 1296,816,1224,1200
1069 100 1296,816,1224,1200
1070 100 1320,792,1224,1224
1071 100 1320,792,1224,1224
1072 100 1320,792,1224,1224
1073 100 1320,792,1224,1224
1074 100 1296,816,1224,1200
1075 100 1296,816,1224,1200
1076 100 1296,816,1224,1200
1077 100 1296,816,1224,1200
1078 100 1320,792,1224,1224
1079 100 1320,792,1224,1224
1080 100 1320,792,1224,1224
1081 100 1320,792,1224,1224
1082 100 1320,792,1224,1200
1083 100 1320,792,1224,1200
1084 100 1368,744,1224,1200
1085 100 1368,744,1224,1200
1086 100 1368,744,1224,1200
1087 100 1368,744,1224,1200
1088 100 1344,768,1224,1200
1089 100 1344,768,1224,1200
1090 100 1344,768,1224,1200
1091 100 1344,768,1224,1200
1092 100 1344,768,1224,1200
1093 100 1344,768,1224,1200
1094 100 1344,768,1224,1200
1095 100 1344,768,1224,1200
1096 100 1392,744,1224,1200
1097 100 1392,744,1224,1200
1098 100 1392,744,1224,1200
1099 100 1392,744,1224,1200
1100 100 1368,720,1224,1224
1101 100 1368,720,1224,1224
1102 100 1368,720,1224,1224
1103 100 1368,720,1224,1224
1104 100 1368,768,1224,1200
1105 100 1368,768,1224,1200
1106 100 1344,792,1224,1200
1107 100 1344,792,1224,1200
1108 100 1344,792,1224,1200
1109 100 1344,792,1224,1200
1110 100 1320,792,1224,1200
1111 100 1320,792,1224,1200
1112 100 1368,456,1224,1200
1113 100 1320,792,1224,1200
1114 100 1320,792,1224,1224
1115 100 1320,792,1224,1224
1116 100 1320,792,1224,1224
1117 100 1320,792,1224,1200
1118 100 1320,792,1224,1200
1119 100 1320,792,1224,1200
1120 100 1320,792,1224,1200
1121 100 1320,816,1224,1200
1122 100 1320,816,1224,1200
1123 100 1320,816,1224,1200
1124 100 1320,816,1224,1200
1125 100 1296,840,1224,1200
1126 100 1296,840,1224,1200
1127 100 1296,840,1224,1200
1128 100 1296,840,1224,1200
1129 100 1320,816,1224,1200
1130 100 1320,816,1224,1200
1131 100 1320,816,1224,1200
1132 100 1320,816,1224,1200
1133 100 1296,840,1224,1200
1134 100 1296,840,1224,1200
1135 100 1296,840,1224,1200
1136 100 1296,840,1224,1200
1137 100 1296,864,1224,1200
1138 100 1296,864,1224,1200
1139 100 1296,864,1224,1200
1140 100 1296,864,1224,1200
1141 100 1272,864,1224,1200
1142 100 1272,864,1224,1200
1143 100 1272,864,1224,1200
1144 100 1272,864,1224,1200
1145 100 1296,840,1224,1224
1146 100 1296,840,1224,1224
1147 100 1320,816,1224,1200
1148 100 1320,816,1224,1200
1149 100 1320,816,1224,1200
1150 100 1320,816,1224,1200
1151 100 1296,840,1224,1200
1152 100 1296,840,1224,1200
1153 100 1296,840,1224,1200
1154 100 1296,840,1224,1200
1155 100 1296,840,1224,1200
1156 100 1296,840,1224,1200
1157 100 1296,840,1224,1200
1158 100 1296,840,1224,1200
1159 100 1320,816,1224,1224
1160 100 1320,816,1224,1224
1161 100 1320,816,1224,1224
1162 100 1320,816,1224,1224
1163 100 1320,816,1224,1200
1164 100 1320,816,1224,1200
1165 100 1320,816,1224,1200
1166 100 1320,816,1224,1200
1167 100 1344,816,1224,1200
1168 100 1344,816,1224,1200
1169 100 1344,816,1224,1200
1170 100 1344,816,1224,1200
1171 100 1344,816,1224,1200
1172 100 1344,816,1224,1200
1173 100 1296,840,1224,1200
1174 100 1296,840,1224,1200
1175 100 1296,840,1224,1200
1176 100 1296,840,1224,1200
1177 100 1296,840,1224,1200
1178 100 1296,840,1224,1200
1179 100 1440,600,1224,1200
1180 100 1296,840,1224,1200
1181 100 1296,840,1224,1200
1182 100 1320,816,1224,1200
1183 100 1320,816,1224,1200
1184 100 1320,816,1224,1200
1185 100 1320,816,1224,1200
1186 100 1344,792,1224,1200
1187 100 1344,792,1224,1200
1188 100 1344,792,1224,1200
1189 100 1344,792,1224,1200
1190 100 1368,768,1224,1224
1191 100 1368,768,1224,1224
1192 100 1368,792,1224,1200
1193 100 1368,792,1224,1200
1194 100 1368,792,1224,1200
1195 100 1368,792,1224,1200
1196 100 1344,792,1224,1200
1197 100 1344,792,1224,1200
1198 100 1344,792,1224,1200
1199 100 1344,792,1224,1200
1200 100 1344,792,1224,1224
1201 100 1344,792,1224,1224
1202 100 1344,792,1224,1224
1203 100 1344,792,1224,1224
1204 100 1320,816,1224,1200
1205 100 1320,816,1224,1200
1206 100 1320,816,1224,1200
1207 100 1320,816,1224,1200
1208 100 1320,816,1224,1200
1209 100 1320,816,1224,1200
1210 100 1344,816,1224,1200
1211 100 1344,816,1224,1200
1212 100 1344,816,1224,1200
1213 100 1344,816,1224,1200
1214 100 1344,816,1224,1200
1215 100 1344,816,1224,1200
1216 100 1344,816,1224,1200
1217 100 1344,816,1224,1200
1218 100 1320,840,1224,1200
1219 100 1320,840,1224,1200
1220 100 1320,840,1224,1200
1221 100 1320,840,1224,1200
1222 100 1296,840,1224,1224
1223 100 1296,840,1224,1224
1224 100 1296,840,1224,1224
1225 100 1296,840,1224,1224
1226 100 1296,864,1224,1200
1227 100 1296,864,1224,1200
1228 100 1296,864,1224,1200
1229 100 1296,864,1224,1200
1230 100 1272,864,1224,1200
1231 100 1272,864,1224,1200
1232 100 1272,864,1224,1200
1233 100 1272,864,1224,1200
1234 100 1296,864,1224,1200
1235 100 1296,864,1224,1200
1236 100 1296,864,1224,1200
1237 100 1296,864,1224,1200
1238 100 1296,864,1224,1200
1239 100 1296,864,1224,1200
1240 100 1272,888,1224,1224
1241 100 1272,888,1224,1224
1242 100 1272,888,1224,1224
1243 100 1272,888,1224,1224
1244 100 1248,912,1224,1200
1245 100 1248,912,1224,1200
1246 100 1248,912,1224,1200
1247 100 1248,912,1224,1200
1248 100 1272,888,1224,1200
1249 100 1272,888,1224,1200
1250 100 264,744,1224,1200
1251 100 1272,888,1224,1200
1252 100 1272,888,1224,1200
1253 100 1296,864,1224,1224
1254 100 1296,864,1224,1224
1255 100 1296,864,1224,1224
1256 100 1296,864,1224,1224
1257 100 1296,864,1224,1200
1258 100 1296,864,1224,1200
1259 100 1296,864,1224,1200
1260 100 1296,864,1224,1200
1261 100 1296,840,1224,1200
1262 100 1296,840,1224,1200
1263 100 1296,840,1224,1200
1264 100 1296,840,1224,1200
1265 100 1320,816,1224,1224
1266 100 1320,816,1224,1224
1267 100 1320,816,1224,1224
1268 100 1320,816,1224,1224
1269 100 1320,816,1224,1224
1270 100 1320,816,1224,1224
1271 100 1320,816,1224,1224
1272 100 1320,816,1224,1224
1273 100 1320,816,1224,1224
1274 100 1320,816,1224,1224
1275 100 1296,840,1224,1200
1276 100 1296,840,1224,1200
1277 100 1296,840,1224,1200
1278 100 1296,840,1224,1200
1279 100 1296,840,1224,1224
1280 100 1296,840,1224,1224
1281 100 1296,840,1224,1224
1282 100 1296,840,1224,1224
1283 100 1296,840,1224,1224
1284 100 1296,840,1224,1224
1285 100 1296,840,1224,1224
1286 100 1296,840,1224,1224
1287 100 1320,816,1224,1200
1288 100 1320,816,1224,1200
1289 100 1368,768,1224,1200
1290 100 1368,768,1224,1200
1291 100 1368,768,1224,1200
1292 100 1368,768,1224,1200
1293 100 1392,720,1224,1224
1294 100 1392,720,1224,1224
1295 100 1392,720,1224,1224
1296 100 1392,720,1224,1224
1297 100 1416,720,1224,1200
1298 100 1416,720,1224,1200
1299 100 1416,720,1224,1200
1300 100 1416,720,1224,1200
1301 100 1392,720,1224,1200
1302 100 1392,720,1224,1200
1303 100 1392,720,1224,1200
1304 100 1392,720,1224,1200
1305 100 1416,720,1224,1200
1306 100 1416,720,1224,1200
1307 100 1392,720,1224,1200
1308 100 1392,720,1224,1200
1309 100 1392,720,1224,1200
1310 100 1392,720,1224,1200
1311 100 1416,720,1224,1200
1312 100 1416,720,1224,1200
1313 100 1416,720,1224,1200
1314 100 1416,720,1224,1200
1315 100 1416,720,1224,1200
1316 100 1416,720,1224,1200
1317 100 1416,720,1224,1200
1318 100 1416,720,1224,1200
1319 100 1416,720,1224,1200
1320 100 1416,720,1224,1200
1321 100 1416,720,1224,1200
1322 100 1440,720,1224,1200
1323 100 1440,720,1224,1200
1324 100 1440,720,1224,1200
1325 100 1440,720,1224,1200
1326 100 1440,720,1224,1200
1327 100 1440,720,1224,1200
1328 100 1464,720,1224,1200
1329 100 1464,720,1224,1200
1330 100 1464,720,1224,1200
1331 100 1464,720,1224,1200
1332 100 1488,720,1224,1200
1333 100 1488,720,1224,1200
1334 100 1488,720,1224,1200
1335 100 1488,720,1224,1200
1336 100 1488,720,1224,1200
1337 100 1488,720,1224,1200
1338 100 1488,720,1224,1200
1339 100 1488,720,1224,1200
1340 100 1488,720,1224,1200
1341 100 1488,720,1224,1200
1342 100 1488,720,1224,1200
1343 100 1488,720,1224,1200
1344 100 1488,720,1224,1200
1345 100 1488,720,1224,1200
1346 100 1488,720,1224,1200
1347 100 1488,720,1224,1200
1348 100 1512,720,1224,1224
1349 100 1512,720,1224,1224
1350 100 1512,720,1224,1200
1351 100 1512,720,1224,1200
1352 100 1512,720,1224,1200
1353 100 1512,720,1224,1200
1354 100 1512,720,1224,1200
1355 100 1512,720,1224,1200
1356 100 1512,720,1224,1200
1357 100 1512,720,1224,1200
1358 100 1488,720,1224,1200
1359 100 1488,720,1224,1200
1360 100 1488,720,1224,1200
1361 100 1488,720,1224,1200
1362 100 1464,720,1224,1200
1363 100 1464,720,1224,1200
1364 100 1416,696,1224,1224
1365 100 1416,696,1224,1224
1366 100 1416,696,1224,1224
1367 100 1416,696,1224,1224
1368 100 1392,696,1224,1200
1369 100 1392,696,1224,1200
1370 100 1392,696,1224,1200
1371 100 1392,696,1224,1200
1372 100 1368,696,1224,1200
1373 100 1368,696,1224,1200
1374 100 1368,696,1224,1200
1375 100 1368,696,1224,1200
1376 100 1368,696,1224,1200
1377 100 1368,696,1224,1200
1378 100 1368,696,1224,1200
1379 100 1368,696,1224,1200
1380 100 1344,672,1224,1200
1381 100 1344,672,1224,1200
1382 100 1344,672,1224,1200
1383 100 1344,672,1224,1200
1384 100 1320,672,1224,1200
1385 100 1320,672,1224,1200
1386 100 1320,672,1224,1200
1387 100 1320,672,1224,1200
1388 100 1344,672,1224,1200
1389 100 1344,672,1224,1200
1390 100 1344,672,1224,1200
1391 100 1344,672,1224,1200
1392 100 1344,672,1224,1200
1393 100 1344,672,1224,1200
1394 100 1344,672,1224,1200
1395 100 1344,672,1224,1200
1396 100 1344,672,1224,1200
1397 100 1344,672,1224,1200
1398 100 1320,648,1224,1224
1399 100 1320,648,1224,1224
1400 100 1320,648,1224,1224
1401 100 1320,648,1224,1224
1402 100 1320,672,1224,1200
1403 100 1320,672,1224,1200
1404 100 1320,672,1224,1200
1405 100 1320,672,1224,1200
1406 100 1320,672,1224,1200
1407 100 1320,672,1224,1200
1408 100 1320,672,1224,1200
1409 100 1320,672,1224,1200
1410 100 1320,672,1224,1200
1411 100 1320,672,1224,1200
1412 100 1272,648,1224,1224
1413 100 1272,648,1224,1224
1414 100 1272,648,1224,1224
1415 100 1272,648,1224,1224
1416 100 1200,648,1224,1200
1417 100 1200,648,1224,1200
1418 100 1200,648,1224,1200
1419 100 1200,648,1224,1200
1420 100 1128,648,1224,1200
1421 100 1128,648,1224,1200
1422 100 1128,648,1224,1200
1423 100 1128,648,1224,1200
1424 100 1080,648,1224,1200
1425 100 1080,648,1224,1200
1426 100 1080,648,1224,1200
1427 100 1080,648,1224,1200
1428 100 1056,624,1224,1224
1429 100 1056,624,1224,1224
1430 100 1056,624,1224,1224
1431 100 1056,624,1224,1224
1432 100 1032,624,1224,1200
1433 100 1032,624,1224,1200
1434 100 1032,624,1224,1200
1435 100 1032,624,1224,1200
1436 100 1008,624,1224,1200
1437 100 1008,624,1224,1200
1438 100 984,624,1224,1200
1439 100 984,624,1224,1200
1440 100 984,624,1224,1200
1441 100 984,624,1224,1200
1442 100 960,624,1224,1200
1443 100 960,624,1224,1200
1444 100 960,624,1224,1200
1445 100 960,624,1224,1200
1446 100 216,672,1224,1200
1447 100 936,624,1224,1200
1448 100 936,624,1224,1200
1449 100 936,624,1224,1200
1450 100 936,624,1224,1200
1451 100 936,624,1224,1200
1452 100 936,624,1224,1200
1453 100 936,624,1224,1200
1454 100 912,600,1224,1224
1455 100 912,600,1224,1224
1456 100 912,600,1224,1224
1457 100 912,600,1224,1224
1458 100 912,600,1224,1200
1459 100 912,600,1224,1200
1460 100 912,600,1224,1200
1461 100 912,600,1224,1200
1462 100 888,600,1224,1200
1463 100 888,600,1224,1200
1464 100 888,600,1224,1200
1465 100 888,600,1224,1200
1466 100 864,576,1224,1224
1467 100 864,576,1224,1224
1468 100 840,600,1224,1200
1469 100 840,600,1224,1200
1470 100 840,600,1224,1200
1471 100 840,600,1224,1200
1472 100 816,600,1224,1200
1473 100 816,600,1224,1200
1474 100 816,600,1224,1200
1475 100 816,600,1224,1200
1476 100 792,600,1224,1200
1477 100 792,600,1224,1200
1478 100 792,600,1224,1200
1479 100 792,600,1224,1200
1480 100 744,600,1224,1200
1481 100 744,600,1224,1200
1482 100 744,600,1224,1200
1483 100 744,600,1224,1200
1484 100 720,600,1224,1200
1485 100 720,600,1224,1200
1486 100 720,600,1224,1200
1487 100 720,600,1224,1200
1488 100 696,600,1224,1200
1489 100 696,600,1224,1200
1490 100 696,600,1224,1200
1491 100 672,600,1224,1200
1492 100 672,600,1224,1200
1493 100 672,600,1224,1200
1494 100 624,600,1224,1224
1495 100 624,600,1224,1224
1496 100 624,600,1224,1224
1497 100 624,600,1224,1224
1498 100 600,600,1224,1224
1499 100 600,600,1224,1224
1500 100 600,600,1224,1224
1501 100 600,600,1224,1224
1502 100 216,672,1224,1200
1503 100 576,600,1224,1224
1504 100 576,600,1224,1224
1505 100 576,600,1224,1224
1506 100 552,624,1224,1200
1507 100 552,624,1224,1200
1508 100 552,624,1224,1200
1509 100 528,624,1224,1200
1510 100 528,624,1224,1200
1511 100 528,624,1224,1200
1512 100 504,624,1224,1200
1513 100 504,624,1224,1200
1514 100 504,624,1224,1200
1515 100 504,624,1224,1200
1516 100 504,624,1224,1200
1517 100 504,624,1224,1200
1518 100 504,624,1224,1200
1519 100 504,624,1224,1200
1520 100 504,624,1224,1200
1521 100 504,624,1224,1200
1522 100 504,624,1224,1200
1523 100 504,624,1224,1200
1524 100 504,624,1224,1200
1525 100 504,624,1224,1200
1526 100 504,624,1224,1200
1527 100 504,624,1224,1200
1528 100 504,624,1224,1200
1529 100 504,624,1224,1200
1530 100 504,624,1224,1200
1531 100 504,624,1224,1200
1532 100 504,624,1224,1200
1533 100 504,624,1224,1200
1534 100 504,624,1224,1200
1535 100 504,624,1224,1200
1536 100 504,624,1224,1200
1537 100 504,624,1224,1200
1538 100 504,600,1224,1224
1539 100 504,600,1224,1224
1540 100 504,600,1224,1224
1541 100 504,600,1224,1224
1542 100 216,672,1224,1200
1543 100 504,624,1224,1200
1544 100 504,624,1224,1200
1545 100 504,624,1224,1200
1546 100 504,624,1224,1200
1547 100 504,624,1224,1200
1548 100 504,624,1224,1200
1549 100 504,624,1224,1200
1550 100 504,624,1224,1200
1551 100 504,624,1224,1200
1552 100 1440,600,1224,1224
1553 100 504,624,1224,1200
1554 100 504,624,1224,1200
1555 100 504,624,1224,1200
1556 100 504,624,1224,1200
1557 100 480,624,1224,1200
1558 100 480,624,1224,1200
1559 100 480,624,1224,1200
1560 100 480,624,1224,1200
1561 100 480,624,1224,1200
1562 100 480,624,1224,1200
1563 100 480,624,1224,1200
1564 100 480,624,1224,1200
1565 100 480,624,1224,1200
1566 100 480,624,1224,1200
1567 100 480,624,1224,1200
1568 100 480,624,1224,1200
1569 100 480,624,1224,1224
1570 100 480,624,1224,1224
1571 100 480,624,1224,1224
1572 100 480,624,1224,1224
1573 100 504,624,1224,1224
1574 100 504,624,1224,1224
1575 100 504,624,1224,1224
1576 100 504,624,1224,1224
1577 100 504,624,1224,1224
1578 100 504,624,1224,1224
1579 100 504,648,1224,1200
1580 100 504,648,1224,1200
1581 100 504,648,1224,1200
1582 100 504,648,1224,1200
1583 100 504,648,1224,1200
1584 100 504,648,1224,1200
1585 100 504,648,1224,1200
1586 100 504,648,1224,1200
1587 100 504,648,1224,1200
1588 100 504,648,1224,1200
1589 100 504,648,1224,1200
1590 100 504,648,1224,1200
1591 100 504,648,1224,1224
1592 100 504,648,1224,1224
1593 100 504,648,1224,1224
1594 100 504,648,1224,1224
1595 100 504,648,1224,1224
1596 100 504,648,1224,1224
1597 100 504,648,1224,1224
1598 100 504,648,1224,1224
1599 100 528,648,1224,1224
1600 100 528,648,1224,1224
1601 100 528,648,1224,1224
1602 100 504,624,1224,1200
1603 100 528,648,1224,1224
1604 100 528,648,1224,1224
1605 100 552,624,1224,1224
1606 100 552,624,1224,1224
1607 100 552,624,1224,1224
1608 100 552,624,1224,1224
1609 100 576,624,1224,1200
1610 100 576,624,1224,1200
1611 100 576,624,1224,1200
1612 100 576,624,1224,1200
1613 100 600,624,1224,1200
1614 100 600,624,1224,1200
1615 100 600,624,1224,1200
1616 100 600,624,1224,1200
1617 100 648,624,1224,1200
1618 100 648,624,1224,1200
1619 100 648,624,1224,1200
1620 100 216,672,1224,1200
1621 100 648,624,1224,1200
1622 100 672,624,1224,1200
1623 100 672,624,1224,1200
1624 100 672,624,1224,1200
1625 100 672,624,1224,1200
1626 100 696,624,1224,1200
1627 100 696,624,1224,1200
1628 100 696,624,1224,1200
1629 100 696,624,1224,1200
1630 100 744,624,1224,1200
1631 100 744,624,1224,1200
1632 100 744,624,1224,1200
1633 100 768,624,1224,1200
1634 100 768,624,1224,1200
1635 100 792,624,1224,1200
1636 100 792,624,1224,1200
1637 100 792,624,1224,1200
1638 100 792,624,1224,1200
1639 100 816,600,1224,1224
1640 100 816,600,1224,1224
1641 100 816,600,1224,1224
1642 100 816,600,1224,1224
1643 100 864,600,1224,1200
1644 100 864,600,1224,1200
1645 100 864,600,1224,1200
1646 100 864,600,1224,1200
1647 100 864,600,1224,1200
1648 100 864,600,1224,1200
1649 100 864,600,1224,1200
1650 100 864,600,1224,1200
1651 100 888,600,1224,1200
1652 100 912,600,1224,1200
1653 100 912,600,1224,1200
1654 100 912,600,1224,1200
1655 100 912,600,1224,1200
1656 100 936,576,1224,1224
1657 100 936,576,1224,1224
1658 100 936,576,1224,1224
1659 100 936,576,1224,1224
1660 100 984,576,1224,1200
1661 100 504,624,1224,1200
1662 100 984,576,1224,1200
1663 100 984,576,1224,1200
1664 100 984,576,1224,1200
1665 100 1008,576,1224,1200
1666 100 1008,576,1224,1200
1667 100 1008,576,1224,1200
1668 100 1008,576,1224,1200
1669 100 1080,576,1224,1224
1670 100 1080,576,1224,1224
1671 100 1080,576,1224,1224
1672 100 1080,576,1224,1224
1673 100 1152,576,1224,1200
1674 100 1152,576,1224,1200
1675 100 1200,576,1224,1200
1676 100 1200,576,1224,1200
1677 100 1200,576,1224,1200
1678 100 1200,576,1224,1200
1679 100 1224,576,1224,1224
1680 100 1224,576,1224,1224
1681 100 1224,576,1224,1224
1682 100 1224,576,1224,1224
1683 100 1248,576,1224,1224
1684 100 1248,576,1224,1224
1685 100 1248,576,1224,1224
1686 100 1248,576,1224,1224
1687 100 1272,600,1224,1200
1688 100 1272,600,1224,1200
1689 100 1272,600,1224,1200
1690 100 1272,600,1224,1200
1691 100 1296,600,1224,1200
1692 100 1296,600,1224,1200
1693 100 1296,600,1224,1200
1694 100 1296,600,1224,1200
1695 100 1320,600,1224,1200
1696 100 1320,600,1224,1200
1697 100 1320,600,1224,1200
1698 100 1320,600,1224,1200
1699 100 1320,600,1224,1200
1700 100 1320,600,1224,1200
1701 100 1320,600,1224,1200
1702 100 1320,600,1224,1200
1703 100 1344,576,1224,1224
1704 100 1344,576,1224,1224
1705 100 1344,576,1224,1200
1706 100 1344,576,1224,1200
1707 100 1344,576,1224,1200
1708 100 1368,576,1224,1200
1709 100 1368,576,1224,1200
1710 100 1368,576,1224,1200
1711 100 1368,552,1224,1200
1712 100 1368,552,1224,1200
1713 100 192,720,1224,1200
1714 100 1368,528,1224,1200
1715 100 1368,528,1224,1200
1716 100 1368,480,1224,1224
1717 100 1368,480,1224,1224
1718 100 1344,456,1224,1200
1719 100 1344,456,1224,1200
1720 100 1344,456,1224,1200
1721 100 1344,432,1224,1224
1722 100 1344,432,1224,1224
1723 100 1344,432,1224,1224
1724 100 1344,408,1224,1224
1725 100 1344,408,1224,1224
1726 100 1320,408,1224,1200
1727 100 1320,408,1224,1200
1728 100 1320,408,1224,1200
1729 100 1320,384,1224,1200
1730 100 1320,384,1224,1200
1731 100 1320,384,1224,1200
1732 100 1320,384,1224,1200
1733 100 1320,384,1224,1200
1734 100 1296,336,1224,1224
1735 100 1296,336,1224,1224
1736 100 1272,336,1224,1200
1737 100 1272,336,1224,1200
1738 100 1272,336,1224,1200
1739 100 1272,336,1224,1200
1740 100 1272,336,1224,1200
1741 100 1248,312,1224,1200
1742 100 1248,312,1224,1200
1743 100 1248,312,1224,1200
1744 100 1248,312,1224,1200
1745 100 1248,288,1224,1224
1746 100 1248,288,1224,1224
1747 100 1248,288,1224,1224
1748 100 1248,288,1224,1224
1749 100 1248,288,1224,1200
1750 100 1248,288,1224,1200
1751 100 1248,288,1224,1200
1752 100 1248,288,1224,1200
1753 100 1248,288,1224,1224
1754 100 1248,288,1224,1224
1755 100 1248,288,1224,1224
1756 100 1248,288,1224,1224
1757 100 1248,288,1224,1224
1758 100 1248,288,1224,1224
1759 100 1224,288,1224,1200
1760 100 1224,288,1224,1200
1761 100 1224,288,1224,1200
1762 100 1224,288,1224,1200
1763 100 1248,288,1224,1200
1764 100 1248,288,1224,1200
1765 100 1248,288,1224,1200
1766 100 1248,288,1224,1200
1767 100 1248,288,1224,1224
1768 100 1248,288,1224,1224
1769 100 1248,288,1224,1224
1770 100 1248,288,1224,1224
1771 100 1248,288,1224,1224
1772 100 1248,288,1224,1224
1773 100 1248,288,1224,1224
1774 100 1248,288,1224,1224
1775 100 1248,288,1224,1224
1776 100 1248,288,1224,1224
1777 100 1248,288,1224,1224
1778 100 1248,288,1224,1224
1779 100 1248,312,1224,1200
1780 100 1248,312,1224,1200
1781 100 1248,312,1224,1200
1782 100 1248,312,1224,1200
1783 100 1248,312,1224,1200
1784 100 1248,312,1224,1200
1785 100 1248,312,1224,1200
1786 100 1248,312,1224,1200
1787 100 1248,312,1224,1200
1788 100 1248,312,1224,1200
1789 100 1248,312,1224,1200
1790 100 1248,312,1224,1200
1791 100 1248,312,1224,1200
1792 100 1248,312,1224,1200
1793 100 1248,312,1224,1200
1794 100 1248,312,1224,1200
1795 100 1248,312,1224,1200
1796 100 1248,312,1224,1200
1797 100 1248,312,1224,1200
1798 100 1248,312,1224,1200
1799 100 1248,312,1224,1200
1800 100 1248,312,1224,1200
1801 100 1248,312,1224,1200
1802 100 1248,312,1224,1200
1803 100 1248,312,1224,1200
1804 100 1248,312,1224,1200
1805 100 1248,312,1224,1200
1806 100 1248,312,1224,1200
1807 100 1248,312,1224,1200
1808 100 1248,312,1224,1200
1809 100 1248,312,1224,1200
1810 100 1248,312,1224,1200
1811 100 1248,312,1224,1200
1812 100 1248,312,1224,1200
1813 100 1248,312,1224,1200
1814 100 1248,312,1224,1200
1815 100 1248,312,1224,1200
1816 100 1248,312,1224,1200
1817 100 1224,288,1224,1200
1818 100 1224,288,1224,1200
1819 100 1224,288,1224,1200
1820 100 1224,288,1224,1200
1821 100 1200,264,1224,1200
1822 100 1200,264,1224,1200
1823 100 1176,240,1224,1200
1824 100 1176,240,1224,1200
1825 100 1176,240,1224,1200
1826 100 1176,240,1224,1200
1827 100 1152,216,1224,1200
1828 100 1152,216,1224,1200
1829 100 1152,216,1224,1200
1830 100 1152,216,1224,1200
1831 100 1104,216,1224,1200
1832 100 240,672,1224,1200
1833 100 1104,216,1224,1200
1834 100 1104,216,1224,1200
1835 100 1032,192,1224,1200
1836 100 1032,192,1224,1200
1837 100 1032,192,1224,1200
1838 100 1032,192,1224,1200
1839 100 960,192,1224,1200
1840 100 960,192,1224,1200
1841 100 960,192,1224,1200
1842 100 960,192,1224,1200
1843 100 912,192,1224,1224
1844 100 912,192,1224,1224
1845 100 912,216,1224,1200
1846 100 912,216,1224,1200
1847 100 912,216,1224,1200
1848 100 912,216,1224,1200
1849 100 888,240,1224,1200
1850 100 888,240,1224,1200
1851 100 888,240,1224,1200
1852 100 888,240,1224,1200
1853 100 912,240,1224,1200
1854 100 912,240,1224,1200
1855 100 576,600,1224,1224
1856 100 912,240,1224,1200
1857 100 912,240,1224,1200
1858 100 912,240,1224,1200
1859 100 912,240,1224,1200
1860 100 912,240,1224,1200
1861 100 936,240,1224,1224
1862 100 936,240,1224,1224
1863 100 936,240,1224,1224
1864 100 936,240,1224,1224
1865 100 936,240,1224,1224
1866 100 936,240,1224,1224
1867 100 936,264,1224,1200
1868 100 936,264,1224,1200
1869 100 936,264,1224,1200
1870 100 936,264,1224,1200
1871 100 960,264,1224,1200
1872 100 960,264,1224,1200
1873 100 960,264,1224,1200
1874 100 960,264,1224,1200
1875 100 984,288,1224,1200
1876 100 984,288,1224,1200
1877 100 984,288,1224,1200
1878 100 984,288,1224,1200
1879 100 984,288,1224,1200
1880 100 984,288,1224,1200
1881 100 1008,312,1224,1200
1882 100 1008,312,1224,1200
1883 100 1008,312,1224,1200
1884 100 1008,312,1224,1200
1885 100 1056,336,1224,1200
1886 100 1056,336,1224,1200
1887 100 1056,336,1224,1200
1888 100 1056,336,1224,1200
1889 100 1056,336,1224,1200
1890 100 1056,336,1224,1200
1891 100 1056,336,1224,1200
1892 100 1056,336,1224,1200
1893 100 1080,360,1224,1200
1894 100 240,672,1224,1200
1895 100 1080,360,1224,1200
1896 100 1080,360,1224,1200
1897 100 1104,384,1224,1200
1898 100 1104,384,1224,1200
1899 100 1104,384,1224,1200
1900 100 1104,384,1224,1200
1901 100 1128,408,1224,1200
1902 100 1128,408,1224,1200
1903 100 1128,408,1224,1200
1904 100 1128,408,1224,1200
1905 100 1128,408,1224,1200
1906 100 1128,408,1224,1200
1907 100 1128,408,1224,1200
1908 100 1128,408,1224,1200
1909 100 1128,408,1224,1200
1910 100 1128,408,1224,1200
1911 100 1152,408,1224,1224
1912 100 1152,408,1224,1224
1913 100 1152,408,1224,1224
1914 100 1152,408,1224,1224
1915 100 1176,456,1224,1200
1916 100 1176,456,1224,1200
1917 100 1176,456,1224,1200
1918 100 1176,456,1224,1200
1919 100 1224,480,1224,1200
1920 100 1224,480,1224,1200
1921 100 1224,480,1224,1200
1922 100 1224,480,1224,1200
1923 100 1224,480,1224,1224
1924 100 1224,480,1224,1224
1925 100 1224,480,1224,1224
1926 100 1224,480,1224,1224
1927 100 1272,528,1224,1200
1928 100 1272,528,1224,1200
1929 100 1272,528,1224,1200
1930 100 1296,528,1224,1224
1931 100 1296,528,1224,1224
1932 100 1296,528,1224,1224
1933 100 1296,528,1224,1224
1934 100 1296,552,1224,1224
1935 100 1296,552,1224,1224
1936 100 1296,552,1224,1224
1937 100 1296,552,1224,1224
1938 100 1296,576,1224,1224
1939 100 1296,576,1224,1224
1940 100 1296,576,1224,1224
1941 100 1296,576,1224,1224
1942 100 1272,600,1224,1200
1943 100 1272,600,1224,1200
1944 100 1272,600,1224,1200
1945 100 1272,600,1224,1200
1946 100 1272,624,1224,1200
1947 100 1272,624,1224,1200
1948 100 1272,624,1224,1200
1949 100 1248,624,1224,1224
1950 100 1248,624,1224,1224
1951 100 1248,624,1224,1224
1952 100 1248,624,1224,1224
1953 100 1248,624,1224,1224
1954 100 1248,648,1224,1200
1955 100 1248,648,1224,1200
1956 100 1248,648,1224,1200
1957 100 1248,648,1224,1200
1958 100 1248,648,1224,1224
1959 100 1248,648,1224,1224
1960 100 1248,648,1224,1224
1961 100 1248,648,1224,1224
1962 100 1224,672,1224,1200
1963 100 1224,672,1224,1200
1964 100 1200,696,1224,1200
1965 100 1200,696,1224,1200
1966 100 1200,696,1224,1200
1967 100 1200,696,1224,1200
1968 100 1176,744,1224,1200
1969 100 1176,744,1224,1200
1970 100 1176,744,1224,1200
1971 100 1176,744,1224,1200
1972 100 1080,816,1224,1200
1973 100 1080,816,1224,1200
1974 100 1080,816,1224,1200
1975 100 1080,816,1224,1200
1976 100 1008,864,1224,1224
1977 100 1008,864,1224,1224
1978 100 936,912,1224,1224
1979 100 936,912,1224,1224
1980 100 936,912,1224,1224
1981 100 936,912,1224,1224
1982 100 888,960,1224,1200
1983 100 888,960,1224,1200
1984 100 888,960,1224,1200
1985 100 888,960,1224,1200
1986 100 840,984,1224,1176
1987 100 840,984,1224,1176
1988 100 840,984,1224,1176
1989 100 840,984,1224,1176
1990 100 504,1008,1224,1152
1991 100 528,648,1224,1224
1992 100 504,1008,1224,1152
1993 100 504,1008,1224,1152
1994 100 504,1008,1224,1152
1995 100 0,1008,1224,1152
1996 100 0,1008,1224,1152
1997 100 0,1008,1224,1152
1998 100 0,1032,1224,1128
1999 100 0,1032,1224,1128
2000 100 0,1032,1224,1128
2001 100 0,1032,1224,1128
2002 100 0,1032,1224,1128
2003 100 0,1032,1224,1128
2004 100 0,1056,1224,1104
2005 100 0,1056,1224,1104
2006 100 0,1056,1224,1104
2007 100 0,1056,1224,1104
2008 100 0,1080,1224,1080
2009 100 0,1080,1224,1080
2010 100 0,1080,1224,1080
2011 100 0,1080,1224,1080
2012 100 0,1104,1224,1056
2013 100 0,1104,1224,1056
2014 100 0,1104,1224,1056
2015 100 0,1104,1224,1056
2016 100 0,1128,1224,1032
2017 100 0,1128,1224,1032
2018 100 0,1128,1224,1032
2019 100 0,1128,1224,1032
2020 100 0,1128,1224,1032
2021 100 0,1128,1224,1032
2022 100 0,1152,1224,1008
2023 100 0,1152,1224,1008
2024 100 0,1152,1224,1008
2025 100 0,1152,1224,1008
2026 100 0,1152,1224,1008
2027 100 0,1152,1224,1008
2028 100 0,1152,1224,1008
2029 100 0,1152,1224,1008
2030 100 0,1176,1224,984
2031 100 0,1176,1224,984
2032 100 0,1200,1224,960
2033 100 0,1200,1224,960
2034 100 0,1200,1224,960
2035 100 0,1200,1224,960
2036 100 0,1200,1224,960
2037 100 0,1200,1224,960
2038 100 0,1200,1224,960
2039 100 0,1200,1224,960
2040 100 0,1200,1224,960
2041 100 0,1200,1224,960
2042 100 0,1200,1224,960
2043 100 0,1200,1224,960
2044 100 0,1200,1224,960
2045 100 0,1200,1224,960
2046 100 0,1200,1224,960
2047 100 0,1224,1224,936
2048 100 0,1224,1224,936
2049 100 0,1224,1224,936
2050 100 0,1224,1224,936
2051 100 0,1224,1224,936
2052 100 0,1224,1224,936
2053 100 0,1224,1224,936
2054 100 0,1224,1224,936
2055 100 0,1224,1224,936
2056 100 0,1224,1224,936
2057 100 0,1224,1224,936
2058 100 0,1224,1224,936
2059 100 0,1224,1224,936
2060 100 0,1224,1224,936
2061 100 0,1224,1224,936
2062 100 0,1224,1224,936
2063 100 0,1224,1224,936
2064 100 0,1224,1224,936
2065 100 0,1224,1224,936
2066 100 0,1224,1224,936
2067 100 0,1224,1224,936
2068 100 0,1224,1224,936
2069 100 0,1224,1224,936
2070 100 0,1224,1224,936
2071 100 0,1224,1224,936
2072 100 0,1224,1224,936
2073 100 0,1224,1224,936
2074 100 0,1224,1224,936
2075 100 0,1224,1224,936
2076 100 0,1224,1224,936
2077 100 0,1224,1224,936
2078 100 0,1224,1224,936
2079 100 0,1200,1224,960
2080 100 0,1200,1224,960
2081 100 0,1200,1224,960
2082 100 0,1200,1224,960
2083 100 0,1200,1224,960
2084 100 0,1200,1224,960
2085 100 0,1200,1224,960
2086 100 0,1176,1224,984
2087 100 0,1176,1224,984
2088 100 0,1176,1224,984
2089 100 0,1176,1224,984
2090 100 0,1152,1224,1008
2091 100 0,1152,1224,1008
2092 100 0,1152,1224,1008
2093 100 0,1152,1224,1008
2094 100 0,1104,1224,1056
2095 100 0,1104,1224,1056
2096 100 0,1104,1224,1056
2097 100 0,1104,1224,1056
2098 100 0,1032,1224,1128
2099 100 0,1032,1224,1128
2100 100 0,1032,1224,1128
2101 100 0,1032,1224,1128
2102 100 1008,960,1224,1200
2103 100 1008,960,1224,1200
2104 100 1008,960,1224,1200
2105 100 1008,960,1224,1200
2106 100 1104,888,1224,1200
2107 100 1104,888,1224,1200
2108 100 1104,888,1224,1200
2109 100 1152,816,1224,1224
2110 100 1152,816,1224,1224
2111 100 1152,816,1224,1224
2112 100 1152,816,1224,1224
2113 100 1224,768,1224,1200
2114 100 1224,768,1224,1200
2115 100 1248,720,1224,1200
2116 100 1248,720,1224,1200
2117 100 1248,720,1224,1200
2118 100 1248,720,1224,1200
2119 100 1272,696,1224,1200
2120 100 1272,696,1224,1200
2121 100 1272,696,1224,1200
2122 100 1272,696,1224,1200
2123 100 1296,672,1224,1200
2124 100 1296,672,1224,1200
2125 100 1296,672,1224,1200
2126 100 1296,672,1224,1200
2127 100 1296,648,1224,1200
2128 100 1296,648,1224,1200
2129 100 1296,648,1224,1200
2130 100 1296,648,1224,1200
2131 100 1320,648,1224,1200
2132 100 1320,648,1224,1200
2133 100 1320,648,1224,1200
2134 100 1320,648,1224,1200
2135 100 1320,624,1224,1200
2136 100 1320,624,1224,1200
2137 100 1320,624,1224,1200
2138 100 1320,624,1224,1200
2139 100 1320,624,1224,1200
2140 100 1320,624,1224,1200
2141 100 1320,624,1224,1200
2142 100 1344,600,1224,1200
2143 100 1344,600,1224,1200
2144 100 1344,600,1224,1200
2145 100 1344,600,1224,1200
2146 100 1320,600,1224,1200
2147 100 1320,600,1224,1200
2148 100 1320,600,1224,1200
2149 100 1320,600,1224,1200
2150 100 1344,600,1224,1200
2151 100 1344,600,1224,1200
2152 100 1344,600,1224,1200
2153 100 1344,600,1224,1200
2154 100 1344,600,1224,1200
2155 100 1344,600,1224,1200
2156 100 1344,576,1224,1224
2157 100 1344,576,1224,1224
2158 100 1344,576,1224,1224
2159 100 1344,576,1224,1224
2160 100 1344,576,1224,1224
2161 100 1344,576,1224,1224
2162 100 1344,576,1224,1224
2163 100 1344,576,1224,1224
2164 100 1344,576,1224,1200
2165 100 1344,576,1224,1200
2166 100 1344,576,1224,1200
2167 100 1344,576,1224,1200
2168 100 1368,552,1224,1200
2169 100 1368,552,1224,1200
2170 100 1368,552,1224,1200
2171 100 1368,552,1224,1200
2172 100 1344,504,1224,1224
2173 100 1344,504,1224,1224
2174 100 1344,504,1224,1224
2175 100 1344,504,1224,1224
2176 100 1320,480,1224,1224
2177 100 1320,480,1224,1224
2178 100 1320,480,1224,1224
2179 100 1320,480,1224,1224
2180 100 1296,456,1224,1224
2181 100 1296,456,1224,1224
2182 100 1272,456,1224,1200
2183 100 1272,456,1224,1200
2184 100 1272,456,1224,1200
2185 100 1272,456,1224,1200
2186 100 1272,432,1224,1224
2187 100 1272,432,1224,1224
2188 100 1272,432,1224,1224
2189 100 1272,432,1224,1224
2190 100 1272,432,1224,1200
2191 100 1272,432,1224,1200
2192 100 1272,432,1224,1200
2193 100 1272,432,1224,1200
2194 100 1248,408,1224,1224
2195 100 1248,408,1224,1224
2196 100 1248,408,1224,1224
2197 100 1248,408,1224,1224
2198 100 1248,408,1224,1224
2199 100 1248,408,1224,1224
2200 100 1248,408,1224,1224
2201 100 1248,408,1224,1224
2202 100 1248,408,1224,1224
2203 100 1248,408,1224,1224
2204 100 1248,384,1224,1224
2205 100 1248,384,1224,1224
2206 100 1248,384,1224,1224
2207 100 1248,384,1224,1224
2208 100 1248,384,1224,1248
2209 100 1248,384,1224,1248
2210 100 1248,384,1224,1248
2211 100 1248,384,1224,1248
2212 100 1248,384,1224,1248
2213 100 1248,384,1224,1248
2214 100 1248,384,1224,1248
2215 100 1248,384,1224,1248
2216 100 1224,360,1224,1272
2217 100 1224,360,1224,1272
2218 100 1224,360,1224,1272
2219 100 1224,360,1224,1272
2220 100 1248,360,1224,1272
2221 100 1248,360,1224,1272
2222 100 1248,360,1224,1248
2223 100 1248,360,1224,1248
2224 100 1248,360,1224,1248
2225 100 1248,360,1224,1248
2226 100 1248,384,1224,1224
2227 100 1248,384,1224,1224
2228 100 1248,384,1224,1224
2229 100 1248,384,1224,1224
2230 100 1272,384,1224,1224
2231 100 1272,384,1224,1224
2232 100 1272,384,1224,1224
2233 100 1272,384,1224,1224
2234 100 1296,384,1224,1224
2235 100 1296,384,1224,1224
2236 100 1296,384,1224,1224
2237 100 1296,384,1224,1224
2238 100 1296,408,1224,1200
2239 100 1296,408,1224,1200
2240 100 1320,408,1224,1200
2241 100 1320,408,1224,1200
2242 100 1320,408,1224,1200
2243 100 1320,408,1224,1200
2244 100 1344,408,1224,1200
2245 100 1344,408,1224,1200
2246 100 1344,408,1224,1200
2247 100 1344,408,1224,1200
2248 100 1344,384,1224,1224
2249 100 1344,384,1224,1224
2250 100 1344,384,1224,1224
2251 100 1344,384,1224,1224
2252 100 1368,384,1224,1224
2253 100 1368,384,1224,1224
2254 100 1368,384,1224,1224
2255 100 1368,384,1224,1224
2256 100 1368,384,1224,1224
2257 100 1368,384,1224,1224
2258 100 1368,384,1224,1248
2259 100 1368,384,1224,1248
2260 100 1368,384,1224,1248
2261 100 1368,384,1224,1248
2262 100 1368,384,1224,1248
2263 100 1368,384,1224,1248
2264 100 1368,384,1224,1248
2265 100 1368,384,1224,1248
2266 100 1368,384,1224,1248
2267 100 1368,384,1224,1248
2268 100 1368,384,1224,1248
2269 100 1368,384,1224,1248
2270 100 1368,384,1224,1272
2271 100 1368,384,1224,1272
2272 100 1368,384,1224,1272
2273 100 1368,384,1224,1272
2274 100 1368,360,1224,1296
2275 100 1368,360,1224,1296
2276 100 1368,360,1224,1296
2277 100 1368,360,1224,1296
2278 100 1368,360,1224,1296
2279 100 1368,360,1224,1296
2280 100 1368,360,1224,1296
2281 100 1368,360,1224,1296
2282 100 1368,360,1224,1296
2283 100 1368,360,1224,1296
2284 100 1368,360,1224,1296
2285 100 1368,360,1224,1296
2286 100 1368,360,1224,1296
2287 100 1368,360,1224,1296
2288 100 1368,360,1224,1296
2289 100 1368,360,1224,1296
2290 100 1368,360,1224,1296
2291 100 1368,360,1224,1296
2292 100 1368,384,1224,1272
2293 100 1368,384,1224,1272
2294 100 1368,384,1224,1272
2295 100 1368,384,1224,1272
2296 100 1368,384,1224,1296
2297 100 1368,384,1224,1296
2298 100 1368,384,1224,1296
2299 100 1368,384,1224,1296
2300 100 1368,384,1224,1296
2301 100 1368,384,1224,1296
2302 100 1368,384,1224,1296
2303 100 1368,384,1224,1296
2304 100 1368,384,1224,1296
2305 100 1368,384,1224,1296
2306 100 1368,384,1224,1296
2307 100 1368,384,1224,1296
2308 100 1368,384,1224,1296
2309 100 1368,384,1224,1296
2310 100 1368,384,1224,1296
2311 100 1368,384,1224,1296
2312 100 1368,384,1224,1296
2313 100 1368,384,1224,1296
2314 100 1368,384,1224,1296
2315 100 1368,384,1224,1296
2316 100 1368,384,1224,1296
2317 100 1368,384,1224,1296
2318 100 1368,384,1224,1296
2319 100 1368,384,1224,1296
2320 100 1392,384,1224,1296
2321 100 1392,384,1224,1296
2322 100 1392,384,1224,1296
2323 100 1392,384,1224,1296
2324 100 1392,384,1224,1296
2325 100 1392,384,1224,1296
2326 100 1392,384,1224,1296
2327 100 1392,384,1224,1296
2328 100 1392,384,1224,1296
2329 100 1392,384,1224,1296
2330 100 1392,384,1224,1296
2331 100 1392,384,1224,1296
2332 100 1392,384,1224,1296
2333 100 1392,384,1224,1296
2334 100 1392,384,1224,1296
2335 100 1392,384,1224,1296
2336 100 1392,384,1224,1296
2337 100 1392,384,1224,1296
2338 100 1392,384,1224,1296
2339 100 1392,384,1224,1296
2340 100 1392,384,1224,1296
2341 100 1392,384,1224,1296
2342 100 1392,384,1224,1296
2343 100 1392,384,1224,1296
2344 100 1392,384,1224,1296
2345 100 1392,384,1224,1296
2346 100 1392,384,1224,1296
2347 100 1392,384,1224,1296
2348 100 1392,384,1224,1296
2349 100 1392,384,1224,1296
2350 100 1392,384,1224,1296
2351 100 1392,384,1224,1296
2352 100 1392,384,1224,1296
2353 100 1392,384,1224,1296
2354 100 1392,384,1224,1296
2355 100 1392,384,1224,1296
2356 100 1392,384,1224,1296
2357 100 1392,384,1224,1296
2358 100 1392,384,1224,1296
2359 100 1392,384,1224,1296
2360 100 1392,384,1224,1296
2361 100 1392,384,1224,1272
2362 100 1392,384,1224,1272
2363 100 1392,384,1224,1272
2364 100 1392,384,1224,1272
2365 100 1368,408,1224,1248
2366 100 1368,408,1224,1248
2367 100 1368,408,1224,1248
2368 100 1368,408,1224,1248
2369 100 1344,408,1224,1224
2370 100 1344,408,1224,1224
2371 100 1344,408,1224,1224
2372 100 1080,360,1224,1200
2373 100 1320,432,1224,1200
2374 100 1320,432,1224,1200
2375 100 1320,432,1224,1200
2376 100 1320,432,1224,1200
2377 100 1320,432,1224,1200
2378 100 1320,432,1224,1200
2379 100 1320,432,1224,1200
2380 100 1320,432,1224,1200
2381 100 1344,432,1224,1224
2382 100 1344,432,1224,1224
2383 100 1344,432,1224,1224
2384 100 1344,432,1224,1224
2385 100 1344,456,1224,1200
2386 100 1344,456,1224,1200
2387 100 1344,456,1224,1200
2388 100 1344,456,1224,1200
2389 100 1368,456,1224,1200
2390 100 1368,456,1224,1200
2391 100 1368,456,1224,1200
2392 100 1368,456,1224,1200
2393 100 1368,456,1224,1200
2394 100 1368,456,1224,1200
2395 100 1368,456,1224,1200
2396 100 1368,456,1224,1200
2397 100 1368,456,1224,1200
2398 100 1368,456,1224,1200
2399 100 1368,456,1224,1200
2400 100 1368,456,1224,1200
2401 100 1368,456,1224,1200
2402 100 1368,456,1224,1200
2403 100 1368,456,1224,1200
2404 100 1368,456,1224,1200
2405 100 1368,456,1224,1200
2406 100 1368,456,1224,1200
2407 100 1368,456,1224,1200
2408 100 1368,456,1224,1200
2409 100 1368,456,1224,1200
2410 100 1368,456,1224,1200
2411 100 1368,456,1224,1200
2412 100 1368,456,1224,1200
2413 100 1368,456,1224,1200
2414 100 1368,456,1224,1200
2415 100 1368,456,1224,1200
2416 100 1368,456,1224,1200
2417 100 1368,456,1224,1200
2418 100 1368,456,1224,1200
2419 100 1368,456,1224,1200
2420 100 1368,456,1224,1200
2421 100 1368,456,1224,1200
2422 100 1368,456,1224,1200
2423 100 1368,456,1224,1200
2424 100 1368,456,1224,1200
2425 100 1368,456,1224,1200
2426 100 1368,456,1224,1200
2427 100 1368,456,1224,1200
2428 100 1368,456,1224,1200
2429 100 1368,456,1224,1200
2430 100 1368,456,1224,1200
2431 100 1368,456,1224,1200
2432 100 1368,456,1224,1200
2433 100 1368,456,1224,1200
2434 100 216,672,1224,1200
2435 100 1368,456,1224,1200
2436 100 192,672,1224,1200
2437 100 1368,456,1224,1200
2438 100 1368,456,1224,1200
2439 100 1368,456,1224,1200
2440 100 1368,456,1224,1200
2441 100 1368,456,1224,1200
2442 100 1368,456,1224,1200
2443 100 1368,456,1224,1200
2444 100 1368,456,1224,1200
2445 100 1368,456,1224,1200
2446 100 1368,456,1224,1200
2447 100 1368,456,1224,1224
2448 100 1368,456,1224,1224
2449 100 1368,456,1224,1224
2450 100 1368,456,1224,1224
2451 100 1368,456,1224,1224
2452 100 1368,456,1224,1224
2453 100 1368,456,1224,1224
2454 100 1368,456,1224,1224
2455 100 1368,456,1224,1224
2456 100 1368,456,1224,1224
2457 100 1368,456,1224,1224
2458 100 1368,456,1224,1224
2459 100 1392,456,1224,1224
2460 100 1392,456,1224,1224
2461 100 1392,456,1224,1224
2462 100 1392,456,1224,1224
2463 100 1392,480,1224,1200
2464 100 1392,480,1224,1200
2465 100 1392,480,1224,1200
2466 100 1392,480,1224,1200
2467 100 1392,480,1224,1200
2468 100 1392,480,1224,1200
2469 100 1392,480,1224,1200
2470 100 1392,480,1224,1200
2471 100 1392,480,1224,1200
2472 100 1392,480,1224,1200
2473 100 1392,480,1224,1200
2474 100 1392,480,1224,1200
2475 100 1392,480,1224,1200
2476 100 1392,480,1224,1200
2477 100 1392,480,1224,1200
2478 100 1392,480,1224,1200
2479 100 1392,480,1224,1200
2480 100 1392,480,1224,1200
2481 100 1392,480,1224,1200
2482 100 1392,480,1224,1200
2483 100 1392,480,1224,1200
2484 100 1392,480,1224,1200
2485 100 1392,480,1224,1200
2486 100 1392,480,1224,1200
2487 100 1392,480,1224,1200
2488 100 1392,480,1224,1200
2489 100 1392,480,1224,1200
2490 100 1392,480,1224,1200
2491 100 1392,480,1224,1200
2492 100 1392,480,1224,1200
2493 100 1392,480,1224,1200
2494 100 1392,480,1224,1200
2495 100 1392,480,1224,1224
2496 100 1392,480,1224,1224
2497 100 1392,480,1224,1224
2498 100 1392,480,1224,1224
2499 100 1392,480,1224,1224
2500 100 1392,480,1224,1224
2501 100 1392,480,1224,1224
2502 100 1392,480,1224,1224
2503 100 1368,504,1224,1200
2504 100 1368,504,1224,1200
2505 100 1368,504,1224,1200
2506 100 1368,504,1224,1200
2507 100 1368,504,1224,1200
2508 100 1368,504,1224,1200
2509 100 1368,504,1224,1200
2510 100 1368,504,1224,1200
2511 100 1368,504,1224,1200
2512 100 1368,504,1224,1200
2513 100 1368,504,1224,1200
2514 100 1368,504,1224,1200
2515 100 1392,504,1224,1224
2516 100 1392,504,1224,1224
2517 100 1392,528,1224,1224
2518 100 1392,528,1224,1224
2519 100 1392,528,1224,1224
2520 100 1392,528,1224,1224
2521 100 1368,552,1224,1224
2522 100 1368,552,1224,1224
2523 100 1368,552,1224,1224
2524 100 1368,552,1224,1224
2525 100 1368,576,1224,1224
2526 100 1368,576,1224,1224
2527 100 1368,576,1224,1224
2528 100 1368,576,1224,1224
2529 100 1344,600,1224,1200
2530 100 1344,600,1224,1200
2531 100 1344,600,1224,1200
2532 100 1344,600,1224,1200
2533 100 1344,600,1224,1224
2534 100 1344,600,1224,1224
2535 100 1344,600,1224,1224
2536 100 1344,600,1224,1224
2537 100 1344,624,1224,1200
2538 100 1344,624,1224,1200
2539 100 1344,624,1224,1200
2540 100 1344,624,1224,1200
2541 100 1344,624,1224,1200
2542 100 1344,624,1224,1200
2543 100 1344,624,1224,1224
2544 100 1344,624,1224,1224
2545 100 1344,624,1224,1224
2546 100 264,744,1224,1200
2547 100 1320,648,1224,1200
2548 100 1320,648,1224,1200
2549 100 1320,648,1224,1200
2550 100 1320,648,1224,1200
2551 100 1320,648,1224,1224
2552 100 1320,648,1224,1224
2553 100 1320,648,1224,1224
2554 100 1320,648,1224,1224
2555 100 1320,672,1224,1200
2556 100 1320,672,1224,1200
2557 100 1320,672,1224,1200
2558 100 1320,672,1224,1200
2559 100 1296,696,1224,1200
2560 100 1296,696,1224,1200
2561 100 1296,696,1224,1200
2562 100 1296,696,1224,1200
2563 100 1248,744,1224,1200
2564 100 1248,744,1224,1200
2565 100 1248,744,1224,1200
2566 100 1248,744,1224,1200
2567 100 1200,792,1224,1200
2568 100 1200,792,1224,1200
2569 100 1200,792,1224,1200
2570 100 1200,792,1224,1200
2571 100 1152,792,1224,1224
2572 100 1152,792,1224,1224
2573 100 1128,816,1224,1200
2574 100 1128,816,1224,1200
2575 100 1128,816,1224,1200
2576 100 1056,816,1224,1224
2577 100 1056,816,1224,1224
2578 100 1056,816,1224,1224
2579 100 1008,816,1224,1224
2580 100 1008,816,1224,1224
2581 100 1008,816,1224,1224
2582 100 1008,816,1224,1224
2583 100 936,840,1224,1200
2584 100 936,840,1224,1200
2585 100 936,840,1224,1200
2586 100 936,840,1224,1200
2587 100 888,816,1224,1224
2588 100 888,816,1224,1224
2589 100 888,816,1224,1224
2590 100 840,816,1224,1200
2591 100 840,816,1224,1200
2592 100 840,816,1224,1200
2593 100 840,816,1224,1200
2594 100 840,816,1224,1200
2595 100 792,816,1224,1200
2596 100 792,816,1224,1200
2597 100 792,816,1224,1200
2598 100 792,816,1224,1200
2599 100 768,792,1224,1200
2600 100 768,792,1224,1200
2601 100 768,792,1224,1200
2602 100 768,792,1224,1200
2603 100 744,792,1224,1200
2604 100 744,792,1224,1200
2605 100 744,792,1224,1200
2606 100 720,768,1224,1224
2607 100 720,768,1224,1224
2608 100 720,768,1224,1224
2609 100 696,768,1224,1200
2610 100 696,768,1224,1200
2611 100 696,768,1224,1200
2612 100 696,768,1224,1200
2613 100 672,768,1224,1200
2614 100 672,768,1224,1200
2615 100 672,768,1224,1200
2616 100 672,768,1224,1200
2617 100 672,768,1224,1200
2618 100 672,768,1224,1200
2619 100 672,768,1224,1200
2620 100 672,768,1224,1200
2621 100 624,768,1224,1200
2622 100 624,768,1224,1200
2623 100 624,768,1224,1200
2624 100 624,768,1224,1200
2625 100 576,768,1224,1200
2626 100 576,768,1224,1200
2627 100 576,768,1224,1200
2628 100 552,768,1224,1200
2629 100 552,768,1224,1200
2630 100 552,768,1224,1200
2631 100 504,744,1224,1224
2632 100 504,744,1224,1224
2633 100 504,744,1224,1224
2634 100 504,744,1224,1224
2635 100 480,744,1224,1200
2636 100 480,744,1224,1200
2637 100 480,744,1224,1200
2638 100 480,744,1224,1200
2639 100 432,744,1224,1224
2640 100 432,744,1224,1224
2641 100 432,744,1224,1224
2642 100 432,744,1224,1224
2643 100 408,744,1224,1224
2644 100 408,744,1224,1224
2645 100 408,744,1224,1224
2646 100 408,744,1224,1224
2647 100 384,744,1224,1200
2648 100 384,744,1224,1200
2649 100 360,744,1224,1200
2650 100 360,744,1224,1200
2651 100 360,744,1224,1200
2652 100 360,744,1224,1200
2653 100 336,744,1224,1200
2654 100 336,744,1224,1200
2655 100 336,744,1224,1200
2656 100 336,744,1224,1200
2657 100 312,744,1224,1200
2658 100 312,744,1224,1200
2659 100 312,744,1224,1200
2660 100 312,744,1224,1200
2661 100 312,744,1224,1200
2662 100 312,744,1224,1200
2663 100 312,744,1224,1200
2664 100 312,744,1224,1200
2665 100 288,744,1224,1200
2666 100 288,744,1224,1200
2667 100 288,744,1224,1200
2668 100 288,744,1224,1200
2669 100 288,744,1224,1200
2670 100 288,744,1224,1200
