0 100 1368,456,1224,1224
1 100 576,768,1224,1200
2 100 576,768,1224,1200
3 100 552,768,1224,1200
4 100 552,768,1224,1200
5 100 552,768,1224,1200
6 100 552,768,1224,1200
7 100 528,768,1224,1224
8 100 528,768,1224,1224
9 100 528,768,1224,1224
10 100 528,768,1224,1224
11 100 504,768,1224,1224
12 100 504,768,1224,1224
13 100 504,768,1224,1224
14 100 504,768,1224,1224
15 100 504,768,1224,1200
16 100 504,768,1224,1200
17 100 480,768,1224,1224
18 100 480,768,1224,1224
19 100 480,792,1224,1200
20 100 480,792,1224,1200
21 100 432,792,1224,1224
22 100 432,792,1224,1224
23 100 432,792,1224,1224
24 100 432,792,1224,1224
25 100 408,816,1224,1200
26 100 408,816,1224,1200
27 100 384,816,1224,1200
28 100 384,816,1224,1200
29 100 384,816,1224,1200
30 100 384,816,1224,1200
31 100 360,816,1224,1200
32 100 360,816,1224,1200
33 100 336,816,1224,1200
34 100 336,816,1224,1200
35 100 336,816,1224,1200
36 100 336,816,1224,1200
37 100 312,816,1224,1200
38 100 312,816,1224,1200
39 100 288,816,1224,1200
40 100 288,816,1224,1200
41 100 264,816,1224,1200
42 100 264,816,1224,1200
43 100 240,816,1224,1224
44 100 240,816,1224,1224
45 100 216,816,1224,1224
46 100 216,816,1224,1224
47 100 192,840,1224,1200
48 100 192,840,1224,1200
49 100 168,840,1224,1200
50 100 168,840,1224,1200
51 100 120,840,1224,1200
52 100 120,840,1224,1200
53 100 96,840,1224,1200
54 100 96,840,1224,1200
55 100 72,840,1224,1200
56 100 72,840,1224,1200
57 100 48,840,1224,1200
58 100 48,840,1224,1200
59 100 48,840,1224,1200
60 100 48,840,1224,1200
61 100 24,840,1224,1224
62 100 24,840,1224,1224
63 100 0,840,1224,1224
64 100 0,840,1224,1224
65 100 0,840,1224,1224
66 100 0,840,1224,1224
67 100 0,840,1224,1224
68 100 0,840,1224,1224
69 100 0,864,1224,1200
70 100 0,864,1224,1200
71 100 0,840,1224,1224
72 100 0,840,1224,1224
73 100 0,840,1224,1224
74 100 0,840,1224,1224
75 100 0,840,1224,1224
76 100 0,840,1224,1224
77 100 0,840,1224,1200
78 100 0,840,1224,1200
79 100 0,840,1224,1200
80 100 0,840,1224,1200
81 100 0,840,1224,1200
82 100 0,840,1224,1200
83 100 0,816,1224,1224
84 100 0,816,1224,1224
85 100 0,816,1224,1200
86 100 0,816,1224,1200
87 100 0,816,1224,1200
88 100 0,816,1224,1200
89 100 0,816,1224,1200
90 100 0,816,1224,1200
91 100 0,792,1224,1224
92 100 0,792,1224,1224
93 100 0,792,1224,1200
94 100 0,792,1224,1200
95 100 0,792,1224,1200
96 100 0,792,1224,1200
97 100 0,768,1224,1200
98 100 0,768,1224,1200
99 100 0,768,1224,1200
100 100 0,768,1224,1200
101 100 0,744,1224,1224
102 100 0,744,1224,1224
103 100 0,744,1224,1200
104 100 0,744,1224,1200
105 100 0,744,1224,1200
106 100 0,744,1224,1200
107 100 0,744,1224,1200
108 100 0,744,1224,1200
109 100 0,744,1224,1200
110 100 0,744,1224,1200
111 100 0,744,1224,1200
112 100 0,744,1224,1200
113 100 0,744,1224,1200
114 100 0,744,1224,1200
115 100 0,744,1224,1200
116 100 0,744,1224,1200
117 100 0,720,1224,1224
118 100 0,720,1224,1224
119 100 0,744,1224,1200
120 100 0,744,1224,1200
121 100 0,744,1224,1200
122 100 0,744,1224,1200
123 100 0,744,1224,1224
124 100 0,744,1224,1224
125 100 0,768,1224,1200
126 100 0,768,1224,1200
127 100 0,744,1224,1224
128 100 0,744,1224,1224
129 100 0,744,1224,1224
130 100 0,744,1224,1224
131 100 0,744,1224,1224
132 100 0,744,1224,1224
133 100 0,768,1224,1200
134 100 0,768,1224,1200
135 100 0,768,1224,1200
136 100 0,768,1224,1200
137 100 0,744,1224,1200
138 100 0,744,1224,1200
139 100 0,744,1224,1200
140 100 0,744,1224,1200
141 100 0,744,1224,1200
142 100 0,744,1224,1200
143 100 0,744,1224,1200
144 100 0,744,1224,1200
145 100 0,744,1224,1200
146 100 0,744,1224,1200
147 100 0,720,1224,1224
148 100 0,720,1224,1224
149 100 0,720,1224,1224
150 100 0,720,1224,1224
151 100 0,720,1224,1224
152 100 0,720,1224,1224
153 100 0,744,1224,1200
154 100 0,744,1224,1200
155 100 0,744,1224,1200
156 100 0,744,1224,1200
157 100 0,744,1224,1200
158 100 0,744,1224,1200
159 100 0,720,1224,1224
160 100 0,720,1224,1224
161 100 0,744,1224,1200
162 100 0,744,1224,1200
163 100 0,744,1224,1200
164 100 0,744,1224,1200
165 100 0,744,1224,1224
166 100 0,744,1224,1224
167 100 0,744,1224,1200
168 100 0,744,1224,1200
169 100 0,744,1224,1200
170 100 0,744,1224,1200
171 100 0,744,1224,1200
172 100 0,744,1224,1200
173 100 0,744,1224,1200
174 100 0,744,1224,1200
175 100 0,744,1224,1200
176 100 0,744,1224,1200
177 100 0,744,1224,1200
178 100 0,744,1224,1200
179 100 0,744,1224,1200
180 100 0,744,1224,1200
181 100 0,744,1224,1224
182 100 0,744,1224,1224
183 100 0,768,1224,1200
184 100 0,768,1224,1200
185 100 0,768,1224,1200
186 100 0,768,1224,1200
187 100 0,768,1224,1200
188 100 0,768,1224,1200
189 100 0,768,1224,1200
190 100 0,768,1224,1200
191 100 0,768,1224,1200
192 100 0,768,1224,1200
193 100 0,744,1224,1224
194 100 0,744,1224,1224
195 100 0,744,1224,1200
196 100 0,744,1224,1200
197 100 0,744,1224,1224
198 100 0,744,1224,1224
199 100 0,744,1224,1224
200 100 0,744,1224,1224
201 100 0,768,1224,1200
202 100 0,768,1224,1200
203 100 0,744,1224,1224
204 100 0,744,1224,1224
205 100 0,768,1224,1200
206 100 0,768,1224,1200
207 100 0,744,1224,1200
208 100 0,744,1224,1200
209 100 0,744,1224,1200
210 100 0,744,1224,1200
211 100 0,744,1224,1200
212 100 0,744,1224,1200
213 100 0,768,1224,1200
214 100 0,768,1224,1200
215 100 0,768,1224,1200
216 100 0,768,1224,1200
217 100 0,768,1224,1200
218 100 0,768,1224,1200
219 100 0,768,1224,1200
220 100 0,768,1224,1200
221 100 0,744,1224,1224
222 100 0,744,1224,1224
223 100 0,768,1224,1200
224 100 0,768,1224,1200
225 100 0,744,1224,1224
226 100 0,744,1224,1224
227 100 0,744,1224,1224
228 100 0,744,1224,1224
229 100 0,744,1224,1200
230 100 0,744,1224,1200
231 100 0,744,1224,1200
232 100 0,744,1224,1200
233 100 0,744,1224,1200
234 100 0,744,1224,1200
235 100 0,744,1224,1200
236 100 0,744,1224,1200
237 100 0,744,1224,1200
238 100 0,744,1224,1200
239 100 0,744,1224,1200
240 100 0,744,1224,1200
241 100 0,744,1224,1200
242 100 0,744,1224,1200
243 100 24,720,1224,1200
244 100 24,720,1224,1200
245 100 0,720,1224,1224
246 100 0,720,1224,1224
247 100 24,720,1224,1200
248 100 24,720,1224,1200
249 100 24,720,1224,1200
250 100 24,720,1224,1200
251 100 48,720,1224,1200
252 100 48,720,1224,1200
253 100 48,696,1224,1200
254 100 48,696,1224,1200
255 100 48,696,1224,1200
256 100 48,696,1224,1200
257 100 48,720,1224,1200
258 100 48,720,1224,1200
259 100 48,720,1224,1200
260 100 48,720,1224,1200
261 100 48,696,1224,1224
262 100 48,696,1224,1224
263 100 48,696,1224,1200
264 100 48,696,1224,1200
265 100 48,696,1224,1200
266 100 48,696,1224,1200
267 100 48,672,1224,1200
268 100 48,672,1224,1200
269 100 48,672,1224,1200
270 100 48,672,1224,1200
271 100 24,672,1224,1200
272 100 24,672,1224,1200
273 100 0,672,1224,1200
274 100 0,672,1224,1200
275 100 0,648,1224,1224
276 100 0,648,1224,1224
277 100 0,648,1224,1224
278 100 0,648,1224,1224
279 100 0,648,1224,1200
280 100 0,648,1224,1200
281 100 0,648,1224,1200
282 100 0,648,1224,1200
283 100 0,648,1224,1200
284 100 0,648,1224,1200
285 100 0,648,1224,1200
286 100 0,648,1224,1200
287 100 0,624,1224,1224
288 100 0,624,1224,1224
289 100 0,624,1224,1224
290 100 0,624,1224,1224
291 100 0,624,1224,1200
292 100 0,624,1224,1200
293 100 0,624,1224,1200
294 100 0,624,1224,1200
295 100 0,624,1224,1200
296 100 0,624,1224,1200
297 100 0,600,1224,1224
298 100 0,600,1224,1224
299 100 0,600,1224,1200
300 100 0,600,1224,1200
301 100 0,600,1224,1200
302 100 0,600,1224,1200
303 100 0,600,1224,1200
304 100 0,600,1224,1200
305 100 0,600,1224,1200
306 100 0,600,1224,1200
307 100 0,600,1224,1200
308 100 0,600,1224,1200
309 100 0,600,1224,1200
310 100 0,600,1224,1200
311 100 0,600,1224,1200
312 100 0,600,1224,1200
313 100 0,600,1224,1200
314 100 0,600,1224,1200
315 100 0,600,1224,1200
316 100 0,600,1224,1200
317 100 0,600,1224,1200
318 100 0,600,1224,1200
319 100 0,600,1224,1200
320 100 0,600,1224,1200
321 100 0,600,1224,1224
322 100 0,600,1224,1224
323 100 0,624,1224,1200
324 100 0,624,1224,1200
325 100 24,624,1224,1200
326 100 24,624,1224,1200
327 100 0,624,1224,1224
328 100 0,624,1224,1224
329 100 0,648,1224,1200
330 100 0,648,1224,1200
331 100 0,648,1224,1200
332 100 0,648,1224,1200
333 100 0,648,1224,1200
334 100 0,648,1224,1200
335 100 24,672,1224,1200
336 100 24,672,1224,1200
337 100 0,672,1224,1200
338 100 0,672,1224,1200
339 100 0,672,1224,1200
340 100 0,672,1224,1200
341 100 0,648,1224,1224
342 100 0,648,1224,1224
343 100 0,648,1224,1224
344 100 0,648,1224,1224
345 100 0,648,1224,1200
346 100 0,648,1224,1200
347 100 0,648,1224,1200
348 100 0,648,1224,1200
349 100 0,624,1224,1200
350 100 0,624,1224,1200
351 100 0,624,1224,1200
352 100 0,624,1224,1200
353 100 0,624,1224,1200
354 100 0,624,1224,1200
355 100 0,624,1224,1200
356 100 0,624,1224,1200
357 100 0,624,1224,1200
358 100 0,624,1224,1200
359 100 0,624,1224,1200
360 100 0,624,1224,1200
361 100 0,624,1224,1200
362 100 0,624,1224,1200
363 100 0,624,1224,1200
364 100 0,624,1224,1200
365 100 0,600,1224,1224
366 100 0,600,1224,1224
367 100 0,600,1224,1224
368 100 0,600,1224,1224
369 100 0,600,1224,1200
370 100 0,600,1224,1200
371 100 0,600,1224,1200
372 100 0,600,1224,1200
373 100 0,600,1224,1200
374 100 0,600,1224,1200
375 100 24,600,1224,1200
376 100 24,600,1224,1200
377 100 24,600,1224,1200
378 100 24,600,1224,1200
379 100 0,600,1224,1200
380 100 0,600,1224,1200
381 100 0,600,1224,1200
382 100 0,600,1224,1200
383 100 0,600,1224,1200
384 100 0,600,1224,1200
385 100 0,600,1224,1200
386 100 0,600,1224,1200
387 100 0,624,1224,1200
388 100 0,624,1224,1200
389 100 48,624,1224,1200
390 100 48,624,1224,1200
391 100 96,624,1224,1224
392 100 96,624,1224,1224
393 100 144,648,1224,1200
394 100 144,648,1224,1200
395 100 192,648,1224,1200
396 100 192,648,1224,1200
397 100 240,648,1224,1224
398 100 240,648,1224,1224
399 100 288,672,1224,1200
400 100 288,672,1224,1200
401 100 336,672,1224,1200
402 100 336,672,1224,1200
403 100 360,672,1224,1200
404 100 360,672,1224,1200
405 100 384,672,1224,1200
406 100 384,672,1224,1200
407 100 408,672,1224,1200
408 100 408,672,1224,1200
409 100 432,672,1224,1224
410 100 432,672,1224,1224
411 100 456,672,1224,1224
412 100 456,672,1224,1224
413 100 480,672,1224,1224
414 100 480,672,1224,1224
415 100 528,672,1224,1224
416 100 528,672,1224,1224
417 100 552,672,1224,1224
418 100 552,672,1224,1224
419 100 600,648,1224,1248
420 100 600,648,1224,1248
421 100 624,648,1224,1224
422 100 624,648,1224,1224
423 100 648,648,1224,1224
424 100 648,648,1224,1224
425 100 672,648,1224,1224
426 100 672,648,1224,1224
427 100 696,648,1224,1224
428 100 696,648,1224,1224
429 100 744,624,1224,1224
430 100 744,624,1224,1224
431 100 768,624,1224,1224
432 100 768,624,1224,1224
433 100 792,624,1224,1224
434 100 792,624,1224,1224
435 100 792,624,1224,1224
436 100 792,624,1224,1224
437 100 816,624,1224,1224
438 100 816,624,1224,1224
439 100 840,624,1224,1224
440 100 840,624,1224,1224
441 100 840,624,1224,1224
442 100 840,624,1224,1224
443 100 864,624,1224,1224
444 100 864,624,1224,1224
445 100 888,624,1224,1224
446 100 888,624,1224,1224
447 100 912,648,1224,1200
448 100 912,648,1224,1200
449 100 912,648,1224,1200
450 100 912,648,1224,1200
451 100 936,648,1224,1200
452 100 936,648,1224,1200
453 100 936,648,1224,1224
454 100 936,648,1224,1224
455 100 960,648,1224,1224
456 100 960,648,1224,1224
457 100 960,672,1224,1200
458 100 960,672,1224,1200
459 100 984,672,1224,1200
460 100 984,672,1224,1200
461 100 984,672,1224,1224
462 100 984,672,1224,1224
463 100 1008,672,1224,1224
464 100 1008,672,1224,1224
465 100 1032,696,1224,1200
466 100 1032,696,1224,1200
467 100 1032,696,1224,1200
468 100 1032,696,1224,1200
469 100 1056,696,1224,1200
470 100 1056,696,1224,1200
471 100 1056,696,1224,1200
472 100 1056,696,1224,1200
473 100 1056,696,1224,1200
474 100 1056,696,1224,1200
475 100 1056,696,1224,1200
476 100 1056,696,1224,1200
477 100 1080,696,1224,1200
478 100 1080,696,1224,1200
479 100 1080,696,1224,1200
480 100 1080,696,1224,1200
481 100 1080,696,1224,1200
482 100 1080,696,1224,1200
483 100 1104,696,1224,1200
484 100 1104,696,1224,1200
485 100 1104,696,1224,1200
486 100 1104,696,1224,1200
487 100 1104,696,1224,1200
488 100 1104,696,1224,1200
489 100 1104,672,1224,1224
490 100 1104,672,1224,1224
491 100 1104,672,1224,1224
492 100 1104,672,1224,1224
493 100 1104,672,1224,1224
494 100 1104,672,1224,1224
495 100 1104,672,1224,1200
496 100 1104,672,1224,1200
497 100 1104,672,1224,1224
498 100 1104,672,1224,1224
499 100 1104,672,1224,1224
500 100 1104,672,1224,1224
501 100 1104,672,1224,1200
502 100 1104,672,1224,1200
503 100 1104,672,1224,1200
504 100 1104,672,1224,1200
505 100 1128,672,1224,1200
506 100 1128,672,1224,1200
507 100 1128,672,1224,1200
508 100 1128,672,1224,1200
509 100 1152,672,1224,1200
510 100 1152,672,1224,1200
511 100 1152,672,1224,1200
512 100 1152,672,1224,1200
513 100 1176,672,1224,1200
514 100 1176,672,1224,1200
515 100 1176,672,1224,1200
516 100 1176,672,1224,1200
517 100 1176,672,1224,1200
518 100 1176,672,1224,1200
519 100 1176,672,1224,1200
520 100 1176,672,1224,1200
521 100 1200,672,1224,1200
522 100 1200,672,1224,1200
523 100 1200,672,1224,1200
524 100 1200,672,1224,1200
525 100 1200,672,1224,1200
526 100 1200,672,1224,1200
527 100 1200,672,1224,1200
528 100 1200,672,1224,1200
529 100 1200,672,1224,1200
530 100 1200,672,1224,1200
531 100 1200,672,1224,1200
532 100 1200,672,1224,1200
533 100 1176,648,1224,1224
534 100 1176,648,1224,1224
535 100 1176,672,1224,1200
536 100 1176,672,1224,1200
537 100 1176,672,1224,1200
538 100 1176,672,1224,1200
539 100 1176,672,1224,1200
540 100 1176,672,1224,1200
541 100 1176,672,1224,1200
542 100 1176,672,1224,1200
543 100 1200,648,1224,1224
544 100 1200,648,1224,1224
545 100 1200,648,1224,1224
546 100 1200,648,1224,1224
547 100 1200,648,1224,1224
548 100 1200,648,1224,1224
549 100 1200,648,1224,1224
550 100 1200,648,1224,1224
551 100 1176,648,1224,1200
552 100 1176,648,1224,1200
553 100 1176,648,1224,1200
554 100 1176,648,1224,1200
555 100 1176,648,1224,1224
556 100 1176,648,1224,1224
557 100 1176,648,1224,1224
558 100 1176,648,1224,1224
559 100 1176,648,1224,1224
560 100 1176,648,1224,1224
561 100 1176,648,1224,1200
562 100 1176,648,1224,1200
563 100 1176,648,1224,1200
564 100 1176,648,1224,1200
565 100 1176,648,1224,1224
566 100 1176,648,1224,1224
567 100 1176,648,1224,1200
568 100 1176,648,1224,1200
569 100 1176,648,1224,1224
570 100 1176,648,1224,1224
571 100 1176,648,1224,1224
572 100 1176,648,1224,1224
573 100 1176,672,1224,1200
574 100 1176,672,1224,1200
575 100 1176,672,1224,1200
576 100 1176,672,1224,1200
577 100 1176,672,1224,1200
578 100 1176,672,1224,1200
579 100 1152,672,1224,1224
580 100 1152,672,1224,1224
581 100 1152,672,1224,1224
582 100 1152,672,1224,1224
583 100 1152,672,1224,1224
584 100 1152,672,1224,1224
585 100 1176,672,1224,1224
586 100 1176,672,1224,1224
587 100 1152,696,1224,1200
588 100 1152,696,1224,1200
589 100 1152,696,1224,1200
590 100 1152,696,1224,1200
591 100 1152,696,1224,1224
592 100 1152,696,1224,1224
593 100 1152,720,1224,1200
594 100 1152,720,1224,1200
595 100 1152,744,1224,1200
596 100 1152,744,1224,1200
597 100 1128,768,1224,1224
598 100 1128,768,1224,1224
599 100 1104,792,1224,1224
600 100 1104,792,1224,1224
601 100 1080,840,1224,1200
602 100 1080,840,1224,1200
603 100 1056,864,1224,1200
604 100 1056,864,1224,1200
605 100 1056,864,1224,1224
606 100 1056,864,1224,1224
607 100 1032,888,1224,1224
608 100 1032,888,1224,1224
609 100 1032,912,1224,1200
610 100 1032,912,1224,1200
611 100 1008,912,1224,1224
612 100 1008,912,1224,1224
613 100 1008,936,1224,1224
614 100 1008,936,1224,1224
615 100 984,936,1224,1224
616 100 984,936,1224,1224
617 100 984,936,1224,1224
618 100 984,936,1224,1224
619 100 984,936,1224,1224
620 100 984,936,1224,1224
621 100 1008,936,1224,1200
622 100 1008,936,1224,1200
623 100 1008,912,1224,1224
624 100 1008,912,1224,1224
625 100 1032,912,1224,1200
626 100 1032,912,1224,1200
627 100 1032,888,1224,1224
628 100 1032,888,1224,1224
629 100 1056,888,1224,1200
630 100 1056,888,1224,1200
631 100 1080,864,1224,1224
632 100 1080,864,1224,1224
633 100 1104,864,1224,1200
634 100 1104,864,1224,1200
635 100 1128,840,1224,1224
636 100 1128,840,1224,1224
637 100 1200,840,1224,1200
638 100 1200,840,1224,1200
639 100 1248,816,1224,1200
640 100 1248,816,1224,1200
641 100 1296,816,1224,1200
642 100 1296,816,1224,1200
643 100 1344,792,1224,1224
644 100 1344,792,1224,1224
645 100 1392,792,1224,1200
646 100 1392,792,1224,1200
647 100 1416,792,1224,1200
648 100 1416,792,1224,1200
649 100 1464,768,1224,1224
650 100 1464,768,1224,1224
651 100 1488,768,1224,1200
652 100 1488,768,1224,1200
653 100 1536,768,1224,1200
654 100 1536,768,1224,1200
655 100 1560,744,1224,1224
656 100 1560,744,1224,1224
657 100 1584,744,1224,1224
658 100 1584,744,1224,1224
659 100 1632,744,1224,1200
660 100 1632,744,1224,1200
661 100 1656,744,1224,1200
662 100 1656,744,1224,1200
663 100 1656,744,1224,1200
664 100 1656,744,1224,1200
665 100 1680,720,1224,1224
666 100 1680,720,1224,1224
667 100 1704,720,1224,1224
668 100 1704,720,1224,1224
669 100 1728,720,1224,1224
670 100 1728,720,1224,1224
671 100 1728,720,1224,1224
672 100 1728,720,1224,1224
673 100 1752,720,1224,1224
674 100 1752,720,1224,1224
675 100 1752,720,1224,1224
676 100 1752,720,1224,1224
677 100 1752,720,1224,1224
678 100 1752,720,1224,1224
679 100 1776,720,1224,1200
680 100 1776,720,1224,1200
681 100 1776,720,1224,1200
682 100 1776,720,1224,1200
683 100 1800,720,1224,1200
684 100 1800,720,1224,1200
685 100 1800,720,1224,1200
686 100 1800,720,1224,1200
687 100 1824,720,1224,1200
688 100 1824,720,1224,1200
689 100 1824,720,1224,1200
690 100 1824,720,1224,1200
691 100 1824,720,1224,1200
692 100 1824,720,1224,1200
693 100 1824,696,1224,1224
694 100 1824,696,1224,1224
695 100 1848,696,1224,1224
696 100 1848,696,1224,1224
697 100 1848,696,1224,1224
698 100 1848,696,1224,1224
699 100 1848,696,1224,1200
700 100 1848,696,1224,1200
701 100 1848,696,1224,1200
702 100 1848,696,1224,1200
703 100 1848,696,1224,1200
704 100 1848,696,1224,1200
705 100 1848,696,1224,1200
706 100 1848,696,1224,1200
707 100 1848,696,1224,1200
708 100 1848,696,1224,1200
709 100 1824,696,1224,1200
710 100 1824,696,1224,1200
711 100 1824,696,1224,1200
712 100 1824,696,1224,1200
713 100 1824,696,1224,1200
714 100 1824,696,1224,1200
715 100 1800,696,1224,1200
716 100 1800,696,1224,1200
717 100 1800,696,1224,1200
718 100 1800,696,1224,1200
719 100 1776,696,1224,1200
720 100 1776,696,1224,1200
721 100 1776,696,1224,1200
722 100 1776,696,1224,1200
723 100 1776,672,1224,1224
724 100 1776,672,1224,1224
725 100 1752,672,1224,1224
726 100 1752,672,1224,1224
727 100 1752,672,1224,1224
728 100 1752,672,1224,1224
729 100 1752,672,1224,1224
730 100 1752,672,1224,1224
731 100 1728,696,1224,1200
732 100 1728,696,1224,1200
733 100 1728,672,1224,1224
734 100 1728,672,1224,1224
735 100 1728,672,1224,1224
736 100 1728,672,1224,1224
737 100 1728,672,1224,1224
738 100 1728,672,1224,1224
739 100 1704,672,1224,1224
740 100 1704,672,1224,1224
741 100 1704,672,1224,1224
742 100 1704,672,1224,1224
743 100 1680,672,1224,1224
744 100 1680,672,1224,1224
745 100 1680,672,1224,1224
746 100 1680,672,1224,1224
747 100 1656,672,1224,1224
748 100 1656,672,1224,1224
749 100 1632,672,1224,1224
750 100 1632,672,1224,1224
751 100 1608,672,1224,1224
752 100 1608,672,1224,1224
753 100 1584,696,1224,1200
754 100 1584,696,1224,1200
755 100 1560,672,1224,1224
756 100 1560,672,1224,1224
757 100 1560,672,1224,1224
758 100 1560,672,1224,1224
759 100 1536,672,1224,1224
760 100 1536,672,1224,1224
761 100 1536,672,1224,1224
762 100 1536,672,1224,1224
763 100 1536,672,1224,1224
764 100 1536,672,1224,1224
765 100 1536,672,1224,1224
766 100 1536,672,1224,1224
767 100 1512,672,1224,1224
768 100 1512,672,1224,1224
769 100 1512,672,1224,1224
770 100 1512,672,1224,1224
771 100 1464,672,1224,1224
772 100 1464,672,1224,1224
773 100 1416,672,1224,1224
774 100 1416,672,1224,1224
775 100 1368,672,1224,1224
776 100 1368,672,1224,1224
777 100 1344,672,1224,1200
778 100 1344,672,1224,1200
779 100 1296,672,1224,1224
780 100 1296,672,1224,1224
781 100 1272,672,1224,1200
782 100 1272,672,1224,1200
783 100 1248,672,1224,1200
784 100 1248,672,1224,1200
785 100 1224,672,1224,1200
786 100 1224,672,1224,1200
787 100 1224,672,1224,1200
788 100 1224,672,1224,1200
789 100 1200,672,1224,1200
790 100 1200,672,1224,1200
791 100 1200,672,1224,1224
792 100 1200,672,1224,1224
793 100 1176,672,1224,1224
794 100 1176,672,1224,1224
795 100 1176,672,1224,1224
796 100 1176,672,1224,1224
797 100 1152,672,1224,1200
798 100 1152,672,1224,1200
799 100 1152,672,1224,1200
800 100 1152,672,1224,1200
801 100 1128,672,1224,1200
802 100 1128,672,1224,1200
803 100 1128,648,1224,1224
804 100 1128,648,1224,1224
805 100 1104,648,1224,1224
806 100 1104,648,1224,1224
807 100 1080,648,1224,1200
808 100 1080,648,1224,1200
809 100 1056,648,1224,1200
810 100 1056,648,1224,1200
811 100 1032,648,1224,1200
812 100 1032,648,1224,1200
813 100 1008,648,1224,1200
814 100 1008,648,1224,1200
815 100 1008,648,1224,1200
816 100 1008,648,1224,1200
817 100 1008,648,1224,1200
818 100 1008,648,1224,1200
819 100 1008,648,1224,1200
820 100 1008,648,1224,1200
821 100 984,648,1224,1200
822 100 984,648,1224,1200
823 100 984,648,1224,1200
824 100 984,648,1224,1200
825 100 984,648,1224,1200
826 100 984,648,1224,1200
827 100 984,648,1224,1200
828 100 984,648,1224,1200
829 100 984,648,1224,1200
830 100 984,648,1224,1200
831 100 960,648,1224,1200
832 100 960,648,1224,1200
833 100 960,648,1224,1200
834 100 960,648,1224,1200
835 100 960,648,1224,1200
836 100 960,648,1224,1200
837 100 960,648,1224,1200
838 100 960,648,1224,1200
839 100 960,648,1224,1200
840 100 960,648,1224,1200
841 100 960,648,1224,1200
842 100 960,648,1224,1200
843 100 960,648,1224,1200
844 100 960,648,1224,1200
845 100 960,624,1224,1224
846 100 960,624,1224,1224
847 100 960,624,1224,1224
848 100 960,624,1224,1224
849 100 960,624,1224,1224
850 100 960,624,1224,1224
851 100 936,624,1224,1224
852 100 936,624,1224,1224
853 100 936,624,1224,1224
854 100 936,624,1224,1224
855 100 936,624,1224,1224
856 100 936,624,1224,1224
857 100 912,624,1224,1224
858 100 912,624,1224,1224
859 100 912,624,1224,1200
860 100 912,624,1224,1200
861 100 912,624,1224,1200
862 100 912,624,1224,1200
863 100 912,624,1224,1200
864 100 912,624,1224,1200
865 100 912,624,1224,1200
866 100 912,624,1224,1200
867 100 912,624,1224,1224
868 100 912,624,1224,1224
869 100 912,624,1224,1200
870 100 912,624,1224,1200
871 100 912,624,1224,1224
872 100 912,624,1224,1224
873 100 912,624,1224,1224
874 100 912,624,1224,1224
875 100 912,624,1224,1224
876 100 912,624,1224,1224
877 100 912,624,1224,1224
878 100 912,624,1224,1224
879 100 912,624,1224,1200
880 100 912,624,1224,1200
881 100 912,624,1224,1224
882 100 912,624,1224,1224
883 100 912,648,1224,1200
884 100 912,648,1224,1200
885 100 936,648,1224,1200
886 100 936,648,1224,1200
887 100 936,648,1224,1200
888 100 936,648,1224,1200
889 100 936,648,1224,1224
890 100 936,648,1224,1224
891 100 936,648,1224,1224
892 100 936,648,1224,1224
893 100 936,648,1224,1224
894 100 936,648,1224,1224
895 100 960,648,1224,1200
896 100 960,648,1224,1200
897 100 984,648,1224,1200
898 100 984,648,1224,1200
899 100 984,648,1224,1200
900 100 984,648,1224,1200
901 100 1008,648,1224,1200
902 100 1008,648,1224,1200
903 100 1008,648,1224,1200
904 100 1008,648,1224,1200
905 100 1032,648,1224,1224
906 100 1032,648,1224,1224
907 100 1032,648,1224,1224
908 100 1032,648,1224,1224
909 100 1056,648,1224,1224
910 100 1056,648,1224,1224
911 100 1080,648,1224,1224
912 100 1080,648,1224,1224
913 100 1104,648,1224,1224
914 100 1104,648,1224,1224
915 100 1128,672,1224,1200
916 100 1128,672,1224,1200
917 100 1176,672,1224,1200
918 100 1176,672,1224,1200
919 100 1200,648,1224,1224
920 100 1200,648,1224,1224
921 100 1248,648,1224,1224
922 100 1248,648,1224,1224
923 100 1272,648,1224,1224
924 100 1272,648,1224,1224
925 100 1320,648,1224,1224
926 100 1320,648,1224,1224
927 100 1320,648,1224,1224
928 100 1320,648,1224,1224
929 100 1344,648,1224,1224
930 100 1344,648,1224,1224
931 100 1368,648,1224,1224
932 100 1368,648,1224,1224
933 100 1392,648,1224,1224
934 100 1392,648,1224,1224
935 100 1416,648,1224,1224
936 100 1416,648,1224,1224
937 100 1440,648,1224,1224
938 100 1440,648,1224,1224
939 100 1464,648,1224,1224
940 100 1464,648,1224,1224
941 100 1488,648,1224,1224
942 100 1488,648,1224,1224
943 100 1488,648,1224,1224
944 100 1488,648,1224,1224
945 100 1512,672,1224,1200
946 100 1512,672,1224,1200
947 100 1512,672,1224,1200
948 100 1512,672,1224,1200
949 100 1536,672,1224,1200
950 100 1536,672,1224,1200
951 100 1536,672,1224,1200
952 100 1536,672,1224,1200
953 100 1536,672,1224,1200
954 100 1536,672,1224,1200
955 100 1536,672,1224,1200
956 100 1536,672,1224,1200
957 100 1536,672,1224,1224
958 100 1536,672,1224,1224
959 100 1512,696,1224,1200
960 100 1512,696,1224,1200
961 100 1536,696,1224,1200
962 100 1536,696,1224,1200
963 100 1560,696,1224,1200
964 100 1560,696,1224,1200
965 100 1560,696,1224,1200
966 100 1560,696,1224,1200
967 100 1584,696,1224,1200
968 100 1584,696,1224,1200
969 100 1584,696,1224,1200
970 100 1584,696,1224,1200
971 100 1608,696,1224,1224
972 100 1608,696,1224,1224
973 100 1632,720,1224,1200
974 100 1632,720,1224,1200
975 100 1656,696,1224,1224
976 100 1656,696,1224,1224
977 100 1680,696,1224,1224
978 100 1680,696,1224,1224
979 100 1704,696,1224,1224
980 100 1704,696,1224,1224
981 100 1728,696,1224,1200
982 100 1728,696,1224,1200
983 100 1752,696,1224,1200
984 100 1752,696,1224,1200
985 100 1776,696,1224,1200
986 100 1776,696,1224,1200
987 100 1800,696,1224,1200
988 100 1800,696,1224,1200
989 100 1824,696,1224,1200
990 100 1824,696,1224,1200
991 100 1848,696,1224,1200
992 100 1848,696,1224,1200
993 100 1848,696,1224,1200
994 100 1848,696,1224,1200
995 100 1872,696,1224,1200
996 100 1872,696,1224,1200
997 100 1896,696,1224,1200
998 100 1896,696,1224,1200
999 100 1920,696,1224,1200
1000 100 1920,696,1224,1200
1001 100 1944,696,1224,1200
1002 100 1944,696,1224,1200
1003 100 1968,696,1224,1200
1004 100 1968,696,1224,1200
1005 100 1992,672,1224,1224
1006 100 1992,672,1224,1224
1007 100 1992,672,1224,1224
1008 100 1992,672,1224,1224
1009 100 2016,672,1224,1224
1010 100 2016,672,1224,1224
1011 100 2016,672,1224,1224
1012 100 2016,672,1224,1224
1013 100 2016,672,1224,1224
1014 100 2016,672,1224,1224
1015 100 2016,672,1224,1200
1016 100 2016,672,1224,1200
1017 100 2016,672,1224,1200
1018 100 2016,672,1224,1200
1019 100 2016,672,1224,1200
1020 100 2016,672,1224,1200
1021 100 2040,672,1224,1200
1022 100 2040,672,1224,1200
1023 100 2040,648,1224,1224
1024 100 2040,648,1224,1224
1025 100 2064,648,1224,1200
1026 100 2064,648,1224,1200
1027 100 2064,648,1224,1224
1028 100 2064,648,1224,1224
1029 100 2088,648,1224,1200
1030 100 2088,648,1224,1200
1031 100 2112,648,1224,1200
1032 100 2112,648,1224,1200
1033 100 2112,648,1224,1200
1034 100 2112,648,1224,1200
1035 100 2112,648,1224,1200
1036 100 2112,648,1224,1200
1037 100 2112,648,1224,1200
1038 100 2112,648,1224,1200
1039 100 2112,624,1224,1224
1040 100 2112,624,1224,1224
1041 100 2112,624,1224,1224
1042 100 2112,624,1224,1224
1043 100 2112,648,1224,1200
1044 100 2112,648,1224,1200
1045 100 2112,648,1224,1200
1046 100 2112,648,1224,1200
1047 100 2112,648,1224,1200
1048 100 2112,648,1224,1200
1049 100 2112,648,1224,1200
1050 100 2112,648,1224,1200
1051 100 2112,648,1224,1200
1052 100 2112,648,1224,1200
1053 100 2112,648,1224,1200
1054 100 2112,648,1224,1200
1055 100 2112,648,1224,1200
1056 100 2112,648,1224,1200
1057 100 2112,648,1224,1200
1058 100 2112,648,1224,1200
1059 100 2112,648,1224,1200
1060 100 2112,648,1224,1200
1061 100 2112,648,1224,1200
1062 100 2112,648,1224,1200
1063 100 2112,648,1224,1200
1064 100 2112,648,1224,1200
1065 100 2112,648,1224,1200
1066 100 2112,648,1224,1200
1067 100 2112,648,1224,1200
1068 100 2112,648,1224,1200
1069 100 2112,648,1224,1200
1070 100 2112,648,1224,1200
1071 100 2112,648,1224,1200
1072 100 2112,648,1224,1200
1073 100 2112,648,1224,1200
1074 100 2112,648,1224,1200
1075 100 2112,648,1224,1200
1076 100 2112,648,1224,1200
1077 100 2112,648,1224,1200
1078 100 2112,648,1224,1200
1079 100 2112,648,1224,1200
1080 100 2112,648,1224,1200
1081 100 2112,648,1224,1200
1082 100 2112,648,1224,1200
1083 100 2112,648,1224,1200
1084 100 2112,648,1224,1200
1085 100 2112,648,1224,1200
1086 100 2112,648,1224,1200
1087 100 2112,624,1224,1224
1088 100 2112,624,1224,1224
1089 100 2112,624,1224,1224
1090 100 2112,624,1224,1224
1091 100 2112,648,1224,1200
1092 100 2112,648,1224,1200
1093 100 2112,624,1224,1224
1094 100 2112,624,1224,1224
1095 100 2112,624,1224,1224
1096 100 2112,624,1224,1224
1097 100 2088,648,1224,1200
1098 100 2088,648,1224,1200
1099 100 2088,648,1224,1200
1100 100 2088,648,1224,1200
1101 100 2064,648,1224,1200
1102 100 2064,648,1224,1200
1103 100 2016,648,1224,1200
1104 100 2016,648,1224,1200
1105 100 1992,648,1224,1200
1106 100 1992,648,1224,1200
1107 100 1944,648,1224,1200
1108 100 1944,648,1224,1200
1109 100 1920,648,1224,1224
1110 100 1920,648,1224,1224
1111 100 1872,648,1224,1224
1112 100 1872,648,1224,1224
1113 100 1824,672,1224,1200
1114 100 1824,672,1224,1200
1115 100 1776,672,1224,1200
1116 100 1776,672,1224,1200
1117 100 1704,672,1224,1200
1118 100 1704,672,1224,1200
1119 100 1680,672,1224,1200
1120 100 1680,672,1224,1200
1121 100 1608,648,1224,1224
1122 100 1608,648,1224,1224
1123 100 1560,648,1224,1224
1124 100 1560,648,1224,1224
1125 100 1512,648,1224,1200
1126 100 1512,648,1224,1200
1127 100 1440,648,1224,1200
1128 100 1440,648,1224,1200
1129 100 1368,648,1224,1200
1130 100 1368,648,1224,1200
1131 100 1296,648,1224,1200
1132 100 1296,648,1224,1200
1133 100 1248,624,1224,1224
1134 100 1248,624,1224,1224
1135 100 1200,624,1224,1224
1136 100 1200,624,1224,1224
1137 100 1152,624,1224,1224
1138 100 1152,624,1224,1224
1139 100 1104,624,1224,1224
1140 100 1104,624,1224,1224
1141 100 1056,624,1224,1224
1142 100 1056,624,1224,1224
1143 100 1056,624,1224,1200
1144 100 1056,624,1224,1200
1145 100 1056,624,1224,1200
1146 100 1056,624,1224,1200
1147 100 1056,624,1224,1200
1148 100 1056,624,1224,1200
1149 100 1056,624,1224,1200
1150 100 1056,624,1224,1200
1151 100 1104,624,1224,1200
1152 100 1104,624,1224,1200
1153 100 1128,624,1224,1200
1154 100 1128,624,1224,1200
1155 100 1128,600,1224,1224
1156 100 1128,600,1224,1224
1157 100 1152,600,1224,1224
1158 100 1152,600,1224,1224
1159 100 1176,600,1224,1200
1160 100 1176,600,1224,1200
1161 100 1176,600,1224,1200
1162 100 1176,600,1224,1200
1163 100 1176,600,1224,1200
1164 100 1176,600,1224,1200
1165 100 1176,600,1224,1200
1166 100 1176,600,1224,1200
1167 100 1176,600,1224,1200
1168 100 1176,600,1224,1200
1169 100 1200,576,1224,1224
1170 100 1200,576,1224,1224
1171 100 1200,576,1224,1224
1172 100 1200,576,1224,1224
1173 100 1200,576,1224,1224
1174 100 1200,576,1224,1224
1175 100 1200,576,1224,1224
1176 100 1200,576,1224,1224
1177 100 1200,600,1224,1200
1178 100 1200,600,1224,1200
1179 100 1200,600,1224,1200
1180 100 1200,600,1224,1200
1181 100 1200,600,1224,1200
1182 100 1200,600,1224,1200
1183 100 1200,600,1224,1200
1184 100 1200,600,1224,1200
1185 100 1200,576,1224,1224
1186 100 1200,576,1224,1224
1187 100 1200,576,1224,1224
1188 100 1200,576,1224,1224
1189 100 1200,576,1224,1224
1190 100 1200,576,1224,1224
1191 100 1224,576,1224,1224
1192 100 1224,576,1224,1224
1193 100 1224,576,1224,1224
1194 100 1224,576,1224,1224
1195 100 1224,576,1224,1224
1196 100 1224,576,1224,1224
1197 100 1224,576,1224,1224
1198 100 1224,576,1224,1224
1199 100 1224,576,1224,1224
1200 100 1224,576,1224,1224
1201 100 1224,576,1224,1224
1202 100 1224,576,1224,1224
1203 100 1224,576,1224,1200
1204 100 1224,576,1224,1200
1205 100 1224,576,1224,1200
1206 100 1224,576,1224,1200
1207 100 1224,576,1224,1200
1208 100 1224,576,1224,1200
1209 100 1224,576,1224,1200
1210 100 1224,576,1224,1200
1211 100 1224,576,1224,1200
1212 100 1224,576,1224,1200
1213 100 1248,552,1224,1224
1214 100 1248,552,1224,1224
1215 100 1248,552,1224,1224
1216 100 1248,552,1224,1224
1217 100 1248,552,1224,1200
1218 100 1248,552,1224,1200
1219 100 1248,552,1224,1200
1220 100 1248,552,1224,1200
1221 100 1248,552,1224,1200
1222 100 1248,552,1224,1200
1223 100 1248,552,1224,1200
1224 100 1248,552,1224,1200
1225 100 1272,528,1224,1224
1226 100 1272,528,1224,1224
1227 100 1272,528,1224,1224
1228 100 1272,528,1224,1224
1229 100 1272,528,1224,1200
1230 100 1272,528,1224,1200
1231 100 1272,528,1224,1200
1232 100 1272,528,1224,1200
1233 100 1272,528,1224,1200
1234 100 1272,528,1224,1200
1235 100 1272,528,1224,1200
1236 100 1272,528,1224,1200
1237 100 1272,528,1224,1200
1238 100 1272,528,1224,1200
1239 100 1272,528,1224,1200
1240 100 1272,528,1224,1200
1241 100 1272,528,1224,1200
1242 100 1272,528,1224,1200
1243 100 1272,504,1224,1224
1244 100 1272,504,1224,1224
1245 100 1272,504,1224,1224
1246 100 1272,504,1224,1224
1247 100 1272,504,1224,1224
1248 100 1272,504,1224,1224
1249 100 1272,504,1224,1200
1250 100 1272,504,1224,1200
1251 100 1272,504,1224,1200
1252 100 1272,504,1224,1200
1253 100 1272,504,1224,1200
1254 100 1272,504,1224,1200
1255 100 1272,504,1224,1200
1256 100 1272,504,1224,1200
1257 100 1272,504,1224,1200
1258 100 1272,504,1224,1200
1259 100 1296,480,1224,1224
1260 100 1296,480,1224,1224
1261 100 1296,480,1224,1224
1262 100 1296,480,1224,1224
1263 100 1296,480,1224,1224
1264 100 1296,480,1224,1224
1265 100 1296,480,1224,1224
1266 100 1296,480,1224,1224
1267 100 1296,480,1224,1200
1268 100 1296,480,1224,1200
1269 100 1296,480,1224,1200
1270 100 1296,480,1224,1200
1271 100 1296,480,1224,1200
1272 100 1296,480,1224,1200
1273 100 1296,480,1224,1200
1274 100 1296,480,1224,1200
1275 100 1296,480,1224,1200
1276 100 1296,480,1224,1200
1277 100 1296,480,1224,1200
1278 100 1296,480,1224,1200
1279 100 1296,480,1224,1200
1280 100 1296,480,1224,1200
1281 100 1296,480,1224,1200
1282 100 1296,480,1224,1200
1283 100 1296,480,1224,1200
1284 100 1296,480,1224,1200
1285 100 1296,480,1224,1200
1286 100 1296,480,1224,1200
1287 100 1296,480,1224,1200
1288 100 1296,480,1224,1200
1289 100 1296,480,1224,1224
1290 100 1296,480,1224,1224
1291 100 1296,480,1224,1224
1292 100 1296,480,1224,1224
1293 100 1296,480,1224,1224
1294 100 1296,480,1224,1224
1295 100 1296,480,1224,1224
1296 100 1296,480,1224,1224
1297 100 1296,480,1224,1224
1298 100 1296,480,1224,1224
1299 100 1296,480,1224,1224
1300 100 1296,480,1224,1224
1301 100 1296,480,1224,1224
1302 100 1296,480,1224,1224
1303 100 1296,480,1224,1224
1304 100 1296,480,1224,1224
1305 100 1296,504,1224,1200
1306 100 1296,504,1224,1200
1307 100 1296,504,1224,1200
1308 100 1296,504,1224,1200
1309 100 1296,504,1224,1200
1310 100 1296,504,1224,1200
1311 100 1296,504,1224,1200
1312 100 1296,504,1224,1200
1313 100 1296,504,1224,1200
1314 100 1296,504,1224,1200
1315 100 1296,504,1224,1200
1316 100 1296,504,1224,1200
1317 100 1296,504,1224,1200
1318 100 1296,504,1224,1200
1319 100 1296,504,1224,1224
1320 100 1296,504,1224,1224
1321 100 1296,504,1224,1224
1322 100 1296,504,1224,1224
1323 100 1296,504,1224,1224
1324 100 1296,504,1224,1224
1325 100 1296,504,1224,1224
1326 100 1296,504,1224,1224
1327 100 1296,528,1224,1200
1328 100 1296,528,1224,1200
1329 100 1296,528,1224,1200
1330 100 1296,528,1224,1200
1331 100 1296,528,1224,1200
1332 100 1296,528,1224,1200
1333 100 1296,528,1224,1200
1334 100 1296,528,1224,1200
1335 100 1296,528,1224,1200
1336 100 1296,528,1224,1200
1337 100 1296,528,1224,1200
1338 100 1296,528,1224,1200
1339 100 1296,528,1224,1200
1340 100 1296,528,1224,1200
1341 100 1296,528,1224,1200
1342 100 1296,528,1224,1200
1343 100 1296,528,1224,1224
1344 100 1296,528,1224,1224
1345 100 1296,528,1224,1224
1346 100 1296,528,1224,1224
1347 100 1296,528,1224,1224
1348 100 1296,528,1224,1224
1349 100 1296,528,1224,1224
1350 100 1296,528,1224,1224
1351 100 1296,552,1224,1200
1352 100 1296,552,1224,1200
1353 100 1296,552,1224,1200
1354 100 1296,552,1224,1200
1355 100 1296,552,1224,1200
1356 100 1296,552,1224,1200
1357 100 1296,552,1224,1200
1358 100 1296,552,1224,1200
1359 100 1296,552,1224,1200
1360 100 1296,552,1224,1200
1361 100 1296,552,1224,1200
1362 100 1296,552,1224,1200
1363 100 1296,552,1224,1200
1364 100 1296,552,1224,1200
1365 100 1296,552,1224,1200
1366 100 1296,552,1224,1200
1367 100 1296,552,1224,1200
1368 100 1296,552,1224,1200
1369 100 1296,552,1224,1200
1370 100 1296,552,1224,1200
1371 100 1296,552,1224,1224
1372 100 1296,552,1224,1224
1373 100 1296,552,1224,1224
1374 100 1296,552,1224,1224
1375 100 1296,576,1224,1200
1376 100 1296,576,1224,1200
1377 100 1272,576,1224,1200
1378 100 1272,576,1224,1200
1379 100 1272,576,1224,1200
1380 100 1272,576,1224,1200
1381 100 1272,576,1224,1200
1382 100 1272,576,1224,1200
1383 100 1272,576,1224,1200
1384 100 1272,576,1224,1200
1385 100 1272,576,1224,1200
1386 100 1272,576,1224,1200
1387 100 1272,576,1224,1200
1388 100 1272,576,1224,1200
1389 100 1272,576,1224,1200
1390 100 1272,576,1224,1200
1391 100 1272,576,1224,1200
1392 100 1272,576,1224,1200
1393 100 1272,576,1224,1200
1394 100 1272,576,1224,1200
1395 100 1272,576,1224,1200
1396 100 1272,576,1224,1200
1397 100 1272,576,1224,1200
1398 100 1272,576,1224,1200
1399 100 1272,576,1224,1200
1400 100 1272,576,1224,1200
1401 100 1272,576,1224,1200
1402 100 1272,576,1224,1200
1403 100 1272,576,1224,1200
1404 100 1272,576,1224,1200
1405 100 1248,576,1224,1200
1406 100 1248,576,1224,1200
1407 100 1248,576,1224,1200
1408 100 1248,576,1224,1200
1409 100 1248,576,1224,1200
1410 100 1248,576,1224,1200
1411 100 1248,576,1224,1200
1412 100 1248,576,1224,1200
1413 100 1248,576,1224,1200
1414 100 1248,576,1224,1200
1415 100 1248,552,1224,1224
1416 100 1248,552,1224,1224
1417 100 1248,552,1224,1224
1418 100 1248,552,1224,1224
1419 100 1248,576,1224,1200
1420 100 1248,576,1224,1200
1421 100 1272,576,1224,1200
1422 100 1272,576,1224,1200
1423 100 1272,576,1224,1200
1424 100 1272,576,1224,1200
1425 100 1272,576,1224,1200
1426 100 1272,576,1224,1200
1427 100 1272,576,1224,1200
1428 100 1272,576,1224,1200
1429 100 1272,576,1224,1200
1430 100 1272,576,1224,1200
1431 100 1272,576,1224,1200
1432 100 1272,576,1224,1200
1433 100 1296,576,1224,1200
1434 100 1296,576,1224,1200
1435 100 1296,576,1224,1200
1436 100 1296,576,1224,1200
1437 100 1296,576,1224,1200
1438 100 1296,576,1224,1200
1439 100 1296,576,1224,1200
1440 100 1296,576,1224,1200
1441 100 1296,576,1224,1200
1442 100 1296,576,1224,1200
1443 100 1296,576,1224,1200
1444 100 1296,576,1224,1200
1445 100 1296,576,1224,1200
1446 100 1296,576,1224,1200
1447 100 1296,576,1224,1200
1448 100 1296,576,1224,1200
1449 100 1296,576,1224,1200
1450 100 1296,576,1224,1200
1451 100 1296,576,1224,1200
1452 100 1296,576,1224,1200
1453 100 1296,576,1224,1200
1454 100 1296,576,1224,1200
1455 100 1296,576,1224,1200
1456 100 1296,576,1224,1200
1457 100 1296,576,1224,1200
1458 100 1296,576,1224,1200
1459 100 1296,576,1224,1200
1460 100 1296,576,1224,1200
1461 100 1296,576,1224,1200
1462 100 1296,576,1224,1200
1463 100 1296,576,1224,1200
1464 100 1296,576,1224,1200
1465 100 1296,576,1224,1200
1466 100 1296,576,1224,1200
1467 100 1296,576,1224,1200
1468 100 1296,576,1224,1200
1469 100 1296,576,1224,1200
1470 100 1296,576,1224,1200
1471 100 1296,576,1224,1200
1472 100 1296,576,1224,1200
1473 100 1296,576,1224,1200
1474 100 1296,576,1224,1200
1475 100 1296,576,1224,1200
1476 100 1296,576,1224,1200
1477 100 1296,576,1224,1200
1478 100 1296,576,1224,1200
1479 100 1296,576,1224,1200
1480 100 1296,576,1224,1200
1481 100 1296,576,1224,1200
1482 100 1296,576,1224,1200
1483 100 1296,576,1224,1200
1484 100 1296,576,1224,1200
1485 100 1296,576,1224,1200
1486 100 1296,576,1224,1200
1487 100 1296,576,1224,1200
1488 100 1296,576,1224,1200
1489 100 1296,576,1224,1200
1490 100 1296,576,1224,1200
1491 100 1296,576,1224,1200
1492 100 1296,576,1224,1200
1493 100 1296,576,1224,1200
1494 100 1296,576,1224,1200
1495 100 1296,576,1224,1200
1496 100 1296,576,1224,1200
1497 100 1296,576,1224,1200
1498 100 1296,576,1224,1200
1499 100 1296,576,1224,1200
1500 100 1296,576,1224,1200
1501 100 1296,576,1224,1200
1502 100 1296,576,1224,1200
1503 100 1296,576,1224,1200
1504 100 1296,576,1224,1200
1505 100 1296,576,1224,1200
1506 100 1296,576,1224,1200
1507 100 1296,576,1224,1200
1508 100 1296,576,1224,1200
1509 100 1296,576,1224,1200
1510 100 1296,576,1224,1200
1511 100 1296,576,1224,1200
1512 100 1296,576,1224,1200
1513 100 1296,576,1224,1200
1514 100 1296,576,1224,1200
1515 100 1296,576,1224,1200
1516 100 1296,576,1224,1200
1517 100 1296,576,1224,1200
1518 100 1296,576,1224,1200
1519 100 1296,576,1224,1200
1520 100 1296,576,1224,1200
1521 100 1296,576,1224,1200
1522 100 1296,576,1224,1200
1523 100 1296,576,1224,1200
1524 100 1296,576,1224,1200
1525 100 1296,576,1224,1200
1526 100 1296,576,1224,1200
1527 100 1296,576,1224,1200
1528 100 1296,576,1224,1200
1529 100 1296,576,1224,1200
1530 100 1296,576,1224,1200
1531 100 1296,576,1224,1200
1532 100 1296,576,1224,1200
1533 100 1296,576,1224,1200
1534 100 1296,576,1224,1200
1535 100 1296,576,1224,1200
1536 100 1296,576,1224,1200
1537 100 1296,576,1224,1200
1538 100 1296,576,1224,1200
1539 100 1296,576,1224,1200
1540 100 1296,576,1224,1200
1541 100 1296,576,1224,1200
1542 100 1296,576,1224,1200
1543 100 1296,576,1224,1200
1544 100 1296,576,1224,1200
1545 100 1296,576,1224,1200
1546 100 1296,576,1224,1200
1547 100 1296,576,1224,1200
1548 100 1296,576,1224,1200
1549 100 1296,576,1224,1200
1550 100 1296,576,1224,1200
1551 100 1296,576,1224,1200
1552 100 1296,576,1224,1200
1553 100 1296,576,1224,1200
1554 100 1296,576,1224,1200
1555 100 1272,576,1224,1200
1556 100 1272,576,1224,1200
1557 100 1248,576,1224,1200
1558 100 1248,576,1224,1200
1559 100 1248,576,1224,1200
1560 100 1248,576,1224,1200
1561 100 1224,576,1224,1200
1562 100 1224,576,1224,1200
1563 100 1224,576,1224,1200
1564 100 1224,576,1224,1200
1565 100 1200,576,1224,1200
1566 100 1200,576,1224,1200
1567 100 1200,576,1224,1224
1568 100 1200,576,1224,1224
1569 100 1176,576,1224,1224
1570 100 1176,576,1224,1224
1571 100 1176,576,1224,1224
1572 100 1176,576,1224,1224
1573 100 1152,576,1224,1224
1574 100 1152,576,1224,1224
1575 100 1128,600,1224,1200
1576 100 1128,600,1224,1200
1577 100 1128,600,1224,1200
1578 100 1128,600,1224,1200
1579 100 1104,600,1224,1200
1580 100 1104,600,1224,1200
1581 100 1104,600,1224,1200
1582 100 1104,600,1224,1200
1583 100 1080,600,1224,1200
1584 100 1080,600,1224,1200
1585 100 1080,600,1224,1200
1586 100 1080,600,1224,1200
1587 100 1056,576,1224,1224
1588 100 1056,576,1224,1224
1589 100 1056,576,1224,1200
1590 100 1056,576,1224,1200
1591 100 1032,576,1224,1200
1592 100 1032,576,1224,1200
1593 100 1008,576,1224,1200
1594 100 1008,576,1224,1200
1595 100 1008,576,1224,1200
1596 100 1008,576,1224,1200
1597 100 984,576,1224,1200
1598 100 984,576,1224,1200
1599 100 960,576,1224,1200
1600 100 960,576,1224,1200
1601 100 936,576,1224,1200
1602 100 936,576,1224,1200
1603 100 936,576,1224,1200
1604 100 936,576,1224,1200
1605 100 912,576,1224,1200
1606 100 912,576,1224,1200
1607 100 888,576,1224,1224
1608 100 888,576,1224,1224
1609 100 864,576,1224,1224
1610 100 864,576,1224,1224
1611 100 864,576,1224,1224
1612 100 864,576,1224,1224
1613 100 840,576,1224,1224
1614 100 840,576,1224,1224
1615 100 816,576,1224,1224
1616 100 816,576,1224,1224
