0 100 384,504,1224,1224
1 100 144,528,1224,1224
2 100 144,528,1224,1224
3 100 144,528,1224,1224
4 100 144,528,1224,1224
5 100 144,528,1224,1224
6 100 144,528,1224,1224
7 100 72,528,1224,1224
8 100 72,528,1224,1224
9 100 48,528,1224,1224
10 100 48,528,1224,1224
11 100 72,528,1224,1224
12 100 72,528,1224,1224
13 100 48,528,1224,1224
14 100 48,528,1224,1224
15 100 48,528,1224,1224
16 100 48,528,1224,1224
17 100 96,528,1224,1224
18 100 96,528,1224,1224
19 100 96,528,1224,1224
20 100 96,528,1224,1224
21 100 96,528,1224,1224
22 100 96,528,1224,1224
23 100 96,528,1224,1224
24 100 96,528,1224,1224
25 100 96,528,1224,1224
26 100 96,528,1224,1224
27 100 120,528,1224,1224
28 100 120,528,1224,1224
29 100 3384,528,1224,1200
30 100 3384,528,1224,1200
31 100 3408,528,1224,1200
32 100 3408,528,1224,1200
33 100 3384,528,1224,1200
34 100 3384,528,1224,1200
35 100 3384,528,1224,1200
36 100 3384,528,1224,1200
37 100 192,528,1224,1224
38 100 192,528,1224,1224
39 100 144,528,1224,1224
40 100 144,528,1224,1224
41 100 3384,528,1224,1200
42 100 3384,528,1224,1200
43 100 3408,528,1224,1200
44 100 3408,528,1224,1200
45 100 0,528,1224,1200
46 100 0,528,1224,1200
47 100 96,504,1224,1224
48 100 96,504,1224,1224
49 100 3432,504,1224,1200
50 100 3432,504,1224,1200
51 100 3432,504,1224,1200
52 100 3432,504,1224,1200
53 100 48,504,1224,1224
54 100 48,504,1224,1224
55 100 0,528,1224,1200
56 100 0,528,1224,1200
57 100 0,528,1224,1200
58 100 0,528,1224,1200
59 100 24,528,1224,1200
60 100 24,528,1224,1200
61 100 24,528,1224,1200
62 100 24,528,1224,1200
63 100 24,528,1224,1200
64 100 24,528,1224,1200
65 100 0,528,1224,1200
66 100 0,528,1224,1200
67 100 3480,528,1224,1200
68 100 3480,528,1224,1200
69 100 3432,528,1224,1200
70 100 3432,528,1224,1200
71 100 3456,528,1224,1200
72 100 3456,528,1224,1200
73 100 3456,528,1224,1200
74 100 3456,528,1224,1200
75 100 3456,528,1224,1200
76 100 3456,528,1224,1200
77 100 3456,528,1224,1200
78 100 3456,528,1224,1200
79 100 3456,528,1224,1200
80 100 3456,528,1224,1200
81 100 3456,528,1224,1200
82 100 3456,528,1224,1200
83 100 3432,528,1224,1200
84 100 3432,528,1224,1200
85 100 3432,528,1224,1200
86 100 3432,528,1224,1200
87 100 3432,528,1224,1200
88 100 3432,528,1224,1200
89 100 3408,528,1224,1200
90 100 3408,528,1224,1200
91 100 3384,528,1224,1200
92 100 3384,528,1224,1200
93 100 3432,528,1224,1200
94 100 3432,528,1224,1200
95 100 3384,528,1224,1200
96 100 3384,528,1224,1200
97 100 48,528,1224,1224
98 100 48,528,1224,1224
99 100 3600,552,1224,1200
100 100 3600,552,1224,1200
101 100 3528,552,1224,1200
102 100 3528,552,1224,1200
103 100 3528,552,1224,1200
104 100 3528,552,1224,1200
105 100 3528,552,1224,1200
106 100 3528,552,1224,1200
107 100 3552,552,1224,1200
108 100 3552,552,1224,1200
109 100 3504,552,1224,1200
110 100 3504,552,1224,1200
111 100 3504,552,1224,1200
112 100 3504,552,1224,1200
113 100 3456,552,1224,1200
114 100 3456,552,1224,1200
115 100 3456,552,1224,1200
116 100 3456,552,1224,1200
117 100 3504,552,1224,1200
118 100 3504,552,1224,1200
119 100 3552,552,1224,1200
120 100 3552,552,1224,1200
121 100 0,552,1224,1200
122 100 0,552,1224,1200
123 100 0,552,1224,1200
124 100 0,552,1224,1200
125 100 3552,552,1224,1200
126 100 3552,552,1224,1200
127 100 3504,552,1224,1200
128 100 3504,552,1224,1200
129 100 3504,552,1224,1200
130 100 3504,552,1224,1200
131 100 3504,552,1224,1200
132 100 3504,552,1224,1200
133 100 3552,552,1224,1200
134 100 3552,552,1224,1200
135 100 3552,552,1224,1200
136 100 3552,552,1224,1200
137 100 3552,552,1224,1200
138 100 3552,552,1224,1200
139 100 0,552,1224,1200
140 100 0,552,1224,1200
141 100 3552,552,1224,1200
142 100 3552,552,1224,1200
143 100 3576,552,1224,1200
144 100 3576,552,1224,1200
145 100 0,552,1224,1200
146 100 0,552,1224,1200
147 100 3576,552,1224,1200
148 100 3576,552,1224,1200
149 100 3552,552,1224,1200
150 100 3552,552,1224,1200
151 100 3528,552,1224,1200
152 100 3528,552,1224,1200
153 100 3528,552,1224,1200
154 100 3528,552,1224,1200
155 100 3480,552,1224,1200
156 100 3480,552,1224,1200
157 100 3480,552,1224,1200
158 100 3480,552,1224,1200
159 100 3480,552,1224,1200
160 100 3480,552,1224,1200
161 100 3480,552,1224,1200
162 100 3480,552,1224,1200
163 100 3480,552,1224,1200
164 100 3480,552,1224,1200
165 100 3480,552,1224,1200
166 100 3480,552,1224,1200
167 100 3480,552,1224,1200
168 100 3480,552,1224,1200
169 100 3504,552,1224,1200
170 100 3504,552,1224,1200
171 100 3504,552,1224,1200
172 100 3504,552,1224,1200
173 100 3552,552,1224,1200
174 100 3552,552,1224,1200
175 100 3552,552,1224,1200
176 100 3552,552,1224,1200
177 100 3600,552,1224,1200
178 100 3600,552,1224,1200
179 100 3600,528,1224,1224
180 100 3600,528,1224,1224
181 100 3600,552,1224,1200
182 100 3600,552,1224,1200
183 100 3576,552,1224,1200
184 100 3576,552,1224,1200
185 100 3576,528,1224,1224
186 100 3576,528,1224,1224
187 100 3552,552,1224,1200
188 100 3552,552,1224,1200
189 100 3552,552,1224,1200
190 100 3552,552,1224,1200
191 100 3552,552,1224,1200
192 100 3552,552,1224,1200
193 100 3552,552,1224,1200
194 100 3552,552,1224,1200
195 100 3552,552,1224,1200
196 100 3552,552,1224,1200
197 100 3552,552,1224,1200
198 100 3552,552,1224,1200
199 100 3552,552,1224,1200
200 100 3552,552,1224,1200
201 100 3528,552,1224,1200
202 100 3528,552,1224,1200
203 100 3552,552,1224,1200
204 100 3552,552,1224,1200
205 100 3600,528,1224,1224
206 100 3600,528,1224,1224
207 100 3624,528,1224,1224
208 100 3624,528,1224,1224
209 100 24,528,1224,1224
210 100 24,528,1224,1224
211 100 0,528,1224,1224
212 100 0,528,1224,1224
213 100 0,528,1224,1224
214 100 0,528,1224,1224
215 100 24,528,1224,1224
216 100 24,528,1224,1224
217 100 24,528,1224,1224
218 100 24,528,1224,1224
219 100 24,528,1224,1224
220 100 24,528,1224,1224
221 100 24,528,1224,1224
222 100 24,528,1224,1224
223 100 0,528,1224,1224
224 100 0,528,1224,1224
225 100 3600,528,1224,1224
226 100 3600,528,1224,1224
227 100 3552,528,1224,1224
228 100 3552,528,1224,1224
229 100 3552,552,1224,1200
230 100 3552,552,1224,1200
231 100 3528,552,1224,1200
232 100 3528,552,1224,1200
233 100 3504,552,1224,1200
234 100 3504,552,1224,1200
235 100 3504,552,1224,1200
236 100 3504,552,1224,1200
237 100 3504,552,1224,1200
238 100 3504,552,1224,1200
239 100 3504,552,1224,1200
240 100 3504,552,1224,1200
241 100 3528,552,1224,1200
242 100 3528,552,1224,1200
243 100 3504,552,1224,1200
244 100 3504,552,1224,1200
245 100 3504,552,1224,1200
246 100 3504,552,1224,1200
247 100 3480,552,1224,1200
248 100 3480,552,1224,1200
249 100 3480,552,1224,1200
250 100 3480,552,1224,1200
251 100 3528,552,1224,1200
252 100 3528,552,1224,1200
253 100 3528,552,1224,1200
254 100 3528,552,1224,1200
255 100 3528,552,1224,1200
256 100 3528,552,1224,1200
257 100 3528,552,1224,1200
258 100 3528,552,1224,1200
259 100 3528,552,1224,1200
260 100 3528,552,1224,1200
261 100 3552,552,1224,1200
262 100 3552,552,1224,1200
263 100 3624,528,1224,1224
264 100 3624,528,1224,1224
265 100 0,528,1224,1224
266 100 0,528,1224,1224
267 100 3384,528,1224,1200
268 100 3384,528,1224,1200
269 100 3408,528,1224,1200
270 100 3408,528,1224,1200
271 100 48,528,1224,1224
272 100 48,528,1224,1224
273 100 3384,528,1224,1200
274 100 3384,528,1224,1200
275 100 3408,528,1224,1200
276 100 3408,528,1224,1200
277 100 3408,528,1224,1200
278 100 3408,528,1224,1200
279 100 3432,528,1224,1200
280 100 3432,528,1224,1200
281 100 3432,528,1224,1200
282 100 3432,528,1224,1200
283 100 3432,528,1224,1200
284 100 3432,528,1224,1200
285 100 3456,528,1224,1200
286 100 3456,528,1224,1200
287 100 3456,528,1224,1200
288 100 3456,528,1224,1200
289 100 3456,528,1224,1200
290 100 3456,528,1224,1200
291 100 3432,528,1224,1200
292 100 3432,528,1224,1200
293 100 120,528,1224,1224
294 100 120,528,1224,1224
295 100 96,528,1224,1224
296 100 96,528,1224,1224
297 100 96,552,1224,1200
298 100 96,552,1224,1200
299 100 96,552,1224,1200
300 100 96,552,1224,1200
301 100 24,552,1224,1200
302 100 24,552,1224,1200
303 100 24,552,1224,1200
304 100 24,552,1224,1200
305 100 24,552,1224,1200
306 100 24,552,1224,1200
307 100 48,552,1224,1200
308 100 48,552,1224,1200
309 100 24,552,1224,1200
310 100 24,552,1224,1200
311 100 0,552,1224,1200
312 100 0,552,1224,1200
313 100 0,552,1224,1200
314 100 0,552,1224,1200
315 100 72,552,1224,1200
316 100 72,552,1224,1200
317 100 72,552,1224,1200
318 100 72,552,1224,1200
319 100 72,552,1224,1200
320 100 72,552,1224,1200
321 100 48,552,1224,1200
322 100 48,552,1224,1200
323 100 48,552,1224,1200
324 100 48,552,1224,1200
325 100 48,552,1224,1200
326 100 48,552,1224,1200
327 100 48,552,1224,1200
328 100 48,552,1224,1200
329 100 48,552,1224,1200
330 100 48,552,1224,1200
331 100 48,552,1224,1200
332 100 48,552,1224,1200
333 100 48,552,1224,1224
334 100 48,552,1224,1224
335 100 48,552,1224,1224
336 100 48,552,1224,1224
337 100 48,552,1224,1224
338 100 48,552,1224,1224
339 100 24,552,1224,1224
340 100 24,552,1224,1224
341 100 48,552,1224,1224
342 100 48,552,1224,1224
343 100 48,552,1224,1224
344 100 48,552,1224,1224
345 100 48,552,1224,1224
346 100 48,552,1224,1224
347 100 48,552,1224,1224
348 100 48,552,1224,1224
349 100 48,552,1224,1224
350 100 48,552,1224,1224
351 100 24,552,1224,1224
352 100 24,552,1224,1224
353 100 24,552,1224,1224
354 100 24,552,1224,1224
355 100 24,552,1224,1224
356 100 24,552,1224,1224
357 100 24,576,1224,1200
358 100 24,576,1224,1200
359 100 0,576,1224,1200
360 100 0,576,1224,1200
361 100 0,576,1224,1200
362 100 0,576,1224,1200
363 100 0,576,1224,1200
364 100 0,576,1224,1200
365 100 0,576,1224,1200
366 100 0,576,1224,1200
367 100 0,576,1224,1200
368 100 0,576,1224,1200
369 100 0,576,1224,1200
370 100 0,576,1224,1200
371 100 0,576,1224,1200
372 100 0,576,1224,1200
373 100 0,576,1224,1200
374 100 0,576,1224,1200
375 100 0,576,1224,1200
376 100 0,576,1224,1200
377 100 0,576,1224,1200
378 100 0,576,1224,1200
379 100 0,576,1224,1200
380 100 0,576,1224,1200
381 100 0,576,1224,1200
382 100 0,576,1224,1200
383 100 96,576,1224,1200
384 100 96,576,1224,1200
385 100 72,576,1224,1200
386 100 72,576,1224,1200
387 100 96,576,1224,1200
388 100 96,576,1224,1200
389 100 96,576,1224,1200
390 100 96,576,1224,1200
391 100 0,576,1224,1200
392 100 0,576,1224,1200
393 100 0,576,1224,1200
394 100 0,576,1224,1200
395 100 0,576,1224,1200
396 100 0,576,1224,1200
397 100 0,576,1224,1200
398 100 0,576,1224,1200
399 100 72,576,1224,1200
400 100 72,576,1224,1200
401 100 72,576,1224,1200
402 100 72,576,1224,1200
403 100 48,576,1224,1200
404 100 48,576,1224,1200
405 100 48,576,1224,1200
406 100 48,576,1224,1200
407 100 72,576,1224,1200
408 100 72,576,1224,1200
409 100 72,576,1224,1200
410 100 72,576,1224,1200
411 100 72,576,1224,1200
412 100 72,576,1224,1200
413 100 72,576,1224,1200
414 100 72,576,1224,1200
415 100 72,576,1224,1200
416 100 72,576,1224,1200
417 100 72,576,1224,1200
418 100 72,576,1224,1200
419 100 72,576,1224,1200
420 100 72,576,1224,1200
421 100 96,576,1224,1200
422 100 96,576,1224,1200
423 100 96,576,1224,1200
424 100 96,576,1224,1200
425 100 72,576,1224,1200
426 100 72,576,1224,1200
427 100 96,576,1224,1200
428 100 96,576,1224,1200
429 100 96,576,1224,1200
430 100 96,576,1224,1200
431 100 96,576,1224,1200
432 100 96,576,1224,1200
433 100 96,576,1224,1200
434 100 96,576,1224,1200
435 100 96,576,1224,1200
436 100 96,576,1224,1200
437 100 96,576,1224,1200
438 100 96,576,1224,1200
439 100 96,576,1224,1200
440 100 96,576,1224,1200
441 100 96,576,1224,1200
442 100 96,576,1224,1200
443 100 72,576,1224,1200
444 100 72,576,1224,1200
445 100 72,576,1224,1200
446 100 72,576,1224,1200
447 100 72,576,1224,1200
448 100 72,576,1224,1200
449 100 72,576,1224,1200
450 100 72,576,1224,1200
451 100 72,576,1224,1200
452 100 72,576,1224,1200
453 100 72,576,1224,1200
454 100 72,576,1224,1200
455 100 72,576,1224,1200
456 100 72,576,1224,1200
457 100 72,576,1224,1200
458 100 72,576,1224,1200
459 100 72,576,1224,1200
460 100 72,576,1224,1200
461 100 72,576,1224,1200
462 100 72,576,1224,1200
463 100 96,576,1224,1200
464 100 96,576,1224,1200
465 100 0,552,1224,1224
466 100 0,552,1224,1224
467 100 72,552,1224,1200
468 100 72,552,1224,1200
469 100 0,528,1224,1224
470 100 0,528,1224,1224
471 100 24,528,1224,1200
472 100 24,528,1224,1200
473 100 48,528,1224,1200
474 100 48,528,1224,1200
475 100 72,528,1224,1200
476 100 72,528,1224,1200
477 100 96,528,1224,1200
478 100 96,528,1224,1200
479 100 96,504,1224,1224
480 100 96,504,1224,1224
481 100 120,504,1224,1224
482 100 120,504,1224,1224
483 100 120,504,1224,1224
484 100 120,504,1224,1224
485 100 144,504,1224,1224
486 100 144,504,1224,1224
487 100 144,504,1224,1224
488 100 144,504,1224,1224
489 100 24,504,1224,1200
490 100 24,504,1224,1200
491 100 72,504,1224,1200
492 100 72,504,1224,1200
493 100 96,480,1224,1224
494 100 96,480,1224,1224
495 100 168,480,1224,1224
496 100 168,480,1224,1224
497 100 72,480,1224,1224
498 100 72,480,1224,1224
499 100 72,480,1224,1224
500 100 72,480,1224,1224
501 100 3384,480,1224,1200
502 100 3384,480,1224,1200
503 100 120,480,1224,1224
504 100 120,480,1224,1224
505 100 3384,480,1224,1200
506 100 3384,480,1224,1200
507 100 3408,480,1224,1200
508 100 3408,480,1224,1200
509 100 144,480,1224,1224
510 100 144,480,1224,1224
511 100 120,480,1224,1224
512 100 120,480,1224,1224
513 100 48,504,1224,1200
514 100 48,504,1224,1200
515 100 3456,504,1224,1200
516 100 3456,504,1224,1200
517 100 120,504,1224,1224
518 100 120,504,1224,1224
519 100 3384,504,1224,1200
520 100 3384,504,1224,1200
521 100 3432,504,1224,1200
522 100 3432,504,1224,1200
523 100 0,504,1224,1200
524 100 0,504,1224,1200
525 100 24,504,1224,1200
526 100 24,504,1224,1200
527 100 24,480,1224,1224
528 100 24,480,1224,1224
529 100 3504,504,1224,1200
530 100 3504,504,1224,1200
531 100 3456,504,1224,1200
532 100 3456,504,1224,1200
533 100 3504,504,1224,1200
534 100 3504,504,1224,1200
535 100 0,504,1224,1200
536 100 0,504,1224,1200
537 100 0,504,1224,1200
538 100 0,504,1224,1200
539 100 72,480,1224,1224
540 100 72,480,1224,1224
541 100 3432,480,1224,1200
542 100 3432,480,1224,1200
543 100 3432,480,1224,1200
544 100 3432,480,1224,1200
545 100 3408,480,1224,1200
546 100 3408,480,1224,1200
547 100 3528,480,1224,1200
548 100 3528,480,1224,1200
549 100 3576,456,1224,1200
550 100 3576,456,1224,1200
551 100 3432,408,1224,1200
552 100 3432,408,1224,1200
553 100 0,384,1224,1224
554 100 0,384,1224,1224
555 100 3600,384,1224,1224
556 100 3600,384,1224,1224
557 100 3552,432,1224,1200
558 100 3552,432,1224,1200
559 100 3600,432,1224,1224
560 100 3600,432,1224,1224
561 100 3600,456,1224,1224
562 100 3600,456,1224,1224
563 100 3504,480,1224,1200
564 100 3504,480,1224,1200
565 100 24,456,1224,1224
566 100 24,456,1224,1224
567 100 3576,456,1224,1224
568 100 3576,456,1224,1224
569 100 3528,480,1224,1200
570 100 3528,480,1224,1200
571 100 3480,456,1224,1200
572 100 3480,456,1224,1200
573 100 24,432,1224,1224
574 100 24,432,1224,1224
575 100 24,432,1224,1224
576 100 24,432,1224,1224
577 100 3504,456,1224,1200
578 100 3504,456,1224,1200
579 100 3408,456,1224,1200
580 100 3408,456,1224,1200
581 100 3456,456,1224,1200
582 100 3456,456,1224,1200
583 100 3408,456,1224,1200
584 100 3408,456,1224,1200
585 100 3432,456,1224,1200
586 100 3432,456,1224,1200
587 100 72,456,1224,1224
588 100 72,456,1224,1224
589 100 24,456,1224,1224
590 100 24,456,1224,1224
591 100 3600,456,1224,1224
592 100 3600,456,1224,1224
593 100 3600,456,1224,1224
594 100 3600,456,1224,1224
595 100 3552,480,1224,1200
596 100 3552,480,1224,1200
597 100 3504,480,1224,1200
598 100 3504,480,1224,1200
599 100 3504,480,1224,1200
600 100 3504,480,1224,1200
601 100 3504,480,1224,1200
602 100 3504,480,1224,1200
603 100 3504,480,1224,1200
604 100 3504,480,1224,1200
605 100 3504,480,1224,1200
606 100 3504,480,1224,1200
607 100 3480,480,1224,1200
608 100 3480,480,1224,1200
609 100 3456,480,1224,1200
610 100 3456,480,1224,1200
611 100 3456,480,1224,1200
612 100 3456,480,1224,1200
613 100 3456,480,1224,1200
614 100 3456,480,1224,1200
615 100 3456,480,1224,1200
616 100 3456,480,1224,1200
617 100 3432,480,1224,1200
618 100 3432,480,1224,1200
619 100 3408,480,1224,1200
620 100 3408,480,1224,1200
621 100 3408,480,1224,1200
622 100 3408,480,1224,1200
623 100 3408,480,1224,1200
624 100 3408,480,1224,1200
625 100 3408,480,1224,1200
626 100 3408,480,1224,1200
627 100 3408,480,1224,1200
628 100 3408,480,1224,1200
629 100 48,480,1224,1224
630 100 48,480,1224,1224
631 100 0,480,1224,1224
632 100 0,480,1224,1224
633 100 3528,504,1224,1200
634 100 3528,504,1224,1200
635 100 0,504,1224,1200
636 100 0,504,1224,1200
637 100 0,504,1224,1200
638 100 0,504,1224,1200
639 100 3432,504,1224,1200
640 100 3432,504,1224,1200
641 100 0,504,1224,1200
642 100 0,504,1224,1200
643 100 0,504,1224,1200
644 100 0,504,1224,1200
645 100 144,504,1224,1224
646 100 144,504,1224,1224
647 100 96,528,1224,1200
648 100 96,528,1224,1200
649 100 48,528,1224,1224
650 100 48,528,1224,1224
651 100 24,552,1224,1200
652 100 24,552,1224,1200
653 100 24,552,1224,1200
654 100 24,552,1224,1200
655 100 24,552,1224,1224
656 100 24,552,1224,1224
657 100 24,552,1224,1224
658 100 24,552,1224,1224
659 100 48,576,1224,1200
660 100 48,576,1224,1200
661 100 24,576,1224,1200
662 100 24,576,1224,1200
663 100 24,576,1224,1200
664 100 24,576,1224,1200
665 100 0,600,1224,1200
666 100 0,600,1224,1200
667 100 24,600,1224,1200
668 100 24,600,1224,1200
669 100 24,600,1224,1224
670 100 24,600,1224,1224
671 100 0,624,1224,1200
672 100 0,624,1224,1200
673 100 0,624,1224,1200
674 100 0,624,1224,1200
675 100 0,600,1224,1224
676 100 0,600,1224,1224
677 100 0,600,1224,1224
678 100 0,600,1224,1224
679 100 0,600,1224,1224
680 100 0,600,1224,1224
681 100 0,600,1224,1224
682 100 0,600,1224,1224
683 100 48,600,1224,1224
684 100 48,600,1224,1224
685 100 48,600,1224,1224
686 100 48,600,1224,1224
687 100 24,624,1224,1200
688 100 24,624,1224,1200
689 100 24,600,1224,1224
690 100 24,600,1224,1224
691 100 24,624,1224,1200
692 100 24,624,1224,1200
693 100 0,624,1224,1200
694 100 0,624,1224,1200
695 100 48,624,1224,1200
696 100 48,624,1224,1200
697 100 48,624,1224,1200
698 100 48,624,1224,1200
699 100 48,624,1224,1200
700 100 48,624,1224,1200
701 100 24,624,1224,1224
702 100 24,624,1224,1224
703 100 48,648,1224,1200
704 100 48,648,1224,1200
705 100 24,648,1224,1200
706 100 24,648,1224,1200
707 100 72,648,1224,1200
708 100 72,648,1224,1200
709 100 0,624,1224,1224
710 100 0,624,1224,1224
711 100 48,648,1224,1200
712 100 48,648,1224,1200
713 100 48,648,1224,1200
714 100 48,648,1224,1200
715 100 48,624,1224,1224
716 100 48,624,1224,1224
717 100 24,648,1224,1200
718 100 24,648,1224,1200
719 100 24,648,1224,1200
720 100 24,648,1224,1200
721 100 48,648,1224,1200
722 100 48,648,1224,1200
723 100 48,648,1224,1200
724 100 48,648,1224,1200
725 100 24,648,1224,1200
726 100 24,648,1224,1200
727 100 24,648,1224,1200
728 100 24,648,1224,1200
729 100 48,648,1224,1200
730 100 48,648,1224,1200
731 100 48,648,1224,1200
732 100 48,648,1224,1200
733 100 24,648,1224,1200
734 100 24,648,1224,1200
735 100 24,648,1224,1200
736 100 24,648,1224,1200
737 100 24,648,1224,1200
738 100 24,648,1224,1200
739 100 48,648,1224,1200
740 100 48,648,1224,1200
741 100 24,648,1224,1200
742 100 24,648,1224,1200
743 100 24,648,1224,1200
744 100 24,648,1224,1200
745 100 24,648,1224,1200
746 100 24,648,1224,1200
747 100 24,648,1224,1200
748 100 24,648,1224,1200
749 100 24,648,1224,1200
750 100 24,648,1224,1200
751 100 24,648,1224,1200
752 100 24,648,1224,1200
753 100 24,648,1224,1200
754 100 24,648,1224,1200
755 100 24,648,1224,1200
756 100 24,648,1224,1200
757 100 24,648,1224,1200
758 100 24,648,1224,1200
759 100 48,624,1224,1224
760 100 48,624,1224,1224
761 100 24,648,1224,1200
762 100 24,648,1224,1200
763 100 48,624,1224,1224
764 100 48,624,1224,1224
765 100 48,624,1224,1224
766 100 48,624,1224,1224
767 100 96,624,1224,1200
768 100 96,624,1224,1200
769 100 24,600,1224,1224
770 100 24,600,1224,1224
771 100 48,600,1224,1200
772 100 48,600,1224,1200
773 100 96,600,1224,1200
774 100 96,600,1224,1200
775 100 0,576,1224,1224
776 100 0,576,1224,1224
777 100 144,576,1224,1224
778 100 144,576,1224,1224
779 100 96,576,1224,1224
780 100 96,576,1224,1224
781 100 72,576,1224,1224
782 100 72,576,1224,1224
783 100 48,600,1224,1200
784 100 48,600,1224,1200
785 100 24,600,1224,1200
786 100 24,600,1224,1200
787 100 3384,600,1224,1200
788 100 3384,600,1224,1200
789 100 0,600,1224,1200
790 100 0,600,1224,1200
791 100 0,600,1224,1200
792 100 0,600,1224,1200
793 100 0,600,1224,1200
794 100 0,600,1224,1200
795 100 24,600,1224,1200
796 100 24,600,1224,1200
797 100 24,600,1224,1200
798 100 24,600,1224,1200
799 100 24,600,1224,1200
800 100 24,600,1224,1200
801 100 24,600,1224,1200
802 100 24,600,1224,1200
803 100 24,600,1224,1200
804 100 24,600,1224,1200
805 100 48,600,1224,1200
806 100 48,600,1224,1200
807 100 72,600,1224,1200
808 100 72,600,1224,1200
809 100 72,600,1224,1200
810 100 72,600,1224,1200
811 100 48,600,1224,1200
812 100 48,600,1224,1200
813 100 48,600,1224,1200
814 100 48,600,1224,1200
815 100 48,600,1224,1200
816 100 48,600,1224,1200
817 100 48,600,1224,1200
818 100 48,600,1224,1200
819 100 48,600,1224,1200
820 100 48,600,1224,1200
821 100 48,600,1224,1200
822 100 48,600,1224,1200
823 100 72,600,1224,1200
824 100 72,600,1224,1200
825 100 96,576,1224,1224
826 100 96,576,1224,1224
827 100 120,576,1224,1224
828 100 120,576,1224,1224
829 100 96,576,1224,1224
830 100 96,576,1224,1224
831 100 96,576,1224,1224
832 100 96,576,1224,1224
833 100 72,600,1224,1200
834 100 72,600,1224,1200
835 100 72,600,1224,1200
836 100 72,600,1224,1200
837 100 72,600,1224,1200
838 100 72,600,1224,1200
839 100 48,600,1224,1200
840 100 48,600,1224,1200
841 100 48,600,1224,1200
842 100 48,600,1224,1200
843 100 48,600,1224,1200
844 100 48,600,1224,1200
845 100 24,600,1224,1200
846 100 24,600,1224,1200
847 100 48,600,1224,1200
848 100 48,600,1224,1200
849 100 24,600,1224,1200
850 100 24,600,1224,1200
851 100 24,600,1224,1200
852 100 24,600,1224,1200
853 100 48,600,1224,1200
854 100 48,600,1224,1200
855 100 48,600,1224,1200
856 100 48,600,1224,1200
857 100 48,600,1224,1200
858 100 48,600,1224,1200
859 100 48,600,1224,1200
860 100 48,600,1224,1200
861 100 24,600,1224,1200
862 100 24,600,1224,1200
863 100 48,600,1224,1200
864 100 48,600,1224,1200
865 100 48,600,1224,1200
866 100 48,600,1224,1200
867 100 48,600,1224,1200
868 100 48,600,1224,1200
869 100 48,600,1224,1200
870 100 48,600,1224,1200
871 100 48,600,1224,1200
872 100 48,600,1224,1200
873 100 72,600,1224,1200
874 100 72,600,1224,1200
875 100 72,600,1224,1200
876 100 72,600,1224,1200
877 100 48,600,1224,1200
878 100 48,600,1224,1200
879 100 72,600,1224,1200
880 100 72,600,1224,1200
881 100 96,576,1224,1224
882 100 96,576,1224,1224
883 100 96,600,1224,1200
884 100 96,600,1224,1200
885 100 96,576,1224,1224
886 100 96,576,1224,1224
887 100 72,600,1224,1200
888 100 72,600,1224,1200
889 100 96,600,1224,1200
890 100 96,600,1224,1200
891 100 72,600,1224,1200
892 100 72,600,1224,1200
893 100 72,600,1224,1200
894 100 72,600,1224,1200
895 100 72,600,1224,1200
896 100 72,600,1224,1200
897 100 72,600,1224,1200
898 100 72,600,1224,1200
899 100 96,600,1224,1200
900 100 96,600,1224,1200
901 100 96,600,1224,1200
902 100 96,600,1224,1200
903 100 120,576,1224,1224
904 100 120,576,1224,1224
905 100 96,600,1224,1200
906 100 96,600,1224,1200
907 100 0,600,1224,1200
908 100 0,600,1224,1200
909 100 144,576,1224,1224
910 100 144,576,1224,1224
911 100 48,576,1224,1200
912 100 48,576,1224,1200
913 100 72,576,1224,1200
914 100 72,576,1224,1200
915 100 96,552,1224,1224
916 100 96,552,1224,1224
917 100 3408,552,1224,1200
918 100 3408,552,1224,1200
919 100 3408,552,1224,1200
920 100 3408,552,1224,1200
921 100 3408,552,1224,1200
922 100 3408,552,1224,1200
923 100 3408,552,1224,1200
924 100 3408,552,1224,1200
925 100 120,552,1224,1224
926 100 120,552,1224,1224
927 100 3456,552,1224,1200
928 100 3456,552,1224,1200
929 100 3432,552,1224,1200
930 100 3432,552,1224,1200
931 100 0,552,1224,1200
932 100 0,552,1224,1200
933 100 0,552,1224,1200
934 100 0,552,1224,1200
935 100 3408,552,1224,1200
936 100 3408,552,1224,1200
937 100 3432,552,1224,1200
938 100 3432,552,1224,1200
939 100 0,552,1224,1200
940 100 0,552,1224,1200
941 100 3456,552,1224,1200
942 100 3456,552,1224,1200
943 100 3456,552,1224,1200
944 100 3456,552,1224,1200
945 100 3432,552,1224,1200
946 100 3432,552,1224,1200
947 100 3480,552,1224,1200
948 100 3480,552,1224,1200
949 100 0,552,1224,1200
950 100 0,552,1224,1200
951 100 0,552,1224,1200
952 100 0,552,1224,1200
953 100 0,552,1224,1200
954 100 0,552,1224,1200
955 100 0,552,1224,1200
956 100 0,552,1224,1200
957 100 0,552,1224,1200
958 100 0,552,1224,1200
959 100 3456,552,1224,1200
960 100 3456,552,1224,1200
961 100 3456,552,1224,1200
962 100 3456,552,1224,1200
963 100 3456,552,1224,1200
964 100 3456,552,1224,1200
965 100 3456,552,1224,1200
966 100 3456,552,1224,1200
967 100 3456,552,1224,1200
968 100 3456,552,1224,1200
969 100 3408,552,1224,1200
970 100 3408,552,1224,1200
971 100 3456,552,1224,1200
972 100 3456,552,1224,1200
973 100 3456,552,1224,1200
974 100 3456,552,1224,1200
975 100 0,552,1224,1200
976 100 0,552,1224,1200
977 100 48,552,1224,1200
978 100 48,552,1224,1200
979 100 96,528,1224,1224
980 100 96,528,1224,1224
981 100 120,528,1224,1224
982 100 120,528,1224,1224
983 100 96,552,1224,1200
984 100 96,552,1224,1200
985 100 72,552,1224,1200
986 100 72,552,1224,1200
987 100 48,576,1224,1200
988 100 48,576,1224,1200
989 100 0,576,1224,1224
990 100 0,576,1224,1224
991 100 0,600,1224,1200
992 100 0,600,1224,1200
993 100 24,600,1224,1200
994 100 24,600,1224,1200
995 100 24,600,1224,1200
996 100 24,600,1224,1200
997 100 0,600,1224,1200
998 100 0,600,1224,1200
999 100 48,600,1224,1200
1000 100 48,600,1224,1200
1001 100 24,600,1224,1200
1002 100 24,600,1224,1200
1003 100 24,600,1224,1200
1004 100 24,600,1224,1200
1005 100 0,600,1224,1224
1006 100 0,600,1224,1224
1007 100 48,600,1224,1224
1008 100 48,600,1224,1224
1009 100 48,624,1224,1200
1010 100 48,624,1224,1200
1011 100 24,624,1224,1200
1012 100 24,624,1224,1200
1013 100 24,624,1224,1200
1014 100 24,624,1224,1200
1015 100 48,624,1224,1200
1016 100 48,624,1224,1200
1017 100 0,600,1224,1224
1018 100 0,600,1224,1224
1019 100 0,600,1224,1224
1020 100 0,600,1224,1224
1021 100 0,600,1224,1224
1022 100 0,600,1224,1224
1023 100 0,600,1224,1224
1024 100 0,600,1224,1224
1025 100 0,600,1224,1224
1026 100 0,600,1224,1224
1027 100 0,600,1224,1224
1028 100 0,600,1224,1224
1029 100 0,600,1224,1224
1030 100 0,600,1224,1224
1031 100 0,600,1224,1224
1032 100 0,600,1224,1224
1033 100 0,600,1224,1224
1034 100 0,600,1224,1224
1035 100 0,600,1224,1224
1036 100 0,600,1224,1224
1037 100 0,600,1224,1224
1038 100 0,600,1224,1224
1039 100 0,600,1224,1224
1040 100 0,600,1224,1224
1041 100 0,624,1224,1200
1042 100 0,624,1224,1200
1043 100 0,600,1224,1224
1044 100 0,600,1224,1224
1045 100 0,600,1224,1224
1046 100 0,600,1224,1224
1047 100 0,624,1224,1200
1048 100 0,624,1224,1200
1049 100 0,600,1224,1224
1050 100 0,600,1224,1224
1051 100 0,600,1224,1224
1052 100 0,600,1224,1224
1053 100 0,600,1224,1224
1054 100 0,600,1224,1224
1055 100 0,600,1224,1224
1056 100 0,600,1224,1224
1057 100 0,600,1224,1224
1058 100 0,600,1224,1224
1059 100 0,600,1224,1224
1060 100 0,600,1224,1224
1061 100 0,624,1224,1200
1062 100 0,624,1224,1200
1063 100 0,624,1224,1200
1064 100 0,624,1224,1200
1065 100 0,624,1224,1200
1066 100 0,624,1224,1200
1067 100 0,624,1224,1200
1068 100 0,624,1224,1200
1069 100 0,624,1224,1200
1070 100 0,624,1224,1200
1071 100 48,624,1224,1200
1072 100 48,624,1224,1200
1073 100 48,624,1224,1200
1074 100 48,624,1224,1200
1075 100 48,624,1224,1200
1076 100 48,624,1224,1200
1077 100 24,624,1224,1200
1078 100 24,624,1224,1200
1079 100 24,624,1224,1200
1080 100 24,624,1224,1200
1081 100 24,624,1224,1200
1082 100 24,624,1224,1200
1083 100 24,624,1224,1200
1084 100 24,624,1224,1200
1085 100 24,624,1224,1200
1086 100 24,624,1224,1200
1087 100 24,624,1224,1200
1088 100 24,624,1224,1200
1089 100 24,624,1224,1200
1090 100 24,624,1224,1200
1091 100 24,624,1224,1200
1092 100 24,624,1224,1200
1093 100 24,624,1224,1200
1094 100 24,624,1224,1200
1095 100 24,624,1224,1200
1096 100 24,624,1224,1200
1097 100 24,624,1224,1200
1098 100 24,624,1224,1200
1099 100 24,600,1224,1224
1100 100 24,600,1224,1224
1101 100 48,600,1224,1224
1102 100 48,600,1224,1224
1103 100 48,600,1224,1224
1104 100 48,600,1224,1224
1105 100 24,600,1224,1224
1106 100 24,600,1224,1224
1107 100 24,600,1224,1224
1108 100 24,600,1224,1224
1109 100 0,624,1224,1200
1110 100 0,624,1224,1200
1111 100 48,624,1224,1200
1112 100 48,624,1224,1200
1113 100 0,624,1224,1200
1114 100 0,624,1224,1200
1115 100 48,624,1224,1224
1116 100 48,624,1224,1224
1117 100 0,648,1224,1200
1118 100 0,648,1224,1200
1119 100 48,648,1224,1200
1120 100 48,648,1224,1200
1121 100 24,648,1224,1200
1122 100 24,648,1224,1200
1123 100 0,648,1224,1224
1124 100 0,648,1224,1224
1125 100 144,648,1224,1224
1126 100 144,648,1224,1224
1127 100 96,648,1224,1224
1128 100 96,648,1224,1224
1129 100 72,648,1224,1224
1130 100 72,648,1224,1224
1131 100 72,648,1224,1224
1132 100 72,648,1224,1224
1133 100 72,648,1224,1224
1134 100 72,648,1224,1224
1135 100 3360,648,1224,1200
1136 100 3360,648,1224,1200
1137 100 3408,648,1224,1200
1138 100 3408,648,1224,1200
1139 100 3408,648,1224,1200
1140 100 3408,648,1224,1200
1141 100 3408,648,1224,1200
1142 100 3408,648,1224,1200
1143 100 3360,648,1224,1200
1144 100 3360,648,1224,1200
1145 100 120,648,1224,1224
1146 100 120,648,1224,1224
1147 100 72,648,1224,1224
1148 100 72,648,1224,1224
1149 100 3360,648,1224,1200
1150 100 3360,648,1224,1200
1151 100 3432,648,1224,1200
1152 100 3432,648,1224,1200
1153 100 3432,648,1224,1200
1154 100 3432,648,1224,1200
1155 100 3456,648,1224,1200
1156 100 3456,648,1224,1200
1157 100 3432,648,1224,1200
1158 100 3432,648,1224,1200
1159 100 3408,648,1224,1200
1160 100 3408,648,1224,1200
1161 100 3408,648,1224,1200
1162 100 3408,648,1224,1200
1163 100 72,648,1224,1224
1164 100 72,648,1224,1224
1165 100 3600,648,1224,1224
1166 100 3600,648,1224,1224
1167 100 3600,648,1224,1224
1168 100 3600,648,1224,1224
1169 100 3576,648,1224,1224
1170 100 3576,648,1224,1224
1171 100 3600,648,1224,1224
1172 100 3600,648,1224,1224
1173 100 0,648,1224,1224
1174 100 0,648,1224,1224
1175 100 0,648,1224,1224
1176 100 0,648,1224,1224
1177 100 24,648,1224,1224
1178 100 24,648,1224,1224
1179 100 24,648,1224,1224
1180 100 24,648,1224,1224
1181 100 3360,648,1224,1200
1182 100 3360,648,1224,1200
1183 100 48,648,1224,1224
1184 100 48,648,1224,1224
1185 100 48,648,1224,1224
1186 100 48,648,1224,1224
1187 100 24,648,1224,1224
1188 100 24,648,1224,1224
1189 100 0,648,1224,1224
1190 100 0,648,1224,1224
1191 100 3576,648,1224,1224
1192 100 3576,648,1224,1224
1193 100 3552,648,1224,1224
1194 100 3552,648,1224,1224
1195 100 3528,672,1224,1200
1196 100 3528,672,1224,1200
1197 100 3504,672,1224,1200
1198 100 3504,672,1224,1200
1199 100 3456,672,1224,1200
1200 100 3456,672,1224,1200
1201 100 3456,672,1224,1200
1202 100 3456,672,1224,1200
1203 100 3456,672,1224,1200
1204 100 3456,672,1224,1200
1205 100 3432,672,1224,1200
1206 100 3432,672,1224,1200
1207 100 3384,672,1224,1200
1208 100 3384,672,1224,1200
1209 100 24,672,1224,1224
1210 100 24,672,1224,1224
1211 100 0,672,1224,1224
1212 100 0,672,1224,1224
1213 100 24,672,1224,1224
1214 100 24,672,1224,1224
1215 100 3336,672,1224,1200
1216 100 3336,672,1224,1200
1217 100 3336,672,1224,1200
1218 100 3336,672,1224,1200
1219 100 24,672,1224,1224
1220 100 24,672,1224,1224
1221 100 3360,672,1224,1200
1222 100 3360,672,1224,1200
1223 100 3672,672,1224,1224
1224 100 3672,672,1224,1224
1225 100 3672,672,1224,1224
1226 100 3672,672,1224,1224
1227 100 3672,672,1224,1224
1228 100 3672,672,1224,1224
1229 100 3360,672,1224,1200
1230 100 3360,672,1224,1200
1231 100 3408,672,1224,1200
1232 100 3408,672,1224,1200
1233 100 3408,672,1224,1200
1234 100 3408,672,1224,1200
1235 100 3408,672,1224,1200
1236 100 3408,672,1224,1200
1237 100 3408,672,1224,1200
1238 100 3408,672,1224,1200
1239 100 3384,672,1224,1200
1240 100 3384,672,1224,1200
1241 100 3384,672,1224,1200
1242 100 3384,672,1224,1200
1243 100 3384,672,1224,1200
1244 100 3384,672,1224,1200
1245 100 3336,672,1224,1200
1246 100 3336,672,1224,1200
1247 100 3744,672,1224,1224
1248 100 3744,672,1224,1224
1249 100 3648,672,1224,1224
1250 100 3648,672,1224,1224
1251 100 3576,672,1224,1224
1252 100 3576,672,1224,1224
1253 100 3528,696,1224,1200
1254 100 3528,696,1224,1200
1255 100 3576,672,1224,1224
1256 100 3576,672,1224,1224
1257 100 3336,672,1224,1224
1258 100 3336,672,1224,1224
1259 100 3336,672,1224,1200
1260 100 3336,672,1224,1200
1261 100 3336,672,1224,1224
1262 100 3336,672,1224,1224
1263 100 3240,672,1224,1200
1264 100 3240,672,1224,1200
1265 100 3360,648,1224,1224
1266 100 3360,648,1224,1224
1267 100 3384,624,1224,1200
1268 100 3384,624,1224,1200
1269 100 3288,576,1224,1200
1270 100 3288,576,1224,1200
1271 100 3264,552,1224,1200
1272 100 3264,552,1224,1200
1273 100 3240,552,1224,1200
1274 100 3240,552,1224,1200
1275 100 3312,576,1224,1200
1276 100 3312,576,1224,1200
1277 100 3336,576,1224,1224
1278 100 3336,576,1224,1224
1279 100 3336,576,1224,1224
1280 100 3336,576,1224,1224
1281 100 3264,600,1224,1200
1282 100 3264,600,1224,1200
1283 100 3432,600,1224,1200
1284 100 3432,600,1224,1200
1285 100 3408,600,1224,1200
1286 100 3408,600,1224,1200
1287 100 3408,600,1224,1200
1288 100 3408,600,1224,1200
1289 100 3336,600,1224,1224
1290 100 3336,600,1224,1224
1291 100 3288,624,1224,1200
1292 100 3288,624,1224,1200
1293 100 3264,624,1224,1200
1294 100 3264,624,1224,1200
1295 100 3240,624,1224,1200
1296 100 3240,624,1224,1200
1297 100 3264,624,1224,1200
1298 100 3264,624,1224,1200
1299 100 3408,624,1224,1200
1300 100 3408,624,1224,1200
1301 100 3360,624,1224,1200
1302 100 3360,624,1224,1200
1303 100 3336,624,1224,1224
1304 100 3336,624,1224,1224
1305 100 3312,624,1224,1224
1306 100 3312,624,1224,1224
1307 100 3312,624,1224,1224
1308 100 3312,624,1224,1224
1309 100 3288,648,1224,1200
1310 100 3288,648,1224,1200
1311 100 3240,648,1224,1200
1312 100 3240,648,1224,1200
1313 100 3408,648,1224,1200
1314 100 3408,648,1224,1200
1315 100 3384,648,1224,1200
1316 100 3384,648,1224,1200
1317 100 3336,648,1224,1224
1318 100 3336,648,1224,1224
1319 100 3360,648,1224,1200
1320 100 3360,648,1224,1200
1321 100 3384,648,1224,1200
1322 100 3384,648,1224,1200
1323 100 3384,648,1224,1200
1324 100 3384,648,1224,1200
1325 100 3360,648,1224,1200
1326 100 3360,648,1224,1200
1327 100 3408,648,1224,1200
1328 100 3408,648,1224,1200
1329 100 3408,648,1224,1200
1330 100 3408,648,1224,1200
1331 100 3384,648,1224,1200
1332 100 3384,648,1224,1200
1333 100 3360,648,1224,1224
1334 100 3360,648,1224,1224
1335 100 3624,648,1224,1224
1336 100 3624,648,1224,1224
1337 100 3576,648,1224,1224
1338 100 3576,648,1224,1224
1339 100 3336,648,1224,1224
1340 100 3336,648,1224,1224
1341 100 3360,648,1224,1200
1342 100 3360,648,1224,1200
1343 100 3336,648,1224,1224
1344 100 3336,648,1224,1224
1345 100 3336,648,1224,1224
1346 100 3336,648,1224,1224
1347 100 3336,648,1224,1224
1348 100 3336,648,1224,1224
1349 100 3336,648,1224,1224
1350 100 3336,648,1224,1224
1351 100 3312,648,1224,1224
1352 100 3312,648,1224,1224
1353 100 3336,648,1224,1224
1354 100 3336,648,1224,1224
1355 100 3360,648,1224,1200
1356 100 3360,648,1224,1200
1357 100 3456,648,1224,1200
1358 100 3456,648,1224,1200
1359 100 3552,648,1224,1200
1360 100 3552,648,1224,1200
1361 100 3384,624,1224,1200
1362 100 3384,624,1224,1200
1363 100 3504,624,1224,1200
1364 100 3504,624,1224,1200
1365 100 3456,624,1224,1200
1366 100 3456,624,1224,1200
1367 100 3528,648,1224,1200
1368 100 3528,648,1224,1200
1369 100 3312,648,1224,1224
1370 100 3312,648,1224,1224
1371 100 3528,672,1224,1200
1372 100 3528,672,1224,1200
1373 100 3480,672,1224,1200
1374 100 3480,672,1224,1200
1375 100 3504,672,1224,1200
1376 100 3504,672,1224,1200
1377 100 3456,672,1224,1200
1378 100 3456,672,1224,1200
1379 100 3456,672,1224,1200
1380 100 3456,672,1224,1200
1381 100 3480,672,1224,1200
1382 100 3480,672,1224,1200
1383 100 3456,672,1224,1200
1384 100 3456,672,1224,1200
1385 100 3480,672,1224,1200
1386 100 3480,672,1224,1200
1387 100 3264,672,1224,1200
1388 100 3264,672,1224,1200
1389 100 3312,648,1224,1224
1390 100 3312,648,1224,1224
1391 100 3312,648,1224,1224
1392 100 3312,648,1224,1224
1393 100 3288,672,1224,1200
1394 100 3288,672,1224,1200
1395 100 3264,672,1224,1200
1396 100 3264,672,1224,1200
1397 100 3360,648,1224,1224
1398 100 3360,648,1224,1224
1399 100 3240,648,1224,1200
1400 100 3240,648,1224,1200
1401 100 3216,624,1224,1200
1402 100 3216,624,1224,1200
1403 100 3336,600,1224,1224
1404 100 3336,600,1224,1224
1405 100 3216,600,1224,1200
1406 100 3216,600,1224,1200
1407 100 3264,600,1224,1200
1408 100 3264,600,1224,1200
1409 100 3288,600,1224,1200
1410 100 3288,600,1224,1200
1411 100 3240,600,1224,1200
1412 100 3240,600,1224,1200
1413 100 3264,600,1224,1200
1414 100 3264,600,1224,1200
1415 100 3360,576,1224,1224
1416 100 3360,576,1224,1224
1417 100 3192,576,1224,1200
1418 100 3192,576,1224,1200
1419 100 3216,576,1224,1200
1420 100 3216,576,1224,1200
1421 100 3312,552,1224,1224
1422 100 3312,552,1224,1224
1423 100 3192,552,1224,1200
1424 100 3192,552,1224,1200
1425 100 3288,576,1224,1200
1426 100 3288,576,1224,1200
1427 100 3216,576,1224,1200
1428 100 3216,576,1224,1200
1429 100 3312,576,1224,1200
1430 100 3312,576,1224,1200
1431 100 3192,552,1224,1224
1432 100 3192,552,1224,1224
1433 100 3240,552,1224,1200
1434 100 3240,552,1224,1200
1435 100 3336,528,1224,1224
1436 100 3336,528,1224,1224
1437 100 3240,528,1224,1200
1438 100 3240,528,1224,1200
1439 100 3192,504,1224,1224
1440 100 3192,504,1224,1224
1441 100 3288,504,1224,1200
1442 100 3288,504,1224,1200
1443 100 3336,480,1224,1224
1444 100 3336,480,1224,1224
1445 100 3240,480,1224,1200
1446 100 3240,480,1224,1200
1447 100 3264,480,1224,1200
1448 100 3264,480,1224,1200
1449 100 3264,480,1224,1200
1450 100 3264,480,1224,1200
1451 100 3216,480,1224,1224
1452 100 3216,480,1224,1224
1453 100 3312,504,1224,1200
1454 100 3312,504,1224,1200
1455 100 3264,504,1224,1200
1456 100 3264,504,1224,1200
1457 100 3264,504,1224,1200
1458 100 3264,504,1224,1200
1459 100 3264,504,1224,1200
1460 100 3264,504,1224,1200
1461 100 3264,504,1224,1200
1462 100 3264,504,1224,1200
1463 100 3288,504,1224,1200
1464 100 3288,504,1224,1200
1465 100 3288,504,1224,1200
1466 100 3288,504,1224,1200
1467 100 3240,504,1224,1200
1468 100 3240,504,1224,1200
1469 100 3240,504,1224,1200
1470 100 3240,504,1224,1200
1471 100 3192,504,1224,1200
1472 100 3192,504,1224,1200
1473 100 3192,504,1224,1224
1474 100 3192,504,1224,1224
1475 100 3288,528,1224,1200
1476 100 3288,528,1224,1200
1477 100 3240,528,1224,1200
1478 100 3240,528,1224,1200
1479 100 3264,528,1224,1200
1480 100 3264,528,1224,1200
1481 100 3264,528,1224,1200
1482 100 3264,528,1224,1200
1483 100 3312,528,1224,1200
1484 100 3312,528,1224,1200
1485 100 3336,504,1224,1224
1486 100 3336,504,1224,1224
1487 100 3360,504,1224,1224
1488 100 3360,504,1224,1224
1489 100 3216,504,1224,1200
1490 100 3216,504,1224,1200
1491 100 3312,504,1224,1200
1492 100 3312,504,1224,1200
1493 100 3240,480,1224,1200
1494 100 3240,480,1224,1200
1495 100 3312,480,1224,1200
1496 100 3312,480,1224,1200
1497 100 3240,456,1224,1200
1498 100 3240,456,1224,1200
1499 100 3408,432,1224,1200
1500 100 3408,432,1224,1200
1501 100 3264,408,1224,1200
1502 100 3264,408,1224,1200
1503 100 3264,384,1224,1200
1504 100 3264,384,1224,1200
1505 100 3408,384,1224,1200
1506 100 3408,384,1224,1200
1507 100 3264,408,1224,1200
1508 100 3264,408,1224,1200
1509 100 3360,408,1224,1224
1510 100 3360,408,1224,1224
1511 100 3264,432,1224,1200
1512 100 3264,432,1224,1200
1513 100 3408,432,1224,1200
1514 100 3408,432,1224,1200
1515 100 3360,432,1224,1224
1516 100 3360,432,1224,1224
1517 100 3360,432,1224,1224
1518 100 3360,432,1224,1224
1519 100 3336,432,1224,1224
1520 100 3312,456,1224,1200
