0 100 384,504,1224,1224
1 100 1560,504,1224,1200
2 100 1560,504,1224,1200
3 100 1584,504,1224,1224
4 100 1584,504,1224,1224
5 100 1584,528,1224,1200
6 100 1584,528,1224,1200
7 100 1560,552,1224,1224
8 100 1560,552,1224,1224
9 100 1536,600,1224,1200
10 100 1536,600,1224,1200
11 100 1536,576,1224,1200
12 100 1536,576,1224,1200
13 100 1560,552,1224,1224
14 100 1560,552,1224,1224
15 100 1560,552,1224,1200
16 100 1560,552,1224,1200
17 100 1560,552,1224,1200
18 100 1560,552,1224,1200
19 100 1560,552,1224,1200
20 100 1560,552,1224,1200
21 100 1560,552,1224,1200
22 100 1560,552,1224,1200
23 100 1536,552,1224,1200
24 100 1536,552,1224,1200
25 100 1536,528,1224,1224
26 100 1536,528,1224,1224
27 100 1536,552,1224,1200
28 100 1536,552,1224,1200
29 100 1536,552,1224,1200
30 100 1536,552,1224,1200
31 100 1536,552,1224,1200
32 100 1536,552,1224,1200
33 100 1536,552,1224,1200
34 100 1536,552,1224,1200
35 100 1536,552,1224,1200
36 100 1536,552,1224,1200
37 100 1512,576,1224,1200
38 100 1512,576,1224,1200
39 100 1512,576,1224,1224
40 100 1512,576,1224,1224
41 100 1512,600,1224,1200
42 100 1512,600,1224,1200
43 100 1512,600,1224,1200
44 100 1512,600,1224,1200
45 100 1488,600,1224,1200
46 100 1488,600,1224,1200
47 100 1488,600,1224,1200
48 100 1488,600,1224,1200
49 100 1488,600,1224,1200
50 100 1488,600,1224,1200
51 100 1464,624,1224,1200
52 100 1464,624,1224,1200
53 100 1464,624,1224,1224
54 100 1464,624,1224,1224
55 100 1464,624,1224,1224
56 100 1464,624,1224,1224
57 100 1464,624,1224,1200
58 100 1464,624,1224,1200
59 100 1440,600,1224,1224
60 100 1440,600,1224,1224
61 100 1440,600,1224,1224
62 100 1440,600,1224,1224
63 100 1440,600,1224,1200
64 100 1440,600,1224,1200
65 100 1440,600,1224,1200
66 100 1440,600,1224,1200
67 100 1440,600,1224,1200
68 100 1440,600,1224,1200
69 100 1416,576,1224,1200
70 100 1416,576,1224,1200
71 100 1392,576,1224,1200
72 100 1392,576,1224,1200
73 100 1392,576,1224,1200
74 100 1392,576,1224,1200
75 100 1368,552,1224,1200
76 100 1368,552,1224,1200
77 100 1368,528,1224,1200
78 100 1368,528,1224,1200
79 100 1368,504,1224,1200
80 100 1368,504,1224,1200
81 100 1344,480,1224,1224
82 100 1344,480,1224,1224
83 100 1344,480,1224,1224
84 100 1344,480,1224,1224
85 100 1344,480,1224,1200
86 100 1344,480,1224,1200
87 100 1344,504,1224,1200
88 100 1344,504,1224,1200
89 100 1344,504,1224,1200
90 100 1344,504,1224,1200
91 100 1344,528,1224,1200
92 100 1344,528,1224,1200
93 100 1344,528,1224,1200
94 100 1344,528,1224,1200
95 100 1344,504,1224,1224
96 100 1344,504,1224,1224
97 100 1320,504,1224,1200
98 100 1320,504,1224,1200
99 100 1320,504,1224,1200
100 100 1320,504,1224,1200
101 100 1320,504,1224,1200
102 100 1320,504,1224,1200
103 100 1320,504,1224,1200
104 100 1320,504,1224,1200
105 100 1320,480,1224,1224
106 100 1320,480,1224,1224
107 100 1320,504,1224,1200
108 100 1320,504,1224,1200
109 100 1320,504,1224,1200
110 100 1320,504,1224,1200
111 100 1320,504,1224,1200
112 100 1320,504,1224,1200
113 100 1320,504,1224,1200
114 100 1320,504,1224,1200
115 100 1320,504,1224,1200
116 100 1320,504,1224,1200
117 100 1320,504,1224,1200
118 100 1320,504,1224,1200
119 100 1320,504,1224,1200
120 100 1320,504,1224,1200
121 100 1320,504,1224,1200
122 100 1320,504,1224,1200
123 100 1320,504,1224,1200
124 100 1320,504,1224,1200
125 100 1320,504,1224,1200
126 100 1320,504,1224,1200
127 100 1320,504,1224,1200
128 100 1320,504,1224,1200
129 100 1320,504,1224,1200
130 100 1320,504,1224,1200
131 100 1320,504,1224,1200
132 100 1320,504,1224,1200
133 100 1344,504,1224,1200
134 100 1344,504,1224,1200
135 100 1344,504,1224,1200
136 100 1344,504,1224,1200
137 100 1344,504,1224,1200
138 100 1344,504,1224,1200
139 100 1344,504,1224,1200
140 100 1344,504,1224,1200
141 100 1344,504,1224,1200
142 100 1344,504,1224,1200
143 100 1344,504,1224,1200
144 100 1344,504,1224,1200
145 100 1344,504,1224,1200
146 100 1344,504,1224,1200
147 100 1344,480,1224,1224
148 100 1344,480,1224,1224
149 100 1344,480,1224,1224
150 100 1344,480,1224,1224
151 100 1344,480,1224,1224
152 100 1344,480,1224,1224
153 100 1344,480,1224,1224
154 100 1344,480,1224,1224
155 100 1344,480,1224,1224
156 100 1344,480,1224,1224
157 100 1344,480,1224,1224
158 100 1344,480,1224,1224
159 100 1344,480,1224,1224
160 100 1344,480,1224,1224
161 100 1344,480,1224,1224
162 100 1344,480,1224,1224
163 100 1344,480,1224,1224
164 100 1344,480,1224,1224
165 100 1320,480,1224,1224
166 100 1320,480,1224,1224
167 100 1320,480,1224,1224
168 100 1320,480,1224,1224
169 100 1320,480,1224,1224
170 100 1320,480,1224,1224
171 100 1344,480,1224,1224
172 100 1344,480,1224,1224
173 100 1344,480,1224,1224
174 100 1344,480,1224,1224
175 100 1344,480,1224,1224
176 100 1344,480,1224,1224
177 100 1320,504,1224,1200
178 100 1320,504,1224,1200
179 100 1320,504,1224,1200
180 100 1320,504,1224,1200
181 100 1320,504,1224,1200
182 100 1320,504,1224,1200
183 100 1320,504,1224,1200
184 100 1320,504,1224,1200
185 100 1320,480,1224,1224
186 100 1320,480,1224,1224
187 100 1320,480,1224,1224
188 100 1320,480,1224,1224
189 100 1320,480,1224,1224
190 100 1320,480,1224,1224
191 100 1320,480,1224,1224
192 100 1320,480,1224,1224
193 100 1320,480,1224,1224
194 100 1320,480,1224,1224
195 100 1320,480,1224,1224
196 100 1320,480,1224,1224
197 100 1320,480,1224,1224
198 100 1320,480,1224,1224
199 100 1320,480,1224,1224
200 100 1320,480,1224,1224
201 100 1320,480,1224,1224
202 100 1320,480,1224,1224
203 100 1320,480,1224,1224
204 100 1320,480,1224,1224
205 100 1320,480,1224,1200
206 100 1320,480,1224,1200
207 100 1320,480,1224,1200
208 100 1320,480,1224,1200
209 100 1320,480,1224,1224
210 100 1320,480,1224,1224
211 100 1320,480,1224,1224
212 100 1320,480,1224,1224
213 100 1320,480,1224,1200
214 100 1320,480,1224,1200
215 100 1320,480,1224,1200
216 100 1320,480,1224,1200
217 100 1320,480,1224,1200
218 100 1320,480,1224,1200
219 100 1320,480,1224,1200
220 100 1320,480,1224,1200
221 100 1320,480,1224,1200
222 100 1320,480,1224,1200
223 100 1320,480,1224,1200
224 100 1320,480,1224,1200
225 100 1320,480,1224,1224
226 100 1320,480,1224,1224
227 100 1320,480,1224,1200
228 100 1320,480,1224,1200
229 100 1320,480,1224,1200
230 100 1320,480,1224,1200
231 100 1320,480,1224,1200
232 100 1320,480,1224,1200
233 100 1320,480,1224,1200
234 100 1320,480,1224,1200
235 100 1320,480,1224,1200
236 100 1320,480,1224,1200
237 100 1320,480,1224,1200
238 100 1320,480,1224,1200
239 100 1320,480,1224,1200
240 100 1320,480,1224,1200
241 100 1320,480,1224,1200
242 100 1320,480,1224,1200
243 100 1320,480,1224,1200
244 100 1320,480,1224,1200
245 100 1320,480,1224,1200
246 100 1320,480,1224,1200
247 100 1320,480,1224,1200
248 100 1320,480,1224,1200
249 100 1320,480,1224,1200
250 100 1320,480,1224,1200
251 100 1320,480,1224,1200
252 100 1320,480,1224,1200
253 100 1320,480,1224,1200
254 100 1320,480,1224,1200
255 100 1320,480,1224,1200
256 100 1320,480,1224,1200
257 100 1320,480,1224,1200
258 100 1320,480,1224,1200
259 100 1320,480,1224,1200
260 100 1320,480,1224,1200
261 100 1320,480,1224,1200
262 100 1320,480,1224,1200
263 100 1320,480,1224,1200
264 100 1320,480,1224,1200
265 100 1320,480,1224,1200
266 100 1320,480,1224,1200
267 100 1320,480,1224,1200
268 100 1320,480,1224,1200
269 100 1320,480,1224,1200
270 100 1320,480,1224,1200
271 100 1320,480,1224,1200
272 100 1320,480,1224,1200
273 100 1320,480,1224,1200
274 100 1320,480,1224,1200
275 100 1320,480,1224,1200
276 100 1320,480,1224,1200
277 100 1320,480,1224,1224
278 100 1320,480,1224,1224
279 100 1320,480,1224,1224
280 100 1320,480,1224,1224
281 100 1320,480,1224,1224
282 100 1320,480,1224,1224
283 100 1320,480,1224,1224
284 100 1320,480,1224,1224
285 100 1320,480,1224,1224
286 100 1320,480,1224,1224
287 100 1320,480,1224,1224
288 100 1320,480,1224,1224
289 100 1296,480,1224,1224
290 100 1296,480,1224,1224
291 100 1296,504,1224,1200
292 100 1296,504,1224,1200
293 100 1296,504,1224,1200
294 100 1296,504,1224,1200
295 100 1296,504,1224,1200
296 100 1296,504,1224,1200
297 100 1296,504,1224,1200
298 100 1296,504,1224,1200
299 100 1296,504,1224,1200
300 100 1296,504,1224,1200
301 100 1296,504,1224,1200
302 100 1296,504,1224,1200
303 100 1296,504,1224,1200
304 100 1296,504,1224,1200
305 100 1296,504,1224,1200
306 100 1296,504,1224,1200
307 100 1296,504,1224,1200
308 100 1296,504,1224,1200
309 100 1296,504,1224,1200
310 100 1296,504,1224,1200
311 100 1296,504,1224,1200
312 100 1296,504,1224,1200
313 100 1296,504,1224,1224
314 100 1296,504,1224,1224
315 100 1272,528,1224,1200
316 100 1272,528,1224,1200
317 100 1272,528,1224,1200
318 100 1272,528,1224,1200
319 100 1272,528,1224,1200
320 100 1272,528,1224,1200
321 100 1248,528,1224,1224
322 100 1248,528,1224,1224
323 100 1224,552,1224,1224
324 100 1224,552,1224,1224
325 100 1200,576,1224,1200
326 100 1200,576,1224,1200
327 100 1200,576,1224,1200
328 100 1200,576,1224,1200
329 100 1176,576,1224,1200
330 100 1176,576,1224,1200
331 100 1200,576,1224,1200
332 100 1200,576,1224,1200
333 100 1200,576,1224,1224
334 100 1200,576,1224,1224
335 100 1200,576,1224,1224
336 100 1200,576,1224,1224
337 100 1200,576,1224,1224
338 100 1200,576,1224,1224
339 100 1200,576,1224,1224
340 100 1200,576,1224,1224
341 100 1200,576,1224,1224
342 100 1200,576,1224,1224
343 100 1200,576,1224,1224
344 100 1200,576,1224,1224
345 100 1200,576,1224,1200
346 100 1200,576,1224,1200
347 100 1200,576,1224,1224
348 100 1200,576,1224,1224
349 100 1200,600,1224,1200
350 100 1200,600,1224,1200
351 100 1200,600,1224,1200
352 100 1200,600,1224,1200
353 100 1176,624,1224,1200
354 100 1176,624,1224,1200
355 100 1176,624,1224,1200
356 100 1176,624,1224,1200
357 100 1176,624,1224,1200
358 100 1176,624,1224,1200
359 100 1176,624,1224,1200
360 100 1176,624,1224,1200
361 100 1176,624,1224,1224
362 100 1176,624,1224,1224
363 100 1152,648,1224,1200
364 100 1152,648,1224,1200
365 100 1152,624,1224,1224
366 100 1152,624,1224,1224
367 100 1152,624,1224,1224
368 100 1152,624,1224,1224
369 100 1176,624,1224,1224
370 100 1176,624,1224,1224
371 100 1176,624,1224,1224
372 100 1176,624,1224,1224
373 100 1176,648,1224,1200
374 100 1176,648,1224,1200
375 100 1176,624,1224,1224
376 100 1176,624,1224,1224
377 100 1200,624,1224,1200
378 100 1200,624,1224,1200
379 100 1200,624,1224,1200
380 100 1200,624,1224,1200
381 100 1200,600,1224,1224
382 100 1200,600,1224,1224
383 100 1200,600,1224,1224
384 100 1200,600,1224,1224
385 100 1224,600,1224,1200
386 100 1224,600,1224,1200
387 100 1224,600,1224,1200
388 100 1224,600,1224,1200
389 100 1224,576,1224,1224
390 100 1224,576,1224,1224
391 100 1224,576,1224,1200
392 100 1224,576,1224,1200
393 100 1224,552,1224,1200
394 100 1224,552,1224,1200
395 100 1224,528,1224,1200
396 100 1224,528,1224,1200
397 100 1224,528,1224,1200
398 100 1224,528,1224,1200
399 100 1200,504,1224,1224
400 100 1200,504,1224,1224
401 100 1200,504,1224,1224
402 100 1200,504,1224,1224
403 100 1200,504,1224,1224
404 100 1200,504,1224,1224
405 100 1200,504,1224,1224
406 100 1200,504,1224,1224
407 100 1224,528,1224,1200
408 100 1224,528,1224,1200
409 100 1224,528,1224,1200
410 100 1224,528,1224,1200
411 100 1224,528,1224,1200
412 100 1224,528,1224,1200
413 100 1224,528,1224,1224
414 100 1224,528,1224,1224
415 100 1224,552,1224,1200
416 100 1224,552,1224,1200
417 100 1224,552,1224,1200
418 100 1224,552,1224,1200
419 100 1224,552,1224,1200
420 100 1224,552,1224,1200
421 100 1224,552,1224,1200
422 100 1224,552,1224,1200
423 100 1248,528,1224,1224
424 100 1248,528,1224,1224
425 100 1248,528,1224,1224
426 100 1248,528,1224,1224
427 100 1248,528,1224,1224
428 100 1248,528,1224,1224
429 100 1248,552,1224,1200
430 100 1248,552,1224,1200
431 100 1248,552,1224,1200
432 100 1248,552,1224,1200
433 100 1272,552,1224,1200
434 100 1272,552,1224,1200
435 100 1272,552,1224,1200
436 100 1272,552,1224,1200
437 100 1272,552,1224,1200
438 100 1272,552,1224,1200
439 100 1272,552,1224,1200
440 100 1272,552,1224,1200
441 100 1272,552,1224,1200
442 100 1272,552,1224,1200
443 100 1272,552,1224,1200
444 100 1272,552,1224,1200
445 100 1272,552,1224,1200
446 100 1272,552,1224,1200
447 100 1272,552,1224,1200
448 100 1272,552,1224,1200
449 100 1272,552,1224,1200
450 100 1272,552,1224,1200
451 100 1272,552,1224,1200
452 100 1272,552,1224,1200
453 100 1272,552,1224,1224
454 100 1272,552,1224,1224
455 100 1272,552,1224,1224
456 100 1272,552,1224,1224
457 100 1272,552,1224,1200
458 100 1272,552,1224,1200
459 100 1272,552,1224,1224
460 100 1272,552,1224,1224
461 100 1296,552,1224,1224
462 100 1296,552,1224,1224
463 100 1296,552,1224,1224
464 100 1296,552,1224,1224
465 100 1296,552,1224,1224
466 100 1296,552,1224,1224
467 100 1272,552,1224,1224
468 100 1272,552,1224,1224
469 100 1272,552,1224,1224
470 100 1272,552,1224,1224
471 100 1272,552,1224,1224
472 100 1272,552,1224,1224
473 100 1272,552,1224,1224
474 100 1272,552,1224,1224
475 100 1272,552,1224,1224
476 100 1272,552,1224,1224
477 100 1272,576,1224,1200
478 100 1272,576,1224,1200
479 100 1272,552,1224,1224
480 100 1272,552,1224,1224
481 100 1272,576,1224,1200
482 100 1272,576,1224,1200
483 100 1272,552,1224,1224
484 100 1272,552,1224,1224
485 100 1272,552,1224,1224
486 100 1272,552,1224,1224
487 100 1272,552,1224,1224
488 100 1272,552,1224,1224
489 100 1272,552,1224,1224
490 100 1272,552,1224,1224
491 100 1272,576,1224,1200
492 100 1272,576,1224,1200
493 100 1272,576,1224,1200
494 100 1272,576,1224,1200
495 100 1272,576,1224,1200
496 100 1272,576,1224,1200
497 100 1272,576,1224,1200
498 100 1272,576,1224,1200
499 100 1248,576,1224,1224
500 100 1248,576,1224,1224
501 100 1248,576,1224,1224
502 100 1248,576,1224,1224
503 100 1248,576,1224,1224
504 100 1248,576,1224,1224
505 100 1248,576,1224,1224
506 100 1248,576,1224,1224
507 100 1224,576,1224,1224
508 100 1224,576,1224,1224
509 100 1224,576,1224,1224
510 100 1224,576,1224,1224
511 100 1224,600,1224,1200
512 100 1224,600,1224,1200
513 100 1224,600,1224,1200
514 100 1224,600,1224,1200
515 100 1224,600,1224,1200
516 100 1224,600,1224,1200
517 100 1224,600,1224,1200
518 100 1224,600,1224,1200
519 100 1200,624,1224,1200
520 100 1200,624,1224,1200
521 100 1176,648,1224,1200
522 100 1176,648,1224,1200
523 100 1152,648,1224,1200
524 100 1152,648,1224,1200
525 100 1128,648,1224,1224
526 100 1128,648,1224,1224
527 100 1128,648,1224,1224
528 100 1128,648,1224,1224
529 100 1128,672,1224,1200
530 100 1128,672,1224,1200
531 100 1128,672,1224,1200
532 100 1128,672,1224,1200
533 100 1104,672,1224,1200
534 100 1104,672,1224,1200
535 100 1104,672,1224,1224
536 100 1104,672,1224,1224
537 100 1104,696,1224,1200
538 100 1104,696,1224,1200
539 100 1104,696,1224,1200
540 100 1104,696,1224,1200
541 100 1080,696,1224,1200
542 100 1080,696,1224,1200
543 100 1080,696,1224,1200
544 100 1080,696,1224,1200
545 100 1080,696,1224,1200
546 100 1080,696,1224,1200
547 100 1080,696,1224,1200
548 100 1080,696,1224,1200
549 100 1056,672,1224,1224
550 100 1056,672,1224,1224
551 100 1008,672,1224,1224
552 100 1008,672,1224,1224
553 100 984,672,1224,1224
554 100 984,672,1224,1224
555 100 960,672,1224,1224
556 100 960,672,1224,1224
557 100 960,672,1224,1224
558 100 960,672,1224,1224
559 100 960,672,1224,1200
560 100 960,672,1224,1200
561 100 960,672,1224,1224
562 100 960,672,1224,1224
563 100 960,672,1224,1224
564 100 960,672,1224,1224
565 100 960,672,1224,1224
566 100 960,672,1224,1224
567 100 960,672,1224,1224
568 100 960,672,1224,1224
569 100 960,672,1224,1224
570 100 960,672,1224,1224
571 100 960,672,1224,1224
572 100 960,672,1224,1224
573 100 960,696,1224,1200
574 100 960,696,1224,1200
575 100 936,696,1224,1200
576 100 936,696,1224,1200
577 100 936,696,1224,1200
578 100 936,696,1224,1200
579 100 936,696,1224,1200
580 100 936,696,1224,1200
581 100 936,696,1224,1200
582 100 936,696,1224,1200
583 100 936,696,1224,1200
584 100 936,696,1224,1200
585 100 936,696,1224,1200
586 100 936,696,1224,1200
587 100 936,696,1224,1200
588 100 936,696,1224,1200
589 100 936,696,1224,1200
590 100 936,696,1224,1200
591 100 936,696,1224,1200
592 100 936,696,1224,1200
593 100 960,672,1224,1224
594 100 960,672,1224,1224
595 100 960,672,1224,1200
596 100 960,672,1224,1200
597 100 960,672,1224,1200
598 100 960,672,1224,1200
599 100 960,672,1224,1200
600 100 960,672,1224,1200
601 100 984,648,1224,1200
602 100 984,648,1224,1200
603 100 984,624,1224,1200
604 100 984,624,1224,1200
605 100 1008,600,1224,1200
606 100 1008,600,1224,1200
607 100 1032,552,1224,1224
608 100 1032,552,1224,1224
609 100 1056,528,1224,1200
610 100 1056,528,1224,1200
611 100 1056,528,1224,1200
612 100 1056,528,1224,1200
613 100 1056,480,1224,1224
614 100 1056,480,1224,1224
615 100 1056,480,1224,1224
616 100 1056,480,1224,1224
617 100 1056,480,1224,1224
618 100 1056,480,1224,1224
619 100 1056,480,1224,1200
620 100 1056,480,1224,1200
621 100 1056,480,1224,1200
622 100 1056,480,1224,1200
623 100 1056,480,1224,1200
624 100 1056,480,1224,1200
625 100 1056,480,1224,1224
626 100 1056,480,1224,1224
627 100 1056,480,1224,1224
628 100 1056,480,1224,1224
629 100 1056,480,1224,1224
630 100 1056,480,1224,1224
631 100 1056,504,1224,1200
632 100 1056,504,1224,1200
633 100 1056,504,1224,1200
634 100 1056,504,1224,1200
635 100 1080,504,1224,1200
636 100 1080,504,1224,1200
637 100 1080,528,1224,1200
638 100 1080,528,1224,1200
639 100 1128,528,1224,1224
640 100 1128,528,1224,1224
641 100 1176,552,1224,1200
642 100 1176,552,1224,1200
643 100 1176,552,1224,1200
644 100 1176,552,1224,1200
645 100 1224,552,1224,1200
646 100 1224,552,1224,1200
647 100 1248,552,1224,1200
648 100 1248,552,1224,1200
649 100 1272,552,1224,1224
650 100 1272,552,1224,1224
651 100 1272,552,1224,1224
652 100 1272,552,1224,1224
653 100 1272,576,1224,1200
654 100 1272,576,1224,1200
655 100 1272,576,1224,1200
656 100 1272,576,1224,1200
657 100 1272,576,1224,1200
658 100 1272,576,1224,1200
659 100 1272,576,1224,1200
660 100 1272,576,1224,1200
661 100 1272,576,1224,1200
662 100 1272,576,1224,1200
663 100 1248,576,1224,1200
664 100 1248,576,1224,1200
665 100 1248,576,1224,1200
666 100 1248,576,1224,1200
667 100 1248,576,1224,1224
668 100 1248,576,1224,1224
669 100 1248,600,1224,1200
670 100 1248,600,1224,1200
671 100 1248,600,1224,1200
672 100 1248,600,1224,1200
673 100 1248,600,1224,1200
674 100 1248,600,1224,1200
675 100 1248,600,1224,1200
676 100 1248,600,1224,1200
677 100 1248,600,1224,1200
678 100 1248,600,1224,1200
679 100 1248,600,1224,1200
680 100 1248,600,1224,1200
681 100 1248,600,1224,1200
682 100 1248,600,1224,1200
683 100 1248,600,1224,1200
684 100 1248,600,1224,1200
685 100 1248,600,1224,1200
686 100 1248,600,1224,1200
687 100 1272,600,1224,1200
688 100 1272,600,1224,1200
689 100 1272,600,1224,1200
690 100 1272,600,1224,1200
691 100 1272,600,1224,1200
692 100 1272,600,1224,1200
693 100 1272,600,1224,1200
694 100 1272,600,1224,1200
695 100 1272,600,1224,1200
696 100 1272,600,1224,1200
697 100 1272,600,1224,1200
698 100 1272,600,1224,1200
699 100 1272,600,1224,1200
700 100 1272,600,1224,1200
701 100 1272,600,1224,1200
702 100 1272,600,1224,1200
703 100 1248,600,1224,1200
704 100 1248,600,1224,1200
705 100 1224,576,1224,1224
706 100 1224,576,1224,1224
707 100 1224,576,1224,1224
708 100 1224,576,1224,1224
709 100 1200,576,1224,1224
710 100 1200,576,1224,1224
711 100 1128,600,1224,1200
712 100 1128,600,1224,1200
713 100 1080,600,1224,1200
714 100 1080,600,1224,1200
715 100 1032,600,1224,1200
716 100 1032,600,1224,1200
717 100 1008,600,1224,1200
718 100 1008,600,1224,1200
719 100 984,600,1224,1200
720 100 984,600,1224,1200
721 100 960,600,1224,1200
722 100 960,600,1224,1200
723 100 960,600,1224,1200
724 100 960,600,1224,1200
725 100 936,600,1224,1200
726 100 936,600,1224,1200
727 100 912,600,1224,1200
728 100 912,600,1224,1200
729 100 912,600,1224,1200
730 100 912,600,1224,1200
731 100 888,600,1224,1200
732 100 888,600,1224,1200
733 100 864,600,1224,1200
734 100 864,600,1224,1200
735 100 864,576,1224,1224
736 100 864,576,1224,1224
737 100 840,600,1224,1200
738 100 840,600,1224,1200
739 100 840,600,1224,1200
740 100 840,600,1224,1200
741 100 840,600,1224,1200
742 100 840,600,1224,1200
743 100 816,600,1224,1200
744 100 816,600,1224,1200
745 100 816,600,1224,1200
746 100 816,600,1224,1200
747 100 792,600,1224,1224
748 100 792,600,1224,1224
749 100 792,600,1224,1224
750 100 792,600,1224,1224
751 100 768,600,1224,1224
752 100 768,600,1224,1224
753 100 768,600,1224,1224
754 100 768,600,1224,1224
755 100 768,600,1224,1224
756 100 768,600,1224,1224
757 100 768,600,1224,1224
758 100 768,600,1224,1224
759 100 768,600,1224,1224
760 100 768,600,1224,1224
761 100 768,600,1224,1200
762 100 768,600,1224,1200
763 100 768,600,1224,1200
764 100 768,600,1224,1200
765 100 768,600,1224,1200
766 100 768,600,1224,1200
767 100 768,600,1224,1224
768 100 768,600,1224,1224
769 100 768,600,1224,1200
770 100 768,600,1224,1200
771 100 768,600,1224,1200
772 100 768,600,1224,1200
773 100 768,600,1224,1200
774 100 768,600,1224,1200
775 100 768,600,1224,1200
776 100 768,600,1224,1200
777 100 768,600,1224,1200
778 100 768,600,1224,1200
779 100 768,600,1224,1200
780 100 768,600,1224,1200
781 100 792,600,1224,1200
782 100 792,600,1224,1200
783 100 792,576,1224,1224
784 100 792,576,1224,1224
785 100 792,576,1224,1224
786 100 792,576,1224,1224
787 100 792,576,1224,1200
788 100 792,576,1224,1200
789 100 792,576,1224,1200
790 100 792,576,1224,1200
791 100 792,576,1224,1200
792 100 792,576,1224,1200
793 100 792,576,1224,1200
794 100 792,576,1224,1200
795 100 792,576,1224,1200
796 100 792,576,1224,1200
797 100 792,576,1224,1200
798 100 792,576,1224,1200
799 100 792,576,1224,1200
800 100 792,576,1224,1200
801 100 768,576,1224,1200
802 100 768,576,1224,1200
803 100 768,576,1224,1200
804 100 768,576,1224,1200
805 100 768,576,1224,1200
806 100 768,576,1224,1200
807 100 768,576,1224,1200
808 100 768,576,1224,1200
809 100 768,576,1224,1200
810 100 768,576,1224,1200
811 100 768,576,1224,1200
812 100 768,576,1224,1200
813 100 768,576,1224,1200
814 100 768,576,1224,1200
815 100 768,576,1224,1200
816 100 768,576,1224,1200
817 100 744,576,1224,1200
818 100 744,576,1224,1200
819 100 744,576,1224,1200
820 100 744,576,1224,1200
821 100 744,576,1224,1200
822 100 744,576,1224,1200
823 100 744,576,1224,1200
824 100 744,576,1224,1200
825 100 720,576,1224,1200
826 100 720,576,1224,1200
827 100 720,576,1224,1200
828 100 720,576,1224,1200
829 100 720,576,1224,1200
830 100 720,576,1224,1200
831 100 720,576,1224,1200
832 100 720,576,1224,1200
833 100 720,576,1224,1200
834 100 720,576,1224,1200
835 100 720,576,1224,1200
836 100 720,576,1224,1200
837 100 720,576,1224,1200
838 100 720,576,1224,1200
839 100 696,576,1224,1200
840 100 696,576,1224,1200
841 100 696,576,1224,1200
842 100 696,576,1224,1200
843 100 696,576,1224,1200
844 100 696,576,1224,1200
845 100 696,576,1224,1200
846 100 696,576,1224,1200
847 100 696,576,1224,1200
848 100 696,576,1224,1200
849 100 696,576,1224,1200
850 100 696,576,1224,1200
851 100 696,576,1224,1200
852 100 696,576,1224,1200
853 100 672,576,1224,1200
854 100 672,576,1224,1200
855 100 672,576,1224,1200
856 100 672,576,1224,1200
857 100 696,552,1224,1224
858 100 696,552,1224,1224
859 100 696,576,1224,1200
860 100 696,576,1224,1200
861 100 672,576,1224,1200
862 100 672,576,1224,1200
863 100 672,576,1224,1200
864 100 672,576,1224,1200
865 100 672,552,1224,1224
866 100 672,552,1224,1224
867 100 672,552,1224,1224
868 100 672,552,1224,1224
869 100 672,552,1224,1224
870 100 672,552,1224,1224
871 100 672,552,1224,1224
872 100 672,552,1224,1224
873 100 672,552,1224,1224
874 100 672,552,1224,1224
875 100 672,552,1224,1200
876 100 672,552,1224,1200
877 100 672,552,1224,1200
878 100 672,552,1224,1200
879 100 696,552,1224,1200
880 100 696,552,1224,1200
881 100 672,552,1224,1200
882 100 672,552,1224,1200
883 100 672,552,1224,1200
884 100 672,552,1224,1200
885 100 672,552,1224,1200
886 100 672,552,1224,1200
887 100 672,552,1224,1200
888 100 672,552,1224,1200
889 100 672,552,1224,1200
890 100 672,552,1224,1200
891 100 672,552,1224,1224
892 100 672,552,1224,1224
893 100 672,552,1224,1200
894 100 672,552,1224,1200
895 100 696,552,1224,1200
896 100 696,552,1224,1200
897 100 696,552,1224,1200
898 100 696,552,1224,1200
899 100 696,552,1224,1200
900 100 696,552,1224,1200
901 100 720,528,1224,1224
902 100 720,528,1224,1224
903 100 720,528,1224,1200
904 100 720,528,1224,1200
905 100 720,528,1224,1200
906 100 720,528,1224,1200
907 100 720,528,1224,1224
908 100 720,528,1224,1224
909 100 720,552,1224,1200
910 100 720,552,1224,1200
911 100 720,552,1224,1200
912 100 720,552,1224,1200
913 100 720,552,1224,1200
914 100 720,552,1224,1200
915 100 720,552,1224,1200
916 100 720,552,1224,1200
917 100 720,552,1224,1200
918 100 720,552,1224,1200
919 100 720,552,1224,1200
920 100 720,552,1224,1200
921 100 720,552,1224,1200
922 100 720,552,1224,1200
923 100 720,552,1224,1200
924 100 720,552,1224,1200
925 100 744,552,1224,1200
926 100 744,552,1224,1200
927 100 768,552,1224,1200
928 100 768,552,1224,1200
929 100 792,552,1224,1200
930 100 792,552,1224,1200
931 100 792,552,1224,1200
932 100 792,552,1224,1200
933 100 792,552,1224,1200
934 100 792,552,1224,1200
935 100 840,528,1224,1224
936 100 840,528,1224,1224
937 100 888,528,1224,1224
938 100 888,528,1224,1224
939 100 936,528,1224,1200
940 100 936,528,1224,1200
941 100 1008,528,1224,1224
942 100 1008,528,1224,1224
943 100 1056,528,1224,1224
944 100 1056,528,1224,1224
945 100 1128,552,1224,1200
946 100 1128,552,1224,1200
947 100 1176,552,1224,1224
948 100 1176,552,1224,1224
949 100 1224,552,1224,1200
950 100 1224,552,1224,1200
951 100 1224,552,1224,1200
952 100 1224,552,1224,1200
953 100 1272,552,1224,1200
954 100 1272,552,1224,1200
955 100 1296,552,1224,1200
956 100 1296,552,1224,1200
957 100 1344,552,1224,1200
958 100 1344,552,1224,1200
959 100 1416,552,1224,1200
960 100 1416,552,1224,1200
961 100 1464,552,1224,1200
962 100 1464,552,1224,1200
963 100 1488,552,1224,1200
964 100 1488,552,1224,1200
965 100 1536,552,1224,1200
966 100 1536,552,1224,1200
967 100 1536,552,1224,1200
968 100 1536,552,1224,1200
969 100 1560,552,1224,1200
970 100 1560,552,1224,1200
971 100 1632,552,1224,1200
972 100 1632,552,1224,1200
973 100 1680,576,1224,1200
974 100 1680,576,1224,1200
975 100 1728,576,1224,1200
976 100 1728,576,1224,1200
977 100 1776,576,1224,1200
978 100 1776,576,1224,1200
979 100 1848,576,1224,1200
980 100 1848,576,1224,1200
981 100 1896,576,1224,1224
982 100 1896,576,1224,1224
983 100 1944,600,1224,1200
984 100 1944,600,1224,1200
985 100 1944,600,1224,1200
986 100 1944,600,1224,1200
987 100 1968,576,1224,1224
988 100 1968,576,1224,1224
989 100 1992,576,1224,1200
990 100 1992,576,1224,1200
991 100 2016,552,1224,1224
992 100 2016,552,1224,1224
993 100 2040,552,1224,1200
994 100 2040,552,1224,1200
995 100 2088,528,1224,1200
996 100 2088,528,1224,1200
997 100 2112,504,1224,1200
998 100 2112,504,1224,1200
999 100 2112,504,1224,1200
1000 100 2112,504,1224,1200
1001 100 2088,456,1224,1224
1002 100 2088,456,1224,1224
1003 100 2088,432,1224,1200
1004 100 2088,432,1224,1200
1005 100 2064,408,1224,1200
1006 100 2064,408,1224,1200
1007 100 2064,384,1224,1200
1008 100 2064,384,1224,1200
1009 100 2064,360,1224,1200
1010 100 2064,360,1224,1200
1011 100 2064,360,1224,1200
1012 100 2064,360,1224,1200
1013 100 2112,384,1224,1200
1014 100 2112,384,1224,1200
1015 100 2112,384,1224,1200
1016 100 2112,384,1224,1200
1017 100 2136,408,1224,1200
1018 100 2136,408,1224,1200
1019 100 2136,408,1224,1200
1020 100 2136,408,1224,1200
1021 100 2136,384,1224,1224
1022 100 2136,384,1224,1224
1023 100 2136,384,1224,1224
1024 100 2136,384,1224,1224
1025 100 2160,408,1224,1200
1026 100 2160,408,1224,1200
1027 100 2184,432,1224,1224
1028 100 2184,432,1224,1224
1029 100 2256,480,1224,1200
1030 100 2256,480,1224,1200
1031 100 2280,504,1224,1224
1032 100 2280,504,1224,1224
1033 100 2280,504,1224,1224
1034 100 2280,504,1224,1224
1035 100 2304,528,1224,1200
1036 100 2304,528,1224,1200
1037 100 2304,528,1224,1200
1038 100 2304,528,1224,1200
1039 100 2328,528,1224,1200
1040 100 2328,528,1224,1200
1041 100 2304,528,1224,1200
1042 100 2304,528,1224,1200
1043 100 2304,528,1224,1224
1044 100 2304,528,1224,1224
1045 100 2304,552,1224,1200
1046 100 2304,552,1224,1200
1047 100 2304,552,1224,1200
1048 100 2304,552,1224,1200
1049 100 2304,552,1224,1200
1050 100 2304,552,1224,1200
1051 100 2280,552,1224,1224
1052 100 2280,552,1224,1224
1053 100 2280,576,1224,1200
1054 100 2280,576,1224,1200
1055 100 2280,576,1224,1200
1056 100 2280,576,1224,1200
1057 100 2280,576,1224,1200
1058 100 2280,576,1224,1200
1059 100 2256,576,1224,1200
1060 100 2256,576,1224,1200
1061 100 2256,552,1224,1224
1062 100 2256,552,1224,1224
1063 100 2256,552,1224,1224
1064 100 2256,552,1224,1224
1065 100 2256,552,1224,1200
1066 100 2256,552,1224,1200
1067 100 2256,528,1224,1200
1068 100 2256,528,1224,1200
1069 100 2256,528,1224,1200
1070 100 2256,528,1224,1200
1071 100 2232,480,1224,1200
1072 100 2232,480,1224,1200
1073 100 2208,456,1224,1200
1074 100 2208,456,1224,1200
1075 100 2184,432,1224,1200
1076 100 2184,432,1224,1200
1077 100 2160,408,1224,1200
1078 100 2160,408,1224,1200
1079 100 2160,384,1224,1224
1080 100 2160,384,1224,1224
1081 100 2160,384,1224,1224
1082 100 2160,384,1224,1224
1083 100 2160,384,1224,1224
1084 100 2160,384,1224,1224
1085 100 2160,408,1224,1200
1086 100 2160,408,1224,1200
1087 100 2184,432,1224,1200
1088 100 2184,432,1224,1200
1089 100 2184,432,1224,1200
1090 100 2184,432,1224,1200
1091 100 2184,408,1224,1224
1092 100 2184,408,1224,1224
1093 100 2184,408,1224,1224
1094 100 2184,408,1224,1224
1095 100 2184,408,1224,1224
1096 100 2184,408,1224,1224
1097 100 2208,432,1224,1200
1098 100 2208,432,1224,1200
1099 100 2208,432,1224,1200
1100 100 2208,432,1224,1200
1101 100 2184,432,1224,1200
1102 100 2184,432,1224,1200
1103 100 2184,432,1224,1200
1104 100 2184,432,1224,1200
1105 100 2184,432,1224,1200
1106 100 2184,432,1224,1200
1107 100 2208,432,1224,1200
1108 100 2208,432,1224,1200
1109 100 2208,432,1224,1200
1110 100 2208,432,1224,1200
1111 100 2208,432,1224,1200
1112 100 2208,432,1224,1200
1113 100 2208,432,1224,1200
1114 100 2208,432,1224,1200
1115 100 2208,432,1224,1200
1116 100 2208,432,1224,1200
1117 100 2208,432,1224,1200
1118 100 2208,432,1224,1200
1119 100 2232,432,1224,1200
1120 100 2232,432,1224,1200
1121 100 2232,432,1224,1200
1122 100 2232,432,1224,1200
1123 100 2232,432,1224,1200
1124 100 2232,432,1224,1200
1125 100 2232,432,1224,1200
1126 100 2232,432,1224,1200
1127 100 2232,432,1224,1200
1128 100 2232,432,1224,1200
1129 100 2232,432,1224,1200
1130 100 2232,432,1224,1200
1131 100 2232,432,1224,1200
1132 100 2232,432,1224,1200
1133 100 2232,432,1224,1200
1134 100 2232,432,1224,1200
1135 100 2232,432,1224,1200
1136 100 2232,432,1224,1200
1137 100 2232,432,1224,1200
1138 100 2232,432,1224,1200
1139 100 2232,432,1224,1224
1140 100 2232,432,1224,1224
1141 100 2232,432,1224,1224
1142 100 2232,432,1224,1224
1143 100 2232,432,1224,1224
1144 100 2232,432,1224,1224
1145 100 2232,432,1224,1224
1146 100 2232,432,1224,1224
1147 100 2232,432,1224,1224
1148 100 2232,432,1224,1224
1149 100 2232,432,1224,1224
1150 100 2232,432,1224,1224
1151 100 2232,456,1224,1200
1152 100 2232,456,1224,1200
1153 100 2232,456,1224,1200
1154 100 2232,456,1224,1200
1155 100 2232,456,1224,1200
1156 100 2232,456,1224,1200
1157 100 2232,456,1224,1224
1158 100 2232,456,1224,1224
1159 100 2232,480,1224,1200
1160 100 2232,480,1224,1200
1161 100 2256,504,1224,1200
1162 100 2256,504,1224,1200
1163 100 2256,504,1224,1200
1164 100 2256,504,1224,1200
1165 100 2256,504,1224,1200
1166 100 2256,504,1224,1200
1167 100 2256,504,1224,1200
1168 100 2256,504,1224,1200
1169 100 2256,504,1224,1224
1170 100 2256,504,1224,1224
1171 100 2256,504,1224,1224
1172 100 2256,504,1224,1224
1173 100 2232,504,1224,1200
1174 100 2232,504,1224,1200
1175 100 2232,504,1224,1200
1176 100 2232,504,1224,1200
1177 100 2232,504,1224,1200
1178 100 2232,504,1224,1200
1179 100 2232,504,1224,1200
1180 100 2232,504,1224,1200
1181 100 2232,504,1224,1200
1182 100 2232,504,1224,1200
1183 100 2232,504,1224,1200
1184 100 2232,504,1224,1200
1185 100 2208,504,1224,1200
1186 100 2208,504,1224,1200
1187 100 2208,504,1224,1200
1188 100 2208,504,1224,1200
1189 100 2184,504,1224,1200
1190 100 2184,504,1224,1200
1191 100 2160,504,1224,1224
1192 100 2160,504,1224,1224
1193 100 2136,504,1224,1224
1194 100 2136,504,1224,1224
1195 100 2088,528,1224,1200
1196 100 2088,528,1224,1200
1197 100 2040,528,1224,1200
1198 100 2040,528,1224,1200
1199 100 2016,528,1224,1224
1200 100 2016,528,1224,1224
1201 100 1968,552,1224,1200
1202 100 1968,552,1224,1200
1203 100 1944,552,1224,1200
1204 100 1944,552,1224,1200
1205 100 1944,552,1224,1200
1206 100 1944,552,1224,1200
1207 100 1920,552,1224,1224
1208 100 1920,552,1224,1224
1209 100 1920,576,1224,1200
1210 100 1920,576,1224,1200
1211 100 1920,576,1224,1200
1212 100 1920,576,1224,1200
1213 100 1920,576,1224,1200
1214 100 1920,576,1224,1200
1215 100 1920,576,1224,1200
1216 100 1920,576,1224,1200
1217 100 1920,576,1224,1200
1218 100 1920,576,1224,1200
1219 100 1920,576,1224,1200
1220 100 1920,576,1224,1200
1221 100 1920,576,1224,1200
1222 100 1920,576,1224,1200
1223 100 1920,576,1224,1200
1224 100 1920,576,1224,1200
1225 100 1920,576,1224,1200
1226 100 1920,576,1224,1200
1227 100 1920,576,1224,1200
1228 100 1920,576,1224,1200
1229 100 1920,576,1224,1200
1230 100 1920,576,1224,1200
1231 100 1920,576,1224,1200
1232 100 1920,576,1224,1200
1233 100 1920,576,1224,1200
1234 100 1920,576,1224,1200
1235 100 1920,576,1224,1200
1236 100 1920,576,1224,1200
1237 100 1920,576,1224,1200
1238 100 1920,576,1224,1200
1239 100 1920,576,1224,1200
1240 100 1920,576,1224,1200
1241 100 1920,576,1224,1200
1242 100 1920,576,1224,1200
1243 100 1920,576,1224,1200
1244 100 1920,576,1224,1200
1245 100 1920,576,1224,1200
1246 100 1920,576,1224,1200
1247 100 1920,576,1224,1200
1248 100 1920,576,1224,1200
1249 100 1920,576,1224,1200
1250 100 1920,576,1224,1200
1251 100 1920,576,1224,1200
1252 100 1920,576,1224,1200
1253 100 1920,576,1224,1200
1254 100 1920,576,1224,1200
1255 100 1920,576,1224,1200
1256 100 1920,576,1224,1200
1257 100 1920,576,1224,1200
1258 100 1920,576,1224,1200
1259 100 1920,576,1224,1200
1260 100 1920,576,1224,1200
1261 100 1920,576,1224,1200
1262 100 1920,576,1224,1200
1263 100 1896,576,1224,1200
1264 100 1896,576,1224,1200
1265 100 1896,576,1224,1200
1266 100 1896,576,1224,1200
1267 100 1896,576,1224,1200
1268 100 1896,576,1224,1200
1269 100 1896,576,1224,1200
1270 100 1896,576,1224,1200
1271 100 1896,576,1224,1200
1272 100 1896,576,1224,1200
1273 100 1872,552,1224,1224
1274 100 1872,552,1224,1224
1275 100 1872,552,1224,1224
1276 100 1872,552,1224,1224
1277 100 1872,552,1224,1224
1278 100 1872,552,1224,1224
1279 100 1848,552,1224,1200
1280 100 1848,552,1224,1200
1281 100 1824,552,1224,1200
1282 100 1824,552,1224,1200
1283 100 1824,552,1224,1200
1284 100 1824,552,1224,1200
1285 100 1824,552,1224,1200
1286 100 1824,552,1224,1200
1287 100 1800,552,1224,1224
1288 100 1800,552,1224,1224
1289 100 1800,552,1224,1224
1290 100 1800,552,1224,1224
1291 100 1776,552,1224,1224
1292 100 1776,552,1224,1224
1293 100 1776,552,1224,1224
1294 100 1776,552,1224,1224
1295 100 1752,552,1224,1224
1296 100 1752,552,1224,1224
1297 100 1752,552,1224,1224
1298 100 1752,552,1224,1224
1299 100 1752,552,1224,1224
1300 100 1752,552,1224,1224
1301 100 1728,576,1224,1200
1302 100 1728,576,1224,1200
1303 100 1728,576,1224,1200
1304 100 1728,576,1224,1200
1305 100 1728,552,1224,1224
1306 100 1728,552,1224,1224
1307 100 1704,552,1224,1224
1308 100 1704,552,1224,1224
1309 100 1680,552,1224,1200
1310 100 1680,552,1224,1200
1311 100 1680,552,1224,1200
1312 100 1680,552,1224,1200
1313 100 1680,552,1224,1200
1314 100 1680,552,1224,1200
1315 100 1656,552,1224,1200
1316 100 1656,552,1224,1200
1317 100 1656,552,1224,1200
1318 100 1656,552,1224,1200
1319 100 1656,552,1224,1200
1320 100 1656,552,1224,1200
1321 100 1656,552,1224,1200
1322 100 1656,552,1224,1200
1323 100 1656,552,1224,1200
1324 100 1656,552,1224,1200
1325 100 1632,552,1224,1200
1326 100 1632,552,1224,1200
1327 100 1632,552,1224,1200
1328 100 1632,552,1224,1200
1329 100 1632,552,1224,1200
1330 100 1632,552,1224,1200
1331 100 1608,528,1224,1224
1332 100 1608,528,1224,1224
1333 100 1608,528,1224,1200
1334 100 1608,528,1224,1200
1335 100 1584,528,1224,1200
1336 100 1584,528,1224,1200
1337 100 1560,528,1224,1200
1338 100 1560,528,1224,1200
1339 100 1560,504,1224,1224
1340 100 1560,504,1224,1224
1341 100 1536,504,1224,1200
1342 100 1536,504,1224,1200
1343 100 1536,504,1224,1200
1344 100 1536,504,1224,1200
1345 100 1512,504,1224,1200
1346 100 1512,504,1224,1200
1347 100 1512,480,1224,1224
1348 100 1512,480,1224,1224
1349 100 1488,480,1224,1224
1350 100 1488,480,1224,1224
1351 100 1488,504,1224,1200
1352 100 1488,504,1224,1200
1353 100 1488,504,1224,1200
1354 100 1488,504,1224,1200
1355 100 1488,504,1224,1200
1356 100 1488,504,1224,1200
1357 100 1464,504,1224,1200
1358 100 1464,504,1224,1200
1359 100 1464,504,1224,1200
1360 100 1464,504,1224,1200
1361 100 1464,504,1224,1200
1362 100 1464,504,1224,1200
1363 100 1464,504,1224,1200
1364 100 1464,504,1224,1200
1365 100 1464,504,1224,1200
1366 100 1464,504,1224,1200
1367 100 1440,504,1224,1200
1368 100 1440,504,1224,1200
1369 100 1440,504,1224,1200
1370 100 1440,504,1224,1200
1371 100 1440,504,1224,1200
1372 100 1440,504,1224,1200
1373 100 1416,504,1224,1200
1374 100 1416,504,1224,1200
1375 100 1416,480,1224,1224
1376 100 1416,480,1224,1224
1377 100 1416,480,1224,1224
1378 100 1416,480,1224,1224
1379 100 1392,480,1224,1224
1380 100 1392,480,1224,1224
1381 100 1392,480,1224,1224
1382 100 1392,480,1224,1224
1383 100 1392,480,1224,1224
1384 100 1392,480,1224,1224
1385 100 1392,480,1224,1224
1386 100 1392,480,1224,1224
1387 100 1392,480,1224,1224
1388 100 1392,480,1224,1224
1389 100 1368,480,1224,1224
1390 100 1368,480,1224,1224
1391 100 1368,480,1224,1224
1392 100 1368,480,1224,1224
1393 100 1368,480,1224,1224
1394 100 1368,480,1224,1224
1395 100 1368,480,1224,1200
1396 100 1368,480,1224,1200
1397 100 1368,480,1224,1200
1398 100 1368,480,1224,1200
1399 100 1344,480,1224,1200
1400 100 1344,480,1224,1200
1401 100 1344,480,1224,1200
1402 100 1344,480,1224,1200
1403 100 1320,480,1224,1200
1404 100 1320,480,1224,1200
1405 100 1320,480,1224,1200
1406 100 1320,480,1224,1200
1407 100 1320,480,1224,1200
1408 100 1320,480,1224,1200
1409 100 1320,480,1224,1200
1410 100 1320,480,1224,1200
1411 100 1296,480,1224,1200
1412 100 1296,480,1224,1200
1413 100 1296,480,1224,1200
1414 100 1296,480,1224,1200
1415 100 1296,480,1224,1200
1416 100 1296,480,1224,1200
1417 100 1296,480,1224,1200
1418 100 1296,480,1224,1200
1419 100 1272,456,1224,1224
1420 100 1272,456,1224,1224
1421 100 1272,456,1224,1224
1422 100 1272,456,1224,1224
1423 100 1272,456,1224,1224
1424 100 1272,456,1224,1224
1425 100 1272,456,1224,1224
1426 100 1272,456,1224,1224
1427 100 1272,456,1224,1224
1428 100 1272,456,1224,1224
1429 100 1272,456,1224,1224
1430 100 1272,456,1224,1224
1431 100 1272,456,1224,1224
1432 100 1272,456,1224,1224
1433 100 1248,456,1224,1200
1434 100 1248,456,1224,1200
1435 100 1248,456,1224,1200
1436 100 1248,456,1224,1200
1437 100 1248,456,1224,1200
1438 100 1248,456,1224,1200
1439 100 1248,456,1224,1200
1440 100 1248,456,1224,1200
1441 100 1224,432,1224,1200
1442 100 1224,432,1224,1200
1443 100 1224,432,1224,1200
1444 100 1224,432,1224,1200
1445 100 1224,408,1224,1224
1446 100 1224,408,1224,1224
1447 100 1224,408,1224,1224
1448 100 1224,408,1224,1224
1449 100 1224,408,1224,1200
1450 100 1224,408,1224,1200
1451 100 1224,408,1224,1200
1452 100 1224,408,1224,1200
1453 100 1200,384,1224,1224
1454 100 1200,384,1224,1224
1455 100 1200,384,1224,1200
1456 100 1200,384,1224,1200
1457 100 1176,360,1224,1200
1458 100 1176,360,1224,1200
1459 100 1176,336,1224,1224
1460 100 1176,336,1224,1224
1461 100 1152,336,1224,1200
1462 100 1152,336,1224,1200
1463 100 1152,312,1224,1200
1464 100 1152,312,1224,1200
1465 100 1152,312,1224,1200
1466 100 1152,312,1224,1200
1467 100 1152,288,1224,1224
1468 100 1152,288,1224,1224
1469 100 1152,288,1224,1224
1470 100 1152,288,1224,1224
1471 100 1152,312,1224,1200
1472 100 1152,312,1224,1200
1473 100 1152,312,1224,1200
1474 100 1152,312,1224,1200
1475 100 1152,312,1224,1200
1476 100 1152,312,1224,1200
1477 100 1152,312,1224,1200
1478 100 1152,312,1224,1200
1479 100 1176,312,1224,1200
1480 100 1176,312,1224,1200
1481 100 1176,312,1224,1200
1482 100 1176,312,1224,1200
1483 100 1152,312,1224,1200
1484 100 1152,312,1224,1200
1485 100 1152,312,1224,1200
1486 100 1152,312,1224,1200
1487 100 1152,288,1224,1224
1488 100 1152,288,1224,1224
1489 100 1152,288,1224,1224
1490 100 1152,288,1224,1224
1491 100 1152,288,1224,1224
1492 100 1152,288,1224,1224
1493 100 1152,288,1224,1224
1494 100 1152,288,1224,1224
1495 100 1152,288,1224,1200
1496 100 1152,288,1224,1200
1497 100 1152,264,1224,1224
1498 100 1152,264,1224,1224
1499 100 1152,264,1224,1224
1500 100 1152,264,1224,1224
1501 100 1128,264,1224,1200
1502 100 1128,264,1224,1200
1503 100 1128,240,1224,1224
1504 100 1128,240,1224,1224
1505 100 1128,240,1224,1224
1506 100 1128,240,1224,1224
1507 100 1128,240,1224,1224
1508 100 1128,240,1224,1224
1509 100 1128,240,1224,1200
1510 100 1128,240,1224,1200
1511 100 1128,240,1224,1200
1512 100 1128,240,1224,1200
1513 100 1128,240,1224,1200
1514 100 1128,240,1224,1200
1515 100 1104,240,1224,1200
1516 100 1104,240,1224,1200
1517 100 1128,240,1224,1224
1518 100 1128,240,1224,1224
1519 100 1128,240,1224,1224
1520 100 1128,240,1224,1224
1521 100 1128,240,1224,1224
1522 100 1128,240,1224,1224
1523 100 1128,264,1224,1200
1524 100 1128,264,1224,1200
1525 100 1128,264,1224,1224
1526 100 1128,264,1224,1224
1527 100 1152,288,1224,1200
1528 100 1152,288,1224,1200
1529 100 1152,288,1224,1224
1530 100 1152,288,1224,1224
1531 100 1152,312,1224,1200
1532 100 1152,312,1224,1200
1533 100 1128,312,1224,1224
1534 100 1128,312,1224,1224
1535 100 1128,336,1224,1200
1536 100 1128,336,1224,1200
1537 100 1104,336,1224,1200
1538 100 1104,336,1224,1200
1539 100 1104,336,1224,1200
1540 100 1104,336,1224,1200
1541 100 1104,336,1224,1200
1542 100 1104,336,1224,1200
1543 100 1080,336,1224,1200
1544 100 1080,336,1224,1200
1545 100 1056,336,1224,1224
1546 100 1056,336,1224,1224
1547 100 1056,336,1224,1224
1548 100 1056,336,1224,1224
1549 100 1032,336,1224,1224
1550 100 1032,336,1224,1224
1551 100 1008,336,1224,1224
1552 100 1008,336,1224,1224
1553 100 984,336,1224,1224
1554 100 984,336,1224,1224
1555 100 984,336,1224,1224
1556 100 984,336,1224,1224
1557 100 960,336,1224,1224
1558 100 960,336,1224,1224
1559 100 960,336,1224,1224
1560 100 960,336,1224,1224
1561 100 936,360,1224,1200
1562 100 936,360,1224,1200
1563 100 936,360,1224,1200
1564 100 936,360,1224,1200
1565 100 912,360,1224,1200
1566 100 912,360,1224,1200
1567 100 912,360,1224,1200
1568 100 912,360,1224,1200
1569 100 888,360,1224,1200
1570 100 888,360,1224,1200
1571 100 888,360,1224,1200
1572 100 888,360,1224,1200
1573 100 864,360,1224,1224
1574 100 864,360,1224,1224
1575 100 840,360,1224,1224
1576 100 840,360,1224,1224
1577 100 840,360,1224,1224
1578 100 840,360,1224,1224
1579 100 816,384,1224,1200
1580 100 816,384,1224,1200
1581 100 816,384,1224,1224
1582 100 816,384,1224,1224
1583 100 816,384,1224,1224
1584 100 816,384,1224,1224
1585 100 792,384,1224,1224
1586 100 792,384,1224,1224
1587 100 768,408,1224,1200
1588 100 768,408,1224,1200
1589 100 744,408,1224,1224
1590 100 744,408,1224,1224
1591 100 744,408,1224,1224
1592 100 744,408,1224,1224
1593 100 744,408,1224,1224
1594 100 744,408,1224,1224
1595 100 720,432,1224,1200
1596 100 720,432,1224,1200
1597 100 720,432,1224,1224
1598 100 720,432,1224,1224
1599 100 720,456,1224,1200
1600 100 720,456,1224,1200
1601 100 696,456,1224,1224
1602 100 696,456,1224,1224
1603 100 696,456,1224,1224
1604 100 696,456,1224,1224
1605 100 696,480,1224,1200
1606 100 696,480,1224,1200
1607 100 720,480,1224,1224
1608 100 720,480,1224,1224
1609 100 720,504,1224,1200
1610 100 720,504,1224,1200
1611 100 720,504,1224,1224
1612 100 720,504,1224,1224
1613 100 720,504,1224,1224
1614 100 720,504,1224,1224
1615 100 720,528,1224,1224
1616 100 720,528,1224,1224
1617 100 696,552,1224,1200
