0 100 1440,528,1224,1200
1 100 1440,528,1224,1200
2 100 1440,528,1224,1200
3 100 1440,528,1224,1200
4 100 1440,528,1224,1200
5 100 1440,528,1224,1200
6 100 1440,528,1224,1200
7 100 1440,528,1224,1200
8 100 1440,528,1224,1200
9 100 1440,528,1224,1200
10 100 1440,528,1224,1200
11 100 1416,528,1224,1200
12 100 1416,528,1224,1200
13 100 1416,504,1224,1224
14 100 1392,504,1224,1224
15 100 1392,504,1224,1224
16 100 1392,504,1224,1224
17 100 1392,504,1224,1200
18 100 1368,504,1224,1200
19 100 1368,504,1224,1200
20 100 1368,504,1224,1200
21 100 1368,504,1224,1200
22 100 1368,504,1224,1200
23 100 1368,504,1224,1200
24 100 1368,504,1224,1200
25 100 1368,504,1224,1200
26 100 1368,504,1224,1200
27 100 1392,504,1224,1200
28 100 1392,504,1224,1200
29 100 1392,504,1224,1224
30 100 1392,504,1224,1224
31 100 1392,528,1224,1200
32 100 1392,528,1224,1200
33 100 1392,528,1224,1200
34 100 1392,528,1224,1200
35 100 1392,528,1224,1200
36 100 1392,528,1224,1200
37 100 1392,528,1224,1200
38 100 1392,528,1224,1200
39 100 1392,528,1224,1200
40 100 1392,528,1224,1200
41 100 1392,528,1224,1200
42 100 1392,528,1224,1200
43 100 1392,528,1224,1200
44 100 1392,528,1224,1200
45 100 1392,528,1224,1200
46 100 1392,528,1224,1200
47 100 1392,528,1224,1224
48 100 1392,528,1224,1224
49 100 1392,528,1224,1224
50 100 1368,528,1224,1224
51 100 1368,528,1224,1224
52 100 1344,528,1224,1224
53 100 1344,528,1224,1224
54 100 1344,528,1224,1224
55 100 1344,528,1224,1224
56 100 1344,528,1224,1224
57 100 1344,528,1224,1224
58 100 1344,552,1224,1200
59 100 1344,552,1224,1200
60 100 1344,552,1224,1200
61 100 1344,552,1224,1200
62 100 1344,552,1224,1200
63 100 1344,552,1224,1200
64 100 1344,552,1224,1200
65 100 1344,552,1224,1200
66 100 1344,552,1224,1200
67 100 1344,552,1224,1200
68 100 1344,552,1224,1200
69 100 1344,552,1224,1200
70 100 1368,552,1224,1200
71 100 1344,552,1224,1200
72 100 1344,552,1224,1200
73 100 1368,552,1224,1200
74 100 1368,552,1224,1200
75 100 1368,552,1224,1200
76 100 1368,552,1224,1200
77 100 1368,552,1224,1200
78 100 1368,552,1224,1200
79 100 1368,552,1224,1200
80 100 1368,552,1224,1200
81 100 1368,552,1224,1200
82 100 1368,552,1224,1200
83 100 1368,552,1224,1200
84 100 1368,552,1224,1200
85 100 1368,552,1224,1200
86 100 1368,552,1224,1200
87 100 1368,552,1224,1200
88 100 1368,552,1224,1200
89 100 1368,552,1224,1200
90 100 1368,552,1224,1200
91 100 1368,552,1224,1200
92 100 1368,552,1224,1200
93 100 1368,552,1224,1200
94 100 1368,552,1224,1200
95 100 1368,552,1224,1200
96 100 1368,552,1224,1200
97 100 1392,528,1224,1224
98 100 1392,528,1224,1200
99 100 1416,528,1224,1224
100 100 1416,552,1224,1200
101 100 1416,552,1224,1200
102 100 1392,576,1224,1200
103 100 1392,576,1224,1224
104 100 1392,600,1224,1200
105 100 1368,600,1224,1200
106 100 1368,600,1224,1224
107 100 1368,600,1224,1224
108 100 1368,624,1224,1200
109 100 1368,624,1224,1200
110 100 1392,624,1224,1200
111 100 1392,624,1224,1200
112 100 1392,624,1224,1200
113 100 1392,624,1224,1200
114 100 1392,624,1224,1200
115 100 1392,624,1224,1224
116 100 1392,624,1224,1224
117 100 1416,624,1224,1224
118 100 1416,624,1224,1224
119 100 1416,624,1224,1224
120 100 1416,648,1224,1200
121 100 1416,624,1224,1224
122 100 1416,624,1224,1224
123 100 1416,624,1224,1224
124 100 1416,624,1224,1224
125 100 1416,648,1224,1200
126 100 1416,648,1224,1200
127 100 1416,648,1224,1200
128 100 1416,648,1224,1200
129 100 1416,648,1224,1200
130 100 1416,648,1224,1200
131 100 1416,648,1224,1200
132 100 1416,648,1224,1200
133 100 1416,648,1224,1200
134 100 1416,648,1224,1200
135 100 1416,624,1224,1224
136 100 1416,624,1224,1200
137 100 1416,624,1224,1200
138 100 1416,624,1224,1200
139 100 1416,624,1224,1200
140 100 1416,624,1224,1200
141 100 1440,624,1224,1200
142 100 1440,624,1224,1200
143 100 1440,600,1224,1224
144 100 1440,600,1224,1200
145 100 1440,600,1224,1200
146 100 1440,600,1224,1224
147 100 1440,624,1224,1200
148 100 1416,624,1224,1200
149 100 1416,624,1224,1200
150 100 1416,624,1224,1200
151 100 1392,624,1224,1224
152 100 1392,624,1224,1224
153 100 1392,624,1224,1200
154 100 1392,624,1224,1200
155 100 1392,624,1224,1200
156 100 1392,624,1224,1200
157 100 1392,624,1224,1200
158 100 1392,600,1224,1224
159 100 1392,600,1224,1224
160 100 1392,600,1224,1224
161 100 1392,600,1224,1200
162 100 1392,600,1224,1200
163 100 1392,576,1224,1224
164 100 1392,576,1224,1224
165 100 1392,576,1224,1224
166 100 1392,576,1224,1200
167 100 1368,576,1224,1200
168 100 1368,576,1224,1200
169 100 1368,576,1224,1200
170 100 1368,576,1224,1200
171 100 1368,576,1224,1200
172 100 1368,576,1224,1200
173 100 1368,576,1224,1200
174 100 1368,576,1224,1200
175 100 1368,552,1224,1224
176 100 1368,552,1224,1224
177 100 1368,552,1224,1200
178 100 1368,552,1224,1200
179 100 1368,552,1224,1200
180 100 1344,528,1224,1224
181 100 1344,528,1224,1200
182 100 1344,528,1224,1200
183 100 1344,528,1224,1200
184 100 1320,528,1224,1200
185 100 1320,528,1224,1200
186 100 1344,528,1224,1200
187 100 1320,528,1224,1200
188 100 1320,528,1224,1200
189 100 1320,528,1224,1200
190 100 1320,528,1224,1224
191 100 1320,528,1224,1224
192 100 1320,528,1224,1224
193 100 1320,528,1224,1224
194 100 1320,528,1224,1224
195 100 1320,528,1224,1224
196 100 1320,528,1224,1200
197 100 1320,528,1224,1200
198 100 1320,528,1224,1200
199 100 1320,528,1224,1224
200 100 1320,528,1224,1224
201 100 1320,528,1224,1224
202 100 1296,528,1224,1224
203 100 1296,528,1224,1224
204 100 1272,528,1224,1200
205 100 1272,528,1224,1200
206 100 1272,528,1224,1200
207 100 1248,528,1224,1200
208 100 1248,528,1224,1200
209 100 1248,528,1224,1200
210 100 1248,528,1224,1200
211 100 1248,528,1224,1200
212 100 1224,528,1224,1200
213 100 1224,528,1224,1200
214 100 1200,528,1224,1200
215 100 1200,528,1224,1200
216 100 1176,528,1224,1200
217 100 1152,528,1224,1200
218 100 1152,528,1224,1200
219 100 1128,528,1224,1200
220 100 1104,528,1224,1200
221 100 1080,528,1224,1200
222 100 1080,528,1224,1200
223 100 1080,528,1224,1200
224 100 1080,528,1224,1200
225 100 1056,528,1224,1200
226 100 1056,528,1224,1200
227 100 1056,528,1224,1200
228 100 1032,528,1224,1200
229 100 984,504,1224,1224
230 100 936,504,1224,1200
231 100 912,504,1224,1224
232 100 864,504,1224,1224
233 100 840,528,1224,1200
234 100 816,528,1224,1200
235 100 768,528,1224,1200
236 100 768,528,1224,1200
237 100 744,528,1224,1200
238 100 744,528,1224,1224
239 100 744,528,1224,1224
240 100 720,528,1224,1224
241 100 720,528,1224,1224
242 100 720,528,1224,1224
243 100 720,528,1224,1200
244 100 720,528,1224,1200
245 100 720,528,1224,1200
246 100 720,528,1224,1200
247 100 696,504,1224,1224
248 100 696,504,1224,1200
249 100 672,504,1224,1200
250 100 672,504,1224,1200
251 100 672,504,1224,1224
252 100 672,528,1224,1200
253 100 696,528,1224,1200
254 100 696,528,1224,1200
255 100 696,504,1224,1200
256 100 696,480,1224,1200
257 100 720,456,1224,1224
258 100 720,432,1224,1224
259 100 720,408,1224,1224
260 100 720,408,1224,1224
261 100 720,408,1224,1200
262 100 720,384,1224,1224
263 100 744,384,1224,1224
264 100 744,384,1224,1200
265 100 720,360,1224,1224
266 100 720,360,1224,1200
267 100 744,336,1224,1224
268 100 744,336,1224,1224
269 100 744,336,1224,1224
270 100 744,312,1224,1224
271 100 744,312,1224,1224
272 100 744,312,1224,1224
273 100 744,288,1224,1224
274 100 744,288,1224,1224
275 100 744,288,1224,1224
276 100 744,264,1224,1224
277 100 744,264,1224,1224
278 100 768,264,1224,1224
279 100 768,264,1224,1224
280 100 768,264,1224,1224
281 100 768,264,1224,1224
282 100 768,264,1224,1224
283 100 768,264,1224,1224
284 100 768,264,1224,1224
285 100 792,264,1224,1224
286 100 792,264,1224,1224
287 100 792,264,1224,1224
288 100 816,264,1224,1224
289 100 816,288,1224,1224
290 100 816,288,1224,1224
291 100 840,312,1224,1224
292 100 864,312,1224,1224
293 100 864,336,1224,1224
294 100 912,360,1224,1224
295 100 936,384,1224,1224
296 100 936,408,1224,1224
297 100 960,432,1224,1224
298 100 984,432,1224,1224
299 100 984,432,1224,1224
300 100 984,456,1224,1200
301 100 984,456,1224,1200
302 100 1008,432,1224,1224
303 100 1008,432,1224,1224
304 100 1032,456,1224,1200
305 100 1032,456,1224,1200
306 100 1008,456,1224,1200
307 100 1008,456,1224,1200
308 100 1008,456,1224,1200
309 100 1032,456,1224,1200
310 100 1032,456,1224,1200
311 100 1032,456,1224,1200
312 100 1032,456,1224,1224
313 100 1056,456,1224,1224
314 100 1056,456,1224,1224
315 100 1056,480,1224,1200
316 100 1056,480,1224,1200
317 100 1080,480,1224,1200
318 100 1080,480,1224,1200
319 100 1080,480,1224,1200
320 100 1080,480,1224,1200
321 100 1080,480,1224,1200
322 100 1080,480,1224,1200
323 100 1080,480,1224,1200
324 100 1056,480,1224,1200
325 100 1056,480,1224,1200
326 100 1056,480,1224,1200
327 100 1056,480,1224,1200
328 100 1056,480,1224,1200
329 100 1056,480,1224,1200
330 100 1056,480,1224,1200
331 100 1056,480,1224,1200
332 100 1056,480,1224,1200
333 100 1080,480,1224,1200
334 100 1080,480,1224,1200
335 100 1080,480,1224,1200
336 100 1080,480,1224,1200
337 100 1080,480,1224,1200
338 100 1104,480,1224,1224
339 100 1128,480,1224,1224
340 100 1152,480,1224,1224
341 100 1176,480,1224,1224
342 100 1200,480,1224,1224
343 100 1224,480,1224,1224
344 100 1272,504,1224,1200
345 100 1296,480,1224,1224
346 100 1320,480,1224,1224
347 100 1344,480,1224,1224
348 100 1368,480,1224,1224
349 100 1392,480,1224,1224
350 100 1416,480,1224,1224
351 100 1440,480,1224,1224
352 100 1440,480,1224,1224
353 100 1440,480,1224,1224
354 100 1464,480,1224,1224
355 100 1464,480,1224,1224
356 100 1464,480,1224,1224
357 100 1464,480,1224,1224
358 100 1488,480,1224,1224
359 100 1488,480,1224,1224
360 100 1488,480,1224,1224
361 100 1488,480,1224,1224
362 100 1488,480,1224,1224
363 100 1488,480,1224,1224
364 100 1488,480,1224,1224
365 100 1512,480,1224,1224
366 100 1512,480,1224,1224
367 100 1512,480,1224,1224
368 100 1536,480,1224,1224
369 100 1560,480,1224,1224
370 100 1584,480,1224,1224
371 100 1608,480,1224,1200
372 100 1632,480,1224,1200
373 100 1656,480,1224,1200
374 100 1680,480,1224,1200
375 100 1704,480,1224,1200
376 100 1752,480,1224,1200
377 100 1776,480,1224,1200
378 100 1800,480,1224,1200
379 100 1800,480,1224,1200
380 100 1824,480,1224,1200
381 100 1848,480,1224,1224
382 100 1872,480,1224,1224
383 100 1896,504,1224,1200
384 100 1920,504,1224,1224
385 100 1944,528,1224,1200
386 100 1968,528,1224,1224
387 100 1992,552,1224,1200
388 100 1992,576,1224,1200
389 100 1992,576,1224,1224
390 100 1992,600,1224,1224
391 100 1968,648,1224,1200
392 100 1944,672,1224,1224
393 100 1944,696,1224,1224
394 100 1920,744,1224,1200
395 100 1896,768,1224,1200
396 100 1896,768,1224,1200
397 100 1872,768,1224,1224
398 100 1872,768,1224,1224
399 100 1872,792,1224,1200
400 100 1848,792,1224,1224
401 100 1848,792,1224,1224
402 100 1848,816,1224,1200
403 100 1824,816,1224,1224
404 100 1824,816,1224,1224
405 100 1800,840,1224,1200
406 100 1800,840,1224,1224
407 100 1776,864,1224,1224
408 100 1752,888,1224,1224
409 100 1728,888,1224,1224
410 100 1704,912,1224,1224
411 100 1680,936,1224,1224
412 100 1656,936,1224,1224
413 100 1608,960,1224,1200
414 100 960,960,1224,1200
415 100 0,984,1224,1176
416 100 0,984,1224,1176
417 100 0,984,1224,1176
418 100 0,984,1224,1176
419 100 0,984,1224,1176
420 100 0,984,1224,1176
421 100 0,984,1224,1176
422 100 0,1008,1224,1152
423 100 0,1008,1224,1152
424 100 0,1008,1224,1152
425 100 0,1032,1224,1128
426 100 0,1032,1224,1128
427 100 0,1032,1224,1128
428 100 0,1056,1224,1104
429 100 0,1056,1224,1104
430 100 0,1056,1224,1104
431 100 0,1056,1224,1104
432 100 0,1032,1224,1128
433 100 0,1032,1224,1128
434 100 0,1032,1224,1128
435 100 0,1032,1224,1128
436 100 0,1032,1224,1128
437 100 0,1032,1224,1128
438 100 0,1032,1224,1128
439 100 0,1032,1224,1128
440 100 0,1032,1224,1128
441 100 0,1032,1224,1128
442 100 0,1032,1224,1128
443 100 0,1032,1224,1128
444 100 0,1032,1224,1128
445 100 0,1008,1224,1152
446 100 0,1008,1224,1152
447 100 0,1008,1224,1152
448 100 0,1008,1224,1152
449 100 0,1008,1224,1152
450 100 0,1008,1224,1152
451 100 0,1008,1224,1152
452 100 0,1008,1224,1152
453 100 0,1008,1224,1152
454 100 0,1032,1224,1128
455 100 0,1032,1224,1128
456 100 0,1032,1224,1128
457 100 0,1032,1224,1128
458 100 0,1032,1224,1128
459 100 0,1032,1224,1128
460 100 0,1032,1224,1128
461 100 0,1032,1224,1128
462 100 0,1056,1224,1104
463 100 0,1056,1224,1104
464 100 0,1080,1224,1080
465 100 0,1080,1224,1080
466 100 0,1080,1224,1080
467 100 0,1080,1224,1080
468 100 0,1104,1224,1056
469 100 0,1104,1224,1056
470 100 0,1104,1224,1056
471 100 0,1128,1224,1032
472 100 0,1128,1224,1032
473 100 0,1104,1224,1056
474 100 0,1104,1224,1056
475 100 0,1104,1224,1056
476 100 0,1104,1224,1056
477 100 0,1104,1224,1056
478 100 0,1104,1224,1056
479 100 0,1104,1224,1056
480 100 0,1128,1224,1032
481 100 0,1128,1224,1032
482 100 0,1104,1224,1056
483 100 0,1104,1224,1056
484 100 0,1104,1224,1056
485 100 0,1104,1224,1056
486 100 0,1104,1224,1056
487 100 0,1104,1224,1056
488 100 0,1104,1224,1056
489 100 0,1080,1224,1080
490 100 0,1104,1224,1056
491 100 0,1080,1224,1080
492 100 0,1080,1224,1080
493 100 0,1080,1224,1080
494 100 0,1080,1224,1080
495 100 0,1080,1224,1080
496 100 0,1104,1224,1056
497 100 0,1104,1224,1056
498 100 0,1080,1224,1080
499 100 0,1080,1224,1080
500 100 0,1080,1224,1080
501 100 0,1080,1224,1080
502 100 0,1080,1224,1080
503 100 0,1080,1224,1080
504 100 0,1080,1224,1080
505 100 0,1080,1224,1080
506 100 0,1080,1224,1080
507 100 0,1080,1224,1080
508 100 0,1080,1224,1080
509 100 0,1080,1224,1080
510 100 0,1104,1224,1056
511 100 0,1104,1224,1056
512 100 0,1104,1224,1056
513 100 0,1104,1224,1056
514 100 0,1104,1224,1056
515 100 0,1080,1224,1080
516 100 0,1080,1224,1080
517 100 0,1080,1224,1080
518 100 0,1080,1224,1080
519 100 0,1080,1224,1080
520 100 0,1080,1224,1080
521 100 0,1080,1224,1080
522 100 0,1080,1224,1080
523 100 0,1080,1224,1080
524 100 0,1080,1224,1080
525 100 0,1080,1224,1080
526 100 0,1056,1224,1104
527 100 0,1056,1224,1104
528 100 0,1056,1224,1104
529 100 0,1056,1224,1104
530 100 0,1056,1224,1104
531 100 0,1056,1224,1104
532 100 0,1056,1224,1104
533 100 0,1056,1224,1104
534 100 0,1032,1224,1128
535 100 0,1056,1224,1104
536 100 0,1056,1224,1104
537 100 0,1056,1224,1104
538 100 0,1032,1224,1128
539 100 0,1032,1224,1128
540 100 0,1032,1224,1128
541 100 0,1008,1224,1152
542 100 0,1008,1224,1152
543 100 0,1008,1224,1152
544 100 552,1008,1224,1152
545 100 384,1008,1224,1152
546 100 480,1008,1224,1152
547 100 840,984,1224,1176
548 100 696,1008,1224,1152
549 100 0,1008,1224,1152
550 100 0,1032,1224,1128
551 100 384,1008,1224,1152
552 100 1104,960,1224,1200
553 100 1128,960,1224,1200
554 100 1152,960,1224,1200
555 100 1152,960,1224,1200
556 100 1176,936,1224,1200
557 100 1176,912,1224,1224
558 100 1200,888,1224,1224
559 100 1200,888,1224,1224
560 100 1200,888,1224,1224
561 100 1176,912,1224,1200
562 100 1128,912,1224,1224
563 100 1104,936,1224,1200
564 100 1104,936,1224,1200
565 100 1104,936,1224,1224
566 100 1104,960,1224,1200
567 100 1104,936,1224,1224
568 100 1128,936,1224,1200
569 100 1128,936,1224,1200
570 100 1104,936,1224,1224
571 100 1080,984,1224,1176
572 100 1056,984,1224,1176
573 100 960,984,1224,1176
574 100 744,984,1224,1176
575 100 816,960,1224,1200
576 100 192,984,1224,1176
577 100 0,984,1224,1176
578 100 0,1008,1224,1152
579 100 0,1008,1224,1152
580 100 0,1032,1224,1128
581 100 0,1032,1224,1128
582 100 0,1032,1224,1128
583 100 0,1056,1224,1104
584 100 0,1080,1224,1080
585 100 0,1104,1224,1056
586 100 0,1128,1224,1032
587 100 0,1128,1224,1032
588 100 0,1128,1224,1032
589 100 0,1128,1224,1032
590 100 0,1104,1224,1056
591 100 0,1104,1224,1056
592 100 0,1104,1224,1056
593 100 0,1080,1224,1080
594 100 0,1056,1224,1104
595 100 0,1056,1224,1104
596 100 0,1032,1224,1128
597 100 696,1008,1224,1152
598 100 1224,960,1224,1200
599 100 648,1008,1224,1152
600 100 72,1008,1224,1152
601 100 1152,984,1224,1176
602 100 1176,936,1224,1224
603 100 1152,960,1224,1200
604 100 1104,984,1224,1176
605 100 0,1032,1224,1128
606 100 0,1080,1224,1080
607 100 0,1104,1224,1056
608 100 0,1128,1224,1032
609 100 0,1152,1224,1008
610 100 0,1176,1224,984
611 100 0,1200,1224,960
612 100 0,1224,1224,936
613 100 0,1248,1224,912
614 100 0,1248,1224,912
615 100 0,1224,1224,936
616 100 0,1224,1224,936
617 100 0,1248,1224,912
618 100 0,1248,1224,912
619 100 0,1248,1224,912
620 100 0,1272,1224,888
621 100 0,1272,1224,888
622 100 0,1296,1224,864
623 100 0,1296,1224,864
624 100 0,1296,1224,864
625 100 0,1296,1224,864
626 100 0,1272,1224,888
627 100 0,1272,1224,888
628 100 0,1272,1224,888
629 100 0,1272,1224,888
630 100 0,1272,1224,888
631 100 0,1272,1224,888
632 100 0,1248,1224,912
633 100 0,1248,1224,912
634 100 0,1248,1224,912
635 100 0,1224,1224,936
636 100 0,1224,1224,936
637 100 0,1200,1224,960
638 100 0,1200,1224,960
639 100 0,1176,1224,984
640 100 0,1176,1224,984
641 100 0,1176,1224,984
642 100 0,1152,1224,1008
643 100 0,1152,1224,1008
644 100 0,1128,1224,1032
645 100 0,1104,1224,1056
646 100 0,1056,1224,1104
647 100 0,1032,1224,1128
648 100 0,1032,1224,1128
649 100 0,1008,1224,1152
650 100 0,984,1224,1176
651 100 672,960,1224,1200
652 100 1224,936,1224,1224
653 100 1272,912,1224,1248
654 100 1320,888,1224,1224
655 100 1368,840,1224,1224
656 100 1392,816,1224,1224
657 100 1440,792,1224,1200
658 100 1440,768,1224,1224
659 100 1464,768,1224,1224
660 100 1488,768,1224,1200
661 100 1488,744,1224,1224
662 100 1488,744,1224,1224
663 100 1488,744,1224,1224
664 100 1488,744,1224,1200
665 100 1512,720,1224,1224
666 100 1512,720,1224,1224
667 100 1536,720,1224,1200
668 100 1536,720,1224,1200
669 100 1536,696,1224,1224
670 100 1512,720,1224,1200
671 100 1512,720,1224,1200
672 100 1512,720,1224,1200
673 100 1512,720,1224,1200
674 100 1512,696,1224,1224
675 100 1512,696,1224,1224
676 100 1512,696,1224,1224
677 100 1488,696,1224,1224
678 100 1488,696,1224,1224
679 100 1464,696,1224,1200
680 100 1464,672,1224,1224
681 100 1440,672,1224,1200
682 100 1440,672,1224,1200
683 100 1416,672,1224,1200
684 100 1416,648,1224,1224
685 100 1416,648,1224,1200
686 100 1392,648,1224,1200
687 100 1392,648,1224,1200
688 100 1392,648,1224,1200
689 100 1392,648,1224,1200
690 100 1392,648,1224,1200
691 100 1392,648,1224,1200
692 100 1392,624,1224,1224
693 100 1368,624,1224,1224
694 100 1368,624,1224,1200
695 100 1368,624,1224,1200
696 100 1344,600,1224,1224
697 100 1344,600,1224,1224
698 100 1344,600,1224,1200
699 100 1320,600,1224,1200
700 100 1320,600,1224,1200
701 100 1320,600,1224,1200
702 100 1296,600,1224,1200
703 100 1296,600,1224,1200
704 100 1296,600,1224,1200
705 100 1296,600,1224,1224
706 100 1296,600,1224,1224
707 100 1272,624,1224,1200
708 100 1272,624,1224,1200
709 100 1272,624,1224,1200
710 100 1272,624,1224,1224
711 100 1272,624,1224,1200
712 100 1248,624,1224,1224
713 100 1248,624,1224,1200
714 100 1248,624,1224,1200
715 100 1248,624,1224,1200
716 100 1248,624,1224,1200
717 100 1248,624,1224,1200
718 100 1248,624,1224,1224
719 100 1248,624,1224,1224
720 100 1248,624,1224,1224
721 100 1248,624,1224,1224
722 100 1248,624,1224,1224
723 100 1248,624,1224,1200
724 100 1248,624,1224,1200
725 100 1248,624,1224,1224
726 100 1248,648,1224,1200
727 100 1248,648,1224,1200
728 100 1224,648,1224,1200
729 100 1224,648,1224,1224
730 100 1200,648,1224,1224
731 100 1200,672,1224,1200
732 100 1200,672,1224,1200
733 100 1200,672,1224,1200
734 100 1200,672,1224,1200
735 100 1200,672,1224,1200
736 100 1224,672,1224,1200
737 100 1224,672,1224,1200
738 100 1248,648,1224,1224
739 100 1248,648,1224,1224
740 100 1248,672,1224,1200
741 100 1224,672,1224,1224
742 100 1248,672,1224,1200
743 100 1248,672,1224,1200
744 100 1248,672,1224,1224
745 100 1248,672,1224,1224
746 100 1248,672,1224,1224
747 100 1248,672,1224,1200
748 100 1248,672,1224,1200
749 100 1248,672,1224,1200
750 100 1248,672,1224,1200
751 100 1248,672,1224,1200
752 100 1248,672,1224,1224
753 100 1272,672,1224,1224
754 100 1296,672,1224,1200
755 100 1296,672,1224,1200
756 100 1320,672,1224,1224
757 100 1344,696,1224,1200
758 100 1344,696,1224,1200
759 100 1368,672,1224,1224
760 100 1368,672,1224,1200
761 100 1392,672,1224,1200
762 100 1392,672,1224,1200
763 100 1416,672,1224,1200
764 100 1416,672,1224,1224
765 100 1416,672,1224,1224
766 100 1440,672,1224,1224
767 100 1440,672,1224,1224
768 100 1440,696,1224,1200
769 100 1440,696,1224,1200
770 100 1440,672,1224,1224
771 100 1440,696,1224,1200
772 100 1440,696,1224,1200
773 100 1416,672,1224,1224
774 100 1416,696,1224,1200
775 100 1416,696,1224,1200
776 100 1416,696,1224,1200
777 100 1416,696,1224,1200
778 100 1416,696,1224,1200
779 100 1416,696,1224,1200
780 100 1416,672,1224,1224
781 100 1416,696,1224,1200
782 100 1416,696,1224,1200
783 100 1416,696,1224,1200
784 100 1392,696,1224,1224
785 100 1392,696,1224,1224
786 100 1416,696,1224,1224
787 100 1416,696,1224,1200
788 100 1416,696,1224,1200
789 100 1416,696,1224,1200
790 100 1416,696,1224,1224
791 100 1416,696,1224,1224
792 100 1416,696,1224,1224
793 100 1392,696,1224,1200
794 100 1392,696,1224,1224
795 100 1392,696,1224,1224
796 100 1392,696,1224,1224
797 100 1368,720,1224,1200
798 100 1368,720,1224,1200
799 100 1368,720,1224,1200
800 100 1344,720,1224,1200
801 100 1344,720,1224,1200
802 100 1320,720,1224,1200
803 100 1320,696,1224,1224
804 100 1296,696,1224,1224
805 100 1272,696,1224,1224
806 100 1248,696,1224,1224
807 100 1224,720,1224,1200
808 100 1200,720,1224,1200
809 100 1176,720,1224,1200
810 100 1152,720,1224,1200
811 100 1128,720,1224,1200
812 100 1104,720,1224,1200
813 100 1080,720,1224,1200
814 100 1056,720,1224,1200
815 100 1056,720,1224,1200
816 100 1032,720,1224,1200
817 100 1032,720,1224,1200
818 100 1032,696,1224,1224
819 100 1056,720,1224,1200
820 100 1056,696,1224,1224
821 100 1080,696,1224,1224
822 100 1080,696,1224,1200
823 100 1104,696,1224,1200
824 100 1128,696,1224,1200
825 100 1152,696,1224,1200
826 100 1152,696,1224,1200
827 100 1152,696,1224,1224
828 100 1152,720,1224,1200
829 100 1176,696,1224,1224
830 100 1200,696,1224,1224
831 100 1200,696,1224,1200
832 100 1200,696,1224,1200
833 100 1224,696,1224,1200
834 100 1224,696,1224,1200
835 100 1248,696,1224,1200
836 100 1248,696,1224,1200
837 100 1272,696,1224,1200
838 100 1296,672,1224,1224
839 100 1296,672,1224,1200
840 100 1320,672,1224,1200
841 100 1344,648,1224,1224
842 100 1344,648,1224,1200
843 100 1368,648,1224,1200
844 100 1392,648,1224,1200
845 100 1392,648,1224,1200
846 100 1416,624,1224,1224
847 100 1416,624,1224,1224
848 100 1440,648,1224,1200
849 100 1440,648,1224,1200
850 100 1464,624,1224,1224
851 100 1464,648,1224,1200
852 100 1488,648,1224,1224
853 100 1464,696,1224,1200
854 100 1464,720,1224,1200
855 100 1440,720,1224,1224
856 100 1464,720,1224,1224
857 100 1464,744,1224,1200
858 100 1440,744,1224,1200
859 100 1440,744,1224,1200
860 100 1440,744,1224,1224
861 100 1440,744,1224,1224
862 100 1440,744,1224,1200
863 100 1416,744,1224,1200
864 100 1416,744,1224,1224
865 100 1392,744,1224,1224
866 100 1392,744,1224,1224
867 100 1392,744,1224,1224
868 100 1392,768,1224,1200
869 100 1368,768,1224,1200
870 100 1368,768,1224,1200
871 100 1368,768,1224,1224
872 100 1368,792,1224,1200
873 100 1344,792,1224,1200
874 100 1368,792,1224,1200
875 100 1368,768,1224,1200
876 100 1392,744,1224,1224
877 100 1368,768,1224,1200
878 100 1344,792,1224,1200
879 100 1320,792,1224,1224
880 100 1320,792,1224,1224
881 100 1320,792,1224,1200
882 100 1344,792,1224,1200
883 100 1344,816,1224,1200
884 100 1296,840,1224,1200
885 100 1320,840,1224,1200
886 100 1344,840,1224,1200
887 100 1368,840,1224,1200
888 100 1392,840,1224,1200
889 100 1440,840,1224,1200
890 100 1464,816,1224,1200
891 100 1488,792,1224,1224
892 100 1488,816,1224,1200
893 100 1488,816,1224,1200
894 100 1488,816,1224,1200
895 100 1464,816,1224,1200
896 100 1440,816,1224,1224
897 100 1392,840,1224,1224
898 100 1368,840,1224,1200
899 100 1344,840,1224,1224
900 100 1320,864,1224,1224
901 100 1296,864,1224,1224
902 100 1320,864,1224,1224
903 100 1344,864,1224,1200
904 100 1368,840,1224,1200
905 100 1392,792,1224,1224
906 100 1416,792,1224,1200
907 100 1440,768,1224,1200
908 100 1440,744,1224,1224
909 100 1440,744,1224,1200
910 100 1464,720,1224,1200
911 100 1464,696,1224,1200
912 100 1464,672,1224,1200
913 100 1464,648,1224,1200
914 100 1464,624,1224,1200
915 100 1440,600,1224,1224
916 100 1416,600,1224,1224
917 100 1392,600,1224,1200
918 100 1368,600,1224,1200
919 100 1344,600,1224,1200
920 100 1344,600,1224,1224
921 100 1368,624,1224,1200
922 100 1368,624,1224,1200
923 100 1368,624,1224,1200
924 100 1368,624,1224,1200
925 100 1368,600,1224,1224
926 100 1368,600,1224,1200
927 100 1368,600,1224,1200
928 100 1344,600,1224,1200
929 100 1344,600,1224,1200
930 100 1344,600,1224,1200
931 100 1344,600,1224,1200
932 100 1368,600,1224,1200
933 100 1368,576,1224,1224
934 100 1368,576,1224,1224
935 100 1368,576,1224,1224
936 100 1368,576,1224,1224
937 100 1368,576,1224,1224
938 100 1368,576,1224,1224
939 100 1344,576,1224,1224
940 100 1344,576,1224,1224
941 100 1344,576,1224,1224
942 100 1320,576,1224,1224
943 100 1320,576,1224,1224
944 100 1320,576,1224,1200
945 100 1320,552,1224,1224
946 100 1296,528,1224,1200
947 100 1272,504,1224,1200
948 100 1272,480,1224,1224
949 100 1272,480,1224,1224
950 100 1248,480,1224,1200
951 100 1248,456,1224,1224
952 100 1224,456,1224,1200
953 100 1200,432,1224,1200
954 100 1176,408,1224,1200
955 100 1152,384,1224,1224
956 100 1152,384,1224,1200
957 100 1128,384,1224,1200
958 100 1128,360,1224,1224
959 100 1128,360,1224,1224
960 100 1104,360,1224,1200
961 100 1104,336,1224,1224
962 100 1104,336,1224,1200
963 100 1080,312,1224,1200
964 100 1056,288,1224,1224
965 100 1056,288,1224,1224
966 100 1032,288,1224,1200
967 100 1032,288,1224,1200
968 100 1008,288,1224,1200
969 100 1008,288,1224,1200
970 100 984,288,1224,1200
971 100 960,264,1224,1224
972 100 936,240,1224,1224
973 100 912,240,1224,1200
974 100 912,240,1224,1200
975 100 912,240,1224,1200
976 100 912,216,1224,1224
977 100 912,216,1224,1224
978 100 912,216,1224,1224
979 100 912,240,1224,1200
980 100 912,240,1224,1200
981 100 912,240,1224,1200
982 100 912,240,1224,1200
983 100 912,240,1224,1224
984 100 936,264,1224,1200
985 100 936,288,1224,1200
986 100 960,312,1224,1200
987 100 960,336,1224,1224
988 100 984,384,1224,1200
989 100 984,408,1224,1200
990 100 960,408,1224,1200
991 100 936,408,1224,1224
992 100 936,432,1224,1200
993 100 912,432,1224,1224
994 100 912,456,1224,1200
995 100 912,456,1224,1224
996 100 912,480,1224,1200
997 100 888,480,1224,1224
998 100 888,504,1224,1200
999 100 888,528,1224,1200
1000 100 912,552,1224,1200
1001 100 912,576,1224,1200
1002 100 912,576,1224,1224
1003 100 888,600,1224,1200
1004 100 864,624,1224,1200
1005 100 840,648,1224,1200
1006 100 792,648,1224,1200
1007 100 768,648,1224,1200
1008 100 720,648,1224,1200
1009 100 672,648,1224,1200
1010 100 600,624,1224,1200
1011 100 528,624,1224,1200
1012 100 480,600,1224,1224
1013 100 432,600,1224,1200
1014 100 384,600,1224,1200
1015 100 360,600,1224,1200
1016 100 336,600,1224,1224
1017 100 336,600,1224,1224
1018 100 312,600,1224,1200
1019 100 312,600,1224,1200
1020 100 288,600,1224,1200
1021 100 288,600,1224,1200
1022 100 264,600,1224,1200
1023 100 264,600,1224,1200
1024 100 264,600,1224,1200
1025 100 264,600,1224,1200
1026 100 264,600,1224,1200
1027 100 264,600,1224,1200
1028 100 264,600,1224,1200
1029 100 264,600,1224,1200
1030 100 264,600,1224,1200
1031 100 288,600,1224,1200
1032 100 312,600,1224,1200
1033 100 360,600,1224,1200
1034 100 432,600,1224,1224
1035 100 552,600,1224,1224
1036 100 696,600,1224,1224
1037 100 840,600,1224,1200
1038 100 1032,600,1224,1200
1039 100 1200,576,1224,1224
1040 100 1368,576,1224,1224
1041 100 1560,552,1224,1224
1042 100 1728,552,1224,1224
1043 100 1872,528,1224,1224
1044 100 2040,504,1224,1224
1045 100 2184,504,1224,1224
1046 100 2328,504,1224,1224
1047 100 2472,528,1224,1224
1048 100 2592,552,1224,1200
1049 100 2664,552,1224,1200
1050 100 2784,552,1224,1224
1051 100 3024,552,1224,1224
1052 100 3192,552,1224,1224
1053 100 3168,552,1224,1224
1054 100 3240,576,1224,1200
1055 100 3408,576,1224,1200
1056 100 3384,576,1224,1224
1057 100 3432,576,1224,1200
1058 100 3408,576,1224,1200
1059 100 3408,576,1224,1200
1060 100 3552,600,1224,1200
1061 100 0,600,1224,1200
1062 100 0,600,1224,1200
1063 100 3384,600,1224,1200
1064 100 72,600,1224,1200
1065 100 24,576,1224,1224
1066 100 24,576,1224,1200
1067 100 48,576,1224,1224
1068 100 24,600,1224,1200
1069 100 24,600,1224,1200
1070 100 24,600,1224,1200
1071 100 0,600,1224,1224
1072 100 0,600,1224,1224
1073 100 24,600,1224,1224
1074 100 48,600,1224,1224
1075 100 0,600,1224,1224
1076 100 24,600,1224,1224
1077 100 0,600,1224,1224
1078 100 0,600,1224,1224
1079 100 24,600,1224,1224
1080 100 0,600,1224,1224
1081 100 0,600,1224,1200
1082 100 0,600,1224,1200
1083 100 0,624,1224,1200
1084 100 0,624,1224,1200
1085 100 0,624,1224,1224
1086 100 0,648,1224,1200
1087 100 0,648,1224,1200
1088 100 0,648,1224,1200
1089 100 0,648,1224,1224
1090 100 24,672,1224,1200
1091 100 48,648,1224,1224
1092 100 72,648,1224,1224
1093 100 96,648,1224,1200
1094 100 120,648,1224,1200
1095 100 168,648,1224,1224
1096 100 192,648,1224,1224
1097 100 216,648,1224,1224
1098 100 216,648,1224,1200
1099 100 240,648,1224,1200
1100 100 264,624,1224,1224
1101 100 312,648,1224,1200
1102 100 336,624,1224,1224
1103 100 384,624,1224,1200
1104 100 408,600,1224,1224
1105 100 432,600,1224,1200
1106 100 456,600,1224,1200
1107 100 456,600,1224,1224
1108 100 480,600,1224,1224
1109 100 504,600,1224,1200
1110 100 528,600,1224,1224
1111 100 552,600,1224,1200
1112 100 576,600,1224,1200
1113 100 576,600,1224,1200
1114 100 600,600,1224,1200
1115 100 600,600,1224,1200
1116 100 624,600,1224,1200
1117 100 624,600,1224,1224
1118 100 648,600,1224,1200
1119 100 672,600,1224,1224
1120 100 696,600,1224,1224
1121 100 696,600,1224,1224
1122 100 720,600,1224,1224
1123 100 720,600,1224,1224
1124 100 720,600,1224,1224
1125 100 744,600,1224,1224
1126 100 744,624,1224,1200
1127 100 720,624,1224,1200
1128 100 720,624,1224,1200
1129 100 720,624,1224,1200
1130 100 720,624,1224,1200
1131 100 720,600,1224,1224
1132 100 720,600,1224,1200
1133 100 720,600,1224,1200
1134 100 720,576,1224,1224
1135 100 720,576,1224,1200
1136 100 720,576,1224,1200
1137 100 720,576,1224,1200
1138 100 720,552,1224,1224
1139 100 744,552,1224,1200
1140 100 744,552,1224,1200
1141 100 744,552,1224,1200
1142 100 744,552,1224,1200
1143 100 744,552,1224,1200
1144 100 744,552,1224,1200
1145 100 744,552,1224,1200
1146 100 744,552,1224,1224
1147 100 768,552,1224,1200
1148 100 768,552,1224,1200
1149 100 744,552,1224,1200
1150 100 744,552,1224,1200
1151 100 768,552,1224,1200
1152 100 768,552,1224,1200
1153 100 792,552,1224,1200
1154 100 792,552,1224,1200
1155 100 840,552,1224,1200
1156 100 864,552,1224,1200
1157 100 912,552,1224,1200
1158 100 984,552,1224,1200
1159 100 1032,552,1224,1200
1160 100 1056,552,1224,1200
1161 100 1080,552,1224,1200
1162 100 1104,552,1224,1200
1163 100 1128,552,1224,1200
1164 100 1152,552,1224,1200
1165 100 1152,552,1224,1200
1166 100 1176,552,1224,1200
1167 100 1224,552,1224,1200
1168 100 1248,528,1224,1224
1169 100 1272,528,1224,1200
1170 100 1272,528,1224,1200
1171 100 1296,528,1224,1200
1172 100 1320,528,1224,1200
1173 100 1320,528,1224,1200
1174 100 1368,528,1224,1200
1175 100 1392,528,1224,1200
1176 100 1416,528,1224,1200
1177 100 1440,504,1224,1224
1178 100 1464,528,1224,1200
1179 100 1488,528,1224,1200
1180 100 1512,528,1224,1200
1181 100 1536,528,1224,1200
1182 100 1560,528,1224,1200
1183 100 1584,528,1224,1200
1184 100 1584,528,1224,1200
1185 100 1584,528,1224,1224
1186 100 1560,552,1224,1200
1187 100 1560,552,1224,1200
1188 100 1560,552,1224,1200
1189 100 1560,528,1224,1224
1190 100 1536,528,1224,1224
1191 100 1536,528,1224,1224
1192 100 1536,528,1224,1224
1193 100 1512,552,1224,1200
1194 100 1488,552,1224,1200
1195 100 1488,552,1224,1200
1196 100 1464,552,1224,1200
1197 100 1440,552,1224,1200
1198 100 1416,552,1224,1200
1199 100 1392,552,1224,1200
1200 100 1344,552,1224,1200
1201 100 1272,528,1224,1224
1202 100 1200,528,1224,1224
1203 100 1104,552,1224,1200
1204 100 1008,552,1224,1200
1205 100 912,576,1224,1200
1206 100 768,576,1224,1200
1207 100 672,576,1224,1200
1208 100 576,576,1224,1200
1209 100 456,576,1224,1200
1210 100 312,576,1224,1200
1211 100 216,576,1224,1200
1212 100 96,576,1224,1200
1213 100 0,552,1224,1224
1214 100 0,552,1224,1200
1215 100 24,528,1224,1224
1216 100 0,528,1224,1200
1217 100 24,528,1224,1200
1218 100 3408,504,1224,1200
1219 100 3672,480,1224,1224
1220 100 3408,480,1224,1224
1221 100 3648,480,1224,1224
1222 100 3480,504,1224,1200
1223 100 3384,504,1224,1224
1224 100 3336,528,1224,1200
1225 100 3192,504,1224,1224
1226 100 3096,504,1224,1200
1227 100 3000,504,1224,1200
1228 100 2976,504,1224,1224
1229 100 2904,528,1224,1200
1230 100 2880,528,1224,1200
1231 100 2784,528,1224,1224
1232 100 2760,552,1224,1200
1233 100 2736,552,1224,1200
1234 100 2688,552,1224,1200
1235 100 2640,552,1224,1200
1236 100 2616,552,1224,1200
1237 100 2640,552,1224,1200
1238 100 2616,552,1224,1200
1239 100 2592,552,1224,1200
1240 100 2568,552,1224,1200
1241 100 2544,528,1224,1224
1242 100 2520,528,1224,1200
1243 100 2496,528,1224,1200
1244 100 2472,528,1224,1200
1245 100 2448,528,1224,1224
1246 100 2424,528,1224,1224
1247 100 2400,552,1224,1200
1248 100 2376,528,1224,1224
1249 100 2352,528,1224,1200
1250 100 2328,528,1224,1200
1251 100 2304,528,1224,1200
1252 100 2304,528,1224,1200
1253 100 2280,528,1224,1200
1254 100 2256,528,1224,1200
1255 100 2232,528,1224,1224
1256 100 2208,528,1224,1224
1257 100 2184,552,1224,1200
1258 100 2160,552,1224,1200
1259 100 2136,552,1224,1200
1260 100 2112,552,1224,1200
1261 100 2088,552,1224,1200
1262 100 2064,552,1224,1200
1263 100 2064,552,1224,1224
1264 100 2040,552,1224,1224
1265 100 2016,552,1224,1224
1266 100 1992,576,1224,1200
1267 100 1968,576,1224,1200
1268 100 1968,552,1224,1224
1269 100 1944,552,1224,1200
1270 100 1920,552,1224,1200
1271 100 1896,552,1224,1200
1272 100 1872,552,1224,1200
1273 100 1848,552,1224,1200
1274 100 1848,552,1224,1200
1275 100 1824,528,1224,1224
1276 100 1800,528,1224,1200
1277 100 1776,528,1224,1200
1278 100 1776,528,1224,1200
1279 100 1752,528,1224,1200
1280 100 1728,528,1224,1200
1281 100 1704,528,1224,1200
1282 100 1680,528,1224,1200
1283 100 1656,528,1224,1200
1284 100 1632,528,1224,1200
1285 100 1608,528,1224,1200
1286 100 1584,504,1224,1224
1287 100 1560,504,1224,1224
1288 100 1536,504,1224,1224
1289 100 1512,504,1224,1200
1290 100 1488,504,1224,1200
1291 100 1440,480,1224,1224
1292 100 1416,480,1224,1224
1293 100 1392,480,1224,1224
1294 100 1368,480,1224,1200
1295 100 1320,480,1224,1200
1296 100 1296,480,1224,1200
1297 100 1272,480,1224,1200
1298 100 1248,480,1224,1200
1299 100 1248,480,1224,1200
1300 100 1224,480,1224,1200
1301 100 1248,480,1224,1200
1302 100 1248,480,1224,1224
1303 100 1248,480,1224,1200
1304 100 1248,480,1224,1200
1305 100 1248,480,1224,1200
1306 100 1248,480,1224,1200
1307 100 1224,480,1224,1200
1308 100 1224,480,1224,1200
1309 100 1224,480,1224,1200
1310 100 1224,480,1224,1224
1311 100 1224,480,1224,1224
1312 100 1248,504,1224,1200
1313 100 1248,504,1224,1224
1314 100 1248,528,1224,1224
1315 100 1248,552,1224,1224
1316 100 1224,576,1224,1224
1317 100 1200,600,1224,1200
1318 100 1200,624,1224,1200
1319 100 1176,624,1224,1224
1320 100 1128,648,1224,1200
1321 100 1128,648,1224,1200
1322 100 1104,648,1224,1200
1323 100 1104,648,1224,1200
1324 100 1080,648,1224,1200
1325 100 1056,648,1224,1200
1326 100 1056,648,1224,1200
1327 100 1032,648,1224,1200
1328 100 1008,648,1224,1200
1329 100 1008,648,1224,1200
1330 100 984,648,1224,1200
1331 100 984,648,1224,1200
1332 100 960,648,1224,1200
1333 100 960,648,1224,1200
1334 100 936,648,1224,1200
1335 100 960,648,1224,1200
1336 100 960,648,1224,1200
1337 100 960,648,1224,1200
1338 100 960,624,1224,1224
1339 100 960,624,1224,1224
1340 100 960,624,1224,1200
1341 100 984,624,1224,1200
1342 100 984,624,1224,1200
1343 100 984,624,1224,1200
1344 100 984,600,1224,1224
1345 100 984,600,1224,1224
1346 100 1008,600,1224,1224
1347 100 1008,600,1224,1224
1348 100 1032,600,1224,1200
1349 100 1056,600,1224,1200
1350 100 1056,600,1224,1200
1351 100 1080,600,1224,1200
1352 100 1080,600,1224,1200
1353 100 1104,576,1224,1224
1354 100 1104,576,1224,1200
1355 100 1128,576,1224,1200
1356 100 1152,576,1224,1200
1357 100 1152,576,1224,1200
1358 100 1176,576,1224,1200
1359 100 1176,576,1224,1200
1360 100 1176,576,1224,1200
1361 100 1176,576,1224,1200
1362 100 1176,576,1224,1200
1363 100 1176,576,1224,1200
1364 100 1176,576,1224,1200
1365 100 1152,576,1224,1200
1366 100 1152,576,1224,1200
1367 100 1176,576,1224,1200
1368 100 1176,576,1224,1200
1369 100 1176,576,1224,1224
1370 100 1176,600,1224,1200
1371 100 1176,600,1224,1224
1372 100 1176,624,1224,1224
1373 100 1176,624,1224,1224
1374 100 1176,648,1224,1200
1375 100 1176,648,1224,1200
1376 100 1176,648,1224,1224
1377 100 1200,672,1224,1200
1378 100 1200,672,1224,1224
1379 100 1200,696,1224,1200
1380 100 1224,696,1224,1224
1381 100 1224,696,1224,1224
1382 100 1224,720,1224,1224
1383 100 1224,744,1224,1200
1384 100 1224,744,1224,1224
1385 100 1200,768,1224,1200
1386 100 1200,768,1224,1224
1387 100 1224,768,1224,1224
1388 100 1224,768,1224,1224
1389 100 1248,792,1224,1200
1390 100 1248,792,1224,1200
1391 100 1248,792,1224,1200
1392 100 1248,792,1224,1200
1393 100 1248,792,1224,1200
1394 100 1224,792,1224,1200
1395 100 1224,792,1224,1224
1396 100 1224,816,1224,1200
1397 100 1224,840,1224,1200
1398 100 1248,864,1224,1200
1399 100 1224,888,1224,1224
1400 100 1200,912,1224,1224
1401 100 1224,936,1224,1224
1402 100 1200,960,1224,1200
1403 100 1176,960,1224,1200
1404 100 744,984,1224,1176
1405 100 0,1008,1224,1152
1406 100 0,1032,1224,1128
1407 100 0,1032,1224,1128
1408 100 0,1032,1224,1128
1409 100 0,1056,1224,1104
1410 100 0,1056,1224,1104
1411 100 0,1056,1224,1104
1412 100 0,1080,1224,1080
1413 100 0,1080,1224,1080
1414 100 0,1080,1224,1080
1415 100 0,1080,1224,1080
1416 100 0,1080,1224,1080
1417 100 0,1080,1224,1080
1418 100 0,1080,1224,1080
1419 100 0,1080,1224,1080
1420 100 0,1080,1224,1080
1421 100 0,1080,1224,1080
1422 100 0,1104,1224,1056
1423 100 0,1104,1224,1056
1424 100 0,1080,1224,1080
1425 100 0,1104,1224,1056
1426 100 0,1104,1224,1056
1427 100 0,1104,1224,1056
1428 100 0,1104,1224,1056
1429 100 0,1104,1224,1056
1430 100 0,1104,1224,1056
1431 100 0,1104,1224,1056
1432 100 0,1104,1224,1056
1433 100 0,1104,1224,1056
1434 100 0,1104,1224,1056
1435 100 0,1104,1224,1056
1436 100 0,1104,1224,1056
1437 100 0,1104,1224,1056
1438 100 0,1104,1224,1056
1439 100 0,1104,1224,1056
1440 100 0,1104,1224,1056
1441 100 0,1104,1224,1056
1442 100 0,1104,1224,1056
1443 100 0,1104,1224,1056
1444 100 0,1104,1224,1056
1445 100 0,1104,1224,1056
1446 100 0,1104,1224,1056
1447 100 0,1104,1224,1056
1448 100 0,1104,1224,1056
1449 100 0,1080,1224,1080
1450 100 0,1080,1224,1080
1451 100 0,1080,1224,1080
1452 100 0,1080,1224,1080
1453 100 0,1080,1224,1080
1454 100 0,1080,1224,1080
1455 100 0,1080,1224,1080
1456 100 0,1080,1224,1080
1457 100 0,1080,1224,1080
1458 100 0,1080,1224,1080
1459 100 0,1080,1224,1080
1460 100 0,1080,1224,1080
1461 100 0,1080,1224,1080
1462 100 0,1080,1224,1080
1463 100 0,1080,1224,1080
1464 100 0,1080,1224,1080
1465 100 0,1080,1224,1080
1466 100 0,1080,1224,1080
1467 100 0,1080,1224,1080
1468 100 0,1056,1224,1104
1469 100 0,1056,1224,1104
1470 100 0,1056,1224,1104
1471 100 0,1056,1224,1104
1472 100 0,1056,1224,1104
1473 100 0,1056,1224,1104
1474 100 0,1056,1224,1104
1475 100 0,1056,1224,1104
1476 100 0,1056,1224,1104
1477 100 0,1032,1224,1128
1478 100 0,1032,1224,1128
1479 100 0,1008,1224,1152
1480 100 456,1008,1224,1152
1481 100 432,1008,1224,1152
1482 100 384,1008,1224,1152
1483 100 312,1008,1224,1152
1484 100 264,1008,1224,1152
1485 100 336,1008,1224,1152
1486 100 480,1008,1224,1152
1487 100 696,984,1224,1176
1488 100 864,984,1224,1176
1489 100 840,984,1224,1176
1490 100 840,960,1224,1200
1491 100 816,936,1224,1224
1492 100 792,936,1224,1200
1493 100 792,912,1224,1224
1494 100 768,888,1224,1224
1495 100 768,864,1224,1248
1496 100 744,864,1224,1248
1497 100 768,864,1224,1248
1498 100 768,888,1224,1224
1499 100 768,888,1224,1224
1500 100 768,888,1224,1224
1501 100 768,912,1224,1200
1502 100 792,912,1224,1200
1503 100 792,888,1224,1224
1504 100 792,888,1224,1224
1505 100 792,912,1224,1200
1506 100 792,912,1224,1200
1507 100 792,912,1224,1224
1508 100 792,912,1224,1224
1509 100 816,912,1224,1224
1510 100 816,936,1224,1200
1511 100 840,912,1224,1224
1512 100 840,912,1224,1224
1513 100 840,912,1224,1224
1514 100 864,936,1224,1200
1515 100 864,936,1224,1224
1516 100 888,936,1224,1224
1517 100 888,960,1224,1200
1518 100 888,960,1224,1200
1519 100 912,936,1224,1224
1520 100 912,936,1224,1224
1521 100 912,960,1224,1200
1522 100 936,960,1224,1200
1523 100 936,960,1224,1200
1524 100 696,984,1224,1176
1525 100 0,1008,1224,1152
1526 100 0,1032,1224,1128
1527 100 0,1032,1224,1128
1528 100 0,1032,1224,1128
1529 100 0,1032,1224,1128
1530 100 0,1056,1224,1104
1531 100 0,1056,1224,1104
1532 100 0,1056,1224,1104
1533 100 0,1056,1224,1104
1534 100 0,1056,1224,1104
1535 100 0,1080,1224,1080
1536 100 0,1080,1224,1080
1537 100 0,1080,1224,1080
1538 100 0,1104,1224,1056
1539 100 0,1104,1224,1056
1540 100 0,1104,1224,1056
1541 100 0,1104,1224,1056
1542 100 0,1104,1224,1056
1543 100 0,1104,1224,1056
1544 100 0,1080,1224,1080
1545 100 0,1080,1224,1080
1546 100 0,1080,1224,1080
1547 100 0,1080,1224,1080
1548 100 0,1080,1224,1080
1549 100 0,1080,1224,1080
1550 100 0,1080,1224,1080
1551 100 0,1080,1224,1080
1552 100 0,1080,1224,1080
1553 100 0,1080,1224,1080
1554 100 0,1080,1224,1080
1555 100 0,1080,1224,1080
1556 100 0,1080,1224,1080
1557 100 0,1080,1224,1080
1558 100 0,1080,1224,1080
1559 100 0,1080,1224,1080
1560 100 0,1080,1224,1080
1561 100 0,1080,1224,1080
1562 100 0,1080,1224,1080
1563 100 0,1080,1224,1080
1564 100 0,1080,1224,1080
1565 100 0,1080,1224,1080
1566 100 0,1104,1224,1056
1567 100 0,1104,1224,1056
1568 100 0,1080,1224,1080
1569 100 0,1104,1224,1056
1570 100 0,1104,1224,1056
1571 100 0,1104,1224,1056
1572 100 0,1104,1224,1056
1573 100 0,1104,1224,1056
1574 100 0,1104,1224,1056
1575 100 0,1104,1224,1056
1576 100 0,1104,1224,1056
1577 100 0,1080,1224,1080
1578 100 0,1080,1224,1080
1579 100 0,1080,1224,1080
1580 100 0,1080,1224,1080
1581 100 0,1080,1224,1080
1582 100 0,1080,1224,1080
1583 100 0,1080,1224,1080
1584 100 0,1080,1224,1080
1585 100 0,1080,1224,1080
1586 100 0,1080,1224,1080
1587 100 0,1080,1224,1080
1588 100 0,1080,1224,1080
1589 100 0,1080,1224,1080
1590 100 0,1080,1224,1080
1591 100 0,1080,1224,1080
1592 100 0,1080,1224,1080
1593 100 0,1080,1224,1080
1594 100 0,1080,1224,1080
1595 100 0,1080,1224,1080
1596 100 0,1080,1224,1080
1597 100 0,1056,1224,1104
1598 100 0,1056,1224,1104
1599 100 0,1056,1224,1104
1600 100 0,1056,1224,1104
1601 100 0,1080,1224,1080
1602 100 0,1056,1224,1104
1603 100 0,1056,1224,1104
1604 100 0,1056,1224,1104
1605 100 0,1056,1224,1104
1606 100 0,1056,1224,1104
1607 100 0,1056,1224,1104
1608 100 0,1056,1224,1104
1609 100 0,1056,1224,1104
1610 100 0,1056,1224,1104
1611 100 0,1032,1224,1128
1612 100 0,1032,1224,1128
1613 100 0,1056,1224,1104
1614 100 0,1056,1224,1104
1615 100 0,1056,1224,1104
1616 100 0,1056,1224,1104
1617 100 0,1056,1224,1104
1618 100 0,1056,1224,1104
1619 100 0,1056,1224,1104
1620 100 0,1056,1224,1104
1621 100 0,1056,1224,1104
1622 100 0,1056,1224,1104
1623 100 0,1056,1224,1104
1624 100 0,1056,1224,1104
1625 100 0,1056,1224,1104
1626 100 0,1032,1224,1128
1627 100 0,1008,1224,1152
1628 100 0,984,1224,1176
1629 100 1440,912,1224,1248
1630 100 1536,864,1224,1224
1631 100 1608,792,1224,1224
1632 100 1704,696,1224,1224
1633 100 1752,624,1224,1200
1634 100 1776,600,1224,1200
1635 100 1776,576,1224,1224
1636 100 1800,576,1224,1200
1637 100 1800,552,1224,1224
1638 100 1800,552,1224,1200
1639 100 1800,528,1224,1224
1640 100 1800,552,1224,1200
1641 100 1824,552,1224,1200
1642 100 1824,552,1224,1200
1643 100 1824,552,1224,1200
1644 100 1824,552,1224,1200
1645 100 1848,552,1224,1200
1646 100 1848,552,1224,1200
1647 100 1872,552,1224,1224
1648 100 1872,576,1224,1200
1649 100 1896,576,1224,1200
1650 100 1920,576,1224,1200
1651 100 1920,576,1224,1200
1652 100 1944,576,1224,1200
1653 100 1944,576,1224,1200
1654 100 1944,576,1224,1200
1655 100 1968,552,1224,1224
1656 100 1968,552,1224,1224
1657 100 1968,552,1224,1224
1658 100 1968,552,1224,1224
1659 100 1992,552,1224,1200
1660 100 1992,552,1224,1200
1661 100 1992,552,1224,1200
1662 100 2016,552,1224,1200
1663 100 2016,552,1224,1200
1664 100 2016,552,1224,1200
1665 100 2016,552,1224,1200
1666 100 2016,552,1224,1200
1667 100 2016,552,1224,1200
1668 100 2016,528,1224,1224
1669 100 2016,528,1224,1224
1670 100 2016,528,1224,1200
1671 100 2040,528,1224,1200
1672 100 2040,528,1224,1200
1673 100 2040,528,1224,1200
1674 100 2040,504,1224,1200
1675 100 2040,504,1224,1200
1676 100 2040,504,1224,1200
1677 100 2040,480,1224,1200
1678 100 2040,480,1224,1200
1679 100 2064,456,1224,1224
1680 100 2064,456,1224,1200
1681 100 2064,456,1224,1200
1682 100 2064,456,1224,1200
1683 100 2064,456,1224,1200
1684 100 2064,456,1224,1200
1685 100 2064,456,1224,1200
1686 100 2064,456,1224,1200
1687 100 2064,432,1224,1224
1688 100 2064,432,1224,1224
1689 100 2064,432,1224,1224
1690 100 2064,432,1224,1224
1691 100 2064,432,1224,1200
1692 100 2064,432,1224,1200
1693 100 2064,408,1224,1224
1694 100 2064,408,1224,1200
1695 100 2064,408,1224,1200
1696 100 2064,384,1224,1224
1697 100 2040,384,1224,1224
1698 100 2040,384,1224,1224
1699 100 2040,384,1224,1224
1700 100 2040,384,1224,1224
1701 100 2040,384,1224,1224
1702 100 2040,384,1224,1224
1703 100 2040,384,1224,1224
1704 100 2040,384,1224,1224
1705 100 2040,384,1224,1224
1706 100 2040,384,1224,1224
1707 100 2040,384,1224,1224
1708 100 2064,384,1224,1224
1709 100 2064,384,1224,1224
1710 100 2040,408,1224,1200
1711 100 2040,408,1224,1200
1712 100 2040,408,1224,1200
1713 100 2040,408,1224,1200
1714 100 2040,408,1224,1200
1715 100 2040,408,1224,1200
1716 100 2040,408,1224,1200
1717 100 2040,408,1224,1200
1718 100 2040,408,1224,1200
1719 100 2040,408,1224,1200
1720 100 2040,408,1224,1200
1721 100 2040,408,1224,1200
1722 100 2040,408,1224,1200
1723 100 2040,408,1224,1200
1724 100 2040,408,1224,1200
1725 100 2040,384,1224,1224
1726 100 2040,384,1224,1224
1727 100 2040,384,1224,1224
1728 100 2040,384,1224,1224
1729 100 2040,408,1224,1200
1730 100 2040,384,1224,1224
1731 100 2040,408,1224,1200
1732 100 2040,408,1224,1200
1733 100 2040,408,1224,1200
1734 100 2040,408,1224,1200
1735 100 2040,408,1224,1200
1736 100 2040,408,1224,1200
1737 100 2040,408,1224,1200
1738 100 2040,408,1224,1200
1739 100 2040,408,1224,1200
1740 100 2040,408,1224,1200
1741 100 2040,408,1224,1200
1742 100 2064,408,1224,1200
1743 100 2064,408,1224,1224
1744 100 2064,408,1224,1224
1745 100 2064,408,1224,1224
1746 100 2064,408,1224,1224
1747 100 2064,408,1224,1224
1748 100 2040,408,1224,1224
1749 100 2040,408,1224,1224
1750 100 2040,408,1224,1224
1751 100 2040,408,1224,1224
1752 100 2040,408,1224,1224
1753 100 2016,408,1224,1224
1754 100 2016,408,1224,1224
1755 100 1992,408,1224,1224
1756 100 1968,408,1224,1224
1757 100 1920,432,1224,1200
1758 100 1872,432,1224,1200
1759 100 1848,408,1224,1224
1760 100 1800,408,1224,1224
1761 100 1776,408,1224,1224
1762 100 1752,408,1224,1224
1763 100 1728,408,1224,1200
1764 100 1704,408,1224,1224
1765 100 1704,408,1224,1224
1766 100 1704,408,1224,1224
1767 100 1680,408,1224,1224
1768 100 1680,408,1224,1224
1769 100 1680,408,1224,1224
1770 100 1656,408,1224,1224
1771 100 1656,432,1224,1200
1772 100 1656,432,1224,1200
1773 100 1680,432,1224,1200
1774 100 1680,432,1224,1224
1775 100 1680,432,1224,1224
1776 100 1680,432,1224,1224
1777 100 1704,432,1224,1224
1778 100 1728,456,1224,1200
1779 100 1776,456,1224,1200
1780 100 1848,456,1224,1200
1781 100 1896,456,1224,1200
1782 100 1968,456,1224,1200
1783 100 2040,432,1224,1224
1784 100 2088,432,1224,1200
1785 100 2136,432,1224,1200
1786 100 2208,432,1224,1200
1787 100 2256,432,1224,1200
1788 100 2304,432,1224,1200
1789 100 2328,432,1224,1224
1790 100 2376,432,1224,1224
1791 100 2400,432,1224,1224
1792 100 2424,456,1224,1200
1793 100 2424,456,1224,1200
1794 100 2424,456,1224,1200
1795 100 2424,456,1224,1200
1796 100 2424,456,1224,1200
1797 100 2424,456,1224,1200
1798 100 2424,456,1224,1200
