0 100 384,504,1224,1224
1 100 2352,312,1224,1224
2 100 2352,336,1224,1200
3 100 2352,336,1224,1200
4 100 2376,312,1224,1224
5 100 2376,336,1224,1200
6 100 2376,336,1224,1200
7 100 2376,336,1224,1200
8 100 2376,336,1224,1200
9 100 2376,336,1224,1200
10 100 2400,336,1224,1200
11 100 2400,336,1224,1224
12 100 2424,360,1224,1200
13 100 2448,384,1224,1200
14 100 2472,408,1224,1224
15 100 2496,456,1224,1224
16 100 2520,504,1224,1224
17 100 2496,552,1224,1224
18 100 2448,600,1224,1200
19 100 2424,624,1224,1200
20 100 2400,600,1224,1224
21 100 2400,600,1224,1224
22 100 2400,600,1224,1200
23 100 2400,576,1224,1224
24 100 2400,576,1224,1200
25 100 2376,552,1224,1200
26 100 2328,528,1224,1200
27 100 2280,528,1224,1200
28 100 2208,504,1224,1200
29 100 2136,504,1224,1200
30 100 2040,504,1224,1200
31 100 1968,480,1224,1224
32 100 1896,480,1224,1224
33 100 1824,480,1224,1224
34 100 1728,480,1224,1200
35 100 1656,480,1224,1200
36 100 1584,480,1224,1200
37 100 1536,480,1224,1224
38 100 1464,480,1224,1200
39 100 1392,480,1224,1200
40 100 1344,480,1224,1200
41 100 1320,480,1224,1200
42 100 1296,480,1224,1200
43 100 1272,480,1224,1200
44 100 1272,480,1224,1200
45 100 1248,480,1224,1200
46 100 1248,480,1224,1200
47 100 1248,456,1224,1224
48 100 1248,456,1224,1200
49 100 1248,432,1224,1224
50 100 1248,432,1224,1200
51 100 1248,432,1224,1200
52 100 1248,432,1224,1224
53 100 1248,432,1224,1224
54 100 1272,456,1224,1224
55 100 1272,504,1224,1200
56 100 1272,504,1224,1224
57 100 1296,528,1224,1224
58 100 1296,528,1224,1200
59 100 1296,528,1224,1200
60 100 1296,528,1224,1224
61 100 1296,528,1224,1200
62 100 1296,528,1224,1200
63 100 1320,528,1224,1200
64 100 1320,528,1224,1200
65 100 1320,528,1224,1200
66 100 1320,528,1224,1200
67 100 1320,528,1224,1200
68 100 1320,504,1224,1200
69 100 1296,480,1224,1224
70 100 1296,480,1224,1224
71 100 1320,504,1224,1200
72 100 1296,504,1224,1200
73 100 1296,504,1224,1200
74 100 1296,504,1224,1200
75 100 1296,504,1224,1200
76 100 1296,504,1224,1200
77 100 1320,528,1224,1200
78 100 1296,504,1224,1224
79 100 1296,504,1224,1200
80 100 1296,504,1224,1200
81 100 1296,504,1224,1200
82 100 1272,480,1224,1200
83 100 1272,480,1224,1200
84 100 1272,480,1224,1200
85 100 1272,456,1224,1224
86 100 1248,456,1224,1200
87 100 1248,432,1224,1224
88 100 1248,432,1224,1224
89 100 1248,432,1224,1200
90 100 1224,408,1224,1224
91 100 1224,408,1224,1200
92 100 1224,408,1224,1200
93 100 1224,408,1224,1200
94 100 1224,408,1224,1200
95 100 1224,408,1224,1200
96 100 1224,408,1224,1224
97 100 1224,408,1224,1224
98 100 1224,408,1224,1224
99 100 1224,408,1224,1224
100 100 1200,408,1224,1224
101 100 1200,408,1224,1224
102 100 1200,408,1224,1224
103 100 1224,432,1224,1200
104 100 1224,432,1224,1200
105 100 1224,432,1224,1224
106 100 1224,432,1224,1224
107 100 1224,432,1224,1224
108 100 1224,456,1224,1200
109 100 1224,456,1224,1200
110 100 1224,456,1224,1200
111 100 1248,480,1224,1200
112 100 1272,528,1224,1224
113 100 1248,600,1224,1200
114 100 1200,648,1224,1224
115 100 1176,672,1224,1200
116 100 1176,696,1224,1200
117 100 1152,720,1224,1200
118 100 1104,768,1224,1200
119 100 1080,792,1224,1200
120 100 1056,816,1224,1200
121 100 1056,816,1224,1224
122 100 1032,840,1224,1200
123 100 1032,840,1224,1224
124 100 1032,840,1224,1224
125 100 1032,840,1224,1224
126 100 1032,840,1224,1224
127 100 1032,840,1224,1200
128 100 1032,840,1224,1200
129 100 1056,840,1224,1200
130 100 1056,816,1224,1200
131 100 1104,768,1224,1224
132 100 1152,720,1224,1200
133 100 1200,648,1224,1200
134 100 1248,576,1224,1224
135 100 1272,528,1224,1224
136 100 1272,504,1224,1224
137 100 1248,504,1224,1200
138 100 1248,480,1224,1224
139 100 1272,480,1224,1224
140 100 1272,480,1224,1224
141 100 1272,480,1224,1200
142 100 1248,480,1224,1224
143 100 1248,480,1224,1200
144 100 1248,480,1224,1200
145 100 1248,480,1224,1200
146 100 1248,480,1224,1200
147 100 1248,456,1224,1224
148 100 1248,456,1224,1224
149 100 1248,456,1224,1224
150 100 1248,456,1224,1224
151 100 1248,456,1224,1224
152 100 1248,456,1224,1200
153 100 1248,456,1224,1200
154 100 1248,456,1224,1200
155 100 1248,456,1224,1200
156 100 1248,456,1224,1200
157 100 1272,432,1224,1224
158 100 1272,432,1224,1224
159 100 1272,432,1224,1224
160 100 1248,432,1224,1224
161 100 1248,432,1224,1200
162 100 1248,432,1224,1200
163 100 1248,408,1224,1224
164 100 1248,408,1224,1224
165 100 1224,408,1224,1200
166 100 1224,384,1224,1224
167 100 1224,384,1224,1200
168 100 1200,360,1224,1200
169 100 1176,312,1224,1224
170 100 1152,288,1224,1200
171 100 1128,264,1224,1200
172 100 1128,240,1224,1224
173 100 1104,240,1224,1200
174 100 1104,216,1224,1224
175 100 1104,216,1224,1200
176 100 1104,216,1224,1200
177 100 1104,216,1224,1200
178 100 1080,216,1224,1200
179 100 1080,192,1224,1224
180 100 1080,192,1224,1200
181 100 1056,168,1224,1224
182 100 1056,168,1224,1224
183 100 1056,168,1224,1200
184 100 1056,168,1224,1200
185 100 1056,168,1224,1200
186 100 1056,168,1224,1200
187 100 1056,168,1224,1200
188 100 1056,168,1224,1200
189 100 1056,168,1224,1200
190 100 1056,168,1224,1200
191 100 1032,144,1224,1224
192 100 1032,144,1224,1224
193 100 1032,144,1224,1224
194 100 1032,144,1224,1200
195 100 1032,144,1224,1224
196 100 1032,144,1224,1224
197 100 1056,168,1224,1224
198 100 1080,216,1224,1224
199 100 1128,288,1224,1224
200 100 1200,384,1224,1224
201 100 1248,480,1224,1200
202 100 1272,504,1224,1224
203 100 1272,528,1224,1200
204 100 1272,552,1224,1200
205 100 1272,528,1224,1224
206 100 1272,552,1224,1200
207 100 1272,528,1224,1224
208 100 1296,528,1224,1224
209 100 1272,528,1224,1200
210 100 1272,528,1224,1200
211 100 1272,528,1224,1200
212 100 1272,504,1224,1224
213 100 1272,504,1224,1224
214 100 1272,528,1224,1200
215 100 1272,528,1224,1200
216 100 1272,528,1224,1200
217 100 1272,528,1224,1200
218 100 1272,528,1224,1200
219 100 1248,528,1224,1200
220 100 1248,504,1224,1224
221 100 1248,504,1224,1224
222 100 1248,504,1224,1224
223 100 1224,504,1224,1224
224 100 1224,504,1224,1224
225 100 1224,528,1224,1200
226 100 1200,528,1224,1200
227 100 1176,528,1224,1200
228 100 1152,528,1224,1200
229 100 1104,528,1224,1224
230 100 1080,552,1224,1200
231 100 1032,552,1224,1200
232 100 1008,552,1224,1200
233 100 960,552,1224,1200
234 100 936,552,1224,1200
235 100 912,528,1224,1224
236 100 912,528,1224,1200
237 100 888,528,1224,1200
238 100 888,528,1224,1200
239 100 888,528,1224,1200
240 100 864,528,1224,1200
241 100 864,528,1224,1224
242 100 840,528,1224,1200
243 100 840,528,1224,1200
244 100 840,528,1224,1200
245 100 816,528,1224,1200
246 100 816,552,1224,1200
247 100 792,552,1224,1200
248 100 768,576,1224,1224
249 100 744,600,1224,1224
250 100 744,624,1224,1200
251 100 720,648,1224,1200
252 100 720,648,1224,1200
253 100 720,648,1224,1200
254 100 696,648,1224,1224
255 100 696,648,1224,1200
256 100 696,648,1224,1200
257 100 696,648,1224,1200
258 100 696,648,1224,1200
259 100 696,648,1224,1200
260 100 696,648,1224,1200
261 100 696,648,1224,1200
262 100 696,648,1224,1200
263 100 696,648,1224,1200
264 100 696,648,1224,1200
265 100 696,624,1224,1224
266 100 696,624,1224,1200
267 100 696,624,1224,1200
268 100 672,624,1224,1200
269 100 672,624,1224,1200
270 100 672,624,1224,1200
271 100 648,624,1224,1200
272 100 648,624,1224,1200
273 100 648,600,1224,1224
274 100 624,600,1224,1224
275 100 624,624,1224,1200
276 100 600,624,1224,1200
277 100 552,624,1224,1224
278 100 504,648,1224,1200
279 100 456,672,1224,1200
280 100 432,672,1224,1224
281 100 408,672,1224,1224
282 100 384,672,1224,1224
283 100 360,696,1224,1200
284 100 360,672,1224,1224
285 100 360,672,1224,1224
286 100 336,672,1224,1224
287 100 336,672,1224,1224
288 100 336,672,1224,1224
289 100 336,672,1224,1224
290 100 312,672,1224,1224
291 100 312,672,1224,1224
292 100 312,672,1224,1224
293 100 312,672,1224,1224
294 100 312,672,1224,1224
295 100 312,672,1224,1224
296 100 312,672,1224,1224
297 100 312,672,1224,1224
298 100 312,672,1224,1200
299 100 312,648,1224,1224
300 100 336,624,1224,1200
301 100 360,600,1224,1200
302 100 360,576,1224,1200
303 100 360,552,1224,1200
304 100 384,528,1224,1200
305 100 360,480,1224,1224
306 100 360,480,1224,1200
307 100 336,432,1224,1224
308 100 312,432,1224,1200
309 100 312,432,1224,1200
310 100 312,408,1224,1200
311 100 312,408,1224,1200
312 100 288,384,1224,1224
313 100 288,384,1224,1200
314 100 264,360,1224,1200
315 100 240,336,1224,1200
316 100 216,288,1224,1224
317 100 192,264,1224,1200
318 100 168,240,1224,1200
319 100 144,192,1224,1224
320 100 120,192,1224,1200
321 100 120,168,1224,1200
322 100 96,144,1224,1224
323 100 72,144,1224,1200
324 100 72,120,1224,1200
325 100 48,96,1224,1224
326 100 48,96,1224,1200
327 100 48,72,1224,1224
328 100 72,96,1224,1200
329 100 72,72,1224,1224
330 100 72,72,1224,1224
331 100 72,72,1224,1224
332 100 72,72,1224,1200
333 100 96,72,1224,1200
334 100 120,72,1224,1224
335 100 168,96,1224,1200
336 100 264,120,1224,1200
337 100 360,144,1224,1200
338 100 456,168,1224,1200
339 100 552,168,1224,1200
340 100 624,168,1224,1200
341 100 696,168,1224,1200
342 100 744,168,1224,1224
343 100 792,168,1224,1224
344 100 816,192,1224,1200
345 100 864,192,1224,1200
346 100 888,192,1224,1224
347 100 912,192,1224,1224
348 100 936,216,1224,1200
349 100 960,216,1224,1200
350 100 984,216,1224,1224
351 100 984,240,1224,1200
352 100 1008,240,1224,1200
353 100 1032,240,1224,1200
354 100 1032,240,1224,1224
355 100 1056,240,1224,1224
356 100 1080,264,1224,1200
357 100 1104,264,1224,1224
358 100 1128,264,1224,1224
359 100 1152,288,1224,1224
360 100 1200,312,1224,1200
361 100 1224,336,1224,1200
362 100 1248,336,1224,1200
363 100 1272,336,1224,1224
364 100 1272,336,1224,1224
365 100 1272,336,1224,1224
366 100 1296,336,1224,1224
367 100 1296,336,1224,1224
368 100 1296,336,1224,1224
369 100 1296,336,1224,1224
370 100 1296,336,1224,1200
371 100 1296,336,1224,1200
372 100 1296,336,1224,1200
373 100 1296,336,1224,1200
374 100 1296,336,1224,1200
375 100 1296,336,1224,1200
376 100 1296,336,1224,1200
377 100 1320,336,1224,1200
378 100 1320,336,1224,1200
379 100 1320,336,1224,1200
380 100 1320,336,1224,1200
381 100 1320,336,1224,1200
382 100 1320,336,1224,1200
383 100 1320,336,1224,1200
384 100 1320,336,1224,1200
385 100 1320,336,1224,1200
386 100 1296,336,1224,1200
387 100 1296,336,1224,1200
388 100 1296,336,1224,1200
389 100 1296,336,1224,1200
390 100 1272,336,1224,1200
391 100 1272,336,1224,1200
392 100 1272,336,1224,1200
393 100 1272,336,1224,1200
394 100 1248,336,1224,1200
395 100 1248,336,1224,1200
396 100 1248,336,1224,1200
397 100 1248,336,1224,1200
398 100 1248,336,1224,1200
399 100 1248,336,1224,1200
400 100 1248,336,1224,1200
401 100 1248,336,1224,1200
402 100 1248,336,1224,1200
403 100 1248,336,1224,1200
404 100 1248,336,1224,1200
405 100 1224,312,1224,1224
406 100 1224,312,1224,1224
407 100 1200,312,1224,1224
408 100 1176,312,1224,1224
409 100 1128,312,1224,1224
410 100 1104,312,1224,1200
411 100 1056,312,1224,1224
412 100 1032,312,1224,1224
413 100 1008,312,1224,1224
414 100 1008,312,1224,1224
415 100 1008,312,1224,1224
416 100 1008,336,1224,1200
417 100 984,336,1224,1200
418 100 984,336,1224,1200
419 100 984,336,1224,1200
420 100 984,336,1224,1200
421 100 984,336,1224,1200
422 100 984,336,1224,1200
423 100 984,336,1224,1200
424 100 984,336,1224,1200
425 100 984,336,1224,1200
426 100 960,336,1224,1200
427 100 960,336,1224,1200
428 100 960,336,1224,1200
429 100 960,312,1224,1224
430 100 960,312,1224,1224
431 100 960,312,1224,1224
432 100 960,312,1224,1224
433 100 960,312,1224,1200
434 100 960,312,1224,1200
435 100 960,312,1224,1200
436 100 960,312,1224,1224
437 100 984,312,1224,1224
438 100 984,312,1224,1224
439 100 984,312,1224,1224
440 100 984,312,1224,1224
441 100 984,312,1224,1224
442 100 984,312,1224,1224
443 100 984,312,1224,1224
444 100 984,312,1224,1224
445 100 984,312,1224,1224
446 100 1008,312,1224,1224
447 100 1008,312,1224,1224
448 100 1008,312,1224,1224
449 100 1008,312,1224,1224
450 100 1008,312,1224,1224
451 100 1008,312,1224,1224
452 100 1032,312,1224,1224
453 100 1032,312,1224,1224
454 100 1032,312,1224,1224
455 100 1056,312,1224,1224
456 100 1056,312,1224,1224
457 100 1080,312,1224,1224
458 100 1104,336,1224,1200
459 100 1128,336,1224,1200
460 100 1128,336,1224,1200
461 100 1152,336,1224,1200
462 100 1152,336,1224,1200
463 100 1152,336,1224,1200
464 100 1176,336,1224,1200
465 100 1176,336,1224,1200
466 100 1176,336,1224,1200
467 100 1176,336,1224,1200
468 100 1200,336,1224,1200
469 100 1200,336,1224,1200
470 100 1200,336,1224,1224
471 100 1224,360,1224,1200
472 100 1248,384,1224,1200
473 100 1272,408,1224,1224
474 100 1296,480,1224,1200
475 100 1320,504,1224,1200
476 100 1320,528,1224,1200
477 100 1320,528,1224,1224
478 100 1320,528,1224,1224
479 100 1320,528,1224,1224
480 100 1320,528,1224,1224
481 100 1320,528,1224,1224
482 100 1320,528,1224,1200
483 100 1320,528,1224,1200
484 100 1320,528,1224,1200
485 100 1320,528,1224,1200
486 100 1320,528,1224,1200
487 100 1320,528,1224,1200
488 100 1320,528,1224,1200
489 100 1320,528,1224,1200
490 100 1320,528,1224,1200
491 100 1320,528,1224,1200
492 100 1320,528,1224,1200
493 100 1320,528,1224,1200
494 100 1320,528,1224,1200
495 100 1320,528,1224,1200
496 100 1320,528,1224,1200
497 100 1320,528,1224,1200
498 100 1320,528,1224,1200
499 100 1296,528,1224,1200
500 100 1296,528,1224,1200
501 100 1296,504,1224,1224
502 100 1296,504,1224,1224
503 100 1296,504,1224,1200
504 100 1296,480,1224,1200
505 100 1272,456,1224,1224
506 100 1272,456,1224,1200
507 100 1248,432,1224,1224
508 100 1248,432,1224,1224
509 100 1248,432,1224,1224
510 100 1248,432,1224,1224
511 100 1248,432,1224,1224
512 100 1248,456,1224,1200
513 100 1248,456,1224,1200
514 100 1248,456,1224,1200
515 100 1272,456,1224,1200
516 100 1272,456,1224,1200
517 100 1272,456,1224,1200
518 100 1248,456,1224,1200
519 100 1248,456,1224,1200
520 100 1248,456,1224,1200
521 100 1248,456,1224,1200
522 100 1248,456,1224,1200
523 100 1248,480,1224,1200
524 100 1248,480,1224,1224
525 100 1248,504,1224,1200
526 100 1248,480,1224,1224
527 100 1248,480,1224,1224
528 100 1248,480,1224,1224
529 100 1248,480,1224,1224
530 100 1248,480,1224,1224
531 100 1248,480,1224,1224
532 100 1248,504,1224,1200
533 100 1272,504,1224,1224
534 100 1272,504,1224,1224
535 100 1272,504,1224,1224
536 100 1272,504,1224,1224
537 100 1272,504,1224,1224
538 100 1272,504,1224,1224
539 100 1272,504,1224,1224
540 100 1272,504,1224,1200
541 100 1272,504,1224,1224
542 100 1272,504,1224,1224
543 100 1272,504,1224,1224
544 100 1272,504,1224,1224
545 100 1272,504,1224,1224
546 100 1272,504,1224,1224
547 100 1272,504,1224,1224
548 100 1272,528,1224,1200
549 100 1272,528,1224,1224
550 100 1272,528,1224,1224
551 100 1296,552,1224,1200
552 100 1296,552,1224,1224
553 100 1272,576,1224,1224
554 100 1272,600,1224,1200
555 100 1272,600,1224,1200
556 100 1272,600,1224,1200
557 100 1272,576,1224,1224
558 100 1272,576,1224,1224
559 100 1272,576,1224,1224
560 100 1272,576,1224,1200
561 100 1248,576,1224,1224
562 100 1248,552,1224,1224
563 100 1224,552,1224,1224
564 100 1200,528,1224,1224
565 100 1176,528,1224,1200
566 100 1128,504,1224,1224
567 100 1104,504,1224,1224
568 100 1080,504,1224,1224
569 100 1056,528,1224,1200
570 100 1056,504,1224,1224
571 100 1056,504,1224,1224
572 100 1032,504,1224,1200
573 100 1032,504,1224,1224
574 100 1008,504,1224,1224
575 100 1008,504,1224,1224
576 100 1008,504,1224,1224
577 100 1008,504,1224,1224
578 100 1008,528,1224,1200
579 100 1008,528,1224,1200
580 100 984,528,1224,1200
581 100 936,528,1224,1200
582 100 864,528,1224,1200
583 100 744,528,1224,1200
584 100 624,528,1224,1200
585 100 552,504,1224,1224
586 100 504,504,1224,1200
587 100 480,504,1224,1200
588 100 480,504,1224,1200
589 100 456,504,1224,1200
590 100 456,504,1224,1200
591 100 432,480,1224,1224
592 100 432,480,1224,1224
593 100 432,480,1224,1200
594 100 408,480,1224,1200
595 100 408,480,1224,1200
596 100 384,480,1224,1200
597 100 384,456,1224,1224
598 100 360,456,1224,1224
599 100 360,456,1224,1200
600 100 312,456,1224,1200
601 100 240,432,1224,1200
602 100 168,408,1224,1200
603 100 96,384,1224,1200
604 100 72,384,1224,1200
605 100 48,384,1224,1200
606 100 48,384,1224,1200
607 100 24,384,1224,1200
608 100 24,384,1224,1200
609 100 0,384,1224,1200
610 100 0,384,1224,1200
611 100 0,384,1224,1200
612 100 0,384,1224,1224
613 100 0,408,1224,1200
614 100 0,408,1224,1200
615 100 0,408,1224,1224
616 100 0,456,1224,1200
617 100 0,480,1224,1200
618 100 24,504,1224,1224
619 100 24,528,1224,1224
620 100 24,552,1224,1200
621 100 24,576,1224,1200
622 100 24,576,1224,1200
623 100 0,576,1224,1200
624 100 0,576,1224,1200
625 100 0,576,1224,1200
626 100 0,552,1224,1224
627 100 0,552,1224,1224
628 100 48,576,1224,1200
629 100 48,552,1224,1224
630 100 0,552,1224,1224
631 100 0,552,1224,1224
632 100 0,552,1224,1200
633 100 24,552,1224,1200
634 100 48,552,1224,1200
635 100 0,528,1224,1224
636 100 0,528,1224,1224
637 100 24,528,1224,1200
638 100 0,528,1224,1200
639 100 24,528,1224,1200
640 100 24,528,1224,1200
641 100 48,504,1224,1224
642 100 24,528,1224,1200
643 100 0,504,1224,1224
644 100 0,504,1224,1200
645 100 24,504,1224,1200
646 100 24,504,1224,1200
647 100 0,504,1224,1200
648 100 0,504,1224,1200
649 100 24,504,1224,1200
650 100 120,504,1224,1200
651 100 240,480,1224,1224
652 100 312,480,1224,1200
653 100 384,480,1224,1224
654 100 432,480,1224,1200
655 100 432,456,1224,1224
656 100 456,456,1224,1200
657 100 456,456,1224,1200
658 100 456,432,1224,1224
659 100 456,456,1224,1200
660 100 480,432,1224,1224
661 100 480,432,1224,1224
662 100 480,432,1224,1224
663 100 480,432,1224,1200
664 100 480,432,1224,1200
665 100 504,432,1224,1200
666 100 528,432,1224,1200
667 100 576,432,1224,1200
668 100 600,408,1224,1224
669 100 648,408,1224,1200
670 100 696,408,1224,1200
671 100 720,408,1224,1200
672 100 768,408,1224,1200
673 100 792,408,1224,1224
674 100 816,408,1224,1224
675 100 840,432,1224,1200
676 100 864,432,1224,1200
677 100 888,432,1224,1200
678 100 888,432,1224,1200
679 100 888,432,1224,1200
680 100 888,432,1224,1200
681 100 912,432,1224,1200
682 100 912,432,1224,1200
683 100 912,432,1224,1200
684 100 936,432,1224,1200
685 100 960,432,1224,1200
686 100 984,456,1224,1200
687 100 1008,456,1224,1200
688 100 1056,480,1224,1200
689 100 1080,480,1224,1200
690 100 1104,456,1224,1224
691 100 1128,456,1224,1224
692 100 1128,456,1224,1200
693 100 1128,456,1224,1200
694 100 1152,456,1224,1200
695 100 1152,432,1224,1224
696 100 1152,432,1224,1224
697 100 1176,432,1224,1224
698 100 1176,432,1224,1224
699 100 1200,432,1224,1200
700 100 1200,432,1224,1200
701 100 1200,432,1224,1200
702 100 1200,408,1224,1200
703 100 1176,360,1224,1224
704 100 1152,336,1224,1200
705 100 1128,288,1224,1224
706 100 1128,264,1224,1224
707 100 1104,264,1224,1200
708 100 1104,240,1224,1224
709 100 1104,240,1224,1200
710 100 1104,240,1224,1224
711 100 1128,240,1224,1224
712 100 1128,240,1224,1224
713 100 1128,240,1224,1224
714 100 1128,240,1224,1224
715 100 1152,240,1224,1224
716 100 1152,240,1224,1224
717 100 1152,240,1224,1224
718 100 1176,240,1224,1224
719 100 1176,240,1224,1224
720 100 1200,240,1224,1200
721 100 1224,240,1224,1200
722 100 1248,240,1224,1200
723 100 1296,240,1224,1224
724 100 1320,264,1224,1200
725 100 1344,264,1224,1200
726 100 1368,264,1224,1200
727 100 1392,264,1224,1224
728 100 1392,264,1224,1224
729 100 1416,264,1224,1224
730 100 1416,288,1224,1200
731 100 1416,288,1224,1200
732 100 1440,288,1224,1200
733 100 1440,288,1224,1200
734 100 1464,288,1224,1224
735 100 1488,312,1224,1200
736 100 1512,312,1224,1200
737 100 1536,312,1224,1224
738 100 1584,336,1224,1200
739 100 1608,336,1224,1224
740 100 1632,360,1224,1200
741 100 1656,384,1224,1200
742 100 1680,384,1224,1200
743 100 1704,384,1224,1200
744 100 1728,384,1224,1224
745 100 1728,384,1224,1224
746 100 1728,384,1224,1224
747 100 1728,384,1224,1224
748 100 1752,408,1224,1200
749 100 1752,408,1224,1200
750 100 1776,408,1224,1200
751 100 1800,408,1224,1224
752 100 1824,432,1224,1200
753 100 1848,432,1224,1200
754 100 1872,432,1224,1200
755 100 1896,432,1224,1200
756 100 1920,432,1224,1200
757 100 1920,432,1224,1200
758 100 1944,432,1224,1200
759 100 1944,432,1224,1200
760 100 1968,432,1224,1224
761 100 1968,456,1224,1200
762 100 1968,432,1224,1224
763 100 1992,432,1224,1224
764 100 1992,432,1224,1224
765 100 1992,432,1224,1200
766 100 2016,432,1224,1224
767 100 2016,456,1224,1200
768 100 2016,432,1224,1224
769 100 2040,432,1224,1224
770 100 2040,432,1224,1224
771 100 2064,432,1224,1224
772 100 2088,456,1224,1200
773 100 2088,432,1224,1224
774 100 2112,432,1224,1224
775 100 2136,432,1224,1224
776 100 2160,432,1224,1224
777 100 2184,432,1224,1200
778 100 2208,432,1224,1224
779 100 2232,432,1224,1224
780 100 2280,432,1224,1224
781 100 2304,432,1224,1200
782 100 2304,432,1224,1200
783 100 2328,432,1224,1200
784 100 2352,432,1224,1200
785 100 2376,432,1224,1200
786 100 2400,432,1224,1200
787 100 2400,408,1224,1224
788 100 2424,408,1224,1224
789 100 2448,408,1224,1200
790 100 2472,408,1224,1200
791 100 2496,408,1224,1200
792 100 2520,408,1224,1200
793 100 2520,384,1224,1224
794 100 2544,384,1224,1224
795 100 2520,384,1224,1200
796 100 2568,384,1224,1200
797 100 2592,360,1224,1224
798 100 2616,360,1224,1200
799 100 2640,360,1224,1200
800 100 2688,336,1224,1224
801 100 2712,336,1224,1224
802 100 2736,336,1224,1224
803 100 2760,336,1224,1200
804 100 2784,336,1224,1200
805 100 2808,336,1224,1200
806 100 2808,336,1224,1200
807 100 2808,336,1224,1200
808 100 2832,336,1224,1224
809 100 2880,360,1224,1200
810 100 2904,384,1224,1200
811 100 2976,384,1224,1200
812 100 3048,384,1224,1224
813 100 3096,408,1224,1200
814 100 3048,408,1224,1224
815 100 3120,432,1224,1200
816 100 3216,432,1224,1200
817 100 3360,432,1224,1224
818 100 3360,432,1224,1224
819 100 3360,432,1224,1224
820 100 3600,432,1224,1224
821 100 3624,432,1224,1224
822 100 3384,432,1224,1224
823 100 3432,432,1224,1200
824 100 3672,408,1224,1224
825 100 3456,408,1224,1200
826 100 3504,408,1224,1200
827 100 3480,408,1224,1200
828 100 3432,408,1224,1200
829 100 3432,408,1224,1200
830 100 3504,408,1224,1200
831 100 3624,384,1224,1224
832 100 3384,384,1224,1200
833 100 3408,384,1224,1200
834 100 3432,384,1224,1200
835 100 3456,384,1224,1200
836 100 3456,384,1224,1200
837 100 3504,384,1224,1200
838 100 3480,384,1224,1200
839 100 3456,384,1224,1200
840 100 3480,384,1224,1200
841 100 3456,384,1224,1200
842 100 3456,384,1224,1200
843 100 3432,384,1224,1200
844 100 3432,384,1224,1200
845 100 3408,384,1224,1200
846 100 0,384,1224,1200
847 100 24,384,1224,1200
848 100 3384,360,1224,1200
849 100 3384,336,1224,1200
850 100 24,312,1224,1224
851 100 3384,288,1224,1200
852 100 3408,264,1224,1200
853 100 3288,240,1224,1224
854 100 3408,240,1224,1200
855 100 3480,240,1224,1200
856 100 3288,216,1224,1224
857 100 3312,216,1224,1224
858 100 3384,216,1224,1200
859 100 3384,216,1224,1200
860 100 3432,216,1224,1200
861 100 3480,216,1224,1200
862 100 3216,216,1224,1200
863 100 3264,216,1224,1200
864 100 3288,192,1224,1224
865 100 3264,192,1224,1224
866 100 3264,192,1224,1224
867 100 3264,216,1224,1200
868 100 3240,216,1224,1200
869 100 3240,216,1224,1200
870 100 3240,192,1224,1224
871 100 3240,216,1224,1200
872 100 3216,216,1224,1200
873 100 3072,216,1224,1224
874 100 3096,264,1224,1200
875 100 3048,288,1224,1200
876 100 3000,312,1224,1224
877 100 2904,360,1224,1200
878 100 2856,360,1224,1224
879 100 2832,384,1224,1200
880 100 2832,384,1224,1200
881 100 2808,384,1224,1200
882 100 2760,384,1224,1224
883 100 2760,384,1224,1224
884 100 2736,384,1224,1224
885 100 2712,384,1224,1224
886 100 2664,384,1224,1224
887 100 2640,384,1224,1224
888 100 2616,408,1224,1200
889 100 2616,408,1224,1200
890 100 2592,408,1224,1200
891 100 2568,408,1224,1200
892 100 2568,408,1224,1224
893 100 2568,408,1224,1224
894 100 2568,408,1224,1224
895 100 2568,408,1224,1224
896 100 2568,408,1224,1224
897 100 2568,408,1224,1200
898 100 2568,408,1224,1200
899 100 2568,408,1224,1200
900 100 2568,408,1224,1200
901 100 2568,408,1224,1200
902 100 2568,408,1224,1200
903 100 2568,408,1224,1200
904 100 2544,408,1224,1200
905 100 2568,408,1224,1200
906 100 2568,408,1224,1200
907 100 2568,408,1224,1200
908 100 2568,408,1224,1200
909 100 2544,408,1224,1200
910 100 2544,408,1224,1200
911 100 2544,408,1224,1200
912 100 2568,408,1224,1200
913 100 2568,408,1224,1200
914 100 2568,408,1224,1200
915 100 2568,408,1224,1200
916 100 2616,408,1224,1200
917 100 2712,408,1224,1200
918 100 2784,384,1224,1224
919 100 2856,384,1224,1224
920 100 2928,384,1224,1224
921 100 2904,384,1224,1224
922 100 3024,384,1224,1224
923 100 3144,384,1224,1224
924 100 3144,384,1224,1224
925 100 3168,384,1224,1224
926 100 3192,384,1224,1224
927 100 3216,384,1224,1200
928 100 3264,384,1224,1200
929 100 3312,384,1224,1200
930 100 3336,360,1224,1224
931 100 3312,360,1224,1224
932 100 3288,384,1224,1200
933 100 3336,360,1224,1224
934 100 3360,360,1224,1224
935 100 3360,360,1224,1224
936 100 3312,384,1224,1200
937 100 3312,360,1224,1224
938 100 3360,360,1224,1224
939 100 3360,360,1224,1224
940 100 3408,360,1224,1200
941 100 3240,360,1224,1200
942 100 3240,360,1224,1200
943 100 3264,360,1224,1200
944 100 3288,360,1224,1200
945 100 3360,336,1224,1224
946 100 3240,336,1224,1200
947 100 3336,312,1224,1224
948 100 3312,288,1224,1224
949 100 3216,264,1224,1200
950 100 3336,216,1224,1200
951 100 3096,168,1224,1200
952 100 3072,120,1224,1200
953 100 3096,96,1224,1200
954 100 3144,48,1224,1224
955 100 3120,24,1224,1224
956 100 3072,24,1224,1200
957 100 2928,24,1224,1176
958 100 3024,24,1224,1152
959 100 2928,24,1224,1152
960 100 2952,24,1224,1128
961 100 3072,24,1224,1128
962 100 2928,24,1224,1104
963 100 2928,24,1224,1104
964 100 2928,24,1224,1104
965 100 2904,24,1224,1080
966 100 2904,24,1224,1080
967 100 2880,24,1224,1056
968 100 2880,24,1224,1032
969 100 2904,24,1224,1032
970 100 2856,24,1224,1032
971 100 2880,24,1224,1032
972 100 2832,24,1224,1008
973 100 2856,24,1224,1008
974 100 2856,24,1224,1008
975 100 2808,24,1224,984
976 100 2832,24,1224,984
977 100 2832,24,1224,984
978 100 2832,24,1224,984
979 100 2832,24,1224,984
980 100 2832,24,1224,960
981 100 2856,24,1224,960
982 100 2856,24,1224,960
983 100 2856,24,1224,960
984 100 2856,24,1224,960
985 100 2856,24,1224,960
986 100 2856,24,1224,960
987 100 2856,24,1224,960
988 100 2856,24,1224,960
989 100 2856,24,1224,960
990 100 2856,24,1224,960
991 100 2856,24,1224,960
992 100 2856,24,1224,960
993 100 2856,24,1224,960
994 100 2856,24,1224,960
995 100 2856,24,1224,960
996 100 2832,24,1224,960
997 100 2832,24,1224,960
998 100 2808,24,1224,960
999 100 2808,24,1224,984
1000 100 2784,24,1224,984
1001 100 2760,24,1224,1008
1002 100 2688,24,1224,1032
1003 100 2568,24,1224,1056
1004 100 2448,24,1224,1056
1005 100 2352,24,1224,1056
1006 100 2208,24,1224,1056
1007 100 2088,24,1224,1080
1008 100 1944,24,1224,1080
1009 100 1920,24,1224,1080
1010 100 1848,24,1224,1080
1011 100 1800,24,1224,1080
1012 100 1800,24,1224,1080
1013 100 1728,24,1224,1080
1014 100 1656,24,1224,1080
1015 100 1656,24,1224,1080
1016 100 1584,24,1224,1080
1017 100 1512,24,1224,1104
1018 100 1368,24,1224,1104
1019 100 1416,24,1224,1104
1020 100 1416,24,1224,1104
1021 100 1392,24,1224,1104
1022 100 1368,24,1224,1104
1023 100 1320,24,1224,1104
1024 100 1248,24,1224,1104
1025 100 1200,24,1224,1104
1026 100 1128,24,1224,1104
1027 100 1104,24,1224,1104
1028 100 1104,24,1224,1104
1029 100 1056,24,1224,1104
1030 100 960,24,1224,1104
1031 100 888,24,1224,1104
1032 100 792,24,1224,1104
1033 100 696,24,1224,1128
1034 100 528,24,1224,1128
1035 100 600,24,1224,1128
1036 100 144,24,1224,1128
1037 100 192,24,1224,1128
1038 100 72,24,1224,1128
1039 100 0,24,1224,1128
1040 100 0,24,1224,1104
1041 100 0,24,1224,1104
1042 100 0,24,1224,1104
1043 100 0,24,1224,1104
1044 100 0,24,1224,1104
1045 100 0,24,1224,1104
1046 100 0,24,1224,1080
1047 100 0,24,1224,1080
1048 100 0,24,1224,1080
1049 100 0,24,1224,1080
1050 100 0,24,1224,1056
1051 100 96,24,1224,1056
1052 100 0,24,1224,1056
1053 100 0,24,1224,1056
1054 100 0,24,1224,1056
1055 100 0,24,1224,1056
1056 100 0,24,1224,1056
1057 100 144,24,1224,1056
1058 100 0,24,1224,1056
1059 100 72,24,1224,1056
1060 100 96,24,1224,1056
1061 100 72,24,1224,1056
1062 100 24,24,1224,1056
1063 100 0,24,1224,1056
1064 100 24,24,1224,1056
1065 100 24,24,1224,1056
1066 100 0,24,1224,1056
1067 100 72,24,1224,1056
1068 100 48,24,1224,1056
1069 100 24,24,1224,1032
1070 100 0,24,1224,1032
1071 100 48,24,1224,1032
1072 100 24,24,1224,1032
1073 100 0,24,1224,1032
1074 100 144,24,1224,1032
1075 100 168,24,1224,1032
1076 100 240,24,1224,1032
1077 100 288,24,1224,1008
1078 100 312,24,1224,1008
1079 100 336,24,1224,1008
1080 100 360,24,1224,1008
1081 100 360,24,1224,1008
1082 100 336,24,1224,1008
1083 100 264,24,1224,1008
1084 100 24,24,1224,1008
1085 100 24,24,1224,1008
1086 100 24,24,1224,1008
1087 100 24,24,1224,1008
1088 100 24,24,1224,1008
1089 100 24,24,1224,1032
1090 100 24,24,1224,1032
1091 100 24,24,1224,1032
1092 100 24,24,1224,1032
1093 100 480,24,1224,1032
1094 100 408,24,1224,1008
1095 100 504,24,1224,1008
1096 100 600,24,1224,1008
1097 100 648,24,1224,1008
1098 100 648,24,1224,984
1099 100 696,24,1224,984
1100 100 720,24,1224,1008
1101 100 144,24,1224,1008
1102 100 120,24,1224,1008
1103 100 24,24,1224,1008
1104 100 264,24,1224,1008
1105 100 384,24,1224,984
1106 100 432,24,1224,984
1107 100 504,24,1224,984
1108 100 600,24,1224,984
1109 100 600,24,1224,984
1110 100 672,24,1224,984
1111 100 624,24,1224,960
1112 100 840,24,1224,984
1113 100 600,24,1224,984
1114 100 576,24,1224,1032
1115 100 0,24,1224,1056
1116 100 96,24,1224,1080
1117 100 144,24,1224,1080
1118 100 0,24,1224,1104
1119 100 0,24,1224,1104
1120 100 0,24,1224,1080
1121 100 0,24,1224,1104
1122 100 0,24,1224,1080
1123 100 0,24,1224,1080
1124 100 0,24,1224,1056
1125 100 48,24,1224,1056
1126 100 384,24,1224,1032
1127 100 576,24,1224,1032
1128 100 0,24,1224,1032
1129 100 0,24,1224,1032
1130 100 0,24,1224,1056
1131 100 0,24,1224,1056
1132 100 0,24,1224,1056
1133 100 264,24,1224,1032
1134 100 384,24,1224,1032
1135 100 0,24,1224,1032
1136 100 336,24,1224,1032
1137 100 264,24,1224,1032
1138 100 264,24,1224,1032
1139 100 0,24,1224,1032
1140 100 408,24,1224,1032
1141 100 312,24,1224,1032
1142 100 0,24,1224,1032
1143 100 0,24,1224,1008
1144 100 480,24,1224,1008
1145 100 432,24,1224,1032
1146 100 456,24,1224,1032
1147 100 792,24,1224,1032
1148 100 744,24,1224,1032
1149 100 840,24,1224,1032
1150 100 888,24,1224,1056
1151 100 912,24,1224,1032
1152 100 912,24,1224,1032
1153 100 1008,24,1224,1032
1154 100 1008,24,1224,1056
1155 100 1032,24,1224,1056
1156 100 1032,24,1224,1056
1157 100 1104,24,1224,1056
1158 100 1128,24,1224,1056
1159 100 1152,24,1224,1056
1160 100 1152,24,1224,1056
1161 100 1152,24,1224,1056
1162 100 1128,24,1224,1056
1163 100 1080,24,1224,1056
1164 100 1056,24,1224,1080
1165 100 1008,24,1224,1104
1166 100 984,24,1224,1104
1167 100 840,24,1224,1128
1168 100 840,24,1224,1128
1169 100 864,24,1224,1128
1170 100 768,24,1224,1128
1171 100 720,24,1224,1152
1172 100 384,24,1224,1176
1173 100 408,24,1224,1224
1174 100 1272,48,1224,1248
1175 100 1296,120,1224,1248
1176 100 1320,192,1224,1224
1177 100 1368,264,1224,1224
1178 100 1416,336,1224,1224
1179 100 1440,384,1224,1200
1180 100 1440,408,1224,1224
1181 100 1464,456,1224,1200
1182 100 1464,456,1224,1224
1183 100 1464,480,1224,1200
1184 100 1464,504,1224,1200
1185 100 1464,504,1224,1200
1186 100 1464,504,1224,1224
1187 100 1464,504,1224,1224
1188 100 1464,528,1224,1200
1189 100 1464,528,1224,1224
1190 100 1464,528,1224,1200
1191 100 1464,528,1224,1200
1192 100 1440,528,1224,1200
1193 100 1440,504,1224,1224
1194 100 1440,528,1224,1200
1195 100 1440,528,1224,1200
1196 100 1440,528,1224,1200
1197 100 1440,504,1224,1224
1198 100 1416,504,1224,1200
1199 100 1416,480,1224,1200
1200 100 1392,456,1224,1200
1201 100 1368,384,1224,1224
1202 100 1320,336,1224,1200
1203 100 1248,264,1224,1200
1204 100 1200,192,1224,1200
1205 100 1152,120,1224,1224
1206 100 1080,48,1224,1224
1207 100 0,24,1224,1200
1208 100 0,24,1224,1176
1209 100 0,24,1224,1152
1210 100 0,24,1224,1152
1211 100 0,24,1224,1128
1212 100 0,24,1224,1128
1213 100 0,24,1224,1104
1214 100 0,24,1224,1104
1215 100 0,24,1224,1080
1216 100 0,24,1224,1080
1217 100 24,24,1224,1056
1218 100 264,24,1224,1056
1219 100 0,24,1224,1056
1220 100 0,24,1224,1056
1221 100 0,24,1224,1056
1222 100 0,24,1224,1056
1223 100 0,24,1224,1056
1224 100 0,24,1224,1056
1225 100 0,24,1224,1056
1226 100 0,24,1224,1056
1227 100 0,24,1224,1056
1228 100 0,24,1224,1080
1229 100 0,24,1224,1128
1230 100 0,24,1224,1200
1231 100 1056,120,1224,1224
1232 100 1128,240,1224,1200
1233 100 1176,336,1224,1200
1234 100 1224,408,1224,1224
1235 100 1248,504,1224,1224
1236 100 1248,576,1224,1200
1237 100 1224,600,1224,1224
1238 100 1200,624,1224,1200
1239 100 1176,624,1224,1200
1240 100 1176,624,1224,1200
1241 100 1152,624,1224,1200
1242 100 1128,648,1224,1200
1243 100 1128,672,1224,1200
1244 100 1104,648,1224,1224
1245 100 1104,648,1224,1224
1246 100 1080,672,1224,1200
1247 100 1032,672,1224,1224
1248 100 1008,696,1224,1200
1249 100 984,696,1224,1200
1250 100 960,672,1224,1224
1251 100 936,672,1224,1200
1252 100 936,672,1224,1200
1253 100 960,672,1224,1200
1254 100 984,648,1224,1224
1255 100 984,648,1224,1224
1256 100 984,648,1224,1200
1257 100 984,648,1224,1200
1258 100 984,648,1224,1200
1259 100 984,648,1224,1200
1260 100 1032,624,1224,1200
1261 100 1104,600,1224,1200
1262 100 1128,576,1224,1200
1263 100 1152,552,1224,1224
1264 100 1152,552,1224,1200
1265 100 1152,552,1224,1200
1266 100 1152,552,1224,1200
1267 100 1152,528,1224,1224
1268 100 1176,528,1224,1200
1269 100 1176,528,1224,1200
1270 100 1176,504,1224,1200
1271 100 1152,480,1224,1224
1272 100 1152,480,1224,1200
1273 100 1152,456,1224,1200
1274 100 1152,432,1224,1224
1275 100 1152,432,1224,1200
1276 100 1152,408,1224,1224
1277 100 1152,408,1224,1200
1278 100 1152,408,1224,1200
1279 100 1152,408,1224,1200
1280 100 1152,408,1224,1200
1281 100 1152,408,1224,1224
1282 100 1176,432,1224,1200
1283 100 1176,432,1224,1200
1284 100 1176,432,1224,1200
1285 100 1200,456,1224,1200
1286 100 1200,456,1224,1200
1287 100 1200,456,1224,1224
1288 100 1200,456,1224,1224
1289 100 1224,456,1224,1224
1290 100 1224,456,1224,1224
1291 100 1224,456,1224,1200
1292 100 1224,456,1224,1224
1293 100 1224,456,1224,1224
1294 100 1224,456,1224,1224
1295 100 1224,456,1224,1224
1296 100 1224,456,1224,1224
1297 100 1224,480,1224,1200
1298 100 1248,480,1224,1200
1299 100 1248,504,1224,1224
1300 100 1248,552,1224,1224
1301 100 1224,648,1224,1200
1302 100 1224,696,1224,1200
1303 100 1224,720,1224,1224
1304 100 1224,768,1224,1200
1305 100 1224,768,1224,1224
1306 100 1248,792,1224,1200
1307 100 1248,792,1224,1200
1308 100 1248,768,1224,1224
1309 100 1272,768,1224,1224
1310 100 1272,768,1224,1224
1311 100 1272,768,1224,1224
1312 100 1272,768,1224,1224
1313 100 1272,792,1224,1200
1314 100 1272,768,1224,1224
1315 100 1272,792,1224,1200
1316 100 1272,792,1224,1200
1317 100 1272,792,1224,1200
1318 100 1272,792,1224,1200
1319 100 1272,792,1224,1200
1320 100 1272,792,1224,1200
1321 100 1248,792,1224,1224
1322 100 1248,816,1224,1200
1323 100 1224,840,1224,1200
1324 100 1200,840,1224,1224
1325 100 1200,840,1224,1224
1326 100 1176,840,1224,1200
1327 100 1176,840,1224,1200
1328 100 1176,840,1224,1200
1329 100 1152,840,1224,1200
1330 100 1152,840,1224,1200
1331 100 1104,816,1224,1200
1332 100 1032,816,1224,1200
1333 100 984,792,1224,1200
1334 100 936,768,1224,1224
1335 100 936,768,1224,1200
1336 100 912,768,1224,1200
1337 100 912,768,1224,1200
1338 100 912,744,1224,1224
1339 100 912,768,1224,1200
1340 100 888,768,1224,1200
1341 100 864,768,1224,1224
1342 100 840,768,1224,1224
1343 100 864,768,1224,1200
1344 100 864,744,1224,1200
1345 100 864,720,1224,1224
1346 100 864,720,1224,1200
1347 100 840,696,1224,1200
1348 100 816,672,1224,1200
1349 100 792,648,1224,1224
1350 100 792,648,1224,1200
1351 100 792,648,1224,1200
1352 100 768,648,1224,1200
1353 100 768,648,1224,1200
1354 100 720,648,1224,1200
1355 100 672,648,1224,1200
1356 100 600,624,1224,1224
1357 100 552,624,1224,1200
1358 100 528,600,1224,1224
1359 100 528,576,1224,1224
1360 100 528,576,1224,1200
1361 100 528,576,1224,1200
1362 100 528,576,1224,1200
1363 100 528,576,1224,1200
1364 100 504,552,1224,1224
1365 100 504,552,1224,1200
1366 100 504,528,1224,1224
1367 100 480,528,1224,1200
1368 100 456,528,1224,1200
1369 100 408,528,1224,1224
1370 100 384,528,1224,1224
1371 100 360,552,1224,1200
1372 100 312,552,1224,1224
1373 100 264,576,1224,1200
1374 100 216,600,1224,1200
1375 100 192,600,1224,1224
1376 100 168,600,1224,1224
1377 100 144,624,1224,1200
1378 100 144,624,1224,1224
1379 100 144,624,1224,1224
1380 100 120,624,1224,1200
1381 100 120,624,1224,1200
1382 100 96,624,1224,1200
1383 100 96,624,1224,1224
1384 100 72,624,1224,1224
1385 100 72,624,1224,1224
1386 100 48,624,1224,1224
1387 100 48,648,1224,1200
1388 100 24,648,1224,1200
1389 100 24,648,1224,1200
1390 100 24,648,1224,1224
1391 100 0,648,1224,1224
1392 100 0,648,1224,1224
1393 100 0,648,1224,1224
1394 100 0,672,1224,1200
1395 100 0,672,1224,1200
1396 100 0,672,1224,1200
1397 100 0,672,1224,1200
1398 100 0,672,1224,1200
1399 100 0,672,1224,1200
1400 100 0,672,1224,1200
1401 100 0,672,1224,1200
1402 100 0,648,1224,1224
1403 100 0,648,1224,1224
1404 100 0,648,1224,1224
1405 100 0,648,1224,1224
1406 100 0,648,1224,1224
1407 100 0,648,1224,1224
1408 100 0,648,1224,1224
1409 100 0,648,1224,1224
1410 100 0,648,1224,1224
1411 100 0,648,1224,1224
1412 100 0,648,1224,1224
1413 100 0,648,1224,1224
1414 100 0,648,1224,1224
1415 100 0,648,1224,1224
1416 100 0,648,1224,1200
1417 100 0,624,1224,1224
1418 100 0,600,1224,1224
1419 100 24,576,1224,1224
1420 100 48,552,1224,1224
1421 100 72,552,1224,1200
1422 100 96,504,1224,1224
1423 100 96,480,1224,1224
1424 100 96,456,1224,1224
1425 100 96,456,1224,1200
1426 100 72,432,1224,1224
1427 100 72,432,1224,1200
1428 100 72,432,1224,1200
1429 100 72,432,1224,1200
1430 100 72,432,1224,1200
1431 100 72,432,1224,1200
1432 100 72,432,1224,1200
1433 100 72,432,1224,1200
1434 100 72,432,1224,1200
1435 100 72,408,1224,1224
1436 100 72,408,1224,1224
1437 100 72,408,1224,1224
1438 100 96,408,1224,1224
1439 100 96,408,1224,1224
1440 100 96,408,1224,1224
1441 100 96,408,1224,1224
1442 100 96,408,1224,1224
1443 100 96,408,1224,1224
1444 100 96,408,1224,1200
1445 100 96,408,1224,1200
1446 100 96,408,1224,1200
1447 100 96,408,1224,1200
1448 100 96,408,1224,1200
1449 100 96,384,1224,1224
1450 100 96,384,1224,1200
1451 100 96,384,1224,1200
1452 100 72,384,1224,1200
1453 100 72,384,1224,1200
1454 100 72,384,1224,1200
1455 100 72,384,1224,1200
1456 100 72,384,1224,1200
1457 100 72,384,1224,1200
1458 100 72,384,1224,1200
1459 100 72,384,1224,1200
1460 100 72,384,1224,1200
1461 100 72,384,1224,1200
1462 100 96,384,1224,1200
1463 100 96,384,1224,1200
1464 100 144,384,1224,1200
1465 100 168,384,1224,1224
1466 100 216,384,1224,1224
1467 100 264,384,1224,1200
1468 100 312,384,1224,1224
1469 100 336,384,1224,1224
1470 100 384,384,1224,1200
1471 100 456,384,1224,1200
1472 100 504,384,1224,1200
1473 100 552,384,1224,1200
1474 100 600,384,1224,1200
1475 100 648,384,1224,1200
1476 100 696,384,1224,1200
1477 100 720,384,1224,1200
1478 100 744,384,1224,1200
1479 100 792,384,1224,1200
1480 100 816,384,1224,1200
1481 100 864,384,1224,1200
1482 100 912,384,1224,1200
1483 100 960,384,1224,1200
1484 100 984,408,1224,1200
1485 100 1032,408,1224,1200
1486 100 1080,408,1224,1200
1487 100 1104,408,1224,1224
1488 100 1152,432,1224,1200
1489 100 1176,432,1224,1200
1490 100 1224,432,1224,1200
1491 100 1272,432,1224,1200
1492 100 1296,432,1224,1200
1493 100 1320,432,1224,1224
1494 100 1368,432,1224,1224
1495 100 1392,432,1224,1224
1496 100 1416,432,1224,1224
1497 100 1440,432,1224,1224
1498 100 1464,432,1224,1224
1499 100 1464,432,1224,1200
1500 100 1488,432,1224,1200
1501 100 1512,432,1224,1200
1502 100 1512,432,1224,1200
1503 100 1536,432,1224,1200
1504 100 1560,432,1224,1200
1505 100 1584,408,1224,1224
1506 100 1608,408,1224,1224
1507 100 1608,408,1224,1200
1508 100 1632,384,1224,1224
1509 100 1632,384,1224,1200
1510 100 1656,384,1224,1200
1511 100 1656,360,1224,1200
1512 100 1680,360,1224,1200
1513 100 1728,336,1224,1224
1514 100 1752,336,1224,1200
1515 100 1776,336,1224,1200
1516 100 1800,336,1224,1200
1517 100 1824,336,1224,1200
1518 100 1848,336,1224,1200
1519 100 1872,336,1224,1200
1520 100 1896,336,1224,1224
1521 100 1920,336,1224,1224
1522 100 1944,360,1224,1200
1523 100 1968,360,1224,1200
1524 100 1992,360,1224,1224
1525 100 2016,360,1224,1224
1526 100 2040,360,1224,1224
1527 100 2064,360,1224,1200
1528 100 2088,360,1224,1200
1529 100 2088,360,1224,1200
1530 100 2112,360,1224,1200
1531 100 2136,360,1224,1200
1532 100 2136,336,1224,1224
1533 100 2160,336,1224,1224
1534 100 2184,360,1224,1200
1535 100 2208,360,1224,1224
1536 100 2232,384,1224,1200
1537 100 2256,384,1224,1200
1538 100 2304,384,1224,1200
1539 100 2328,384,1224,1200
1540 100 2352,384,1224,1200
1541 100 2400,384,1224,1200
1542 100 2424,384,1224,1224
1543 100 2448,384,1224,1200
1544 100 2472,384,1224,1200
1545 100 2472,384,1224,1224
1546 100 2496,384,1224,1224
1547 100 2496,384,1224,1200
1548 100 2520,384,1224,1224
1549 100 2520,408,1224,1200
1550 100 2544,408,1224,1224
1551 100 2544,432,1224,1200
1552 100 2544,432,1224,1200
1553 100 2544,432,1224,1224
1554 100 2544,456,1224,1200
1555 100 2568,456,1224,1200
1556 100 2568,456,1224,1200
1557 100 2592,456,1224,1200
1558 100 2592,456,1224,1200
1559 100 2616,456,1224,1200
1560 100 2616,456,1224,1200
1561 100 2616,456,1224,1224
1562 100 2640,456,1224,1224
1563 100 2664,456,1224,1224
1564 100 2712,456,1224,1224
1565 100 2712,480,1224,1200
1566 100 2736,504,1224,1200
1567 100 2736,528,1224,1200
1568 100 2784,552,1224,1200
1569 100 2808,576,1224,1200
1570 100 2880,600,1224,1200
1571 100 2904,600,1224,1224
1572 100 2952,648,1224,1200
1573 100 2904,648,1224,1224
1574 100 2976,648,1224,1224
1575 100 2976,672,1224,1200
1576 100 3000,648,1224,1224
1577 100 2928,648,1224,1200
1578 100 2976,648,1224,1200
1579 100 3000,648,1224,1200
1580 100 3000,624,1224,1224
1581 100 3024,624,1224,1224
1582 100 3024,624,1224,1224
1583 100 3048,624,1224,1200
1584 100 3096,624,1224,1200
1585 100 3048,600,1224,1200
1586 100 3072,576,1224,1200
1587 100 3120,552,1224,1200
1588 100 3024,528,1224,1200
1589 100 3072,480,1224,1224
1590 100 3072,456,1224,1200
1591 100 3120,432,1224,1200
1592 100 3096,408,1224,1200
1593 100 3096,384,1224,1200
1594 100 3048,360,1224,1224
1595 100 3024,336,1224,1224
1596 100 3072,336,1224,1200
1597 100 3024,312,1224,1224
1598 100 3024,288,1224,1224
1599 100 3000,264,1224,1224
1600 100 3048,264,1224,1200
1601 100 3000,240,1224,1224
1602 100 3072,240,1224,1200
1603 100 3024,216,1224,1224
1604 100 3000,192,1224,1224
1605 100 3072,168,1224,1224
1606 100 3048,168,1224,1200
1607 100 3120,144,1224,1200
1608 100 3096,120,1224,1224
1609 100 3120,120,1224,1200
1610 100 3048,96,1224,1224
1611 100 3144,72,1224,1224
1612 100 3072,72,1224,1200
1613 100 3168,48,1224,1224
1614 100 3096,48,1224,1200
1615 100 3024,24,1224,1224
1616 100 3168,24,1224,1200
1617 100 3072,24,1224,1176
1618 100 2976,24,1224,1176
1619 100 3048,24,1224,1152
1620 100 2904,24,1224,1128
1621 100 2976,24,1224,1128
1622 100 2904,24,1224,1128
1623 100 2880,24,1224,1104
1624 100 2904,24,1224,1104
1625 100 2880,24,1224,1104
1626 100 2904,24,1224,1080
1627 100 2832,24,1224,1080
1628 100 2784,24,1224,1080
1629 100 2760,24,1224,1080
1630 100 2712,24,1224,1080
1631 100 2688,24,1224,1056
1632 100 2640,24,1224,1056
1633 100 2592,24,1224,1056
1634 100 2568,24,1224,1056
1635 100 2496,24,1224,1056
1636 100 2448,24,1224,1056
1637 100 2376,24,1224,1056
1638 100 2256,24,1224,1056
1639 100 2184,24,1224,1056
1640 100 2184,24,1224,1056
1641 100 2112,24,1224,1056
1642 100 2112,24,1224,1056
1643 100 2112,24,1224,1056
1644 100 2112,24,1224,1056
1645 100 2088,24,1224,1056
1646 100 2016,24,1224,1056
1647 100 2016,24,1224,1056
1648 100 2016,24,1224,1032
1649 100 2016,24,1224,1032
1650 100 2040,24,1224,1056
1651 100 2016,24,1224,1032
1652 100 1920,24,1224,1056
1653 100 1920,24,1224,1056
1654 100 1944,24,1224,1056
1655 100 1968,24,1224,1056
1656 100 1968,24,1224,1056
1657 100 1872,24,1224,1080
1658 100 1824,24,1224,1104
1659 100 1872,24,1224,1128
1660 100 1872,24,1224,1152
1661 100 1872,24,1224,1200
1662 100 1944,48,1224,1200
1663 100 1992,96,1224,1224
1664 100 2016,144,1224,1200
1665 100 2040,192,1224,1224
1666 100 2064,240,1224,1224
1667 100 2088,312,1224,1200
1668 100 2112,336,1224,1224
1669 100 2112,360,1224,1224
1670 100 2112,384,1224,1224
1671 100 2112,408,1224,1224
1672 100 2112,432,1224,1200
1673 100 2112,432,1224,1224
1674 100 2088,432,1224,1224
1675 100 2088,432,1224,1224
1676 100 2088,432,1224,1224
1677 100 2088,432,1224,1224
1678 100 2088,432,1224,1224
1679 100 2088,456,1224,1200
1680 100 2088,456,1224,1200
1681 100 2088,456,1224,1200
1682 100 2088,456,1224,1200
1683 100 2088,456,1224,1200
1684 100 2088,456,1224,1200
1685 100 2088,456,1224,1200
1686 100 2088,456,1224,1200
1687 100 2088,456,1224,1200
1688 100 2088,456,1224,1224
1689 100 2112,456,1224,1224
1690 100 2112,456,1224,1224
1691 100 2112,456,1224,1224
1692 100 2112,480,1224,1200
1693 100 2112,480,1224,1200
1694 100 2112,480,1224,1200
1695 100 2112,480,1224,1200
1696 100 2112,480,1224,1200
1697 100 2112,480,1224,1200
1698 100 2112,480,1224,1200
1699 100 2112,480,1224,1200
1700 100 2112,480,1224,1200
1701 100 2112,480,1224,1224
1702 100 2112,480,1224,1224
1703 100 2112,504,1224,1200
1704 100 2112,528,1224,1224
1705 100 2088,552,1224,1200
1706 100 2088,552,1224,1200
1707 100 2088,528,1224,1224
1708 100 2088,528,1224,1224
1709 100 2088,552,1224,1200
1710 100 2088,552,1224,1200
1711 100 2088,552,1224,1224
1712 100 2064,576,1224,1200
1713 100 2064,576,1224,1200
1714 100 2064,600,1224,1200
1715 100 2040,648,1224,1200
1716 100 2040,696,1224,1200
1717 100 2040,696,1224,1224
1718 100 2040,696,1224,1224
1719 100 2040,720,1224,1200
1720 100 2040,720,1224,1200
1721 100 2064,720,1224,1200
1722 100 2064,696,1224,1224
1723 100 2064,696,1224,1200
1724 100 2064,696,1224,1200
1725 100 2064,696,1224,1200
1726 100 2064,696,1224,1200
1727 100 2064,696,1224,1200
1728 100 2064,696,1224,1200
1729 100 2064,696,1224,1200
1730 100 2088,696,1224,1200
1731 100 2088,672,1224,1224
1732 100 2088,672,1224,1200
1733 100 2088,648,1224,1224
1734 100 2088,648,1224,1200
1735 100 2112,624,1224,1200
1736 100 2112,576,1224,1224
1737 100 2136,552,1224,1224
1738 100 2136,552,1224,1200
1739 100 2136,528,1224,1224
1740 100 2136,528,1224,1200
1741 100 2136,504,1224,1224
1742 100 2136,504,1224,1200
1743 100 2136,480,1224,1200
1744 100 2112,480,1224,1200
1745 100 2112,456,1224,1200
1746 100 2088,432,1224,1200
1747 100 2064,408,1224,1200
1748 100 2040,384,1224,1200
1749 100 2040,360,1224,1200
1750 100 2016,336,1224,1224
1751 100 1992,336,1224,1200
1752 100 1992,312,1224,1224
1753 100 1992,312,1224,1224
1754 100 1968,312,1224,1200
1755 100 1968,312,1224,1200
1756 100 1968,312,1224,1200
1757 100 1968,312,1224,1200
1758 100 1968,288,1224,1224
1759 100 1968,288,1224,1224
1760 100 1968,288,1224,1200
1761 100 1968,264,1224,1200
1762 100 1944,240,1224,1200
1763 100 1920,216,1224,1200
1764 100 1896,192,1224,1200
1765 100 1896,168,1224,1224
1766 100 1872,144,1224,1224
1767 100 1872,144,1224,1200
1768 100 1872,144,1224,1200
1769 100 1848,120,1224,1224
1770 100 1848,120,1224,1224
1771 100 1848,120,1224,1224
1772 100 1848,120,1224,1224
1773 100 1848,120,1224,1200
1774 100 1824,120,1224,1200
1775 100 1824,120,1224,1200
1776 100 1824,120,1224,1200
1777 100 1824,120,1224,1200
1778 100 1824,96,1224,1224
1779 100 1824,96,1224,1224
1780 100 1800,96,1224,1224
1781 100 1800,96,1224,1224
1782 100 1800,96,1224,1224
1783 100 1800,96,1224,1224
1784 100 1800,96,1224,1224
1785 100 1800,96,1224,1224
1786 100 1800,96,1224,1224
1787 100 1800,96,1224,1224
1788 100 1800,120,1224,1200
1789 100 1800,96,1224,1224
1790 100 1800,96,1224,1224
1791 100 1800,96,1224,1224
1792 100 1776,96,1224,1224
1793 100 1776,96,1224,1224
1794 100 1776,96,1224,1224
1795 100 1776,96,1224,1224
1796 100 1776,120,1224,1200
1797 100 1752,120,1224,1224
1798 100 1752,120,1224,1224
