0 100 648,552,1224,1200
1 100 624,552,1224,1200
2 100 624,552,1224,1224
3 100 600,576,1224,1200
4 100 600,576,1224,1200
5 100 600,576,1224,1200
6 100 600,576,1224,1200
7 100 600,552,1224,1224
8 100 600,552,1224,1200
9 100 624,552,1224,1200
10 100 624,552,1224,1200
11 100 624,552,1224,1224
12 100 624,552,1224,1224
13 100 600,576,1224,1200
14 100 600,576,1224,1200
15 100 600,576,1224,1200
16 100 600,576,1224,1200
17 100 600,576,1224,1200
18 100 600,576,1224,1200
19 100 600,552,1224,1224
20 100 600,552,1224,1224
21 100 600,552,1224,1224
22 100 576,552,1224,1224
23 100 576,552,1224,1224
24 100 576,576,1224,1200
25 100 576,552,1224,1224
26 100 576,552,1224,1224
27 100 576,552,1224,1224
28 100 576,552,1224,1224
29 100 576,552,1224,1224
30 100 576,552,1224,1224
31 100 576,576,1224,1200
32 100 576,552,1224,1224
33 100 600,552,1224,1200
34 100 600,552,1224,1200
35 100 600,552,1224,1200
36 100 600,528,1224,1224
37 100 624,528,1224,1224
38 100 624,528,1224,1200
39 100 624,528,1224,1200
40 100 624,528,1224,1200
41 100 624,528,1224,1200
42 100 648,528,1224,1200
43 100 648,528,1224,1200
44 100 648,528,1224,1200
45 100 648,528,1224,1200
46 100 648,528,1224,1200
47 100 648,528,1224,1200
48 100 672,528,1224,1200
49 100 672,528,1224,1200
50 100 696,504,1224,1224
51 100 696,504,1224,1200
52 100 696,504,1224,1200
53 100 696,480,1224,1224
54 100 696,480,1224,1200
55 100 696,480,1224,1200
56 100 696,480,1224,1200
57 100 720,480,1224,1200
58 100 720,480,1224,1224
59 100 720,480,1224,1224
60 100 720,480,1224,1224
61 100 720,480,1224,1224
62 100 720,480,1224,1224
63 100 720,480,1224,1224
64 100 720,480,1224,1224
65 100 720,480,1224,1224
66 100 720,480,1224,1224
67 100 720,480,1224,1224
68 100 720,480,1224,1200
69 100 720,480,1224,1200
70 100 720,480,1224,1200
71 100 720,480,1224,1200
72 100 744,480,1224,1200
73 100 744,480,1224,1200
74 100 744,480,1224,1200
75 100 744,480,1224,1200
76 100 744,480,1224,1200
77 100 744,480,1224,1200
78 100 744,480,1224,1200
79 100 744,480,1224,1200
80 100 768,480,1224,1200
81 100 768,480,1224,1200
82 100 768,480,1224,1200
83 100 768,480,1224,1200
84 100 768,480,1224,1200
85 100 768,480,1224,1200
86 100 768,480,1224,1200
87 100 792,480,1224,1200
88 100 792,480,1224,1224
89 100 792,480,1224,1200
90 100 792,480,1224,1200
91 100 792,480,1224,1200
92 100 792,480,1224,1200
93 100 792,480,1224,1200
94 100 792,480,1224,1200
95 100 792,480,1224,1200
96 100 792,480,1224,1200
97 100 792,480,1224,1200
98 100 792,480,1224,1200
99 100 792,480,1224,1200
100 100 816,480,1224,1200
101 100 816,480,1224,1200
102 100 816,480,1224,1200
103 100 816,480,1224,1200
104 100 840,480,1224,1200
105 100 840,480,1224,1200
106 100 864,480,1224,1200
107 100 864,480,1224,1200
108 100 864,480,1224,1200
109 100 888,480,1224,1200
110 100 888,480,1224,1200
111 100 912,480,1224,1200
112 100 912,480,1224,1200
113 100 936,456,1224,1224
114 100 960,456,1224,1224
115 100 960,456,1224,1200
116 100 984,456,1224,1200
117 100 984,456,1224,1200
118 100 1008,456,1224,1200
119 100 1008,456,1224,1200
120 100 1008,456,1224,1200
121 100 1032,456,1224,1200
122 100 1032,456,1224,1200
123 100 1056,456,1224,1200
124 100 1056,456,1224,1200
125 100 1056,432,1224,1224
126 100 1080,456,1224,1200
127 100 1080,456,1224,1200
128 100 1080,432,1224,1224
129 100 1080,432,1224,1224
130 100 1080,432,1224,1224
131 100 1080,432,1224,1224
132 100 1104,456,1224,1200
133 100 1104,456,1224,1200
134 100 1128,432,1224,1224
135 100 1152,432,1224,1200
136 100 1176,432,1224,1200
137 100 1200,408,1224,1224
138 100 1224,408,1224,1200
139 100 1248,408,1224,1200
140 100 1296,408,1224,1224
141 100 1296,408,1224,1224
142 100 1320,408,1224,1224
143 100 1320,408,1224,1224
144 100 1320,408,1224,1224
145 100 1320,408,1224,1224
146 100 1320,408,1224,1224
147 100 1320,432,1224,1200
148 100 1320,432,1224,1200
149 100 1344,432,1224,1200
150 100 1344,432,1224,1200
151 100 1344,432,1224,1200
152 100 1368,432,1224,1200
153 100 1368,432,1224,1200
154 100 1368,432,1224,1200
155 100 1368,432,1224,1200
156 100 1368,432,1224,1200
157 100 1368,432,1224,1200
158 100 1392,432,1224,1200
159 100 1392,432,1224,1200
160 100 1392,432,1224,1200
161 100 1392,432,1224,1200
162 100 1416,432,1224,1224
163 100 1416,432,1224,1224
164 100 1416,432,1224,1224
165 100 1416,432,1224,1224
166 100 1416,432,1224,1224
167 100 1416,432,1224,1224
168 100 1440,456,1224,1200
169 100 1440,456,1224,1200
170 100 1464,456,1224,1200
171 100 1464,456,1224,1224
172 100 1464,456,1224,1224
173 100 1464,456,1224,1224
174 100 1464,456,1224,1224
175 100 1464,480,1224,1200
176 100 1464,480,1224,1200
177 100 1464,480,1224,1200
178 100 1464,480,1224,1200
179 100 1464,480,1224,1200
180 100 1464,480,1224,1224
181 100 1464,480,1224,1224
182 100 1440,480,1224,1224
183 100 1440,480,1224,1224
184 100 1440,480,1224,1224
185 100 1440,480,1224,1224
186 100 1416,480,1224,1200
187 100 1416,480,1224,1200
188 100 1416,480,1224,1200
189 100 1392,480,1224,1200
190 100 1392,480,1224,1200
191 100 1392,480,1224,1200
192 100 1392,480,1224,1200
193 100 1368,480,1224,1200
194 100 1368,480,1224,1200
195 100 1368,480,1224,1200
196 100 1368,480,1224,1200
197 100 1368,480,1224,1200
198 100 1368,480,1224,1200
199 100 1344,480,1224,1200
200 100 1344,480,1224,1200
201 100 1344,480,1224,1200
202 100 1320,480,1224,1200
203 100 1320,480,1224,1200
204 100 1320,480,1224,1200
205 100 1320,480,1224,1200
206 100 1296,480,1224,1200
207 100 1296,480,1224,1200
208 100 1296,480,1224,1200
209 100 1296,480,1224,1200
210 100 1296,480,1224,1200
211 100 1296,480,1224,1200
212 100 1296,480,1224,1200
213 100 1296,480,1224,1200
214 100 1296,480,1224,1200
215 100 1296,480,1224,1200
216 100 1296,480,1224,1200
217 100 1296,480,1224,1200
218 100 1296,480,1224,1200
219 100 1296,480,1224,1200
220 100 1320,480,1224,1200
221 100 1296,480,1224,1200
222 100 1296,456,1224,1224
223 100 1320,456,1224,1224
224 100 1296,456,1224,1200
225 100 1296,456,1224,1200
226 100 1296,456,1224,1200
227 100 1296,456,1224,1200
228 100 1296,456,1224,1200
229 100 1296,456,1224,1200
230 100 1296,432,1224,1224
231 100 1296,456,1224,1200
232 100 1320,456,1224,1200
233 100 1320,456,1224,1200
234 100 1320,456,1224,1200
235 100 1320,456,1224,1200
236 100 1320,456,1224,1200
237 100 1320,456,1224,1200
238 100 1344,432,1224,1224
239 100 1344,432,1224,1224
240 100 1344,432,1224,1200
241 100 1368,432,1224,1200
242 100 1392,432,1224,1200
243 100 1416,432,1224,1200
244 100 1416,432,1224,1224
245 100 1440,456,1224,1200
246 100 1464,456,1224,1200
247 100 1464,456,1224,1200
248 100 1464,456,1224,1224
249 100 1488,456,1224,1224
250 100 1488,480,1224,1200
251 100 1512,480,1224,1200
252 100 1512,456,1224,1224
253 100 1512,456,1224,1224
254 100 1512,456,1224,1200
255 100 1512,456,1224,1200
256 100 1536,456,1224,1200
257 100 1536,456,1224,1200
258 100 1560,456,1224,1200
259 100 1560,456,1224,1224
260 100 1560,456,1224,1200
261 100 1560,456,1224,1200
262 100 1560,456,1224,1200
263 100 1560,432,1224,1224
264 100 1536,432,1224,1200
265 100 1536,432,1224,1200
266 100 1536,432,1224,1200
267 100 1536,432,1224,1200
268 100 1536,432,1224,1200
269 100 1536,408,1224,1224
270 100 1536,408,1224,1200
271 100 1512,408,1224,1200
272 100 1512,384,1224,1224
273 100 1488,384,1224,1224
274 100 1488,384,1224,1224
275 100 1488,384,1224,1224
276 100 1488,384,1224,1200
277 100 1488,384,1224,1200
278 100 1512,408,1224,1200
279 100 1512,408,1224,1200
280 100 1512,408,1224,1224
281 100 1512,432,1224,1200
282 100 1512,456,1224,1200
283 100 1512,480,1224,1200
284 100 1512,480,1224,1224
285 100 1512,480,1224,1224
286 100 1512,480,1224,1200
287 100 1512,480,1224,1200
288 100 1512,480,1224,1200
289 100 1512,504,1224,1200
290 100 1512,504,1224,1224
291 100 1512,528,1224,1200
292 100 1512,528,1224,1200
293 100 1488,528,1224,1200
294 100 1488,504,1224,1224
295 100 1488,504,1224,1200
296 100 1488,480,1224,1224
297 100 1488,480,1224,1200
298 100 1488,480,1224,1200
299 100 1488,480,1224,1200
300 100 1488,480,1224,1200
301 100 1488,480,1224,1200
302 100 1488,480,1224,1200
303 100 1488,480,1224,1224
304 100 1464,480,1224,1224
305 100 1464,480,1224,1224
306 100 1464,480,1224,1224
307 100 1464,480,1224,1200
308 100 1464,480,1224,1200
309 100 1440,480,1224,1200
310 100 1440,480,1224,1200
311 100 1440,480,1224,1200
312 100 1440,480,1224,1200
313 100 1440,456,1224,1224
314 100 1416,456,1224,1224
315 100 1416,480,1224,1200
316 100 1416,480,1224,1200
317 100 1416,480,1224,1200
318 100 1416,456,1224,1224
319 100 1392,456,1224,1200
320 100 1392,432,1224,1200
321 100 1368,432,1224,1200
322 100 1368,432,1224,1200
323 100 1368,432,1224,1200
324 100 1344,432,1224,1200
325 100 1344,432,1224,1200
326 100 1344,432,1224,1200
327 100 1344,432,1224,1200
328 100 1344,432,1224,1200
329 100 1344,432,1224,1224
330 100 1320,432,1224,1200
331 100 1320,432,1224,1224
332 100 1320,432,1224,1200
333 100 1320,432,1224,1200
334 100 1320,432,1224,1200
335 100 1296,432,1224,1200
336 100 1296,408,1224,1200
337 100 1272,384,1224,1224
338 100 1272,384,1224,1200
339 100 1248,360,1224,1224
340 100 1248,360,1224,1200
341 100 1248,360,1224,1224
342 100 1248,384,1224,1200
343 100 1224,384,1224,1200
344 100 1224,384,1224,1200
345 100 1224,384,1224,1200
346 100 1200,384,1224,1200
347 100 1200,360,1224,1224
348 100 1200,360,1224,1200
349 100 1176,360,1224,1200
350 100 1176,360,1224,1200
351 100 1176,360,1224,1200
352 100 1152,360,1224,1224
353 100 1128,360,1224,1200
354 100 1128,360,1224,1224
355 100 1104,384,1224,1200
356 100 1104,384,1224,1200
357 100 1080,384,1224,1200
358 100 1080,384,1224,1200
359 100 1080,384,1224,1200
360 100 1080,384,1224,1200
361 100 1080,384,1224,1200
362 100 1080,384,1224,1200
363 100 1080,384,1224,1200
364 100 1056,384,1224,1200
365 100 1056,360,1224,1224
366 100 1032,384,1224,1200
367 100 1032,384,1224,1200
368 100 1032,384,1224,1200
369 100 1008,384,1224,1200
370 100 1008,384,1224,1200
371 100 1008,384,1224,1224
372 100 1008,408,1224,1200
373 100 1008,408,1224,1200
374 100 984,384,1224,1224
375 100 984,384,1224,1200
376 100 960,384,1224,1200
377 100 960,384,1224,1200
378 100 936,384,1224,1200
379 100 936,384,1224,1200
380 100 936,384,1224,1224
381 100 936,408,1224,1200
382 100 912,408,1224,1200
383 100 912,408,1224,1200
384 100 912,408,1224,1200
385 100 912,408,1224,1200
386 100 888,408,1224,1200
387 100 888,408,1224,1200
388 100 864,408,1224,1200
389 100 864,408,1224,1200
390 100 864,408,1224,1200
391 100 864,408,1224,1200
392 100 864,408,1224,1200
393 100 840,408,1224,1200
394 100 840,408,1224,1200
395 100 816,408,1224,1200
396 100 816,408,1224,1200
397 100 816,408,1224,1224
398 100 792,408,1224,1224
399 100 792,408,1224,1224
400 100 792,432,1224,1200
401 100 792,432,1224,1200
402 100 792,432,1224,1200
403 100 768,432,1224,1224
404 100 768,432,1224,1224
405 100 768,432,1224,1224
406 100 744,432,1224,1224
407 100 744,432,1224,1224
408 100 744,432,1224,1200
409 100 744,432,1224,1200
410 100 720,432,1224,1200
411 100 720,432,1224,1200
412 100 720,432,1224,1200
413 100 720,432,1224,1224
414 100 720,432,1224,1224
415 100 696,432,1224,1224
416 100 696,432,1224,1224
417 100 696,456,1224,1200
418 100 696,432,1224,1224
419 100 696,432,1224,1224
420 100 672,432,1224,1224
421 100 672,432,1224,1224
422 100 672,432,1224,1224
423 100 672,432,1224,1224
424 100 672,432,1224,1224
425 100 672,432,1224,1224
426 100 648,456,1224,1200
427 100 648,456,1224,1200
428 100 624,456,1224,1200
429 100 624,456,1224,1200
430 100 624,456,1224,1200
431 100 600,456,1224,1200
432 100 600,456,1224,1200
433 100 576,456,1224,1200
434 100 576,456,1224,1200
435 100 552,456,1224,1200
436 100 552,456,1224,1200
437 100 528,456,1224,1200
438 100 528,456,1224,1200
439 100 504,432,1224,1224
440 100 504,432,1224,1224
441 100 504,456,1224,1200
442 100 504,456,1224,1200
443 100 504,456,1224,1200
444 100 504,456,1224,1200
445 100 504,456,1224,1200
446 100 504,456,1224,1200
447 100 504,456,1224,1200
448 100 480,456,1224,1200
449 100 480,456,1224,1200
450 100 480,456,1224,1200
451 100 480,456,1224,1200
452 100 480,456,1224,1200
453 100 480,456,1224,1200
454 100 480,456,1224,1200
455 100 480,456,1224,1200
456 100 480,456,1224,1200
457 100 480,456,1224,1200
458 100 456,456,1224,1200
459 100 456,456,1224,1200
460 100 456,456,1224,1200
461 100 456,456,1224,1200
462 100 456,456,1224,1200
463 100 456,456,1224,1200
464 100 456,456,1224,1200
465 100 456,456,1224,1224
466 100 456,480,1224,1200
467 100 456,480,1224,1200
468 100 456,480,1224,1200
469 100 456,480,1224,1200
470 100 456,480,1224,1200
471 100 456,480,1224,1200
472 100 456,480,1224,1200
473 100 456,480,1224,1200
474 100 456,480,1224,1200
475 100 456,480,1224,1200
476 100 456,480,1224,1200
477 100 456,480,1224,1200
478 100 456,480,1224,1200
479 100 456,480,1224,1200
480 100 456,480,1224,1200
481 100 456,480,1224,1200
482 100 456,480,1224,1200
483 100 456,480,1224,1200
484 100 456,480,1224,1200
485 100 456,480,1224,1200
486 100 456,456,1224,1224
487 100 456,456,1224,1224
488 100 432,456,1224,1224
489 100 432,456,1224,1200
490 100 432,456,1224,1200
491 100 432,456,1224,1200
492 100 432,456,1224,1224
493 100 432,456,1224,1224
494 100 432,456,1224,1200
495 100 432,456,1224,1224
496 100 432,456,1224,1224
497 100 432,456,1224,1224
498 100 432,480,1224,1200
499 100 432,480,1224,1200
500 100 432,480,1224,1200
501 100 408,480,1224,1200
502 100 408,456,1224,1224
503 100 408,456,1224,1224
504 100 408,456,1224,1224
505 100 408,456,1224,1224
506 100 408,456,1224,1224
507 100 408,456,1224,1224
508 100 408,456,1224,1224
509 100 408,456,1224,1224
510 100 384,456,1224,1224
511 100 384,456,1224,1224
512 100 384,456,1224,1224
513 100 384,456,1224,1224
514 100 384,456,1224,1224
515 100 360,456,1224,1200
516 100 360,456,1224,1200
517 100 360,456,1224,1200
518 100 360,456,1224,1200
519 100 336,456,1224,1200
520 100 336,456,1224,1200
521 100 336,456,1224,1200
522 100 336,456,1224,1200
523 100 312,456,1224,1200
524 100 312,456,1224,1200
525 100 312,456,1224,1200
526 100 312,456,1224,1200
527 100 312,456,1224,1200
528 100 288,456,1224,1200
529 100 288,456,1224,1200
530 100 288,456,1224,1200
531 100 264,432,1224,1224
532 100 264,432,1224,1200
533 100 264,432,1224,1200
534 100 264,432,1224,1200
535 100 240,432,1224,1200
536 100 240,432,1224,1200
537 100 240,432,1224,1200
538 100 240,432,1224,1200
539 100 240,432,1224,1200
540 100 240,432,1224,1200
541 100 240,432,1224,1200
542 100 216,408,1224,1224
543 100 216,408,1224,1224
544 100 216,408,1224,1200
545 100 216,408,1224,1200
546 100 216,408,1224,1200
547 100 216,408,1224,1200
548 100 192,408,1224,1200
549 100 192,384,1224,1224
550 100 192,384,1224,1200
551 100 192,384,1224,1200
552 100 192,360,1224,1224
553 100 192,360,1224,1200
554 100 192,360,1224,1200
555 100 192,336,1224,1224
556 100 192,336,1224,1200
557 100 192,336,1224,1200
558 100 192,336,1224,1200
559 100 216,336,1224,1200
560 100 216,312,1224,1224
561 100 216,312,1224,1224
562 100 240,312,1224,1200
563 100 240,312,1224,1200
564 100 240,312,1224,1200
565 100 240,288,1224,1224
566 100 240,288,1224,1200
567 100 240,288,1224,1200
568 100 240,264,1224,1224
569 100 264,264,1224,1200
570 100 264,264,1224,1200
571 100 288,240,1224,1224
572 100 288,240,1224,1200
573 100 288,240,1224,1200
574 100 312,216,1224,1224
575 100 312,216,1224,1224
576 100 336,216,1224,1224
577 100 336,216,1224,1224
578 100 360,216,1224,1224
579 100 360,216,1224,1224
580 100 384,216,1224,1200
581 100 384,216,1224,1200
582 100 408,216,1224,1200
583 100 408,216,1224,1200
584 100 408,216,1224,1200
585 100 408,216,1224,1200
586 100 432,216,1224,1200
587 100 432,216,1224,1200
588 100 432,216,1224,1200
589 100 432,216,1224,1200
590 100 432,192,1224,1224
591 100 432,192,1224,1224
592 100 432,192,1224,1200
593 100 432,192,1224,1200
594 100 432,192,1224,1200
595 100 432,192,1224,1200
596 100 432,192,1224,1200
597 100 456,192,1224,1200
598 100 456,192,1224,1200
599 100 480,192,1224,1200
600 100 480,192,1224,1200
601 100 504,192,1224,1200
602 100 504,192,1224,1200
603 100 504,192,1224,1200
604 100 528,168,1224,1224
605 100 528,168,1224,1224
606 100 552,168,1224,1224
607 100 552,192,1224,1200
608 100 576,192,1224,1200
609 100 576,192,1224,1200
610 100 576,168,1224,1224
611 100 600,168,1224,1224
612 100 600,168,1224,1224
613 100 600,168,1224,1224
614 100 624,168,1224,1224
615 100 624,168,1224,1224
616 100 624,192,1224,1200
617 100 648,192,1224,1200
618 100 648,192,1224,1200
619 100 648,192,1224,1200
620 100 648,192,1224,1200
621 100 648,192,1224,1200
622 100 648,168,1224,1224
623 100 672,168,1224,1224
624 100 672,168,1224,1224
625 100 672,168,1224,1224
626 100 672,168,1224,1224
627 100 672,168,1224,1224
628 100 672,168,1224,1224
629 100 672,168,1224,1224
630 100 696,168,1224,1224
631 100 696,168,1224,1224
632 100 696,168,1224,1224
633 100 696,168,1224,1224
634 100 696,168,1224,1224
635 100 696,168,1224,1224
636 100 696,168,1224,1224
637 100 696,168,1224,1224
638 100 696,168,1224,1224
639 100 720,168,1224,1224
640 100 720,168,1224,1224
641 100 720,168,1224,1224
642 100 744,192,1224,1200
643 100 744,192,1224,1200
644 100 768,192,1224,1200
645 100 768,192,1224,1200
646 100 768,192,1224,1200
647 100 768,192,1224,1200
648 100 768,192,1224,1200
649 100 768,192,1224,1200
650 100 768,192,1224,1200
651 100 768,192,1224,1200
652 100 792,192,1224,1200
653 100 792,192,1224,1200
654 100 816,192,1224,1224
655 100 816,216,1224,1200
656 100 840,216,1224,1200
657 100 840,216,1224,1200
658 100 840,216,1224,1200
659 100 840,216,1224,1200
660 100 864,216,1224,1224
661 100 864,240,1224,1200
662 100 888,240,1224,1200
663 100 888,264,1224,1200
664 100 912,264,1224,1200
665 100 936,288,1224,1200
666 100 936,288,1224,1200
667 100 936,288,1224,1200
668 100 936,288,1224,1200
669 100 936,288,1224,1200
670 100 936,288,1224,1200
671 100 936,288,1224,1200
672 100 936,288,1224,1200
673 100 960,288,1224,1200
674 100 960,288,1224,1200
675 100 960,288,1224,1224
676 100 960,312,1224,1200
677 100 984,312,1224,1200
678 100 984,312,1224,1200
679 100 984,312,1224,1200
680 100 984,312,1224,1200
681 100 984,312,1224,1200
682 100 1008,312,1224,1224
683 100 1008,336,1224,1200
684 100 1032,360,1224,1200
685 100 1056,384,1224,1200
686 100 1080,384,1224,1200
687 100 1080,384,1224,1224
688 100 1104,408,1224,1200
689 100 1104,408,1224,1200
690 100 1104,408,1224,1200
691 100 1104,408,1224,1200
692 100 1104,408,1224,1200
693 100 1104,408,1224,1200
694 100 1128,384,1224,1224
695 100 1128,384,1224,1224
696 100 1128,384,1224,1224
697 100 1128,384,1224,1224
698 100 1152,384,1224,1200
699 100 1152,384,1224,1200
700 100 1152,384,1224,1200
701 100 1152,384,1224,1200
702 100 1176,384,1224,1200
703 100 1176,384,1224,1200
704 100 1200,384,1224,1200
705 100 1200,384,1224,1200
706 100 1224,384,1224,1224
707 100 1224,384,1224,1224
708 100 1224,384,1224,1224
709 100 1224,384,1224,1224
710 100 1224,384,1224,1224
711 100 1224,384,1224,1224
712 100 1224,408,1224,1200
713 100 1224,408,1224,1200
714 100 1248,408,1224,1200
715 100 1248,408,1224,1200
716 100 1272,408,1224,1200
717 100 1272,408,1224,1200
718 100 1296,408,1224,1200
719 100 1296,408,1224,1200
720 100 1320,408,1224,1200
721 100 1344,408,1224,1200
722 100 1368,408,1224,1200
723 100 1392,408,1224,1200
724 100 1392,408,1224,1200
725 100 1416,408,1224,1200
726 100 1416,408,1224,1200
727 100 1416,408,1224,1200
728 100 1416,408,1224,1200
729 100 1440,408,1224,1200
730 100 1440,408,1224,1200
731 100 1440,408,1224,1224
732 100 1440,408,1224,1200
733 100 1440,408,1224,1200
734 100 1440,408,1224,1200
735 100 1440,408,1224,1200
736 100 1440,408,1224,1200
737 100 1464,384,1224,1224
738 100 1464,384,1224,1200
739 100 1488,384,1224,1200
740 100 1512,384,1224,1200
741 100 1536,384,1224,1200
742 100 1536,384,1224,1200
743 100 1536,384,1224,1200
744 100 1536,384,1224,1200
745 100 1536,384,1224,1200
746 100 1536,384,1224,1200
747 100 1536,384,1224,1200
748 100 1536,384,1224,1200
749 100 1536,384,1224,1200
750 100 1536,384,1224,1200
751 100 1536,384,1224,1200
752 100 1536,384,1224,1200
753 100 1536,384,1224,1200
754 100 1536,384,1224,1200
755 100 1536,384,1224,1200
756 100 1536,384,1224,1200
757 100 1536,384,1224,1200
758 100 1536,384,1224,1200
759 100 1536,384,1224,1200
760 100 1560,384,1224,1200
761 100 1560,384,1224,1200
762 100 1536,384,1224,1200
763 100 1560,384,1224,1200
764 100 1560,384,1224,1200
765 100 1560,384,1224,1200
766 100 1560,384,1224,1200
767 100 1560,384,1224,1224
768 100 1560,384,1224,1200
769 100 1560,384,1224,1200
770 100 1560,384,1224,1200
771 100 1560,384,1224,1200
772 100 1584,360,1224,1224
773 100 1584,360,1224,1224
774 100 1584,360,1224,1200
775 100 1560,360,1224,1200
776 100 1560,360,1224,1200
777 100 1560,360,1224,1200
778 100 1560,360,1224,1200
779 100 1584,360,1224,1200
780 100 1584,360,1224,1200
781 100 1584,360,1224,1224
782 100 1584,360,1224,1224
783 100 1584,360,1224,1224
784 100 1584,360,1224,1224
785 100 1584,360,1224,1224
786 100 1608,360,1224,1200
787 100 1608,360,1224,1200
788 100 1608,360,1224,1200
789 100 1608,360,1224,1200
790 100 1608,336,1224,1224
791 100 1608,336,1224,1200
792 100 1608,336,1224,1200
793 100 1608,336,1224,1200
794 100 1608,336,1224,1200
795 100 1608,336,1224,1200
796 100 1608,336,1224,1200
797 100 1608,336,1224,1200
798 100 1608,336,1224,1200
799 100 1608,336,1224,1200
800 100 1608,336,1224,1200
801 100 1608,336,1224,1200
802 100 1608,336,1224,1200
803 100 1608,336,1224,1200
804 100 1608,336,1224,1200
805 100 1608,336,1224,1200
806 100 1632,336,1224,1200
807 100 1632,336,1224,1224
808 100 1632,336,1224,1224
809 100 1632,336,1224,1224
810 100 1632,336,1224,1224
811 100 1632,360,1224,1200
812 100 1632,360,1224,1200
813 100 1656,360,1224,1200
814 100 1656,360,1224,1200
815 100 1656,360,1224,1200
816 100 1656,360,1224,1200
817 100 1656,360,1224,1200
818 100 1680,360,1224,1200
819 100 1680,360,1224,1200
820 100 1680,360,1224,1200
821 100 1680,360,1224,1200
822 100 1704,360,1224,1224
823 100 1704,360,1224,1224
824 100 1704,360,1224,1200
825 100 1704,360,1224,1200
826 100 1704,360,1224,1200
827 100 1728,360,1224,1200
828 100 1728,360,1224,1200
829 100 1728,360,1224,1200
830 100 1728,360,1224,1200
831 100 1728,360,1224,1200
832 100 1728,360,1224,1200
833 100 1752,360,1224,1200
834 100 1752,360,1224,1200
835 100 1752,360,1224,1200
836 100 1752,360,1224,1200
837 100 1752,360,1224,1200
838 100 1752,360,1224,1200
839 100 1776,360,1224,1224
840 100 1776,360,1224,1224
841 100 1776,384,1224,1200
842 100 1800,384,1224,1200
843 100 1800,384,1224,1200
844 100 1800,384,1224,1200
845 100 1824,384,1224,1200
846 100 1824,384,1224,1200
847 100 1824,384,1224,1200
848 100 1848,384,1224,1200
849 100 1848,384,1224,1200
850 100 1848,384,1224,1224
851 100 1872,384,1224,1224
852 100 1872,384,1224,1224
853 100 1872,384,1224,1224
854 100 1872,384,1224,1224
855 100 1872,384,1224,1224
856 100 1896,408,1224,1200
857 100 1896,408,1224,1200
858 100 1896,408,1224,1200
859 100 1920,408,1224,1224
860 100 1920,408,1224,1224
861 100 1920,408,1224,1224
862 100 1944,432,1224,1200
863 100 1944,408,1224,1224
864 100 1944,408,1224,1224
865 100 1944,408,1224,1224
866 100 1944,408,1224,1224
867 100 1944,432,1224,1200
868 100 1944,432,1224,1200
869 100 1968,432,1224,1200
870 100 1968,432,1224,1200
871 100 1968,432,1224,1200
872 100 1968,432,1224,1200
873 100 1992,432,1224,1200
874 100 1992,432,1224,1224
875 100 1992,432,1224,1224
876 100 1992,456,1224,1200
877 100 2016,456,1224,1200
878 100 2016,456,1224,1224
879 100 2040,480,1224,1200
880 100 2040,480,1224,1200
881 100 2040,480,1224,1200
882 100 2040,480,1224,1200
883 100 2040,480,1224,1200
884 100 2040,480,1224,1200
885 100 2040,480,1224,1200
886 100 2040,480,1224,1200
887 100 2040,480,1224,1224
888 100 2040,480,1224,1224
889 100 2040,504,1224,1200
890 100 2040,504,1224,1200
891 100 2040,504,1224,1224
892 100 2040,528,1224,1200
893 100 2040,528,1224,1200
894 100 2040,528,1224,1200
895 100 2040,528,1224,1200
896 100 2064,528,1224,1200
897 100 2064,528,1224,1224
898 100 2064,528,1224,1224
899 100 2064,528,1224,1224
900 100 2064,528,1224,1224
901 100 2064,528,1224,1224
902 100 2064,528,1224,1224
903 100 2064,552,1224,1200
904 100 2064,552,1224,1200
905 100 2064,552,1224,1200
906 100 2064,552,1224,1200
907 100 2064,552,1224,1200
908 100 2064,552,1224,1200
909 100 2088,552,1224,1200
910 100 2088,552,1224,1200
911 100 2088,552,1224,1200
912 100 2088,552,1224,1200
913 100 2088,552,1224,1200
914 100 2088,552,1224,1200
915 100 2088,552,1224,1200
916 100 2088,552,1224,1200
917 100 2088,552,1224,1200
918 100 2088,552,1224,1200
919 100 2088,552,1224,1200
920 100 2088,552,1224,1200
921 100 2088,552,1224,1200
922 100 2088,552,1224,1224
923 100 2088,552,1224,1224
924 100 2088,552,1224,1224
925 100 2088,576,1224,1200
926 100 2088,576,1224,1200
927 100 2088,576,1224,1200
928 100 2088,576,1224,1200
929 100 2088,576,1224,1200
930 100 2088,576,1224,1200
931 100 2088,576,1224,1200
932 100 2088,576,1224,1200
933 100 2088,576,1224,1200
934 100 2088,576,1224,1200
935 100 2088,576,1224,1200
936 100 2088,576,1224,1200
937 100 2088,552,1224,1224
938 100 2088,552,1224,1224
939 100 2088,552,1224,1224
940 100 2088,552,1224,1224
941 100 2088,552,1224,1224
942 100 2088,552,1224,1200
943 100 2088,552,1224,1200
944 100 2088,552,1224,1200
945 100 2088,552,1224,1200
946 100 2088,552,1224,1200
947 100 2088,552,1224,1224
948 100 2088,552,1224,1224
949 100 2088,552,1224,1224
950 100 2112,552,1224,1224
951 100 2112,552,1224,1224
952 100 2112,552,1224,1224
953 100 2112,552,1224,1224
954 100 2112,552,1224,1224
955 100 2112,552,1224,1224
956 100 2112,552,1224,1224
957 100 2112,552,1224,1200
958 100 2112,552,1224,1200
959 100 2112,552,1224,1200
960 100 2112,552,1224,1200
961 100 2136,528,1224,1224
962 100 2136,528,1224,1200
963 100 2136,504,1224,1200
964 100 2160,480,1224,1224
965 100 2160,480,1224,1200
966 100 2160,456,1224,1224
967 100 2136,456,1224,1200
968 100 2136,456,1224,1200
969 100 2160,456,1224,1200
970 100 2160,456,1224,1224
971 100 2160,456,1224,1224
972 100 2160,456,1224,1224
973 100 2160,456,1224,1200
974 100 2160,456,1224,1200
975 100 2136,432,1224,1224
976 100 2136,432,1224,1200
977 100 2136,432,1224,1200
978 100 2136,408,1224,1200
979 100 2112,408,1224,1200
980 100 2112,408,1224,1200
981 100 2112,408,1224,1200
982 100 2136,408,1224,1224
983 100 2136,408,1224,1224
984 100 2136,408,1224,1224
985 100 2136,408,1224,1224
986 100 2136,408,1224,1224
987 100 2136,408,1224,1200
988 100 2136,408,1224,1200
989 100 2112,408,1224,1200
990 100 2112,408,1224,1200
991 100 2112,408,1224,1200
992 100 2112,408,1224,1200
993 100 2112,384,1224,1224
994 100 2112,384,1224,1224
995 100 2112,384,1224,1200
996 100 2112,384,1224,1200
997 100 2088,384,1224,1200
998 100 2088,384,1224,1200
999 100 2088,384,1224,1200
1000 100 2088,384,1224,1200
1001 100 2088,384,1224,1200
1002 100 2088,384,1224,1200
1003 100 2088,384,1224,1200
1004 100 2088,360,1224,1224
1005 100 2088,360,1224,1224
1006 100 2088,360,1224,1200
1007 100 2088,360,1224,1200
1008 100 2088,360,1224,1200
1009 100 2088,360,1224,1200
1010 100 2088,360,1224,1200
1011 100 2088,360,1224,1200
1012 100 2088,360,1224,1200
1013 100 2088,360,1224,1200
1014 100 2088,360,1224,1200
1015 100 2064,360,1224,1200
1016 100 2064,360,1224,1200
1017 100 2064,360,1224,1200
1018 100 2064,360,1224,1200
1019 100 2064,360,1224,1200
1020 100 2064,360,1224,1200
1021 100 2064,360,1224,1200
1022 100 2088,360,1224,1200
1023 100 2088,360,1224,1200
1024 100 2088,360,1224,1200
1025 100 2112,360,1224,1224
1026 100 2112,360,1224,1224
1027 100 2136,384,1224,1200
1028 100 2136,384,1224,1200
1029 100 2136,384,1224,1200
1030 100 2136,360,1224,1224
1031 100 2136,360,1224,1224
1032 100 2136,360,1224,1224
1033 100 2136,384,1224,1200
1034 100 2160,384,1224,1200
1035 100 2160,384,1224,1200
1036 100 2160,384,1224,1224
1037 100 2160,408,1224,1200
1038 100 2184,408,1224,1200
1039 100 2184,408,1224,1224
1040 100 2208,408,1224,1224
1041 100 2208,432,1224,1200
1042 100 2208,432,1224,1200
1043 100 2208,432,1224,1224
1044 100 2208,432,1224,1224
1045 100 2208,432,1224,1224
1046 100 2232,456,1224,1200
1047 100 2232,456,1224,1200
1048 100 2232,456,1224,1200
1049 100 2232,456,1224,1200
1050 100 2232,456,1224,1200
1051 100 2232,456,1224,1200
1052 100 2232,456,1224,1200
1053 100 2232,456,1224,1200
1054 100 2232,456,1224,1200
1055 100 2232,456,1224,1200
1056 100 2232,456,1224,1200
1057 100 2232,456,1224,1200
1058 100 2232,456,1224,1200
1059 100 2232,456,1224,1200
1060 100 2232,456,1224,1200
1061 100 2232,456,1224,1200
1062 100 2232,432,1224,1224
1063 100 2232,432,1224,1224
1064 100 2232,432,1224,1224
1065 100 2232,432,1224,1224
1066 100 2232,432,1224,1224
1067 100 2232,432,1224,1224
1068 100 2256,432,1224,1224
1069 100 2256,432,1224,1224
1070 100 2256,432,1224,1224
1071 100 2256,432,1224,1224
1072 100 2256,432,1224,1224
1073 100 2256,432,1224,1224
1074 100 2256,432,1224,1224
1075 100 2256,432,1224,1224
1076 100 2256,432,1224,1224
1077 100 2280,432,1224,1224
1078 100 2280,432,1224,1224
1079 100 2280,432,1224,1224
1080 100 2280,432,1224,1224
1081 100 2280,432,1224,1224
1082 100 2304,432,1224,1224
1083 100 2304,432,1224,1224
1084 100 2304,432,1224,1224
1085 100 2304,432,1224,1224
1086 100 2304,432,1224,1224
1087 100 2328,432,1224,1224
1088 100 2328,432,1224,1224
1089 100 2328,432,1224,1224
1090 100 2328,432,1224,1224
1091 100 2328,456,1224,1200
1092 100 2328,456,1224,1200
1093 100 2328,432,1224,1224
1094 100 2328,456,1224,1200
1095 100 2328,456,1224,1200
1096 100 2352,432,1224,1224
1097 100 2352,432,1224,1224
1098 100 2352,432,1224,1224
1099 100 2352,432,1224,1224
1100 100 2376,432,1224,1224
1101 100 2400,432,1224,1224
1102 100 2400,432,1224,1224
1103 100 2424,432,1224,1224
1104 100 2424,432,1224,1224
1105 100 2448,432,1224,1224
1106 100 2448,432,1224,1224
1107 100 2448,456,1224,1200
1108 100 2448,456,1224,1200
1109 100 2448,456,1224,1200
1110 100 2472,456,1224,1200
1111 100 2496,456,1224,1200
1112 100 2496,456,1224,1200
1113 100 2520,456,1224,1200
1114 100 2520,456,1224,1200
1115 100 2544,456,1224,1200
1116 100 2544,456,1224,1200
1117 100 2544,456,1224,1200
1118 100 2568,456,1224,1200
1119 100 2568,456,1224,1224
1120 100 2592,456,1224,1224
1121 100 2592,456,1224,1224
1122 100 2592,456,1224,1224
1123 100 2592,480,1224,1200
1124 100 2592,456,1224,1224
1125 100 2592,456,1224,1224
1126 100 2592,456,1224,1200
1127 100 2592,456,1224,1200
1128 100 2592,456,1224,1200
1129 100 2616,456,1224,1200
1130 100 2616,456,1224,1200
1131 100 2616,456,1224,1200
1132 100 2616,456,1224,1200
1133 100 2616,456,1224,1224
1134 100 2640,456,1224,1224
1135 100 2616,456,1224,1224
1136 100 2616,456,1224,1224
1137 100 2640,456,1224,1224
1138 100 2640,456,1224,1224
1139 100 2640,480,1224,1200
1140 100 2640,480,1224,1200
1141 100 2640,480,1224,1200
1142 100 2640,480,1224,1200
1143 100 2640,480,1224,1224
1144 100 2616,480,1224,1224
1145 100 2592,504,1224,1200
1146 100 2568,528,1224,1200
1147 100 2520,528,1224,1224
1148 100 2496,552,1224,1200
1149 100 2472,552,1224,1200
1150 100 2448,552,1224,1224
1151 100 2424,576,1224,1200
1152 100 2424,552,1224,1224
1153 100 2424,552,1224,1224
1154 100 2448,552,1224,1200
1155 100 2448,552,1224,1200
1156 100 2424,552,1224,1200
1157 100 2424,552,1224,1200
1158 100 2400,552,1224,1200
1159 100 2376,552,1224,1200
1160 100 2352,528,1224,1224
1161 100 2328,528,1224,1224
1162 100 2304,528,1224,1224
1163 100 2304,552,1224,1200
1164 100 2280,552,1224,1200
1165 100 2280,552,1224,1200
1166 100 2256,552,1224,1200
1167 100 2256,552,1224,1200
1168 100 2232,552,1224,1200
1169 100 2208,552,1224,1200
1170 100 2184,552,1224,1200
1171 100 2160,552,1224,1200
1172 100 2160,552,1224,1200
1173 100 2136,528,1224,1224
1174 100 2136,528,1224,1224
1175 100 2112,528,1224,1224
1176 100 2112,552,1224,1200
1177 100 2088,552,1224,1200
1178 100 2064,552,1224,1200
1179 100 2040,552,1224,1200
1180 100 2016,552,1224,1200
1181 100 1992,552,1224,1224
1182 100 1968,552,1224,1224
1183 100 1968,552,1224,1224
1184 100 1944,552,1224,1224
1185 100 1944,552,1224,1200
1186 100 1944,552,1224,1200
1187 100 1944,552,1224,1200
1188 100 1920,552,1224,1200
1189 100 1920,552,1224,1200
1190 100 1920,552,1224,1200
1191 100 1896,552,1224,1200
1192 100 1896,552,1224,1200
1193 100 1872,552,1224,1200
1194 100 1872,552,1224,1200
1195 100 1848,552,1224,1200
1196 100 1848,552,1224,1200
1197 100 1824,552,1224,1200
1198 100 1824,552,1224,1200
1199 100 1824,552,1224,1200
1200 100 1800,552,1224,1200
1201 100 1800,552,1224,1200
1202 100 1800,552,1224,1200
1203 100 1800,552,1224,1200
1204 100 1776,552,1224,1200
1205 100 1776,552,1224,1200
1206 100 1776,552,1224,1200
1207 100 1752,552,1224,1200
1208 100 1752,552,1224,1200
1209 100 1752,552,1224,1200
1210 100 1728,552,1224,1200
1211 100 1728,552,1224,1200
1212 100 1704,552,1224,1200
1213 100 1680,552,1224,1200
1214 100 1680,552,1224,1200
1215 100 1656,552,1224,1224
1216 100 1656,552,1224,1224
1217 100 1632,552,1224,1224
1218 100 1632,552,1224,1200
1219 100 1632,552,1224,1200
1220 100 1632,552,1224,1200
1221 100 1632,552,1224,1200
1222 100 1632,552,1224,1200
1223 100 1632,552,1224,1200
1224 100 1608,552,1224,1200
1225 100 1608,552,1224,1200
1226 100 1608,552,1224,1200
1227 100 1608,552,1224,1200
1228 100 1584,552,1224,1200
1229 100 1584,552,1224,1200
1230 100 1584,552,1224,1200
1231 100 1584,552,1224,1200
1232 100 1560,552,1224,1200
1233 100 1560,552,1224,1200
1234 100 1560,552,1224,1200
1235 100 1560,552,1224,1200
1236 100 1536,552,1224,1200
1237 100 1536,552,1224,1200
1238 100 1536,552,1224,1200
1239 100 1536,552,1224,1200
1240 100 1536,552,1224,1200
1241 100 1512,552,1224,1200
1242 100 1512,552,1224,1200
1243 100 1512,552,1224,1200
1244 100 1488,552,1224,1200
1245 100 1488,552,1224,1200
1246 100 1488,552,1224,1200
1247 100 1488,528,1224,1224
1248 100 1464,528,1224,1200
1249 100 1464,528,1224,1200
1250 100 1464,528,1224,1200
1251 100 1464,528,1224,1200
1252 100 1464,504,1224,1224
1253 100 1464,504,1224,1224
1254 100 1464,504,1224,1200
1255 100 1464,504,1224,1200
1256 100 1440,480,1224,1224
1257 100 1416,480,1224,1200
1258 100 1416,480,1224,1200
1259 100 1416,456,1224,1224
1260 100 1392,456,1224,1200
1261 100 1392,456,1224,1200
1262 100 1392,456,1224,1200
1263 100 1368,456,1224,1200
1264 100 1368,456,1224,1200
1265 100 1368,432,1224,1224
1266 100 1368,432,1224,1200
1267 100 1368,432,1224,1200
1268 100 1368,432,1224,1200
1269 100 1368,408,1224,1224
1270 100 1368,408,1224,1224
1271 100 1368,408,1224,1224
1272 100 1368,408,1224,1224
1273 100 1368,408,1224,1224
1274 100 1344,408,1224,1224
1275 100 1344,432,1224,1200
1276 100 1344,432,1224,1200
1277 100 1344,408,1224,1224
1278 100 1344,408,1224,1224
1279 100 1344,408,1224,1224
1280 100 1320,408,1224,1200
1281 100 1320,408,1224,1200
1282 100 1320,408,1224,1200
1283 100 1320,408,1224,1200
1284 100 1296,408,1224,1200
1285 100 1296,408,1224,1200
1286 100 1296,408,1224,1200
1287 100 1296,408,1224,1200
1288 100 1272,408,1224,1200
1289 100 1272,384,1224,1224
1290 100 1272,384,1224,1224
1291 100 1248,384,1224,1200
1292 100 1248,384,1224,1200
1293 100 1248,384,1224,1200
1294 100 1248,384,1224,1200
1295 100 1248,384,1224,1200
1296 100 1248,384,1224,1200
1297 100 1248,384,1224,1200
1298 100 1248,384,1224,1200
1299 100 1248,384,1224,1200
1300 100 1224,384,1224,1200
1301 100 1224,384,1224,1200
1302 100 1224,384,1224,1200
1303 100 1224,384,1224,1200
1304 100 1224,384,1224,1200
1305 100 1224,384,1224,1200
1306 100 1224,384,1224,1200
1307 100 1224,384,1224,1200
1308 100 1224,384,1224,1200
1309 100 1200,384,1224,1200
1310 100 1200,384,1224,1200
1311 100 1200,384,1224,1200
1312 100 1200,384,1224,1200
1313 100 1200,384,1224,1200
1314 100 1176,384,1224,1200
1315 100 1176,384,1224,1200
1316 100 1176,384,1224,1200
1317 100 1176,384,1224,1200
1318 100 1176,384,1224,1200
1319 100 1152,384,1224,1200
1320 100 1152,384,1224,1200
1321 100 1152,384,1224,1200
1322 100 1152,384,1224,1200
1323 100 1152,384,1224,1200
1324 100 1152,384,1224,1200
1325 100 1152,384,1224,1200
1326 100 1152,384,1224,1224
1327 100 1152,384,1224,1224
1328 100 1128,384,1224,1200
1329 100 1128,384,1224,1200
1330 100 1128,384,1224,1200
1331 100 1128,384,1224,1200
1332 100 1128,384,1224,1200
1333 100 1104,384,1224,1200
1334 100 1104,384,1224,1200
1335 100 1104,384,1224,1224
1336 100 1104,384,1224,1224
1337 100 1080,384,1224,1224
1338 100 1080,408,1224,1200
1339 100 1080,408,1224,1200
1340 100 1080,408,1224,1200
1341 100 1056,408,1224,1200
1342 100 1056,384,1224,1224
1343 100 1056,384,1224,1224
1344 100 1056,384,1224,1224
1345 100 1056,408,1224,1200
1346 100 1056,408,1224,1200
1347 100 1056,408,1224,1200
1348 100 1032,384,1224,1224
1349 100 1032,384,1224,1224
1350 100 1032,384,1224,1224
1351 100 1032,384,1224,1200
1352 100 1008,384,1224,1200
1353 100 1008,384,1224,1200
1354 100 1008,384,1224,1200
1355 100 1008,384,1224,1200
1356 100 1008,384,1224,1200
1357 100 1008,384,1224,1200
1358 100 1008,384,1224,1200
1359 100 1008,384,1224,1200
1360 100 1008,384,1224,1200
1361 100 984,384,1224,1200
1362 100 984,384,1224,1200
1363 100 984,384,1224,1200
1364 100 984,384,1224,1200
1365 100 984,384,1224,1200
1366 100 984,384,1224,1200
1367 100 984,384,1224,1200
1368 100 984,384,1224,1200
1369 100 984,384,1224,1200
1370 100 960,384,1224,1200
1371 100 960,360,1224,1224
1372 100 960,360,1224,1224
1373 100 960,360,1224,1200
1374 100 960,360,1224,1200
1375 100 960,360,1224,1200
1376 100 960,360,1224,1224
1377 100 960,360,1224,1224
1378 100 960,360,1224,1224
1379 100 960,360,1224,1224
1380 100 960,360,1224,1224
1381 100 960,360,1224,1200
1382 100 960,360,1224,1224
1383 100 936,360,1224,1224
1384 100 936,360,1224,1200
1385 100 936,360,1224,1200
1386 100 912,360,1224,1200
1387 100 912,360,1224,1200
1388 100 888,360,1224,1200
1389 100 888,360,1224,1200
1390 100 888,360,1224,1200
1391 100 864,360,1224,1200
1392 100 864,360,1224,1224
1393 100 864,360,1224,1224
1394 100 864,360,1224,1224
1395 100 864,360,1224,1224
1396 100 864,360,1224,1200
1397 100 864,360,1224,1200
1398 100 840,360,1224,1200
1399 100 840,360,1224,1200
1400 100 816,336,1224,1224
1401 100 816,336,1224,1224
1402 100 816,336,1224,1200
1403 100 816,336,1224,1200
1404 100 816,336,1224,1200
1405 100 816,336,1224,1200
1406 100 792,336,1224,1200
1407 100 792,336,1224,1200
1408 100 768,336,1224,1200
1409 100 768,312,1224,1224
1410 100 744,312,1224,1200
1411 100 744,312,1224,1200
1412 100 744,312,1224,1200
1413 100 744,312,1224,1200
1414 100 720,288,1224,1224
1415 100 720,288,1224,1200
1416 100 720,288,1224,1200
1417 100 696,288,1224,1200
1418 100 696,264,1224,1224
1419 100 672,264,1224,1200
1420 100 672,264,1224,1200
1421 100 648,240,1224,1200
1422 100 600,240,1224,1200
1423 100 600,216,1224,1224
1424 100 600,216,1224,1200
1425 100 576,216,1224,1200
1426 100 576,216,1224,1200
1427 100 552,192,1224,1224
1428 100 528,192,1224,1200
1429 100 504,168,1224,1200
1430 100 480,144,1224,1224
1431 100 480,144,1224,1224
1432 100 480,144,1224,1200
1433 100 480,144,1224,1200
1434 100 480,144,1224,1200
1435 100 480,144,1224,1200
1436 100 480,144,1224,1200
1437 100 480,144,1224,1200
1438 100 456,144,1224,1200
1439 100 456,144,1224,1200
1440 100 456,144,1224,1200
1441 100 456,144,1224,1200
1442 100 432,144,1224,1200
1443 100 432,144,1224,1200
1444 100 432,144,1224,1200
1445 100 432,144,1224,1200
1446 100 432,144,1224,1200
1447 100 408,144,1224,1200
1448 100 408,144,1224,1200
1449 100 408,144,1224,1200
1450 100 408,144,1224,1200
1451 100 384,144,1224,1200
1452 100 384,144,1224,1200
1453 100 384,120,1224,1224
1454 100 384,120,1224,1224
1455 100 384,120,1224,1224
1456 100 384,120,1224,1224
1457 100 384,120,1224,1224
1458 100 384,120,1224,1224
1459 100 384,120,1224,1224
1460 100 384,120,1224,1224
1461 100 360,120,1224,1224
1462 100 360,120,1224,1224
1463 100 360,120,1224,1224
1464 100 360,120,1224,1224
1465 100 360,120,1224,1224
1466 100 360,120,1224,1224
1467 100 360,120,1224,1224
1468 100 360,120,1224,1224
1469 100 360,120,1224,1224
1470 100 360,120,1224,1224
1471 100 336,120,1224,1224
1472 100 336,120,1224,1224
1473 100 336,120,1224,1200
1474 100 336,120,1224,1200
1475 100 312,120,1224,1200
1476 100 312,120,1224,1200
1477 100 312,120,1224,1200
1478 100 312,120,1224,1200
1479 100 312,120,1224,1200
1480 100 312,120,1224,1200
1481 100 312,120,1224,1200
1482 100 312,120,1224,1200
1483 100 312,120,1224,1200
1484 100 312,120,1224,1200
1485 100 312,120,1224,1200
1486 100 312,120,1224,1200
1487 100 336,120,1224,1200
1488 100 336,96,1224,1224
1489 100 336,96,1224,1224
1490 100 336,96,1224,1200
1491 100 336,96,1224,1200
1492 100 360,96,1224,1200
1493 100 360,96,1224,1200
1494 100 360,96,1224,1200
1495 100 384,96,1224,1200
1496 100 384,72,1224,1224
1497 100 384,72,1224,1200
1498 100 408,72,1224,1200
1499 100 408,72,1224,1200
1500 100 408,72,1224,1200
1501 100 408,72,1224,1200
1502 100 408,48,1224,1224
1503 100 432,48,1224,1224
1504 100 432,48,1224,1224
1505 100 432,48,1224,1200
1506 100 432,48,1224,1200
1507 100 432,48,1224,1200
1508 100 432,48,1224,1200
1509 100 456,48,1224,1200
1510 100 456,48,1224,1200
1511 100 456,48,1224,1200
1512 100 480,48,1224,1200
1513 100 480,48,1224,1200
1514 100 480,48,1224,1200
1515 100 480,48,1224,1200
1516 100 480,48,1224,1200
1517 100 504,48,1224,1200
1518 100 504,48,1224,1200
1519 100 504,48,1224,1200
1520 100 504,48,1224,1200
1521 100 528,48,1224,1200
1522 100 528,48,1224,1200
1523 100 552,48,1224,1224
1524 100 552,48,1224,1224
1525 100 576,48,1224,1224
1526 100 576,48,1224,1224
1527 100 600,48,1224,1224
1528 100 600,48,1224,1224
1529 100 600,48,1224,1224
1530 100 624,48,1224,1224
1531 100 624,48,1224,1224
1532 100 624,48,1224,1224
1533 100 624,48,1224,1224
1534 100 624,48,1224,1224
1535 100 648,48,1224,1224
1536 100 648,48,1224,1224
1537 100 648,48,1224,1224
1538 100 648,48,1224,1224
1539 100 648,48,1224,1224
1540 100 672,48,1224,1224
1541 100 672,48,1224,1224
1542 100 672,48,1224,1224
1543 100 672,48,1224,1224
1544 100 672,48,1224,1224
1545 100 696,48,1224,1224
1546 100 696,48,1224,1224
1547 100 696,48,1224,1224
1548 100 696,48,1224,1224
1549 100 720,72,1224,1200
1550 100 720,72,1224,1200
1551 100 720,48,1224,1224
1552 100 720,48,1224,1224
1553 100 744,48,1224,1224
1554 100 768,48,1224,1224
1555 100 768,72,1224,1200
1556 100 792,72,1224,1200
1557 100 816,72,1224,1200
1558 100 816,72,1224,1200
1559 100 816,72,1224,1200
1560 100 840,72,1224,1200
1561 100 840,72,1224,1200
1562 100 840,72,1224,1200
1563 100 840,72,1224,1200
1564 100 840,72,1224,1200
1565 100 864,72,1224,1200
1566 100 864,72,1224,1200
1567 100 864,72,1224,1200
1568 100 888,72,1224,1200
1569 100 888,72,1224,1200
1570 100 888,72,1224,1200
1571 100 888,72,1224,1200
1572 100 888,72,1224,1200
1573 100 888,72,1224,1200
1574 100 888,72,1224,1200
1575 100 912,72,1224,1224
1576 100 912,96,1224,1200
1577 100 936,96,1224,1200
1578 100 936,96,1224,1200
1579 100 936,96,1224,1200
1580 100 960,96,1224,1200
1581 100 960,96,1224,1200
1582 100 960,96,1224,1200
1583 100 960,96,1224,1224
1584 100 960,96,1224,1224
1585 100 984,96,1224,1224
1586 100 984,96,1224,1224
1587 100 984,96,1224,1224
1588 100 984,96,1224,1224
1589 100 984,96,1224,1224
1590 100 984,96,1224,1224
1591 100 984,96,1224,1224
1592 100 984,96,1224,1224
1593 100 984,96,1224,1224
1594 100 1008,96,1224,1224
1595 100 1008,96,1224,1224
1596 100 1008,96,1224,1224
1597 100 1008,120,1224,1200
1598 100 1008,120,1224,1200
1599 100 1032,120,1224,1200
1600 100 1032,120,1224,1200
1601 100 1032,120,1224,1200
1602 100 1056,120,1224,1200
1603 100 1056,120,1224,1200
1604 100 1056,120,1224,1200
1605 100 1056,120,1224,1200
1606 100 1056,120,1224,1200
1607 100 1056,120,1224,1200
1608 100 1080,120,1224,1224
1609 100 1080,120,1224,1224
1610 100 1080,120,1224,1224
1611 100 1104,144,1224,1200
1612 100 1104,144,1224,1200
1613 100 1128,144,1224,1200
1614 100 1128,144,1224,1200
1615 100 1128,144,1224,1200
1616 100 1128,144,1224,1200
1617 100 1128,144,1224,1200
1618 100 1128,144,1224,1200
1619 100 1128,144,1224,1200
1620 100 1128,144,1224,1200
1621 100 1152,144,1224,1224
1622 100 1152,168,1224,1200
1623 100 1176,168,1224,1200
1624 100 1176,168,1224,1224
1625 100 1176,192,1224,1200
1626 100 1200,192,1224,1200
1627 100 1200,192,1224,1200
1628 100 1200,192,1224,1200
1629 100 1224,216,1224,1200
1630 100 1224,216,1224,1200
1631 100 1248,216,1224,1224
1632 100 1248,240,1224,1200
1633 100 1248,240,1224,1200
1634 100 1272,240,1224,1224
1635 100 1272,264,1224,1200
1636 100 1272,264,1224,1200
1637 100 1272,264,1224,1200
1638 100 1296,264,1224,1200
1639 100 1296,264,1224,1224
1640 100 1296,288,1224,1200
1641 100 1296,288,1224,1200
1642 100 1296,288,1224,1200
1643 100 1320,288,1224,1224
1644 100 1320,312,1224,1200
1645 100 1320,312,1224,1200
1646 100 1344,312,1224,1200
1647 100 1344,336,1224,1200
1648 100 1368,336,1224,1200
1649 100 1368,336,1224,1200
1650 100 1368,336,1224,1200
1651 100 1368,336,1224,1200
1652 100 1368,336,1224,1200
1653 100 1368,336,1224,1200
1654 100 1368,336,1224,1224
1655 100 1368,360,1224,1200
1656 100 1392,360,1224,1200
1657 100 1392,360,1224,1200
1658 100 1392,360,1224,1200
1659 100 1392,360,1224,1200
1660 100 1392,360,1224,1200
1661 100 1392,360,1224,1200
1662 100 1416,360,1224,1224
1663 100 1416,360,1224,1224
1664 100 1416,384,1224,1200
1665 100 1416,384,1224,1200
1666 100 1440,384,1224,1200
1667 100 1440,384,1224,1200
1668 100 1440,384,1224,1200
1669 100 1440,384,1224,1200
1670 100 1464,384,1224,1200
1671 100 1488,384,1224,1200
1672 100 1488,384,1224,1200
1673 100 1512,384,1224,1200
1674 100 1512,384,1224,1200
1675 100 1512,384,1224,1200
1676 100 1512,384,1224,1200
1677 100 1512,384,1224,1200
1678 100 1512,384,1224,1200
1679 100 1512,384,1224,1200
1680 100 1512,384,1224,1200
1681 100 1512,384,1224,1200
1682 100 1536,384,1224,1200
1683 100 1536,384,1224,1200
1684 100 1536,384,1224,1200
1685 100 1560,384,1224,1200
1686 100 1560,384,1224,1200
1687 100 1560,384,1224,1200
1688 100 1560,384,1224,1200
1689 100 1560,384,1224,1200
1690 100 1560,384,1224,1200
1691 100 1560,384,1224,1200
1692 100 1560,384,1224,1200
1693 100 1584,384,1224,1200
1694 100 1584,360,1224,1224
1695 100 1584,360,1224,1224
1696 100 1584,360,1224,1224
1697 100 1584,360,1224,1200
1698 100 1584,360,1224,1200
1699 100 1584,360,1224,1200
1700 100 1584,336,1224,1224
1701 100 1608,336,1224,1200
1702 100 1608,336,1224,1200
1703 100 1608,336,1224,1200
1704 100 1632,336,1224,1200
1705 100 1632,336,1224,1200
1706 100 1632,312,1224,1224
1707 100 1632,312,1224,1224
1708 100 1656,312,1224,1224
1709 100 1656,312,1224,1224
1710 100 1656,312,1224,1224
1711 100 1656,336,1224,1200
1712 100 1656,336,1224,1200
1713 100 1656,336,1224,1200
1714 100 1656,336,1224,1200
1715 100 1656,312,1224,1224
1716 100 1680,312,1224,1224
1717 100 1680,312,1224,1224
1718 100 1680,312,1224,1224
1719 100 1680,312,1224,1224
1720 100 1680,312,1224,1224
1721 100 1680,312,1224,1224
1722 100 1704,312,1224,1224
1723 100 1704,312,1224,1224
1724 100 1704,312,1224,1224
1725 100 1704,312,1224,1224
1726 100 1728,312,1224,1200
1727 100 1728,312,1224,1200
1728 100 1752,312,1224,1200
1729 100 1752,312,1224,1200
1730 100 1752,312,1224,1200
1731 100 1752,312,1224,1200
1732 100 1752,312,1224,1200
1733 100 1752,312,1224,1200
1734 100 1776,312,1224,1200
1735 100 1776,312,1224,1200
1736 100 1776,312,1224,1200
1737 100 1800,312,1224,1200
1738 100 1800,312,1224,1200
1739 100 1800,312,1224,1200
1740 100 1824,312,1224,1200
1741 100 1824,312,1224,1200
1742 100 1824,312,1224,1200
1743 100 1824,312,1224,1200
1744 100 1824,312,1224,1200
1745 100 1848,312,1224,1200
1746 100 1848,288,1224,1224
1747 100 1848,288,1224,1224
1748 100 1872,288,1224,1224
1749 100 1872,288,1224,1224
1750 100 1872,288,1224,1224
1751 100 1872,288,1224,1224
1752 100 1872,288,1224,1200
1753 100 1872,288,1224,1200
1754 100 1896,264,1224,1224
1755 100 1896,264,1224,1200
1756 100 1920,264,1224,1200
1757 100 1944,264,1224,1200
1758 100 1944,264,1224,1224
1759 100 1968,288,1224,1200
1760 100 1968,288,1224,1200
1761 100 1968,288,1224,1200
1762 100 1968,288,1224,1200
1763 100 1968,288,1224,1200
1764 100 1968,288,1224,1200
1765 100 1968,288,1224,1200
1766 100 1968,288,1224,1200
1767 100 1968,288,1224,1200
1768 100 1992,288,1224,1200
1769 100 1992,288,1224,1200
1770 100 1992,288,1224,1200
1771 100 2016,288,1224,1200
1772 100 2016,288,1224,1200
1773 100 2016,288,1224,1200
1774 100 2016,288,1224,1200
1775 100 2016,288,1224,1224
1776 100 2016,288,1224,1224
1777 100 2016,288,1224,1224
1778 100 2040,288,1224,1224
1779 100 2040,288,1224,1224
1780 100 2040,288,1224,1224
1781 100 2040,288,1224,1224
1782 100 2040,288,1224,1224
1783 100 2064,288,1224,1200
1784 100 2064,288,1224,1200
1785 100 2064,288,1224,1200
1786 100 2064,288,1224,1200
1787 100 2064,288,1224,1200
1788 100 2064,288,1224,1200
1789 100 2064,288,1224,1200
1790 100 2088,288,1224,1200
1791 100 2088,288,1224,1200
1792 100 2112,288,1224,1200
1793 100 2112,288,1224,1200
1794 100 2112,288,1224,1200
1795 100 2112,288,1224,1200
1796 100 2136,288,1224,1200
1797 100 2136,288,1224,1200
1798 100 2136,288,1224,1200
