0 100 432,648,1224,1200
1 100 432,648,1224,1200
2 100 432,648,1224,1200
3 100 432,648,1224,1200
4 100 432,648,1224,1200
5 100 432,648,1224,1200
6 100 432,648,1224,1200
7 100 432,648,1224,1200
8 100 432,648,1224,1200
9 100 432,648,1224,1200
10 100 432,648,1224,1200
11 100 432,648,1224,1200
12 100 432,648,1224,1200
13 100 432,648,1224,1200
14 100 408,648,1224,1200
15 100 408,648,1224,1200
16 100 408,648,1224,1200
17 100 408,648,1224,1200
18 100 408,648,1224,1200
19 100 408,648,1224,1200
20 100 408,648,1224,1200
21 100 408,648,1224,1200
22 100 408,648,1224,1200
23 100 408,648,1224,1200
24 100 408,648,1224,1200
25 100 408,648,1224,1200
26 100 408,648,1224,1200
27 100 408,648,1224,1200
28 100 384,648,1224,1200
29 100 384,648,1224,1200
30 100 384,624,1224,1224
31 100 384,624,1224,1200
32 100 384,624,1224,1200
33 100 384,624,1224,1200
34 100 408,600,1224,1200
35 100 408,600,1224,1200
36 100 408,576,1224,1200
37 100 432,552,1224,1200
38 100 432,552,1224,1200
39 100 432,528,1224,1224
40 100 432,528,1224,1224
41 100 432,528,1224,1200
42 100 432,528,1224,1200
43 100 432,528,1224,1200
44 100 432,528,1224,1200
45 100 432,528,1224,1200
46 100 432,528,1224,1200
47 100 432,528,1224,1200
48 100 432,552,1224,1200
49 100 432,552,1224,1200
50 100 408,552,1224,1224
51 100 384,600,1224,1200
52 100 384,600,1224,1200
53 100 360,624,1224,1200
54 100 336,648,1224,1224
55 100 336,648,1224,1224
56 100 312,696,1224,1200
57 100 312,696,1224,1224
58 100 312,696,1224,1224
59 100 288,720,1224,1200
60 100 288,744,1224,1200
61 100 288,744,1224,1200
62 100 264,768,1224,1200
63 100 264,768,1224,1200
64 100 264,768,1224,1200
65 100 240,792,1224,1200
66 100 216,792,1224,1200
67 100 216,792,1224,1200
68 100 216,792,1224,1224
69 100 216,792,1224,1224
70 100 216,816,1224,1200
71 100 216,792,1224,1224
72 100 216,792,1224,1224
73 100 216,816,1224,1200
74 100 192,816,1224,1224
75 100 192,816,1224,1224
76 100 216,816,1224,1200
77 100 216,816,1224,1200
78 100 216,816,1224,1200
79 100 216,816,1224,1200
80 100 192,816,1224,1224
81 100 192,816,1224,1224
82 100 216,816,1224,1200
83 100 216,792,1224,1224
84 100 216,792,1224,1224
85 100 240,792,1224,1200
86 100 240,768,1224,1200
87 100 240,768,1224,1200
88 100 264,768,1224,1200
89 100 264,744,1224,1200
90 100 264,744,1224,1200
91 100 264,744,1224,1200
92 100 264,720,1224,1200
93 100 264,720,1224,1200
94 100 264,720,1224,1200
95 100 264,720,1224,1224
96 100 264,720,1224,1224
97 100 264,720,1224,1200
98 100 264,720,1224,1200
99 100 264,720,1224,1200
100 100 264,696,1224,1224
101 100 264,696,1224,1224
102 100 288,696,1224,1200
103 100 288,672,1224,1200
104 100 288,672,1224,1200
105 100 312,672,1224,1200
106 100 312,672,1224,1200
107 100 312,672,1224,1200
108 100 312,648,1224,1200
109 100 312,648,1224,1200
110 100 312,648,1224,1200
111 100 312,648,1224,1224
112 100 312,672,1224,1200
113 100 312,672,1224,1200
114 100 312,648,1224,1224
115 100 312,672,1224,1200
116 100 312,672,1224,1200
117 100 312,696,1224,1200
118 100 312,696,1224,1200
119 100 288,696,1224,1200
120 100 288,696,1224,1200
121 100 288,696,1224,1200
122 100 288,696,1224,1200
123 100 312,672,1224,1224
124 100 312,672,1224,1224
125 100 312,672,1224,1200
126 100 312,672,1224,1200
127 100 312,672,1224,1200
128 100 288,672,1224,1200
129 100 288,672,1224,1224
130 100 288,672,1224,1224
131 100 264,696,1224,1200
132 100 216,720,1224,1200
133 100 216,720,1224,1200
134 100 216,720,1224,1200
135 100 264,696,1224,1200
136 100 264,696,1224,1200
137 100 264,696,1224,1200
138 100 264,696,1224,1200
139 100 264,696,1224,1224
140 100 264,696,1224,1224
141 100 264,696,1224,1224
142 100 288,696,1224,1200
143 100 288,696,1224,1200
144 100 288,696,1224,1200
145 100 312,672,1224,1224
146 100 312,672,1224,1200
147 100 312,672,1224,1200
148 100 336,648,1224,1224
149 100 336,648,1224,1200
150 100 336,648,1224,1200
151 100 336,648,1224,1224
152 100 336,648,1224,1224
153 100 336,648,1224,1224
154 100 336,648,1224,1224
155 100 336,648,1224,1224
156 100 336,648,1224,1224
157 100 336,648,1224,1200
158 100 336,648,1224,1200
159 100 336,648,1224,1200
160 100 336,648,1224,1200
161 100 336,648,1224,1200
162 100 336,648,1224,1200
163 100 336,648,1224,1200
164 100 336,648,1224,1200
165 100 360,624,1224,1200
166 100 360,600,1224,1200
167 100 360,600,1224,1200
168 100 384,576,1224,1200
169 100 384,552,1224,1200
170 100 384,552,1224,1200
171 100 408,528,1224,1200
172 100 408,504,1224,1200
173 100 408,504,1224,1200
174 100 384,480,1224,1224
175 100 384,480,1224,1200
176 100 384,480,1224,1200
177 100 384,480,1224,1224
178 100 384,480,1224,1224
179 100 384,504,1224,1200
180 100 384,504,1224,1200
181 100 384,504,1224,1200
182 100 384,480,1224,1224
183 100 384,480,1224,1200
184 100 384,480,1224,1200
185 100 360,456,1224,1200
186 100 360,456,1224,1200
187 100 360,456,1224,1200
188 100 360,456,1224,1200
189 100 336,432,1224,1224
190 100 336,432,1224,1224
191 100 312,432,1224,1200
192 100 336,432,1224,1200
193 100 336,432,1224,1200
194 100 312,408,1224,1224
195 100 312,408,1224,1200
196 100 312,408,1224,1200
197 100 336,408,1224,1200
198 100 336,408,1224,1200
199 100 336,408,1224,1200
200 100 360,432,1224,1200
201 100 360,432,1224,1200
202 100 360,432,1224,1200
203 100 336,432,1224,1200
204 100 336,432,1224,1200
205 100 360,432,1224,1224
206 100 360,432,1224,1224
207 100 360,432,1224,1224
208 100 360,432,1224,1224
209 100 360,432,1224,1224
210 100 360,432,1224,1224
211 100 360,432,1224,1224
212 100 360,456,1224,1200
213 100 360,456,1224,1200
214 100 360,432,1224,1224
215 100 360,432,1224,1224
216 100 360,432,1224,1224
217 100 360,432,1224,1224
218 100 360,432,1224,1224
219 100 360,456,1224,1200
220 100 360,456,1224,1200
221 100 360,456,1224,1200
222 100 360,456,1224,1200
223 100 360,456,1224,1200
224 100 360,456,1224,1200
225 100 360,456,1224,1200
226 100 360,456,1224,1224
227 100 360,456,1224,1224
228 100 360,456,1224,1224
229 100 360,456,1224,1224
230 100 360,456,1224,1224
231 100 360,480,1224,1200
232 100 360,480,1224,1200
233 100 384,480,1224,1200
234 100 384,480,1224,1200
235 100 384,480,1224,1200
236 100 384,480,1224,1224
237 100 384,480,1224,1224
238 100 384,480,1224,1224
239 100 384,480,1224,1224
240 100 384,480,1224,1224
241 100 384,480,1224,1224
242 100 384,480,1224,1200
243 100 384,480,1224,1200
244 100 384,480,1224,1200
245 100 384,480,1224,1200
246 100 384,480,1224,1200
247 100 408,480,1224,1200
248 100 408,480,1224,1200
249 100 408,480,1224,1200
250 100 408,456,1224,1224
251 100 408,456,1224,1200
252 100 408,456,1224,1200
253 100 384,432,1224,1200
254 100 384,432,1224,1200
255 100 384,432,1224,1200
256 100 384,408,1224,1200
257 100 384,408,1224,1200
258 100 384,408,1224,1200
259 100 384,384,1224,1200
260 100 384,384,1224,1200
261 100 384,384,1224,1200
262 100 408,384,1224,1200
263 100 408,384,1224,1200
264 100 408,360,1224,1224
265 100 408,360,1224,1200
266 100 408,360,1224,1200
267 100 432,360,1224,1200
268 100 456,360,1224,1200
269 100 456,360,1224,1200
270 100 480,360,1224,1200
271 100 504,360,1224,1200
272 100 504,360,1224,1200
273 100 504,360,1224,1200
274 100 504,360,1224,1200
275 100 504,360,1224,1200
276 100 528,360,1224,1224
277 100 504,360,1224,1200
278 100 504,360,1224,1200
279 100 504,360,1224,1200
280 100 504,360,1224,1200
281 100 504,336,1224,1200
282 100 504,312,1224,1200
283 100 504,312,1224,1200
284 100 480,288,1224,1224
285 100 480,288,1224,1200
286 100 480,288,1224,1200
287 100 480,288,1224,1200
288 100 480,264,1224,1224
289 100 480,264,1224,1224
290 100 480,264,1224,1200
291 100 456,240,1224,1200
292 100 456,240,1224,1200
293 100 432,216,1224,1224
294 100 432,216,1224,1224
295 100 432,216,1224,1224
296 100 456,240,1224,1224
297 100 456,264,1224,1200
298 100 456,264,1224,1200
299 100 480,312,1224,1200
300 100 528,360,1224,1224
301 100 528,360,1224,1224
302 100 576,456,1224,1200
303 100 576,480,1224,1224
304 100 576,480,1224,1224
305 100 600,528,1224,1224
306 100 600,528,1224,1224
307 100 600,576,1224,1200
308 100 576,576,1224,1224
309 100 576,576,1224,1224
310 100 552,624,1224,1200
311 100 528,624,1224,1224
312 100 528,624,1224,1224
313 100 552,600,1224,1200
314 100 552,576,1224,1200
315 100 552,576,1224,1200
316 100 576,552,1224,1224
317 100 576,552,1224,1200
318 100 576,552,1224,1200
319 100 552,528,1224,1200
320 100 552,504,1224,1224
321 100 552,504,1224,1200
322 100 552,480,1224,1224
323 100 552,480,1224,1224
324 100 528,480,1224,1200
325 100 528,456,1224,1200
326 100 528,456,1224,1200
327 100 528,456,1224,1200
328 100 504,432,1224,1200
329 100 504,432,1224,1200
330 100 504,408,1224,1224
331 100 504,408,1224,1224
332 100 504,408,1224,1224
333 100 504,408,1224,1224
334 100 504,432,1224,1200
335 100 504,432,1224,1200
336 100 504,432,1224,1200
337 100 504,432,1224,1200
338 100 504,432,1224,1200
339 100 504,408,1224,1224
340 100 504,432,1224,1200
341 100 504,432,1224,1200
342 100 528,432,1224,1200
343 100 528,432,1224,1200
344 100 552,432,1224,1224
345 100 576,432,1224,1224
346 100 576,432,1224,1224
347 100 600,456,1224,1200
348 100 624,456,1224,1224
349 100 624,456,1224,1224
350 100 624,456,1224,1224
351 100 648,456,1224,1200
352 100 648,456,1224,1200
353 100 648,456,1224,1200
354 100 648,432,1224,1224
355 100 648,432,1224,1224
356 100 648,432,1224,1224
357 100 672,432,1224,1224
358 100 672,432,1224,1224
359 100 696,432,1224,1224
360 100 696,432,1224,1224
361 100 720,432,1224,1224
362 100 720,432,1224,1224
363 100 720,432,1224,1224
364 100 744,432,1224,1224
365 100 744,432,1224,1224
366 100 744,432,1224,1224
367 100 744,432,1224,1224
368 100 744,432,1224,1224
369 100 744,432,1224,1224
370 100 744,432,1224,1224
371 100 768,432,1224,1224
372 100 768,432,1224,1224
373 100 792,432,1224,1224
374 100 816,456,1224,1200
375 100 816,456,1224,1200
376 100 840,456,1224,1224
377 100 864,480,1224,1200
378 100 864,480,1224,1200
379 100 888,504,1224,1224
380 100 912,576,1224,1224
381 100 912,576,1224,1224
382 100 888,624,1224,1224
383 100 888,624,1224,1224
384 100 864,672,1224,1224
385 100 840,720,1224,1200
386 100 840,720,1224,1200
387 100 840,744,1224,1200
388 100 816,768,1224,1224
389 100 816,768,1224,1224
390 100 816,792,1224,1224
391 100 816,792,1224,1224
392 100 816,792,1224,1224
393 100 816,792,1224,1224
394 100 816,816,1224,1224
395 100 816,816,1224,1224
396 100 792,840,1224,1224
397 100 792,840,1224,1224
398 100 792,840,1224,1224
399 100 792,864,1224,1224
400 100 768,888,1224,1224
401 100 768,888,1224,1224
402 100 744,912,1224,1224
403 100 720,912,1224,1248
404 100 720,912,1224,1248
405 100 696,936,1224,1224
406 100 696,936,1224,1224
407 100 216,960,1224,1200
408 100 0,960,1224,1200
409 100 0,960,1224,1200
410 100 0,960,1224,1200
411 100 0,960,1224,1200
412 100 0,960,1224,1200
413 100 0,960,1224,1200
414 100 0,936,1224,1224
415 100 0,936,1224,1224
416 100 288,936,1224,1224
417 100 720,912,1224,1248
418 100 720,912,1224,1248
419 100 888,888,1224,1272
420 100 888,888,1224,1272
421 100 936,888,1224,1272
422 100 960,888,1224,1272
423 100 960,888,1224,1272
424 100 960,864,1224,1296
425 100 1008,864,1224,1296
426 100 1008,864,1224,1296
427 100 1032,864,1224,1272
428 100 1032,864,1224,1272
429 100 1032,864,1224,1272
430 100 1056,840,1224,1272
431 100 1080,840,1224,1272
432 100 1080,840,1224,1272
433 100 1080,840,1224,1272
434 100 1080,840,1224,1272
435 100 1104,816,1224,1272
436 100 1128,816,1224,1272
437 100 1128,816,1224,1272
438 100 1152,816,1224,1248
439 100 1152,816,1224,1248
440 100 1152,816,1224,1248
441 100 1176,816,1224,1248
442 100 1176,816,1224,1248
443 100 1176,816,1224,1248
444 100 1176,816,1224,1248
445 100 1176,816,1224,1248
446 100 1176,816,1224,1248
447 100 1176,816,1224,1248
448 100 1176,816,1224,1248
449 100 1176,816,1224,1248
450 100 1176,816,1224,1248
451 100 1176,816,1224,1248
452 100 1176,792,1224,1272
453 100 1200,792,1224,1248
454 100 1200,792,1224,1248
455 100 1224,792,1224,1248
456 100 1224,792,1224,1248
457 100 1224,792,1224,1248
458 100 1224,792,1224,1248
459 100 1200,792,1224,1248
460 100 1200,792,1224,1248
461 100 1152,792,1224,1248
462 100 1128,792,1224,1248
463 100 1128,792,1224,1248
464 100 1056,816,1224,1224
465 100 984,816,1224,1224
466 100 984,816,1224,1224
467 100 936,792,1224,1224
468 100 936,792,1224,1224
469 100 912,792,1224,1224
470 100 888,792,1224,1200
471 100 888,792,1224,1200
472 100 864,792,1224,1200
473 100 864,768,1224,1224
474 100 864,768,1224,1224
475 100 888,768,1224,1200
476 100 888,768,1224,1200
477 100 888,768,1224,1200
478 100 888,768,1224,1200
479 100 912,744,1224,1224
480 100 912,744,1224,1224
481 100 936,744,1224,1200
482 100 936,744,1224,1200
483 100 936,744,1224,1200
484 100 960,744,1224,1200
485 100 960,744,1224,1200
486 100 960,744,1224,1200
487 100 960,720,1224,1224
488 100 960,720,1224,1224
489 100 960,720,1224,1200
490 100 960,720,1224,1200
491 100 960,720,1224,1200
492 100 960,696,1224,1200
493 100 984,672,1224,1224
494 100 984,672,1224,1224
495 100 1008,648,1224,1200
496 100 1056,600,1224,1224
497 100 1056,600,1224,1224
498 100 1104,576,1224,1200
499 100 1128,552,1224,1200
500 100 1128,552,1224,1200
501 100 1128,528,1224,1224
502 100 1128,528,1224,1200
503 100 1128,528,1224,1200
504 100 1128,528,1224,1200
505 100 1128,528,1224,1224
506 100 1128,528,1224,1224
507 100 1128,528,1224,1224
508 100 1128,528,1224,1224
509 100 1152,528,1224,1200
510 100 1152,528,1224,1200
511 100 1152,528,1224,1200
512 100 1128,504,1224,1224
513 100 1128,504,1224,1200
514 100 1128,504,1224,1200
515 100 1128,480,1224,1224
516 100 1104,480,1224,1200
517 100 1104,480,1224,1200
518 100 1104,456,1224,1224
519 100 1104,456,1224,1200
520 100 1104,456,1224,1200
521 100 1104,456,1224,1200
522 100 1080,456,1224,1200
523 100 1080,456,1224,1200
524 100 1080,456,1224,1200
525 100 1080,456,1224,1200
526 100 1080,456,1224,1200
527 100 1080,456,1224,1200
528 100 1080,456,1224,1200
529 100 1080,456,1224,1200
530 100 1080,456,1224,1200
531 100 1080,456,1224,1200
532 100 1056,456,1224,1200
533 100 1056,456,1224,1200
534 100 1056,456,1224,1200
535 100 1056,456,1224,1200
536 100 1032,456,1224,1200
537 100 1032,456,1224,1200
538 100 1032,456,1224,1200
539 100 1008,456,1224,1200
540 100 1008,456,1224,1200
541 100 984,456,1224,1200
542 100 936,456,1224,1200
543 100 936,456,1224,1200
544 100 912,456,1224,1224
545 100 864,480,1224,1200
546 100 864,480,1224,1200
547 100 840,480,1224,1200
548 100 840,480,1224,1200
549 100 792,480,1224,1200
550 100 744,480,1224,1200
551 100 744,480,1224,1200
552 100 720,480,1224,1200
553 100 672,480,1224,1200
554 100 672,480,1224,1200
555 100 648,480,1224,1200
556 100 600,456,1224,1224
557 100 600,456,1224,1224
558 100 576,456,1224,1224
559 100 528,456,1224,1200
560 100 528,456,1224,1200
561 100 480,456,1224,1200
562 100 432,456,1224,1200
563 100 432,456,1224,1200
564 100 384,456,1224,1200
565 100 336,456,1224,1200
566 100 336,456,1224,1200
567 100 264,456,1224,1200
568 100 264,456,1224,1200
569 100 216,456,1224,1200
570 100 144,456,1224,1200
571 100 144,456,1224,1200
572 100 96,456,1224,1200
573 100 48,456,1224,1200
574 100 48,456,1224,1200
575 100 0,456,1224,1200
576 100 0,456,1224,1200
577 100 0,456,1224,1200
578 100 0,456,1224,1200
579 100 0,456,1224,1200
580 100 0,456,1224,1200
581 100 24,480,1224,1200
582 100 0,480,1224,1200
583 100 0,480,1224,1200
584 100 0,480,1224,1200
585 100 48,480,1224,1200
586 100 48,480,1224,1200
587 100 0,480,1224,1200
588 100 0,480,1224,1200
589 100 24,480,1224,1200
590 100 0,480,1224,1200
591 100 0,480,1224,1200
592 100 72,480,1224,1200
593 100 48,480,1224,1200
594 100 48,480,1224,1200
595 100 48,480,1224,1200
596 100 48,480,1224,1200
597 100 48,480,1224,1200
598 100 72,480,1224,1200
599 100 72,480,1224,1200
600 100 72,480,1224,1200
601 100 72,480,1224,1200
602 100 24,480,1224,1200
603 100 24,480,1224,1200
604 100 24,456,1224,1224
605 100 0,480,1224,1200
606 100 0,480,1224,1200
607 100 3528,480,1224,1200
608 100 3528,480,1224,1200
609 100 3480,480,1224,1200
610 100 3456,480,1224,1200
611 100 3456,480,1224,1200
612 100 3432,480,1224,1200
613 100 3432,480,1224,1200
614 100 3432,480,1224,1200
615 100 3432,480,1224,1200
616 100 3480,480,1224,1200
617 100 3480,480,1224,1200
618 100 3480,480,1224,1200
619 100 3456,480,1224,1200
620 100 3456,480,1224,1200
621 100 3528,480,1224,1200
622 100 3552,480,1224,1200
623 100 3552,480,1224,1200
624 100 3552,480,1224,1200
625 100 3528,480,1224,1200
626 100 3528,480,1224,1200
627 100 3504,480,1224,1200
628 100 3504,480,1224,1200
629 100 3576,480,1224,1200
630 100 3720,456,1224,1224
631 100 3720,456,1224,1224
632 100 3384,456,1224,1200
633 100 3408,456,1224,1200
634 100 3408,456,1224,1200
635 100 3504,456,1224,1200
636 100 3576,456,1224,1200
637 100 3576,456,1224,1200
638 100 3432,432,1224,1200
639 100 3576,432,1224,1200
640 100 3576,432,1224,1200
641 100 3648,408,1224,1224
642 100 3696,408,1224,1224
643 100 3696,408,1224,1224
644 100 3432,408,1224,1200
645 100 3504,408,1224,1200
646 100 3504,408,1224,1200
647 100 3600,408,1224,1200
648 100 3600,408,1224,1200
649 100 3672,384,1224,1224
650 100 3384,384,1224,1200
651 100 3384,384,1224,1200
652 100 3408,384,1224,1200
653 100 3384,384,1224,1200
654 100 3384,384,1224,1200
655 100 3432,384,1224,1200
656 100 3504,384,1224,1200
657 100 3504,384,1224,1200
658 100 3552,384,1224,1200
659 100 3600,360,1224,1224
660 100 3600,360,1224,1224
661 100 3360,360,1224,1224
662 100 3408,360,1224,1200
663 100 3408,360,1224,1200
664 100 3432,360,1224,1200
665 100 3384,360,1224,1200
666 100 3384,360,1224,1200
667 100 3624,360,1224,1224
668 100 3624,360,1224,1224
669 100 3528,384,1224,1200
670 100 3384,384,1224,1200
671 100 3384,384,1224,1200
672 100 3552,408,1224,1200
673 100 3480,408,1224,1200
674 100 3480,408,1224,1200
675 100 3360,408,1224,1224
676 100 3528,432,1224,1200
677 100 3528,432,1224,1200
678 100 3480,432,1224,1200
679 100 3456,432,1224,1200
680 100 3456,432,1224,1200
681 100 3408,432,1224,1200
682 100 3384,432,1224,1200
683 100 3384,432,1224,1200
684 100 3384,432,1224,1200
685 100 3384,432,1224,1200
686 100 3384,432,1224,1224
687 100 3384,432,1224,1224
688 100 3384,432,1224,1224
689 100 3384,432,1224,1224
690 100 3384,432,1224,1224
691 100 3384,432,1224,1224
692 100 3408,432,1224,1200
693 100 3408,432,1224,1200
694 100 3408,432,1224,1200
695 100 3408,432,1224,1200
696 100 3408,432,1224,1200
697 100 3408,432,1224,1200
698 100 3432,432,1224,1200
699 100 3432,432,1224,1200
700 100 3432,432,1224,1200
701 100 3432,432,1224,1200
702 100 3480,432,1224,1200
703 100 3480,432,1224,1200
704 100 3504,432,1224,1200
705 100 3552,432,1224,1200
706 100 3552,432,1224,1200
707 100 3624,408,1224,1224
708 100 3624,408,1224,1224
709 100 3792,408,1224,1224
710 100 3528,408,1224,1200
711 100 3528,408,1224,1200
712 100 3600,384,1224,1224
713 100 3456,384,1224,1200
714 100 3456,384,1224,1200
715 100 3552,360,1224,1224
716 100 0,360,1224,1224
717 100 0,360,1224,1224
718 100 3408,360,1224,1200
719 100 3480,360,1224,1200
720 100 3480,360,1224,1200
721 100 3480,336,1224,1224
722 100 3480,336,1224,1224
723 100 3480,336,1224,1224
724 100 3408,360,1224,1200
725 100 3408,360,1224,1200
726 100 3552,360,1224,1224
727 100 24,384,1224,1224
728 100 24,384,1224,1224
729 100 3504,384,1224,1224
730 100 3600,384,1224,1224
731 100 3600,384,1224,1224
732 100 3432,360,1224,1224
733 100 3576,360,1224,1224
734 100 3576,360,1224,1224
735 100 3648,360,1224,1224
736 100 3504,336,1224,1224
737 100 3504,336,1224,1224
738 100 3456,312,1224,1224
739 100 3696,312,1224,1224
740 100 3696,312,1224,1224
741 100 3504,288,1224,1224
742 100 3504,288,1224,1224
743 100 3528,264,1224,1224
744 100 3312,264,1224,1224
745 100 3312,264,1224,1224
746 100 3432,288,1224,1200
747 100 3360,312,1224,1224
748 100 3360,312,1224,1224
749 100 3336,360,1224,1224
750 100 3312,408,1224,1224
751 100 3312,408,1224,1224
752 100 3312,456,1224,1224
753 100 3360,504,1224,1224
754 100 3360,504,1224,1224
755 100 3336,528,1224,1224
756 100 3240,552,1224,1200
757 100 3240,552,1224,1200
758 100 3240,552,1224,1200
759 100 3240,552,1224,1200
760 100 3096,552,1224,1200
761 100 3048,552,1224,1224
762 100 3048,552,1224,1224
763 100 3048,552,1224,1224
764 100 3024,576,1224,1200
765 100 3024,576,1224,1200
766 100 3168,552,1224,1224
767 100 3216,552,1224,1200
768 100 3216,552,1224,1200
769 100 3504,552,1224,1200
770 100 3456,552,1224,1200
771 100 3456,552,1224,1200
772 100 24,552,1224,1200
773 100 24,552,1224,1200
774 100 0,552,1224,1200
775 100 0,528,1224,1224
776 100 0,528,1224,1224
777 100 0,528,1224,1200
778 100 0,528,1224,1200
779 100 0,528,1224,1200
780 100 72,528,1224,1200
781 100 144,528,1224,1200
782 100 144,528,1224,1200
783 100 192,528,1224,1200
784 100 264,504,1224,1200
785 100 264,504,1224,1200
786 100 312,504,1224,1200
787 100 336,480,1224,1200
788 100 336,480,1224,1200
789 100 336,480,1224,1224
790 100 264,480,1224,1224
791 100 264,480,1224,1224
792 100 240,480,1224,1200
793 100 288,480,1224,1200
794 100 288,480,1224,1200
795 100 360,504,1224,1200
796 100 360,504,1224,1200
797 100 432,528,1224,1200
798 100 480,552,1224,1200
799 100 480,552,1224,1200
800 100 552,552,1224,1224
801 100 624,576,1224,1200
802 100 624,576,1224,1200
803 100 672,576,1224,1200
804 100 744,576,1224,1224
805 100 744,576,1224,1224
806 100 768,576,1224,1200
807 100 816,576,1224,1200
808 100 816,576,1224,1200
809 100 864,552,1224,1224
810 100 912,552,1224,1224
811 100 912,552,1224,1224
812 100 936,552,1224,1224
813 100 960,552,1224,1224
814 100 960,552,1224,1224
815 100 960,552,1224,1200
816 100 960,552,1224,1200
817 100 984,552,1224,1200
818 100 984,552,1224,1200
819 100 984,552,1224,1200
820 100 1008,552,1224,1200
821 100 1032,552,1224,1200
822 100 1032,552,1224,1200
823 100 1056,552,1224,1200
824 100 1080,552,1224,1200
825 100 1080,552,1224,1200
826 100 1104,552,1224,1200
827 100 1104,528,1224,1224
828 100 1104,528,1224,1224
829 100 1104,528,1224,1224
830 100 1104,528,1224,1224
831 100 1128,552,1224,1200
832 100 1128,528,1224,1224
833 100 1128,528,1224,1224
834 100 1128,528,1224,1224
835 100 1128,528,1224,1224
836 100 1128,528,1224,1224
837 100 1128,528,1224,1200
838 100 1128,528,1224,1200
839 100 1128,528,1224,1200
840 100 1128,528,1224,1200
841 100 1128,504,1224,1200
842 100 1128,504,1224,1200
843 100 1128,504,1224,1200
844 100 1128,504,1224,1200
845 100 1128,504,1224,1200
846 100 1104,456,1224,1224
847 100 1056,408,1224,1224
848 100 1056,408,1224,1224
849 100 1008,384,1224,1200
850 100 960,336,1224,1224
851 100 960,336,1224,1224
852 100 888,312,1224,1200
853 100 888,312,1224,1200
854 100 840,264,1224,1200
855 100 792,240,1224,1200
856 100 792,240,1224,1200
857 100 744,216,1224,1224
858 100 696,216,1224,1200
859 100 696,216,1224,1200
860 100 696,216,1224,1200
861 100 696,216,1224,1200
862 100 696,216,1224,1200
863 100 672,216,1224,1224
864 100 672,216,1224,1200
865 100 672,216,1224,1200
866 100 648,216,1224,1200
867 100 648,216,1224,1224
868 100 648,216,1224,1224
869 100 648,216,1224,1224
870 100 648,240,1224,1200
871 100 648,240,1224,1200
872 100 648,216,1224,1224
873 100 624,216,1224,1200
874 100 624,216,1224,1200
875 100 600,192,1224,1224
876 100 600,192,1224,1224
877 100 552,168,1224,1200
878 100 504,144,1224,1200
879 100 504,144,1224,1200
880 100 456,120,1224,1200
881 100 408,96,1224,1200
882 100 408,96,1224,1200
883 100 360,72,1224,1200
884 100 336,48,1224,1224
885 100 336,48,1224,1224
886 100 312,48,1224,1200
887 100 288,48,1224,1200
888 100 288,48,1224,1200
889 100 0,24,1224,1224
890 100 48,24,1224,1200
891 100 48,24,1224,1200
892 100 24,24,1224,1200
893 100 24,24,1224,1200
894 100 0,24,1224,1200
895 100 0,24,1224,1200
896 100 0,24,1224,1200
897 100 0,24,1224,1224
898 100 24,24,1224,1224
899 100 24,24,1224,1224
900 100 0,24,1224,1224
901 100 96,48,1224,1224
902 100 96,48,1224,1224
903 100 120,72,1224,1224
904 100 120,120,1224,1224
905 100 120,120,1224,1224
906 100 96,144,1224,1224
907 100 72,168,1224,1224
908 100 72,168,1224,1224
909 100 48,192,1224,1224
910 100 0,192,1224,1224
911 100 0,192,1224,1224
912 100 0,216,1224,1224
913 100 0,216,1224,1224
914 100 0,216,1224,1224
915 100 0,240,1224,1200
916 100 0,240,1224,1200
917 100 0,240,1224,1224
918 100 0,240,1224,1224
919 100 0,240,1224,1224
920 100 0,264,1224,1200
921 100 0,264,1224,1224
922 100 0,264,1224,1224
923 100 0,288,1224,1200
924 100 0,288,1224,1200
925 100 0,288,1224,1200
926 100 0,288,1224,1224
927 100 0,288,1224,1224
928 100 0,288,1224,1224
929 100 0,312,1224,1200
930 100 0,336,1224,1200
931 100 0,336,1224,1200
932 100 24,336,1224,1224
933 100 48,360,1224,1224
934 100 48,360,1224,1224
935 100 0,384,1224,1200
936 100 0,384,1224,1200
937 100 0,384,1224,1200
938 100 24,384,1224,1200
939 100 24,384,1224,1200
940 100 24,384,1224,1200
941 100 24,384,1224,1200
942 100 24,384,1224,1200
943 100 0,384,1224,1200
944 100 0,384,1224,1200
945 100 0,384,1224,1200
946 100 24,384,1224,1200
947 100 48,384,1224,1200
948 100 48,384,1224,1200
949 100 24,360,1224,1200
950 100 72,336,1224,1200
951 100 72,336,1224,1200
952 100 24,312,1224,1224
953 100 48,312,1224,1200
954 100 48,312,1224,1200
955 100 0,288,1224,1224
956 100 0,288,1224,1224
957 100 0,288,1224,1200
958 100 72,288,1224,1224
959 100 72,288,1224,1224
960 100 72,336,1224,1200
961 100 24,384,1224,1200
962 100 24,384,1224,1200
963 100 24,408,1224,1200
964 100 24,456,1224,1200
965 100 24,456,1224,1200
966 100 0,480,1224,1224
967 100 0,504,1224,1224
968 100 0,504,1224,1224
969 100 0,504,1224,1200
970 100 0,504,1224,1224
971 100 0,504,1224,1224
972 100 0,528,1224,1200
973 100 0,528,1224,1200
974 100 24,552,1224,1200
975 100 0,600,1224,1200
976 100 0,600,1224,1200
977 100 48,648,1224,1200
978 100 0,672,1224,1200
979 100 0,672,1224,1200
980 100 24,696,1224,1200
981 100 24,696,1224,1224
982 100 24,696,1224,1224
983 100 24,720,1224,1224
984 100 24,744,1224,1200
985 100 24,744,1224,1200
986 100 48,768,1224,1200
987 100 48,768,1224,1200
988 100 3312,768,1224,1200
989 100 0,768,1224,1200
990 100 0,768,1224,1200
991 100 144,744,1224,1224
992 100 24,744,1224,1200
993 100 24,744,1224,1200
994 100 0,720,1224,1200
995 100 24,696,1224,1224
996 100 24,696,1224,1224
997 100 24,696,1224,1200
998 100 0,696,1224,1200
999 100 0,696,1224,1200
1000 100 0,672,1224,1200
1001 100 48,672,1224,1200
1002 100 48,672,1224,1200
1003 100 96,648,1224,1224
1004 100 96,648,1224,1224
1005 100 144,648,1224,1200
1006 100 216,624,1224,1224
1007 100 216,624,1224,1224
1008 100 264,624,1224,1200
1009 100 312,600,1224,1224
1010 100 312,600,1224,1224
1011 100 360,600,1224,1200
1012 100 384,600,1224,1200
1013 100 384,600,1224,1200
1014 100 432,600,1224,1200
1015 100 456,576,1224,1224
1016 100 456,576,1224,1224
1017 100 504,576,1224,1200
1018 100 552,576,1224,1200
1019 100 552,576,1224,1200
1020 100 600,552,1224,1224
1021 100 600,552,1224,1224
1022 100 624,552,1224,1224
1023 100 648,552,1224,1224
1024 100 648,552,1224,1224
1025 100 696,552,1224,1224
1026 100 720,552,1224,1200
1027 100 720,552,1224,1200
1028 100 768,552,1224,1200
1029 100 792,552,1224,1200
1030 100 792,552,1224,1200
1031 100 816,528,1224,1224
1032 100 840,528,1224,1200
1033 100 840,528,1224,1200
1034 100 864,504,1224,1200
1035 100 864,504,1224,1200
1036 100 888,504,1224,1200
1037 100 888,480,1224,1224
1038 100 888,480,1224,1224
1039 100 888,480,1224,1200
1040 100 888,456,1224,1224
1041 100 888,456,1224,1224
1042 100 888,456,1224,1200
1043 100 888,456,1224,1200
1044 100 888,456,1224,1200
1045 100 888,432,1224,1200
1046 100 888,432,1224,1200
1047 100 888,432,1224,1200
1048 100 888,408,1224,1224
1049 100 888,408,1224,1224
1050 100 864,408,1224,1224
1051 100 888,432,1224,1200
1052 100 888,432,1224,1200
1053 100 864,408,1224,1224
1054 100 864,408,1224,1224
1055 100 864,408,1224,1224
1056 100 840,408,1224,1200
1057 100 816,384,1224,1200
1058 100 816,384,1224,1200
1059 100 816,360,1224,1200
1060 100 816,360,1224,1200
1061 100 816,360,1224,1200
1062 100 792,336,1224,1200
1063 100 792,336,1224,1200
1064 100 792,336,1224,1200
1065 100 792,312,1224,1224
1066 100 792,312,1224,1224
1067 100 768,312,1224,1200
1068 100 744,288,1224,1200
1069 100 744,288,1224,1200
1070 100 720,264,1224,1200
1071 100 696,216,1224,1200
1072 100 696,216,1224,1200
1073 100 648,192,1224,1200
1074 100 576,144,1224,1224
1075 100 576,144,1224,1224
1076 100 528,120,1224,1200
1077 100 528,120,1224,1200
1078 100 480,72,1224,1224
1079 100 480,72,1224,1200
1080 100 480,72,1224,1200
1081 100 456,48,1224,1200
1082 100 0,24,1224,1200
1083 100 0,24,1224,1200
1084 100 0,24,1224,1200
1085 100 144,24,1224,1176
1086 100 144,24,1224,1176
1087 100 48,24,1224,1176
1088 100 48,24,1224,1176
1089 100 48,24,1224,1176
1090 100 0,24,1224,1152
1091 100 0,24,1224,1152
1092 100 48,24,1224,1152
1093 100 24,24,1224,1128
1094 100 24,24,1224,1128
1095 100 24,24,1224,1128
1096 100 0,24,1224,1128
1097 100 0,24,1224,1128
1098 100 24,24,1224,1128
1099 100 0,24,1224,1128
1100 100 0,24,1224,1128
1101 100 0,24,1224,1128
1102 100 0,24,1224,1128
1103 100 0,24,1224,1128
1104 100 24,24,1224,1128
1105 100 24,24,1224,1128
1106 100 24,24,1224,1128
1107 100 24,24,1224,1128
1108 100 24,24,1224,1128
1109 100 0,24,1224,1128
1110 100 24,24,1224,1128
1111 100 24,24,1224,1128
1112 100 24,24,1224,1104
1113 100 0,24,1224,1104
1114 100 0,24,1224,1104
1115 100 0,24,1224,1104
1116 100 0,24,1224,1104
1117 100 0,24,1224,1104
1118 100 0,24,1224,1104
1119 100 0,24,1224,1104
1120 100 0,24,1224,1104
1121 100 0,24,1224,1080
1122 100 0,24,1224,1080
1123 100 0,24,1224,1080
1124 100 0,24,1224,1080
1125 100 0,24,1224,1080
1126 100 0,24,1224,1080
1127 100 0,24,1224,1104
1128 100 0,24,1224,1104
1129 100 0,24,1224,1152
1130 100 0,24,1224,1176
1131 100 0,24,1224,1176
1132 100 0,24,1224,1224
1133 100 48,72,1224,1224
1134 100 48,72,1224,1224
1135 100 96,144,1224,1224
1136 100 96,144,1224,1224
1137 100 120,168,1224,1224
1138 100 168,192,1224,1224
1139 100 168,192,1224,1224
1140 100 192,216,1224,1200
1141 100 216,216,1224,1224
1142 100 216,216,1224,1224
1143 100 240,240,1224,1200
1144 100 264,264,1224,1224
1145 100 264,264,1224,1224
1146 100 312,312,1224,1200
1147 100 336,336,1224,1224
1148 100 336,336,1224,1224
1149 100 312,312,1224,1200
1150 100 312,312,1224,1200
1151 100 312,288,1224,1200
1152 100 312,216,1224,1200
1153 100 312,216,1224,1200
1154 100 336,144,1224,1224
1155 100 360,72,1224,1224
1156 100 360,72,1224,1224
1157 100 0,24,1224,1224
1158 100 120,24,1224,1200
1159 100 120,24,1224,1200
1160 100 48,24,1224,1176
1161 100 48,24,1224,1176
1162 100 48,24,1224,1176
1163 100 96,24,1224,1176
1164 100 168,24,1224,1176
1165 100 168,24,1224,1176
1166 100 0,24,1224,1176
1167 100 0,24,1224,1176
1168 100 0,24,1224,1200
1169 100 0,24,1224,1200
1170 100 0,24,1224,1200
1171 100 0,24,1224,1200
1172 100 0,24,1224,1176
1173 100 0,24,1224,1176
1174 100 0,24,1224,1176
1175 100 0,24,1224,1176
1176 100 0,24,1224,1176
1177 100 0,24,1224,1176
1178 100 0,24,1224,1152
1179 100 0,24,1224,1152
1180 100 0,24,1224,1152
1181 100 0,24,1224,1152
1182 100 0,24,1224,1152
1183 100 0,24,1224,1152
1184 100 0,24,1224,1152
1185 100 0,24,1224,1128
1186 100 0,24,1224,1128
1187 100 0,24,1224,1128
1188 100 0,24,1224,1128
1189 100 0,24,1224,1104
1190 100 0,24,1224,1104
1191 100 24,24,1224,1104
1192 100 0,24,1224,1104
1193 100 0,24,1224,1104
1194 100 0,24,1224,1104
1195 100 0,24,1224,1104
1196 100 0,24,1224,1104
1197 100 0,24,1224,1104
1198 100 0,24,1224,1104
1199 100 0,24,1224,1104
1200 100 0,24,1224,1104
1201 100 192,24,1224,1104
1202 100 192,24,1224,1104
1203 100 0,24,1224,1128
1204 100 0,24,1224,1128
1205 100 0,24,1224,1128
1206 100 0,24,1224,1128
1207 100 0,24,1224,1128
1208 100 432,24,1224,1128
1209 100 576,24,1224,1128
1210 100 576,24,1224,1128
1211 100 648,24,1224,1152
1212 100 696,24,1224,1152
1213 100 696,24,1224,1152
1214 100 552,24,1224,1152
1215 100 864,24,1224,1152
1216 100 864,24,1224,1152
1217 100 912,24,1224,1152
1218 100 960,24,1224,1176
1219 100 960,24,1224,1176
1220 100 1080,24,1224,1200
1221 100 1128,24,1224,1200
1222 100 1128,24,1224,1200
1223 100 672,24,1224,1224
1224 100 1224,24,1224,1200
1225 100 1224,24,1224,1200
1226 100 1608,48,1224,1200
1227 100 1632,96,1224,1200
1228 100 1632,96,1224,1200
1229 100 1680,120,1224,1224
1230 100 1680,120,1224,1224
1231 100 1728,168,1224,1200
1232 100 1752,192,1224,1200
1233 100 1752,192,1224,1200
1234 100 1752,168,1224,1224
1235 100 1752,168,1224,1200
1236 100 1752,168,1224,1200
1237 100 1752,168,1224,1200
1238 100 1752,168,1224,1200
1239 100 1752,168,1224,1200
1240 100 1776,168,1224,1200
1241 100 1800,192,1224,1200
1242 100 1800,192,1224,1200
1243 100 1848,216,1224,1224
1244 100 1920,288,1224,1200
1245 100 1920,288,1224,1200
1246 100 1968,336,1224,1200
1247 100 1992,360,1224,1200
1248 100 1992,360,1224,1200
1249 100 2040,384,1224,1224
1250 100 2064,408,1224,1200
1251 100 2064,408,1224,1200
1252 100 2112,432,1224,1224
1253 100 2112,432,1224,1224
1254 100 2136,480,1224,1200
1255 100 2160,504,1224,1224
1256 100 2160,504,1224,1224
1257 100 2184,528,1224,1224
1258 100 2184,552,1224,1200
1259 100 2184,552,1224,1200
1260 100 2184,576,1224,1200
1261 100 2160,600,1224,1224
1262 100 2160,600,1224,1224
1263 100 2184,624,1224,1200
1264 100 2208,624,1224,1224
1265 100 2208,624,1224,1224
1266 100 2208,624,1224,1224
1267 100 2232,624,1224,1200
1268 100 2232,624,1224,1200
1269 100 2232,576,1224,1224
1270 100 2208,552,1224,1200
1271 100 2208,552,1224,1200
1272 100 2160,528,1224,1200
1273 100 2040,504,1224,1200
1274 100 2040,504,1224,1200
1275 100 1920,480,1224,1224
1276 100 1920,480,1224,1224
1277 100 1824,480,1224,1200
1278 100 1704,480,1224,1200
1279 100 1704,480,1224,1200
1280 100 1632,480,1224,1200
1281 100 1536,480,1224,1200
1282 100 1536,480,1224,1200
1283 100 1440,480,1224,1200
1284 100 1368,480,1224,1200
1285 100 1368,480,1224,1200
1286 100 1272,480,1224,1200
1287 100 1200,480,1224,1200
1288 100 1200,480,1224,1200
1289 100 1104,480,1224,1200
1290 100 1032,480,1224,1200
1291 100 1032,480,1224,1200
1292 100 984,480,1224,1224
1293 100 984,480,1224,1224
1294 100 984,480,1224,1200
1295 100 984,456,1224,1224
1296 100 984,456,1224,1224
1297 100 1008,456,1224,1200
1298 100 1032,456,1224,1200
1299 100 1032,456,1224,1200
1300 100 1008,456,1224,1200
1301 100 984,432,1224,1224
1302 100 984,432,1224,1224
1303 100 960,432,1224,1200
1304 100 912,432,1224,1200
1305 100 912,432,1224,1200
1306 100 864,432,1224,1200
1307 100 792,408,1224,1224
1308 100 792,408,1224,1224
1309 100 744,408,1224,1224
1310 100 744,408,1224,1224
1311 100 672,408,1224,1224
1312 100 624,408,1224,1224
1313 100 624,408,1224,1224
1314 100 600,408,1224,1224
1315 100 576,432,1224,1200
1316 100 576,432,1224,1200
1317 100 528,432,1224,1200
1318 100 504,432,1224,1200
1319 100 504,432,1224,1200
1320 100 480,432,1224,1200
1321 100 432,432,1224,1200
1322 100 432,432,1224,1200
1323 100 408,432,1224,1224
1324 100 408,432,1224,1224
1325 100 384,432,1224,1224
1326 100 336,432,1224,1224
1327 100 336,432,1224,1224
1328 100 312,456,1224,1200
1329 100 312,456,1224,1200
1330 100 312,456,1224,1200
1331 100 288,456,1224,1200
1332 100 264,456,1224,1200
1333 100 264,456,1224,1200
1334 100 264,456,1224,1200
1335 100 240,456,1224,1224
1336 100 240,456,1224,1224
1337 100 216,456,1224,1224
1338 100 192,456,1224,1224
1339 100 192,456,1224,1224
1340 100 168,480,1224,1200
1341 100 144,504,1224,1200
1342 100 144,504,1224,1200
1343 100 120,528,1224,1200
1344 100 120,528,1224,1200
1345 100 72,552,1224,1200
1346 100 24,576,1224,1200
1347 100 24,576,1224,1200
1348 100 0,600,1224,1200
1349 100 0,624,1224,1200
1350 100 0,624,1224,1200
1351 100 0,648,1224,1200
1352 100 0,648,1224,1200
1353 100 0,648,1224,1200
1354 100 0,648,1224,1200
1355 100 0,672,1224,1200
1356 100 0,672,1224,1200
1357 100 0,672,1224,1200
1358 100 0,672,1224,1200
1359 100 0,672,1224,1200
1360 100 24,648,1224,1224
1361 100 0,648,1224,1224
1362 100 0,648,1224,1224
1363 100 0,648,1224,1224
1364 100 24,648,1224,1224
1365 100 24,648,1224,1224
1366 100 24,648,1224,1200
1367 100 48,624,1224,1224
1368 100 48,624,1224,1224
1369 100 0,600,1224,1224
1370 100 0,600,1224,1224
1371 100 24,600,1224,1200
1372 100 24,576,1224,1224
1373 100 24,576,1224,1224
1374 100 24,576,1224,1224
1375 100 72,552,1224,1224
1376 100 72,552,1224,1224
1377 100 96,552,1224,1224
1378 100 3384,552,1224,1200
1379 100 3384,552,1224,1200
1380 100 3384,552,1224,1200
1381 100 3432,552,1224,1200
1382 100 3432,552,1224,1200
1383 100 3480,528,1224,1224
1384 100 3480,552,1224,1200
1385 100 3480,552,1224,1200
1386 100 3456,552,1224,1200
1387 100 3600,528,1224,1224
1388 100 3600,528,1224,1224
1389 100 3576,504,1224,1224
1390 100 3576,504,1224,1224
1391 100 3576,480,1224,1224
1392 100 48,456,1224,1224
1393 100 48,456,1224,1224
1394 100 3576,432,1224,1200
1395 100 3432,408,1224,1200
1396 100 3432,408,1224,1200
1397 100 3432,408,1224,1200
1398 100 3432,408,1224,1200
1399 100 3432,408,1224,1200
1400 100 3552,456,1224,1200
1401 100 3456,528,1224,1200
1402 100 3456,528,1224,1200
1403 100 3408,576,1224,1200
1404 100 3360,600,1224,1200
1405 100 3360,600,1224,1200
1406 100 3504,648,1224,1200
1407 100 3504,672,1224,1200
1408 100 3504,672,1224,1200
1409 100 3528,696,1224,1200
1410 100 3552,696,1224,1224
1411 100 3552,696,1224,1224
1412 100 0,720,1224,1224
1413 100 0,720,1224,1224
1414 100 48,720,1224,1224
1415 100 3576,696,1224,1224
1416 100 3576,696,1224,1224
1417 100 3360,696,1224,1200
1418 100 3432,672,1224,1200
1419 100 3432,672,1224,1200
1420 100 3504,648,1224,1200
1421 100 3576,600,1224,1224
1422 100 3576,600,1224,1224
1423 100 3504,600,1224,1200
1424 100 3576,600,1224,1200
1425 100 3576,600,1224,1200
1426 100 3624,576,1224,1224
1427 100 3696,576,1224,1224
1428 100 3696,576,1224,1224
1429 100 3408,576,1224,1200
1430 100 3408,576,1224,1200
1431 100 3408,576,1224,1200
1432 100 3456,576,1224,1200
1433 100 3456,576,1224,1200
1434 100 3552,576,1224,1200
1435 100 3696,552,1224,1224
1436 100 3696,552,1224,1224
1437 100 3384,552,1224,1200
1438 100 3360,552,1224,1200
1439 100 3360,552,1224,1200
1440 100 3432,552,1224,1200
1441 100 3480,552,1224,1200
1442 100 3480,552,1224,1200
1443 100 3456,552,1224,1200
1444 100 3456,552,1224,1200
1445 100 3456,552,1224,1200
1446 100 3480,552,1224,1200
1447 100 3480,552,1224,1200
1448 100 3480,552,1224,1200
1449 100 3432,552,1224,1200
1450 100 3432,552,1224,1200
1451 100 3432,552,1224,1200
1452 100 3432,552,1224,1200
1453 100 3432,552,1224,1200
1454 100 3504,552,1224,1200
1455 100 24,528,1224,1224
1456 100 24,528,1224,1224
1457 100 0,528,1224,1200
1458 100 24,456,1224,1224
1459 100 24,456,1224,1224
1460 100 24,360,1224,1224
1461 100 48,312,1224,1224
1462 100 48,312,1224,1224
1463 100 24,288,1224,1224
1464 100 24,264,1224,1224
1465 100 24,264,1224,1224
1466 100 3360,240,1224,1200
1467 100 96,216,1224,1224
1468 100 96,216,1224,1224
1469 100 96,192,1224,1224
1470 100 96,192,1224,1224
1471 100 3384,168,1224,1224
1472 100 48,168,1224,1224
1473 100 48,168,1224,1224
1474 100 0,192,1224,1200
1475 100 0,216,1224,1200
1476 100 0,216,1224,1200
1477 100 0,240,1224,1200
1478 100 0,264,1224,1200
1479 100 0,264,1224,1200
1480 100 0,288,1224,1224
1481 100 48,312,1224,1200
1482 100 48,312,1224,1200
1483 100 120,336,1224,1224
1484 100 120,336,1224,1224
1485 100 192,384,1224,1200
1486 100 240,408,1224,1200
1487 100 240,408,1224,1200
1488 100 288,408,1224,1200
1489 100 336,408,1224,1224
1490 100 336,408,1224,1224
1491 100 384,432,1224,1200
1492 100 456,456,1224,1200
1493 100 456,456,1224,1200
1494 100 480,456,1224,1200
1495 100 528,456,1224,1200
1496 100 528,456,1224,1200
1497 100 552,456,1224,1200
1498 100 576,456,1224,1200
1499 100 576,456,1224,1200
1500 100 600,456,1224,1200
1501 100 624,456,1224,1200
1502 100 624,456,1224,1200
1503 100 648,456,1224,1200
1504 100 696,456,1224,1224
1505 100 696,456,1224,1224
1506 100 744,456,1224,1224
1507 100 744,456,1224,1224
1508 100 768,456,1224,1224
1509 100 816,456,1224,1200
1510 100 816,456,1224,1200
1511 100 840,456,1224,1200
1512 100 864,456,1224,1200
1513 100 864,456,1224,1200
1514 100 888,432,1224,1224
1515 100 936,432,1224,1200
1516 100 936,432,1224,1200
1517 100 960,408,1224,1224
1518 100 984,408,1224,1200
1519 100 984,408,1224,1200
1520 100 1008,408,1224,1200
1521 100 1032,384,1224,1224
1522 100 1032,384,1224,1224
1523 100 1056,384,1224,1200
1524 100 1056,384,1224,1200
1525 100 1056,384,1224,1200
1526 100 1080,360,1224,1224
1527 100 1080,360,1224,1224
1528 100 1080,360,1224,1200
1529 100 1080,336,1224,1200
1530 100 1080,336,1224,1200
1531 100 1080,312,1224,1200
1532 100 1056,288,1224,1200
1533 100 1056,288,1224,1200
1534 100 1056,240,1224,1200
1535 100 1032,216,1224,1200
1536 100 1032,216,1224,1200
1537 100 1032,168,1224,1224
1538 100 984,144,1224,1200
1539 100 984,144,1224,1200
1540 100 984,96,1224,1224
1541 100 960,72,1224,1224
1542 100 960,72,1224,1224
1543 100 936,48,1224,1200
1544 100 936,48,1224,1200
1545 100 0,24,1224,1200
1546 100 0,24,1224,1176
1547 100 0,24,1224,1176
1548 100 0,24,1224,1152
1549 100 0,24,1224,1104
1550 100 0,24,1224,1104
1551 100 0,24,1224,1080
1552 100 504,24,1224,1056
1553 100 504,24,1224,1056
1554 100 648,24,1224,1032
1555 100 264,24,1224,1008
1556 100 264,24,1224,1008
1557 100 744,24,1224,984
1558 100 648,24,1224,984
1559 100 648,24,1224,984
1560 100 360,24,1224,984
1561 100 600,24,1224,984
1562 100 600,24,1224,984
1563 100 648,24,1224,960
1564 100 648,24,1224,960
1565 100 624,24,1224,984
1566 100 648,24,1224,960
1567 100 648,24,1224,960
1568 100 576,24,1224,984
1569 100 504,24,1224,984
1570 100 504,24,1224,984
1571 100 504,24,1224,984
1572 100 432,24,1224,984
1573 100 432,24,1224,984
1574 100 384,24,1224,984
1575 100 336,24,1224,984
1576 100 336,24,1224,984
1577 100 336,24,1224,984
1578 100 144,24,1224,1008
1579 100 144,24,1224,1008
1580 100 0,24,1224,1008
1581 100 0,24,1224,1008
1582 100 0,24,1224,1008
1583 100 456,24,1224,1008
1584 100 456,24,1224,1008
1585 100 456,24,1224,1008
1586 100 312,24,1224,1032
1587 100 312,24,1224,1032
1588 100 0,24,1224,1032
1589 100 0,24,1224,1032
1590 100 0,24,1224,1032
1591 100 240,24,1224,1056
1592 100 0,24,1224,1056
1593 100 0,24,1224,1056
1594 100 0,24,1224,1056
1595 100 0,24,1224,1056
1596 100 0,24,1224,1056
1597 100 0,24,1224,1080
1598 100 0,24,1224,1080
1599 100 0,24,1224,1080
1600 100 0,24,1224,1080
1601 100 0,24,1224,1080
1602 100 0,24,1224,1080
1603 100 0,24,1224,1080
1604 100 0,24,1224,1080
1605 100 0,24,1224,1080
1606 100 0,24,1224,1080
1607 100 0,24,1224,1080
1608 100 0,24,1224,1080
1609 100 0,24,1224,1080
1610 100 0,24,1224,1080
1611 100 0,24,1224,1080
1612 100 0,24,1224,1080
1613 100 0,24,1224,1080
1614 100 0,24,1224,1080
1615 100 0,24,1224,1080
1616 100 0,24,1224,1080
1617 100 0,24,1224,1104
1618 100 0,24,1224,1104
1619 100 0,24,1224,1104
1620 100 0,24,1224,1104
1621 100 0,24,1224,1104
1622 100 0,24,1224,1104
1623 100 0,24,1224,1104
1624 100 0,24,1224,1104
1625 100 0,24,1224,1104
1626 100 0,24,1224,1104
1627 100 0,24,1224,1104
1628 100 0,24,1224,1104
1629 100 0,24,1224,1128
1630 100 0,24,1224,1128
1631 100 0,24,1224,1128
1632 100 0,24,1224,1128
1633 100 0,24,1224,1128
1634 100 0,24,1224,1128
1635 100 0,24,1224,1128
1636 100 0,24,1224,1128
1637 100 0,24,1224,1152
1638 100 0,24,1224,1152
1639 100 0,24,1224,1152
1640 100 0,24,1224,1176
1641 100 0,24,1224,1176
1642 100 0,24,1224,1200
1643 100 0,24,1224,1224
1644 100 0,24,1224,1224
1645 100 1080,72,1224,1200
1646 100 1128,96,1224,1224
1647 100 1128,96,1224,1224
1648 100 1152,144,1224,1200
1649 100 1176,168,1224,1200
1650 100 1176,168,1224,1200
1651 100 1224,192,1224,1224
1652 100 1224,192,1224,1224
1653 100 1272,216,1224,1224
1654 100 1296,240,1224,1200
1655 100 1296,240,1224,1200
1656 100 1320,240,1224,1224
1657 100 1344,264,1224,1200
1658 100 1344,264,1224,1200
1659 100 1368,240,1224,1200
1660 100 1344,192,1224,1224
1661 100 1344,192,1224,1224
1662 100 1296,192,1224,1200
1663 100 1224,168,1224,1224
1664 100 1224,168,1224,1224
1665 100 1128,168,1224,1224
1666 100 1056,168,1224,1224
1667 100 1056,168,1224,1224
1668 100 984,192,1224,1200
1669 100 912,192,1224,1200
1670 100 912,192,1224,1200
1671 100 864,192,1224,1200
1672 100 768,192,1224,1200
1673 100 768,192,1224,1200
1674 100 696,192,1224,1224
1675 100 696,192,1224,1224
1676 100 624,192,1224,1224
1677 100 552,216,1224,1200
1678 100 552,216,1224,1200
1679 100 504,216,1224,1200
1680 100 480,216,1224,1224
1681 100 480,216,1224,1224
1682 100 456,216,1224,1224
1683 100 432,240,1224,1200
1684 100 432,240,1224,1200
1685 100 432,240,1224,1224
1686 100 432,240,1224,1224
1687 100 432,240,1224,1224
1688 100 408,240,1224,1224
1689 100 408,240,1224,1224
1690 100 408,240,1224,1224
1691 100 408,240,1224,1224
1692 100 408,240,1224,1224
1693 100 408,240,1224,1224
1694 100 384,240,1224,1224
1695 100 384,240,1224,1224
1696 100 384,240,1224,1224
1697 100 384,264,1224,1200
1698 100 384,264,1224,1200
1699 100 384,264,1224,1200
1700 100 480,264,1224,1200
1701 100 576,264,1224,1224
1702 100 576,264,1224,1224
1703 100 648,288,1224,1200
1704 100 648,288,1224,1200
1705 100 744,288,1224,1200
1706 100 816,288,1224,1200
1707 100 816,288,1224,1200
1708 100 864,264,1224,1224
1709 100 936,264,1224,1200
1710 100 936,264,1224,1200
1711 100 984,264,1224,1200
1712 100 1008,264,1224,1200
1713 100 1008,264,1224,1200
1714 100 984,264,1224,1200
1715 100 936,264,1224,1224
1716 100 936,264,1224,1224
1717 100 864,264,1224,1224
1718 100 792,288,1224,1200
1719 100 792,288,1224,1200
1720 100 720,288,1224,1200
1721 100 648,312,1224,1200
1722 100 648,312,1224,1200
1723 100 576,312,1224,1200
1724 100 576,312,1224,1200
1725 100 504,312,1224,1224
1726 100 432,312,1224,1224
1727 100 432,312,1224,1224
1728 100 384,312,1224,1224
1729 100 336,312,1224,1224
1730 100 336,312,1224,1224
1731 100 312,336,1224,1200
1732 100 288,336,1224,1200
1733 100 288,336,1224,1200
1734 100 264,336,1224,1224
1735 100 264,360,1224,1200
1736 100 264,360,1224,1200
1737 100 288,360,1224,1200
1738 100 336,360,1224,1224
1739 100 336,360,1224,1224
1740 100 384,360,1224,1224
1741 100 456,360,1224,1224
1742 100 456,360,1224,1224
1743 100 504,360,1224,1224
1744 100 504,360,1224,1224
1745 100 576,360,1224,1200
1746 100 624,336,1224,1224
1747 100 624,336,1224,1224
1748 100 672,336,1224,1200
1749 100 720,336,1224,1200
1750 100 720,336,1224,1200
1751 100 744,336,1224,1200
1752 100 792,312,1224,1224
1753 100 792,312,1224,1224
1754 100 840,312,1224,1224
1755 100 912,312,1224,1224
1756 100 912,312,1224,1224
1757 100 960,312,1224,1200
1758 100 960,312,1224,1200
1759 100 1032,312,1224,1200
1760 100 1080,312,1224,1200
1761 100 1080,312,1224,1200
1762 100 1128,312,1224,1200
1763 100 1176,312,1224,1200
1764 100 1176,312,1224,1200
1765 100 1176,312,1224,1200
1766 100 1176,312,1224,1200
1767 100 1176,312,1224,1200
1768 100 1176,312,1224,1200
1769 100 1128,312,1224,1224
1770 100 1128,312,1224,1224
1771 100 1104,312,1224,1224
1772 100 1056,312,1224,1224
1773 100 1056,312,1224,1224
1774 100 1032,336,1224,1200
1775 100 984,336,1224,1224
1776 100 984,336,1224,1224
1777 100 936,336,1224,1224
1778 100 936,336,1224,1224
1779 100 864,336,1224,1224
1780 100 816,360,1224,1200
1781 100 816,360,1224,1200
1782 100 768,360,1224,1200
1783 100 720,360,1224,1224
1784 100 720,360,1224,1224
1785 100 648,360,1224,1224
1786 100 576,360,1224,1224
1787 100 576,360,1224,1224
1788 100 504,360,1224,1224
1789 100 432,360,1224,1224
1790 100 432,360,1224,1224
1791 100 384,360,1224,1224
1792 100 336,384,1224,1200
1793 100 336,384,1224,1200
1794 100 288,384,1224,1200
1795 100 264,384,1224,1200
1796 100 264,384,1224,1200
1797 100 216,360,1224,1224
1798 100 216,360,1224,1224
