0 100 1200,384,1224,1224
1 100 1176,384,1224,1200
2 100 1152,360,1224,1224
3 100 1152,360,1224,1224
4 100 1152,360,1224,1224
5 100 1128,336,1224,1200
6 100 1104,336,1224,1200
7 100 1104,336,1224,1200
8 100 1104,336,1224,1200
9 100 1080,312,1224,1200
10 100 1080,312,1224,1200
11 100 1056,288,1224,1224
12 100 1056,288,1224,1224
13 100 1056,264,1224,1224
14 100 1056,264,1224,1224
15 100 1032,264,1224,1224
16 100 1032,264,1224,1200
17 100 1032,264,1224,1200
18 100 1032,264,1224,1224
19 100 1032,264,1224,1224
20 100 1032,264,1224,1224
21 100 1056,288,1224,1200
22 100 1056,288,1224,1200
23 100 1080,288,1224,1224
24 100 1080,288,1224,1224
25 100 1080,288,1224,1224
26 100 1080,288,1224,1224
27 100 1104,288,1224,1224
28 100 1104,288,1224,1224
29 100 1104,288,1224,1224
30 100 1104,288,1224,1200
31 100 1104,264,1224,1224
32 100 1104,264,1224,1224
33 100 1104,264,1224,1200
34 100 1104,264,1224,1200
35 100 1080,240,1224,1224
36 100 1080,240,1224,1224
37 100 1080,240,1224,1200
38 100 1080,216,1224,1224
39 100 1080,216,1224,1224
40 100 1080,216,1224,1224
41 100 1056,216,1224,1200
42 100 1056,216,1224,1200
43 100 1080,216,1224,1224
44 100 1080,216,1224,1224
45 100 1080,240,1224,1200
46 100 1104,240,1224,1224
47 100 1104,240,1224,1224
48 100 1104,264,1224,1200
49 100 1104,264,1224,1200
50 100 1128,264,1224,1224
51 100 1128,264,1224,1224
52 100 1128,264,1224,1224
53 100 1128,264,1224,1224
54 100 1128,264,1224,1224
55 100 1128,288,1224,1200
56 100 1128,288,1224,1200
57 100 1128,288,1224,1200
58 100 1128,288,1224,1200
59 100 1128,288,1224,1200
60 100 1152,288,1224,1200
61 100 1152,288,1224,1200
62 100 1152,288,1224,1200
63 100 1152,288,1224,1200
64 100 1152,288,1224,1200
65 100 1152,288,1224,1200
66 100 1152,288,1224,1200
67 100 1152,288,1224,1200
68 100 1152,288,1224,1200
69 100 1176,288,1224,1224
70 100 1176,288,1224,1224
71 100 1176,288,1224,1224
72 100 1176,288,1224,1224
73 100 1176,288,1224,1224
74 100 1176,312,1224,1200
75 100 1176,312,1224,1200
76 100 1176,288,1224,1224
77 100 1176,288,1224,1224
78 100 1176,288,1224,1224
79 100 1176,288,1224,1224
80 100 1176,288,1224,1224
81 100 1176,288,1224,1224
82 100 1176,288,1224,1224
83 100 1176,288,1224,1224
84 100 1176,288,1224,1224
85 100 1176,288,1224,1224
86 100 1176,288,1224,1224
87 100 1176,288,1224,1224
88 100 1176,288,1224,1224
89 100 1176,288,1224,1224
90 100 1176,288,1224,1224
91 100 1176,312,1224,1200
92 100 1176,312,1224,1200
93 100 1176,312,1224,1200
94 100 1176,312,1224,1200
95 100 1176,312,1224,1200
96 100 1176,312,1224,1200
97 100 1176,312,1224,1200
98 100 1176,312,1224,1200
99 100 1176,312,1224,1224
100 100 1176,312,1224,1224
101 100 1176,312,1224,1224
102 100 1176,336,1224,1200
103 100 1176,336,1224,1224
104 100 1176,336,1224,1224
105 100 1200,360,1224,1200
106 100 1200,360,1224,1200
107 100 1200,360,1224,1200
108 100 1200,360,1224,1200
109 100 1200,360,1224,1224
110 100 1200,360,1224,1224
111 100 1200,360,1224,1224
112 100 1200,360,1224,1224
113 100 1200,360,1224,1224
114 100 1200,360,1224,1224
115 100 1200,360,1224,1224
116 100 1200,360,1224,1224
117 100 1200,384,1224,1200
118 100 1200,384,1224,1200
119 100 1200,384,1224,1200
120 100 1200,384,1224,1200
121 100 1224,384,1224,1200
122 100 1248,384,1224,1200
123 100 1248,384,1224,1200
124 100 1320,384,1224,1224
125 100 1368,408,1224,1224
126 100 1368,408,1224,1224
127 100 1416,456,1224,1200
128 100 1416,456,1224,1200
129 100 1392,504,1224,1200
130 100 1392,504,1224,1200
131 100 1368,528,1224,1200
132 100 1368,528,1224,1200
133 100 1344,552,1224,1224
134 100 1344,600,1224,1200
135 100 1320,624,1224,1224
136 100 1320,624,1224,1224
137 100 1296,672,1224,1200
138 100 1296,672,1224,1200
139 100 1272,696,1224,1200
140 100 1272,696,1224,1200
141 100 1248,720,1224,1200
142 100 1248,720,1224,1200
143 100 1224,744,1224,1200
144 100 1200,768,1224,1200
145 100 1200,768,1224,1200
146 100 1200,792,1224,1200
147 100 1200,768,1224,1224
148 100 1200,768,1224,1224
149 100 1200,768,1224,1200
150 100 1200,768,1224,1200
151 100 1200,768,1224,1224
152 100 1200,768,1224,1224
153 100 1200,792,1224,1200
154 100 1176,792,1224,1200
155 100 1176,792,1224,1200
156 100 1176,792,1224,1200
157 100 1200,792,1224,1200
158 100 1200,792,1224,1200
159 100 1200,792,1224,1200
160 100 1200,792,1224,1200
161 100 1176,792,1224,1200
162 100 1176,792,1224,1200
163 100 1176,816,1224,1200
164 100 1176,816,1224,1200
165 100 1152,816,1224,1224
166 100 1128,840,1224,1200
167 100 1128,840,1224,1200
168 100 1128,840,1224,1200
169 100 1128,840,1224,1200
170 100 1128,840,1224,1200
171 100 1128,840,1224,1200
172 100 1128,840,1224,1200
173 100 1128,840,1224,1200
174 100 1128,840,1224,1200
175 100 1128,816,1224,1224
176 100 1128,816,1224,1200
177 100 1128,816,1224,1200
178 100 1152,816,1224,1200
179 100 1176,792,1224,1200
180 100 1176,792,1224,1200
181 100 1176,792,1224,1200
182 100 1224,720,1224,1200
183 100 1272,672,1224,1200
184 100 1272,672,1224,1200
185 100 1296,648,1224,1200
186 100 1296,648,1224,1200
187 100 1296,624,1224,1200
188 100 1320,600,1224,1224
189 100 1320,600,1224,1224
190 100 1344,576,1224,1224
191 100 1344,576,1224,1200
192 100 1344,576,1224,1200
193 100 1368,552,1224,1224
194 100 1368,552,1224,1224
195 100 1368,552,1224,1200
196 100 1368,552,1224,1200
197 100 1392,552,1224,1200
198 100 1392,552,1224,1200
199 100 1392,552,1224,1200
200 100 1464,528,1224,1200
201 100 1464,528,1224,1200
202 100 1512,528,1224,1200
203 100 1536,528,1224,1200
204 100 1536,528,1224,1200
205 100 1584,504,1224,1224
206 100 1584,504,1224,1224
207 100 1584,504,1224,1224
208 100 1584,504,1224,1224
209 100 1608,504,1224,1200
210 100 1608,504,1224,1200
211 100 1632,504,1224,1224
212 100 1632,504,1224,1224
213 100 1632,504,1224,1224
214 100 1632,504,1224,1200
215 100 1632,504,1224,1200
216 100 1632,504,1224,1200
217 100 1656,480,1224,1224
218 100 1656,480,1224,1224
219 100 1632,456,1224,1224
220 100 1632,456,1224,1224
221 100 1632,456,1224,1200
222 100 1632,456,1224,1200
223 100 1608,432,1224,1200
224 100 1584,408,1224,1200
225 100 1584,408,1224,1200
226 100 1560,384,1224,1200
227 100 1512,336,1224,1224
228 100 1512,336,1224,1224
229 100 1488,312,1224,1224
230 100 1488,312,1224,1224
231 100 1464,288,1224,1224
232 100 1464,288,1224,1224
233 100 1440,288,1224,1200
234 100 1440,288,1224,1200
235 100 1440,264,1224,1224
236 100 1416,264,1224,1224
237 100 1416,264,1224,1224
238 100 1416,264,1224,1200
239 100 1416,264,1224,1224
240 100 1416,264,1224,1224
241 100 1416,264,1224,1200
242 100 1416,264,1224,1200
243 100 1392,264,1224,1200
244 100 1392,264,1224,1200
245 100 1392,240,1224,1224
246 100 1392,240,1224,1224
247 100 1368,240,1224,1224
248 100 1368,240,1224,1200
249 100 1368,240,1224,1200
250 100 1368,216,1224,1224
251 100 1344,216,1224,1224
252 100 1344,216,1224,1224
253 100 1344,216,1224,1200
254 100 1344,216,1224,1200
255 100 1320,192,1224,1224
256 100 1320,192,1224,1224
257 100 1272,168,1224,1224
258 100 1272,168,1224,1224
259 100 1224,120,1224,1224
260 100 1200,96,1224,1224
261 100 1200,96,1224,1224
262 100 1152,72,1224,1224
263 100 1104,48,1224,1224
264 100 1104,48,1224,1224
265 100 0,24,1224,1224
266 100 0,24,1224,1224
267 100 0,24,1224,1200
268 100 0,24,1224,1200
269 100 0,24,1224,1200
270 100 0,24,1224,1200
271 100 0,24,1224,1176
272 100 0,24,1224,1176
273 100 0,24,1224,1176
274 100 0,24,1224,1176
275 100 0,24,1224,1176
276 100 0,24,1224,1176
277 100 0,24,1224,1176
278 100 0,24,1224,1176
279 100 0,24,1224,1176
280 100 0,24,1224,1176
281 100 0,24,1224,1176
282 100 264,24,1224,1176
283 100 264,24,1224,1176
284 100 264,24,1224,1176
285 100 0,24,1224,1176
286 100 0,24,1224,1200
287 100 0,24,1224,1200
288 100 0,24,1224,1200
289 100 0,24,1224,1200
290 100 0,24,1224,1200
291 100 0,24,1224,1200
292 100 0,24,1224,1200
293 100 264,24,1224,1200
294 100 0,24,1224,1200
295 100 0,24,1224,1200
296 100 0,24,1224,1224
297 100 0,24,1224,1224
298 100 504,48,1224,1200
299 100 504,48,1224,1200
300 100 504,48,1224,1200
301 100 504,48,1224,1200
302 100 528,72,1224,1200
303 100 552,96,1224,1200
304 100 552,96,1224,1200
305 100 552,96,1224,1200
306 100 576,120,1224,1200
307 100 600,168,1224,1200
308 100 600,168,1224,1200
309 100 624,192,1224,1224
310 100 672,240,1224,1200
311 100 672,240,1224,1200
312 100 672,264,1224,1224
313 100 672,264,1224,1224
314 100 672,264,1224,1224
315 100 696,312,1224,1200
316 100 696,312,1224,1200
317 100 696,312,1224,1200
318 100 720,312,1224,1224
319 100 720,336,1224,1200
320 100 720,336,1224,1200
321 100 720,336,1224,1200
322 100 744,336,1224,1200
323 100 744,336,1224,1200
324 100 744,336,1224,1200
325 100 744,336,1224,1200
326 100 744,336,1224,1200
327 100 744,336,1224,1224
328 100 744,336,1224,1224
329 100 768,336,1224,1224
330 100 792,360,1224,1200
331 100 792,360,1224,1200
332 100 816,360,1224,1200
333 100 816,360,1224,1200
334 100 840,360,1224,1224
335 100 840,360,1224,1224
336 100 840,384,1224,1200
337 100 864,384,1224,1200
338 100 864,384,1224,1200
339 100 864,384,1224,1200
340 100 864,384,1224,1200
341 100 888,384,1224,1200
342 100 888,384,1224,1200
343 100 888,384,1224,1200
344 100 912,384,1224,1200
345 100 912,384,1224,1200
346 100 912,384,1224,1200
347 100 936,384,1224,1200
348 100 936,384,1224,1200
349 100 936,384,1224,1200
350 100 936,384,1224,1200
351 100 960,384,1224,1200
352 100 960,384,1224,1200
353 100 960,384,1224,1200
354 100 960,384,1224,1200
355 100 960,384,1224,1200
356 100 960,384,1224,1200
357 100 960,384,1224,1200
358 100 936,384,1224,1200
359 100 912,360,1224,1224
360 100 912,360,1224,1224
361 100 888,360,1224,1200
362 100 888,360,1224,1200
363 100 864,360,1224,1200
364 100 816,360,1224,1200
365 100 816,360,1224,1200
366 100 792,360,1224,1224
367 100 792,360,1224,1224
368 100 768,360,1224,1224
369 100 720,384,1224,1200
370 100 720,384,1224,1200
371 100 696,384,1224,1200
372 100 696,384,1224,1200
373 100 672,384,1224,1224
374 100 648,408,1224,1200
375 100 648,408,1224,1200
376 100 648,408,1224,1200
377 100 648,408,1224,1200
378 100 648,408,1224,1224
379 100 648,408,1224,1224
380 100 648,408,1224,1224
381 100 624,408,1224,1224
382 100 624,408,1224,1224
383 100 600,408,1224,1224
384 100 600,408,1224,1224
385 100 600,408,1224,1224
386 100 576,408,1224,1224
387 100 576,408,1224,1224
388 100 576,432,1224,1200
389 100 576,432,1224,1200
390 100 552,432,1224,1200
391 100 552,432,1224,1200
392 100 528,456,1224,1200
393 100 504,456,1224,1200
394 100 504,456,1224,1200
395 100 480,456,1224,1200
396 100 480,456,1224,1200
397 100 432,456,1224,1224
398 100 408,480,1224,1200
399 100 408,480,1224,1200
400 100 384,480,1224,1200
401 100 384,480,1224,1200
402 100 360,480,1224,1200
403 100 360,480,1224,1200
404 100 336,480,1224,1200
405 100 312,480,1224,1200
406 100 312,480,1224,1200
407 100 288,480,1224,1200
408 100 288,480,1224,1200
409 100 264,480,1224,1200
410 100 240,480,1224,1200
411 100 240,480,1224,1200
412 100 216,480,1224,1200
413 100 216,480,1224,1200
414 100 216,480,1224,1224
415 100 192,480,1224,1224
416 100 192,480,1224,1224
417 100 192,480,1224,1224
418 100 192,480,1224,1224
419 100 168,480,1224,1224
420 100 144,480,1224,1224
421 100 144,480,1224,1224
422 100 96,480,1224,1200
423 100 96,480,1224,1200
424 100 24,456,1224,1200
425 100 0,456,1224,1200
426 100 0,456,1224,1200
427 100 0,432,1224,1224
428 100 0,432,1224,1224
429 100 0,432,1224,1200
430 100 0,432,1224,1200
431 100 0,408,1224,1200
432 100 0,408,1224,1200
433 100 0,408,1224,1200
434 100 0,384,1224,1224
435 100 0,384,1224,1224
436 100 24,408,1224,1200
437 100 192,432,1224,1200
438 100 192,432,1224,1200
439 100 360,456,1224,1200
440 100 360,456,1224,1200
441 100 480,456,1224,1200
442 100 528,456,1224,1200
443 100 528,456,1224,1200
444 100 576,456,1224,1200
445 100 576,456,1224,1200
446 100 624,456,1224,1224
447 100 672,456,1224,1224
448 100 672,456,1224,1224
449 100 696,456,1224,1224
450 100 696,456,1224,1224
451 100 720,456,1224,1200
452 100 720,456,1224,1200
453 100 744,456,1224,1200
454 100 792,456,1224,1224
455 100 792,456,1224,1224
456 100 816,456,1224,1224
457 100 816,456,1224,1224
458 100 840,456,1224,1200
459 100 840,456,1224,1200
460 100 840,456,1224,1200
461 100 864,456,1224,1200
462 100 864,456,1224,1200
463 100 888,456,1224,1200
464 100 888,456,1224,1200
465 100 888,456,1224,1200
466 100 912,456,1224,1200
467 100 912,456,1224,1200
468 100 912,456,1224,1200
469 100 912,456,1224,1200
470 100 912,456,1224,1200
471 100 936,456,1224,1200
472 100 936,456,1224,1200
473 100 936,456,1224,1200
474 100 936,456,1224,1200
475 100 936,456,1224,1200
476 100 960,456,1224,1200
477 100 960,456,1224,1200
478 100 936,432,1224,1224
479 100 936,432,1224,1224
480 100 912,432,1224,1224
481 100 912,432,1224,1224
482 100 864,432,1224,1200
483 100 816,432,1224,1200
484 100 816,432,1224,1200
485 100 768,432,1224,1200
486 100 768,432,1224,1200
487 100 744,432,1224,1200
488 100 720,408,1224,1224
489 100 720,408,1224,1224
490 100 720,432,1224,1200
491 100 720,432,1224,1200
492 100 720,432,1224,1200
493 100 720,432,1224,1200
494 100 720,432,1224,1200
495 100 720,432,1224,1200
496 100 720,432,1224,1200
497 100 696,432,1224,1200
498 100 696,432,1224,1200
499 100 696,432,1224,1200
500 100 696,432,1224,1200
501 100 696,432,1224,1200
502 100 696,432,1224,1200
503 100 696,432,1224,1200
504 100 696,432,1224,1200
505 100 696,432,1224,1200
506 100 696,432,1224,1200
507 100 696,432,1224,1200
508 100 696,432,1224,1200
509 100 696,432,1224,1200
510 100 696,432,1224,1200
511 100 696,432,1224,1200
512 100 696,432,1224,1200
513 100 696,432,1224,1200
514 100 696,432,1224,1200
515 100 696,432,1224,1200
516 100 720,432,1224,1200
517 100 768,432,1224,1200
518 100 768,432,1224,1200
519 100 816,408,1224,1224
520 100 816,408,1224,1224
521 100 864,408,1224,1224
522 100 888,432,1224,1200
523 100 888,432,1224,1200
524 100 912,432,1224,1200
525 100 912,432,1224,1200
526 100 936,432,1224,1200
527 100 960,408,1224,1224
528 100 960,408,1224,1224
529 100 960,408,1224,1224
530 100 960,408,1224,1224
531 100 984,408,1224,1224
532 100 984,408,1224,1224
533 100 1008,408,1224,1224
534 100 1032,408,1224,1200
535 100 1032,408,1224,1200
536 100 1056,408,1224,1224
537 100 1056,408,1224,1224
538 100 1080,408,1224,1200
539 100 1104,408,1224,1200
540 100 1104,408,1224,1200
541 100 1104,408,1224,1200
542 100 1104,408,1224,1200
543 100 1104,408,1224,1200
544 100 1128,408,1224,1200
545 100 1128,408,1224,1200
546 100 1128,408,1224,1200
547 100 1128,408,1224,1200
548 100 1128,384,1224,1224
549 100 1128,384,1224,1224
550 100 1128,384,1224,1224
551 100 1104,384,1224,1200
552 100 1104,384,1224,1200
553 100 1080,384,1224,1200
554 100 1080,384,1224,1200
555 100 1056,384,1224,1200
556 100 1032,360,1224,1224
557 100 1032,360,1224,1224
558 100 1008,360,1224,1224
559 100 1008,360,1224,1224
560 100 1008,384,1224,1200
561 100 1008,384,1224,1200
562 100 984,384,1224,1200
563 100 936,384,1224,1200
564 100 936,384,1224,1200
565 100 888,360,1224,1224
566 100 888,360,1224,1224
567 100 840,360,1224,1200
568 100 816,360,1224,1200
569 100 816,360,1224,1200
570 100 768,360,1224,1200
571 100 768,360,1224,1200
572 100 744,360,1224,1224
573 100 696,360,1224,1200
574 100 696,360,1224,1200
575 100 672,360,1224,1200
576 100 672,360,1224,1200
577 100 648,336,1224,1224
578 100 648,336,1224,1224
579 100 600,336,1224,1200
580 100 576,336,1224,1200
581 100 576,336,1224,1200
582 100 552,336,1224,1224
583 100 552,336,1224,1224
584 100 528,336,1224,1224
585 100 504,336,1224,1224
586 100 504,336,1224,1224
587 100 480,336,1224,1224
588 100 480,336,1224,1224
589 100 456,360,1224,1200
590 100 456,360,1224,1200
591 100 456,360,1224,1200
592 100 456,360,1224,1224
593 100 456,360,1224,1224
594 100 432,360,1224,1200
595 100 432,360,1224,1200
596 100 432,360,1224,1224
597 100 432,360,1224,1224
598 100 432,360,1224,1224
599 100 408,360,1224,1224
600 100 408,360,1224,1224
601 100 408,360,1224,1224
602 100 408,360,1224,1224
603 100 408,360,1224,1200
604 100 408,360,1224,1200
605 100 384,360,1224,1200
606 100 384,360,1224,1200
607 100 384,360,1224,1200
608 100 384,360,1224,1200
609 100 384,360,1224,1200
610 100 384,360,1224,1200
611 100 384,360,1224,1200
612 100 384,360,1224,1200
613 100 384,360,1224,1200
614 100 384,360,1224,1200
615 100 384,360,1224,1200
616 100 384,360,1224,1200
617 100 384,360,1224,1200
618 100 384,360,1224,1200
619 100 384,360,1224,1200
620 100 384,360,1224,1200
621 100 408,360,1224,1200
622 100 408,360,1224,1200
623 100 408,360,1224,1200
624 100 408,360,1224,1200
625 100 408,360,1224,1200
626 100 432,360,1224,1200
627 100 432,360,1224,1200
628 100 456,336,1224,1224
629 100 456,336,1224,1224
630 100 456,336,1224,1224
631 100 480,336,1224,1224
632 100 480,336,1224,1224
633 100 480,360,1224,1200
634 100 480,360,1224,1200
635 100 480,360,1224,1200
636 100 432,360,1224,1200
637 100 432,360,1224,1200
638 100 384,384,1224,1200
639 100 384,384,1224,1200
640 100 360,384,1224,1200
641 100 360,384,1224,1200
642 100 312,360,1224,1224
643 100 264,384,1224,1200
644 100 264,384,1224,1200
645 100 216,384,1224,1200
646 100 216,384,1224,1200
647 100 168,384,1224,1200
648 100 120,384,1224,1224
649 100 120,384,1224,1224
650 100 96,384,1224,1224
651 100 96,384,1224,1224
652 100 72,384,1224,1224
653 100 72,384,1224,1224
654 100 72,384,1224,1224
655 100 48,384,1224,1200
656 100 48,384,1224,1200
657 100 48,384,1224,1200
658 100 48,384,1224,1200
659 100 48,384,1224,1200
660 100 48,384,1224,1200
661 100 72,384,1224,1200
662 100 72,384,1224,1200
663 100 144,384,1224,1200
664 100 216,384,1224,1200
665 100 216,384,1224,1200
666 100 336,384,1224,1200
667 100 336,384,1224,1200
668 100 432,384,1224,1200
669 100 528,360,1224,1224
670 100 528,360,1224,1224
671 100 624,360,1224,1224
672 100 624,360,1224,1224
673 100 696,360,1224,1224
674 100 696,360,1224,1224
675 100 792,384,1224,1200
676 100 840,360,1224,1224
677 100 840,360,1224,1224
678 100 888,384,1224,1200
679 100 936,384,1224,1200
680 100 936,384,1224,1200
681 100 960,384,1224,1200
682 100 1008,384,1224,1200
683 100 1008,384,1224,1200
684 100 1032,360,1224,1224
685 100 1032,360,1224,1224
686 100 1032,360,1224,1224
687 100 1056,360,1224,1224
688 100 1104,384,1224,1200
689 100 1104,384,1224,1200
690 100 1128,360,1224,1224
691 100 1152,360,1224,1224
692 100 1152,360,1224,1224
693 100 1176,360,1224,1224
694 100 1176,360,1224,1224
695 100 1200,360,1224,1224
696 100 1224,360,1224,1224
697 100 1224,360,1224,1224
698 100 1224,384,1224,1200
699 100 1224,384,1224,1200
700 100 1224,384,1224,1200
701 100 1224,384,1224,1200
702 100 1224,384,1224,1200
703 100 1224,360,1224,1224
704 100 1224,360,1224,1224
705 100 1224,360,1224,1200
706 100 1224,360,1224,1200
707 100 1224,360,1224,1200
708 100 1224,336,1224,1224
709 100 1224,336,1224,1224
710 100 1224,336,1224,1224
711 100 1224,336,1224,1200
712 100 1248,336,1224,1200
713 100 1248,336,1224,1200
714 100 1248,312,1224,1224
715 100 1248,312,1224,1224
716 100 1248,312,1224,1200
717 100 1248,312,1224,1200
718 100 1224,312,1224,1200
719 100 1224,312,1224,1200
720 100 1224,312,1224,1200
721 100 1224,312,1224,1200
722 100 1224,312,1224,1200
723 100 1224,312,1224,1200
724 100 1200,288,1224,1224
725 100 1200,288,1224,1224
726 100 1200,312,1224,1200
727 100 1200,312,1224,1200
728 100 1200,288,1224,1224
729 100 1200,288,1224,1224
730 100 1200,288,1224,1224
731 100 1200,288,1224,1224
732 100 1200,288,1224,1224
733 100 1200,288,1224,1224
734 100 1200,312,1224,1200
735 100 1200,312,1224,1200
736 100 1224,312,1224,1200
737 100 1224,312,1224,1200
738 100 1248,312,1224,1224
739 100 1248,312,1224,1224
740 100 1296,336,1224,1200
741 100 1344,360,1224,1200
742 100 1344,360,1224,1200
743 100 1416,360,1224,1224
744 100 1464,384,1224,1200
745 100 1464,384,1224,1200
746 100 1512,408,1224,1200
747 100 1512,408,1224,1200
748 100 1536,408,1224,1200
749 100 1536,408,1224,1200
750 100 1536,408,1224,1200
751 100 1536,408,1224,1200
752 100 1536,408,1224,1200
753 100 1536,384,1224,1224
754 100 1536,384,1224,1200
755 100 1536,384,1224,1200
756 100 1488,384,1224,1200
757 100 1488,384,1224,1200
758 100 1416,384,1224,1200
759 100 1416,384,1224,1200
760 100 1392,384,1224,1200
761 100 1392,384,1224,1200
762 100 1392,384,1224,1200
763 100 1392,384,1224,1200
764 100 1392,384,1224,1224
765 100 1368,384,1224,1200
766 100 1344,384,1224,1200
767 100 1344,384,1224,1200
768 100 1344,384,1224,1200
769 100 1344,384,1224,1200
770 100 1320,384,1224,1200
771 100 1320,384,1224,1200
772 100 1296,360,1224,1200
773 100 1296,360,1224,1200
774 100 1272,360,1224,1200
775 100 1272,360,1224,1200
776 100 1272,360,1224,1200
777 100 1248,336,1224,1224
778 100 1248,336,1224,1224
779 100 1248,336,1224,1224
780 100 1248,336,1224,1200
781 100 1248,336,1224,1200
782 100 1248,336,1224,1200
783 100 1248,336,1224,1200
784 100 1248,336,1224,1200
785 100 1248,336,1224,1200
786 100 1248,336,1224,1200
787 100 1272,360,1224,1200
788 100 1272,360,1224,1200
789 100 1272,384,1224,1200
790 100 1296,408,1224,1200
791 100 1296,408,1224,1200
792 100 1320,432,1224,1200
793 100 1320,432,1224,1200
794 100 1368,432,1224,1224
795 100 1392,456,1224,1200
796 100 1392,456,1224,1200
797 100 1416,456,1224,1200
798 100 1416,456,1224,1200
799 100 1440,456,1224,1200
800 100 1440,432,1224,1224
801 100 1440,432,1224,1224
802 100 1464,432,1224,1200
803 100 1464,432,1224,1200
804 100 1464,432,1224,1200
805 100 1464,432,1224,1200
806 100 1488,432,1224,1200
807 100 1488,432,1224,1200
808 100 1488,432,1224,1200
809 100 1512,432,1224,1200
810 100 1512,432,1224,1200
811 100 1536,432,1224,1200
812 100 1536,432,1224,1200
813 100 1536,432,1224,1200
814 100 1536,432,1224,1200
815 100 1536,432,1224,1200
816 100 1560,432,1224,1200
817 100 1560,432,1224,1200
818 100 1560,432,1224,1200
819 100 1608,432,1224,1224
820 100 1608,432,1224,1224
821 100 1656,456,1224,1200
822 100 1656,456,1224,1200
823 100 1704,456,1224,1200
824 100 1704,456,1224,1200
825 100 1776,456,1224,1200
826 100 1872,456,1224,1200
827 100 1872,456,1224,1200
828 100 1944,456,1224,1200
829 100 1944,456,1224,1200
830 100 1944,456,1224,1200
831 100 2064,456,1224,1200
832 100 2064,456,1224,1200
833 100 2136,456,1224,1200
834 100 2136,456,1224,1200
835 100 2136,456,1224,1200
836 100 2160,456,1224,1200
837 100 2160,456,1224,1200
838 100 2160,456,1224,1200
839 100 2160,456,1224,1200
840 100 2184,432,1224,1224
841 100 2184,432,1224,1224
842 100 2184,432,1224,1224
843 100 2184,432,1224,1224
844 100 2184,432,1224,1224
845 100 2160,432,1224,1200
846 100 2160,432,1224,1200
847 100 2136,432,1224,1200
848 100 2088,408,1224,1224
849 100 2088,408,1224,1224
850 100 2016,408,1224,1224
851 100 2016,408,1224,1224
852 100 1896,408,1224,1200
853 100 1896,408,1224,1200
854 100 1752,384,1224,1224
855 100 1608,408,1224,1200
856 100 1488,384,1224,1224
857 100 1488,384,1224,1224
858 100 1392,384,1224,1200
859 100 1392,384,1224,1200
860 100 1344,384,1224,1200
861 100 1344,384,1224,1200
862 100 1296,360,1224,1224
863 100 1296,360,1224,1224
864 100 1272,360,1224,1200
865 100 1224,360,1224,1200
866 100 1224,360,1224,1200
867 100 1200,336,1224,1224
868 100 1176,336,1224,1224
869 100 1176,336,1224,1224
870 100 1176,336,1224,1200
871 100 1176,336,1224,1200
872 100 1152,336,1224,1200
873 100 1152,336,1224,1200
874 100 1128,336,1224,1200
875 100 1128,336,1224,1200
876 100 1128,312,1224,1224
877 100 1104,312,1224,1200
878 100 1056,264,1224,1200
879 100 1056,264,1224,1200
880 100 1008,216,1224,1200
881 100 1008,216,1224,1200
882 100 984,168,1224,1200
883 100 984,168,1224,1200
884 100 936,120,1224,1224
885 100 936,120,1224,1224
886 100 912,96,1224,1224
887 100 912,96,1224,1200
888 100 912,96,1224,1200
889 100 912,96,1224,1200
890 100 912,96,1224,1200
891 100 912,96,1224,1200
892 100 912,96,1224,1200
893 100 912,96,1224,1200
894 100 912,96,1224,1200
895 100 912,96,1224,1200
896 100 912,96,1224,1224
897 100 912,96,1224,1224
898 100 912,120,1224,1200
899 100 936,120,1224,1200
900 100 936,120,1224,1200
901 100 936,120,1224,1224
902 100 936,120,1224,1224
903 100 960,144,1224,1200
904 100 960,144,1224,1200
905 100 960,144,1224,1224
906 100 960,168,1224,1200
907 100 960,168,1224,1200
908 100 984,168,1224,1200
909 100 984,168,1224,1224
910 100 984,168,1224,1224
911 100 984,168,1224,1224
912 100 984,168,1224,1224
913 100 1008,168,1224,1224
914 100 1008,168,1224,1224
915 100 1008,192,1224,1200
916 100 1008,192,1224,1200
917 100 1008,192,1224,1200
918 100 984,168,1224,1224
919 100 984,168,1224,1224
920 100 984,168,1224,1224
921 100 912,144,1224,1224
922 100 912,144,1224,1224
923 100 912,144,1224,1224
924 100 864,144,1224,1200
925 100 792,120,1224,1200
926 100 792,120,1224,1200
927 100 720,120,1224,1200
928 100 672,120,1224,1200
929 100 672,120,1224,1200
930 100 624,96,1224,1224
931 100 624,96,1224,1224
932 100 624,96,1224,1224
933 100 576,96,1224,1224
934 100 576,96,1224,1224
935 100 576,96,1224,1224
936 100 552,120,1224,1200
937 100 552,120,1224,1200
938 100 552,120,1224,1200
939 100 504,96,1224,1224
940 100 456,72,1224,1224
941 100 456,72,1224,1224
942 100 408,48,1224,1200
943 100 408,48,1224,1200
944 100 408,48,1224,1200
945 100 48,24,1224,1176
946 100 48,24,1224,1176
947 100 48,24,1224,1152
948 100 48,24,1224,1152
949 100 48,24,1224,1128
950 100 24,24,1224,1128
951 100 24,24,1224,1128
952 100 24,24,1224,1128
953 100 0,24,1224,1104
954 100 0,24,1224,1104
955 100 0,24,1224,1104
956 100 0,24,1224,1104
957 100 24,24,1224,1104
958 100 24,24,1224,1104
959 100 24,24,1224,1128
960 100 24,24,1224,1152
961 100 24,24,1224,1152
962 100 48,24,1224,1176
963 100 48,24,1224,1176
964 100 48,24,1224,1176
965 100 48,24,1224,1200
966 100 48,24,1224,1200
967 100 48,24,1224,1200
968 100 168,24,1224,1200
969 100 168,24,1224,1200
970 100 0,24,1224,1224
971 100 0,24,1224,1224
972 100 0,24,1224,1224
973 100 0,24,1224,1224
974 100 0,24,1224,1224
975 100 0,24,1224,1224
976 100 0,24,1224,1224
977 100 720,48,1224,1224
978 100 720,48,1224,1224
979 100 744,72,1224,1200
980 100 744,72,1224,1200
981 100 744,72,1224,1200
982 100 816,120,1224,1200
983 100 816,120,1224,1200
984 100 816,120,1224,1200
985 100 888,144,1224,1200
986 100 888,144,1224,1200
987 100 912,168,1224,1200
988 100 912,168,1224,1200
989 100 912,168,1224,1200
990 100 960,192,1224,1200
991 100 960,192,1224,1200
992 100 960,192,1224,1200
993 100 984,216,1224,1200
994 100 1008,216,1224,1200
995 100 1008,216,1224,1200
996 100 1032,240,1224,1200
997 100 1032,240,1224,1200
998 100 1032,240,1224,1200
999 100 1056,240,1224,1224
1000 100 1056,240,1224,1224
1001 100 1056,240,1224,1224
1002 100 1104,264,1224,1200
1003 100 1104,264,1224,1200
1004 100 1104,264,1224,1200
1005 100 1128,264,1224,1200
1006 100 1152,264,1224,1200
1007 100 1152,264,1224,1200
1008 100 1152,264,1224,1200
1009 100 1176,264,1224,1200
1010 100 1176,264,1224,1200
1011 100 1200,240,1224,1224
1012 100 1200,240,1224,1224
1013 100 1200,240,1224,1200
1014 100 1200,240,1224,1200
1015 100 1200,192,1224,1224
1016 100 1200,168,1224,1200
1017 100 1200,168,1224,1200
1018 100 1200,168,1224,1200
1019 100 1248,168,1224,1200
1020 100 1248,168,1224,1200
1021 100 1272,168,1224,1200
1022 100 1272,168,1224,1200
1023 100 1320,168,1224,1200
1024 100 1320,168,1224,1200
1025 100 1368,168,1224,1200
1026 100 1392,144,1224,1200
1027 100 1392,144,1224,1200
1028 100 1416,120,1224,1224
1029 100 1440,120,1224,1200
1030 100 1440,120,1224,1200
1031 100 1488,120,1224,1200
1032 100 1488,120,1224,1200
1033 100 1536,120,1224,1224
1034 100 1608,120,1224,1224
1035 100 1608,120,1224,1224
1036 100 1704,144,1224,1224
1037 100 1704,144,1224,1224
1038 100 1824,192,1224,1224
1039 100 1824,192,1224,1224
1040 100 1992,264,1224,1224
1041 100 2160,312,1224,1224
1042 100 2160,312,1224,1224
1043 100 2256,360,1224,1224
1044 100 2256,360,1224,1224
1045 100 2304,384,1224,1224
1046 100 2352,408,1224,1224
1047 100 2352,408,1224,1224
1048 100 2352,408,1224,1224
1049 100 2352,408,1224,1224
1050 100 2352,408,1224,1224
1051 100 2352,408,1224,1224
1052 100 2352,384,1224,1224
1053 100 2352,384,1224,1224
1054 100 2352,384,1224,1200
1055 100 2352,360,1224,1224
1056 100 2352,360,1224,1224
1057 100 2376,360,1224,1200
1058 100 2376,360,1224,1200
1059 100 2400,336,1224,1224
1060 100 2400,336,1224,1224
1061 100 2424,312,1224,1200
1062 100 2472,288,1224,1200
1063 100 2472,288,1224,1200
1064 100 2496,264,1224,1200
1065 100 2496,264,1224,1200
1066 100 2496,240,1224,1224
1067 100 2496,240,1224,1224
1068 100 2472,264,1224,1200
1069 100 2520,288,1224,1200
1070 100 2520,288,1224,1200
1071 100 2568,288,1224,1224
1072 100 2568,288,1224,1224
1073 100 2592,312,1224,1200
1074 100 2616,312,1224,1200
1075 100 2616,312,1224,1200
1076 100 2616,312,1224,1224
1077 100 2616,312,1224,1224
1078 100 2640,312,1224,1224
1079 100 2640,312,1224,1224
1080 100 2616,312,1224,1224
1081 100 2640,312,1224,1224
1082 100 2640,312,1224,1224
1083 100 2640,336,1224,1200
1084 100 2640,336,1224,1200
1085 100 2616,336,1224,1224
1086 100 2616,336,1224,1224
1087 100 2640,360,1224,1200
1088 100 2640,384,1224,1200
1089 100 2640,384,1224,1200
1090 100 2616,408,1224,1200
1091 100 2616,408,1224,1200
1092 100 2616,432,1224,1200
1093 100 2616,432,1224,1200
1094 100 2640,480,1224,1200
1095 100 2640,504,1224,1200
1096 100 2640,504,1224,1200
1097 100 2640,528,1224,1200
1098 100 2640,528,1224,1200
1099 100 2616,528,1224,1200
1100 100 2616,528,1224,1200
1101 100 2616,528,1224,1200
1102 100 2616,528,1224,1200
1103 100 2616,528,1224,1200
1104 100 2616,528,1224,1200
1105 100 2616,528,1224,1200
1106 100 2592,528,1224,1200
1107 100 2592,528,1224,1200
1108 100 2592,528,1224,1200
1109 100 2592,552,1224,1200
1110 100 2592,552,1224,1200
1111 100 2592,552,1224,1200
1112 100 2592,552,1224,1200
1113 100 2592,552,1224,1224
1114 100 2592,552,1224,1224
1115 100 2592,552,1224,1224
1116 100 2544,528,1224,1224
1117 100 2544,528,1224,1224
1118 100 2472,528,1224,1200
1119 100 2400,528,1224,1200
1120 100 2400,528,1224,1200
1121 100 2352,528,1224,1200
1122 100 2352,528,1224,1200
1123 100 2352,528,1224,1200
1124 100 2352,528,1224,1200
1125 100 2352,528,1224,1200
1126 100 2352,528,1224,1200
1127 100 2352,528,1224,1200
1128 100 2328,504,1224,1224
1129 100 2328,504,1224,1224
1130 100 2304,504,1224,1224
1131 100 2304,504,1224,1224
1132 100 2304,504,1224,1224
1133 100 2280,504,1224,1200
1134 100 2280,504,1224,1200
1135 100 2256,456,1224,1224
1136 100 2184,384,1224,1224
1137 100 2184,384,1224,1224
1138 100 2112,336,1224,1224
1139 100 2112,336,1224,1224
1140 100 2064,312,1224,1200
1141 100 2064,312,1224,1200
1142 100 1992,264,1224,1224
1143 100 1968,240,1224,1224
1144 100 1968,240,1224,1224
1145 100 1944,216,1224,1224
1146 100 1944,216,1224,1224
1147 100 1920,216,1224,1200
1148 100 1896,192,1224,1200
1149 100 1896,192,1224,1200
1150 100 1848,144,1224,1224
1151 100 1848,144,1224,1224
1152 100 1800,120,1224,1224
1153 100 1800,120,1224,1224
1154 100 1752,96,1224,1224
1155 100 1728,72,1224,1224
1156 100 1728,72,1224,1224
1157 100 1680,48,1224,1224
1158 100 1680,48,1224,1224
1159 100 0,24,1224,1224
1160 100 0,24,1224,1224
1161 100 0,24,1224,1224
1162 100 1584,48,1224,1200
1163 100 1584,48,1224,1200
1164 100 1488,48,1224,1200
1165 100 1488,48,1224,1200
1166 100 0,24,1224,1200
1167 100 0,24,1224,1200
1168 100 0,24,1224,1200
1169 100 0,24,1224,1200
1170 100 0,24,1224,1200
1171 100 0,24,1224,1200
1172 100 0,24,1224,1200
1173 100 0,24,1224,1200
1174 100 24,24,1224,1200
1175 100 24,24,1224,1200
1176 100 0,24,1224,1176
1177 100 0,24,1224,1176
1178 100 0,24,1224,1176
1179 100 0,24,1224,1176
1180 100 0,24,1224,1176
1181 100 0,24,1224,1128
1182 100 0,24,1224,1128
1183 100 0,24,1224,1104
1184 100 0,24,1224,1104
1185 100 0,24,1224,1104
1186 100 0,24,1224,1104
1187 100 0,24,1224,1104
1188 100 0,24,1224,1104
1189 100 0,24,1224,1080
1190 100 0,24,1224,1080
1191 100 216,24,1224,1080
1192 100 216,24,1224,1080
1193 100 0,24,1224,1080
1194 100 0,24,1224,1080
1195 100 0,24,1224,1080
1196 100 0,24,1224,1080
1197 100 0,24,1224,1080
1198 100 0,24,1224,1104
1199 100 0,24,1224,1104
1200 100 0,24,1224,1128
1201 100 0,24,1224,1128
1202 100 0,24,1224,1176
1203 100 0,24,1224,1224
1204 100 0,24,1224,1224
1205 100 0,24,1224,1248
1206 100 0,24,1224,1248
1207 100 0,24,1224,1224
1208 100 0,24,1224,1224
1209 100 0,24,1224,1224
1210 100 0,24,1224,1224
1211 100 0,24,1224,1224
1212 100 0,24,1224,1224
1213 100 0,24,1224,1224
1214 100 0,24,1224,1224
1215 100 0,24,1224,1224
1216 100 0,24,1224,1224
1217 100 0,24,1224,1224
1218 100 0,24,1224,1224
1219 100 0,24,1224,1176
1220 100 120,24,1224,1128
1221 100 120,24,1224,1128
1222 100 480,24,1224,1080
1223 100 480,24,1224,1080
1224 100 72,24,1224,1080
1225 100 24,24,1224,1104
1226 100 24,24,1224,1104
1227 100 24,24,1224,1104
1228 100 24,24,1224,1104
1229 100 24,24,1224,1128
1230 100 24,24,1224,1128
1231 100 0,24,1224,1128
1232 100 0,24,1224,1128
1233 100 0,24,1224,1128
1234 100 0,24,1224,1128
1235 100 0,24,1224,1128
1236 100 0,24,1224,1128
1237 100 0,24,1224,1128
1238 100 0,24,1224,1128
1239 100 0,24,1224,1128
1240 100 0,24,1224,1128
1241 100 0,24,1224,1128
1242 100 0,24,1224,1128
1243 100 24,24,1224,1128
1244 100 0,24,1224,1128
1245 100 0,24,1224,1128
1246 100 0,24,1224,1128
1247 100 0,24,1224,1128
1248 100 0,24,1224,1128
1249 100 0,24,1224,1152
1250 100 0,24,1224,1152
1251 100 24,24,1224,1176
1252 100 24,24,1224,1176
1253 100 0,24,1224,1224
1254 100 24,48,1224,1224
1255 100 24,48,1224,1224
1256 100 48,96,1224,1200
1257 100 48,96,1224,1200
1258 100 96,120,1224,1224
1259 100 96,120,1224,1224
1260 100 120,144,1224,1224
1261 100 168,192,1224,1200
1262 100 168,192,1224,1200
1263 100 192,216,1224,1200
1264 100 192,216,1224,1200
1265 100 216,240,1224,1200
1266 100 240,264,1224,1200
1267 100 240,264,1224,1200
1268 100 240,288,1224,1200
1269 100 240,288,1224,1200
1270 100 264,312,1224,1200
1271 100 264,312,1224,1200
1272 100 264,312,1224,1224
1273 100 312,336,1224,1200
1274 100 312,336,1224,1200
1275 100 336,336,1224,1200
1276 100 336,336,1224,1200
1277 100 360,336,1224,1224
1278 100 360,360,1224,1200
1279 100 360,360,1224,1200
1280 100 336,360,1224,1200
1281 100 336,360,1224,1200
1282 100 288,360,1224,1200
1283 100 192,360,1224,1224
1284 100 192,360,1224,1224
1285 100 120,408,1224,1200
1286 100 120,408,1224,1200
1287 100 72,432,1224,1200
1288 100 72,432,1224,1200
1289 100 48,456,1224,1200
1290 100 24,480,1224,1200
1291 100 24,480,1224,1200
1292 100 24,504,1224,1200
1293 100 24,504,1224,1200
1294 100 24,504,1224,1224
1295 100 24,504,1224,1224
1296 100 0,528,1224,1200
1297 100 0,528,1224,1200
1298 100 0,528,1224,1200
1299 100 0,528,1224,1200
1300 100 24,528,1224,1200
1301 100 24,528,1224,1200
1302 100 24,528,1224,1200
1303 100 0,528,1224,1224
1304 100 24,552,1224,1200
1305 100 24,552,1224,1200
1306 100 48,528,1224,1224
1307 100 48,528,1224,1224
1308 100 0,528,1224,1224
1309 100 0,528,1224,1224
1310 100 48,528,1224,1224
1311 100 24,528,1224,1224
1312 100 24,528,1224,1224
1313 100 48,528,1224,1200
1314 100 48,528,1224,1200
1315 100 0,528,1224,1200
1316 100 0,504,1224,1224
1317 100 0,504,1224,1224
1318 100 96,504,1224,1224
1319 100 96,504,1224,1224
1320 100 216,504,1224,1200
1321 100 216,504,1224,1200
1322 100 336,504,1224,1200
1323 100 432,504,1224,1200
1324 100 432,504,1224,1200
1325 100 504,480,1224,1200
1326 100 504,480,1224,1200
1327 100 552,480,1224,1200
1328 100 600,480,1224,1200
1329 100 600,480,1224,1200
1330 100 648,456,1224,1200
1331 100 648,456,1224,1200
1332 100 720,456,1224,1200
1333 100 768,456,1224,1200
1334 100 768,456,1224,1200
1335 100 816,456,1224,1200
1336 100 816,456,1224,1200
1337 100 864,432,1224,1224
1338 100 864,432,1224,1224
1339 100 912,432,1224,1200
1340 100 960,432,1224,1200
1341 100 960,432,1224,1200
1342 100 984,432,1224,1200
1343 100 984,432,1224,1200
1344 100 1008,432,1224,1200
1345 100 1032,432,1224,1200
1346 100 1032,432,1224,1200
1347 100 1056,432,1224,1224
1348 100 1056,432,1224,1224
1349 100 1080,432,1224,1224
1350 100 1104,432,1224,1224
1351 100 1104,432,1224,1224
1352 100 1104,456,1224,1200
1353 100 1104,456,1224,1200
1354 100 1128,456,1224,1200
1355 100 1128,456,1224,1200
1356 100 1128,456,1224,1200
1357 100 1128,456,1224,1200
1358 100 1128,456,1224,1200
1359 100 1152,456,1224,1200
1360 100 1152,456,1224,1200
1361 100 1152,456,1224,1200
1362 100 1152,432,1224,1224
1363 100 1152,432,1224,1224
1364 100 1152,432,1224,1224
1365 100 1152,432,1224,1224
1366 100 1152,432,1224,1224
1367 100 1152,432,1224,1224
1368 100 1176,432,1224,1200
1369 100 1176,432,1224,1200
1370 100 1152,432,1224,1200
1371 100 1152,432,1224,1200
1372 100 1152,432,1224,1200
1373 100 1176,432,1224,1200
1374 100 1152,408,1224,1224
1375 100 1152,408,1224,1224
1376 100 1152,408,1224,1200
1377 100 1152,408,1224,1200
1378 100 1152,408,1224,1200
1379 100 1152,408,1224,1200
1380 100 1128,384,1224,1224
1381 100 1128,384,1224,1224
1382 100 1128,384,1224,1224
1383 100 1128,384,1224,1224
1384 100 1128,384,1224,1224
1385 100 1128,384,1224,1200
1386 100 1128,408,1224,1200
1387 100 1128,408,1224,1200
1388 100 1128,408,1224,1200
1389 100 1128,408,1224,1200
1390 100 1152,408,1224,1224
1391 100 1152,432,1224,1200
1392 100 1152,432,1224,1200
1393 100 1152,408,1224,1200
1394 100 1152,408,1224,1200
1395 100 1152,408,1224,1200
1396 100 1152,408,1224,1200
1397 100 1152,408,1224,1200
1398 100 1152,408,1224,1224
1399 100 1152,408,1224,1224
1400 100 1176,432,1224,1200
1401 100 1176,432,1224,1200
1402 100 1176,432,1224,1224
1403 100 1176,456,1224,1200
1404 100 1176,456,1224,1200
1405 100 1200,504,1224,1200
1406 100 1200,504,1224,1200
1407 100 1176,576,1224,1200
1408 100 1176,576,1224,1200
1409 100 1104,696,1224,1200
1410 100 1032,792,1224,1200
1411 100 1032,792,1224,1200
1412 100 936,864,1224,1200
1413 100 936,864,1224,1200
1414 100 888,912,1224,1200
1415 100 864,936,1224,1200
1416 100 864,936,1224,1200
1417 100 840,960,1224,1200
1418 100 840,960,1224,1200
1419 100 816,984,1224,1176
1420 100 816,984,1224,1176
1421 100 168,1008,1224,1152
1422 100 0,1032,1224,1128
1423 100 0,1032,1224,1128
1424 100 0,1032,1224,1128
1425 100 0,1032,1224,1128
1426 100 0,1056,1224,1104
1427 100 0,1080,1224,1080
1428 100 0,1080,1224,1080
1429 100 0,1080,1224,1080
1430 100 0,1080,1224,1080
1431 100 0,1080,1224,1080
1432 100 0,1104,1224,1056
1433 100 0,1104,1224,1056
1434 100 0,1128,1224,1032
1435 100 0,1128,1224,1032
1436 100 0,1128,1224,1032
1437 100 0,1128,1224,1032
1438 100 0,1128,1224,1032
1439 100 0,1128,1224,1032
1440 100 0,1128,1224,1032
1441 100 0,1128,1224,1032
1442 100 0,1128,1224,1032
1443 100 0,1128,1224,1032
1444 100 0,1152,1224,1008
1445 100 0,1152,1224,1008
1446 100 0,1128,1224,1032
1447 100 0,1128,1224,1032
1448 100 0,1104,1224,1056
1449 100 0,1104,1224,1056
1450 100 0,1080,1224,1080
1451 100 0,1080,1224,1080
1452 100 0,1080,1224,1080
1453 100 0,1080,1224,1080
1454 100 0,1080,1224,1080
1455 100 0,1080,1224,1080
1456 100 0,1080,1224,1080
1457 100 0,1080,1224,1080
1458 100 0,1056,1224,1104
1459 100 0,1056,1224,1104
1460 100 0,1032,1224,1128
1461 100 0,1032,1224,1128
1462 100 0,1056,1224,1104
1463 100 0,1032,1224,1128
1464 100 0,1032,1224,1128
1465 100 0,1032,1224,1128
1466 100 600,1008,1224,1152
1467 100 600,1008,1224,1152
1468 100 1536,984,1224,1176
1469 100 1536,984,1224,1176
1470 100 1608,936,1224,1224
1471 100 1608,936,1224,1224
1472 100 1728,888,1224,1224
1473 100 1728,888,1224,1224
1474 100 1848,840,1224,1248
1475 100 1920,816,1224,1248
1476 100 1968,816,1224,1224
1477 100 1968,816,1224,1224
1478 100 2016,792,1224,1224
1479 100 2016,792,1224,1224
1480 100 2064,768,1224,1224
1481 100 2064,768,1224,1224
1482 100 2112,744,1224,1224
1483 100 2112,744,1224,1224
1484 100 2160,720,1224,1224
1485 100 2160,720,1224,1224
1486 100 2184,696,1224,1224
1487 100 2232,672,1224,1224
1488 100 2280,672,1224,1200
1489 100 2280,672,1224,1200
1490 100 2304,648,1224,1224
1491 100 2304,648,1224,1224
1492 100 2328,624,1224,1224
1493 100 2328,624,1224,1224
1494 100 2352,624,1224,1224
1495 100 2352,624,1224,1224
1496 100 2376,600,1224,1224
1497 100 2400,600,1224,1200
1498 100 2400,600,1224,1200
1499 100 2424,576,1224,1224
1500 100 2448,576,1224,1200
1501 100 2448,576,1224,1200
1502 100 2448,552,1224,1224
1503 100 2448,552,1224,1224
1504 100 2472,552,1224,1200
1505 100 2472,552,1224,1200
1506 100 2472,528,1224,1224
1507 100 2472,528,1224,1224
1508 100 2472,528,1224,1200
1509 100 2472,528,1224,1200
1510 100 2472,528,1224,1200
1511 100 2472,504,1224,1224
1512 100 2472,504,1224,1224
1513 100 2472,504,1224,1224
1514 100 2472,504,1224,1224
1515 100 2472,504,1224,1224
1516 100 2472,528,1224,1200
1517 100 2472,528,1224,1200
1518 100 2424,528,1224,1200
1519 100 2424,528,1224,1200
1520 100 2400,528,1224,1200
1521 100 2376,528,1224,1200
1522 100 2376,528,1224,1200
1523 100 2352,528,1224,1200
1524 100 2328,528,1224,1200
1525 100 2328,528,1224,1200
1526 100 2280,528,1224,1200
1527 100 2280,528,1224,1200
1528 100 2232,528,1224,1224
1529 100 2232,528,1224,1224
1530 100 2136,552,1224,1200
1531 100 2136,552,1224,1200
1532 100 2064,552,1224,1200
1533 100 2016,552,1224,1200
1534 100 2016,552,1224,1200
1535 100 1968,552,1224,1200
1536 100 1920,552,1224,1224
1537 100 1920,552,1224,1224
1538 100 1872,552,1224,1224
1539 100 1872,552,1224,1224
1540 100 1848,576,1224,1200
1541 100 1848,576,1224,1200
1542 100 1824,552,1224,1224
1543 100 1824,552,1224,1224
1544 100 1800,552,1224,1200
1545 100 1800,552,1224,1200
1546 100 1800,528,1224,1200
1547 100 1824,456,1224,1200
1548 100 1800,336,1224,1200
1549 100 1800,336,1224,1200
1550 100 1800,264,1224,1224
1551 100 1800,264,1224,1224
1552 100 1800,216,1224,1200
1553 100 1800,216,1224,1200
1554 100 1776,168,1224,1224
1555 100 1776,168,1224,1224
1556 100 1776,168,1224,1200
1557 100 1776,168,1224,1200
1558 100 1752,144,1224,1200
1559 100 1752,120,1224,1200
1560 100 1752,120,1224,1200
1561 100 1728,120,1224,1200
1562 100 1728,96,1224,1224
1563 100 1728,96,1224,1224
1564 100 1704,96,1224,1200
1565 100 1704,96,1224,1200
1566 100 1680,72,1224,1200
1567 100 1680,72,1224,1200
1568 100 1632,48,1224,1200
1569 100 1632,48,1224,1200
1570 100 1608,48,1224,1200
1571 100 1608,48,1224,1200
1572 100 1608,48,1224,1200
1573 100 0,24,1224,1224
1574 100 936,24,1224,1200
1575 100 936,24,1224,1200
1576 100 1272,24,1224,1176
1577 100 1272,24,1224,1176
1578 100 1344,24,1224,1176
1579 100 1344,24,1224,1176
1580 100 1392,24,1224,1176
1581 100 1392,24,1224,1176
1582 100 1392,24,1224,1152
1583 100 1392,24,1224,1152
1584 100 1392,24,1224,1152
1585 100 1392,24,1224,1128
1586 100 1416,24,1224,1128
1587 100 1416,24,1224,1128
1588 100 1392,24,1224,1128
1589 100 1392,24,1224,1128
1590 100 1392,24,1224,1128
1591 100 1392,24,1224,1128
1592 100 1416,24,1224,1128
1593 100 1416,24,1224,1128
1594 100 1392,24,1224,1128
1595 100 1392,24,1224,1128
1596 100 1320,24,1224,1128
1597 100 1320,24,1224,1152
1598 100 1320,24,1224,1152
1599 100 0,24,1224,1224
1600 100 1632,120,1224,1224
1601 100 1632,120,1224,1224
1602 100 1728,240,1224,1224
1603 100 1728,240,1224,1224
1604 100 1776,336,1224,1200
1605 100 1776,336,1224,1200
1606 100 1800,384,1224,1200
1607 100 1800,384,1224,1200
1608 100 1800,432,1224,1200
1609 100 1776,456,1224,1200
1610 100 1776,456,1224,1200
1611 100 1776,480,1224,1200
1612 100 1752,504,1224,1200
1613 100 1752,504,1224,1200
1614 100 1728,504,1224,1200
1615 100 1728,504,1224,1200
1616 100 1680,504,1224,1200
1617 100 1680,504,1224,1200
1618 100 1656,504,1224,1200
1619 100 1656,504,1224,1200
1620 100 1632,528,1224,1200
1621 100 1584,552,1224,1200
1622 100 1584,552,1224,1200
1623 100 1560,552,1224,1224
1624 100 1560,576,1224,1200
1625 100 1560,576,1224,1200
1626 100 1536,600,1224,1200
1627 100 1536,600,1224,1200
1628 100 1560,624,1224,1200
1629 100 1560,624,1224,1200
1630 100 1560,648,1224,1200
1631 100 1560,648,1224,1200
1632 100 1584,648,1224,1200
1633 100 1608,648,1224,1224
1634 100 1608,648,1224,1224
1635 100 1656,672,1224,1200
1636 100 1680,672,1224,1224
1637 100 1680,672,1224,1224
1638 100 1680,720,1224,1200
1639 100 1680,720,1224,1200
1640 100 1680,744,1224,1200
1641 100 1680,744,1224,1200
1642 100 1704,720,1224,1224
1643 100 1704,720,1224,1224
1644 100 1704,744,1224,1200
1645 100 1704,768,1224,1200
1646 100 1728,792,1224,1200
1647 100 1728,792,1224,1200
1648 100 1776,792,1224,1200
1649 100 1776,792,1224,1200
1650 100 1824,768,1224,1224
1651 100 1824,768,1224,1224
1652 100 1872,768,1224,1200
1653 100 1872,768,1224,1200
1654 100 1944,744,1224,1200
1655 100 1944,744,1224,1200
1656 100 1992,720,1224,1224
1657 100 2040,720,1224,1200
1658 100 2040,696,1224,1200
1659 100 2040,696,1224,1200
1660 100 2064,648,1224,1224
1661 100 2064,648,1224,1224
1662 100 2064,624,1224,1200
1663 100 2064,624,1224,1200
1664 100 2040,576,1224,1200
1665 100 2040,576,1224,1200
1666 100 2016,576,1224,1200
1667 100 2016,552,1224,1200
1668 100 2016,552,1224,1200
1669 100 1992,528,1224,1200
1670 100 1944,504,1224,1200
1671 100 1944,504,1224,1200
1672 100 1920,480,1224,1200
1673 100 1920,480,1224,1200
1674 100 1848,408,1224,1224
1675 100 1848,408,1224,1224
1676 100 1728,336,1224,1224
1677 100 1728,336,1224,1224
1678 100 1632,288,1224,1224
1679 100 1536,264,1224,1200
1680 100 1536,264,1224,1200
1681 100 1440,216,1224,1224
1682 100 1320,192,1224,1224
1683 100 1320,192,1224,1224
1684 100 1224,168,1224,1224
1685 100 1224,168,1224,1224
1686 100 1128,168,1224,1200
1687 100 1128,168,1224,1200
1688 100 1056,168,1224,1200
1689 100 1056,168,1224,1200
1690 100 960,144,1224,1200
1691 100 960,144,1224,1200
1692 100 888,144,1224,1200
1693 100 792,144,1224,1200
1694 100 792,144,1224,1200
1695 100 720,120,1224,1224
1696 100 720,120,1224,1224
1697 100 672,96,1224,1224
1698 100 672,96,1224,1224
1699 100 624,96,1224,1224
1700 100 576,120,1224,1200
1701 100 576,144,1224,1200
1702 100 576,144,1224,1200
1703 100 576,144,1224,1200
1704 100 576,144,1224,1224
1705 100 576,168,1224,1200
1706 100 576,168,1224,1200
1707 100 576,168,1224,1224
1708 100 552,192,1224,1200
1709 100 552,192,1224,1200
1710 100 528,192,1224,1200
1711 100 528,192,1224,1200
1712 100 528,216,1224,1200
1713 100 528,216,1224,1200
1714 100 528,240,1224,1224
1715 100 576,312,1224,1200
1716 100 576,312,1224,1200
1717 100 576,312,1224,1224
1718 100 552,312,1224,1224
1719 100 552,312,1224,1224
1720 100 552,312,1224,1224
1721 100 552,312,1224,1224
1722 100 552,336,1224,1200
1723 100 552,336,1224,1200
1724 100 552,336,1224,1224
1725 100 552,336,1224,1224
1726 100 528,360,1224,1224
1727 100 528,360,1224,1224
1728 100 504,384,1224,1200
1729 100 504,384,1224,1200
1730 100 480,384,1224,1200
1731 100 480,384,1224,1200
1732 100 480,384,1224,1224
1733 100 480,384,1224,1224
1734 100 456,408,1224,1200
1735 100 456,408,1224,1200
1736 100 432,408,1224,1200
1737 100 432,408,1224,1200
1738 100 408,408,1224,1200
1739 100 408,408,1224,1200
1740 100 384,408,1224,1200
1741 100 384,408,1224,1200
1742 100 384,408,1224,1200
1743 100 384,408,1224,1200
1744 100 360,408,1224,1200
1745 100 360,408,1224,1200
1746 100 336,408,1224,1200
1747 100 312,408,1224,1200
1748 100 312,408,1224,1200
1749 100 264,384,1224,1224
1750 100 216,384,1224,1200
1751 100 216,384,1224,1200
1752 100 192,360,1224,1224
1753 100 192,360,1224,1224
1754 100 192,360,1224,1224
1755 100 120,360,1224,1200
1756 100 120,360,1224,1200
1757 100 120,360,1224,1200
1758 100 120,360,1224,1200
1759 100 120,360,1224,1200
1760 100 120,360,1224,1200
1761 100 120,360,1224,1200
1762 100 96,360,1224,1200
1763 100 96,360,1224,1200
1764 100 96,336,1224,1224
1765 100 96,336,1224,1224
1766 100 96,336,1224,1224
1767 100 24,312,1224,1200
1768 100 24,312,1224,1200
1769 100 24,312,1224,1200
1770 100 0,312,1224,1224
1771 100 0,312,1224,1224
1772 100 0,312,1224,1224
1773 100 0,312,1224,1200
1774 100 0,312,1224,1200
1775 100 0,312,1224,1200
1776 100 0,288,1224,1224
1777 100 0,288,1224,1224
1778 100 0,288,1224,1224
1779 100 0,312,1224,1200
1780 100 0,312,1224,1200
1781 100 0,312,1224,1200
1782 100 0,312,1224,1200
1783 100 0,312,1224,1200
1784 100 0,312,1224,1200
1785 100 0,288,1224,1224
1786 100 0,288,1224,1224
1787 100 0,288,1224,1224
1788 100 48,288,1224,1200
1789 100 48,288,1224,1200
1790 100 48,288,1224,1200
1791 100 0,288,1224,1200
1792 100 72,288,1224,1200
1793 100 72,288,1224,1200
1794 100 72,288,1224,1200
1795 100 72,288,1224,1200
1796 100 72,288,1224,1200
1797 100 24,288,1224,1200
1798 100 3384,264,1224,1200
1799 100 3384,264,1224,1200
1800 100 3456,264,1224,1200
1801 100 3456,264,1224,1200
1802 100 3384,240,1224,1200
1803 100 3384,240,1224,1200
1804 100 3432,240,1224,1200
1805 100 3480,240,1224,1200
1806 100 3480,240,1224,1200
1807 100 3552,216,1224,1224
1808 100 3552,216,1224,1224
1809 100 0,216,1224,1224
1810 100 3384,216,1224,1200
1811 100 3384,216,1224,1200
1812 100 3432,216,1224,1200
1813 100 3432,216,1224,1200
1814 100 3552,192,1224,1224
1815 100 3552,192,1224,1224
1816 100 3336,216,1224,1200
1817 100 0,240,1224,1224
1818 100 0,240,1224,1224
1819 100 3504,264,1224,1200
1820 100 3504,264,1224,1200
1821 100 3504,264,1224,1200
1822 100 96,264,1224,1224
1823 100 96,264,1224,1224
1824 100 72,288,1224,1200
1825 100 72,288,1224,1200
1826 100 24,312,1224,1224
1827 100 24,312,1224,1224
1828 100 0,336,1224,1200
1829 100 24,336,1224,1200
1830 100 24,336,1224,1200
1831 100 0,336,1224,1224
1832 100 0,336,1224,1224
1833 100 0,360,1224,1200
1834 100 0,360,1224,1200
1835 100 0,360,1224,1200
1836 100 48,360,1224,1200
1837 100 48,360,1224,1200
1838 100 120,360,1224,1224
1839 100 120,360,1224,1224
1840 100 144,360,1224,1224
1841 100 240,360,1224,1224
1842 100 240,360,1224,1224
1843 100 288,360,1224,1224
1844 100 288,360,1224,1224
1845 100 360,360,1224,1224
1846 100 408,384,1224,1200
1847 100 408,384,1224,1200
1848 100 456,384,1224,1200
1849 100 456,384,1224,1200
1850 100 504,360,1224,1224
1851 100 504,360,1224,1224
1852 100 528,384,1224,1200
1853 100 552,360,1224,1200
1854 100 552,360,1224,1200
1855 100 552,360,1224,1200
1856 100 552,360,1224,1200
1857 100 576,360,1224,1200
1858 100 576,336,1224,1200
1859 100 576,336,1224,1200
1860 100 600,312,1224,1200
1861 100 600,312,1224,1200
1862 100 624,312,1224,1200
1863 100 624,312,1224,1200
1864 100 624,288,1224,1200
1865 100 624,264,1224,1200
1866 100 624,264,1224,1200
1867 100 600,240,1224,1200
1868 100 600,240,1224,1200
1869 100 600,216,1224,1200
1870 100 576,168,1224,1224
1871 100 576,168,1224,1224
1872 100 576,144,1224,1224
1873 100 576,144,1224,1224
1874 100 552,120,1224,1224
1875 100 552,120,1224,1200
1876 100 552,120,1224,1200
1877 100 576,120,1224,1200
1878 100 576,120,1224,1200
1879 100 576,120,1224,1200
1880 100 576,120,1224,1200
1881 100 576,120,1224,1224
1882 100 576,120,1224,1224
1883 100 576,120,1224,1224
1884 100 600,120,1224,1224
1885 100 600,120,1224,1224
1886 100 600,120,1224,1224
1887 100 600,120,1224,1224
1888 100 600,120,1224,1224
1889 100 600,120,1224,1200
1890 100 600,120,1224,1200
1891 100 600,120,1224,1200
1892 100 600,120,1224,1200
1893 100 600,96,1224,1224
1894 100 624,96,1224,1224
1895 100 624,96,1224,1224
1896 100 624,96,1224,1224
1897 100 624,96,1224,1224
1898 100 624,96,1224,1224
1899 100 624,96,1224,1200
1900 100 624,96,1224,1200
1901 100 600,72,1224,1224
1902 100 600,72,1224,1224
1903 100 600,72,1224,1200
1904 100 600,72,1224,1200
1905 100 600,72,1224,1200
1906 100 600,72,1224,1200
1907 100 600,72,1224,1200
1908 100 624,48,1224,1224
1909 100 624,48,1224,1224
1910 100 624,48,1224,1200
1911 100 624,48,1224,1200
1912 100 624,48,1224,1200
1913 100 648,48,1224,1200
1914 100 648,48,1224,1200
1915 100 0,24,1224,1224
1916 100 0,24,1224,1224
1917 100 0,24,1224,1200
1918 100 696,48,1224,1200
1919 100 696,48,1224,1200
1920 100 720,48,1224,1224
1921 100 720,48,1224,1224
1922 100 768,72,1224,1224
1923 100 768,72,1224,1224
1924 100 792,96,1224,1200
1925 100 816,72,1224,1224
1926 100 816,72,1224,1224
1927 100 840,72,1224,1224
1928 100 840,72,1224,1224
1929 100 864,72,1224,1200
1930 100 888,48,1224,1224
1931 100 888,48,1224,1224
1932 100 888,48,1224,1200
1933 100 888,48,1224,1200
1934 100 888,48,1224,1200
1935 100 888,48,1224,1200
1936 100 888,48,1224,1200
1937 100 936,48,1224,1200
1938 100 936,48,1224,1200
1939 100 0,24,1224,1224
1940 100 0,24,1224,1224
1941 100 0,24,1224,1200
1942 100 0,24,1224,1200
1943 100 0,24,1224,1200
1944 100 0,24,1224,1176
1945 100 0,24,1224,1176
1946 100 0,24,1224,1176
1947 100 0,24,1224,1176
1948 100 0,24,1224,1176
1949 100 0,24,1224,1152
1950 100 0,24,1224,1152
1951 100 0,24,1224,1152
1952 100 0,24,1224,1152
1953 100 432,24,1224,1128
1954 100 120,24,1224,1128
1955 100 120,24,1224,1128
1956 100 0,24,1224,1128
1957 100 0,24,1224,1128
1958 100 24,24,1224,1128
1959 100 24,24,1224,1128
1960 100 24,24,1224,1128
1961 100 744,24,1224,1128
1962 100 744,24,1224,1128
1963 100 672,24,1224,1128
1964 100 672,24,1224,1128
1965 100 552,24,1224,1104
1966 100 696,24,1224,1104
1967 100 696,24,1224,1104
1968 100 864,24,1224,1104
1969 100 864,24,1224,1104
1970 100 864,24,1224,1080
1971 100 864,24,1224,1080
1972 100 792,24,1224,1056
1973 100 840,24,1224,1056
1974 100 840,24,1224,1056
1975 100 864,24,1224,1032
1976 100 864,24,1224,1032
1977 100 984,24,1224,1032
1978 100 984,24,1224,1032
1979 100 1008,24,1224,1032
1980 100 984,24,1224,1032
1981 100 984,24,1224,1032
1982 100 1080,24,1224,1032
1983 100 1080,24,1224,1032
1984 100 1152,24,1224,1032
1985 100 1152,24,1224,1032
1986 100 1152,24,1224,1032
1987 100 1176,24,1224,1032
1988 100 1176,24,1224,1032
1989 100 1200,24,1224,1032
1990 100 1200,24,1224,1032
1991 100 1224,24,1224,1056
1992 100 1200,24,1224,1056
1993 100 1200,24,1224,1056
1994 100 1200,24,1224,1056
1995 100 1200,24,1224,1056
1996 100 1272,24,1224,1080
1997 100 1272,24,1224,1080
1998 100 1272,24,1224,1104
1999 100 1320,24,1224,1128
2000 100 1320,24,1224,1128
2001 100 1392,24,1224,1152
2002 100 1392,24,1224,1152
2003 100 1392,24,1224,1200
2004 100 1440,24,1224,1224
2005 100 1440,24,1224,1224
2006 100 1488,24,1224,1248
2007 100 1488,24,1224,1248
2008 100 0,24,1224,1248
2009 100 0,24,1224,1248
2010 100 1848,48,1224,1248
2011 100 1896,72,1224,1248
2012 100 1896,72,1224,1248
2013 100 1944,96,1224,1248
2014 100 1944,96,1224,1248
2015 100 2040,144,1224,1224
2016 100 2088,168,1224,1224
2017 100 2088,168,1224,1224
2018 100 2184,216,1224,1224
2019 100 2184,216,1224,1224
2020 100 2232,240,1224,1224
2021 100 2256,264,1224,1224
2022 100 2256,264,1224,1224
2023 100 2280,264,1224,1224
2024 100 2280,264,1224,1224
2025 100 2304,240,1224,1248
2026 100 2304,240,1224,1248
2027 100 2328,240,1224,1224
2028 100 2352,264,1224,1224
2029 100 2352,264,1224,1224
2030 100 2400,288,1224,1224
2031 100 2400,288,1224,1224
2032 100 2472,288,1224,1224
2033 100 2496,288,1224,1248
2034 100 2496,288,1224,1248
2035 100 2520,336,1224,1224
2036 100 2520,336,1224,1224
2037 100 2592,408,1224,1224
2038 100 2592,408,1224,1224
2039 100 2592,456,1224,1224
2040 100 2616,456,1224,1224
2041 100 2616,456,1224,1224
2042 100 2616,480,1224,1224
2043 100 2616,480,1224,1224
2044 100 2616,504,1224,1224
2045 100 2616,504,1224,1224
2046 100 2616,504,1224,1224
2047 100 2616,504,1224,1224
2048 100 2616,504,1224,1224
2049 100 2592,504,1224,1224
2050 100 2592,504,1224,1224
2051 100 2592,480,1224,1224
2052 100 2568,408,1224,1224
2053 100 2568,408,1224,1224
2054 100 2424,288,1224,1248
2055 100 2424,288,1224,1248
2056 100 2304,216,1224,1248
2057 100 2184,168,1224,1248
2058 100 2184,168,1224,1248
2059 100 2088,120,1224,1248
2060 100 2088,120,1224,1248
2061 100 1992,72,1224,1272
2062 100 1992,72,1224,1272
2063 100 1968,48,1224,1272
2064 100 1872,24,1224,1272
2065 100 1872,24,1224,1272
2066 100 2040,24,1224,1224
2067 100 2040,24,1224,1224
2068 100 1992,24,1224,1200
2069 100 1968,24,1224,1200
2070 100 1968,24,1224,1200
2071 100 1968,24,1224,1200
2072 100 1968,24,1224,1200
2073 100 1656,24,1224,1176
2074 100 1464,24,1224,1152
2075 100 1464,24,1224,1152
2076 100 1224,24,1224,1176
2077 100 1224,24,1224,1176
2078 100 336,24,1224,1200
2079 100 336,24,1224,1200
2080 100 1464,48,1224,1224
2081 100 1416,72,1224,1224
2082 100 1416,72,1224,1224
2083 100 1368,96,1224,1248
2084 100 1368,96,1224,1248
2085 100 1296,120,1224,1224
2086 100 1296,120,1224,1224
2087 100 1248,120,1224,1248
2088 100 1248,120,1224,1248
2089 100 1200,144,1224,1224
2090 100 1152,168,1224,1224
2091 100 1152,168,1224,1224
2092 100 1128,168,1224,1248
2093 100 1128,168,1224,1248
2094 100 1080,192,1224,1224
2095 100 1056,192,1224,1224
2096 100 1056,192,1224,1224
2097 100 1032,192,1224,1224
2098 100 1032,192,1224,1224
