0 100 384,504,1224,1224
1 100 696,432,1224,1200
2 100 696,432,1224,1200
3 100 696,432,1224,1200
4 100 696,432,1224,1200
5 100 696,432,1224,1200
6 100 696,432,1224,1200
7 100 696,432,1224,1200
8 100 696,432,1224,1200
9 100 696,408,1224,1224
10 100 696,408,1224,1224
11 100 696,408,1224,1224
12 100 696,408,1224,1200
13 100 696,408,1224,1200
14 100 696,408,1224,1200
15 100 696,408,1224,1200
16 100 696,408,1224,1200
17 100 696,384,1224,1224
18 100 696,384,1224,1224
19 100 720,384,1224,1200
20 100 744,384,1224,1200
21 100 744,384,1224,1200
22 100 720,384,1224,1200
23 100 720,384,1224,1200
24 100 744,384,1224,1200
25 100 744,384,1224,1200
26 100 744,384,1224,1200
27 100 744,384,1224,1200
28 100 744,384,1224,1200
29 100 744,384,1224,1224
30 100 744,384,1224,1224
31 100 768,384,1224,1224
32 100 744,384,1224,1224
33 100 744,384,1224,1224
34 100 768,384,1224,1224
35 100 768,384,1224,1224
36 100 768,408,1224,1200
37 100 792,408,1224,1200
38 100 792,408,1224,1200
39 100 792,408,1224,1200
40 100 792,408,1224,1200
41 100 792,408,1224,1200
42 100 816,408,1224,1200
43 100 816,408,1224,1200
44 100 840,408,1224,1200
45 100 840,408,1224,1200
46 100 864,408,1224,1224
47 100 864,408,1224,1224
48 100 888,432,1224,1200
49 100 912,432,1224,1200
50 100 912,432,1224,1200
51 100 936,408,1224,1224
52 100 936,408,1224,1224
53 100 960,408,1224,1224
54 100 960,408,1224,1224
55 100 984,432,1224,1200
56 100 1008,432,1224,1200
57 100 1008,432,1224,1200
58 100 1032,432,1224,1200
59 100 1032,432,1224,1200
60 100 1056,432,1224,1200
61 100 1056,432,1224,1200
62 100 1056,432,1224,1200
63 100 1056,432,1224,1200
64 100 1056,432,1224,1200
65 100 1056,432,1224,1200
66 100 1080,432,1224,1200
67 100 1080,432,1224,1200
68 100 1080,456,1224,1200
69 100 1080,456,1224,1200
70 100 1080,456,1224,1200
71 100 1080,456,1224,1200
72 100 1080,456,1224,1200
73 100 1104,432,1224,1224
74 100 1104,432,1224,1224
75 100 1104,432,1224,1224
76 100 1104,432,1224,1224
77 100 1104,456,1224,1200
78 100 1128,456,1224,1224
79 100 1128,456,1224,1224
80 100 1152,480,1224,1200
81 100 1152,480,1224,1200
82 100 1152,456,1224,1224
83 100 1152,456,1224,1224
84 100 1152,456,1224,1224
85 100 1176,456,1224,1224
86 100 1176,456,1224,1224
87 100 1176,456,1224,1224
88 100 1176,456,1224,1224
89 100 1176,456,1224,1224
90 100 1176,456,1224,1224
91 100 1176,456,1224,1224
92 100 1200,456,1224,1224
93 100 1200,456,1224,1224
94 100 1200,456,1224,1224
95 100 1200,456,1224,1224
96 100 1200,456,1224,1224
97 100 1200,480,1224,1200
98 100 1200,480,1224,1200
99 100 1200,480,1224,1200
100 100 1200,480,1224,1200
101 100 1200,480,1224,1200
102 100 1200,480,1224,1200
103 100 1200,480,1224,1200
104 100 1200,480,1224,1200
105 100 1200,480,1224,1200
106 100 1200,480,1224,1200
107 100 1200,480,1224,1200
108 100 1200,480,1224,1200
109 100 1224,480,1224,1200
110 100 1224,480,1224,1200
111 100 1224,480,1224,1200
112 100 1224,480,1224,1200
113 100 1224,480,1224,1200
114 100 1248,480,1224,1200
115 100 1248,480,1224,1200
116 100 1248,480,1224,1200
117 100 1248,480,1224,1200
118 100 1248,480,1224,1200
119 100 1272,480,1224,1200
120 100 1272,480,1224,1200
121 100 1272,480,1224,1200
122 100 1272,480,1224,1200
123 100 1272,480,1224,1200
124 100 1296,480,1224,1200
125 100 1296,480,1224,1200
126 100 1296,480,1224,1200
127 100 1296,456,1224,1224
128 100 1296,456,1224,1224
129 100 1296,456,1224,1200
130 100 1296,456,1224,1200
131 100 1296,456,1224,1200
132 100 1296,456,1224,1200
133 100 1296,456,1224,1200
134 100 1296,456,1224,1200
135 100 1296,456,1224,1200
136 100 1296,456,1224,1224
137 100 1296,456,1224,1224
138 100 1296,456,1224,1224
139 100 1296,480,1224,1200
140 100 1296,480,1224,1200
141 100 1296,480,1224,1200
142 100 1296,456,1224,1224
143 100 1296,456,1224,1224
144 100 1296,456,1224,1224
145 100 1296,456,1224,1224
146 100 1296,456,1224,1224
147 100 1296,456,1224,1224
148 100 1296,456,1224,1224
149 100 1296,456,1224,1200
150 100 1296,456,1224,1224
151 100 1296,456,1224,1224
152 100 1296,456,1224,1200
153 100 1296,456,1224,1200
154 100 1296,456,1224,1200
155 100 1296,456,1224,1200
156 100 1296,456,1224,1200
157 100 1296,456,1224,1200
158 100 1296,456,1224,1200
159 100 1296,456,1224,1200
160 100 1296,456,1224,1200
161 100 1296,456,1224,1200
162 100 1296,456,1224,1200
163 100 1296,456,1224,1200
164 100 1296,456,1224,1200
165 100 1296,456,1224,1200
166 100 1296,456,1224,1200
167 100 1296,456,1224,1200
168 100 1296,456,1224,1200
169 100 1296,456,1224,1200
170 100 1296,456,1224,1200
171 100 1296,456,1224,1200
172 100 1296,456,1224,1200
173 100 1296,456,1224,1200
174 100 1296,456,1224,1200
175 100 1296,456,1224,1200
176 100 1296,456,1224,1200
177 100 1296,456,1224,1200
178 100 1296,456,1224,1200
179 100 1296,456,1224,1200
180 100 1296,456,1224,1200
181 100 1296,456,1224,1200
182 100 1296,456,1224,1200
183 100 1296,456,1224,1200
184 100 1296,456,1224,1200
185 100 1296,456,1224,1200
186 100 1296,456,1224,1200
187 100 1296,456,1224,1200
188 100 1296,456,1224,1200
189 100 1296,456,1224,1200
190 100 1296,456,1224,1200
191 100 1296,456,1224,1200
192 100 1296,456,1224,1200
193 100 1296,456,1224,1200
194 100 1296,456,1224,1200
195 100 1296,456,1224,1200
196 100 1296,456,1224,1200
197 100 1296,456,1224,1200
198 100 1296,456,1224,1200
199 100 1296,456,1224,1200
200 100 1296,456,1224,1200
201 100 1296,456,1224,1200
202 100 1296,456,1224,1200
203 100 1296,456,1224,1200
204 100 1296,456,1224,1200
205 100 1296,456,1224,1200
206 100 1296,456,1224,1200
207 100 1296,456,1224,1200
208 100 1296,456,1224,1200
209 100 1296,456,1224,1200
210 100 1296,456,1224,1200
211 100 1296,456,1224,1200
212 100 1296,456,1224,1200
213 100 1296,456,1224,1200
214 100 1296,456,1224,1200
215 100 1296,456,1224,1200
216 100 1296,456,1224,1200
217 100 1296,456,1224,1200
218 100 1296,456,1224,1200
219 100 1296,456,1224,1200
220 100 1296,456,1224,1200
221 100 1296,456,1224,1200
222 100 1296,456,1224,1200
223 100 1296,456,1224,1200
224 100 1296,456,1224,1200
225 100 1296,456,1224,1200
226 100 1296,456,1224,1200
227 100 1296,456,1224,1200
228 100 1296,456,1224,1200
229 100 1296,456,1224,1200
230 100 1296,456,1224,1200
231 100 1296,456,1224,1200
232 100 1296,456,1224,1200
233 100 1296,456,1224,1200
234 100 1296,456,1224,1200
235 100 1296,456,1224,1200
236 100 1296,456,1224,1200
237 100 1296,456,1224,1224
238 100 1296,456,1224,1224
239 100 1296,456,1224,1224
240 100 1296,456,1224,1224
241 100 1296,456,1224,1224
242 100 1296,456,1224,1224
243 100 1296,456,1224,1224
244 100 1296,456,1224,1224
245 100 1320,480,1224,1200
246 100 1320,480,1224,1200
247 100 1296,480,1224,1200
248 100 1296,480,1224,1200
249 100 1296,480,1224,1224
250 100 1296,480,1224,1224
251 100 1296,504,1224,1200
252 100 1272,504,1224,1224
253 100 1248,528,1224,1200
254 100 1248,528,1224,1200
255 100 1224,552,1224,1200
256 100 1224,552,1224,1200
257 100 1200,552,1224,1224
258 100 1200,552,1224,1224
259 100 1176,576,1224,1224
260 100 1176,576,1224,1224
261 100 1152,600,1224,1224
262 100 1128,624,1224,1200
263 100 1128,624,1224,1200
264 100 1104,624,1224,1200
265 100 1104,624,1224,1200
266 100 1104,624,1224,1224
267 100 1104,624,1224,1224
268 100 1080,648,1224,1200
269 100 1080,648,1224,1200
270 100 1080,648,1224,1200
271 100 1080,648,1224,1200
272 100 1080,648,1224,1200
273 100 1056,648,1224,1200
274 100 1056,648,1224,1200
275 100 1056,648,1224,1200
276 100 1032,648,1224,1224
277 100 1056,648,1224,1200
278 100 1056,648,1224,1200
279 100 1056,648,1224,1200
280 100 1032,672,1224,1200
281 100 1032,672,1224,1200
282 100 1008,672,1224,1224
283 100 1008,672,1224,1224
284 100 984,696,1224,1200
285 100 984,696,1224,1200
286 100 984,720,1224,1200
287 100 984,720,1224,1200
288 100 960,720,1224,1200
289 100 960,720,1224,1200
290 100 960,744,1224,1200
291 100 936,744,1224,1200
292 100 936,768,1224,1200
293 100 936,768,1224,1200
294 100 936,768,1224,1200
295 100 912,768,1224,1224
296 100 888,792,1224,1200
297 100 888,792,1224,1200
298 100 864,792,1224,1224
299 100 864,792,1224,1224
300 100 864,792,1224,1224
301 100 840,816,1224,1224
302 100 840,816,1224,1224
303 100 840,816,1224,1224
304 100 840,840,1224,1200
305 100 840,840,1224,1200
306 100 840,840,1224,1200
307 100 816,840,1224,1200
308 100 816,840,1224,1200
309 100 816,840,1224,1200
310 100 816,840,1224,1224
311 100 816,840,1224,1224
312 100 816,840,1224,1224
313 100 792,840,1224,1224
314 100 792,864,1224,1200
315 100 792,864,1224,1200
316 100 792,864,1224,1200
317 100 792,864,1224,1200
318 100 792,864,1224,1200
319 100 792,864,1224,1200
320 100 768,864,1224,1200
321 100 768,864,1224,1200
322 100 768,864,1224,1200
323 100 768,864,1224,1200
324 100 744,864,1224,1200
325 100 744,864,1224,1224
326 100 720,888,1224,1200
327 100 720,888,1224,1200
328 100 720,864,1224,1224
329 100 720,864,1224,1224
330 100 720,864,1224,1224
331 100 720,864,1224,1224
332 100 720,864,1224,1224
333 100 744,864,1224,1224
334 100 744,864,1224,1224
335 100 720,864,1224,1224
336 100 720,864,1224,1224
337 100 744,864,1224,1200
338 100 744,864,1224,1200
339 100 744,864,1224,1200
340 100 744,864,1224,1200
341 100 744,864,1224,1200
342 100 720,864,1224,1200
343 100 720,864,1224,1200
344 100 720,864,1224,1200
345 100 720,864,1224,1200
346 100 720,864,1224,1200
347 100 720,864,1224,1200
348 100 720,864,1224,1200
349 100 720,864,1224,1200
350 100 720,864,1224,1200
351 100 696,864,1224,1200
352 100 696,840,1224,1224
353 100 696,840,1224,1224
354 100 672,840,1224,1224
355 100 672,840,1224,1224
356 100 672,840,1224,1224
357 100 648,864,1224,1200
358 100 648,864,1224,1200
359 100 648,864,1224,1200
360 100 648,840,1224,1224
361 100 648,840,1224,1224
362 100 648,840,1224,1224
363 100 624,840,1224,1224
364 100 624,840,1224,1200
365 100 624,816,1224,1224
366 100 624,816,1224,1224
367 100 600,816,1224,1224
368 100 600,816,1224,1224
369 100 600,816,1224,1224
370 100 600,816,1224,1224
371 100 576,816,1224,1200
372 100 576,816,1224,1200
373 100 576,816,1224,1200
374 100 576,816,1224,1200
375 100 576,816,1224,1200
376 100 576,816,1224,1200
377 100 576,816,1224,1200
378 100 576,816,1224,1200
379 100 576,816,1224,1200
380 100 576,816,1224,1200
381 100 576,792,1224,1224
382 100 576,792,1224,1224
383 100 576,792,1224,1224
384 100 576,792,1224,1224
385 100 576,792,1224,1224
386 100 576,792,1224,1200
387 100 576,792,1224,1200
388 100 576,792,1224,1200
389 100 576,792,1224,1200
390 100 576,792,1224,1200
391 100 576,768,1224,1224
392 100 600,768,1224,1200
393 100 600,768,1224,1200
394 100 600,768,1224,1200
395 100 600,744,1224,1224
396 100 600,744,1224,1224
397 100 600,744,1224,1200
398 100 600,720,1224,1224
399 100 600,720,1224,1224
400 100 600,720,1224,1224
401 100 600,720,1224,1224
402 100 600,720,1224,1200
403 100 600,720,1224,1200
404 100 600,720,1224,1200
405 100 600,720,1224,1200
406 100 600,720,1224,1200
407 100 600,720,1224,1200
408 100 600,696,1224,1224
409 100 600,696,1224,1224
410 100 600,720,1224,1200
411 100 600,720,1224,1200
412 100 600,720,1224,1200
413 100 600,720,1224,1200
414 100 600,720,1224,1200
415 100 600,720,1224,1200
416 100 600,720,1224,1200
417 100 600,720,1224,1200
418 100 600,720,1224,1200
419 100 600,720,1224,1200
420 100 600,720,1224,1200
421 100 600,720,1224,1200
422 100 600,720,1224,1200
423 100 600,720,1224,1200
424 100 600,720,1224,1200
425 100 600,720,1224,1200
426 100 600,720,1224,1200
427 100 600,720,1224,1200
428 100 600,720,1224,1200
429 100 624,720,1224,1200
430 100 624,720,1224,1200
431 100 624,720,1224,1200
432 100 624,696,1224,1224
433 100 624,696,1224,1224
434 100 624,696,1224,1224
435 100 624,720,1224,1200
436 100 624,720,1224,1200
437 100 624,720,1224,1200
438 100 624,720,1224,1200
439 100 624,720,1224,1200
440 100 624,720,1224,1200
441 100 624,720,1224,1200
442 100 624,720,1224,1200
443 100 624,720,1224,1200
444 100 624,720,1224,1224
445 100 624,720,1224,1224
446 100 624,720,1224,1224
447 100 624,720,1224,1224
448 100 624,720,1224,1224
449 100 624,720,1224,1224
450 100 624,720,1224,1224
451 100 624,720,1224,1224
452 100 624,720,1224,1224
453 100 624,720,1224,1224
454 100 624,744,1224,1200
455 100 624,744,1224,1200
456 100 624,720,1224,1224
457 100 624,720,1224,1224
458 100 648,720,1224,1200
459 100 648,696,1224,1200
460 100 672,696,1224,1200
461 100 672,696,1224,1200
462 100 696,672,1224,1200
463 100 696,672,1224,1200
464 100 696,672,1224,1200
465 100 696,672,1224,1200
466 100 696,648,1224,1224
467 100 696,648,1224,1224
468 100 720,648,1224,1200
469 100 720,624,1224,1224
470 100 720,624,1224,1224
471 100 744,624,1224,1200
472 100 744,624,1224,1200
473 100 744,624,1224,1200
474 100 744,600,1224,1224
475 100 744,600,1224,1224
476 100 768,600,1224,1200
477 100 768,600,1224,1200
478 100 768,600,1224,1200
479 100 768,600,1224,1200
480 100 768,600,1224,1200
481 100 768,600,1224,1200
482 100 768,600,1224,1200
483 100 768,576,1224,1224
484 100 768,576,1224,1224
485 100 768,576,1224,1224
486 100 768,576,1224,1200
487 100 768,576,1224,1200
488 100 768,576,1224,1200
489 100 792,576,1224,1200
490 100 792,576,1224,1200
491 100 792,576,1224,1200
492 100 792,576,1224,1200
493 100 792,576,1224,1200
494 100 792,576,1224,1200
495 100 816,552,1224,1224
496 100 816,552,1224,1224
497 100 816,552,1224,1224
498 100 816,552,1224,1200
499 100 840,552,1224,1200
500 100 840,552,1224,1200
501 100 840,552,1224,1200
502 100 840,552,1224,1200
503 100 840,552,1224,1200
504 100 864,528,1224,1224
505 100 864,528,1224,1224
506 100 864,528,1224,1224
507 100 864,528,1224,1224
508 100 888,528,1224,1200
509 100 888,528,1224,1200
510 100 888,528,1224,1200
511 100 888,528,1224,1200
512 100 888,528,1224,1200
513 100 912,528,1224,1200
514 100 912,528,1224,1200
515 100 912,528,1224,1200
516 100 936,528,1224,1200
517 100 936,528,1224,1200
518 100 936,528,1224,1200
519 100 936,528,1224,1200
520 100 936,528,1224,1200
521 100 936,528,1224,1200
522 100 960,504,1224,1224
523 100 960,504,1224,1224
524 100 960,504,1224,1224
525 100 1008,504,1224,1224
526 100 1008,504,1224,1224
527 100 1008,504,1224,1224
528 100 1032,504,1224,1224
529 100 1032,504,1224,1224
530 100 1032,504,1224,1224
531 100 1056,504,1224,1224
532 100 1080,504,1224,1224
533 100 1080,504,1224,1224
534 100 1080,504,1224,1200
535 100 1104,504,1224,1200
536 100 1104,504,1224,1200
537 100 1104,504,1224,1200
538 100 1104,504,1224,1200
539 100 1104,504,1224,1200
540 100 1152,504,1224,1200
541 100 1152,504,1224,1200
542 100 1152,504,1224,1200
543 100 1152,504,1224,1200
544 100 1152,504,1224,1200
545 100 1152,504,1224,1200
546 100 1152,504,1224,1200
547 100 1176,504,1224,1200
548 100 1176,504,1224,1200
549 100 1176,504,1224,1200
550 100 1176,504,1224,1200
551 100 1176,504,1224,1200
552 100 1176,504,1224,1200
553 100 1176,504,1224,1200
554 100 1176,504,1224,1200
555 100 1200,504,1224,1200
556 100 1200,504,1224,1200
557 100 1200,504,1224,1200
558 100 1200,504,1224,1200
559 100 1200,504,1224,1200
560 100 1200,504,1224,1200
561 100 1200,504,1224,1200
562 100 1200,504,1224,1200
563 100 1200,504,1224,1200
564 100 1200,504,1224,1200
565 100 1200,504,1224,1200
566 100 1200,504,1224,1200
567 100 1200,504,1224,1200
568 100 1200,504,1224,1200
569 100 1200,504,1224,1200
570 100 1200,504,1224,1200
571 100 1200,504,1224,1200
572 100 1224,504,1224,1200
573 100 1224,504,1224,1200
574 100 1224,504,1224,1200
575 100 1224,504,1224,1200
576 100 1200,480,1224,1224
577 100 1200,480,1224,1224
578 100 1200,480,1224,1224
579 100 1200,480,1224,1224
580 100 1200,480,1224,1224
581 100 1200,480,1224,1224
582 100 1200,480,1224,1224
583 100 1200,480,1224,1224
584 100 1200,480,1224,1224
585 100 1200,480,1224,1224
586 100 1200,480,1224,1224
587 100 1200,480,1224,1224
588 100 1200,480,1224,1200
589 100 1200,480,1224,1200
590 100 1200,480,1224,1200
591 100 1224,480,1224,1224
592 100 1224,480,1224,1224
593 100 1224,480,1224,1200
594 100 1224,480,1224,1200
595 100 1224,480,1224,1200
596 100 1224,480,1224,1200
597 100 1224,480,1224,1200
598 100 1224,480,1224,1200
599 100 1224,480,1224,1200
600 100 1224,480,1224,1200
601 100 1224,480,1224,1200
602 100 1224,480,1224,1200
603 100 1224,480,1224,1200
604 100 1224,480,1224,1200
605 100 1224,480,1224,1200
606 100 1224,480,1224,1200
607 100 1248,480,1224,1200
608 100 1272,480,1224,1224
609 100 1272,480,1224,1224
610 100 1272,480,1224,1224
611 100 1296,480,1224,1224
612 100 1320,480,1224,1200
613 100 1320,480,1224,1200
614 100 1320,480,1224,1200
615 100 1344,480,1224,1200
616 100 1344,480,1224,1200
617 100 1344,480,1224,1200
618 100 1344,480,1224,1200
619 100 1344,480,1224,1200
620 100 1368,480,1224,1200
621 100 1368,480,1224,1200
622 100 1368,480,1224,1200
623 100 1368,480,1224,1200
624 100 1368,480,1224,1200
625 100 1368,480,1224,1224
626 100 1368,480,1224,1224
627 100 1368,480,1224,1224
628 100 1392,480,1224,1224
629 100 1392,480,1224,1224
630 100 1392,480,1224,1224
631 100 1392,480,1224,1224
632 100 1392,480,1224,1224
633 100 1392,480,1224,1224
634 100 1392,504,1224,1200
635 100 1392,504,1224,1200
636 100 1392,504,1224,1200
637 100 1392,480,1224,1224
638 100 1392,480,1224,1224
639 100 1392,480,1224,1224
640 100 1392,480,1224,1224
641 100 1392,480,1224,1224
642 100 1392,480,1224,1224
643 100 1392,480,1224,1224
644 100 1392,480,1224,1224
645 100 1392,480,1224,1224
646 100 1392,480,1224,1224
647 100 1392,480,1224,1200
648 100 1392,480,1224,1200
649 100 1368,480,1224,1200
650 100 1368,480,1224,1200
651 100 1368,480,1224,1200
652 100 1368,480,1224,1200
653 100 1368,480,1224,1200
654 100 1368,480,1224,1200
655 100 1368,480,1224,1200
656 100 1368,480,1224,1200
657 100 1368,480,1224,1200
658 100 1368,480,1224,1200
659 100 1368,456,1224,1224
660 100 1368,456,1224,1224
661 100 1368,456,1224,1224
662 100 1344,456,1224,1200
663 100 1344,456,1224,1200
664 100 1344,456,1224,1200
665 100 1344,456,1224,1200
666 100 1320,456,1224,1200
667 100 1296,432,1224,1224
668 100 1296,432,1224,1224
669 100 1272,432,1224,1224
670 100 1272,432,1224,1224
671 100 1248,432,1224,1200
672 100 1248,432,1224,1200
673 100 1248,432,1224,1200
674 100 1224,432,1224,1200
675 100 1224,432,1224,1200
676 100 1224,432,1224,1200
677 100 1224,432,1224,1200
678 100 1200,432,1224,1200
679 100 1200,432,1224,1200
680 100 1200,432,1224,1200
681 100 1176,432,1224,1200
682 100 1176,432,1224,1200
683 100 1176,432,1224,1200
684 100 1152,432,1224,1200
685 100 1152,432,1224,1200
686 100 1152,432,1224,1200
687 100 1152,432,1224,1200
688 100 1152,408,1224,1224
689 100 1152,408,1224,1224
690 100 1152,408,1224,1224
691 100 1152,408,1224,1224
692 100 1152,408,1224,1224
693 100 1152,408,1224,1224
694 100 1152,408,1224,1224
695 100 1152,408,1224,1224
696 100 1152,408,1224,1224
697 100 1152,408,1224,1224
698 100 1152,408,1224,1224
699 100 1152,408,1224,1224
700 100 1152,408,1224,1224
701 100 1152,408,1224,1224
702 100 1128,408,1224,1200
703 100 1128,408,1224,1200
704 100 1128,408,1224,1200
705 100 1128,408,1224,1200
706 100 1128,408,1224,1200
707 100 1128,408,1224,1200
708 100 1128,408,1224,1200
709 100 1128,408,1224,1200
710 100 1128,408,1224,1200
711 100 1128,408,1224,1200
712 100 1128,408,1224,1200
713 100 1128,408,1224,1200
714 100 1128,408,1224,1200
715 100 1128,408,1224,1200
716 100 1128,408,1224,1200
717 100 1128,408,1224,1200
718 100 1152,408,1224,1200
719 100 1152,408,1224,1200
720 100 1152,408,1224,1200
721 100 1152,408,1224,1200
722 100 1176,408,1224,1200
723 100 1200,408,1224,1200
724 100 1200,408,1224,1200
725 100 1224,384,1224,1224
726 100 1224,384,1224,1224
727 100 1248,384,1224,1224
728 100 1248,384,1224,1224
729 100 1272,384,1224,1200
730 100 1272,384,1224,1200
731 100 1272,384,1224,1200
732 100 1296,384,1224,1200
733 100 1296,384,1224,1200
734 100 1296,384,1224,1200
735 100 1296,384,1224,1200
736 100 1296,384,1224,1200
737 100 1296,384,1224,1200
738 100 1296,384,1224,1200
739 100 1296,384,1224,1200
740 100 1296,384,1224,1200
741 100 1296,384,1224,1200
742 100 1296,384,1224,1200
743 100 1296,384,1224,1200
744 100 1296,384,1224,1200
745 100 1296,384,1224,1200
746 100 1296,384,1224,1200
747 100 1296,384,1224,1224
748 100 1296,384,1224,1224
749 100 1296,384,1224,1224
750 100 1296,384,1224,1224
751 100 1296,384,1224,1224
752 100 1296,408,1224,1200
753 100 1296,408,1224,1200
754 100 1296,408,1224,1200
755 100 1296,408,1224,1200
756 100 1296,408,1224,1200
757 100 1296,408,1224,1200
758 100 1296,408,1224,1200
759 100 1272,408,1224,1200
760 100 1272,408,1224,1200
761 100 1272,408,1224,1200
762 100 1272,408,1224,1200
763 100 1272,408,1224,1200
764 100 1272,408,1224,1200
765 100 1272,408,1224,1200
766 100 1272,408,1224,1200
767 100 1272,408,1224,1200
768 100 1248,408,1224,1200
769 100 1248,408,1224,1200
770 100 1248,408,1224,1200
771 100 1248,408,1224,1200
772 100 1248,408,1224,1200
773 100 1248,408,1224,1200
774 100 1224,408,1224,1200
775 100 1224,408,1224,1200
776 100 1224,408,1224,1200
777 100 1224,408,1224,1200
778 100 1200,408,1224,1200
779 100 1200,408,1224,1224
780 100 1200,408,1224,1224
781 100 1176,432,1224,1200
782 100 1176,432,1224,1200
783 100 1152,432,1224,1200
784 100 1152,432,1224,1200
785 100 1152,432,1224,1200
786 100 1128,432,1224,1200
787 100 1128,432,1224,1200
788 100 1128,432,1224,1200
789 100 1128,432,1224,1200
790 100 1128,432,1224,1200
791 100 1128,432,1224,1200
792 100 1128,432,1224,1200
793 100 1104,432,1224,1200
794 100 1104,432,1224,1200
795 100 1104,432,1224,1200
796 100 1104,432,1224,1200
797 100 1104,432,1224,1200
798 100 1104,432,1224,1200
799 100 1104,432,1224,1200
800 100 1104,432,1224,1200
801 100 1080,432,1224,1200
802 100 1080,432,1224,1200
803 100 1080,432,1224,1200
804 100 1056,432,1224,1200
805 100 1056,432,1224,1200
806 100 1056,432,1224,1200
807 100 1056,432,1224,1224
808 100 1056,432,1224,1224
809 100 1056,432,1224,1224
810 100 1056,432,1224,1224
811 100 1056,432,1224,1224
812 100 1056,432,1224,1224
813 100 1056,432,1224,1224
814 100 1056,432,1224,1224
815 100 1056,432,1224,1224
816 100 1056,432,1224,1224
817 100 1056,432,1224,1224
818 100 1056,432,1224,1224
819 100 1056,432,1224,1224
820 100 1056,432,1224,1224
821 100 1056,432,1224,1224
822 100 1056,432,1224,1224
823 100 1056,432,1224,1224
824 100 1056,432,1224,1224
825 100 1056,432,1224,1224
826 100 1056,432,1224,1224
827 100 1056,432,1224,1224
828 100 1056,432,1224,1224
829 100 1056,432,1224,1224
830 100 1056,432,1224,1224
831 100 1056,432,1224,1224
832 100 1056,432,1224,1224
833 100 1056,432,1224,1224
834 100 1056,432,1224,1224
835 100 1056,432,1224,1224
836 100 1032,432,1224,1224
837 100 1032,432,1224,1200
838 100 1032,432,1224,1200
839 100 1032,432,1224,1200
840 100 1032,432,1224,1200
841 100 1032,432,1224,1200
842 100 1032,432,1224,1200
843 100 1032,432,1224,1200
844 100 1056,432,1224,1200
845 100 1056,432,1224,1200
846 100 1056,432,1224,1200
847 100 1056,432,1224,1200
848 100 1056,432,1224,1200
849 100 1032,432,1224,1200
850 100 1032,432,1224,1200
851 100 1032,432,1224,1200
852 100 1032,432,1224,1200
853 100 1032,432,1224,1200
854 100 1032,432,1224,1200
855 100 1032,432,1224,1200
856 100 1032,432,1224,1200
857 100 1032,432,1224,1200
858 100 1032,432,1224,1200
859 100 1032,432,1224,1200
860 100 1032,432,1224,1200
861 100 1032,432,1224,1200
862 100 1032,432,1224,1200
863 100 1032,408,1224,1224
864 100 1032,408,1224,1224
865 100 1032,408,1224,1200
866 100 1032,408,1224,1200
867 100 1032,384,1224,1224
868 100 1032,384,1224,1224
869 100 1008,384,1224,1200
870 100 1008,384,1224,1200
871 100 1008,384,1224,1200
872 100 1008,384,1224,1200
873 100 1008,384,1224,1200
874 100 1008,384,1224,1200
875 100 984,360,1224,1224
876 100 984,360,1224,1224
877 100 984,360,1224,1200
878 100 984,360,1224,1200
879 100 984,360,1224,1200
880 100 984,360,1224,1200
881 100 984,360,1224,1200
882 100 960,360,1224,1200
883 100 960,360,1224,1200
884 100 960,360,1224,1200
885 100 960,360,1224,1200
886 100 960,360,1224,1200
887 100 960,360,1224,1200
888 100 960,360,1224,1200
889 100 960,360,1224,1200
890 100 960,360,1224,1200
891 100 960,360,1224,1200
892 100 936,360,1224,1200
893 100 936,360,1224,1200
894 100 936,360,1224,1200
895 100 936,360,1224,1200
896 100 936,360,1224,1200
897 100 936,360,1224,1200
898 100 936,360,1224,1200
899 100 936,360,1224,1200
900 100 936,360,1224,1200
901 100 936,360,1224,1200
902 100 936,360,1224,1200
903 100 936,360,1224,1200
904 100 936,360,1224,1200
905 100 936,360,1224,1200
906 100 936,360,1224,1200
907 100 936,360,1224,1200
908 100 936,360,1224,1200
909 100 912,360,1224,1200
910 100 912,360,1224,1200
911 100 912,360,1224,1200
912 100 912,360,1224,1200
913 100 912,360,1224,1200
914 100 912,336,1224,1224
915 100 912,336,1224,1224
916 100 912,336,1224,1224
917 100 888,336,1224,1224
918 100 888,336,1224,1224
919 100 888,336,1224,1224
920 100 888,336,1224,1224
921 100 888,336,1224,1224
922 100 888,336,1224,1224
923 100 888,336,1224,1224
924 100 888,336,1224,1224
925 100 888,336,1224,1224
926 100 888,336,1224,1224
927 100 888,336,1224,1224
928 100 888,336,1224,1224
929 100 888,336,1224,1224
930 100 888,336,1224,1224
931 100 888,336,1224,1224
932 100 888,336,1224,1224
933 100 888,336,1224,1224
934 100 888,336,1224,1224
935 100 888,336,1224,1224
936 100 888,336,1224,1224
937 100 888,336,1224,1224
938 100 888,336,1224,1224
939 100 888,336,1224,1224
940 100 888,336,1224,1224
941 100 888,336,1224,1224
942 100 888,336,1224,1224
943 100 888,336,1224,1224
944 100 888,336,1224,1224
945 100 888,360,1224,1200
946 100 888,360,1224,1200
947 100 888,360,1224,1200
948 100 888,360,1224,1200
949 100 888,360,1224,1200
950 100 888,360,1224,1200
951 100 888,360,1224,1200
952 100 888,360,1224,1200
953 100 888,360,1224,1200
954 100 888,360,1224,1200
955 100 888,360,1224,1200
956 100 888,360,1224,1200
957 100 888,360,1224,1200
958 100 888,360,1224,1200
959 100 888,360,1224,1200
960 100 888,360,1224,1200
961 100 888,360,1224,1200
962 100 888,360,1224,1200
963 100 888,360,1224,1200
964 100 888,360,1224,1200
965 100 888,360,1224,1200
966 100 888,360,1224,1200
967 100 888,360,1224,1200
968 100 888,360,1224,1200
969 100 888,360,1224,1200
970 100 888,360,1224,1200
971 100 888,360,1224,1200
972 100 888,360,1224,1200
973 100 888,360,1224,1200
974 100 888,360,1224,1200
975 100 888,360,1224,1200
976 100 888,360,1224,1200
977 100 888,360,1224,1200
978 100 888,360,1224,1200
979 100 888,360,1224,1200
980 100 888,360,1224,1200
981 100 888,360,1224,1200
982 100 888,360,1224,1200
983 100 888,360,1224,1224
984 100 888,360,1224,1224
985 100 888,360,1224,1224
986 100 888,360,1224,1224
987 100 888,360,1224,1224
988 100 888,360,1224,1224
989 100 888,360,1224,1224
990 100 888,360,1224,1224
991 100 888,360,1224,1224
992 100 888,360,1224,1224
993 100 888,360,1224,1224
994 100 888,360,1224,1224
995 100 888,360,1224,1224
996 100 888,360,1224,1224
997 100 888,360,1224,1224
998 100 888,360,1224,1224
999 100 888,360,1224,1224
1000 100 888,360,1224,1224
1001 100 888,360,1224,1224
1002 100 888,360,1224,1224
1003 100 888,360,1224,1224
1004 100 888,360,1224,1224
1005 100 888,360,1224,1224
1006 100 888,360,1224,1200
1007 100 888,360,1224,1200
1008 100 888,360,1224,1200
1009 100 888,360,1224,1200
1010 100 888,360,1224,1200
1011 100 888,360,1224,1200
1012 100 888,360,1224,1200
1013 100 888,360,1224,1200
1014 100 888,360,1224,1200
1015 100 888,360,1224,1200
1016 100 888,360,1224,1200
1017 100 888,360,1224,1200
1018 100 888,360,1224,1200
1019 100 888,360,1224,1200
1020 100 888,360,1224,1200
1021 100 888,360,1224,1200
1022 100 888,360,1224,1200
1023 100 888,360,1224,1200
1024 100 888,360,1224,1200
1025 100 888,360,1224,1200
1026 100 888,360,1224,1200
1027 100 888,360,1224,1200
1028 100 888,360,1224,1200
1029 100 888,360,1224,1200
1030 100 888,360,1224,1200
1031 100 888,360,1224,1200
1032 100 888,360,1224,1200
1033 100 888,360,1224,1200
1034 100 888,360,1224,1200
1035 100 888,360,1224,1200
1036 100 888,360,1224,1200
1037 100 888,336,1224,1224
1038 100 888,336,1224,1224
1039 100 888,336,1224,1224
1040 100 888,336,1224,1224
1041 100 888,360,1224,1200
1042 100 888,360,1224,1200
1043 100 888,360,1224,1200
1044 100 888,360,1224,1200
1045 100 888,360,1224,1200
1046 100 888,360,1224,1200
1047 100 888,360,1224,1200
1048 100 888,360,1224,1200
1049 100 888,360,1224,1200
1050 100 888,360,1224,1200
1051 100 888,360,1224,1200
1052 100 888,336,1224,1224
1053 100 888,360,1224,1200
1054 100 888,336,1224,1224
1055 100 888,336,1224,1224
1056 100 888,336,1224,1224
1057 100 888,336,1224,1224
1058 100 888,336,1224,1224
1059 100 888,336,1224,1224
1060 100 864,336,1224,1200
1061 100 864,336,1224,1200
1062 100 840,288,1224,1200
1063 100 816,264,1224,1200
1064 100 816,264,1224,1200
1065 100 792,216,1224,1224
1066 100 768,216,1224,1200
1067 100 768,216,1224,1200
1068 100 768,192,1224,1200
1069 100 768,192,1224,1200
1070 100 744,168,1224,1200
1071 100 744,168,1224,1200
1072 100 744,168,1224,1200
1073 100 744,168,1224,1200
1074 100 720,144,1224,1200
1075 100 720,144,1224,1200
1076 100 696,120,1224,1224
1077 100 696,120,1224,1224
1078 100 696,120,1224,1200
1079 100 696,120,1224,1200
1080 100 696,120,1224,1200
1081 100 696,120,1224,1200
1082 100 696,96,1224,1224
1083 100 696,96,1224,1224
1084 100 696,96,1224,1224
1085 100 696,96,1224,1224
1086 100 696,96,1224,1224
1087 100 696,96,1224,1224
1088 100 696,120,1224,1200
1089 100 696,120,1224,1200
1090 100 696,120,1224,1200
1091 100 696,120,1224,1200
1092 100 696,120,1224,1200
1093 100 696,120,1224,1200
1094 100 696,120,1224,1200
1095 100 696,120,1224,1200
1096 100 696,120,1224,1200
1097 100 696,120,1224,1200
1098 100 696,120,1224,1200
1099 100 696,120,1224,1200
1100 100 696,120,1224,1200
1101 100 696,120,1224,1200
1102 100 696,120,1224,1200
1103 100 696,120,1224,1200
1104 100 696,96,1224,1224
1105 100 696,96,1224,1224
1106 100 696,96,1224,1224
1107 100 696,96,1224,1224
1108 100 696,96,1224,1224
1109 100 696,96,1224,1224
1110 100 696,96,1224,1224
1111 100 696,96,1224,1224
1112 100 696,96,1224,1224
1113 100 696,96,1224,1200
1114 100 696,96,1224,1200
1115 100 696,96,1224,1200
1116 100 696,96,1224,1200
1117 100 696,96,1224,1200
1118 100 696,96,1224,1200
1119 100 696,96,1224,1200
1120 100 696,96,1224,1200
1121 100 696,96,1224,1200
1122 100 720,120,1224,1200
1123 100 720,120,1224,1200
1124 100 768,144,1224,1200
1125 100 768,144,1224,1200
1126 100 792,168,1224,1200
1127 100 840,216,1224,1200
1128 100 840,216,1224,1200
1129 100 864,240,1224,1200
1130 100 864,240,1224,1200
1131 100 888,240,1224,1224
1132 100 888,240,1224,1224
1133 100 888,240,1224,1224
1134 100 912,264,1224,1224
1135 100 912,264,1224,1224
1136 100 912,264,1224,1224
1137 100 912,288,1224,1200
1138 100 912,288,1224,1200
1139 100 912,288,1224,1200
1140 100 912,288,1224,1200
1141 100 912,312,1224,1200
1142 100 912,312,1224,1200
1143 100 936,312,1224,1224
1144 100 936,312,1224,1224
1145 100 936,312,1224,1224
1146 100 960,336,1224,1224
1147 100 960,336,1224,1224
1148 100 960,336,1224,1224
1149 100 936,336,1224,1224
1150 100 936,336,1224,1224
1151 100 936,336,1224,1224
1152 100 936,336,1224,1224
1153 100 936,360,1224,1200
1154 100 936,360,1224,1200
1155 100 936,360,1224,1200
1156 100 936,360,1224,1200
1157 100 936,360,1224,1200
1158 100 936,360,1224,1224
1159 100 936,360,1224,1224
1160 100 936,360,1224,1224
1161 100 936,360,1224,1224
1162 100 936,360,1224,1224
1163 100 936,360,1224,1224
1164 100 936,360,1224,1224
1165 100 936,360,1224,1224
1166 100 936,360,1224,1224
1167 100 912,360,1224,1224
1168 100 912,384,1224,1200
1169 100 912,384,1224,1200
1170 100 912,384,1224,1200
1171 100 912,384,1224,1200
1172 100 888,384,1224,1200
1173 100 888,384,1224,1200
1174 100 888,384,1224,1200
1175 100 888,384,1224,1200
1176 100 888,384,1224,1200
1177 100 888,384,1224,1224
1178 100 888,384,1224,1224
1179 100 888,384,1224,1224
1180 100 888,408,1224,1200
1181 100 888,408,1224,1200
1182 100 888,408,1224,1200
1183 100 888,408,1224,1200
1184 100 888,408,1224,1200
1185 100 888,408,1224,1200
1186 100 888,408,1224,1200
1187 100 888,408,1224,1224
1188 100 912,432,1224,1200
1189 100 912,432,1224,1200
1190 100 912,456,1224,1200
1191 100 912,456,1224,1200
1192 100 936,456,1224,1200
1193 100 936,456,1224,1200
1194 100 960,456,1224,1224
1195 100 960,456,1224,1224
1196 100 960,480,1224,1200
1197 100 984,480,1224,1200
1198 100 984,480,1224,1200
1199 100 984,480,1224,1200
1200 100 984,480,1224,1224
1201 100 984,480,1224,1224
1202 100 1008,480,1224,1224
1203 100 1008,480,1224,1224
1204 100 1008,480,1224,1200
1205 100 1008,480,1224,1200
1206 100 1008,480,1224,1200
1207 100 1008,480,1224,1200
1208 100 1032,480,1224,1200
1209 100 1032,480,1224,1200
1210 100 1032,480,1224,1200
1211 100 1056,480,1224,1200
1212 100 1056,480,1224,1200
1213 100 1056,480,1224,1200
1214 100 1080,480,1224,1200
1215 100 1080,480,1224,1200
1216 100 1080,480,1224,1200
1217 100 1080,480,1224,1200
1218 100 1080,480,1224,1200
1219 100 1080,480,1224,1200
1220 100 1080,480,1224,1200
1221 100 1080,480,1224,1200
1222 100 1080,480,1224,1200
1223 100 1080,480,1224,1200
1224 100 1080,480,1224,1200
1225 100 1080,480,1224,1200
1226 100 1080,480,1224,1200
1227 100 1080,456,1224,1224
1228 100 1080,456,1224,1224
1229 100 1080,456,1224,1224
1230 100 1080,456,1224,1200
1231 100 1080,456,1224,1200
1232 100 1080,456,1224,1200
1233 100 1080,456,1224,1200
1234 100 1080,432,1224,1224
1235 100 1080,432,1224,1224
1236 100 1104,432,1224,1200
1237 100 1104,432,1224,1200
1238 100 1104,432,1224,1200
1239 100 1104,408,1224,1224
1240 100 1104,408,1224,1224
1241 100 1104,384,1224,1224
1242 100 1104,384,1224,1224
1243 100 1104,384,1224,1224
1244 100 1128,360,1224,1224
1245 100 1128,360,1224,1224
1246 100 1128,360,1224,1224
1247 100 1128,384,1224,1200
1248 100 1128,384,1224,1200
1249 100 1128,384,1224,1200
1250 100 1128,384,1224,1224
1251 100 1128,384,1224,1224
1252 100 1128,384,1224,1224
1253 100 1128,384,1224,1224
1254 100 1128,384,1224,1224
1255 100 1128,384,1224,1224
1256 100 1128,384,1224,1224
1257 100 1128,408,1224,1200
1258 100 1128,408,1224,1200
1259 100 1128,408,1224,1200
1260 100 1128,408,1224,1200
1261 100 1128,408,1224,1200
1262 100 1128,408,1224,1200
1263 100 1152,408,1224,1200
1264 100 1152,408,1224,1200
1265 100 1152,408,1224,1200
1266 100 1128,408,1224,1224
1267 100 1128,408,1224,1224
1268 100 1128,408,1224,1224
1269 100 1128,408,1224,1224
1270 100 1128,408,1224,1224
1271 100 1128,408,1224,1224
1272 100 1128,432,1224,1200
1273 100 1128,432,1224,1200
1274 100 1128,432,1224,1200
1275 100 1104,432,1224,1200
1276 100 1104,432,1224,1200
1277 100 1104,432,1224,1200
1278 100 1080,432,1224,1200
1279 100 1080,432,1224,1200
1280 100 1032,432,1224,1200
1281 100 1032,432,1224,1200
1282 100 1008,456,1224,1200
1283 100 1008,456,1224,1200
1284 100 1008,456,1224,1200
1285 100 984,480,1224,1200
1286 100 984,480,1224,1200
1287 100 936,480,1224,1200
1288 100 936,480,1224,1200
1289 100 936,480,1224,1200
1290 100 912,480,1224,1200
1291 100 912,480,1224,1200
1292 100 912,480,1224,1200
1293 100 888,480,1224,1200
1294 100 888,480,1224,1224
1295 100 888,480,1224,1224
1296 100 888,504,1224,1200
1297 100 888,504,1224,1200
1298 100 888,504,1224,1200
1299 100 888,504,1224,1200
1300 100 864,504,1224,1200
1301 100 864,504,1224,1200
1302 100 864,504,1224,1200
1303 100 864,504,1224,1200
1304 100 840,504,1224,1200
1305 100 840,528,1224,1200
1306 100 840,528,1224,1200
1307 100 840,552,1224,1200
1308 100 840,552,1224,1200
1309 100 792,552,1224,1224
1310 100 792,552,1224,1224
1311 100 768,576,1224,1200
1312 100 768,576,1224,1200
1313 100 768,576,1224,1200
1314 100 744,576,1224,1200
1315 100 744,576,1224,1200
1316 100 744,576,1224,1200
1317 100 768,576,1224,1200
1318 100 768,576,1224,1200
1319 100 768,576,1224,1200
1320 100 768,576,1224,1200
1321 100 768,576,1224,1200
1322 100 768,576,1224,1200
1323 100 768,576,1224,1200
1324 100 768,576,1224,1200
1325 100 768,576,1224,1200
1326 100 768,576,1224,1200
1327 100 768,576,1224,1200
1328 100 768,552,1224,1224
1329 100 768,552,1224,1200
1330 100 768,552,1224,1200
1331 100 768,528,1224,1200
1332 100 768,528,1224,1200
1333 100 744,504,1224,1200
1334 100 744,480,1224,1224
1335 100 744,480,1224,1224
1336 100 768,480,1224,1224
1337 100 768,480,1224,1224
1338 100 768,480,1224,1224
1339 100 768,480,1224,1224
1340 100 768,480,1224,1224
1341 100 768,480,1224,1224
1342 100 768,480,1224,1224
1343 100 768,480,1224,1224
1344 100 768,480,1224,1224
1345 100 768,480,1224,1200
1346 100 744,456,1224,1200
1347 100 744,456,1224,1200
1348 100 720,432,1224,1200
1349 100 720,432,1224,1200
1350 100 696,432,1224,1200
1351 100 672,408,1224,1224
1352 100 672,408,1224,1224
1353 100 648,408,1224,1224
1354 100 648,408,1224,1224
1355 100 648,408,1224,1200
1356 100 624,408,1224,1224
1357 100 624,408,1224,1224
1358 100 624,432,1224,1200
1359 100 624,432,1224,1200
1360 100 624,408,1224,1224
1361 100 624,408,1224,1224
1362 100 624,432,1224,1200
1363 100 600,432,1224,1200
1364 100 600,432,1224,1200
1365 100 600,432,1224,1200
1366 100 600,432,1224,1200
1367 100 624,432,1224,1200
1368 100 624,432,1224,1224
1369 100 624,432,1224,1224
1370 100 624,432,1224,1200
1371 100 624,432,1224,1200
1372 100 600,432,1224,1200
1373 100 600,408,1224,1224
1374 100 600,408,1224,1224
1375 100 600,432,1224,1200
1376 100 600,432,1224,1200
1377 100 600,432,1224,1200
1378 100 600,432,1224,1200
1379 100 600,432,1224,1200
1380 100 600,432,1224,1200
1381 100 600,432,1224,1200
1382 100 600,432,1224,1200
1383 100 600,432,1224,1200
1384 100 600,432,1224,1200
1385 100 600,432,1224,1200
1386 100 600,432,1224,1200
1387 100 600,432,1224,1200
1388 100 600,432,1224,1200
1389 100 600,432,1224,1200
1390 100 600,432,1224,1200
1391 100 600,432,1224,1200
1392 100 600,432,1224,1200
1393 100 600,432,1224,1200
1394 100 600,432,1224,1200
1395 100 600,432,1224,1200
1396 100 600,432,1224,1200
1397 100 600,432,1224,1224
1398 100 600,432,1224,1224
1399 100 600,432,1224,1224
1400 100 600,432,1224,1224
1401 100 600,432,1224,1200
1402 100 576,408,1224,1224
1403 100 576,408,1224,1224
1404 100 576,408,1224,1200
1405 100 576,408,1224,1200
1406 100 576,432,1224,1200
1407 100 600,432,1224,1224
1408 100 600,432,1224,1224
1409 100 600,456,1224,1200
1410 100 600,456,1224,1200
1411 100 576,432,1224,1224
1412 100 576,432,1224,1224
1413 100 576,432,1224,1224
1414 100 576,432,1224,1224
1415 100 576,432,1224,1224
1416 100 552,456,1224,1200
1417 100 552,456,1224,1200
1418 100 552,456,1224,1200
1419 100 552,480,1224,1200
1420 100 552,480,1224,1200
1421 100 552,480,1224,1200
1422 100 552,480,1224,1200
1423 100 528,480,1224,1224
1424 100 528,480,1224,1224
1425 100 528,480,1224,1224
1426 100 528,504,1224,1200
1427 100 528,504,1224,1200
1428 100 528,504,1224,1200
1429 100 528,504,1224,1200
1430 100 528,504,1224,1200
1431 100 528,504,1224,1200
1432 100 528,504,1224,1200
1433 100 528,504,1224,1200
1434 100 528,504,1224,1200
1435 100 528,504,1224,1200
1436 100 528,504,1224,1200
1437 100 528,504,1224,1200
1438 100 528,504,1224,1224
1439 100 528,504,1224,1224
1440 100 528,504,1224,1224
1441 100 528,504,1224,1224
1442 100 528,504,1224,1224
1443 100 528,504,1224,1224
1444 100 528,504,1224,1224
1445 100 528,504,1224,1224
1446 100 528,504,1224,1224
1447 100 528,504,1224,1224
1448 100 528,504,1224,1224
1449 100 528,504,1224,1224
1450 100 528,504,1224,1224
1451 100 552,504,1224,1224
1452 100 552,504,1224,1224
1453 100 552,504,1224,1224
1454 100 552,504,1224,1224
1455 100 552,504,1224,1224
1456 100 552,504,1224,1200
1457 100 552,504,1224,1200
1458 100 552,504,1224,1200
1459 100 552,504,1224,1200
1460 100 552,504,1224,1200
1461 100 552,480,1224,1224
1462 100 552,480,1224,1200
1463 100 552,480,1224,1200
1464 100 552,480,1224,1200
1465 100 552,480,1224,1200
1466 100 552,480,1224,1200
1467 100 552,480,1224,1200
1468 100 552,480,1224,1200
1469 100 552,480,1224,1200
1470 100 552,480,1224,1200
1471 100 552,480,1224,1200
1472 100 576,480,1224,1200
1473 100 576,480,1224,1200
1474 100 576,480,1224,1200
1475 100 576,480,1224,1200
1476 100 576,456,1224,1224
1477 100 576,456,1224,1224
1478 100 600,456,1224,1224
1479 100 624,456,1224,1200
1480 100 624,456,1224,1200
1481 100 624,456,1224,1200
1482 100 624,456,1224,1200
1483 100 648,432,1224,1200
1484 100 672,408,1224,1200
1485 100 672,384,1224,1224
1486 100 672,384,1224,1224
1487 100 696,384,1224,1200
1488 100 696,384,1224,1200
1489 100 696,384,1224,1200
1490 100 720,384,1224,1200
1491 100 720,384,1224,1200
1492 100 720,384,1224,1200
1493 100 720,384,1224,1200
1494 100 720,360,1224,1224
1495 100 720,360,1224,1224
1496 100 720,360,1224,1224
1497 100 720,360,1224,1224
1498 100 720,360,1224,1224
1499 100 720,360,1224,1200
1500 100 720,360,1224,1200
1501 100 720,360,1224,1200
1502 100 744,360,1224,1200
1503 100 744,360,1224,1200
1504 100 744,360,1224,1200
1505 100 744,360,1224,1200
1506 100 744,360,1224,1200
1507 100 744,360,1224,1200
1508 100 744,360,1224,1200
1509 100 768,360,1224,1200
1510 100 768,360,1224,1200
1511 100 768,336,1224,1200
1512 100 768,336,1224,1200
1513 100 768,336,1224,1200
1514 100 768,336,1224,1200
1515 100 768,336,1224,1200
1516 100 768,336,1224,1200
1517 100 768,336,1224,1200
1518 100 768,336,1224,1200
1519 100 792,336,1224,1200
1520 100 792,336,1224,1200
1521 100 792,336,1224,1200
1522 100 792,336,1224,1200
1523 100 792,336,1224,1200
1524 100 816,336,1224,1200
1525 100 816,336,1224,1200
1526 100 816,336,1224,1200
1527 100 816,336,1224,1200
1528 100 816,336,1224,1200
1529 100 816,336,1224,1200
1530 100 840,336,1224,1200
1531 100 840,336,1224,1200
1532 100 840,336,1224,1200
1533 100 840,336,1224,1200
1534 100 840,336,1224,1200
1535 100 840,336,1224,1224
1536 100 840,360,1224,1200
1537 100 840,360,1224,1200
1538 100 864,360,1224,1200
1539 100 864,360,1224,1200
1540 100 864,360,1224,1200
1541 100 864,360,1224,1200
1542 100 864,360,1224,1200
1543 100 864,360,1224,1200
1544 100 864,360,1224,1200
1545 100 888,360,1224,1200
1546 100 888,360,1224,1224
1547 100 888,360,1224,1224
1548 100 912,360,1224,1224
1549 100 912,360,1224,1224
1550 100 936,360,1224,1224
1551 100 936,360,1224,1224
1552 100 960,360,1224,1224
1553 100 960,360,1224,1224
1554 100 984,360,1224,1224
1555 100 984,360,1224,1224
1556 100 1008,360,1224,1224
1557 100 1032,360,1224,1224
1558 100 1056,360,1224,1200
1559 100 1056,360,1224,1200
1560 100 1056,360,1224,1200
1561 100 1056,360,1224,1200
1562 100 1056,360,1224,1200
1563 100 1056,360,1224,1200
1564 100 1056,360,1224,1200
1565 100 1056,360,1224,1200
1566 100 1056,360,1224,1200
1567 100 1056,336,1224,1224
1568 100 1056,336,1224,1224
1569 100 1056,336,1224,1224
1570 100 1056,336,1224,1200
1571 100 1056,336,1224,1200
1572 100 1056,336,1224,1200
1573 100 1056,336,1224,1200
1574 100 1056,312,1224,1224
1575 100 1056,312,1224,1224
1576 100 1032,288,1224,1224
1577 100 1032,288,1224,1224
1578 100 1032,264,1224,1200
1579 100 1008,264,1224,1200
1580 100 1008,240,1224,1200
1581 100 1008,240,1224,1200
1582 100 984,216,1224,1200
1583 100 984,216,1224,1200
1584 100 960,168,1224,1224
1585 100 960,168,1224,1224
1586 100 960,144,1224,1224
1587 100 960,144,1224,1224
1588 100 912,120,1224,1200
1589 100 912,96,1224,1224
1590 100 912,96,1224,1224
1591 100 912,96,1224,1200
1592 100 888,96,1224,1200
1593 100 888,96,1224,1200
1594 100 888,72,1224,1224
1595 100 888,72,1224,1224
1596 100 888,72,1224,1200
1597 100 888,72,1224,1200
1598 100 888,72,1224,1224
1599 100 888,72,1224,1224
1600 100 888,72,1224,1224
1601 100 888,72,1224,1224
1602 100 888,72,1224,1224
1603 100 888,72,1224,1224
1604 100 888,72,1224,1224
1605 100 888,72,1224,1224
1606 100 888,96,1224,1200
1607 100 888,96,1224,1200
1608 100 888,96,1224,1200
1609 100 888,96,1224,1200
1610 100 912,120,1224,1200
1611 100 936,120,1224,1200
1612 100 936,120,1224,1200
1613 100 936,120,1224,1224
1614 100 960,144,1224,1200
1615 100 960,144,1224,1200
1616 100 960,144,1224,1200
1617 100 960,144,1224,1200
1618 100 984,144,1224,1200
1619 100 984,144,1224,1200
1620 100 984,144,1224,1200
1621 100 984,144,1224,1200
1622 100 984,144,1224,1200
1623 100 984,144,1224,1200
1624 100 1008,144,1224,1200
1625 100 1008,144,1224,1200
1626 100 1008,144,1224,1224
1627 100 1008,144,1224,1224
1628 100 1008,168,1224,1200
1629 100 1008,168,1224,1200
1630 100 1032,168,1224,1200
1631 100 1032,168,1224,1200
1632 100 1032,144,1224,1224
1633 100 1032,144,1224,1200
1634 100 1032,144,1224,1200
1635 100 1008,144,1224,1200
1636 100 1008,144,1224,1200
1637 100 1008,144,1224,1200
1638 100 1008,120,1224,1224
1639 100 1008,120,1224,1224
1640 100 984,120,1224,1200
1641 100 984,120,1224,1200
1642 100 984,120,1224,1200
1643 100 984,120,1224,1200
1644 100 1008,120,1224,1200
1645 100 1008,120,1224,1224
1646 100 1008,144,1224,1200
1647 100 1008,144,1224,1200
1648 100 1032,144,1224,1224
1649 100 1032,144,1224,1224
1650 100 1056,168,1224,1224
1651 100 1056,168,1224,1224
1652 100 1104,192,1224,1200
1653 100 1104,192,1224,1200
1654 100 1104,216,1224,1200
1655 100 1104,216,1224,1200
1656 100 1152,240,1224,1224
1657 100 1152,264,1224,1200
1658 100 1152,264,1224,1200
1659 100 1152,264,1224,1200
1660 100 1152,264,1224,1224
1661 100 1152,264,1224,1224
1662 100 1176,288,1224,1200
1663 100 1176,288,1224,1200
1664 100 1176,288,1224,1200
1665 100 1176,288,1224,1200
1666 100 1176,288,1224,1200
1667 100 1176,288,1224,1224
1668 100 1176,312,1224,1200
1669 100 1176,312,1224,1200
1670 100 1176,312,1224,1200
1671 100 1176,312,1224,1200
1672 100 1176,312,1224,1200
1673 100 1176,312,1224,1200
1674 100 1176,312,1224,1224
1675 100 1176,312,1224,1224
1676 100 1176,312,1224,1224
1677 100 1176,312,1224,1224
1678 100 1176,312,1224,1224
1679 100 1176,336,1224,1200
1680 100 1200,336,1224,1200
1681 100 1200,336,1224,1200
1682 100 1200,336,1224,1200
1683 100 1200,336,1224,1200
1684 100 1224,336,1224,1200
1685 100 1224,336,1224,1200
1686 100 1224,336,1224,1200
1687 100 1224,336,1224,1200
1688 100 1224,336,1224,1200
1689 100 1224,312,1224,1224
1690 100 1224,312,1224,1224
1691 100 1224,312,1224,1224
1692 100 1224,312,1224,1224
1693 100 1224,312,1224,1224
1694 100 1224,336,1224,1200
1695 100 1224,336,1224,1200
1696 100 1248,336,1224,1200
1697 100 1248,336,1224,1200
1698 100 1248,336,1224,1200
1699 100 1248,312,1224,1224
1700 100 1248,312,1224,1224
1701 100 1248,312,1224,1224
1702 100 1248,312,1224,1200
1703 100 1248,312,1224,1200
1704 100 1248,312,1224,1200
1705 100 1272,312,1224,1200
1706 100 1248,312,1224,1200
1707 100 1248,312,1224,1200
1708 100 1248,312,1224,1200
1709 100 1248,312,1224,1200
1710 100 1248,312,1224,1200
1711 100 1248,312,1224,1200
1712 100 1248,312,1224,1200
1713 100 1248,312,1224,1200
1714 100 1248,312,1224,1200
1715 100 1248,312,1224,1200
1716 100 1248,312,1224,1200
1717 100 1248,312,1224,1200
1718 100 1248,312,1224,1200
1719 100 1248,312,1224,1200
1720 100 1248,312,1224,1200
1721 100 1248,312,1224,1200
1722 100 1248,312,1224,1200
1723 100 1248,312,1224,1200
1724 100 1248,312,1224,1200
1725 100 1248,312,1224,1200
1726 100 1248,312,1224,1224
1727 100 1248,312,1224,1224
1728 100 1248,312,1224,1224
1729 100 1248,336,1224,1200
1730 100 1248,336,1224,1200
1731 100 1248,336,1224,1200
1732 100 1248,336,1224,1200
1733 100 1248,336,1224,1224
1734 100 1248,336,1224,1224
1735 100 1248,336,1224,1224
1736 100 1248,360,1224,1200
1737 100 1248,360,1224,1200
1738 100 1248,360,1224,1200
1739 100 1224,360,1224,1200
1740 100 1200,360,1224,1224
1741 100 1200,360,1224,1224
1742 100 1200,360,1224,1200
1743 100 1152,360,1224,1200
1744 100 1152,360,1224,1200
1745 100 1152,360,1224,1200
1746 100 1128,360,1224,1200
1747 100 1104,360,1224,1200
1748 100 1104,360,1224,1200
1749 100 1104,360,1224,1200
1750 100 1080,360,1224,1200
1751 100 1056,360,1224,1200
1752 100 1056,360,1224,1224
1753 100 1056,360,1224,1224
1754 100 1032,360,1224,1200
1755 100 1032,360,1224,1200
1756 100 1032,360,1224,1200
1757 100 1032,360,1224,1200
1758 100 1032,360,1224,1200
1759 100 1032,360,1224,1200
1760 100 1032,360,1224,1200
1761 100 1032,360,1224,1200
1762 100 1032,360,1224,1224
1763 100 1032,360,1224,1224
1764 100 1032,360,1224,1224
1765 100 1032,360,1224,1224
1766 100 1032,360,1224,1224
1767 100 1032,384,1224,1200
1768 100 1032,384,1224,1200
1769 100 1032,384,1224,1200
1770 100 1032,384,1224,1200
1771 100 1032,384,1224,1200
1772 100 1032,384,1224,1200
1773 100 1032,384,1224,1200
1774 100 1032,384,1224,1200
1775 100 1032,384,1224,1200
1776 100 1032,384,1224,1200
1777 100 1032,384,1224,1200
1778 100 1032,384,1224,1200
1779 100 1032,384,1224,1200
1780 100 1032,384,1224,1200
1781 100 1032,384,1224,1200
1782 100 1032,384,1224,1200
1783 100 1032,384,1224,1200
1784 100 1032,384,1224,1200
1785 100 1032,384,1224,1200
1786 100 1032,384,1224,1200
1787 100 1032,384,1224,1224
1788 100 1032,384,1224,1224
1789 100 1032,384,1224,1224
1790 100 1032,408,1224,1200
1791 100 1032,408,1224,1200
1792 100 1032,408,1224,1200
1793 100 1032,408,1224,1200
1794 100 1032,408,1224,1200
1795 100 1032,408,1224,1200
1796 100 1032,408,1224,1224
1797 100 1032,408,1224,1224
1798 100 1032,408,1224,1224
1799 100 1032,408,1224,1224
1800 100 1032,432,1224,1200
1801 100 1008,432,1224,1200
1802 100 1008,432,1224,1200
1803 100 1008,432,1224,1200
1804 100 1008,432,1224,1200
1805 100 1008,432,1224,1200
1806 100 984,432,1224,1200
1807 100 984,432,1224,1200
1808 100 960,432,1224,1200
1809 100 960,432,1224,1200
1810 100 960,432,1224,1200
1811 100 936,432,1224,1200
1812 100 936,432,1224,1200
1813 100 936,432,1224,1200
1814 100 888,432,1224,1200
1815 100 888,432,1224,1200
1816 100 888,432,1224,1200
1817 100 864,432,1224,1200
1818 100 840,432,1224,1224
1819 100 840,432,1224,1224
1820 100 816,432,1224,1224
1821 100 816,432,1224,1224
1822 100 816,432,1224,1224
1823 100 792,432,1224,1224
1824 100 792,432,1224,1224
1825 100 792,432,1224,1224
1826 100 792,456,1224,1200
1827 100 792,456,1224,1200
1828 100 792,456,1224,1200
1829 100 768,456,1224,1200
1830 100 768,456,1224,1200
1831 100 768,456,1224,1200
1832 100 768,456,1224,1200
1833 100 768,456,1224,1200
1834 100 768,456,1224,1200
1835 100 768,456,1224,1200
1836 100 768,456,1224,1200
1837 100 768,456,1224,1200
1838 100 744,456,1224,1200
1839 100 744,456,1224,1200
1840 100 744,456,1224,1200
1841 100 720,456,1224,1200
1842 100 720,456,1224,1200
1843 100 720,456,1224,1200
1844 100 720,456,1224,1200
1845 100 720,456,1224,1224
1846 100 720,456,1224,1224
1847 100 720,456,1224,1200
1848 100 720,456,1224,1200
1849 100 720,456,1224,1200
1850 100 696,456,1224,1224
1851 100 696,456,1224,1224
1852 100 696,456,1224,1224
1853 100 672,456,1224,1200
1854 100 672,456,1224,1200
1855 100 672,456,1224,1200
1856 100 648,456,1224,1200
1857 100 624,432,1224,1224
1858 100 624,432,1224,1224
1859 100 624,432,1224,1224
1860 100 624,432,1224,1224
1861 100 624,432,1224,1224
1862 100 600,432,1224,1224
1863 100 600,432,1224,1224
1864 100 600,432,1224,1224
1865 100 600,432,1224,1224
1866 100 600,432,1224,1224
1867 100 600,432,1224,1224
1868 100 600,432,1224,1224
1869 100 624,432,1224,1224
1870 100 624,432,1224,1224
1871 100 624,432,1224,1224
1872 100 624,456,1224,1200
1873 100 624,456,1224,1200
1874 100 624,456,1224,1200
1875 100 624,456,1224,1200
1876 100 624,456,1224,1200
1877 100 624,456,1224,1200
1878 100 624,456,1224,1200
1879 100 624,456,1224,1200
1880 100 624,456,1224,1200
1881 100 624,456,1224,1200
1882 100 624,456,1224,1200
1883 100 624,456,1224,1200
1884 100 624,456,1224,1200
1885 100 624,456,1224,1200
1886 100 624,456,1224,1200
1887 100 624,456,1224,1200
1888 100 624,456,1224,1200
1889 100 624,456,1224,1200
1890 100 624,456,1224,1200
1891 100 648,456,1224,1200
1892 100 648,456,1224,1200
1893 100 648,456,1224,1200
1894 100 648,456,1224,1200
1895 100 648,456,1224,1200
1896 100 648,456,1224,1200
1897 100 648,456,1224,1200
1898 100 648,456,1224,1200
1899 100 648,456,1224,1200
1900 100 648,480,1224,1200
1901 100 672,480,1224,1224
1902 100 672,480,1224,1224
1903 100 672,504,1224,1200
1904 100 672,528,1224,1200
1905 100 672,528,1224,1200
1906 100 672,528,1224,1200
1907 100 672,528,1224,1200
1908 100 672,528,1224,1200
1909 100 672,528,1224,1200
1910 100 672,528,1224,1200
1911 100 672,528,1224,1200
1912 100 672,528,1224,1200
1913 100 672,528,1224,1200
1914 100 672,528,1224,1200
1915 100 672,528,1224,1200
1916 100 672,528,1224,1200
1917 100 696,528,1224,1200
1918 100 696,528,1224,1200
1919 100 696,528,1224,1200
1920 100 696,528,1224,1200
1921 100 696,528,1224,1200
1922 100 696,528,1224,1200
1923 100 696,504,1224,1224
1924 100 696,504,1224,1224
1925 100 720,504,1224,1200
1926 100 720,504,1224,1200
1927 100 720,504,1224,1200
1928 100 720,504,1224,1200
1929 100 720,504,1224,1200
1930 100 720,480,1224,1224
1931 100 720,480,1224,1224
1932 100 720,480,1224,1200
1933 100 720,480,1224,1200
1934 100 744,480,1224,1200
1935 100 744,456,1224,1224
1936 100 744,456,1224,1224
1937 100 744,456,1224,1200
1938 100 744,432,1224,1200
1939 100 744,432,1224,1200
1940 100 744,408,1224,1200
1941 100 744,408,1224,1200
1942 100 744,408,1224,1200
1943 100 744,408,1224,1200
1944 100 744,384,1224,1200
1945 100 744,384,1224,1200
1946 100 744,384,1224,1200
1947 100 744,360,1224,1200
1948 100 744,360,1224,1200
1949 100 744,360,1224,1200
1950 100 744,360,1224,1200
1951 100 744,336,1224,1200
1952 100 744,336,1224,1200
1953 100 744,336,1224,1200
1954 100 744,336,1224,1200
1955 100 744,336,1224,1200
1956 100 744,336,1224,1200
1957 100 768,336,1224,1224
1958 100 768,336,1224,1224
1959 100 768,360,1224,1200
1960 100 768,360,1224,1200
1961 100 792,360,1224,1200
1962 100 792,360,1224,1200
1963 100 792,360,1224,1200
1964 100 792,360,1224,1200
1965 100 792,360,1224,1200
1966 100 792,360,1224,1200
1967 100 792,360,1224,1200
1968 100 792,360,1224,1200
1969 100 792,360,1224,1200
1970 100 816,360,1224,1200
1971 100 816,360,1224,1200
1972 100 816,360,1224,1200
1973 100 816,360,1224,1200
1974 100 816,360,1224,1200
1975 100 816,360,1224,1200
1976 100 816,360,1224,1200
1977 100 816,360,1224,1224
1978 100 816,360,1224,1224
1979 100 816,360,1224,1224
1980 100 840,384,1224,1200
1981 100 840,384,1224,1200
1982 100 840,384,1224,1200
1983 100 840,384,1224,1200
1984 100 840,384,1224,1200
1985 100 864,384,1224,1200
1986 100 864,384,1224,1200
1987 100 864,384,1224,1200
1988 100 864,384,1224,1200
1989 100 864,384,1224,1200
1990 100 864,384,1224,1200
1991 100 864,384,1224,1200
1992 100 864,384,1224,1200
1993 100 864,384,1224,1200
1994 100 864,384,1224,1200
1995 100 864,384,1224,1200
1996 100 864,384,1224,1200
1997 100 864,384,1224,1224
1998 100 864,384,1224,1224
1999 100 864,384,1224,1224
2000 100 864,384,1224,1224
2001 100 888,384,1224,1224
2002 100 888,384,1224,1224
2003 100 888,384,1224,1224
2004 100 888,408,1224,1200
2005 100 888,408,1224,1200
2006 100 888,408,1224,1200
2007 100 888,408,1224,1200
2008 100 888,408,1224,1200
2009 100 888,408,1224,1200
2010 100 888,408,1224,1200
2011 100 888,408,1224,1200
2012 100 912,408,1224,1200
2013 100 912,408,1224,1200
2014 100 912,408,1224,1224
2015 100 912,408,1224,1224
2016 100 912,432,1224,1200
2017 100 912,432,1224,1200
2018 100 936,432,1224,1200
2019 100 936,432,1224,1224
2020 100 936,432,1224,1224
2021 100 960,456,1224,1200
2022 100 960,456,1224,1200
2023 100 960,456,1224,1200
2024 100 960,456,1224,1200
2025 100 960,456,1224,1200
2026 100 960,456,1224,1224
2027 100 960,456,1224,1224
2028 100 984,456,1224,1224
2029 100 984,456,1224,1224
2030 100 984,480,1224,1200
2031 100 984,480,1224,1200
2032 100 984,480,1224,1200
2033 100 1008,504,1224,1200
2034 100 1008,504,1224,1200
2035 100 1008,528,1224,1200
2036 100 1008,576,1224,1200
2037 100 1008,576,1224,1200
2038 100 1008,600,1224,1200
2039 100 1008,600,1224,1200
2040 100 984,624,1224,1200
2041 100 984,624,1224,1200
2042 100 984,624,1224,1200
2043 100 1008,624,1224,1200
2044 100 1008,624,1224,1200
2045 100 1008,624,1224,1200
2046 100 1008,624,1224,1200
2047 100 1008,624,1224,1200
2048 100 1008,624,1224,1200
2049 100 1008,624,1224,1200
2050 100 1008,624,1224,1200
2051 100 1008,624,1224,1200
2052 100 1008,624,1224,1200
2053 100 984,624,1224,1200
2054 100 984,624,1224,1200
2055 100 984,624,1224,1200
2056 100 984,624,1224,1200
2057 100 984,624,1224,1200
2058 100 984,624,1224,1200
2059 100 984,624,1224,1200
2060 100 984,624,1224,1200
2061 100 984,624,1224,1200
2062 100 984,624,1224,1200
2063 100 984,624,1224,1200
2064 100 984,624,1224,1200
2065 100 984,600,1224,1224
2066 100 984,600,1224,1224
2067 100 1008,600,1224,1224
2068 100 1008,600,1224,1224
2069 100 1008,600,1224,1200
2070 100 1008,600,1224,1200
2071 100 1008,600,1224,1200
2072 100 1008,600,1224,1200
2073 100 1008,600,1224,1200
2074 100 1008,576,1224,1224
2075 100 1032,576,1224,1200
2076 100 1032,576,1224,1200
2077 100 1032,552,1224,1224
2078 100 1032,552,1224,1224
2079 100 1056,552,1224,1200
2080 100 1056,552,1224,1200
2081 100 1056,528,1224,1200
2082 100 1056,528,1224,1200
2083 100 1056,528,1224,1200
2084 100 1056,528,1224,1200
2085 100 1056,528,1224,1200
2086 100 1080,504,1224,1224
2087 100 1080,504,1224,1200
2088 100 1080,504,1224,1200
2089 100 1056,504,1224,1200
2090 100 1056,504,1224,1200
2091 100 1056,504,1224,1200
2092 100 1056,480,1224,1224
2093 100 1056,480,1224,1224
2094 100 1032,480,1224,1200
2095 100 1032,480,1224,1200
2096 100 1032,480,1224,1200
2097 100 1032,456,1224,1224
2098 100 1032,456,1224,1224
