0 100 384,504,1224,1224
1 100 672,696,1224,1200
2 100 672,672,1224,1224
3 100 672,672,1224,1200
4 100 648,672,1224,1200
5 100 648,672,1224,1200
6 100 648,672,1224,1200
7 100 648,672,1224,1200
8 100 648,672,1224,1200
9 100 672,648,1224,1200
10 100 672,648,1224,1200
11 100 696,648,1224,1200
12 100 720,624,1224,1200
13 100 768,600,1224,1224
14 100 792,600,1224,1224
15 100 864,576,1224,1224
16 100 888,576,1224,1200
17 100 936,552,1224,1224
18 100 960,552,1224,1200
19 100 1008,528,1224,1224
20 100 1032,528,1224,1224
21 100 1080,528,1224,1224
22 100 1104,528,1224,1200
23 100 1152,528,1224,1224
24 100 1176,528,1224,1224
25 100 1200,528,1224,1224
26 100 1200,528,1224,1224
27 100 1200,528,1224,1200
28 100 1224,528,1224,1224
29 100 1224,528,1224,1224
30 100 1200,552,1224,1200
31 100 1200,552,1224,1200
32 100 1200,528,1224,1224
33 100 1200,528,1224,1224
34 100 1200,528,1224,1224
35 100 1200,528,1224,1224
36 100 1200,528,1224,1200
37 100 1200,528,1224,1200
38 100 1200,528,1224,1200
39 100 1200,528,1224,1200
40 100 1200,504,1224,1224
41 100 1200,504,1224,1224
42 100 1200,504,1224,1200
43 100 1224,504,1224,1200
44 100 1224,480,1224,1224
45 100 1224,480,1224,1200
46 100 1224,480,1224,1200
47 100 1248,480,1224,1200
48 100 1248,480,1224,1200
49 100 1248,480,1224,1200
50 100 1248,480,1224,1200
51 100 1272,480,1224,1200
52 100 1272,480,1224,1224
53 100 1296,480,1224,1224
54 100 1296,480,1224,1224
55 100 1296,480,1224,1224
56 100 1296,480,1224,1224
57 100 1296,480,1224,1224
58 100 1296,504,1224,1200
59 100 1296,480,1224,1224
60 100 1296,480,1224,1224
61 100 1296,480,1224,1224
62 100 1296,504,1224,1200
63 100 1296,480,1224,1200
64 100 1296,480,1224,1200
65 100 1296,480,1224,1200
66 100 1272,480,1224,1200
67 100 1272,480,1224,1200
68 100 1272,480,1224,1200
69 100 1272,480,1224,1200
70 100 1248,480,1224,1200
71 100 1248,480,1224,1200
72 100 1248,480,1224,1224
73 100 1248,504,1224,1200
74 100 1248,504,1224,1224
75 100 1248,504,1224,1200
76 100 1248,504,1224,1200
77 100 1272,504,1224,1200
78 100 1272,504,1224,1200
79 100 1272,504,1224,1200
80 100 1272,504,1224,1200
81 100 1272,480,1224,1224
82 100 1272,480,1224,1224
83 100 1272,480,1224,1224
84 100 1296,504,1224,1200
85 100 1296,504,1224,1200
86 100 1296,504,1224,1200
87 100 1296,504,1224,1224
88 100 1296,504,1224,1224
89 100 1296,504,1224,1224
90 100 1296,504,1224,1224
91 100 1296,504,1224,1200
92 100 1296,504,1224,1200
93 100 1296,504,1224,1200
94 100 1296,504,1224,1200
95 100 1296,504,1224,1200
96 100 1296,504,1224,1200
97 100 1296,480,1224,1224
98 100 1296,480,1224,1224
99 100 1320,480,1224,1224
100 100 1320,480,1224,1224
101 100 1320,480,1224,1224
102 100 1320,480,1224,1200
103 100 1320,480,1224,1200
104 100 1320,480,1224,1200
105 100 1320,480,1224,1224
106 100 1320,480,1224,1224
107 100 1320,480,1224,1224
108 100 1320,480,1224,1224
109 100 1320,480,1224,1224
110 100 1320,480,1224,1224
111 100 1320,480,1224,1224
112 100 1320,480,1224,1224
113 100 1320,480,1224,1224
114 100 1320,480,1224,1224
115 100 1320,480,1224,1224
116 100 1320,504,1224,1200
117 100 1320,504,1224,1200
118 100 1320,504,1224,1200
119 100 1320,480,1224,1224
120 100 1320,504,1224,1200
121 100 1320,480,1224,1224
122 100 1320,480,1224,1224
123 100 1320,480,1224,1224
124 100 1320,480,1224,1224
125 100 1320,480,1224,1224
126 100 1320,480,1224,1224
127 100 1320,480,1224,1224
128 100 1320,480,1224,1224
129 100 1320,480,1224,1224
130 100 1320,480,1224,1200
131 100 1320,480,1224,1200
132 100 1320,480,1224,1200
133 100 1320,480,1224,1200
134 100 1320,480,1224,1200
135 100 1320,480,1224,1200
136 100 1320,456,1224,1224
137 100 1320,456,1224,1224
138 100 1320,456,1224,1224
139 100 1320,456,1224,1224
140 100 1320,456,1224,1224
141 100 1320,456,1224,1224
142 100 1320,456,1224,1224
143 100 1320,456,1224,1224
144 100 1320,456,1224,1224
145 100 1320,456,1224,1224
146 100 1320,456,1224,1224
147 100 1320,456,1224,1224
148 100 1320,456,1224,1224
149 100 1320,456,1224,1224
150 100 1320,456,1224,1224
151 100 1320,456,1224,1224
152 100 1320,456,1224,1224
153 100 1320,456,1224,1224
154 100 1320,456,1224,1224
155 100 1320,456,1224,1224
156 100 1320,456,1224,1224
157 100 1320,456,1224,1224
158 100 1320,456,1224,1224
159 100 1320,456,1224,1224
160 100 1320,456,1224,1224
161 100 1320,480,1224,1200
162 100 1320,480,1224,1200
163 100 1320,480,1224,1200
164 100 1320,480,1224,1200
165 100 1320,480,1224,1200
166 100 1320,480,1224,1200
167 100 1320,480,1224,1200
168 100 1320,480,1224,1200
169 100 1320,480,1224,1200
170 100 1344,480,1224,1200
171 100 1344,480,1224,1200
172 100 1344,480,1224,1200
173 100 1344,480,1224,1200
174 100 1344,480,1224,1200
175 100 1344,480,1224,1200
176 100 1344,480,1224,1224
177 100 1344,480,1224,1200
178 100 1344,480,1224,1200
179 100 1344,480,1224,1200
180 100 1344,480,1224,1200
181 100 1344,480,1224,1224
182 100 1344,480,1224,1224
183 100 1344,480,1224,1224
184 100 1344,480,1224,1200
185 100 1344,480,1224,1224
186 100 1344,480,1224,1224
187 100 1344,480,1224,1224
188 100 1344,480,1224,1224
189 100 1320,480,1224,1224
190 100 1320,480,1224,1224
191 100 1320,480,1224,1224
192 100 1320,480,1224,1224
193 100 1320,480,1224,1224
194 100 1320,480,1224,1200
195 100 1320,480,1224,1200
196 100 1320,480,1224,1200
197 100 1320,480,1224,1200
198 100 1320,480,1224,1200
199 100 1320,480,1224,1224
200 100 1320,480,1224,1224
201 100 1320,480,1224,1200
202 100 1320,480,1224,1200
203 100 1320,480,1224,1200
204 100 1320,480,1224,1200
205 100 1320,480,1224,1200
206 100 1320,480,1224,1200
207 100 1320,480,1224,1200
208 100 1320,480,1224,1200
209 100 1320,480,1224,1224
210 100 1344,504,1224,1200
211 100 1344,480,1224,1224
212 100 1344,504,1224,1200
213 100 1320,504,1224,1200
214 100 1320,504,1224,1200
215 100 1320,504,1224,1200
216 100 1296,504,1224,1200
217 100 1272,480,1224,1224
218 100 1272,504,1224,1200
219 100 1248,504,1224,1200
220 100 1224,504,1224,1200
221 100 1224,504,1224,1200
222 100 1176,504,1224,1200
223 100 1152,504,1224,1200
224 100 1128,504,1224,1200
225 100 1104,504,1224,1200
226 100 1080,504,1224,1200
227 100 1056,480,1224,1224
228 100 1032,480,1224,1200
229 100 1032,480,1224,1200
230 100 1032,480,1224,1224
231 100 1032,480,1224,1224
232 100 1008,480,1224,1224
233 100 1008,480,1224,1200
234 100 1008,480,1224,1200
235 100 1008,480,1224,1200
236 100 984,480,1224,1200
237 100 984,480,1224,1200
238 100 984,480,1224,1200
239 100 984,480,1224,1200
240 100 1008,480,1224,1200
241 100 1008,480,1224,1200
242 100 984,480,1224,1200
243 100 984,480,1224,1200
244 100 984,480,1224,1200
245 100 960,480,1224,1200
246 100 960,480,1224,1200
247 100 960,480,1224,1200
248 100 960,480,1224,1200
249 100 960,480,1224,1200
250 100 960,480,1224,1200
251 100 960,480,1224,1200
252 100 984,480,1224,1200
253 100 1008,480,1224,1200
254 100 1008,480,1224,1200
255 100 1032,480,1224,1200
256 100 1032,480,1224,1200
257 100 1032,480,1224,1200
258 100 1032,480,1224,1200
259 100 1056,480,1224,1200
260 100 1056,480,1224,1200
261 100 1080,480,1224,1224
262 100 1104,480,1224,1224
263 100 1104,480,1224,1200
264 100 1128,480,1224,1200
265 100 1128,480,1224,1200
266 100 1128,480,1224,1200
267 100 1128,480,1224,1200
268 100 1128,480,1224,1200
269 100 1128,480,1224,1200
270 100 1128,480,1224,1200
271 100 1152,480,1224,1200
272 100 1176,480,1224,1200
273 100 1224,480,1224,1224
274 100 1248,480,1224,1200
275 100 1272,480,1224,1200
276 100 1296,480,1224,1200
277 100 1296,480,1224,1200
278 100 1320,480,1224,1200
279 100 1344,480,1224,1200
280 100 1344,480,1224,1200
281 100 1368,480,1224,1200
282 100 1368,480,1224,1200
283 100 1368,480,1224,1200
284 100 1392,480,1224,1200
285 100 1392,480,1224,1200
286 100 1392,480,1224,1200
287 100 1392,480,1224,1200
288 100 1392,480,1224,1200
289 100 1392,480,1224,1224
290 100 1368,480,1224,1200
291 100 1368,480,1224,1200
292 100 1368,480,1224,1200
293 100 1368,480,1224,1200
294 100 1368,480,1224,1200
295 100 1368,480,1224,1200
296 100 1368,480,1224,1200
297 100 1344,480,1224,1200
298 100 1344,480,1224,1224
299 100 1344,480,1224,1200
300 100 1320,480,1224,1200
301 100 1320,480,1224,1224
302 100 1296,504,1224,1200
303 100 1272,504,1224,1200
304 100 1224,504,1224,1200
305 100 1176,504,1224,1224
306 100 1128,504,1224,1224
307 100 1080,504,1224,1224
308 100 1032,504,1224,1224
309 100 984,504,1224,1224
310 100 912,528,1224,1200
311 100 864,528,1224,1200
312 100 816,528,1224,1200
313 100 768,528,1224,1200
314 100 744,528,1224,1200
315 100 720,528,1224,1200
316 100 696,528,1224,1224
317 100 648,552,1224,1200
318 100 624,552,1224,1200
319 100 600,552,1224,1200
320 100 576,552,1224,1200
321 100 552,552,1224,1224
322 100 504,552,1224,1224
323 100 480,576,1224,1200
324 100 456,576,1224,1200
325 100 408,576,1224,1200
326 100 384,576,1224,1200
327 100 360,576,1224,1200
328 100 336,576,1224,1224
329 100 336,576,1224,1224
330 100 312,600,1224,1200
331 100 312,600,1224,1200
332 100 288,600,1224,1200
333 100 288,600,1224,1200
334 100 264,600,1224,1200
335 100 240,600,1224,1200
336 100 216,576,1224,1224
337 100 216,576,1224,1224
338 100 192,576,1224,1224
339 100 192,576,1224,1224
340 100 168,576,1224,1224
341 100 168,576,1224,1224
342 100 168,576,1224,1224
343 100 168,576,1224,1200
344 100 144,552,1224,1224
345 100 144,552,1224,1224
346 100 120,552,1224,1200
347 100 96,552,1224,1200
348 100 48,528,1224,1224
349 100 0,528,1224,1224
350 100 0,552,1224,1200
351 100 0,552,1224,1200
352 100 24,552,1224,1200
353 100 24,552,1224,1200
354 100 0,552,1224,1200
355 100 0,552,1224,1224
356 100 0,552,1224,1200
357 100 24,552,1224,1200
358 100 0,552,1224,1200
359 100 24,552,1224,1200
360 100 0,552,1224,1200
361 100 0,552,1224,1200
362 100 0,552,1224,1200
363 100 0,552,1224,1200
364 100 24,552,1224,1200
365 100 24,552,1224,1200
366 100 24,552,1224,1200
367 100 24,552,1224,1200
368 100 24,552,1224,1200
369 100 0,552,1224,1200
370 100 24,552,1224,1200
371 100 96,552,1224,1200
372 100 144,552,1224,1200
373 100 192,552,1224,1200
374 100 240,552,1224,1200
375 100 264,552,1224,1200
376 100 312,552,1224,1200
377 100 360,552,1224,1200
378 100 408,552,1224,1200
379 100 432,552,1224,1200
380 100 456,552,1224,1200
381 100 480,552,1224,1200
382 100 504,528,1224,1224
383 100 552,528,1224,1224
384 100 576,528,1224,1224
385 100 624,528,1224,1200
386 100 672,528,1224,1200
387 100 720,528,1224,1200
388 100 744,528,1224,1200
389 100 768,528,1224,1200
390 100 792,528,1224,1200
391 100 840,528,1224,1200
392 100 864,504,1224,1224
393 100 888,504,1224,1200
394 100 912,504,1224,1200
395 100 936,504,1224,1200
396 100 936,504,1224,1200
397 100 960,504,1224,1200
398 100 960,504,1224,1200
399 100 960,480,1224,1224
400 100 960,480,1224,1224
401 100 984,504,1224,1200
402 100 984,504,1224,1200
403 100 1008,504,1224,1200
404 100 1008,504,1224,1200
405 100 1032,480,1224,1224
406 100 1032,480,1224,1224
407 100 1032,480,1224,1224
408 100 1032,480,1224,1224
409 100 1032,480,1224,1224
410 100 1032,480,1224,1224
411 100 1032,480,1224,1200
412 100 1032,480,1224,1224
413 100 1032,480,1224,1224
414 100 1032,480,1224,1224
415 100 1032,480,1224,1200
416 100 1056,480,1224,1200
417 100 1056,480,1224,1200
418 100 1056,480,1224,1224
419 100 1056,480,1224,1224
420 100 1056,480,1224,1224
421 100 1056,480,1224,1224
422 100 1056,480,1224,1224
423 100 1056,480,1224,1224
424 100 1056,480,1224,1224
425 100 1056,480,1224,1224
426 100 1056,480,1224,1224
427 100 1080,480,1224,1224
428 100 1080,480,1224,1224
429 100 1080,480,1224,1224
430 100 1104,480,1224,1224
431 100 1104,480,1224,1200
432 100 1128,480,1224,1200
433 100 1128,480,1224,1200
434 100 1152,480,1224,1200
435 100 1152,480,1224,1200
436 100 1176,480,1224,1200
437 100 1176,480,1224,1200
438 100 1200,480,1224,1200
439 100 1200,480,1224,1200
440 100 1176,480,1224,1200
441 100 1176,480,1224,1200
442 100 1176,480,1224,1200
443 100 1176,480,1224,1200
444 100 1176,480,1224,1200
445 100 1176,480,1224,1200
446 100 1176,480,1224,1200
447 100 1176,480,1224,1200
448 100 1176,480,1224,1200
449 100 1176,480,1224,1200
450 100 1176,480,1224,1200
451 100 1176,480,1224,1200
452 100 1176,480,1224,1200
453 100 1176,480,1224,1200
454 100 1176,480,1224,1200
455 100 1152,480,1224,1200
456 100 1128,456,1224,1200
457 100 1080,408,1224,1224
458 100 1008,384,1224,1200
459 100 984,360,1224,1200
460 100 960,336,1224,1224
461 100 912,312,1224,1224
462 100 912,312,1224,1224
463 100 912,312,1224,1224
464 100 912,336,1224,1200
465 100 912,336,1224,1200
466 100 912,336,1224,1224
467 100 936,360,1224,1200
468 100 936,360,1224,1200
469 100 936,360,1224,1200
470 100 936,360,1224,1224
471 100 960,384,1224,1200
472 100 960,384,1224,1200
473 100 960,384,1224,1200
474 100 960,384,1224,1224
475 100 960,384,1224,1200
476 100 960,384,1224,1224
477 100 984,408,1224,1200
478 100 1008,408,1224,1200
479 100 1008,408,1224,1200
480 100 1008,408,1224,1200
481 100 1008,408,1224,1200
482 100 1008,408,1224,1200
483 100 1008,408,1224,1200
484 100 1008,408,1224,1200
485 100 1008,408,1224,1224
486 100 984,408,1224,1224
487 100 984,432,1224,1200
488 100 960,432,1224,1200
489 100 936,432,1224,1200
490 100 912,432,1224,1200
491 100 912,432,1224,1200
492 100 888,432,1224,1200
493 100 864,432,1224,1200
494 100 840,432,1224,1200
495 100 840,432,1224,1200
496 100 840,432,1224,1200
497 100 840,432,1224,1224
498 100 840,432,1224,1224
499 100 840,432,1224,1224
500 100 840,456,1224,1200
501 100 840,456,1224,1200
502 100 864,456,1224,1200
503 100 864,456,1224,1200
504 100 912,456,1224,1200
505 100 936,456,1224,1200
506 100 984,456,1224,1200
507 100 1032,456,1224,1200
508 100 1056,456,1224,1200
509 100 1080,456,1224,1200
510 100 1104,456,1224,1200
511 100 1104,456,1224,1200
512 100 1104,456,1224,1200
513 100 1104,456,1224,1200
514 100 1104,456,1224,1200
515 100 1104,456,1224,1200
516 100 1104,456,1224,1200
517 100 1128,456,1224,1200
518 100 1128,456,1224,1200
519 100 1128,456,1224,1200
520 100 1128,456,1224,1200
521 100 1152,456,1224,1200
522 100 1152,456,1224,1200
523 100 1152,456,1224,1200
524 100 1152,456,1224,1200
525 100 1152,456,1224,1200
526 100 1152,456,1224,1200
527 100 1152,456,1224,1200
528 100 1152,456,1224,1200
529 100 1152,456,1224,1200
530 100 1152,456,1224,1200
531 100 1176,456,1224,1200
532 100 1176,456,1224,1200
533 100 1176,456,1224,1200
534 100 1176,456,1224,1200
535 100 1176,456,1224,1200
536 100 1176,456,1224,1200
537 100 1176,456,1224,1200
538 100 1176,456,1224,1200
539 100 1176,456,1224,1200
540 100 1176,456,1224,1200
541 100 1176,456,1224,1200
542 100 1176,456,1224,1200
543 100 1176,456,1224,1200
544 100 1200,456,1224,1200
545 100 1200,456,1224,1200
546 100 1200,456,1224,1200
547 100 1224,456,1224,1200
548 100 1248,456,1224,1200
549 100 1272,456,1224,1200
550 100 1296,456,1224,1200
551 100 1296,456,1224,1200
552 100 1296,456,1224,1200
553 100 1296,456,1224,1200
554 100 1296,456,1224,1200
555 100 1296,456,1224,1200
556 100 1296,456,1224,1200
557 100 1296,456,1224,1200
558 100 1296,456,1224,1200
559 100 1296,456,1224,1200
560 100 1296,456,1224,1200
561 100 1296,456,1224,1200
562 100 1296,456,1224,1200
563 100 1296,456,1224,1200
564 100 1296,456,1224,1200
565 100 1320,456,1224,1200
566 100 1320,456,1224,1200
567 100 1320,456,1224,1200
568 100 1320,456,1224,1200
569 100 1320,456,1224,1200
570 100 1320,456,1224,1200
571 100 1320,456,1224,1200
572 100 1296,456,1224,1200
573 100 1296,456,1224,1200
574 100 1296,456,1224,1200
575 100 1296,456,1224,1200
576 100 1296,456,1224,1200
577 100 1296,456,1224,1200
578 100 1296,456,1224,1200
579 100 1296,456,1224,1200
580 100 1296,456,1224,1200
581 100 1296,456,1224,1200
582 100 1320,456,1224,1200
583 100 1320,456,1224,1200
584 100 1320,456,1224,1200
585 100 1320,456,1224,1200
586 100 1296,456,1224,1200
587 100 1296,456,1224,1200
588 100 1272,456,1224,1200
589 100 1248,456,1224,1200
590 100 1224,456,1224,1200
591 100 1224,456,1224,1224
592 100 1200,456,1224,1224
593 100 1200,456,1224,1200
594 100 1200,456,1224,1224
595 100 1200,480,1224,1200
596 100 1200,480,1224,1200
597 100 1200,480,1224,1200
598 100 1176,480,1224,1200
599 100 1176,480,1224,1224
600 100 1176,480,1224,1200
601 100 1152,480,1224,1224
602 100 1152,504,1224,1200
603 100 1152,504,1224,1200
604 100 1152,504,1224,1200
605 100 1128,504,1224,1200
606 100 1128,504,1224,1200
607 100 1128,504,1224,1200
608 100 1128,504,1224,1200
609 100 1128,504,1224,1224
610 100 1128,504,1224,1224
611 100 1104,528,1224,1200
612 100 1104,528,1224,1200
613 100 1104,528,1224,1200
614 100 1104,528,1224,1224
615 100 1104,552,1224,1200
616 100 1104,552,1224,1200
617 100 1104,552,1224,1200
618 100 1104,552,1224,1200
619 100 1104,552,1224,1200
620 100 1104,552,1224,1200
621 100 1104,552,1224,1200
622 100 1104,552,1224,1200
623 100 1104,552,1224,1200
624 100 1104,552,1224,1200
625 100 1104,552,1224,1200
626 100 1104,552,1224,1224
627 100 1104,552,1224,1224
628 100 1104,552,1224,1224
629 100 1080,552,1224,1224
630 100 1104,552,1224,1224
631 100 1104,552,1224,1224
632 100 1104,552,1224,1224
633 100 1104,552,1224,1200
634 100 1128,552,1224,1200
635 100 1152,552,1224,1200
636 100 1152,552,1224,1200
637 100 1176,552,1224,1200
638 100 1200,552,1224,1200
639 100 1200,552,1224,1200
640 100 1224,552,1224,1200
641 100 1224,528,1224,1224
642 100 1248,528,1224,1224
643 100 1248,528,1224,1224
644 100 1248,528,1224,1224
645 100 1272,528,1224,1200
646 100 1296,528,1224,1200
647 100 1296,528,1224,1200
648 100 1296,528,1224,1200
649 100 1296,504,1224,1224
650 100 1296,504,1224,1200
651 100 1296,480,1224,1224
652 100 1296,480,1224,1200
653 100 1296,480,1224,1200
654 100 1296,456,1224,1200
655 100 1296,456,1224,1200
656 100 1296,456,1224,1200
657 100 1296,456,1224,1200
658 100 1296,456,1224,1200
659 100 1296,456,1224,1200
660 100 1320,456,1224,1200
661 100 1320,456,1224,1200
662 100 1320,456,1224,1200
663 100 1320,456,1224,1200
664 100 1320,456,1224,1200
665 100 1320,456,1224,1200
666 100 1320,456,1224,1200
667 100 1344,456,1224,1224
668 100 1344,456,1224,1224
669 100 1344,456,1224,1224
670 100 1344,480,1224,1200
671 100 1344,480,1224,1200
672 100 1344,480,1224,1200
673 100 1344,480,1224,1200
674 100 1368,480,1224,1200
675 100 1368,480,1224,1200
676 100 1368,480,1224,1200
677 100 1392,480,1224,1200
678 100 1416,480,1224,1224
679 100 1440,480,1224,1224
680 100 1464,480,1224,1224
681 100 1512,480,1224,1224
682 100 1536,480,1224,1224
683 100 1560,480,1224,1224
684 100 1584,504,1224,1200
685 100 1584,504,1224,1200
686 100 1608,504,1224,1200
687 100 1608,504,1224,1200
688 100 1632,480,1224,1224
689 100 1656,480,1224,1224
690 100 1656,480,1224,1224
691 100 1680,480,1224,1224
692 100 1680,480,1224,1200
693 100 1680,480,1224,1200
694 100 1704,480,1224,1200
695 100 1704,480,1224,1200
696 100 1728,480,1224,1200
697 100 1728,480,1224,1200
698 100 1752,480,1224,1200
699 100 1776,480,1224,1200
700 100 1800,480,1224,1200
701 100 1824,480,1224,1200
702 100 1824,480,1224,1200
703 100 1848,480,1224,1200
704 100 1872,480,1224,1200
705 100 1872,480,1224,1200
706 100 1896,480,1224,1224
707 100 1896,480,1224,1224
708 100 1920,480,1224,1224
709 100 1920,480,1224,1224
710 100 1920,480,1224,1224
711 100 1944,504,1224,1200
712 100 1944,504,1224,1200
713 100 1968,504,1224,1200
714 100 1968,504,1224,1200
715 100 1992,504,1224,1200
716 100 1992,504,1224,1200
717 100 2016,504,1224,1200
718 100 2040,504,1224,1200
719 100 2040,504,1224,1200
720 100 2040,504,1224,1200
721 100 2064,504,1224,1200
722 100 2064,504,1224,1200
723 100 2064,504,1224,1200
724 100 2088,504,1224,1200
725 100 2088,504,1224,1200
726 100 2112,504,1224,1200
727 100 2112,504,1224,1200
728 100 2112,504,1224,1200
729 100 2136,504,1224,1200
730 100 2136,504,1224,1200
731 100 2136,504,1224,1200
732 100 2136,504,1224,1200
733 100 2136,504,1224,1200
734 100 2136,504,1224,1200
735 100 2136,504,1224,1200
736 100 2160,504,1224,1200
737 100 2160,504,1224,1200
738 100 2160,504,1224,1200
739 100 2160,504,1224,1200
740 100 2160,504,1224,1200
741 100 2160,504,1224,1200
742 100 2160,504,1224,1200
743 100 2160,504,1224,1200
744 100 2184,504,1224,1200
745 100 2160,504,1224,1200
746 100 2160,504,1224,1200
747 100 2160,504,1224,1200
748 100 2136,504,1224,1200
749 100 2088,504,1224,1200
750 100 2064,504,1224,1200
751 100 2040,504,1224,1200
752 100 2016,504,1224,1200
753 100 1992,504,1224,1200
754 100 1968,480,1224,1224
755 100 1944,480,1224,1224
756 100 1920,480,1224,1200
757 100 1896,480,1224,1200
758 100 1872,480,1224,1200
759 100 1872,480,1224,1200
760 100 1848,480,1224,1200
761 100 1848,480,1224,1200
762 100 1824,480,1224,1200
763 100 1824,480,1224,1200
764 100 1824,480,1224,1200
765 100 1824,480,1224,1200
766 100 1824,480,1224,1200
767 100 1824,480,1224,1200
768 100 1824,480,1224,1200
769 100 1800,480,1224,1200
770 100 1800,480,1224,1200
771 100 1800,480,1224,1200
772 100 1776,480,1224,1200
773 100 1776,456,1224,1224
774 100 1776,456,1224,1224
775 100 1776,456,1224,1224
776 100 1752,456,1224,1224
777 100 1752,456,1224,1224
778 100 1752,456,1224,1224
779 100 1728,456,1224,1224
780 100 1728,456,1224,1200
781 100 1728,456,1224,1200
782 100 1704,456,1224,1200
783 100 1704,456,1224,1200
784 100 1704,456,1224,1200
785 100 1704,456,1224,1200
786 100 1680,456,1224,1200
787 100 1680,456,1224,1200
788 100 1680,456,1224,1200
789 100 1656,456,1224,1200
790 100 1656,456,1224,1200
791 100 1656,456,1224,1200
792 100 1656,456,1224,1200
793 100 1632,456,1224,1200
794 100 1632,456,1224,1200
795 100 1608,456,1224,1200
796 100 1608,456,1224,1200
797 100 1584,456,1224,1200
798 100 1584,456,1224,1200
799 100 1560,456,1224,1200
800 100 1536,456,1224,1200
801 100 1536,456,1224,1200
802 100 1512,456,1224,1200
803 100 1488,456,1224,1200
804 100 1488,456,1224,1200
805 100 1464,456,1224,1200
806 100 1464,456,1224,1200
807 100 1440,456,1224,1200
808 100 1440,456,1224,1200
809 100 1416,456,1224,1200
810 100 1392,456,1224,1200
811 100 1392,456,1224,1224
812 100 1392,456,1224,1224
813 100 1368,456,1224,1224
814 100 1368,456,1224,1224
815 100 1344,480,1224,1200
816 100 1320,456,1224,1224
817 100 1296,456,1224,1224
818 100 1296,456,1224,1224
819 100 1272,480,1224,1200
820 100 1248,480,1224,1200
821 100 1248,480,1224,1200
822 100 1224,480,1224,1200
823 100 1200,480,1224,1200
824 100 1200,480,1224,1224
825 100 1176,480,1224,1224
826 100 1176,480,1224,1224
827 100 1152,480,1224,1224
828 100 1128,480,1224,1224
829 100 1128,480,1224,1224
830 100 1104,480,1224,1224
831 100 1104,504,1224,1200
832 100 1080,504,1224,1200
833 100 1080,504,1224,1200
834 100 1056,504,1224,1200
835 100 1056,480,1224,1224
836 100 1032,480,1224,1200
837 100 1032,480,1224,1200
838 100 1008,456,1224,1200
839 100 1008,432,1224,1224
840 100 984,432,1224,1200
841 100 984,408,1224,1200
842 100 960,384,1224,1200
843 100 960,360,1224,1224
844 100 936,360,1224,1200
845 100 936,336,1224,1224
846 100 912,336,1224,1200
847 100 888,312,1224,1200
848 100 864,312,1224,1200
849 100 840,288,1224,1200
850 100 816,288,1224,1200
851 100 792,264,1224,1200
852 100 744,240,1224,1224
853 100 720,240,1224,1200
854 100 672,216,1224,1200
855 100 648,216,1224,1200
856 100 648,192,1224,1200
857 100 624,192,1224,1200
858 100 600,168,1224,1200
859 100 576,168,1224,1200
860 100 552,144,1224,1200
861 100 528,144,1224,1200
862 100 528,144,1224,1200
863 100 504,120,1224,1224
864 100 504,120,1224,1200
865 100 504,120,1224,1200
866 100 480,120,1224,1200
867 100 480,96,1224,1224
868 100 456,96,1224,1224
869 100 456,96,1224,1224
870 100 432,96,1224,1200
871 100 432,96,1224,1200
872 100 432,96,1224,1200
873 100 408,96,1224,1200
874 100 408,96,1224,1200
875 100 384,72,1224,1224
876 100 384,72,1224,1224
877 100 360,72,1224,1200
878 100 336,72,1224,1200
879 100 312,72,1224,1200
880 100 288,72,1224,1200
881 100 264,72,1224,1200
882 100 240,48,1224,1224
883 100 240,48,1224,1200
884 100 216,48,1224,1200
885 100 192,48,1224,1200
886 100 192,48,1224,1200
887 100 192,48,1224,1200
888 100 168,48,1224,1200
889 100 0,24,1224,1224
890 100 72,24,1224,1224
891 100 0,24,1224,1224
892 100 24,24,1224,1224
893 100 0,24,1224,1224
894 100 0,24,1224,1200
895 100 0,24,1224,1200
896 100 0,24,1224,1200
897 100 0,24,1224,1200
898 100 0,24,1224,1200
899 100 0,24,1224,1200
900 100 0,24,1224,1200
901 100 0,24,1224,1200
902 100 0,24,1224,1200
903 100 0,24,1224,1200
904 100 0,24,1224,1200
905 100 0,24,1224,1200
906 100 24,24,1224,1200
907 100 0,24,1224,1200
908 100 24,24,1224,1200
909 100 24,24,1224,1200
910 100 24,24,1224,1200
911 100 24,24,1224,1200
912 100 24,24,1224,1200
913 100 0,24,1224,1200
914 100 0,24,1224,1200
915 100 0,24,1224,1200
916 100 0,24,1224,1200
917 100 0,24,1224,1200
918 100 0,24,1224,1200
919 100 0,24,1224,1200
920 100 0,24,1224,1200
921 100 0,24,1224,1200
922 100 0,24,1224,1200
923 100 0,24,1224,1200
924 100 0,24,1224,1200
925 100 0,24,1224,1200
926 100 0,24,1224,1224
927 100 0,24,1224,1200
928 100 0,24,1224,1224
929 100 24,24,1224,1224
930 100 24,24,1224,1200
931 100 24,24,1224,1200
932 100 24,24,1224,1224
933 100 24,24,1224,1224
934 100 24,24,1224,1224
935 100 24,24,1224,1200
936 100 24,24,1224,1200
937 100 0,24,1224,1200
938 100 0,24,1224,1200
939 100 24,24,1224,1200
940 100 24,24,1224,1176
941 100 24,24,1224,1176
942 100 0,24,1224,1176
943 100 0,24,1224,1176
944 100 0,24,1224,1176
945 100 24,24,1224,1176
946 100 0,24,1224,1176
947 100 0,24,1224,1176
948 100 0,24,1224,1176
949 100 0,24,1224,1176
950 100 0,24,1224,1176
951 100 0,24,1224,1176
952 100 0,24,1224,1176
953 100 0,24,1224,1176
954 100 0,24,1224,1176
955 100 0,24,1224,1176
956 100 0,24,1224,1176
957 100 0,24,1224,1176
958 100 24,24,1224,1152
959 100 24,24,1224,1152
960 100 0,24,1224,1152
961 100 0,24,1224,1152
962 100 0,24,1224,1128
963 100 48,24,1224,1128
964 100 48,24,1224,1128
965 100 48,24,1224,1128
966 100 48,24,1224,1104
967 100 0,24,1224,1104
968 100 0,24,1224,1104
969 100 0,24,1224,1104
970 100 24,24,1224,1104
971 100 24,24,1224,1104
972 100 48,24,1224,1104
973 100 72,24,1224,1104
974 100 96,24,1224,1104
975 100 24,24,1224,1104
976 100 48,24,1224,1104
977 100 96,24,1224,1104
978 100 120,24,1224,1104
979 100 144,24,1224,1104
980 100 144,24,1224,1104
981 100 168,24,1224,1128
982 100 168,24,1224,1128
983 100 192,24,1224,1128
984 100 192,24,1224,1104
985 100 0,24,1224,1128
986 100 0,24,1224,1104
987 100 0,24,1224,1104
988 100 0,24,1224,1104
989 100 0,24,1224,1104
990 100 0,24,1224,1104
991 100 0,24,1224,1104
992 100 0,24,1224,1104
993 100 0,24,1224,1104
994 100 0,24,1224,1104
995 100 0,24,1224,1104
996 100 0,24,1224,1104
997 100 0,24,1224,1104
998 100 0,24,1224,1104
999 100 0,24,1224,1104
1000 100 0,24,1224,1104
1001 100 72,24,1224,1104
1002 100 0,24,1224,1104
1003 100 0,24,1224,1104
1004 100 0,24,1224,1104
1005 100 0,24,1224,1104
1006 100 0,24,1224,1104
1007 100 0,24,1224,1104
1008 100 0,24,1224,1104
1009 100 0,24,1224,1104
1010 100 0,24,1224,1104
1011 100 0,24,1224,1104
1012 100 0,24,1224,1104
1013 100 0,24,1224,1104
1014 100 0,24,1224,1104
1015 100 0,24,1224,1104
1016 100 0,24,1224,1104
1017 100 0,24,1224,1104
1018 100 0,24,1224,1104
1019 100 0,24,1224,1104
1020 100 0,24,1224,1128
1021 100 0,24,1224,1128
1022 100 0,24,1224,1128
1023 100 0,24,1224,1128
1024 100 0,24,1224,1128
1025 100 0,24,1224,1128
1026 100 0,24,1224,1128
1027 100 0,24,1224,1128
1028 100 0,24,1224,1128
1029 100 0,24,1224,1128
1030 100 0,24,1224,1128
1031 100 0,24,1224,1128
1032 100 0,24,1224,1128
1033 100 0,24,1224,1128
1034 100 0,24,1224,1128
1035 100 0,24,1224,1128
1036 100 0,24,1224,1152
1037 100 0,24,1224,1152
1038 100 0,24,1224,1152
1039 100 0,24,1224,1152
1040 100 0,24,1224,1176
1041 100 0,24,1224,1176
1042 100 0,24,1224,1200
1043 100 0,24,1224,1200
1044 100 0,24,1224,1224
1045 100 1032,48,1224,1200
1046 100 1056,72,1224,1200
1047 100 1056,72,1224,1224
1048 100 1080,96,1224,1200
1049 100 1080,96,1224,1224
1050 100 1104,120,1224,1200
1051 100 1128,144,1224,1200
1052 100 1152,144,1224,1224
1053 100 1152,168,1224,1200
1054 100 1176,192,1224,1200
1055 100 1176,192,1224,1224
1056 100 1200,216,1224,1200
1057 100 1200,216,1224,1224
1058 100 1224,240,1224,1200
1059 100 1224,264,1224,1200
1060 100 1248,264,1224,1224
1061 100 1248,288,1224,1200
1062 100 1272,288,1224,1200
1063 100 1272,288,1224,1224
1064 100 1296,312,1224,1200
1065 100 1296,312,1224,1200
1066 100 1320,336,1224,1200
1067 100 1320,336,1224,1200
1068 100 1344,336,1224,1224
1069 100 1344,336,1224,1224
1070 100 1368,336,1224,1224
1071 100 1392,360,1224,1200
1072 100 1416,336,1224,1224
1073 100 1440,336,1224,1200
1074 100 1464,336,1224,1200
1075 100 1464,336,1224,1200
1076 100 1488,312,1224,1224
1077 100 1512,312,1224,1224
1078 100 1536,312,1224,1200
1079 100 1560,312,1224,1200
1080 100 1584,312,1224,1200
1081 100 1584,312,1224,1200
1082 100 1608,312,1224,1200
1083 100 1632,288,1224,1224
1084 100 1656,288,1224,1224
1085 100 1656,288,1224,1200
1086 100 1680,288,1224,1200
1087 100 1680,288,1224,1200
1088 100 1704,288,1224,1200
1089 100 1704,288,1224,1200
1090 100 1728,288,1224,1200
1091 100 1728,288,1224,1200
1092 100 1752,288,1224,1200
1093 100 1752,288,1224,1200
1094 100 1776,288,1224,1200
1095 100 1776,288,1224,1200
1096 100 1776,288,1224,1200
1097 100 1800,288,1224,1200
1098 100 1800,264,1224,1224
1099 100 1800,264,1224,1224
1100 100 1800,264,1224,1200
1101 100 1824,264,1224,1200
1102 100 1824,264,1224,1200
1103 100 1824,264,1224,1200
1104 100 1824,264,1224,1200
1105 100 1824,264,1224,1200
1106 100 1824,264,1224,1200
1107 100 1848,264,1224,1200
1108 100 1848,240,1224,1224
1109 100 1848,240,1224,1200
1110 100 1848,240,1224,1200
1111 100 1848,216,1224,1224
1112 100 1848,216,1224,1200
1113 100 1848,192,1224,1224
1114 100 1848,192,1224,1200
1115 100 1848,192,1224,1200
1116 100 1824,168,1224,1200
1117 100 1824,168,1224,1200
1118 100 1824,144,1224,1200
1119 100 1824,120,1224,1224
1120 100 1800,120,1224,1200
1121 100 1800,120,1224,1200
1122 100 1800,96,1224,1224
1123 100 1800,96,1224,1200
1124 100 1800,96,1224,1200
1125 100 1800,96,1224,1200
1126 100 1776,72,1224,1200
1127 100 1776,72,1224,1200
1128 100 1776,72,1224,1200
1129 100 1776,72,1224,1200
1130 100 1776,48,1224,1224
1131 100 1776,48,1224,1224
1132 100 1776,48,1224,1200
1133 100 1752,48,1224,1200
1134 100 1752,48,1224,1200
1135 100 1512,24,1224,1224
1136 100 1272,24,1224,1200
1137 100 1488,24,1224,1200
1138 100 1536,24,1224,1200
1139 100 1536,24,1224,1200
1140 100 1536,24,1224,1200
1141 100 1488,24,1224,1176
1142 100 1536,24,1224,1176
1143 100 1536,24,1224,1176
1144 100 1560,24,1224,1176
1145 100 1560,24,1224,1176
1146 100 1560,24,1224,1176
1147 100 1584,24,1224,1152
1148 100 1584,24,1224,1176
1149 100 1584,24,1224,1152
1150 100 1608,24,1224,1152
1151 100 1608,24,1224,1152
1152 100 1608,24,1224,1152
1153 100 1608,24,1224,1152
1154 100 1584,24,1224,1152
1155 100 1584,24,1224,1152
1156 100 1560,24,1224,1152
1157 100 1536,24,1224,1152
1158 100 1440,24,1224,1128
1159 100 1296,24,1224,1128
1160 100 1200,24,1224,1128
1161 100 1152,24,1224,1104
1162 100 1128,24,1224,1104
1163 100 936,24,1224,1104
1164 100 888,24,1224,1104
1165 100 768,24,1224,1080
1166 100 888,24,1224,1080
1167 100 840,24,1224,1080
1168 100 600,24,1224,1080
1169 100 624,24,1224,1080
1170 100 600,24,1224,1080
1171 100 552,24,1224,1080
1172 100 576,24,1224,1080
1173 100 624,24,1224,1080
1174 100 624,24,1224,1080
1175 100 648,24,1224,1080
1176 100 384,24,1224,1080
1177 100 360,24,1224,1080
1178 100 432,24,1224,1104
1179 100 384,24,1224,1104
1180 100 408,24,1224,1104
1181 100 384,24,1224,1104
1182 100 336,24,1224,1104
1183 100 168,24,1224,1104
1184 100 120,24,1224,1104
1185 100 0,24,1224,1104
1186 100 48,24,1224,1104
1187 100 0,24,1224,1104
1188 100 0,24,1224,1104
1189 100 0,24,1224,1080
1190 100 0,24,1224,1080
1191 100 0,24,1224,1080
1192 100 0,24,1224,1080
1193 100 0,24,1224,1080
1194 100 0,24,1224,1080
1195 100 0,24,1224,1080
1196 100 0,24,1224,1080
1197 100 0,24,1224,1080
1198 100 0,24,1224,1080
1199 100 0,24,1224,1080
1200 100 24,24,1224,1080
1201 100 288,24,1224,1080
1202 100 288,24,1224,1080
1203 100 24,24,1224,1080
1204 100 0,24,1224,1080
1205 100 0,24,1224,1080
1206 100 0,24,1224,1080
1207 100 0,24,1224,1080
1208 100 240,24,1224,1080
1209 100 168,24,1224,1080
1210 100 168,24,1224,1080
1211 100 0,24,1224,1080
1212 100 48,24,1224,1080
1213 100 0,24,1224,1080
1214 100 0,24,1224,1080
1215 100 0,24,1224,1080
1216 100 0,24,1224,1080
1217 100 0,24,1224,1080
1218 100 0,24,1224,1080
1219 100 0,24,1224,1080
1220 100 0,24,1224,1080
1221 100 0,24,1224,1080
1222 100 0,24,1224,1056
1223 100 0,24,1224,1056
1224 100 96,24,1224,1056
1225 100 0,24,1224,1056
1226 100 0,24,1224,1056
1227 100 24,24,1224,1056
1228 100 0,24,1224,1056
1229 100 0,24,1224,1056
1230 100 168,24,1224,1056
1231 100 216,24,1224,1056
1232 100 24,24,1224,1032
1233 100 0,24,1224,1032
1234 100 0,24,1224,1032
1235 100 0,24,1224,1032
1236 100 0,24,1224,1032
1237 100 0,24,1224,1032
1238 100 0,24,1224,1032
1239 100 0,24,1224,1032
1240 100 144,24,1224,1032
1241 100 216,24,1224,1032
1242 100 240,24,1224,1032
1243 100 288,24,1224,1032
1244 100 216,24,1224,1032
1245 100 168,24,1224,1032
1246 100 168,24,1224,1032
1247 100 168,24,1224,1032
1248 100 192,24,1224,1032
1249 100 240,24,1224,1032
1250 100 144,24,1224,1032
1251 100 0,24,1224,1032
1252 100 0,24,1224,1032
1253 100 0,24,1224,1032
1254 100 0,24,1224,1032
1255 100 0,24,1224,1032
1256 100 0,24,1224,1032
1257 100 0,24,1224,1032
1258 100 360,24,1224,1032
1259 100 0,24,1224,1032
1260 100 0,24,1224,1032
1261 100 192,24,1224,1056
1262 100 0,24,1224,1056
1263 100 0,24,1224,1080
1264 100 0,24,1224,1080
1265 100 0,24,1224,1080
1266 100 0,24,1224,1080
1267 100 0,24,1224,1104
1268 100 0,24,1224,1104
1269 100 0,24,1224,1128
1270 100 0,24,1224,1128
1271 100 0,24,1224,1152
1272 100 0,24,1224,1152
1273 100 0,24,1224,1176
1274 100 0,24,1224,1200
1275 100 0,24,1224,1224
1276 100 888,48,1224,1200
1277 100 888,72,1224,1200
1278 100 912,96,1224,1200
1279 100 936,120,1224,1200
1280 100 936,144,1224,1200
1281 100 960,168,1224,1200
1282 100 984,192,1224,1200
1283 100 1008,192,1224,1224
1284 100 1008,216,1224,1224
1285 100 1032,240,1224,1200
1286 100 1032,264,1224,1200
1287 100 1056,264,1224,1224
1288 100 1056,288,1224,1224
1289 100 1056,312,1224,1200
1290 100 1056,312,1224,1200
1291 100 1080,336,1224,1200
1292 100 1080,336,1224,1224
1293 100 1080,360,1224,1200
1294 100 1080,360,1224,1224
1295 100 1080,384,1224,1200
1296 100 1104,408,1224,1200
1297 100 1104,408,1224,1200
1298 100 1104,408,1224,1224
1299 100 1104,408,1224,1224
1300 100 1104,432,1224,1200
1301 100 1104,432,1224,1200
1302 100 1104,432,1224,1224
1303 100 1104,456,1224,1200
1304 100 1104,456,1224,1200
1305 100 1080,456,1224,1200
1306 100 1080,456,1224,1200
1307 100 1104,456,1224,1224
1308 100 1104,480,1224,1200
1309 100 1104,480,1224,1200
1310 100 1104,480,1224,1200
1311 100 1104,480,1224,1200
1312 100 1104,480,1224,1200
1313 100 1104,480,1224,1224
1314 100 1104,504,1224,1200
1315 100 1128,504,1224,1200
1316 100 1128,504,1224,1200
1317 100 1128,528,1224,1200
1318 100 1128,528,1224,1224
1319 100 1128,552,1224,1200
1320 100 1128,552,1224,1200
1321 100 1128,576,1224,1200
1322 100 1128,576,1224,1224
1323 100 1128,600,1224,1200
1324 100 1128,600,1224,1224
1325 100 1128,624,1224,1224
1326 100 1128,624,1224,1224
1327 100 1128,648,1224,1200
1328 100 1152,648,1224,1200
1329 100 1152,648,1224,1200
1330 100 1176,648,1224,1200
1331 100 1176,648,1224,1200
1332 100 1200,648,1224,1200
1333 100 1200,648,1224,1200
1334 100 1224,648,1224,1200
1335 100 1224,648,1224,1200
1336 100 1224,648,1224,1200
1337 100 1248,648,1224,1200
1338 100 1248,648,1224,1224
1339 100 1272,648,1224,1224
1340 100 1272,648,1224,1224
1341 100 1296,648,1224,1224
1342 100 1296,648,1224,1224
1343 100 1320,648,1224,1224
1344 100 1344,672,1224,1200
1345 100 1344,672,1224,1200
1346 100 1344,672,1224,1200
1347 100 1344,672,1224,1224
1348 100 1344,696,1224,1200
1349 100 1368,696,1224,1224
1350 100 1368,720,1224,1200
1351 100 1392,720,1224,1224
1352 100 1392,744,1224,1200
1353 100 1416,744,1224,1200
1354 100 1416,744,1224,1200
1355 100 1416,744,1224,1224
1356 100 1440,768,1224,1200
1357 100 1440,768,1224,1224
1358 100 1440,768,1224,1224
1359 100 1464,792,1224,1200
1360 100 1464,792,1224,1224
1361 100 1464,792,1224,1224
1362 100 1488,792,1224,1224
1363 100 1488,816,1224,1200
1364 100 1512,816,1224,1224
1365 100 1536,816,1224,1224
1366 100 1560,816,1224,1224
1367 100 1560,840,1224,1224
1368 100 1560,840,1224,1224
1369 100 1584,840,1224,1224
1370 100 1608,840,1224,1224
1371 100 1608,840,1224,1224
1372 100 1608,840,1224,1200
1373 100 1608,840,1224,1224
1374 100 1608,840,1224,1224
1375 100 1608,840,1224,1224
1376 100 1608,840,1224,1224
1377 100 1584,840,1224,1224
1378 100 1584,840,1224,1224
1379 100 1584,840,1224,1224
1380 100 1536,840,1224,1224
1381 100 1536,840,1224,1200
1382 100 1512,840,1224,1200
1383 100 1464,840,1224,1200
1384 100 1464,840,1224,1200
1385 100 1440,840,1224,1200
1386 100 1416,840,1224,1200
1387 100 1416,840,1224,1200
1388 100 1392,840,1224,1200
1389 100 1392,840,1224,1200
1390 100 1392,816,1224,1224
1391 100 1368,816,1224,1200
1392 100 1368,816,1224,1200
1393 100 1344,792,1224,1224
1394 100 1344,792,1224,1200
1395 100 1344,792,1224,1200
1396 100 1320,792,1224,1200
1397 100 1320,768,1224,1200
1398 100 1320,768,1224,1200
1399 100 1320,744,1224,1224
1400 100 1296,744,1224,1200
1401 100 1296,744,1224,1200
1402 100 1296,720,1224,1224
1403 100 1272,720,1224,1200
1404 100 1272,720,1224,1200
1405 100 1272,696,1224,1200
1406 100 1272,696,1224,1200
1407 100 1272,672,1224,1224
1408 100 1248,672,1224,1200
1409 100 1248,648,1224,1200
1410 100 1248,648,1224,1200
1411 100 1248,624,1224,1200
1412 100 1248,624,1224,1200
1413 100 1248,600,1224,1224
1414 100 1248,600,1224,1200
1415 100 1248,576,1224,1224
1416 100 1248,576,1224,1200
1417 100 1248,576,1224,1200
1418 100 1248,552,1224,1224
1419 100 1224,552,1224,1200
1420 100 1224,552,1224,1200
1421 100 1224,552,1224,1200
1422 100 1224,528,1224,1224
1423 100 1200,528,1224,1224
1424 100 1200,528,1224,1200
1425 100 1200,528,1224,1200
1426 100 1176,528,1224,1200
1427 100 1152,528,1224,1200
1428 100 1128,504,1224,1200
1429 100 1128,504,1224,1200
1430 100 1104,504,1224,1200
1431 100 1080,504,1224,1200
1432 100 1056,504,1224,1200
1433 100 1032,504,1224,1200
1434 100 1032,504,1224,1200
1435 100 1008,504,1224,1200
1436 100 984,504,1224,1200
1437 100 984,480,1224,1224
1438 100 960,480,1224,1224
1439 100 936,480,1224,1200
1440 100 912,480,1224,1200
1441 100 912,480,1224,1200
1442 100 888,480,1224,1200
1443 100 864,480,1224,1200
1444 100 840,480,1224,1200
1445 100 840,480,1224,1200
1446 100 816,480,1224,1200
1447 100 792,480,1224,1200
1448 100 792,480,1224,1200
1449 100 768,480,1224,1200
1450 100 744,480,1224,1200
1451 100 720,480,1224,1200
1452 100 696,480,1224,1200
1453 100 672,480,1224,1200
1454 100 672,480,1224,1200
1455 100 648,480,1224,1200
1456 100 624,480,1224,1200
1457 100 600,480,1224,1200
1458 100 600,480,1224,1200
1459 100 576,480,1224,1200
1460 100 552,480,1224,1200
1461 100 528,480,1224,1200
1462 100 528,480,1224,1200
1463 100 504,456,1224,1224
1464 100 480,456,1224,1224
1465 100 456,456,1224,1200
1466 100 432,456,1224,1200
1467 100 408,432,1224,1224
1468 100 384,432,1224,1200
1469 100 360,408,1224,1224
1470 100 312,408,1224,1200
1471 100 288,384,1224,1200
1472 100 264,360,1224,1224
1473 100 216,360,1224,1200
1474 100 192,336,1224,1224
1475 100 144,312,1224,1224
1476 100 120,312,1224,1200
1477 100 96,288,1224,1224
1478 100 96,288,1224,1224
1479 100 72,264,1224,1224
1480 100 48,264,1224,1224
1481 100 24,264,1224,1224
1482 100 0,264,1224,1224
1483 100 0,240,1224,1248
1484 100 0,240,1224,1224
1485 100 0,216,1224,1248
1486 100 0,216,1224,1248
1487 100 0,216,1224,1248
1488 100 0,216,1224,1224
1489 100 0,216,1224,1224
1490 100 0,192,1224,1248
1491 100 0,192,1224,1248
1492 100 0,192,1224,1248
1493 100 0,192,1224,1248
1494 100 0,192,1224,1224
1495 100 0,192,1224,1248
1496 100 0,192,1224,1224
1497 100 0,192,1224,1224
1498 100 0,192,1224,1224
1499 100 0,192,1224,1224
1500 100 0,192,1224,1248
1501 100 0,192,1224,1248
1502 100 0,192,1224,1248
1503 100 0,192,1224,1248
1504 100 0,216,1224,1224
1505 100 0,216,1224,1224
1506 100 0,216,1224,1224
1507 100 0,216,1224,1224
1508 100 0,216,1224,1224
1509 100 0,240,1224,1224
1510 100 0,240,1224,1224
1511 100 0,240,1224,1224
1512 100 0,240,1224,1224
1513 100 0,240,1224,1224
1514 100 0,264,1224,1200
1515 100 24,264,1224,1224
1516 100 24,264,1224,1224
1517 100 48,264,1224,1224
1518 100 72,288,1224,1200
1519 100 72,288,1224,1224
1520 100 120,312,1224,1200
1521 100 168,312,1224,1224
1522 100 192,336,1224,1200
1523 100 216,336,1224,1200
1524 100 240,336,1224,1224
1525 100 264,360,1224,1200
1526 100 288,360,1224,1200
1527 100 312,360,1224,1224
1528 100 312,360,1224,1224
1529 100 336,384,1224,1200
1530 100 360,384,1224,1200
1531 100 360,384,1224,1200
1532 100 384,384,1224,1200
1533 100 384,384,1224,1200
1534 100 408,408,1224,1200
1535 100 408,384,1224,1224
1536 100 432,408,1224,1200
1537 100 456,408,1224,1200
1538 100 456,408,1224,1200
1539 100 480,408,1224,1200
1540 100 480,408,1224,1224
1541 100 504,432,1224,1200
1542 100 528,432,1224,1200
1543 100 528,432,1224,1200
1544 100 552,432,1224,1200
1545 100 576,432,1224,1200
1546 100 576,432,1224,1200
1547 100 600,432,1224,1200
1548 100 600,432,1224,1200
1549 100 600,432,1224,1200
1550 100 624,432,1224,1200
1551 100 624,432,1224,1200
1552 100 648,432,1224,1200
1553 100 648,432,1224,1200
1554 100 672,432,1224,1200
1555 100 672,432,1224,1200
1556 100 696,432,1224,1200
1557 100 696,432,1224,1224
1558 100 696,432,1224,1224
1559 100 696,432,1224,1224
1560 100 720,432,1224,1224
1561 100 720,432,1224,1224
1562 100 720,456,1224,1200
1563 100 744,456,1224,1200
1564 100 768,456,1224,1200
1565 100 792,456,1224,1200
1566 100 816,456,1224,1200
1567 100 816,456,1224,1200
1568 100 840,456,1224,1200
1569 100 840,456,1224,1200
1570 100 864,456,1224,1200
1571 100 888,456,1224,1200
1572 100 912,456,1224,1200
1573 100 936,456,1224,1200
1574 100 960,456,1224,1200
1575 100 984,456,1224,1200
1576 100 1008,456,1224,1200
1577 100 1032,456,1224,1200
1578 100 1056,456,1224,1200
1579 100 1080,432,1224,1224
1580 100 1104,432,1224,1224
1581 100 1128,432,1224,1224
1582 100 1128,432,1224,1200
1583 100 1152,432,1224,1200
1584 100 1176,432,1224,1200
1585 100 1200,432,1224,1200
1586 100 1224,432,1224,1200
1587 100 1248,432,1224,1200
1588 100 1272,408,1224,1224
1589 100 1272,408,1224,1200
1590 100 1296,408,1224,1200
1591 100 1296,408,1224,1200
1592 100 1320,384,1224,1224
1593 100 1320,384,1224,1200
1594 100 1344,384,1224,1200
1595 100 1344,384,1224,1200
1596 100 1368,384,1224,1200
1597 100 1368,384,1224,1200
1598 100 1368,360,1224,1224
1599 100 1392,360,1224,1200
1600 100 1368,336,1224,1224
1601 100 1368,336,1224,1200
1602 100 1344,312,1224,1200
1603 100 1320,264,1224,1224
1604 100 1272,240,1224,1200
1605 100 1224,192,1224,1224
1606 100 1200,168,1224,1200
1607 100 1152,144,1224,1200
1608 100 1128,120,1224,1200
1609 100 1128,96,1224,1224
1610 100 1104,96,1224,1200
1611 100 1104,72,1224,1200
1612 100 1080,48,1224,1200
1613 100 0,24,1224,1224
1614 100 0,24,1224,1200
1615 100 0,24,1224,1176
1616 100 0,24,1224,1176
1617 100 144,24,1224,1152
1618 100 0,24,1224,1152
1619 100 0,24,1224,1152
1620 100 0,24,1224,1152
1621 100 0,24,1224,1128
1622 100 0,24,1224,1128
1623 100 0,24,1224,1128
1624 100 120,24,1224,1128
1625 100 0,24,1224,1128
1626 100 0,24,1224,1104
1627 100 0,24,1224,1104
1628 100 0,24,1224,1104
1629 100 0,24,1224,1104
1630 100 0,24,1224,1104
1631 100 0,24,1224,1104
1632 100 0,24,1224,1080
1633 100 0,24,1224,1080
1634 100 0,24,1224,1080
1635 100 0,24,1224,1080
1636 100 0,24,1224,1080
1637 100 0,24,1224,1080
1638 100 0,24,1224,1080
1639 100 0,24,1224,1080
1640 100 0,24,1224,1080
1641 100 0,24,1224,1080
1642 100 144,24,1224,1080
1643 100 0,24,1224,1056
1644 100 0,24,1224,1056
1645 100 0,24,1224,1056
1646 100 0,24,1224,1056
1647 100 0,24,1224,1056
1648 100 0,24,1224,1056
1649 100 0,24,1224,1056
1650 100 0,24,1224,1056
1651 100 0,24,1224,1056
1652 100 0,24,1224,1056
1653 100 0,24,1224,1056
1654 100 0,24,1224,1056
1655 100 0,24,1224,1056
1656 100 0,24,1224,1056
1657 100 96,24,1224,1056
1658 100 0,24,1224,1080
1659 100 0,24,1224,1080
1660 100 0,24,1224,1080
1661 100 0,24,1224,1080
1662 100 24,24,1224,1104
1663 100 0,24,1224,1104
1664 100 0,24,1224,1128
1665 100 0,24,1224,1152
1666 100 0,24,1224,1176
1667 100 0,24,1224,1200
1668 100 0,24,1224,1200
1669 100 1080,48,1224,1200
1670 100 1080,72,1224,1200
1671 100 1104,96,1224,1200
1672 100 1128,120,1224,1200
1673 100 1128,120,1224,1224
1674 100 1152,144,1224,1200
1675 100 1176,168,1224,1200
1676 100 1176,192,1224,1200
1677 100 1200,216,1224,1200
1678 100 1200,216,1224,1224
1679 100 1224,240,1224,1200
1680 100 1224,264,1224,1200
1681 100 1224,264,1224,1200
1682 100 1224,264,1224,1200
1683 100 1224,288,1224,1200
1684 100 1224,288,1224,1200
1685 100 1248,312,1224,1200
1686 100 1248,312,1224,1224
1687 100 1248,312,1224,1224
1688 100 1248,336,1224,1200
1689 100 1248,336,1224,1200
1690 100 1248,360,1224,1200
1691 100 1248,360,1224,1200
1692 100 1248,360,1224,1224
1693 100 1248,360,1224,1224
1694 100 1248,384,1224,1200
1695 100 1248,384,1224,1200
1696 100 1248,384,1224,1200
1697 100 1248,384,1224,1200
1698 100 1272,384,1224,1200
1699 100 1272,384,1224,1200
1700 100 1272,384,1224,1224
1701 100 1272,384,1224,1224
1702 100 1272,384,1224,1224
1703 100 1272,384,1224,1224
1704 100 1272,384,1224,1224
1705 100 1272,408,1224,1200
1706 100 1296,408,1224,1200
1707 100 1296,408,1224,1200
1708 100 1320,408,1224,1200
1709 100 1320,408,1224,1200
1710 100 1320,408,1224,1200
1711 100 1320,408,1224,1200
1712 100 1320,408,1224,1200
1713 100 1320,408,1224,1200
1714 100 1320,408,1224,1200
1715 100 1320,408,1224,1200
1716 100 1320,384,1224,1224
1717 100 1320,384,1224,1224
1718 100 1320,384,1224,1224
1719 100 1344,384,1224,1224
1720 100 1344,384,1224,1224
1721 100 1344,408,1224,1200
1722 100 1344,384,1224,1224
1723 100 1368,384,1224,1224
1724 100 1368,384,1224,1224
1725 100 1368,384,1224,1224
1726 100 1368,384,1224,1224
1727 100 1368,384,1224,1224
1728 100 1368,384,1224,1224
1729 100 1392,384,1224,1224
1730 100 1392,384,1224,1224
1731 100 1392,384,1224,1224
1732 100 1392,384,1224,1224
1733 100 1392,384,1224,1224
1734 100 1392,384,1224,1224
1735 100 1392,384,1224,1224
1736 100 1416,384,1224,1224
1737 100 1416,384,1224,1224
1738 100 1416,384,1224,1224
1739 100 1416,384,1224,1224
1740 100 1416,384,1224,1224
1741 100 1416,384,1224,1224
1742 100 1416,384,1224,1224
1743 100 1416,384,1224,1224
1744 100 1416,384,1224,1224
1745 100 1416,384,1224,1224
1746 100 1416,384,1224,1224
1747 100 1416,384,1224,1224
1748 100 1416,384,1224,1224
1749 100 1416,384,1224,1200
1750 100 1416,384,1224,1224
1751 100 1392,384,1224,1224
1752 100 1392,384,1224,1200
1753 100 1392,384,1224,1200
1754 100 1368,384,1224,1200
1755 100 1344,384,1224,1200
1756 100 1344,384,1224,1200
1757 100 1320,384,1224,1200
1758 100 1320,384,1224,1200
1759 100 1320,384,1224,1200
1760 100 1320,384,1224,1200
1761 100 1296,384,1224,1200
1762 100 1296,384,1224,1200
1763 100 1296,384,1224,1200
1764 100 1272,384,1224,1200
1765 100 1272,384,1224,1200
1766 100 1272,384,1224,1200
1767 100 1272,384,1224,1200
1768 100 1272,384,1224,1200
1769 100 1272,384,1224,1200
1770 100 1272,384,1224,1200
1771 100 1272,384,1224,1200
1772 100 1272,384,1224,1200
1773 100 1272,384,1224,1200
1774 100 1272,384,1224,1224
1775 100 1272,384,1224,1224
1776 100 1272,384,1224,1224
1777 100 1248,384,1224,1224
1778 100 1248,408,1224,1200
1779 100 1248,408,1224,1200
1780 100 1224,408,1224,1200
1781 100 1200,408,1224,1200
1782 100 1176,408,1224,1200
1783 100 1152,408,1224,1200
1784 100 1128,408,1224,1200
1785 100 1080,408,1224,1200
1786 100 1056,408,1224,1200
1787 100 1032,408,1224,1200
1788 100 984,408,1224,1200
1789 100 960,408,1224,1200
1790 100 960,408,1224,1200
1791 100 936,408,1224,1200
1792 100 912,408,1224,1200
1793 100 888,408,1224,1200
1794 100 888,408,1224,1200
1795 100 888,408,1224,1200
1796 100 888,408,1224,1200
1797 100 888,408,1224,1200
1798 100 888,408,1224,1200
