0 100 2688,960,1224,1200
1 100 3024,960,1224,1200
2 100 3024,960,1224,1200
3 100 3096,936,1224,1200
4 100 3096,912,1224,1200
5 100 3096,912,1224,1200
6 100 3000,888,1224,1224
7 100 3072,888,1224,1200
8 100 3072,888,1224,1200
9 100 3240,888,1224,1200
10 100 3288,888,1224,1200
11 100 3288,888,1224,1200
12 100 3192,864,1224,1200
13 100 3288,840,1224,1200
14 100 3288,840,1224,1200
15 100 3144,816,1224,1200
16 100 3144,816,1224,1200
17 100 3360,768,1224,1200
18 100 3312,720,1224,1224
19 100 3312,720,1224,1224
20 100 3360,696,1224,1200
21 100 3480,672,1224,1200
22 100 3480,672,1224,1200
23 100 3504,648,1224,1200
24 100 3432,624,1224,1200
25 100 3432,624,1224,1200
26 100 3360,600,1224,1224
27 100 3432,600,1224,1200
28 100 3432,600,1224,1200
29 100 3360,576,1224,1224
30 100 3360,576,1224,1224
31 100 3648,576,1224,1224
32 100 3624,576,1224,1224
33 100 3624,576,1224,1224
34 100 3528,600,1224,1200
35 100 3552,576,1224,1224
36 100 3552,576,1224,1224
37 100 3552,576,1224,1224
38 100 3504,600,1224,1200
39 100 3504,600,1224,1200
40 100 3456,600,1224,1200
41 100 3384,600,1224,1200
42 100 3384,600,1224,1200
43 100 3576,600,1224,1224
44 100 3408,624,1224,1200
45 100 3408,624,1224,1200
46 100 3360,624,1224,1224
47 100 3360,624,1224,1224
48 100 3336,624,1224,1224
49 100 3576,624,1224,1224
50 100 3576,624,1224,1224
51 100 3336,624,1224,1224
52 100 3528,624,1224,1224
53 100 3528,624,1224,1224
54 100 3456,648,1224,1200
55 100 3360,648,1224,1200
56 100 3360,648,1224,1200
57 100 3552,648,1224,1224
58 100 3552,648,1224,1224
59 100 3552,648,1224,1224
60 100 3552,648,1224,1224
61 100 3504,672,1224,1200
62 100 3504,672,1224,1200
63 100 3480,672,1224,1200
64 100 3480,672,1224,1200
65 100 3480,672,1224,1200
66 100 3456,672,1224,1200
67 100 3456,672,1224,1200
68 100 3480,672,1224,1200
69 100 3480,672,1224,1200
70 100 3480,672,1224,1200
71 100 3456,672,1224,1200
72 100 3432,672,1224,1200
73 100 3432,672,1224,1200
74 100 3432,672,1224,1200
75 100 3432,672,1224,1200
76 100 3432,672,1224,1200
77 100 3456,672,1224,1200
78 100 3432,672,1224,1200
79 100 3432,672,1224,1200
80 100 3456,672,1224,1200
81 100 3504,672,1224,1200
82 100 3504,672,1224,1200
83 100 3504,672,1224,1200
84 100 3552,648,1224,1224
85 100 3552,648,1224,1224
86 100 3552,648,1224,1224
87 100 3528,672,1224,1200
88 100 3528,672,1224,1200
89 100 3504,672,1224,1200
90 100 3552,648,1224,1224
91 100 3552,648,1224,1224
92 100 3600,648,1224,1224
93 100 3576,648,1224,1224
94 100 3576,648,1224,1224
95 100 3456,672,1224,1200
96 100 3456,672,1224,1200
97 100 3408,672,1224,1200
98 100 3360,672,1224,1200
99 100 3360,672,1224,1200
100 100 3576,672,1224,1224
101 100 3336,696,1224,1200
102 100 3336,696,1224,1200
103 100 3360,696,1224,1200
104 100 3432,696,1224,1200
105 100 3432,696,1224,1200
106 100 3408,696,1224,1200
107 100 3360,696,1224,1200
108 100 3360,696,1224,1200
109 100 3360,696,1224,1200
110 100 3360,696,1224,1200
111 100 3360,696,1224,1200
112 100 3312,696,1224,1200
113 100 3336,696,1224,1200
114 100 3336,696,1224,1200
115 100 3360,696,1224,1200
116 100 3360,696,1224,1200
117 100 3384,696,1224,1200
118 100 3408,696,1224,1200
119 100 3408,696,1224,1200
120 100 3408,696,1224,1200
121 100 3552,672,1224,1224
122 100 3552,672,1224,1224
123 100 3312,672,1224,1224
124 100 3600,672,1224,1224
125 100 3600,672,1224,1224
126 100 3552,672,1224,1224
127 100 3432,696,1224,1200
128 100 3432,696,1224,1200
129 100 3360,696,1224,1200
130 100 3312,696,1224,1224
131 100 3312,696,1224,1224
132 100 3384,720,1224,1200
133 100 3336,720,1224,1200
134 100 3336,720,1224,1200
135 100 3384,720,1224,1200
136 100 3528,696,1224,1224
137 100 3528,696,1224,1224
138 100 3504,696,1224,1224
139 100 3504,696,1224,1224
140 100 3432,720,1224,1200
141 100 3408,720,1224,1200
142 100 3408,720,1224,1200
143 100 3552,696,1224,1224
144 100 3312,672,1224,1224
145 100 3312,672,1224,1224
146 100 3456,672,1224,1200
147 100 3384,672,1224,1200
148 100 3384,672,1224,1200
149 100 3408,696,1224,1200
150 100 3360,744,1224,1200
151 100 3360,744,1224,1200
152 100 3216,816,1224,1224
153 100 3192,840,1224,1224
154 100 3192,840,1224,1224
155 100 3048,888,1224,1200
156 100 3048,912,1224,1200
157 100 3048,912,1224,1200
158 100 3024,912,1224,1200
159 100 2904,912,1224,1224
160 100 2904,912,1224,1224
161 100 3336,912,1224,1224
162 100 3336,912,1224,1224
163 100 2880,912,1224,1224
164 100 3336,912,1224,1224
165 100 3336,912,1224,1224
166 100 3120,888,1224,1224
167 100 3288,840,1224,1224
168 100 3288,840,1224,1224
169 100 3168,792,1224,1224
170 100 3360,744,1224,1224
171 100 3360,744,1224,1224
172 100 3312,720,1224,1200
173 100 3480,696,1224,1224
174 100 3480,696,1224,1224
175 100 3384,696,1224,1200
176 100 3360,672,1224,1200
177 100 3360,672,1224,1200
178 100 3432,648,1224,1200
179 100 3528,600,1224,1224
180 100 3528,600,1224,1224
181 100 3312,576,1224,1224
182 100 3384,576,1224,1200
183 100 3384,576,1224,1200
184 100 3312,576,1224,1224
185 100 3312,576,1224,1224
186 100 3360,576,1224,1224
187 100 3384,576,1224,1200
188 100 3384,576,1224,1200
189 100 3336,576,1224,1224
190 100 3432,600,1224,1200
191 100 3432,600,1224,1200
192 100 3360,600,1224,1224
193 100 3504,600,1224,1224
194 100 3504,600,1224,1224
195 100 3432,648,1224,1200
196 100 3432,696,1224,1224
197 100 3432,696,1224,1224
198 100 3432,792,1224,1224
199 100 3144,864,1224,1224
200 100 3144,864,1224,1224
201 100 3336,912,1224,1224
202 100 3144,912,1224,1224
203 100 3144,912,1224,1224
204 100 3336,912,1224,1248
205 100 2808,936,1224,1224
206 100 2808,936,1224,1224
207 100 2400,960,1224,1200
208 100 2400,960,1224,1200
209 100 1920,960,1224,1200
210 100 1656,960,1224,1200
211 100 1656,960,1224,1200
212 100 1080,984,1224,1176
213 100 816,984,1224,1176
214 100 816,984,1224,1176
215 100 1200,984,1224,1176
216 100 1704,960,1224,1200
217 100 1704,960,1224,1200
218 100 1848,960,1224,1200
219 100 2136,960,1224,1200
220 100 2136,960,1224,1200
221 100 2808,960,1224,1200
222 100 2712,936,1224,1224
223 100 2712,936,1224,1224
224 100 3048,936,1224,1224
225 100 3072,912,1224,1224
226 100 3072,912,1224,1224
227 100 3288,888,1224,1224
228 100 3000,864,1224,1224
229 100 3000,864,1224,1224
230 100 3192,840,1224,1200
231 100 3192,840,1224,1200
232 100 3216,792,1224,1224
233 100 3048,744,1224,1224
234 100 3048,744,1224,1224
235 100 3144,696,1224,1200
236 100 3072,648,1224,1200
237 100 3072,648,1224,1200
238 100 3168,576,1224,1224
239 100 3168,528,1224,1224
240 100 3168,528,1224,1224
241 100 3072,504,1224,1224
242 100 3168,480,1224,1224
243 100 3168,480,1224,1224
244 100 3120,480,1224,1200
245 100 3072,456,1224,1200
246 100 3072,456,1224,1200
247 100 3144,456,1224,1200
248 100 3144,456,1224,1200
249 100 3120,432,1224,1200
250 100 3048,408,1224,1224
251 100 3048,408,1224,1224
252 100 3120,408,1224,1200
253 100 3120,408,1224,1200
254 100 3120,408,1224,1200
255 100 3096,408,1224,1200
256 100 3096,408,1224,1200
257 100 3096,408,1224,1200
258 100 3048,408,1224,1224
259 100 3000,432,1224,1200
260 100 3000,432,1224,1200
261 100 3048,432,1224,1224
262 100 3072,456,1224,1200
263 100 3072,456,1224,1200
264 100 3048,456,1224,1224
265 100 3024,480,1224,1200
266 100 3024,480,1224,1200
267 100 3000,480,1224,1200
268 100 2976,480,1224,1200
269 100 2976,480,1224,1200
270 100 3048,480,1224,1224
271 100 3048,480,1224,1224
272 100 3024,504,1224,1200
273 100 2952,504,1224,1200
274 100 2952,504,1224,1200
275 100 2928,528,1224,1200
276 100 2880,528,1224,1200
277 100 2880,528,1224,1200
278 100 2904,552,1224,1200
279 100 2832,576,1224,1200
280 100 2832,576,1224,1200
281 100 2856,576,1224,1224
282 100 2808,600,1224,1200
283 100 2808,600,1224,1200
284 100 2856,600,1224,1200
285 100 2808,624,1224,1200
286 100 2808,624,1224,1200
287 100 2856,624,1224,1200
288 100 2856,648,1224,1200
289 100 2856,648,1224,1200
290 100 2856,672,1224,1200
291 100 2856,672,1224,1200
292 100 2856,672,1224,1200
293 100 2904,672,1224,1224
294 100 2904,672,1224,1224
295 100 2904,672,1224,1224
296 100 2904,672,1224,1200
297 100 2904,672,1224,1200
298 100 2904,672,1224,1224
299 100 2904,672,1224,1224
300 100 2904,672,1224,1224
301 100 2928,672,1224,1200
302 100 2952,672,1224,1200
303 100 2952,672,1224,1200
304 100 3000,648,1224,1224
305 100 3024,648,1224,1224
306 100 3024,648,1224,1224
307 100 2976,648,1224,1200
308 100 3072,624,1224,1200
309 100 3072,624,1224,1200
310 100 3120,600,1224,1224
311 100 3240,600,1224,1200
312 100 3240,600,1224,1200
313 100 3240,576,1224,1200
314 100 3240,576,1224,1200
315 100 3384,552,1224,1224
316 100 3408,552,1224,1200
317 100 3408,552,1224,1200
318 100 3456,552,1224,1200
319 100 3576,528,1224,1224
320 100 3576,528,1224,1224
321 100 3384,528,1224,1200
322 100 3432,528,1224,1200
323 100 3432,528,1224,1200
324 100 3528,528,1224,1200
325 100 3648,504,1224,1224
326 100 3648,504,1224,1224
327 100 3432,504,1224,1200
328 100 3528,504,1224,1200
329 100 3528,504,1224,1200
330 100 3576,504,1224,1200
331 100 3576,504,1224,1200
332 100 3576,504,1224,1200
333 100 3576,504,1224,1200
334 100 3576,504,1224,1200
335 100 0,480,1224,1224
336 100 3384,480,1224,1200
337 100 3384,480,1224,1200
338 100 3384,480,1224,1200
339 100 24,480,1224,1224
340 100 24,480,1224,1224
341 100 120,480,1224,1224
342 100 3408,480,1224,1200
343 100 3408,480,1224,1200
344 100 0,480,1224,1200
345 100 72,480,1224,1200
346 100 72,480,1224,1200
347 100 24,456,1224,1224
348 100 48,480,1224,1200
349 100 48,480,1224,1200
350 100 0,480,1224,1200
351 100 0,480,1224,1200
352 100 0,480,1224,1200
353 100 24,480,1224,1200
354 100 0,480,1224,1200
355 100 0,480,1224,1200
356 100 0,480,1224,1200
357 100 0,480,1224,1200
358 100 24,480,1224,1200
359 100 0,480,1224,1200
360 100 0,480,1224,1200
361 100 0,480,1224,1200
362 100 24,480,1224,1200
363 100 24,480,1224,1200
364 100 0,480,1224,1200
365 100 0,480,1224,1200
366 100 0,480,1224,1200
367 100 0,480,1224,1200
368 100 0,480,1224,1200
369 100 0,480,1224,1200
370 100 0,480,1224,1200
371 100 24,480,1224,1200
372 100 24,480,1224,1200
373 100 24,480,1224,1200
374 100 48,480,1224,1200
375 100 48,480,1224,1200
376 100 48,480,1224,1224
377 100 72,480,1224,1224
378 100 72,480,1224,1224
379 100 96,504,1224,1200
380 100 96,504,1224,1200
381 100 96,504,1224,1200
382 100 96,504,1224,1200
383 100 96,504,1224,1200
384 100 120,504,1224,1200
385 100 120,504,1224,1200
386 100 120,504,1224,1200
387 100 120,480,1224,1200
388 100 120,480,1224,1200
389 100 120,480,1224,1200
390 100 144,480,1224,1224
391 100 168,480,1224,1224
392 100 168,480,1224,1224
393 100 192,480,1224,1224
394 100 192,504,1224,1200
395 100 192,504,1224,1200
396 100 216,504,1224,1200
397 100 216,504,1224,1200
398 100 216,504,1224,1200
399 100 240,504,1224,1200
400 100 264,504,1224,1200
401 100 264,504,1224,1200
402 100 288,504,1224,1200
403 100 312,504,1224,1200
404 100 312,504,1224,1200
405 100 312,504,1224,1200
406 100 336,504,1224,1200
407 100 336,504,1224,1200
408 100 360,504,1224,1200
409 100 360,504,1224,1200
410 100 384,504,1224,1200
411 100 384,480,1224,1224
412 100 384,480,1224,1224
413 100 408,480,1224,1200
414 100 432,456,1224,1224
415 100 432,456,1224,1224
416 100 456,456,1224,1200
417 100 480,456,1224,1200
418 100 480,456,1224,1200
419 100 504,456,1224,1224
420 100 528,480,1224,1200
421 100 528,480,1224,1200
422 100 552,480,1224,1200
423 100 552,480,1224,1200
424 100 576,480,1224,1200
425 100 600,456,1224,1224
426 100 600,456,1224,1224
427 100 624,456,1224,1200
428 100 624,480,1224,1200
429 100 624,480,1224,1200
430 100 648,504,1224,1200
431 100 672,504,1224,1200
432 100 672,504,1224,1200
433 100 672,480,1224,1200
434 100 696,456,1224,1224
435 100 696,456,1224,1224
436 100 720,456,1224,1200
437 100 720,456,1224,1224
438 100 720,456,1224,1224
439 100 744,456,1224,1224
440 100 768,456,1224,1200
441 100 768,456,1224,1200
442 100 768,432,1224,1224
443 100 768,432,1224,1224
444 100 792,432,1224,1200
445 100 816,432,1224,1200
446 100 816,432,1224,1200
447 100 840,432,1224,1200
448 100 864,432,1224,1200
449 100 864,432,1224,1200
450 100 888,408,1224,1224
451 100 912,432,1224,1200
452 100 912,432,1224,1200
453 100 912,432,1224,1200
454 100 936,432,1224,1200
455 100 936,432,1224,1200
456 100 936,456,1224,1200
457 100 936,456,1224,1200
458 100 912,456,1224,1200
459 100 912,480,1224,1200
460 100 912,480,1224,1200
461 100 888,504,1224,1200
462 100 888,528,1224,1200
463 100 888,528,1224,1200
464 100 864,552,1224,1224
465 100 864,576,1224,1200
466 100 864,576,1224,1200
467 100 864,552,1224,1200
468 100 864,552,1224,1224
469 100 864,552,1224,1224
470 100 864,576,1224,1200
471 100 864,576,1224,1200
472 100 864,576,1224,1200
473 100 864,576,1224,1200
474 100 864,576,1224,1200
475 100 864,576,1224,1200
476 100 864,552,1224,1224
477 100 864,552,1224,1224
478 100 864,552,1224,1224
479 100 864,552,1224,1224
480 100 864,552,1224,1224
481 100 864,552,1224,1224
482 100 840,552,1224,1224
483 100 840,552,1224,1224
484 100 816,552,1224,1200
485 100 792,552,1224,1200
486 100 792,552,1224,1200
487 100 744,552,1224,1200
488 100 696,528,1224,1224
489 100 696,528,1224,1224
490 100 672,528,1224,1200
491 100 624,528,1224,1200
492 100 624,528,1224,1200
493 100 600,504,1224,1224
494 100 600,504,1224,1224
495 100 600,504,1224,1224
496 100 576,504,1224,1200
497 100 552,504,1224,1200
498 100 552,504,1224,1200
499 100 552,504,1224,1200
500 100 552,504,1224,1200
501 100 552,504,1224,1200
502 100 552,480,1224,1224
503 100 552,480,1224,1224
504 100 552,480,1224,1200
505 100 552,480,1224,1200
506 100 552,480,1224,1200
507 100 552,480,1224,1200
508 100 552,480,1224,1200
509 100 552,480,1224,1200
510 100 552,480,1224,1200
511 100 552,480,1224,1200
512 100 552,480,1224,1200
513 100 552,480,1224,1200
514 100 528,480,1224,1224
515 100 528,480,1224,1224
516 100 456,504,1224,1200
517 100 456,504,1224,1200
518 100 408,480,1224,1224
519 100 336,480,1224,1224
520 100 336,480,1224,1224
521 100 288,480,1224,1224
522 100 240,480,1224,1200
523 100 240,480,1224,1200
524 100 216,480,1224,1200
525 100 192,480,1224,1200
526 100 192,480,1224,1200
527 100 192,480,1224,1200
528 100 192,480,1224,1200
529 100 192,480,1224,1200
530 100 192,480,1224,1200
531 100 192,480,1224,1200
532 100 192,480,1224,1200
533 100 192,480,1224,1200
534 100 168,480,1224,1200
535 100 168,480,1224,1200
536 100 192,480,1224,1200
537 100 192,504,1224,1200
538 100 192,504,1224,1200
539 100 216,528,1224,1200
540 100 216,528,1224,1200
541 100 216,528,1224,1200
542 100 216,528,1224,1224
543 100 216,528,1224,1224
544 100 216,552,1224,1224
545 100 216,576,1224,1200
546 100 216,576,1224,1200
547 100 216,576,1224,1224
548 100 216,576,1224,1224
549 100 216,576,1224,1224
550 100 240,600,1224,1200
551 100 240,600,1224,1200
552 100 240,600,1224,1200
553 100 240,600,1224,1224
554 100 240,624,1224,1200
555 100 240,624,1224,1200
556 100 240,624,1224,1200
557 100 264,624,1224,1224
558 100 264,624,1224,1224
559 100 264,624,1224,1224
560 100 288,648,1224,1200
561 100 288,648,1224,1200
562 100 312,648,1224,1200
563 100 312,648,1224,1200
564 100 360,648,1224,1200
565 100 384,648,1224,1224
566 100 384,648,1224,1224
567 100 432,672,1224,1200
568 100 480,672,1224,1200
569 100 480,672,1224,1200
570 100 552,672,1224,1200
571 100 576,672,1224,1200
572 100 576,672,1224,1200
573 100 624,648,1224,1224
574 100 672,648,1224,1224
575 100 672,648,1224,1224
576 100 720,648,1224,1224
577 100 768,648,1224,1200
578 100 768,648,1224,1200
579 100 840,624,1224,1224
580 100 840,624,1224,1224
581 100 888,624,1224,1200
582 100 912,624,1224,1200
583 100 912,624,1224,1200
584 100 960,600,1224,1224
585 100 984,624,1224,1200
586 100 984,624,1224,1200
587 100 1008,600,1224,1224
588 100 1032,600,1224,1200
589 100 1032,600,1224,1200
590 100 1032,576,1224,1224
591 100 1080,576,1224,1200
592 100 1080,576,1224,1200
593 100 1104,576,1224,1200
594 100 1128,552,1224,1224
595 100 1128,552,1224,1224
596 100 1152,552,1224,1200
597 100 1176,552,1224,1200
598 100 1176,552,1224,1200
599 100 1200,528,1224,1224
600 100 1200,528,1224,1224
601 100 1200,528,1224,1224
602 100 1224,528,1224,1224
603 100 1224,528,1224,1224
604 100 1248,528,1224,1224
605 100 1272,528,1224,1224
606 100 1272,528,1224,1224
607 100 1296,552,1224,1200
608 100 1320,552,1224,1200
609 100 1320,552,1224,1200
610 100 1320,552,1224,1200
611 100 1344,552,1224,1200
612 100 1344,552,1224,1200
613 100 1344,552,1224,1200
614 100 1368,552,1224,1200
615 100 1368,552,1224,1200
616 100 1368,552,1224,1200
617 100 1392,552,1224,1200
618 100 1392,552,1224,1200
619 100 1392,552,1224,1200
620 100 1392,552,1224,1200
621 100 1392,552,1224,1200
622 100 1392,552,1224,1200
623 100 1392,552,1224,1200
624 100 1392,552,1224,1224
625 100 1392,576,1224,1200
626 100 1392,576,1224,1200
627 100 1392,576,1224,1224
628 100 1392,576,1224,1224
629 100 1392,576,1224,1224
630 100 1416,576,1224,1224
631 100 1440,576,1224,1200
632 100 1440,576,1224,1200
633 100 1440,576,1224,1200
634 100 1440,576,1224,1200
635 100 1440,576,1224,1200
636 100 1440,576,1224,1200
637 100 1440,576,1224,1200
638 100 1440,576,1224,1200
639 100 1440,576,1224,1224
640 100 1440,576,1224,1224
641 100 1416,576,1224,1224
642 100 1392,600,1224,1200
643 100 1392,600,1224,1200
644 100 1368,600,1224,1200
645 100 1368,600,1224,1200
646 100 1368,600,1224,1200
647 100 1344,600,1224,1200
648 100 1320,600,1224,1224
649 100 1320,600,1224,1224
650 100 1272,624,1224,1200
651 100 1248,624,1224,1224
652 100 1248,624,1224,1224
653 100 1224,648,1224,1200
654 100 1224,648,1224,1200
655 100 1224,648,1224,1200
656 100 1224,648,1224,1224
657 100 1224,648,1224,1224
658 100 1224,672,1224,1200
659 100 1224,672,1224,1224
660 100 1224,672,1224,1224
661 100 1224,672,1224,1224
662 100 1200,696,1224,1224
663 100 1200,696,1224,1224
664 100 1152,720,1224,1224
665 100 1152,720,1224,1224
666 100 1152,720,1224,1224
667 100 1152,720,1224,1224
668 100 1104,744,1224,1224
669 100 1104,744,1224,1224
670 100 1080,768,1224,1224
671 100 1056,792,1224,1224
672 100 1056,792,1224,1224
673 100 1032,816,1224,1224
674 100 1032,816,1224,1224
675 100 1032,816,1224,1224
676 100 1056,816,1224,1224
677 100 1056,816,1224,1224
678 100 1056,816,1224,1224
679 100 1056,792,1224,1224
680 100 1056,792,1224,1224
681 100 1056,792,1224,1224
682 100 1032,816,1224,1224
683 100 1032,816,1224,1224
684 100 1008,816,1224,1224
685 100 1008,816,1224,1224
686 100 1008,816,1224,1224
687 100 1032,792,1224,1224
688 100 1032,792,1224,1224
689 100 1032,792,1224,1224
690 100 1080,768,1224,1224
691 100 1104,768,1224,1224
692 100 1104,768,1224,1224
693 100 1128,744,1224,1224
694 100 1128,744,1224,1224
695 100 1128,744,1224,1224
696 100 1152,720,1224,1224
697 100 1152,720,1224,1224
698 100 1176,696,1224,1224
699 100 1200,696,1224,1200
700 100 1200,696,1224,1200
701 100 1248,672,1224,1224
702 100 1296,648,1224,1224
703 100 1296,648,1224,1224
704 100 1344,624,1224,1224
705 100 1368,624,1224,1224
706 100 1368,624,1224,1224
707 100 1392,600,1224,1224
708 100 1416,576,1224,1248
709 100 1416,576,1224,1248
710 100 1440,576,1224,1224
711 100 1440,576,1224,1200
712 100 1440,576,1224,1200
713 100 1464,552,1224,1224
714 100 1488,528,1224,1224
715 100 1488,528,1224,1224
716 100 1512,528,1224,1200
717 100 1512,528,1224,1200
718 100 1512,504,1224,1200
719 100 1536,480,1224,1200
720 100 1536,480,1224,1200
721 100 1560,456,1224,1224
722 100 1560,480,1224,1200
723 100 1560,480,1224,1200
724 100 1584,480,1224,1200
725 100 1608,480,1224,1200
726 100 1608,480,1224,1200
727 100 1632,480,1224,1200
728 100 1632,480,1224,1200
729 100 1632,480,1224,1200
730 100 1656,480,1224,1200
731 100 1656,456,1224,1224
732 100 1656,456,1224,1224
733 100 1680,480,1224,1200
734 100 1680,480,1224,1200
735 100 1680,480,1224,1200
736 100 1680,480,1224,1200
737 100 1680,480,1224,1200
738 100 1680,480,1224,1200
739 100 1680,480,1224,1200
740 100 1680,480,1224,1200
741 100 1680,480,1224,1200
742 100 1680,480,1224,1200
743 100 1680,480,1224,1200
744 100 1680,480,1224,1200
745 100 1680,480,1224,1200
746 100 1680,480,1224,1200
747 100 1680,480,1224,1200
748 100 1680,480,1224,1224
749 100 1680,480,1224,1224
750 100 1680,480,1224,1224
751 100 1656,480,1224,1224
752 100 1656,480,1224,1224
753 100 1656,480,1224,1224
754 100 1632,480,1224,1200
755 100 1632,480,1224,1200
756 100 1632,480,1224,1200
757 100 1632,480,1224,1200
758 100 1632,480,1224,1200
759 100 1608,480,1224,1200
760 100 1608,480,1224,1200
761 100 1584,456,1224,1224
762 100 1560,456,1224,1224
763 100 1560,456,1224,1224
764 100 1536,456,1224,1224
765 100 1536,456,1224,1224
766 100 1536,456,1224,1224
767 100 1512,456,1224,1224
768 100 1512,480,1224,1200
769 100 1512,480,1224,1200
770 100 1512,480,1224,1200
771 100 1512,480,1224,1200
772 100 1512,480,1224,1200
773 100 1512,480,1224,1200
774 100 1512,480,1224,1200
775 100 1488,480,1224,1200
776 100 1488,480,1224,1224
777 100 1488,480,1224,1224
778 100 1464,480,1224,1224
779 100 1464,480,1224,1224
780 100 1464,480,1224,1224
781 100 1440,480,1224,1224
782 100 1440,480,1224,1224
783 100 1440,480,1224,1224
784 100 1416,480,1224,1224
785 100 1416,480,1224,1224
786 100 1416,480,1224,1224
787 100 1416,480,1224,1224
788 100 1392,480,1224,1224
789 100 1392,480,1224,1224
790 100 1392,480,1224,1224
791 100 1368,480,1224,1224
792 100 1368,480,1224,1224
793 100 1344,504,1224,1200
794 100 1320,480,1224,1224
795 100 1320,480,1224,1224
796 100 1296,480,1224,1224
797 100 1296,480,1224,1224
798 100 1272,480,1224,1224
799 100 1272,480,1224,1224
800 100 1272,480,1224,1224
801 100 1248,480,1224,1224
802 100 1224,480,1224,1224
803 100 1224,480,1224,1224
804 100 1224,504,1224,1200
805 100 1200,504,1224,1200
806 100 1200,504,1224,1200
807 100 1176,504,1224,1200
808 100 1152,504,1224,1200
809 100 1152,504,1224,1200
810 100 1152,504,1224,1200
811 100 1128,504,1224,1200
812 100 1128,504,1224,1200
813 100 1104,504,1224,1224
814 100 1104,504,1224,1224
815 100 1104,504,1224,1224
816 100 1104,528,1224,1200
817 100 1080,528,1224,1200
818 100 1080,528,1224,1200
819 100 1080,528,1224,1224
820 100 1080,528,1224,1224
821 100 1056,552,1224,1224
822 100 1056,576,1224,1200
823 100 1056,576,1224,1200
824 100 1056,576,1224,1200
825 100 1056,576,1224,1200
826 100 1056,576,1224,1200
827 100 1032,576,1224,1200
828 100 1032,576,1224,1200
829 100 1032,576,1224,1200
830 100 1008,552,1224,1224
831 100 984,552,1224,1224
832 100 984,552,1224,1224
833 100 936,576,1224,1200
834 100 912,576,1224,1200
835 100 912,576,1224,1200
836 100 888,552,1224,1224
837 100 888,552,1224,1224
838 100 888,552,1224,1200
839 100 888,552,1224,1200
840 100 888,552,1224,1200
841 100 864,528,1224,1200
842 100 864,504,1224,1224
843 100 864,504,1224,1224
844 100 840,480,1224,1224
845 100 840,480,1224,1200
846 100 840,480,1224,1200
847 100 840,456,1224,1200
848 100 816,432,1224,1224
849 100 816,432,1224,1224
850 100 816,408,1224,1224
851 100 792,408,1224,1200
852 100 792,408,1224,1200
853 100 792,384,1224,1224
854 100 792,384,1224,1224
855 100 792,384,1224,1200
856 100 792,360,1224,1224
857 100 792,360,1224,1224
858 100 792,360,1224,1200
859 100 768,336,1224,1224
860 100 768,336,1224,1224
861 100 744,336,1224,1200
862 100 744,312,1224,1224
863 100 744,312,1224,1224
864 100 720,288,1224,1224
865 100 720,288,1224,1200
866 100 720,288,1224,1200
867 100 696,264,1224,1224
868 100 672,264,1224,1200
869 100 672,264,1224,1200
870 100 648,240,1224,1224
871 100 624,240,1224,1200
872 100 624,240,1224,1200
873 100 624,240,1224,1200
874 100 624,240,1224,1200
875 100 648,240,1224,1200
876 100 648,216,1224,1224
877 100 648,216,1224,1224
878 100 672,216,1224,1200
879 100 696,216,1224,1200
880 100 696,216,1224,1200
881 100 720,216,1224,1200
882 100 720,216,1224,1200
883 100 720,216,1224,1200
884 100 720,192,1224,1200
885 100 744,192,1224,1200
886 100 744,192,1224,1200
887 100 744,192,1224,1200
888 100 768,192,1224,1200
889 100 768,192,1224,1200
890 100 792,192,1224,1224
891 100 816,216,1224,1200
892 100 816,216,1224,1200
893 100 816,216,1224,1200
894 100 816,216,1224,1200
895 100 816,216,1224,1200
896 100 816,216,1224,1200
897 100 816,216,1224,1200
898 100 816,216,1224,1200
899 100 816,216,1224,1200
900 100 816,216,1224,1200
901 100 816,216,1224,1200
902 100 816,216,1224,1200
903 100 816,216,1224,1200
904 100 816,216,1224,1200
905 100 816,216,1224,1224
906 100 816,216,1224,1224
907 100 840,240,1224,1224
908 100 888,288,1224,1200
909 100 888,288,1224,1200
910 100 888,288,1224,1224
911 100 912,312,1224,1200
912 100 912,312,1224,1200
913 100 912,312,1224,1200
914 100 912,312,1224,1200
915 100 912,312,1224,1200
916 100 912,288,1224,1224
917 100 912,288,1224,1224
918 100 912,288,1224,1224
919 100 936,312,1224,1200
920 100 936,312,1224,1200
921 100 936,312,1224,1200
922 100 936,312,1224,1200
923 100 936,312,1224,1200
924 100 960,312,1224,1200
925 100 960,336,1224,1200
926 100 960,336,1224,1200
927 100 984,336,1224,1224
928 100 1008,360,1224,1200
929 100 1008,360,1224,1200
930 100 1032,360,1224,1224
931 100 1056,360,1224,1224
932 100 1056,360,1224,1224
933 100 1056,384,1224,1200
934 100 1056,384,1224,1200
935 100 1056,384,1224,1200
936 100 1056,384,1224,1200
937 100 1056,384,1224,1224
938 100 1056,384,1224,1224
939 100 1080,384,1224,1224
940 100 1080,384,1224,1224
941 100 1080,408,1224,1200
942 100 1056,408,1224,1200
943 100 1056,408,1224,1200
944 100 1032,432,1224,1200
945 100 1008,456,1224,1200
946 100 1008,456,1224,1200
947 100 960,456,1224,1224
948 100 912,480,1224,1200
949 100 912,480,1224,1200
950 100 816,480,1224,1200
951 100 744,504,1224,1200
952 100 744,504,1224,1200
953 100 696,504,1224,1200
954 100 648,504,1224,1224
955 100 648,504,1224,1224
956 100 624,504,1224,1224
957 100 624,504,1224,1224
958 100 600,504,1224,1200
959 100 576,504,1224,1200
960 100 576,504,1224,1200
961 100 552,504,1224,1200
962 100 528,504,1224,1200
963 100 528,504,1224,1200
964 100 504,504,1224,1200
965 100 456,480,1224,1224
966 100 456,480,1224,1224
967 100 432,480,1224,1200
968 100 408,480,1224,1200
969 100 408,480,1224,1200
970 100 408,480,1224,1200
971 100 384,456,1224,1224
972 100 384,456,1224,1224
973 100 360,456,1224,1224
974 100 336,456,1224,1200
975 100 336,456,1224,1200
976 100 336,456,1224,1200
977 100 312,456,1224,1200
978 100 312,456,1224,1200
979 100 312,456,1224,1200
980 100 312,456,1224,1200
981 100 312,456,1224,1200
982 100 312,456,1224,1200
983 100 312,456,1224,1200
984 100 312,480,1224,1200
985 100 288,480,1224,1200
986 100 288,480,1224,1200
987 100 288,480,1224,1200
988 100 288,480,1224,1224
989 100 288,480,1224,1224
990 100 288,504,1224,1200
991 100 288,480,1224,1224
992 100 288,480,1224,1224
993 100 288,504,1224,1200
994 100 264,504,1224,1200
995 100 264,504,1224,1200
996 100 264,504,1224,1200
997 100 264,504,1224,1200
998 100 240,504,1224,1224
999 100 216,528,1224,1200
1000 100 216,528,1224,1200
1001 100 192,528,1224,1200
1002 100 168,528,1224,1224
1003 100 168,528,1224,1224
1004 100 144,552,1224,1200
1005 100 120,552,1224,1200
1006 100 120,552,1224,1200
1007 100 96,552,1224,1200
1008 100 96,552,1224,1200
1009 100 96,552,1224,1200
1010 100 72,552,1224,1224
1011 100 72,552,1224,1200
1012 100 72,552,1224,1200
1013 100 48,552,1224,1200
1014 100 24,552,1224,1224
1015 100 24,552,1224,1224
1016 100 0,552,1224,1224
1017 100 24,552,1224,1224
1018 100 24,552,1224,1224
1019 100 0,576,1224,1200
1020 100 0,576,1224,1200
1021 100 0,600,1224,1200
1022 100 48,600,1224,1224
1023 100 48,600,1224,1224
1024 100 48,624,1224,1200
1025 100 48,600,1224,1200
1026 100 48,600,1224,1200
1027 100 0,600,1224,1200
1028 100 72,600,1224,1224
1029 100 72,600,1224,1224
1030 100 3480,624,1224,1200
1031 100 48,600,1224,1224
1032 100 48,600,1224,1224
1033 100 0,600,1224,1200
1034 100 0,576,1224,1200
1035 100 0,576,1224,1200
1036 100 0,552,1224,1200
1037 100 72,480,1224,1224
1038 100 72,480,1224,1224
1039 100 3504,480,1224,1200
1040 100 3504,480,1224,1200
1041 100 3408,456,1224,1200
1042 100 24,432,1224,1224
1043 100 24,432,1224,1224
1044 100 3408,408,1224,1200
1045 100 3456,384,1224,1200
1046 100 3456,384,1224,1200
1047 100 3504,360,1224,1200
1048 100 96,312,1224,1224
1049 100 96,312,1224,1224
1050 100 24,288,1224,1224
1051 100 3384,264,1224,1200
1052 100 3384,264,1224,1200
1053 100 3408,240,1224,1200
1054 100 24,216,1224,1224
1055 100 24,216,1224,1224
1056 100 0,192,1224,1224
1057 100 3336,168,1224,1200
1058 100 3336,168,1224,1200
1059 100 144,144,1224,1224
1060 100 144,144,1224,1224
1061 100 3408,120,1224,1224
1062 100 3312,120,1224,1200
1063 100 3312,120,1224,1200
1064 100 24,96,1224,1224
1065 100 3384,72,1224,1224
1066 100 3384,72,1224,1224
1067 100 3384,48,1224,1224
1068 100 96,48,1224,1224
1069 100 96,48,1224,1224
1070 100 3408,24,1224,1224
1071 100 120,24,1224,1224
1072 100 120,24,1224,1224
1073 100 216,24,1224,1224
1074 100 120,24,1224,1224
1075 100 120,24,1224,1224
1076 100 96,24,1224,1224
1077 100 24,24,1224,1224
1078 100 24,24,1224,1224
1079 100 144,24,1224,1200
1080 100 96,24,1224,1200
1081 100 96,24,1224,1200
1082 100 120,24,1224,1224
1083 100 120,24,1224,1224
1084 100 192,24,1224,1248
1085 100 48,48,1224,1224
1086 100 48,48,1224,1224
1087 100 3384,48,1224,1224
1088 100 3384,72,1224,1224
1089 100 3384,72,1224,1224
1090 100 3312,120,1224,1200
1091 100 3336,168,1224,1200
1092 100 3336,168,1224,1200
1093 100 3696,216,1224,1224
1094 100 3624,264,1224,1224
1095 100 3624,264,1224,1224
1096 100 3432,288,1224,1200
1097 100 3384,312,1224,1200
1098 100 3384,312,1224,1200
1099 100 3624,336,1224,1224
1100 100 3360,360,1224,1224
1101 100 3360,360,1224,1224
1102 100 3480,384,1224,1200
1103 100 3480,384,1224,1200
1104 100 3624,384,1224,1224
1105 100 3480,408,1224,1200
1106 100 3480,408,1224,1200
1107 100 3480,408,1224,1200
1108 100 3384,408,1224,1224
1109 100 3384,408,1224,1224
1110 100 3432,432,1224,1200
1111 100 3600,456,1224,1200
1112 100 3600,456,1224,1200
1113 100 3648,432,1224,1224
1114 100 3600,432,1224,1224
1115 100 3600,432,1224,1224
1116 100 3600,456,1224,1224
1117 100 3696,480,1224,1224
1118 100 3696,480,1224,1224
1119 100 3432,480,1224,1200
1120 100 3408,480,1224,1200
1121 100 3408,480,1224,1200
1122 100 3336,480,1224,1224
1123 100 3480,504,1224,1200
1124 100 3480,504,1224,1200
1125 100 3552,504,1224,1200
1126 100 3552,504,1224,1200
1127 100 3384,480,1224,1200
1128 100 3504,480,1224,1200
1129 100 3504,480,1224,1200
1130 100 3504,480,1224,1200
1131 100 3504,480,1224,1200
1132 100 3504,480,1224,1200
1133 100 3456,480,1224,1200
1134 100 3408,480,1224,1200
1135 100 3408,480,1224,1200
1136 100 3624,480,1224,1224
1137 100 3384,480,1224,1224
1138 100 3384,480,1224,1224
1139 100 3432,480,1224,1200
1140 100 3432,480,1224,1200
1141 100 3456,480,1224,1200
1142 100 3504,480,1224,1200
1143 100 3504,480,1224,1200
1144 100 3456,480,1224,1200
1145 100 3456,480,1224,1200
1146 100 3456,480,1224,1200
1147 100 3432,480,1224,1200
1148 100 3408,480,1224,1200
1149 100 3408,480,1224,1200
1150 100 3360,480,1224,1224
1151 100 3528,504,1224,1200
1152 100 3528,504,1224,1200
1153 100 3408,504,1224,1200
1154 100 3312,528,1224,1200
1155 100 3312,528,1224,1200
1156 100 3192,528,1224,1224
1157 100 3144,528,1224,1224
1158 100 3144,528,1224,1224
1159 100 3192,528,1224,1224
1160 100 3096,528,1224,1200
1161 100 3096,528,1224,1200
1162 100 3048,528,1224,1224
1163 100 3048,528,1224,1224
1164 100 3024,552,1224,1200
1165 100 2952,552,1224,1224
1166 100 2952,552,1224,1224
1167 100 2904,576,1224,1200
1168 100 2904,600,1224,1200
1169 100 2904,600,1224,1200
1170 100 2784,600,1224,1224
1171 100 2688,600,1224,1224
1172 100 2688,600,1224,1224
1173 100 2664,600,1224,1200
1174 100 2616,600,1224,1200
1175 100 2616,600,1224,1200
1176 100 2568,624,1224,1200
1177 100 2544,624,1224,1200
1178 100 2544,624,1224,1200
1179 100 2544,624,1224,1200
1180 100 2544,624,1224,1200
1181 100 2520,624,1224,1200
1182 100 2496,624,1224,1200
1183 100 2496,624,1224,1200
1184 100 2472,600,1224,1224
1185 100 2448,600,1224,1224
1186 100 2448,600,1224,1224
1187 100 2424,600,1224,1200
1188 100 2424,600,1224,1200
1189 100 2424,600,1224,1200
1190 100 2424,576,1224,1224
1191 100 2424,576,1224,1200
1192 100 2424,576,1224,1200
1193 100 2424,552,1224,1200
1194 100 2400,552,1224,1200
1195 100 2400,552,1224,1200
1196 100 2376,552,1224,1200
1197 100 2352,552,1224,1200
1198 100 2352,552,1224,1200
1199 100 2352,552,1224,1200
1200 100 2352,528,1224,1224
1201 100 2352,528,1224,1224
1202 100 2352,552,1224,1200
1203 100 2352,552,1224,1200
1204 100 2376,552,1224,1200
1205 100 2376,552,1224,1200
1206 100 2376,552,1224,1200
1207 100 2376,528,1224,1224
1208 100 2376,528,1224,1200
1209 100 2376,528,1224,1200
1210 100 2352,528,1224,1200
1211 100 2352,528,1224,1200
1212 100 2352,528,1224,1200
1213 100 2352,528,1224,1200
1214 100 2352,528,1224,1200
1215 100 2352,528,1224,1200
1216 100 2352,528,1224,1200
1217 100 2352,528,1224,1200
1218 100 2352,528,1224,1200
1219 100 2352,528,1224,1200
1220 100 2352,528,1224,1200
1221 100 2352,528,1224,1200
1222 100 2376,504,1224,1200
1223 100 2328,456,1224,1200
1224 100 2328,456,1224,1200
1225 100 2328,432,1224,1224
1226 100 2328,432,1224,1224
1227 100 2328,432,1224,1200
1228 100 2328,408,1224,1224
1229 100 2328,408,1224,1224
1230 100 2304,408,1224,1200
1231 100 2280,360,1224,1224
1232 100 2280,360,1224,1224
1233 100 2232,336,1224,1224
1234 100 2232,312,1224,1224
1235 100 2232,312,1224,1224
1236 100 2184,288,1224,1200
1237 100 2160,240,1224,1224
1238 100 2160,240,1224,1224
1239 100 2112,192,1224,1224
1240 100 2088,168,1224,1200
1241 100 2088,168,1224,1200
1242 100 2064,144,1224,1200
1243 100 2064,120,1224,1224
1244 100 2064,120,1224,1224
1245 100 2064,120,1224,1200
1246 100 2088,120,1224,1200
1247 100 2088,120,1224,1200
1248 100 2088,120,1224,1224
1249 100 2088,120,1224,1224
1250 100 2088,144,1224,1200
1251 100 2112,144,1224,1200
1252 100 2112,144,1224,1200
1253 100 2112,168,1224,1200
1254 100 2136,168,1224,1224
1255 100 2136,168,1224,1224
1256 100 2184,192,1224,1224
1257 100 2208,240,1224,1200
1258 100 2208,240,1224,1200
1259 100 2208,264,1224,1200
1260 100 2232,288,1224,1200
1261 100 2232,288,1224,1200
1262 100 2256,312,1224,1200
1263 100 2304,336,1224,1224
1264 100 2304,336,1224,1224
1265 100 2328,384,1224,1200
1266 100 2352,408,1224,1200
1267 100 2352,408,1224,1200
1268 100 2376,432,1224,1200
1269 100 2400,456,1224,1200
1270 100 2400,456,1224,1200
1271 100 2400,456,1224,1200
1272 100 2400,456,1224,1200
1273 100 2424,456,1224,1200
1274 100 2424,456,1224,1200
1275 100 2424,456,1224,1200
1276 100 2424,456,1224,1224
1277 100 2424,480,1224,1200
1278 100 2424,480,1224,1200
1279 100 2400,480,1224,1200
1280 100 2400,480,1224,1200
1281 100 2400,480,1224,1200
1282 100 2376,480,1224,1224
1283 100 2376,504,1224,1200
1284 100 2376,504,1224,1200
1285 100 2352,504,1224,1200
1286 100 2352,504,1224,1200
1287 100 2304,504,1224,1200
1288 100 2256,504,1224,1200
1289 100 2256,504,1224,1200
1290 100 2208,480,1224,1224
1291 100 2184,480,1224,1224
1292 100 2184,480,1224,1224
1293 100 2136,480,1224,1224
1294 100 2112,480,1224,1224
1295 100 2112,480,1224,1224
1296 100 2088,480,1224,1224
1297 100 2088,480,1224,1224
1298 100 2088,480,1224,1224
1299 100 2064,504,1224,1200
1300 100 2064,504,1224,1200
1301 100 2064,504,1224,1200
1302 100 2088,504,1224,1200
1303 100 2088,504,1224,1200
1304 100 2088,504,1224,1224
1305 100 2088,504,1224,1224
1306 100 2088,504,1224,1224
1307 100 2088,528,1224,1200
1308 100 2112,528,1224,1224
1309 100 2112,528,1224,1224
1310 100 2112,552,1224,1200
1311 100 2136,552,1224,1224
1312 100 2136,552,1224,1224
1313 100 2160,576,1224,1200
1314 100 2160,576,1224,1200
1315 100 2160,576,1224,1200
1316 100 2184,576,1224,1224
1317 100 2208,600,1224,1200
1318 100 2208,600,1224,1200
1319 100 2208,600,1224,1200
1320 100 2232,600,1224,1200
1321 100 2232,600,1224,1200
1322 100 2232,600,1224,1200
1323 100 2232,600,1224,1200
1324 100 2256,600,1224,1224
1325 100 2256,624,1224,1200
1326 100 2256,624,1224,1200
1327 100 2280,624,1224,1200
1328 100 2304,624,1224,1200
1329 100 2304,624,1224,1200
1330 100 2328,624,1224,1200
1331 100 2328,624,1224,1200
1332 100 2328,624,1224,1200
1333 100 2352,624,1224,1200
1334 100 2376,624,1224,1200
1335 100 2376,624,1224,1200
1336 100 2424,624,1224,1200
1337 100 2448,624,1224,1200
1338 100 2448,624,1224,1200
1339 100 2472,624,1224,1200
1340 100 2472,624,1224,1200
1341 100 2496,624,1224,1200
1342 100 2520,624,1224,1200
1343 100 2520,624,1224,1200
1344 100 2544,600,1224,1224
1345 100 2592,600,1224,1200
1346 100 2592,600,1224,1200
1347 100 2592,600,1224,1200
1348 100 2640,576,1224,1224
1349 100 2640,576,1224,1224
1350 100 2640,576,1224,1224
1351 100 2688,576,1224,1200
1352 100 2688,576,1224,1200
1353 100 2712,576,1224,1200
1354 100 2760,552,1224,1224
1355 100 2760,552,1224,1224
1356 100 2760,552,1224,1224
1357 100 2760,552,1224,1224
1358 100 2784,552,1224,1224
1359 100 2880,552,1224,1200
1360 100 2880,552,1224,1200
1361 100 2880,552,1224,1200
1362 100 2976,552,1224,1200
1363 100 2976,552,1224,1200
1364 100 3000,552,1224,1200
1365 100 3024,552,1224,1200
1366 100 3024,552,1224,1200
1367 100 3048,528,1224,1224
1368 100 3096,528,1224,1200
1369 100 3096,528,1224,1200
1370 100 3048,504,1224,1224
1371 100 3096,504,1224,1200
1372 100 3096,504,1224,1200
1373 100 3096,504,1224,1200
1374 100 3144,504,1224,1200
1375 100 3144,504,1224,1200
1376 100 3168,480,1224,1224
1377 100 3072,480,1224,1200
1378 100 3072,480,1224,1200
1379 100 3120,480,1224,1200
1380 100 3120,480,1224,1200
1381 100 3144,456,1224,1224
1382 100 3120,456,1224,1200
1383 100 3120,456,1224,1200
1384 100 3192,432,1224,1224
1385 100 3240,432,1224,1200
1386 100 3240,432,1224,1200
1387 100 3240,408,1224,1200
1388 100 3216,384,1224,1200
1389 100 3216,384,1224,1200
1390 100 3264,360,1224,1224
1391 100 3144,360,1224,1224
1392 100 3144,360,1224,1224
1393 100 3288,360,1224,1224
1394 100 3264,384,1224,1200
1395 100 3264,384,1224,1200
1396 100 3240,384,1224,1200
1397 100 3360,384,1224,1224
1398 100 3360,384,1224,1224
1399 100 3336,384,1224,1224
1400 100 3336,384,1224,1224
1401 100 3336,384,1224,1224
1402 100 3264,408,1224,1200
1403 100 3264,408,1224,1200
1404 100 3264,408,1224,1200
1405 100 3432,408,1224,1200
1406 100 3432,408,1224,1200
1407 100 3408,408,1224,1200
1408 100 3408,408,1224,1200
1409 100 3408,408,1224,1200
1410 100 3384,408,1224,1224
1411 100 3336,408,1224,1224
1412 100 3336,408,1224,1224
1413 100 3360,408,1224,1224
1414 100 3528,432,1224,1200
1415 100 3528,432,1224,1200
1416 100 3528,432,1224,1200
1417 100 3504,432,1224,1200
1418 100 3504,432,1224,1200
1419 100 3288,432,1224,1200
1420 100 3312,408,1224,1224
1421 100 3312,408,1224,1224
1422 100 3312,408,1224,1224
1423 100 3264,432,1224,1200
1424 100 3264,432,1224,1200
1425 100 3240,432,1224,1200
1426 100 3408,432,1224,1200
1427 100 3408,432,1224,1200
1428 100 3360,432,1224,1224
1429 100 3360,432,1224,1224
1430 100 3288,456,1224,1200
1431 100 3456,456,1224,1200
1432 100 3456,456,1224,1200
1433 100 3384,456,1224,1224
1434 100 3480,480,1224,1200
1435 100 3480,480,1224,1200
1436 100 3384,480,1224,1200
1437 100 3504,504,1224,1200
1438 100 3504,504,1224,1200
1439 100 3768,504,1224,1224
1440 100 3408,504,1224,1200
1441 100 3408,504,1224,1200
1442 100 24,504,1224,1224
1443 100 0,504,1224,1224
1444 100 0,504,1224,1224
1445 100 48,504,1224,1224
1446 100 96,504,1224,1224
1447 100 96,504,1224,1224
1448 100 120,504,1224,1224
1449 100 120,504,1224,1224
1450 100 120,504,1224,1224
1451 100 120,528,1224,1200
1452 100 0,504,1224,1224
1453 100 0,504,1224,1224
1454 100 24,504,1224,1224
1455 100 48,504,1224,1200
1456 100 48,504,1224,1200
1457 100 72,504,1224,1200
1458 100 72,504,1224,1200
1459 100 24,504,1224,1200
1460 100 0,480,1224,1200
1461 100 0,480,1224,1200
1462 100 24,456,1224,1224
1463 100 48,456,1224,1200
1464 100 48,456,1224,1200
1465 100 96,456,1224,1200
1466 100 0,432,1224,1224
1467 100 0,432,1224,1224
1468 100 0,432,1224,1224
1469 100 24,432,1224,1200
1470 100 24,432,1224,1200
1471 100 96,408,1224,1224
1472 100 3456,408,1224,1200
1473 100 3456,408,1224,1200
1474 100 3552,384,1224,1224
1475 100 72,384,1224,1224
1476 100 72,384,1224,1224
1477 100 3576,360,1224,1224
1478 100 3480,360,1224,1200
1479 100 3480,360,1224,1200
1480 100 3408,336,1224,1200
1481 100 3408,336,1224,1200
1482 100 3528,336,1224,1200
1483 100 3624,312,1224,1224
1484 100 3624,312,1224,1224
1485 100 3432,312,1224,1200
1486 100 3528,312,1224,1200
1487 100 3528,312,1224,1200
1488 100 3576,288,1224,1224
1489 100 3600,288,1224,1224
1490 100 3600,288,1224,1224
1491 100 3360,288,1224,1200
1492 100 3432,288,1224,1200
1493 100 3432,288,1224,1200
1494 100 3456,288,1224,1200
1495 100 3528,288,1224,1200
1496 100 3528,288,1224,1200
1497 100 3672,264,1224,1224
1498 100 3384,264,1224,1200
1499 100 3384,264,1224,1200
1500 100 3456,264,1224,1200
1501 100 3504,264,1224,1200
1502 100 3504,264,1224,1200
1503 100 3528,240,1224,1224
1504 100 3672,240,1224,1224
1505 100 3672,240,1224,1224
1506 100 3528,240,1224,1224
1507 100 3528,240,1224,1224
1508 100 3456,264,1224,1200
1509 100 3384,264,1224,1200
1510 100 3384,264,1224,1200
1511 100 3552,264,1224,1224
1512 100 3528,264,1224,1224
1513 100 3528,264,1224,1224
1514 100 3432,288,1224,1200
1515 100 3360,288,1224,1200
1516 100 3360,288,1224,1200
1517 100 3648,288,1224,1224
1518 100 3552,288,1224,1224
1519 100 3552,288,1224,1224
1520 100 3432,312,1224,1200
1521 100 3288,312,1224,1224
1522 100 3288,312,1224,1224
1523 100 3336,336,1224,1224
1524 100 3288,384,1224,1200
1525 100 3288,384,1224,1200
1526 100 3384,384,1224,1200
1527 100 3312,384,1224,1224
1528 100 3312,384,1224,1224
1529 100 3264,408,1224,1200
1530 100 3264,408,1224,1200
1531 100 3240,408,1224,1200
1532 100 3168,408,1224,1224
1533 100 3168,408,1224,1224
1534 100 3240,432,1224,1200
1535 100 3168,456,1224,1200
1536 100 3168,456,1224,1200
1537 100 3216,456,1224,1200
1538 100 3216,456,1224,1200
1539 100 3216,456,1224,1200
1540 100 3168,456,1224,1224
1541 100 3120,480,1224,1200
1542 100 3120,480,1224,1200
1543 100 3072,480,1224,1224
1544 100 3024,504,1224,1200
1545 100 3024,504,1224,1200
1546 100 3000,504,1224,1200
1547 100 3000,504,1224,1200
1548 100 3000,504,1224,1200
1549 100 3000,504,1224,1200
1550 100 3000,504,1224,1200
1551 100 2976,504,1224,1200
1552 100 2904,504,1224,1200
1553 100 2904,504,1224,1200
1554 100 2880,504,1224,1200
1555 100 2880,504,1224,1200
1556 100 2880,504,1224,1200
1557 100 2880,504,1224,1200
1558 100 2880,504,1224,1200
1559 100 2880,504,1224,1200
1560 100 2952,504,1224,1224
1561 100 2952,504,1224,1224
1562 100 2952,504,1224,1224
1563 100 2952,504,1224,1224
1564 100 2976,504,1224,1200
1565 100 2976,504,1224,1200
1566 100 2904,504,1224,1200
1567 100 2904,504,1224,1200
1568 100 2904,504,1224,1200
1569 100 2880,504,1224,1200
1570 100 2880,504,1224,1200
1571 100 2808,504,1224,1200
1572 100 2808,504,1224,1200
1573 100 2808,504,1224,1200
1574 100 2808,504,1224,1200
1575 100 2736,504,1224,1200
1576 100 2736,504,1224,1200
1577 100 2736,504,1224,1200
1578 100 2712,480,1224,1224
1579 100 2712,480,1224,1224
1580 100 2712,480,1224,1200
1581 100 2736,456,1224,1200
1582 100 2736,456,1224,1200
1583 100 2736,456,1224,1200
1584 100 2736,456,1224,1200
1585 100 2736,456,1224,1200
1586 100 2712,456,1224,1200
1587 100 2736,456,1224,1200
1588 100 2736,456,1224,1200
1589 100 2736,456,1224,1200
1590 100 2736,456,1224,1200
1591 100 2736,456,1224,1200
1592 100 2736,456,1224,1200
1593 100 2736,456,1224,1200
1594 100 2712,456,1224,1200
1595 100 2688,432,1224,1200
1596 100 2688,432,1224,1200
1597 100 2664,432,1224,1200
1598 100 2664,432,1224,1224
1599 100 2664,432,1224,1224
1600 100 2664,456,1224,1200
1601 100 2640,432,1224,1224
1602 100 2640,432,1224,1224
1603 100 2640,432,1224,1200
1604 100 2640,432,1224,1200
1605 100 2640,432,1224,1200
1606 100 2592,432,1224,1200
1607 100 2592,432,1224,1224
1608 100 2592,432,1224,1224
1609 100 2568,456,1224,1200
1610 100 2544,456,1224,1200
1611 100 2544,456,1224,1200
1612 100 2544,456,1224,1200
1613 100 2544,456,1224,1224
1614 100 2544,456,1224,1224
1615 100 2544,480,1224,1200
1616 100 2544,480,1224,1200
1617 100 2520,480,1224,1200
1618 100 2520,480,1224,1200
1619 100 2520,480,1224,1200
1620 100 2496,480,1224,1224
1621 100 2496,480,1224,1224
1622 100 2496,480,1224,1224
1623 100 2496,480,1224,1224
1624 100 2472,480,1224,1224
1625 100 2472,480,1224,1224
1626 100 2472,480,1224,1224
1627 100 2472,504,1224,1200
1628 100 2472,504,1224,1200
1629 100 2448,504,1224,1200
1630 100 2448,504,1224,1224
1631 100 2448,504,1224,1224
1632 100 2448,528,1224,1200
1633 100 2448,528,1224,1200
1634 100 2448,528,1224,1224
1635 100 2424,528,1224,1224
1636 100 2424,528,1224,1224
1637 100 2400,528,1224,1224
1638 100 2376,528,1224,1200
1639 100 2376,528,1224,1200
1640 100 2352,528,1224,1224
1641 100 2328,552,1224,1200
1642 100 2328,552,1224,1200
1643 100 2280,552,1224,1224
1644 100 2208,576,1224,1200
1645 100 2208,576,1224,1200
1646 100 2160,576,1224,1200
1647 100 2112,576,1224,1200
1648 100 2112,576,1224,1200
1649 100 2064,576,1224,1200
1650 100 2040,576,1224,1200
1651 100 2040,576,1224,1200
1652 100 1992,576,1224,1200
1653 100 1968,576,1224,1200
1654 100 1968,576,1224,1200
1655 100 1944,576,1224,1200
1656 100 1944,576,1224,1200
1657 100 1944,576,1224,1200
1658 100 1920,552,1224,1224
1659 100 1920,552,1224,1224
1660 100 1920,552,1224,1200
1661 100 1920,528,1224,1224
1662 100 1920,528,1224,1224
1663 100 1920,528,1224,1200
1664 100 1920,504,1224,1224
1665 100 1920,504,1224,1224
1666 100 1920,504,1224,1200
1667 100 1920,480,1224,1224
1668 100 1920,480,1224,1224
1669 100 1920,480,1224,1224
1670 100 1896,480,1224,1224
1671 100 1896,480,1224,1224
1672 100 1896,480,1224,1200
1673 100 1872,456,1224,1224
1674 100 1872,456,1224,1224
1675 100 1848,456,1224,1200
1676 100 1824,432,1224,1224
1677 100 1824,432,1224,1224
1678 100 1800,432,1224,1224
1679 100 1776,432,1224,1200
1680 100 1776,432,1224,1200
1681 100 1776,384,1224,1224
1682 100 1752,360,1224,1200
1683 100 1752,360,1224,1200
1684 100 1728,336,1224,1200
1685 100 1728,336,1224,1200
1686 100 1728,312,1224,1200
1687 100 1704,288,1224,1200
1688 100 1704,288,1224,1200
1689 100 1704,288,1224,1200
1690 100 1704,288,1224,1200
1691 100 1704,288,1224,1200
1692 100 1704,264,1224,1200
1693 100 1704,264,1224,1224
1694 100 1704,264,1224,1224
1695 100 1728,264,1224,1200
1696 100 1728,264,1224,1200
1697 100 1728,264,1224,1200
1698 100 1728,264,1224,1200
1699 100 1752,240,1224,1200
1700 100 1752,240,1224,1200
1701 100 1752,216,1224,1224
1702 100 1776,216,1224,1200
1703 100 1776,216,1224,1200
1704 100 1776,192,1224,1224
1705 100 1776,192,1224,1200
1706 100 1776,192,1224,1200
1707 100 1800,192,1224,1200
1708 100 1800,192,1224,1200
1709 100 1800,192,1224,1200
1710 100 1800,168,1224,1224
1711 100 1800,168,1224,1224
1712 100 1800,168,1224,1224
1713 100 1824,168,1224,1224
1714 100 1824,168,1224,1224
1715 100 1824,168,1224,1224
1716 100 1848,168,1224,1224
1717 100 1848,168,1224,1224
1718 100 1872,168,1224,1224
1719 100 1896,168,1224,1224
1720 100 1896,168,1224,1224
1721 100 1920,192,1224,1200
1722 100 1920,192,1224,1200
1723 100 1920,192,1224,1200
1724 100 1920,192,1224,1200
1725 100 1920,192,1224,1200
1726 100 1920,192,1224,1200
1727 100 1944,192,1224,1200
1728 100 1944,192,1224,1200
1729 100 1944,192,1224,1200
1730 100 1944,192,1224,1200
1731 100 1944,192,1224,1200
1732 100 1944,192,1224,1200
1733 100 1944,192,1224,1200
1734 100 1944,192,1224,1200
1735 100 1944,192,1224,1200
1736 100 1944,192,1224,1200
1737 100 1944,192,1224,1200
1738 100 1944,192,1224,1200
1739 100 1944,192,1224,1200
1740 100 1944,192,1224,1200
1741 100 1920,192,1224,1200
1742 100 1920,192,1224,1200
1743 100 1920,192,1224,1200
1744 100 1944,192,1224,1200
1745 100 1944,192,1224,1224
1746 100 1944,192,1224,1224
1747 100 1944,216,1224,1200
1748 100 1944,216,1224,1200
1749 100 1944,216,1224,1200
1750 100 1944,216,1224,1200
1751 100 1968,216,1224,1224
1752 100 1968,216,1224,1224
1753 100 1968,240,1224,1200
1754 100 1992,264,1224,1224
1755 100 1992,264,1224,1224
1756 100 2040,336,1224,1200
1757 100 2040,336,1224,1200
1758 100 2040,336,1224,1200
1759 100 2064,384,1224,1200
1760 100 2064,384,1224,1200
1761 100 2112,432,1224,1200
1762 100 2136,456,1224,1200
1763 100 2136,456,1224,1200
1764 100 2136,456,1224,1200
1765 100 2136,456,1224,1224
1766 100 2136,456,1224,1224
1767 100 2136,456,1224,1224
1768 100 2160,480,1224,1200
1769 100 2160,480,1224,1200
1770 100 2160,480,1224,1200
1771 100 2160,480,1224,1200
1772 100 2160,480,1224,1200
1773 100 2184,480,1224,1224
1774 100 2184,504,1224,1200
1775 100 2184,504,1224,1200
1776 100 2184,504,1224,1200
1777 100 2184,504,1224,1200
1778 100 2184,504,1224,1200
1779 100 2208,504,1224,1200
1780 100 2208,504,1224,1200
1781 100 2208,504,1224,1200
1782 100 2232,504,1224,1200
1783 100 2232,504,1224,1200
1784 100 2232,504,1224,1224
1785 100 2280,528,1224,1200
1786 100 2280,528,1224,1200
1787 100 2304,528,1224,1200
1788 100 2328,528,1224,1200
1789 100 2328,528,1224,1200
1790 100 2352,552,1224,1200
1791 100 2376,552,1224,1200
1792 100 2376,552,1224,1200
1793 100 2400,552,1224,1224
1794 100 2400,552,1224,1224
1795 100 2400,552,1224,1224
1796 100 2400,576,1224,1224
1797 100 2400,600,1224,1200
1798 100 2400,600,1224,1200
