0 100 384,504,1224,1224
1 100 1992,624,1224,1224
2 100 1992,624,1224,1224
3 100 1992,624,1224,1224
4 100 1992,624,1224,1224
5 100 1992,624,1224,1224
6 100 1944,648,1224,1200
7 100 1944,648,1224,1200
8 100 1944,648,1224,1200
9 100 1920,624,1224,1200
10 100 1920,624,1224,1200
11 100 1920,624,1224,1200
12 100 1920,624,1224,1200
13 100 1920,624,1224,1200
14 100 1920,624,1224,1200
15 100 1920,624,1224,1200
16 100 1896,624,1224,1224
17 100 1896,624,1224,1224
18 100 1896,624,1224,1224
19 100 1896,624,1224,1224
20 100 1896,624,1224,1224
21 100 1896,624,1224,1224
22 100 1896,624,1224,1224
23 100 1920,624,1224,1224
24 100 1920,624,1224,1224
25 100 1920,624,1224,1224
26 100 1944,624,1224,1200
27 100 1944,624,1224,1200
28 100 1944,624,1224,1200
29 100 1968,600,1224,1224
30 100 1968,600,1224,1224
31 100 1968,600,1224,1224
32 100 1968,600,1224,1224
33 100 2016,576,1224,1272
34 100 2016,576,1224,1272
35 100 2016,576,1224,1272
36 100 2040,600,1224,1224
37 100 2040,600,1224,1224
38 100 2040,600,1224,1224
39 100 2040,624,1224,1200
40 100 2040,624,1224,1200
41 100 2040,624,1224,1200
42 100 2040,624,1224,1200
43 100 2040,600,1224,1224
44 100 2040,600,1224,1224
45 100 2040,600,1224,1224
46 100 2064,600,1224,1200
47 100 2064,600,1224,1200
48 100 2064,600,1224,1200
49 100 2064,600,1224,1200
50 100 2064,600,1224,1200
51 100 2064,600,1224,1200
52 100 2064,600,1224,1200
53 100 2040,576,1224,1224
54 100 2040,576,1224,1224
55 100 2040,576,1224,1224
56 100 2064,576,1224,1224
57 100 2064,576,1224,1224
58 100 2064,576,1224,1224
59 100 2040,576,1224,1224
60 100 2040,576,1224,1224
61 100 2040,576,1224,1224
62 100 2040,576,1224,1224
63 100 2040,576,1224,1224
64 100 2040,576,1224,1224
65 100 2040,576,1224,1224
66 100 2040,552,1224,1224
67 100 2040,552,1224,1224
68 100 2040,552,1224,1224
69 100 2040,552,1224,1224
70 100 2040,576,1224,1200
71 100 2040,576,1224,1200
72 100 2040,552,1224,1224
73 100 2040,552,1224,1224
74 100 2040,552,1224,1224
75 100 2040,552,1224,1224
76 100 2016,552,1224,1224
77 100 2016,552,1224,1224
78 100 2016,552,1224,1224
79 100 2016,552,1224,1224
80 100 2016,552,1224,1224
81 100 2016,552,1224,1224
82 100 2016,552,1224,1224
83 100 2016,552,1224,1224
84 100 2016,552,1224,1224
85 100 2016,552,1224,1224
86 100 2016,552,1224,1224
87 100 1992,552,1224,1224
88 100 1992,552,1224,1224
89 100 1992,552,1224,1224
90 100 1992,552,1224,1224
91 100 1992,552,1224,1224
92 100 1992,552,1224,1224
93 100 1992,552,1224,1224
94 100 1992,552,1224,1224
95 100 1992,552,1224,1224
96 100 2016,552,1224,1200
97 100 2016,552,1224,1200
98 100 2016,552,1224,1200
99 100 2016,552,1224,1224
100 100 2016,552,1224,1224
101 100 2016,552,1224,1224
102 100 2016,552,1224,1224
103 100 2016,552,1224,1200
104 100 2016,552,1224,1200
105 100 2016,552,1224,1200
106 100 2016,552,1224,1200
107 100 2016,552,1224,1200
108 100 2016,552,1224,1200
109 100 2016,552,1224,1200
110 100 2016,552,1224,1200
111 100 2016,528,1224,1224
112 100 2016,528,1224,1224
113 100 2016,528,1224,1224
114 100 2016,552,1224,1200
115 100 2016,552,1224,1200
116 100 2016,552,1224,1200
117 100 2016,552,1224,1200
118 100 2016,552,1224,1200
119 100 2016,552,1224,1200
120 100 2016,552,1224,1200
121 100 2016,552,1224,1200
122 100 2016,552,1224,1200
123 100 2016,528,1224,1224
124 100 2016,528,1224,1224
125 100 2016,528,1224,1224
126 100 2016,528,1224,1224
127 100 2016,528,1224,1224
128 100 2016,528,1224,1224
129 100 2016,528,1224,1224
130 100 2016,528,1224,1224
131 100 2016,528,1224,1224
132 100 2016,528,1224,1224
133 100 2016,528,1224,1224
134 100 2016,528,1224,1224
135 100 2016,528,1224,1224
136 100 2016,528,1224,1224
137 100 2016,528,1224,1224
138 100 2016,528,1224,1224
139 100 2016,528,1224,1224
140 100 2016,528,1224,1224
141 100 2016,528,1224,1224
142 100 2016,528,1224,1224
143 100 1992,552,1224,1200
144 100 1992,552,1224,1200
145 100 1992,552,1224,1200
146 100 1992,552,1224,1200
147 100 1992,552,1224,1200
148 100 1992,552,1224,1200
149 100 1992,552,1224,1200
150 100 1992,552,1224,1200
151 100 1992,552,1224,1200
152 100 1992,552,1224,1200
153 100 1992,552,1224,1200
154 100 1992,552,1224,1200
155 100 1992,552,1224,1200
156 100 1992,552,1224,1200
157 100 1992,528,1224,1224
158 100 1992,528,1224,1224
159 100 1992,528,1224,1224
160 100 1992,528,1224,1224
161 100 1992,528,1224,1224
162 100 1992,528,1224,1224
163 100 1992,552,1224,1200
164 100 1992,552,1224,1200
165 100 1992,552,1224,1200
166 100 1992,552,1224,1200
167 100 1992,552,1224,1200
168 100 1992,552,1224,1200
169 100 1992,552,1224,1200
170 100 1992,552,1224,1200
171 100 1992,552,1224,1200
172 100 1992,552,1224,1200
173 100 2016,552,1224,1200
174 100 2016,552,1224,1200
175 100 2016,552,1224,1200
176 100 2016,552,1224,1200
177 100 2016,552,1224,1200
178 100 2016,552,1224,1200
179 100 2016,552,1224,1200
180 100 2016,552,1224,1200
181 100 2016,552,1224,1200
182 100 2016,552,1224,1200
183 100 2016,552,1224,1200
184 100 2016,552,1224,1200
185 100 2016,552,1224,1200
186 100 2016,552,1224,1200
187 100 2016,552,1224,1200
188 100 2016,552,1224,1200
189 100 2016,552,1224,1200
190 100 2016,552,1224,1200
191 100 2016,552,1224,1200
192 100 2016,552,1224,1200
193 100 2016,552,1224,1200
194 100 2016,552,1224,1200
195 100 2016,552,1224,1200
196 100 2016,552,1224,1200
197 100 2016,552,1224,1200
198 100 2016,552,1224,1200
199 100 2016,552,1224,1200
200 100 2016,552,1224,1200
201 100 2016,552,1224,1200
202 100 2016,552,1224,1200
203 100 2016,552,1224,1224
204 100 2016,552,1224,1224
205 100 2016,552,1224,1224
206 100 2016,552,1224,1224
207 100 2016,552,1224,1224
208 100 2016,552,1224,1224
209 100 2016,552,1224,1224
210 100 2040,552,1224,1200
211 100 2040,552,1224,1200
212 100 2040,552,1224,1200
213 100 2040,552,1224,1200
214 100 2040,552,1224,1200
215 100 2040,552,1224,1200
216 100 2040,552,1224,1200
217 100 2040,552,1224,1200
218 100 2040,552,1224,1200
219 100 2040,552,1224,1200
220 100 2016,552,1224,1200
221 100 2016,552,1224,1200
222 100 2016,552,1224,1200
223 100 2016,552,1224,1200
224 100 2016,552,1224,1200
225 100 2016,552,1224,1200
226 100 2016,552,1224,1200
227 100 2016,552,1224,1200
228 100 1992,552,1224,1200
229 100 1992,552,1224,1200
230 100 1992,552,1224,1200
231 100 1944,552,1224,1200
232 100 1944,552,1224,1200
233 100 1944,552,1224,1200
234 100 1920,552,1224,1200
235 100 1920,552,1224,1200
236 100 1920,552,1224,1200
237 100 1872,528,1224,1224
238 100 1872,528,1224,1224
239 100 1872,528,1224,1224
240 100 1848,528,1224,1224
241 100 1848,528,1224,1224
242 100 1848,528,1224,1224
243 100 1800,528,1224,1224
244 100 1800,528,1224,1224
245 100 1800,528,1224,1224
246 100 1800,528,1224,1224
247 100 1800,528,1224,1224
248 100 1800,528,1224,1224
249 100 1800,528,1224,1224
250 100 1776,528,1224,1224
251 100 1776,528,1224,1224
252 100 1776,528,1224,1224
253 100 1776,528,1224,1224
254 100 1776,528,1224,1224
255 100 1752,528,1224,1224
256 100 1752,528,1224,1224
257 100 1752,528,1224,1224
258 100 1728,552,1224,1200
259 100 1728,552,1224,1200
260 100 1728,552,1224,1200
261 100 1704,552,1224,1200
262 100 1704,552,1224,1200
263 100 1704,552,1224,1200
264 100 1704,552,1224,1200
265 100 1680,552,1224,1200
266 100 1680,552,1224,1200
267 100 1680,576,1224,1200
268 100 1680,576,1224,1200
269 100 1680,576,1224,1200
270 100 1680,576,1224,1200
271 100 1680,576,1224,1200
272 100 1704,576,1224,1224
273 100 1704,576,1224,1224
274 100 1728,600,1224,1224
275 100 1728,600,1224,1224
276 100 1728,600,1224,1224
277 100 1728,600,1224,1224
278 100 1776,648,1224,1200
279 100 1776,648,1224,1200
280 100 1800,672,1224,1200
281 100 1800,672,1224,1200
282 100 1800,672,1224,1200
283 100 1800,672,1224,1200
284 100 1848,696,1224,1224
285 100 1848,696,1224,1224
286 100 1848,696,1224,1224
287 100 1848,720,1224,1200
288 100 1848,720,1224,1200
289 100 1848,720,1224,1200
290 100 1848,720,1224,1200
291 100 1848,744,1224,1224
292 100 1848,744,1224,1224
293 100 1848,744,1224,1224
294 100 1848,744,1224,1224
295 100 1848,744,1224,1224
296 100 1848,744,1224,1224
297 100 1848,792,1224,1224
298 100 1848,792,1224,1224
299 100 1848,792,1224,1224
300 100 1848,792,1224,1224
301 100 1848,816,1224,1200
302 100 1848,816,1224,1200
303 100 1848,816,1224,1224
304 100 1848,816,1224,1224
305 100 1848,816,1224,1224
306 100 1848,816,1224,1224
307 100 1824,840,1224,1200
308 100 1824,840,1224,1200
309 100 1824,840,1224,1200
310 100 1824,840,1224,1200
311 100 1848,840,1224,1200
312 100 1848,840,1224,1200
313 100 1848,840,1224,1200
314 100 1848,840,1224,1200
315 100 1848,840,1224,1200
316 100 1848,840,1224,1200
317 100 1848,840,1224,1200
318 100 1848,840,1224,1200
319 100 1848,840,1224,1200
320 100 1848,840,1224,1200
321 100 1848,816,1224,1224
322 100 1848,816,1224,1224
323 100 1848,816,1224,1224
324 100 1848,816,1224,1224
325 100 1848,816,1224,1224
326 100 1872,816,1224,1224
327 100 1872,816,1224,1224
328 100 1872,816,1224,1224
329 100 1872,816,1224,1224
330 100 1872,816,1224,1200
331 100 1872,816,1224,1200
332 100 1872,816,1224,1200
333 100 1896,816,1224,1200
334 100 1896,816,1224,1200
335 100 1896,816,1224,1200
336 100 1896,792,1224,1224
337 100 1896,792,1224,1224
338 100 1896,792,1224,1224
339 100 1896,792,1224,1224
340 100 1896,792,1224,1224
341 100 1896,792,1224,1224
342 100 1896,792,1224,1224
343 100 1896,792,1224,1224
344 100 1896,792,1224,1224
345 100 1896,792,1224,1224
346 100 1896,792,1224,1224
347 100 1896,792,1224,1200
348 100 1896,792,1224,1200
349 100 1896,792,1224,1200
350 100 1896,792,1224,1200
351 100 1896,792,1224,1200
352 100 1896,792,1224,1200
353 100 1896,792,1224,1200
354 100 1896,792,1224,1200
355 100 1896,792,1224,1200
356 100 1896,792,1224,1200
357 100 1920,768,1224,1224
358 100 1920,768,1224,1224
359 100 1920,768,1224,1224
360 100 1944,768,1224,1200
361 100 1944,768,1224,1200
362 100 1944,768,1224,1200
363 100 1992,744,1224,1224
364 100 1992,744,1224,1224
365 100 1992,744,1224,1224
366 100 1992,744,1224,1224
367 100 2040,744,1224,1200
368 100 2040,744,1224,1200
369 100 2040,744,1224,1200
370 100 2088,720,1224,1200
371 100 2088,720,1224,1200
372 100 2088,720,1224,1200
373 100 2160,696,1224,1200
374 100 2160,696,1224,1200
375 100 2160,696,1224,1200
376 100 2160,696,1224,1200
377 100 2208,672,1224,1200
378 100 2208,672,1224,1200
379 100 2208,672,1224,1200
380 100 2232,648,1224,1224
381 100 2232,648,1224,1224
382 100 2232,648,1224,1224
383 100 2232,648,1224,1224
384 100 2256,648,1224,1200
385 100 2256,648,1224,1200
386 100 2256,648,1224,1200
387 100 2280,624,1224,1200
388 100 2280,624,1224,1200
389 100 2280,624,1224,1200
390 100 2304,600,1224,1224
391 100 2304,600,1224,1224
392 100 2304,600,1224,1224
393 100 2304,600,1224,1224
394 100 2328,600,1224,1200
395 100 2328,600,1224,1200
396 100 2328,600,1224,1200
397 100 2352,576,1224,1224
398 100 2352,576,1224,1224
399 100 2352,576,1224,1224
400 100 2400,576,1224,1224
401 100 2400,576,1224,1224
402 100 2400,576,1224,1224
403 100 2400,576,1224,1224
404 100 2448,600,1224,1200
405 100 2448,600,1224,1200
406 100 2448,600,1224,1200
407 100 2472,600,1224,1200
408 100 2472,600,1224,1200
409 100 2472,600,1224,1200
410 100 2472,600,1224,1200
411 100 2472,600,1224,1200
412 100 2472,600,1224,1200
413 100 2472,600,1224,1200
414 100 2472,600,1224,1200
415 100 2472,600,1224,1200
416 100 2472,600,1224,1200
417 100 2448,600,1224,1200
418 100 2448,600,1224,1200
419 100 2448,600,1224,1200
420 100 2448,600,1224,1200
421 100 2448,600,1224,1200
422 100 2448,600,1224,1200
423 100 2448,600,1224,1200
424 100 2448,600,1224,1200
425 100 2448,600,1224,1200
426 100 2448,600,1224,1200
427 100 2448,600,1224,1200
428 100 2448,600,1224,1200
429 100 2448,600,1224,1200
430 100 2448,600,1224,1200
431 100 2448,600,1224,1200
432 100 2448,600,1224,1200
433 100 2448,600,1224,1200
434 100 2424,600,1224,1200
435 100 2424,600,1224,1200
436 100 2424,600,1224,1200
437 100 2400,600,1224,1200
438 100 2400,600,1224,1200
439 100 2400,600,1224,1200
440 100 2400,600,1224,1200
441 100 2400,600,1224,1200
442 100 2400,600,1224,1200
443 100 2400,600,1224,1200
444 100 2400,600,1224,1200
445 100 2376,600,1224,1200
446 100 2376,600,1224,1200
447 100 2352,600,1224,1200
448 100 2352,600,1224,1200
449 100 2352,600,1224,1200
450 100 2352,600,1224,1200
451 100 2304,576,1224,1200
452 100 2304,576,1224,1200
453 100 2304,576,1224,1200
454 100 2280,576,1224,1200
455 100 2280,576,1224,1200
456 100 2280,576,1224,1200
457 100 2280,576,1224,1200
458 100 2232,576,1224,1200
459 100 2232,576,1224,1200
460 100 2232,576,1224,1200
461 100 2184,552,1224,1224
462 100 2184,552,1224,1224
463 100 2184,552,1224,1224
464 100 2184,552,1224,1200
465 100 2184,552,1224,1200
466 100 2184,552,1224,1200
467 100 2184,552,1224,1200
468 100 2136,552,1224,1200
469 100 2136,552,1224,1200
470 100 2136,552,1224,1200
471 100 2136,552,1224,1200
472 100 2112,552,1224,1200
473 100 2112,552,1224,1200
474 100 2112,552,1224,1200
475 100 2088,552,1224,1200
476 100 2088,552,1224,1200
477 100 2088,552,1224,1200
478 100 2064,552,1224,1200
479 100 2064,552,1224,1200
480 100 2064,552,1224,1200
481 100 2064,552,1224,1224
482 100 2064,552,1224,1224
483 100 2064,552,1224,1224
484 100 2064,552,1224,1224
485 100 2064,552,1224,1224
486 100 2064,552,1224,1224
487 100 2064,552,1224,1224
488 100 2064,552,1224,1224
489 100 2064,552,1224,1224
490 100 2064,552,1224,1224
491 100 2040,552,1224,1224
492 100 2040,552,1224,1224
493 100 2040,552,1224,1224
494 100 2040,552,1224,1224
495 100 2040,552,1224,1224
496 100 2040,552,1224,1224
497 100 2040,552,1224,1224
498 100 2040,552,1224,1224
499 100 2040,552,1224,1224
500 100 2040,552,1224,1224
501 100 2040,552,1224,1224
502 100 2040,552,1224,1224
503 100 2040,552,1224,1224
504 100 2016,552,1224,1224
505 100 2016,552,1224,1224
506 100 2016,552,1224,1224
507 100 2016,552,1224,1224
508 100 2016,576,1224,1200
509 100 2016,576,1224,1200
510 100 2016,576,1224,1200
511 100 2016,576,1224,1200
512 100 1992,576,1224,1200
513 100 1992,576,1224,1200
514 100 1992,576,1224,1200
515 100 1992,576,1224,1200
516 100 1992,576,1224,1200
517 100 1992,576,1224,1200
518 100 1968,576,1224,1200
519 100 1968,576,1224,1200
520 100 1968,576,1224,1200
521 100 1968,576,1224,1200
522 100 1944,576,1224,1200
523 100 1944,576,1224,1200
524 100 1944,576,1224,1200
525 100 1896,576,1224,1200
526 100 1896,576,1224,1200
527 100 1896,576,1224,1200
528 100 1800,576,1224,1224
529 100 1800,576,1224,1224
530 100 1800,576,1224,1224
531 100 1800,576,1224,1224
532 100 1704,576,1224,1224
533 100 1704,576,1224,1224
534 100 1704,576,1224,1224
535 100 1656,576,1224,1224
536 100 1656,576,1224,1224
537 100 1656,576,1224,1224
538 100 1632,576,1224,1224
539 100 1632,576,1224,1224
540 100 1632,576,1224,1224
541 100 1632,576,1224,1224
542 100 1584,576,1224,1200
543 100 1584,576,1224,1200
544 100 1584,576,1224,1200
545 100 1560,576,1224,1200
546 100 1560,576,1224,1200
547 100 1560,576,1224,1200
548 100 1536,576,1224,1200
549 100 1536,576,1224,1200
550 100 1536,576,1224,1200
551 100 1536,576,1224,1200
552 100 1488,576,1224,1200
553 100 1488,576,1224,1200
554 100 1488,576,1224,1200
555 100 1440,576,1224,1200
556 100 1440,576,1224,1200
557 100 1440,576,1224,1200
558 100 1392,576,1224,1200
559 100 1392,576,1224,1200
560 100 1392,576,1224,1200
561 100 1392,576,1224,1200
562 100 1368,576,1224,1200
563 100 1368,576,1224,1200
564 100 1368,576,1224,1200
565 100 1344,576,1224,1200
566 100 1320,576,1224,1200
567 100 1320,576,1224,1200
568 100 1320,576,1224,1200
569 100 1320,576,1224,1200
570 100 1320,576,1224,1200
571 100 1320,576,1224,1200
572 100 1296,576,1224,1200
573 100 1296,576,1224,1200
574 100 1296,576,1224,1200
575 100 1296,576,1224,1200
576 100 1272,576,1224,1200
577 100 1272,576,1224,1200
578 100 1248,576,1224,1200
579 100 1248,576,1224,1200
580 100 1248,576,1224,1200
581 100 1248,576,1224,1200
582 100 1248,576,1224,1200
583 100 1224,576,1224,1200
584 100 1224,576,1224,1200
585 100 1200,576,1224,1200
586 100 1200,576,1224,1200
587 100 1200,576,1224,1200
588 100 1200,576,1224,1200
589 100 1152,576,1224,1200
590 100 1152,576,1224,1200
591 100 1152,576,1224,1200
592 100 1104,576,1224,1200
593 100 1104,576,1224,1200
594 100 1104,576,1224,1200
595 100 1080,576,1224,1200
596 100 1080,576,1224,1200
597 100 1080,576,1224,1200
598 100 1080,576,1224,1200
599 100 1056,576,1224,1200
600 100 1056,576,1224,1200
601 100 1056,576,1224,1200
602 100 1032,576,1224,1200
603 100 1032,576,1224,1200
604 100 1032,576,1224,1200
605 100 1032,576,1224,1200
606 100 1032,576,1224,1200
607 100 1008,576,1224,1200
608 100 1008,576,1224,1200
609 100 1008,576,1224,1200
610 100 984,576,1224,1200
611 100 984,576,1224,1200
612 100 960,576,1224,1200
613 100 960,576,1224,1200
614 100 960,576,1224,1200
615 100 960,576,1224,1200
616 100 936,576,1224,1200
617 100 936,576,1224,1200
618 100 912,576,1224,1200
619 100 912,576,1224,1200
620 100 912,576,1224,1200
621 100 912,576,1224,1200
622 100 888,576,1224,1200
623 100 888,576,1224,1200
624 100 888,576,1224,1200
625 100 888,576,1224,1200
626 100 864,576,1224,1200
627 100 864,576,1224,1200
628 100 816,576,1224,1200
629 100 816,576,1224,1200
630 100 816,576,1224,1200
631 100 816,576,1224,1200
632 100 816,576,1224,1200
633 100 792,576,1224,1200
634 100 792,576,1224,1200
635 100 792,576,1224,1200
636 100 768,576,1224,1200
637 100 768,576,1224,1200
638 100 792,576,1224,1200
639 100 792,576,1224,1200
640 100 792,576,1224,1200
641 100 792,576,1224,1200
642 100 792,576,1224,1200
643 100 792,576,1224,1200
644 100 792,576,1224,1200
645 100 792,576,1224,1200
646 100 816,576,1224,1224
647 100 816,576,1224,1224
648 100 840,576,1224,1200
649 100 840,576,1224,1200
650 100 840,576,1224,1200
651 100 840,576,1224,1200
652 100 864,576,1224,1224
653 100 864,576,1224,1224
654 100 864,576,1224,1224
655 100 864,576,1224,1224
656 100 888,576,1224,1224
657 100 888,576,1224,1224
658 100 888,576,1224,1224
659 100 912,576,1224,1224
660 100 912,576,1224,1224
661 100 912,576,1224,1224
662 100 960,576,1224,1224
663 100 960,576,1224,1224
664 100 960,576,1224,1224
665 100 960,576,1224,1224
666 100 1008,576,1224,1224
667 100 1008,576,1224,1224
668 100 1008,576,1224,1224
669 100 1080,576,1224,1224
670 100 1080,576,1224,1224
671 100 1080,576,1224,1224
672 100 1128,576,1224,1224
673 100 1128,576,1224,1224
674 100 1128,576,1224,1224
675 100 1200,576,1224,1224
676 100 1200,576,1224,1224
677 100 1200,576,1224,1224
678 100 1200,576,1224,1224
679 100 1272,600,1224,1200
680 100 1272,600,1224,1200
681 100 1272,600,1224,1200
682 100 1272,600,1224,1200
683 100 1320,600,1224,1200
684 100 1320,600,1224,1200
685 100 1320,600,1224,1200
686 100 1368,576,1224,1224
687 100 1368,576,1224,1224
688 100 1368,576,1224,1224
689 100 1416,600,1224,1200
690 100 1416,600,1224,1200
691 100 1416,600,1224,1200
692 100 1464,576,1224,1224
693 100 1464,576,1224,1224
694 100 1464,576,1224,1224
695 100 1512,600,1224,1200
696 100 1512,600,1224,1200
697 100 1512,600,1224,1200
698 100 1512,600,1224,1200
699 100 1584,600,1224,1200
700 100 1584,600,1224,1200
701 100 1584,600,1224,1200
702 100 1584,600,1224,1200
703 100 1656,600,1224,1200
704 100 1656,600,1224,1200
705 100 1656,600,1224,1200
706 100 1728,600,1224,1200
707 100 1728,600,1224,1200
708 100 1728,600,1224,1200
709 100 1728,600,1224,1200
710 100 1776,600,1224,1200
711 100 1776,600,1224,1200
712 100 1872,600,1224,1200
713 100 1872,600,1224,1200
714 100 1872,600,1224,1200
715 100 1872,600,1224,1200
716 100 1944,600,1224,1200
717 100 1944,600,1224,1200
718 100 1944,600,1224,1200
719 100 1944,600,1224,1200
720 100 1992,600,1224,1200
721 100 1992,600,1224,1200
722 100 2040,600,1224,1200
723 100 2040,600,1224,1200
724 100 2040,600,1224,1200
725 100 2040,600,1224,1200
726 100 2088,600,1224,1200
727 100 2088,600,1224,1200
728 100 2088,600,1224,1200
729 100 2112,600,1224,1200
730 100 2112,600,1224,1200
731 100 2112,600,1224,1200
732 100 2112,600,1224,1200
733 100 2112,600,1224,1200
734 100 2112,600,1224,1200
735 100 2112,600,1224,1200
736 100 2136,600,1224,1200
737 100 2136,600,1224,1200
738 100 2136,600,1224,1200
739 100 2136,600,1224,1200
740 100 2136,600,1224,1200
741 100 2136,600,1224,1200
742 100 2136,600,1224,1200
743 100 2112,600,1224,1200
744 100 2112,600,1224,1200
745 100 2112,600,1224,1200
746 100 2112,600,1224,1224
747 100 2112,600,1224,1224
748 100 2112,600,1224,1224
749 100 2112,600,1224,1224
750 100 2112,600,1224,1224
751 100 2112,624,1224,1200
752 100 2112,624,1224,1200
753 100 2112,624,1224,1200
754 100 2112,624,1224,1200
755 100 2112,624,1224,1200
756 100 2112,624,1224,1200
757 100 2112,624,1224,1224
758 100 2112,624,1224,1224
759 100 2112,624,1224,1224
760 100 2112,624,1224,1224
761 100 2112,624,1224,1224
762 100 2112,624,1224,1224
763 100 2112,648,1224,1200
764 100 2112,648,1224,1200
765 100 2112,648,1224,1200
766 100 2112,648,1224,1200
767 100 2112,648,1224,1200
768 100 2112,648,1224,1200
769 100 2136,624,1224,1224
770 100 2136,624,1224,1224
771 100 2136,624,1224,1224
772 100 2136,624,1224,1224
773 100 2136,624,1224,1200
774 100 2136,624,1224,1200
775 100 2136,624,1224,1200
776 100 2136,624,1224,1200
777 100 2136,624,1224,1200
778 100 2136,624,1224,1200
779 100 2136,624,1224,1200
780 100 2136,624,1224,1200
781 100 2136,624,1224,1200
782 100 2136,624,1224,1200
783 100 2136,624,1224,1200
784 100 2136,624,1224,1200
785 100 2136,624,1224,1200
786 100 2136,624,1224,1200
787 100 2136,624,1224,1200
788 100 2136,624,1224,1200
789 100 2136,624,1224,1200
790 100 2136,624,1224,1200
791 100 2136,624,1224,1200
792 100 2136,624,1224,1200
793 100 2112,624,1224,1200
794 100 2112,624,1224,1200
795 100 2112,624,1224,1200
796 100 2112,624,1224,1200
797 100 2112,624,1224,1200
798 100 2112,624,1224,1200
799 100 2112,624,1224,1200
800 100 2112,624,1224,1200
801 100 2088,600,1224,1224
802 100 2088,600,1224,1224
803 100 2088,600,1224,1224
804 100 2088,600,1224,1224
805 100 2088,600,1224,1224
806 100 2088,600,1224,1224
807 100 2064,600,1224,1200
808 100 2064,600,1224,1200
809 100 2064,600,1224,1200
810 100 2064,600,1224,1200
811 100 2064,600,1224,1200
812 100 2064,600,1224,1200
813 100 2064,576,1224,1224
814 100 2064,576,1224,1224
815 100 2064,576,1224,1224
816 100 2064,576,1224,1224
817 100 2064,576,1224,1224
818 100 2064,576,1224,1224
819 100 2064,576,1224,1224
820 100 2064,576,1224,1224
821 100 2064,576,1224,1224
822 100 2064,576,1224,1224
823 100 2064,576,1224,1224
824 100 2064,576,1224,1224
825 100 2064,576,1224,1224
826 100 2064,576,1224,1224
827 100 2064,576,1224,1224
828 100 2064,600,1224,1200
829 100 2064,600,1224,1200
830 100 2064,600,1224,1200
831 100 2112,576,1224,1224
832 100 2112,576,1224,1224
833 100 2112,576,1224,1224
834 100 2136,600,1224,1200
835 100 2136,600,1224,1200
836 100 2136,600,1224,1200
837 100 2184,600,1224,1200
838 100 2184,600,1224,1200
839 100 2184,600,1224,1200
840 100 2232,600,1224,1200
841 100 2232,600,1224,1200
842 100 2232,600,1224,1200
843 100 2280,600,1224,1200
844 100 2280,600,1224,1200
845 100 2280,600,1224,1200
846 100 2280,600,1224,1200
847 100 2304,600,1224,1200
848 100 2304,600,1224,1200
849 100 2304,600,1224,1200
850 100 2352,600,1224,1200
851 100 2352,600,1224,1200
852 100 2352,600,1224,1200
853 100 2400,600,1224,1200
854 100 2400,600,1224,1200
855 100 2400,600,1224,1200
856 100 2400,600,1224,1200
857 100 2448,600,1224,1200
858 100 2448,600,1224,1200
859 100 2448,600,1224,1200
860 100 2520,600,1224,1200
861 100 2520,600,1224,1200
862 100 2520,600,1224,1200
863 100 2520,600,1224,1200
864 100 2568,600,1224,1200
865 100 2568,600,1224,1200
866 100 2568,600,1224,1200
867 100 2640,600,1224,1224
868 100 2640,600,1224,1224
869 100 2640,600,1224,1224
870 100 2640,600,1224,1224
871 100 2664,624,1224,1200
872 100 2664,624,1224,1200
873 100 2664,624,1224,1200
874 100 2808,624,1224,1200
875 100 2808,624,1224,1200
876 100 2808,624,1224,1200
877 100 2856,600,1224,1200
878 100 2856,600,1224,1200
879 100 2856,600,1224,1200
880 100 2976,600,1224,1200
881 100 2976,600,1224,1200
882 100 2976,600,1224,1200
883 100 3000,600,1224,1200
884 100 3000,600,1224,1200
885 100 3000,600,1224,1200
886 100 3000,600,1224,1200
887 100 3024,600,1224,1200
888 100 3024,600,1224,1200
889 100 3024,600,1224,1200
890 100 3096,600,1224,1200
891 100 3096,600,1224,1200
892 100 3096,600,1224,1200
893 100 3120,600,1224,1200
894 100 3120,600,1224,1200
895 100 3120,600,1224,1200
896 100 3120,600,1224,1200
897 100 3120,600,1224,1200
898 100 3120,600,1224,1200
899 100 3120,600,1224,1200
900 100 3120,600,1224,1200
901 100 3120,600,1224,1200
902 100 3120,600,1224,1200
903 100 3288,576,1224,1224
904 100 3288,576,1224,1224
905 100 3288,576,1224,1224
906 100 3288,576,1224,1224
907 100 3336,576,1224,1224
908 100 3336,576,1224,1224
909 100 3336,576,1224,1224
910 100 3360,576,1224,1224
911 100 3360,576,1224,1224
912 100 3360,576,1224,1224
913 100 3360,576,1224,1224
914 100 3192,576,1224,1200
915 100 3192,576,1224,1200
916 100 3192,576,1224,1200
917 100 3192,576,1224,1200
918 100 3336,576,1224,1224
919 100 3336,576,1224,1224
920 100 3336,576,1224,1224
921 100 3336,576,1224,1224
922 100 3168,576,1224,1224
923 100 3168,576,1224,1224
924 100 3144,576,1224,1224
925 100 3144,576,1224,1224
926 100 3144,576,1224,1224
927 100 3168,576,1224,1224
928 100 3168,576,1224,1224
929 100 3168,576,1224,1224
930 100 3168,576,1224,1224
931 100 3168,576,1224,1224
932 100 3168,576,1224,1224
933 100 3168,576,1224,1224
934 100 3168,576,1224,1224
935 100 3168,576,1224,1224
936 100 3168,576,1224,1224
937 100 3168,576,1224,1224
938 100 3168,576,1224,1224
939 100 3168,576,1224,1224
940 100 3168,576,1224,1224
941 100 3168,576,1224,1224
942 100 3168,576,1224,1224
943 100 3168,576,1224,1224
944 100 3168,576,1224,1224
945 100 3144,600,1224,1200
946 100 3144,600,1224,1200
947 100 3144,600,1224,1200
948 100 3168,576,1224,1224
949 100 3168,576,1224,1224
950 100 3168,576,1224,1224
951 100 3168,576,1224,1224
952 100 3168,576,1224,1224
953 100 3168,576,1224,1224
954 100 3120,600,1224,1200
955 100 3120,600,1224,1200
956 100 3120,600,1224,1200
957 100 3144,600,1224,1200
958 100 3144,600,1224,1200
959 100 3144,600,1224,1200
960 100 3144,600,1224,1200
961 100 3024,600,1224,1200
962 100 3024,600,1224,1200
963 100 3024,600,1224,1200
964 100 2880,576,1224,1200
965 100 2880,576,1224,1200
966 100 2880,576,1224,1200
967 100 2760,576,1224,1200
968 100 2760,576,1224,1200
969 100 2760,576,1224,1200
970 100 2760,576,1224,1200
971 100 2592,576,1224,1200
972 100 2592,576,1224,1200
973 100 2592,576,1224,1200
974 100 2496,576,1224,1200
975 100 2496,576,1224,1200
976 100 2496,576,1224,1200
977 100 2496,576,1224,1200
978 100 2496,576,1224,1200
979 100 2400,576,1224,1200
980 100 2400,576,1224,1200
981 100 2304,576,1224,1200
982 100 2304,576,1224,1200
983 100 2304,576,1224,1200
984 100 2304,576,1224,1200
985 100 2256,576,1224,1200
986 100 2256,576,1224,1200
987 100 2208,576,1224,1200
988 100 2208,576,1224,1200
989 100 2208,576,1224,1200
990 100 2208,576,1224,1200
991 100 2160,576,1224,1200
992 100 2160,576,1224,1200
993 100 2160,576,1224,1200
994 100 2136,576,1224,1200
995 100 2136,576,1224,1200
996 100 2136,576,1224,1200
997 100 2112,576,1224,1200
998 100 2112,576,1224,1200
999 100 2112,576,1224,1200
1000 100 2112,576,1224,1200
1001 100 2088,576,1224,1224
1002 100 2088,576,1224,1224
1003 100 2088,576,1224,1224
1004 100 2088,576,1224,1224
1005 100 2088,576,1224,1224
1006 100 2088,576,1224,1224
1007 100 2088,576,1224,1224
1008 100 2088,576,1224,1224
1009 100 2088,576,1224,1224
1010 100 2088,576,1224,1224
1011 100 2112,576,1224,1224
1012 100 2112,576,1224,1224
1013 100 2112,576,1224,1224
1014 100 2136,600,1224,1200
1015 100 2136,600,1224,1200
1016 100 2136,600,1224,1200
1017 100 2136,600,1224,1200
1018 100 2160,576,1224,1224
1019 100 2160,576,1224,1224
1020 100 2160,576,1224,1224
1021 100 2160,576,1224,1200
1022 100 2160,576,1224,1200
1023 100 2160,576,1224,1200
1024 100 2184,552,1224,1200
1025 100 2184,552,1224,1200
1026 100 2184,552,1224,1200
1027 100 2184,552,1224,1200
1028 100 2184,552,1224,1200
1029 100 2184,552,1224,1200
1030 100 2184,552,1224,1200
1031 100 2184,552,1224,1200
1032 100 2184,552,1224,1200
1033 100 2184,552,1224,1200
1034 100 2208,528,1224,1200
1035 100 2208,528,1224,1200
1036 100 2208,528,1224,1200
1037 100 2208,528,1224,1200
1038 100 2232,504,1224,1200
1039 100 2232,504,1224,1200
1040 100 2232,504,1224,1200
1041 100 2232,480,1224,1224
1042 100 2232,480,1224,1224
1043 100 2232,480,1224,1224
1044 100 2256,504,1224,1224
1045 100 2256,504,1224,1224
1046 100 2256,504,1224,1224
1047 100 2256,504,1224,1224
1048 100 2280,504,1224,1200
1049 100 2280,504,1224,1200
1050 100 2280,504,1224,1200
1051 100 2280,504,1224,1200
1052 100 2280,504,1224,1200
1053 100 2280,504,1224,1200
1054 100 2304,504,1224,1200
1055 100 2304,504,1224,1200
1056 100 2304,504,1224,1200
1057 100 2304,504,1224,1200
1058 100 2304,480,1224,1200
1059 100 2304,480,1224,1200
1060 100 2304,480,1224,1200
1061 100 2304,480,1224,1200
1062 100 2304,480,1224,1200
1063 100 2304,480,1224,1200
1064 100 2304,480,1224,1200
1065 100 2304,480,1224,1200
1066 100 2304,480,1224,1200
1067 100 2304,480,1224,1200
1068 100 2304,480,1224,1200
1069 100 2304,480,1224,1200
1070 100 2304,480,1224,1200
1071 100 2304,480,1224,1200
1072 100 2304,480,1224,1200
1073 100 2304,480,1224,1200
1074 100 2328,480,1224,1200
1075 100 2328,480,1224,1200
1076 100 2328,480,1224,1200
1077 100 2328,480,1224,1200
1078 100 2328,480,1224,1200
1079 100 2328,480,1224,1200
1080 100 2328,480,1224,1200
1081 100 2328,480,1224,1200
1082 100 2328,480,1224,1200
1083 100 2328,480,1224,1200
1084 100 2328,480,1224,1200
1085 100 2328,480,1224,1200
1086 100 2328,480,1224,1200
1087 100 2328,480,1224,1200
1088 100 2328,480,1224,1200
1089 100 2328,480,1224,1200
1090 100 2328,480,1224,1200
1091 100 2352,480,1224,1200
1092 100 2352,480,1224,1200
1093 100 2352,480,1224,1200
1094 100 2352,480,1224,1200
1095 100 2400,528,1224,1200
1096 100 2400,528,1224,1200
1097 100 2400,528,1224,1200
1098 100 2424,552,1224,1200
1099 100 2424,552,1224,1200
1100 100 2424,552,1224,1200
1101 100 2448,600,1224,1200
1102 100 2448,600,1224,1200
1103 100 2448,600,1224,1200
1104 100 2448,600,1224,1200
1105 100 2496,624,1224,1224
1106 100 2496,624,1224,1224
1107 100 2496,624,1224,1224
1108 100 2496,648,1224,1200
1109 100 2496,648,1224,1200
1110 100 2496,648,1224,1200
1111 100 2496,648,1224,1224
1112 100 2496,648,1224,1224
1113 100 2496,648,1224,1224
1114 100 2496,648,1224,1224
1115 100 2496,672,1224,1200
1116 100 2496,672,1224,1200
1117 100 2496,672,1224,1200
1118 100 2544,672,1224,1224
1119 100 2544,672,1224,1224
1120 100 2544,672,1224,1224
1121 100 2544,672,1224,1224
1122 100 2544,672,1224,1224
1123 100 2544,672,1224,1224
1124 100 2544,672,1224,1224
1125 100 2544,672,1224,1224
1126 100 2568,696,1224,1200
1127 100 2568,696,1224,1200
1128 100 2568,696,1224,1200
1129 100 2544,696,1224,1200
1130 100 2544,696,1224,1200
1131 100 2544,696,1224,1200
1132 100 2544,696,1224,1200
1133 100 2544,696,1224,1200
1134 100 2544,696,1224,1200
1135 100 2544,672,1224,1224
1136 100 2544,672,1224,1224
1137 100 2544,672,1224,1224
1138 100 2568,672,1224,1224
1139 100 2568,672,1224,1224
1140 100 2568,672,1224,1224
1141 100 2568,672,1224,1224
1142 100 2544,672,1224,1224
1143 100 2544,672,1224,1224
1144 100 2544,672,1224,1224
1145 100 2544,672,1224,1224
1146 100 2448,696,1224,1200
1147 100 2448,696,1224,1200
1148 100 2352,720,1224,1200
1149 100 2352,720,1224,1200
1150 100 2352,720,1224,1200
1151 100 2352,720,1224,1200
1152 100 2256,720,1224,1224
1153 100 2256,720,1224,1224
1154 100 2256,720,1224,1224
1155 100 2160,744,1224,1224
1156 100 2160,744,1224,1224
1157 100 2160,744,1224,1224
1158 100 2160,744,1224,1224
1159 100 2088,768,1224,1200
1160 100 2088,768,1224,1200
1161 100 2088,768,1224,1200
1162 100 2016,768,1224,1200
1163 100 2016,768,1224,1200
1164 100 2016,768,1224,1200
1165 100 2016,768,1224,1200
1166 100 1968,768,1224,1200
1167 100 1968,768,1224,1200
1168 100 1968,768,1224,1200
1169 100 1896,768,1224,1224
1170 100 1896,768,1224,1224
1171 100 1896,768,1224,1224
1172 100 1848,768,1224,1224
1173 100 1848,768,1224,1224
1174 100 1848,768,1224,1224
1175 100 1800,768,1224,1200
1176 100 1800,768,1224,1200
1177 100 1800,768,1224,1200
1178 100 1800,768,1224,1200
1179 100 1752,768,1224,1200
1180 100 1752,768,1224,1200
1181 100 1752,768,1224,1200
1182 100 1704,744,1224,1224
1183 100 1704,744,1224,1224
1184 100 1704,744,1224,1224
1185 100 1680,744,1224,1200
1186 100 1680,744,1224,1200
1187 100 1680,744,1224,1200
1188 100 1680,744,1224,1200
1189 100 1632,720,1224,1224
1190 100 1632,720,1224,1224
1191 100 1632,720,1224,1224
1192 100 1632,720,1224,1224
1193 100 1584,720,1224,1224
1194 100 1584,720,1224,1224
1195 100 1560,720,1224,1200
1196 100 1560,720,1224,1200
1197 100 1560,720,1224,1200
1198 100 1560,720,1224,1200
1199 100 1536,696,1224,1224
1200 100 1536,696,1224,1224
1201 100 1536,696,1224,1224
1202 100 1536,672,1224,1224
1203 100 1536,672,1224,1224
1204 100 1536,672,1224,1224
1205 100 1488,648,1224,1200
1206 100 1488,648,1224,1200
1207 100 1488,648,1224,1200
1208 100 1488,648,1224,1200
1209 100 1488,624,1224,1200
1210 100 1488,624,1224,1200
1211 100 1488,624,1224,1200
1212 100 1488,600,1224,1200
1213 100 1488,600,1224,1200
1214 100 1488,600,1224,1200
1215 100 1488,600,1224,1200
1216 100 1488,600,1224,1200
1217 100 1488,600,1224,1200
1218 100 1488,600,1224,1200
1219 100 1512,576,1224,1224
1220 100 1512,576,1224,1224
1221 100 1512,576,1224,1224
1222 100 1512,576,1224,1224
1223 100 1512,576,1224,1224
1224 100 1512,576,1224,1224
1225 100 1512,576,1224,1224
1226 100 1536,576,1224,1200
1227 100 1536,576,1224,1200
1228 100 1536,576,1224,1200
1229 100 1536,552,1224,1200
1230 100 1536,552,1224,1200
1231 100 1536,552,1224,1200
1232 100 1560,528,1224,1224
1233 100 1560,528,1224,1224
1234 100 1560,528,1224,1224
1235 100 1560,528,1224,1224
1236 100 1560,528,1224,1200
1237 100 1560,528,1224,1200
1238 100 1560,528,1224,1200
1239 100 1584,504,1224,1224
1240 100 1584,504,1224,1224
1241 100 1584,504,1224,1224
1242 100 1608,480,1224,1200
1243 100 1608,480,1224,1200
1244 100 1608,480,1224,1200
1245 100 1608,480,1224,1200
1246 100 1584,432,1224,1200
1247 100 1584,432,1224,1200
1248 100 1584,432,1224,1200
1249 100 1584,432,1224,1200
1250 100 1560,432,1224,1200
1251 100 1560,432,1224,1200
1252 100 1560,432,1224,1200
1253 100 1560,432,1224,1200
1254 100 1560,432,1224,1200
1255 100 1560,432,1224,1200
1256 100 1584,432,1224,1224
1257 100 1584,432,1224,1224
1258 100 1584,432,1224,1224
1259 100 1584,432,1224,1224
1260 100 1584,456,1224,1200
1261 100 1584,456,1224,1200
1262 100 1632,456,1224,1224
1263 100 1632,456,1224,1224
1264 100 1632,456,1224,1224
1265 100 1632,456,1224,1224
1266 100 1632,480,1224,1200
1267 100 1632,480,1224,1200
1268 100 1632,480,1224,1200
1269 100 1632,480,1224,1200
1270 100 1632,480,1224,1200
1271 100 1632,480,1224,1200
1272 100 1632,480,1224,1224
1273 100 1632,480,1224,1224
1274 100 1632,480,1224,1224
1275 100 1632,480,1224,1224
1276 100 1608,504,1224,1200
1277 100 1608,504,1224,1200
1278 100 1608,504,1224,1200
1279 100 1608,504,1224,1200
1280 100 1584,504,1224,1200
1281 100 1584,504,1224,1200
1282 100 1584,504,1224,1200
1283 100 1584,504,1224,1224
1284 100 1584,504,1224,1224
1285 100 1584,504,1224,1224
1286 100 1560,504,1224,1224
1287 100 1560,504,1224,1224
1288 100 1560,504,1224,1224
1289 100 1536,528,1224,1200
1290 100 1536,528,1224,1200
1291 100 1536,528,1224,1200
1292 100 1536,528,1224,1200
1293 100 1488,528,1224,1224
1294 100 1488,528,1224,1224
1295 100 1488,528,1224,1224
1296 100 1464,552,1224,1200
1297 100 1464,552,1224,1200
1298 100 1464,552,1224,1200
1299 100 1416,576,1224,1200
1300 100 1416,576,1224,1200
1301 100 1416,576,1224,1200
1302 100 1368,576,1224,1200
1303 100 1368,576,1224,1200
1304 100 1368,576,1224,1200
1305 100 1368,576,1224,1200
1306 100 1320,576,1224,1200
1307 100 1320,576,1224,1200
1308 100 1320,576,1224,1200
1309 100 1320,576,1224,1200
1310 100 1272,576,1224,1224
1311 100 1272,576,1224,1224
1312 100 1272,576,1224,1224
1313 100 1224,576,1224,1200
1314 100 1224,576,1224,1200
1315 100 1224,576,1224,1200
1316 100 1200,576,1224,1200
1317 100 1200,576,1224,1200
1318 100 1200,576,1224,1200
1319 100 1200,576,1224,1200
1320 100 1200,576,1224,1200
1321 100 1200,576,1224,1200
1322 100 1176,576,1224,1200
1323 100 1176,576,1224,1200
1324 100 1176,576,1224,1200
1325 100 1176,576,1224,1200
1326 100 1176,576,1224,1200
1327 100 1176,576,1224,1200
1328 100 1176,576,1224,1200
1329 100 1176,576,1224,1200
1330 100 1176,576,1224,1200
1331 100 1176,576,1224,1200
1332 100 1176,576,1224,1200
1333 100 1176,576,1224,1200
1334 100 1176,576,1224,1200
1335 100 1176,576,1224,1200
1336 100 1176,552,1224,1224
1337 100 1176,552,1224,1224
1338 100 1176,552,1224,1224
1339 100 1176,552,1224,1224
1340 100 1200,576,1224,1200
1341 100 1200,576,1224,1200
1342 100 1200,576,1224,1200
1343 100 1200,552,1224,1224
1344 100 1200,552,1224,1224
1345 100 1200,552,1224,1224
1346 100 1200,552,1224,1224
1347 100 1200,552,1224,1224
1348 100 1200,576,1224,1200
1349 100 1200,576,1224,1200
1350 100 1200,576,1224,1200
1351 100 1224,576,1224,1200
1352 100 1224,576,1224,1200
1353 100 1248,576,1224,1200
1354 100 1248,576,1224,1200
1355 100 1248,576,1224,1200
1356 100 1248,576,1224,1200
1357 100 1248,576,1224,1200
1358 100 1248,576,1224,1200
1359 100 1248,576,1224,1200
1360 100 1248,576,1224,1200
1361 100 1248,576,1224,1200
1362 100 1248,576,1224,1200
1363 100 1248,576,1224,1200
1364 100 1248,576,1224,1200
1365 100 1248,576,1224,1200
1366 100 1248,576,1224,1200
1367 100 1248,576,1224,1200
1368 100 1248,576,1224,1200
1369 100 1248,576,1224,1200
1370 100 1248,576,1224,1200
1371 100 1248,576,1224,1200
1372 100 1248,576,1224,1200
1373 100 1248,576,1224,1200
1374 100 1248,576,1224,1200
1375 100 1248,576,1224,1200
1376 100 1248,576,1224,1200
1377 100 1248,576,1224,1200
1378 100 1248,576,1224,1200
1379 100 1248,576,1224,1200
1380 100 1248,576,1224,1200
1381 100 1248,576,1224,1200
1382 100 1248,576,1224,1200
1383 100 1248,576,1224,1200
1384 100 1248,576,1224,1200
1385 100 1248,576,1224,1200
1386 100 1248,576,1224,1200
1387 100 1248,576,1224,1200
1388 100 1248,552,1224,1224
1389 100 1248,552,1224,1224
1390 100 1248,552,1224,1224
1391 100 1248,552,1224,1224
1392 100 1248,552,1224,1224
1393 100 1248,552,1224,1224
1394 100 1248,552,1224,1200
1395 100 1248,552,1224,1200
1396 100 1248,552,1224,1200
1397 100 1248,552,1224,1224
1398 100 1248,552,1224,1224
1399 100 1248,552,1224,1224
1400 100 1248,552,1224,1224
1401 100 1248,552,1224,1224
1402 100 1248,552,1224,1224
1403 100 1224,552,1224,1224
1404 100 1224,552,1224,1224
1405 100 1224,552,1224,1224
1406 100 1224,552,1224,1224
1407 100 1224,552,1224,1224
1408 100 1224,552,1224,1224
1409 100 1224,552,1224,1224
1410 100 1224,552,1224,1224
1411 100 1224,552,1224,1224
1412 100 1224,552,1224,1224
1413 100 1224,552,1224,1224
1414 100 1224,552,1224,1224
1415 100 1224,552,1224,1224
1416 100 1224,552,1224,1224
1417 100 1224,552,1224,1224
1418 100 1200,552,1224,1224
1419 100 1200,552,1224,1224
1420 100 1200,552,1224,1224
1421 100 1200,552,1224,1224
1422 100 1200,552,1224,1224
1423 100 1200,552,1224,1224
1424 100 1200,552,1224,1224
1425 100 1176,576,1224,1200
1426 100 1176,576,1224,1200
1427 100 1176,576,1224,1200
1428 100 1176,576,1224,1200
1429 100 1176,576,1224,1200
1430 100 1176,576,1224,1200
1431 100 1176,576,1224,1200
1432 100 1176,576,1224,1200
1433 100 1152,576,1224,1224
1434 100 1152,576,1224,1224
1435 100 1152,576,1224,1224
1436 100 1152,576,1224,1224
1437 100 1152,576,1224,1224
1438 100 1152,576,1224,1224
1439 100 1152,576,1224,1224
1440 100 1152,576,1224,1224
1441 100 1128,600,1224,1200
1442 100 1128,600,1224,1200
1443 100 1128,600,1224,1200
1444 100 1128,600,1224,1200
1445 100 1128,600,1224,1200
1446 100 1128,600,1224,1200
1447 100 1128,600,1224,1200
1448 100 1104,600,1224,1200
1449 100 1104,600,1224,1200
1450 100 1104,600,1224,1224
1451 100 1104,600,1224,1224
1452 100 1104,600,1224,1224
1453 100 1104,600,1224,1224
1454 100 1104,600,1224,1224
1455 100 1080,600,1224,1224
1456 100 1080,600,1224,1224
1457 100 1080,600,1224,1224
1458 100 1056,600,1224,1224
1459 100 1056,600,1224,1224
1460 100 1056,600,1224,1224
1461 100 1032,600,1224,1224
1462 100 1032,600,1224,1224
1463 100 1032,600,1224,1224
1464 100 1032,600,1224,1224
1465 100 1032,624,1224,1224
1466 100 1032,624,1224,1224
1467 100 1008,648,1224,1224
1468 100 1008,648,1224,1224
1469 100 1008,648,1224,1224
1470 100 1032,648,1224,1224
1471 100 1032,648,1224,1224
1472 100 1032,648,1224,1224
1473 100 1032,648,1224,1224
1474 100 1032,648,1224,1224
1475 100 1032,648,1224,1224
1476 100 1032,648,1224,1224
1477 100 1056,648,1224,1224
1478 100 1056,648,1224,1224
1479 100 1056,648,1224,1224
1480 100 1056,648,1224,1224
1481 100 1056,648,1224,1224
1482 100 1056,648,1224,1224
1483 100 1080,648,1224,1224
1484 100 1080,648,1224,1224
1485 100 1080,648,1224,1224
1486 100 1080,648,1224,1224
1487 100 1104,648,1224,1224
1488 100 1104,648,1224,1224
1489 100 1104,648,1224,1224
1490 100 1128,648,1224,1224
1491 100 1128,648,1224,1224
1492 100 1128,648,1224,1224
1493 100 1128,648,1224,1224
1494 100 1128,648,1224,1224
1495 100 1176,648,1224,1224
1496 100 1176,648,1224,1224
1497 100 1176,648,1224,1224
1498 100 1224,648,1224,1224
1499 100 1224,648,1224,1224
1500 100 1224,648,1224,1224
1501 100 1296,648,1224,1224
1502 100 1296,648,1224,1224
1503 100 1296,648,1224,1224
1504 100 1368,648,1224,1224
1505 100 1368,648,1224,1224
1506 100 1368,648,1224,1224
1507 100 1416,648,1224,1224
1508 100 1416,648,1224,1224
1509 100 1416,648,1224,1224
1510 100 1416,648,1224,1224
1511 100 1488,672,1224,1200
1512 100 1488,672,1224,1200
1513 100 1488,672,1224,1200
1514 100 1536,672,1224,1200
1515 100 1536,672,1224,1200
1516 100 1536,672,1224,1200
1517 100 1560,696,1224,1200
1518 100 1560,696,1224,1200
1519 100 1560,696,1224,1200
1520 100 1584,696,1224,1200
1521 100 1584,696,1224,1200
1522 100 1584,696,1224,1200
1523 100 1608,696,1224,1224
1524 100 1608,696,1224,1224
1525 100 1608,696,1224,1224
1526 100 1608,696,1224,1224
1527 100 1632,696,1224,1224
1528 100 1632,696,1224,1224
1529 100 1632,696,1224,1224
1530 100 1632,696,1224,1224
1531 100 1632,696,1224,1224
1532 100 1680,696,1224,1200
1533 100 1680,696,1224,1200
1534 100 1680,696,1224,1200
1535 100 1704,696,1224,1200
1536 100 1704,696,1224,1200
1537 100 1704,696,1224,1200
1538 100 1704,696,1224,1200
1539 100 1704,696,1224,1200
1540 100 1704,696,1224,1200
1541 100 1728,696,1224,1200
1542 100 1728,696,1224,1200
1543 100 1728,696,1224,1200
1544 100 1752,696,1224,1200
1545 100 1752,696,1224,1200
1546 100 1752,696,1224,1200
1547 100 1776,696,1224,1200
1548 100 1776,696,1224,1200
1549 100 1776,696,1224,1200
1550 100 1776,696,1224,1200
1551 100 1776,696,1224,1200
1552 100 1776,696,1224,1200
1553 100 1776,696,1224,1200
1554 100 1800,696,1224,1200
1555 100 1800,696,1224,1200
1556 100 1800,696,1224,1200
1557 100 1800,696,1224,1200
1558 100 1800,696,1224,1200
1559 100 1800,696,1224,1200
1560 100 1800,696,1224,1200
1561 100 1800,696,1224,1200
1562 100 1800,672,1224,1224
1563 100 1800,672,1224,1224
1564 100 1800,696,1224,1200
1565 100 1800,696,1224,1200
1566 100 1800,696,1224,1200
1567 100 1800,696,1224,1200
1568 100 1800,696,1224,1200
1569 100 1800,696,1224,1200
1570 100 1800,696,1224,1200
1571 100 1776,696,1224,1200
1572 100 1776,696,1224,1200
1573 100 1776,696,1224,1200
1574 100 1776,696,1224,1200
1575 100 1776,696,1224,1200
1576 100 1776,696,1224,1200
1577 100 1776,696,1224,1200
1578 100 1776,672,1224,1224
1579 100 1776,672,1224,1224
1580 100 1776,672,1224,1224
1581 100 1776,672,1224,1224
1582 100 1752,672,1224,1200
1583 100 1752,672,1224,1200
1584 100 1752,648,1224,1224
1585 100 1752,648,1224,1224
1586 100 1752,648,1224,1224
1587 100 1728,648,1224,1200
1588 100 1728,648,1224,1200
1589 100 1728,648,1224,1200
1590 100 1728,624,1224,1224
1591 100 1728,624,1224,1224
1592 100 1728,624,1224,1224
1593 100 1728,624,1224,1224
1594 100 1704,624,1224,1200
1595 100 1704,624,1224,1200
1596 100 1704,624,1224,1200
1597 100 1704,624,1224,1200
1598 100 1680,600,1224,1224
1599 100 1680,600,1224,1224
1600 100 1680,600,1224,1224
1601 100 1656,600,1224,1200
1602 100 1656,600,1224,1200
1603 100 1656,600,1224,1200
1604 100 1656,600,1224,1200
1605 100 1632,576,1224,1224
1606 100 1632,576,1224,1224
1607 100 1632,576,1224,1224
1608 100 1632,576,1224,1200
1609 100 1632,576,1224,1200
1610 100 1632,576,1224,1200
1611 100 1608,576,1224,1200
1612 100 1608,576,1224,1200
1613 100 1608,576,1224,1200
1614 100 1608,576,1224,1200
1615 100 1584,552,1224,1200
1616 100 1584,552,1224,1200
1617 100 1584,552,1224,1200
1618 100 1584,552,1224,1200
1619 100 1584,552,1224,1200
1620 100 1584,552,1224,1200
1621 100 1584,552,1224,1200
1622 100 1560,528,1224,1224
1623 100 1560,528,1224,1224
1624 100 1560,528,1224,1200
1625 100 1560,528,1224,1200
1626 100 1560,528,1224,1200
1627 100 1536,504,1224,1200
1628 100 1536,504,1224,1200
1629 100 1536,504,1224,1200
1630 100 1536,504,1224,1200
1631 100 1536,480,1224,1200
1632 100 1536,480,1224,1200
1633 100 1536,480,1224,1200
1634 100 1536,480,1224,1200
1635 100 1512,432,1224,1224
1636 100 1512,432,1224,1224
1637 100 1512,432,1224,1224
1638 100 1512,408,1224,1224
1639 100 1512,408,1224,1224
1640 100 1512,408,1224,1224
1641 100 1488,408,1224,1200
1642 100 1488,408,1224,1200
1643 100 1488,408,1224,1200
1644 100 1464,384,1224,1200
1645 100 1464,384,1224,1200
1646 100 1464,384,1224,1200
1647 100 1464,384,1224,1200
1648 100 1440,360,1224,1200
1649 100 1440,360,1224,1200
1650 100 1440,360,1224,1200
1651 100 1440,336,1224,1200
1652 100 1440,336,1224,1200
1653 100 1440,336,1224,1200
1654 100 1392,312,1224,1200
1655 100 1392,312,1224,1200
1656 100 1392,312,1224,1200
1657 100 1392,312,1224,1200
1658 100 1392,288,1224,1224
1659 100 1392,288,1224,1224
1660 100 1392,288,1224,1224
1661 100 1368,288,1224,1200
1662 100 1368,288,1224,1200
1663 100 1368,288,1224,1200
1664 100 1392,312,1224,1200
1665 100 1392,312,1224,1200
1666 100 1392,312,1224,1200
1667 100 1392,312,1224,1200
1668 100 1392,312,1224,1224
1669 100 1392,312,1224,1224
1670 100 1392,312,1224,1224
1671 100 1440,360,1224,1224
1672 100 1440,360,1224,1224
1673 100 1440,360,1224,1224
1674 100 1488,408,1224,1200
1675 100 1488,408,1224,1200
1676 100 1488,408,1224,1200
1677 100 1488,408,1224,1200
1678 100 1512,432,1224,1200
1679 100 1512,432,1224,1200
1680 100 1512,432,1224,1200
1681 100 1512,432,1224,1200
1682 100 1512,432,1224,1200
1683 100 1512,432,1224,1200
1684 100 1512,432,1224,1224
1685 100 1512,432,1224,1224
1686 100 1512,432,1224,1224
1687 100 1512,432,1224,1224
1688 100 1512,456,1224,1200
1689 100 1512,456,1224,1200
1690 100 1512,456,1224,1200
1691 100 1512,456,1224,1200
1692 100 1512,456,1224,1200
1693 100 1512,456,1224,1200
1694 100 1512,480,1224,1200
1695 100 1512,480,1224,1200
1696 100 1512,480,1224,1200
1697 100 1512,480,1224,1200
1698 100 1488,480,1224,1200
1699 100 1488,480,1224,1200
1700 100 1488,480,1224,1200
1701 100 1416,480,1224,1200
1702 100 1416,480,1224,1200
1703 100 1416,480,1224,1200
1704 100 1344,480,1224,1200
1705 100 1344,480,1224,1200
1706 100 1344,480,1224,1200
1707 100 1344,480,1224,1200
1708 100 1296,480,1224,1224
1709 100 1296,480,1224,1224
1710 100 1296,480,1224,1224
1711 100 1272,480,1224,1224
1712 100 1272,480,1224,1224
1713 100 1272,480,1224,1224
1714 100 1272,480,1224,1224
1715 100 1272,480,1224,1224
1716 100 1272,480,1224,1224
1717 100 1272,480,1224,1224
1718 100 1248,504,1224,1200
1719 100 1248,504,1224,1200
1720 100 1248,504,1224,1200
1721 100 1248,480,1224,1200
1722 100 1248,480,1224,1200
1723 100 1248,480,1224,1200
1724 100 1248,480,1224,1200
1725 100 1224,456,1224,1224
1726 100 1224,456,1224,1224
1727 100 1224,456,1224,1224
1728 100 1200,456,1224,1224
1729 100 1200,456,1224,1224
1730 100 1200,456,1224,1224
1731 100 1176,456,1224,1200
1732 100 1176,456,1224,1200
1733 100 1176,456,1224,1200
1734 100 1176,456,1224,1200
1735 100 1152,456,1224,1200
1736 100 1152,456,1224,1200
1737 100 1152,456,1224,1200
1738 100 1104,432,1224,1224
1739 100 1104,432,1224,1224
1740 100 1104,432,1224,1224
1741 100 1080,432,1224,1224
1742 100 1080,432,1224,1224
1743 100 1080,432,1224,1224
1744 100 1080,432,1224,1224
1745 100 1056,432,1224,1200
1746 100 1056,432,1224,1200
1747 100 1056,432,1224,1200
1748 100 1056,432,1224,1200
1749 100 1056,432,1224,1200
1750 100 1056,432,1224,1200
1751 100 1056,408,1224,1224
1752 100 1056,408,1224,1224
1753 100 1056,408,1224,1224
1754 100 1056,408,1224,1224
1755 100 1056,432,1224,1200
1756 100 1056,432,1224,1200
1757 100 1056,432,1224,1200
1758 100 1056,432,1224,1200
1759 100 1056,432,1224,1200
1760 100 1056,432,1224,1200
1761 100 1080,432,1224,1200
1762 100 1080,432,1224,1200
1763 100 1080,432,1224,1200
1764 100 1080,432,1224,1200
1765 100 1104,432,1224,1224
1766 100 1104,432,1224,1224
1767 100 1104,432,1224,1224
1768 100 1152,456,1224,1224
1769 100 1152,456,1224,1224
1770 100 1152,456,1224,1224
1771 100 1176,480,1224,1200
1772 100 1176,480,1224,1200
1773 100 1176,480,1224,1200
1774 100 1176,480,1224,1200
1775 100 1224,504,1224,1224
1776 100 1224,504,1224,1224
1777 100 1224,504,1224,1224
1778 100 1320,576,1224,1200
1779 100 1320,576,1224,1200
1780 100 1320,576,1224,1200
1781 100 1320,576,1224,1200
1782 100 1416,576,1224,1224
1783 100 1416,576,1224,1224
1784 100 1416,576,1224,1224
1785 100 1416,576,1224,1224
1786 100 1488,576,1224,1224
1787 100 1488,576,1224,1224
1788 100 1488,576,1224,1224
1789 100 1584,600,1224,1200
1790 100 1584,600,1224,1200
1791 100 1584,600,1224,1200
1792 100 1728,576,1224,1224
1793 100 1728,576,1224,1224
1794 100 1728,576,1224,1224
1795 100 1848,576,1224,1200
1796 100 1848,576,1224,1200
1797 100 1848,576,1224,1200
1798 100 1848,576,1224,1200
1799 100 1944,552,1224,1200
1800 100 1944,552,1224,1200
1801 100 1944,552,1224,1200
1802 100 2040,528,1224,1224
1803 100 2040,528,1224,1224
1804 100 2040,528,1224,1224
1805 100 2112,504,1224,1224
1806 100 2112,504,1224,1224
1807 100 2112,504,1224,1224
1808 100 2184,504,1224,1200
1809 100 2184,504,1224,1200
1810 100 2184,504,1224,1200
1811 100 2184,504,1224,1200
1812 100 2184,480,1224,1200
1813 100 2184,480,1224,1200
1814 100 2184,480,1224,1200
1815 100 2184,480,1224,1200
1816 100 2208,456,1224,1224
1817 100 2208,456,1224,1224
1818 100 2208,456,1224,1200
1819 100 2208,456,1224,1200
1820 100 2208,456,1224,1200
1821 100 2208,456,1224,1200
1822 100 2208,456,1224,1200
1823 100 2208,456,1224,1200
1824 100 2208,456,1224,1200
1825 100 2208,456,1224,1200
1826 100 2208,432,1224,1200
1827 100 2208,432,1224,1200
1828 100 2208,432,1224,1200
1829 100 2208,408,1224,1224
1830 100 2208,408,1224,1224
1831 100 2208,408,1224,1224
1832 100 2232,408,1224,1200
1833 100 2232,408,1224,1200
1834 100 2232,408,1224,1200
1835 100 2232,408,1224,1200
1836 100 2256,408,1224,1200
1837 100 2256,408,1224,1200
1838 100 2256,408,1224,1200
1839 100 2280,384,1224,1224
1840 100 2280,384,1224,1224
1841 100 2280,384,1224,1224
1842 100 2280,384,1224,1224
1843 100 2280,384,1224,1200
1844 100 2280,384,1224,1200
1845 100 2304,360,1224,1224
1846 100 2304,360,1224,1224
1847 100 2304,360,1224,1224
1848 100 2304,360,1224,1224
1849 100 2352,360,1224,1200
1850 100 2352,360,1224,1200
1851 100 2352,360,1224,1200
1852 100 2376,360,1224,1200
1853 100 2376,360,1224,1200
1854 100 2376,360,1224,1200
1855 100 2400,336,1224,1224
1856 100 2400,336,1224,1224
1857 100 2400,336,1224,1224
1858 100 2400,336,1224,1224
1859 100 2424,336,1224,1200
1860 100 2424,336,1224,1200
1861 100 2424,336,1224,1200
1862 100 2424,336,1224,1200
1863 100 2424,312,1224,1224
1864 100 2424,312,1224,1224
1865 100 2496,312,1224,1200
1866 100 2496,312,1224,1200
1867 100 2496,312,1224,1200
1868 100 2496,312,1224,1200
1869 100 2520,312,1224,1200
1870 100 2520,312,1224,1200
1871 100 2520,312,1224,1200
1872 100 2520,312,1224,1200
1873 100 2544,312,1224,1200
1874 100 2544,312,1224,1200
1875 100 2544,312,1224,1200
1876 100 2592,288,1224,1200
1877 100 2592,288,1224,1200
1878 100 2592,288,1224,1200
1879 100 2592,288,1224,1200
1880 100 2616,264,1224,1224
1881 100 2616,264,1224,1224
1882 100 2640,264,1224,1200
1883 100 2640,264,1224,1200
1884 100 2640,264,1224,1200
1885 100 2640,264,1224,1200
1886 100 2664,240,1224,1200
1887 100 2664,240,1224,1200
1888 100 2664,240,1224,1200
1889 100 2664,240,1224,1200
1890 100 2688,216,1224,1200
1891 100 2688,216,1224,1200
1892 100 2688,192,1224,1200
1893 100 2688,192,1224,1200
1894 100 2688,192,1224,1200
1895 100 2688,192,1224,1200
1896 100 2688,168,1224,1200
1897 100 2688,168,1224,1200
1898 100 2688,168,1224,1200
1899 100 2664,168,1224,1200
1900 100 2664,168,1224,1200
1901 100 2664,168,1224,1200
1902 100 2664,168,1224,1200
1903 100 2640,144,1224,1200
1904 100 2640,144,1224,1200
1905 100 2640,144,1224,1200
1906 100 2640,120,1224,1224
1907 100 2640,120,1224,1224
1908 100 2640,120,1224,1224
1909 100 2616,120,1224,1200
1910 100 2616,120,1224,1200
1911 100 2616,120,1224,1200
1912 100 2616,120,1224,1200
1913 100 2592,96,1224,1200
1914 100 2592,96,1224,1200
1915 100 2592,96,1224,1200
1916 100 2592,96,1224,1200
1917 100 2592,96,1224,1200
1918 100 2592,96,1224,1200
1919 100 2568,72,1224,1200
1920 100 2568,72,1224,1200
1921 100 2568,72,1224,1200
1922 100 2568,72,1224,1200
1923 100 2568,72,1224,1200
1924 100 2568,72,1224,1200
1925 100 2568,72,1224,1200
1926 100 2544,72,1224,1200
1927 100 2544,72,1224,1200
1928 100 2544,72,1224,1200
1929 100 2544,72,1224,1200
1930 100 2544,72,1224,1200
1931 100 2544,72,1224,1200
1932 100 2544,72,1224,1200
1933 100 2544,72,1224,1200
1934 100 2544,72,1224,1200
1935 100 2544,72,1224,1200
1936 100 2544,72,1224,1200
1937 100 2520,72,1224,1224
1938 100 2520,72,1224,1224
1939 100 2520,72,1224,1224
1940 100 2424,96,1224,1200
1941 100 2424,96,1224,1200
1942 100 2424,96,1224,1200
1943 100 2304,96,1224,1200
1944 100 2304,96,1224,1200
1945 100 2304,96,1224,1200
1946 100 2304,96,1224,1200
1947 100 2136,96,1224,1200
1948 100 2136,96,1224,1200
1949 100 2136,96,1224,1200
1950 100 2136,96,1224,1200
1951 100 2064,96,1224,1200
1952 100 2064,96,1224,1200
1953 100 1992,96,1224,1200
1954 100 1992,96,1224,1200
1955 100 1992,96,1224,1200
1956 100 1992,96,1224,1200
1957 100 1920,120,1224,1200
1958 100 1920,120,1224,1200
1959 100 1920,120,1224,1200
1960 100 1920,120,1224,1200
1961 100 1872,120,1224,1200
1962 100 1872,120,1224,1200
1963 100 1872,120,1224,1200
1964 100 1800,144,1224,1200
1965 100 1800,144,1224,1200
1966 100 1800,144,1224,1200
1967 100 1704,168,1224,1200
1968 100 1704,168,1224,1200
1969 100 1704,168,1224,1200
1970 100 1656,168,1224,1200
1971 100 1656,168,1224,1200
1972 100 1656,168,1224,1200
1973 100 1560,192,1224,1200
1974 100 1560,192,1224,1200
1975 100 1560,192,1224,1200
1976 100 1560,192,1224,1200
1977 100 1464,192,1224,1200
1978 100 1464,192,1224,1200
1979 100 1464,192,1224,1200
1980 100 1392,192,1224,1200
1981 100 1392,192,1224,1200
1982 100 1392,192,1224,1200
1983 100 1392,192,1224,1200
1984 100 1368,192,1224,1200
1985 100 1368,192,1224,1200
1986 100 1368,192,1224,1200
1987 100 1344,192,1224,1200
1988 100 1344,192,1224,1200
1989 100 1344,192,1224,1200
1990 100 1320,168,1224,1200
1991 100 1320,168,1224,1200
1992 100 1320,168,1224,1200
1993 100 1320,168,1224,1200
1994 100 1296,168,1224,1200
1995 100 1296,168,1224,1200
1996 100 1296,168,1224,1200
1997 100 1272,168,1224,1200
1998 100 1272,168,1224,1200
1999 100 1272,168,1224,1200
2000 100 1128,192,1224,1200
2001 100 1128,192,1224,1200
2002 100 1128,192,1224,1200
2003 100 1128,192,1224,1200
2004 100 1152,192,1224,1200
2005 100 1152,192,1224,1200
2006 100 1152,192,1224,1200
2007 100 1152,192,1224,1200
2008 100 1104,192,1224,1200
2009 100 1104,192,1224,1200
2010 100 1104,192,1224,1200
2011 100 1080,192,1224,1200
2012 100 1080,192,1224,1200
2013 100 1080,192,1224,1200
2014 100 1032,168,1224,1224
2015 100 1032,168,1224,1224
2016 100 1032,168,1224,1224
2017 100 1008,168,1224,1224
2018 100 1008,168,1224,1224
2019 100 1008,168,1224,1224
2020 100 1008,168,1224,1224
2021 100 960,168,1224,1224
2022 100 960,168,1224,1224
2023 100 960,168,1224,1224
2024 100 936,192,1224,1200
2025 100 936,192,1224,1200
2026 100 936,192,1224,1200
2027 100 936,192,1224,1200
2028 100 936,192,1224,1200
2029 100 936,192,1224,1200
2030 100 936,192,1224,1200
2031 100 936,192,1224,1224
2032 100 936,192,1224,1224
2033 100 936,192,1224,1224
2034 100 936,216,1224,1200
2035 100 936,216,1224,1200
2036 100 936,216,1224,1200
2037 100 936,216,1224,1200
2038 100 960,216,1224,1200
2039 100 960,216,1224,1200
2040 100 960,216,1224,1200
2041 100 960,216,1224,1224
2042 100 960,216,1224,1224
2043 100 960,216,1224,1224
2044 100 984,240,1224,1224
2045 100 984,240,1224,1224
2046 100 984,240,1224,1224
2047 100 984,240,1224,1224
2048 100 1008,288,1224,1224
2049 100 1008,288,1224,1224
2050 100 1008,288,1224,1224
2051 100 1080,384,1224,1200
2052 100 1080,384,1224,1200
2053 100 1080,384,1224,1200
2054 100 1080,384,1224,1200
2055 100 1128,408,1224,1224
2056 100 1128,408,1224,1224
2057 100 1176,504,1224,1200
2058 100 1176,504,1224,1200
2059 100 1176,504,1224,1200
2060 100 1176,504,1224,1200
2061 100 1176,552,1224,1200
2062 100 1176,552,1224,1200
2063 100 1176,552,1224,1200
2064 100 1176,552,1224,1200
2065 100 1176,600,1224,1200
2066 100 1176,600,1224,1200
2067 100 1176,600,1224,1200
2068 100 1176,624,1224,1200
2069 100 1176,624,1224,1200
2070 100 1176,624,1224,1200
2071 100 1176,624,1224,1200
2072 100 1176,624,1224,1200
2073 100 1176,624,1224,1200
2074 100 1176,624,1224,1200
2075 100 1176,624,1224,1200
2076 100 1176,624,1224,1200
2077 100 1176,624,1224,1200
2078 100 1176,624,1224,1200
2079 100 1200,600,1224,1200
2080 100 1200,600,1224,1200
2081 100 1200,600,1224,1200
2082 100 1224,576,1224,1224
2083 100 1224,576,1224,1224
2084 100 1224,576,1224,1224
2085 100 1248,576,1224,1200
2086 100 1248,576,1224,1200
2087 100 1248,576,1224,1200
2088 100 1248,576,1224,1200
2089 100 1296,552,1224,1200
2090 100 1296,552,1224,1200
2091 100 1296,552,1224,1200
2092 100 1344,552,1224,1200
2093 100 1344,552,1224,1200
2094 100 1344,552,1224,1200
2095 100 1368,528,1224,1224
2096 100 1368,528,1224,1224
2097 100 1368,528,1224,1224
