0 100 384,504,1224,1224
1 100 3600,600,1224,1224
2 100 3600,600,1224,1224
3 100 3432,600,1224,1200
4 100 3432,600,1224,1200
5 100 3384,600,1224,1200
6 100 3384,600,1224,1200
7 100 96,624,1224,1224
8 100 96,648,1224,1200
9 100 48,624,1224,1200
10 100 72,624,1224,1200
11 100 72,624,1224,1200
12 100 48,624,1224,1200
13 100 72,600,1224,1224
14 100 48,600,1224,1200
15 100 48,600,1224,1200
16 100 24,576,1224,1200
17 100 24,576,1224,1200
18 100 0,576,1224,1200
19 100 72,552,1224,1224
20 100 48,552,1224,1200
21 100 72,552,1224,1200
22 100 24,552,1224,1200
23 100 48,552,1224,1200
24 100 72,528,1224,1224
25 100 48,528,1224,1224
26 100 3408,528,1224,1200
27 100 3432,528,1224,1200
28 100 3408,528,1224,1200
29 100 3408,528,1224,1200
30 100 3504,528,1224,1200
31 100 0,528,1224,1200
32 100 0,528,1224,1200
33 100 0,528,1224,1200
34 100 0,528,1224,1200
35 100 24,504,1224,1224
36 100 0,528,1224,1200
37 100 3504,528,1224,1200
38 100 3504,528,1224,1200
39 100 3504,528,1224,1200
40 100 3456,528,1224,1200
41 100 3456,528,1224,1200
42 100 48,528,1224,1224
43 100 48,528,1224,1224
44 100 48,528,1224,1224
45 100 120,528,1224,1224
46 100 0,528,1224,1224
47 100 48,528,1224,1224
48 100 48,528,1224,1224
49 100 0,528,1224,1224
50 100 24,528,1224,1224
51 100 0,528,1224,1200
52 100 24,528,1224,1200
53 100 0,528,1224,1200
54 100 0,528,1224,1200
55 100 0,528,1224,1200
56 100 0,528,1224,1200
57 100 0,528,1224,1200
58 100 0,528,1224,1200
59 100 0,528,1224,1224
60 100 24,528,1224,1224
61 100 0,528,1224,1224
62 100 24,552,1224,1200
63 100 0,552,1224,1224
64 100 0,552,1224,1224
65 100 24,552,1224,1224
66 100 48,552,1224,1224
67 100 72,552,1224,1224
68 100 72,552,1224,1224
69 100 96,552,1224,1224
70 100 96,552,1224,1224
71 100 120,576,1224,1200
72 100 120,552,1224,1224
73 100 168,552,1224,1224
74 100 192,552,1224,1224
75 100 192,552,1224,1224
76 100 288,576,1224,1224
77 100 288,576,1224,1224
78 100 288,576,1224,1224
79 100 336,600,1224,1224
80 100 336,600,1224,1224
81 100 336,600,1224,1224
82 100 432,600,1224,1224
83 100 432,600,1224,1200
84 100 432,600,1224,1200
85 100 552,600,1224,1200
86 100 552,600,1224,1200
87 100 552,600,1224,1200
88 100 672,600,1224,1200
89 100 696,600,1224,1200
90 100 696,600,1224,1200
91 100 792,576,1224,1224
92 100 816,576,1224,1224
93 100 816,576,1224,1224
94 100 912,576,1224,1224
95 100 912,576,1224,1224
96 100 912,576,1224,1224
97 100 1008,576,1224,1224
98 100 1008,576,1224,1224
99 100 1008,576,1224,1224
100 100 1104,576,1224,1224
101 100 1104,600,1224,1200
102 100 1104,600,1224,1200
103 100 1200,576,1224,1224
104 100 1200,576,1224,1224
105 100 1200,576,1224,1224
106 100 1248,600,1224,1200
107 100 1248,600,1224,1200
108 100 1272,600,1224,1200
109 100 1272,600,1224,1200
110 100 1272,600,1224,1200
111 100 1320,576,1224,1200
112 100 1320,576,1224,1200
113 100 1392,552,1224,1224
114 100 1416,552,1224,1224
115 100 1440,552,1224,1224
116 100 1440,552,1224,1224
117 100 1536,528,1224,1224
118 100 1536,528,1224,1224
119 100 1536,528,1224,1224
120 100 1560,528,1224,1200
121 100 1560,528,1224,1224
122 100 1560,528,1224,1224
123 100 1560,528,1224,1200
124 100 1560,504,1224,1224
125 100 1560,504,1224,1224
126 100 1536,432,1224,1224
127 100 1512,408,1224,1224
128 100 1512,408,1224,1224
129 100 1440,360,1224,1200
130 100 1392,312,1224,1224
131 100 1392,288,1224,1224
132 100 1392,288,1224,1224
133 100 1296,240,1224,1224
134 100 1296,240,1224,1224
135 100 1296,240,1224,1224
136 100 1248,192,1224,1248
137 100 1248,216,1224,1224
138 100 1272,216,1224,1224
139 100 1272,216,1224,1224
140 100 1344,288,1224,1224
141 100 1368,312,1224,1224
142 100 1368,312,1224,1224
143 100 1416,384,1224,1224
144 100 1416,408,1224,1224
145 100 1416,408,1224,1224
146 100 1416,528,1224,1224
147 100 1392,552,1224,1224
148 100 1392,552,1224,1224
149 100 1272,696,1224,1224
150 100 1272,720,1224,1224
151 100 1272,720,1224,1224
152 100 1200,792,1224,1200
153 100 1200,792,1224,1224
154 100 1200,792,1224,1224
155 100 1176,840,1224,1200
156 100 1128,888,1224,1224
157 100 1104,912,1224,1200
158 100 1104,912,1224,1200
159 100 1056,984,1224,1176
160 100 1032,984,1224,1176
161 100 1032,984,1224,1176
162 100 0,1056,1224,1104
163 100 0,1080,1224,1080
164 100 0,1080,1224,1080
165 100 0,1128,1224,1032
166 100 0,1128,1224,1032
167 100 0,1128,1224,1032
168 100 0,1104,1224,1056
169 100 0,1104,1224,1056
170 100 0,1104,1224,1056
171 100 0,1056,1224,1104
172 100 0,1032,1224,1128
173 100 0,1032,1224,1128
174 100 1128,936,1224,1200
175 100 1200,840,1224,1224
176 100 1200,816,1224,1224
177 100 1200,816,1224,1224
178 100 1248,768,1224,1200
179 100 1272,720,1224,1200
180 100 1272,696,1224,1224
181 100 1272,696,1224,1224
182 100 1320,600,1224,1224
183 100 1320,600,1224,1200
184 100 1320,600,1224,1200
185 100 1344,552,1224,1200
186 100 1344,528,1224,1224
187 100 1344,528,1224,1200
188 100 1344,528,1224,1200
189 100 1320,504,1224,1200
190 100 1320,504,1224,1200
191 100 1320,504,1224,1200
192 100 1272,504,1224,1200
193 100 1272,504,1224,1224
194 100 1272,504,1224,1224
195 100 1224,552,1224,1200
196 100 1224,552,1224,1200
197 100 1224,552,1224,1200
198 100 1152,600,1224,1200
199 100 1152,600,1224,1200
200 100 1152,600,1224,1200
201 100 1080,624,1224,1200
202 100 1056,624,1224,1200
203 100 1056,624,1224,1200
204 100 1032,624,1224,1200
205 100 1008,648,1224,1224
206 100 1008,672,1224,1200
207 100 1008,672,1224,1200
208 100 1032,648,1224,1224
209 100 1032,648,1224,1200
210 100 1056,648,1224,1200
211 100 1056,648,1224,1200
212 100 1056,648,1224,1200
213 100 1056,648,1224,1200
214 100 1056,648,1224,1200
215 100 1056,648,1224,1200
216 100 1080,624,1224,1224
217 100 1080,624,1224,1224
218 100 1080,624,1224,1224
219 100 1080,600,1224,1200
220 100 1080,600,1224,1200
221 100 1056,600,1224,1200
222 100 1056,600,1224,1200
223 100 984,624,1224,1200
224 100 960,624,1224,1200
225 100 960,624,1224,1200
226 100 960,600,1224,1224
227 100 936,600,1224,1200
228 100 912,600,1224,1200
229 100 912,600,1224,1200
230 100 888,600,1224,1224
231 100 864,600,1224,1200
232 100 864,600,1224,1200
233 100 864,600,1224,1200
234 100 840,600,1224,1224
235 100 840,600,1224,1224
236 100 816,600,1224,1224
237 100 816,600,1224,1224
238 100 792,600,1224,1224
239 100 792,600,1224,1224
240 100 816,600,1224,1200
241 100 816,600,1224,1200
242 100 816,576,1224,1224
243 100 816,576,1224,1224
244 100 864,576,1224,1200
245 100 864,576,1224,1200
246 100 888,576,1224,1200
247 100 888,576,1224,1200
248 100 864,552,1224,1224
249 100 864,552,1224,1224
250 100 864,576,1224,1200
251 100 864,576,1224,1200
252 100 864,576,1224,1200
253 100 864,576,1224,1200
254 100 864,576,1224,1200
255 100 864,576,1224,1200
256 100 864,552,1224,1200
257 100 864,552,1224,1200
258 100 864,552,1224,1224
259 100 864,552,1224,1224
260 100 864,504,1224,1224
261 100 864,504,1224,1224
262 100 864,504,1224,1224
263 100 864,504,1224,1224
264 100 888,480,1224,1200
265 100 888,480,1224,1200
266 100 888,456,1224,1200
267 100 888,456,1224,1200
268 100 888,432,1224,1200
269 100 888,432,1224,1200
270 100 888,408,1224,1224
271 100 888,408,1224,1224
272 100 912,384,1224,1224
273 100 912,384,1224,1224
274 100 864,336,1224,1224
275 100 864,336,1224,1224
276 100 840,312,1224,1224
277 100 840,288,1224,1224
278 100 840,288,1224,1224
279 100 840,288,1224,1224
280 100 864,288,1224,1224
281 100 864,288,1224,1224
282 100 864,288,1224,1224
283 100 888,312,1224,1224
284 100 888,312,1224,1224
285 100 888,312,1224,1224
286 100 912,336,1224,1200
287 100 936,360,1224,1224
288 100 936,384,1224,1200
289 100 936,384,1224,1200
290 100 960,432,1224,1200
291 100 984,456,1224,1224
292 100 1008,456,1224,1224
293 100 1008,456,1224,1224
294 100 1032,504,1224,1200
295 100 1056,528,1224,1200
296 100 1056,552,1224,1200
297 100 1080,552,1224,1224
298 100 1080,552,1224,1224
299 100 1056,576,1224,1224
300 100 1056,576,1224,1224
301 100 1080,600,1224,1200
302 100 1080,600,1224,1224
303 100 1080,600,1224,1224
304 100 1080,624,1224,1224
305 100 1080,624,1224,1224
306 100 1080,648,1224,1200
307 100 1080,648,1224,1224
308 100 1080,648,1224,1224
309 100 1080,696,1224,1200
310 100 1080,696,1224,1200
311 100 1032,792,1224,1200
312 100 1032,792,1224,1200
313 100 1032,792,1224,1200
314 100 1032,840,1224,1200
315 100 1032,840,1224,1200
316 100 1032,864,1224,1200
317 100 1032,864,1224,1200
318 100 1008,888,1224,1224
319 100 984,912,1224,1200
320 100 984,912,1224,1224
321 100 984,912,1224,1224
322 100 936,936,1224,1224
323 100 936,936,1224,1224
324 100 888,984,1224,1176
325 100 888,984,1224,1176
326 100 0,1008,1224,1152
327 100 0,1008,1224,1152
328 100 0,1032,1224,1128
329 100 0,1032,1224,1128
330 100 0,1032,1224,1128
331 100 0,1032,1224,1128
332 100 0,1032,1224,1128
333 100 0,1008,1224,1152
334 100 0,1008,1224,1152
335 100 0,1008,1224,1152
336 100 0,1008,1224,1152
337 100 0,1008,1224,1152
338 100 0,1008,1224,1152
339 100 0,1008,1224,1152
340 100 0,1032,1224,1128
341 100 0,1032,1224,1128
342 100 0,1056,1224,1104
343 100 0,1080,1224,1080
344 100 0,1104,1224,1056
345 100 0,1128,1224,1032
346 100 0,1152,1224,1008
347 100 0,1152,1224,1008
348 100 0,1176,1224,984
349 100 0,1176,1224,984
350 100 0,1200,1224,960
351 100 0,1200,1224,960
352 100 0,1200,1224,960
353 100 0,1200,1224,960
354 100 0,1200,1224,960
355 100 0,1200,1224,960
356 100 0,1200,1224,960
357 100 0,1200,1224,960
358 100 0,1224,1224,936
359 100 0,1224,1224,936
360 100 0,1224,1224,936
361 100 0,1224,1224,936
362 100 0,1224,1224,936
363 100 0,1200,1224,960
364 100 0,1200,1224,960
365 100 0,1200,1224,960
366 100 0,1200,1224,960
367 100 0,1200,1224,960
368 100 0,1200,1224,960
369 100 0,1200,1224,960
370 100 0,1200,1224,960
371 100 0,1200,1224,960
372 100 0,1200,1224,960
373 100 0,1200,1224,960
374 100 0,1200,1224,960
375 100 0,1200,1224,960
376 100 0,1200,1224,960
377 100 0,1200,1224,960
378 100 0,1200,1224,960
379 100 0,1200,1224,960
380 100 0,1200,1224,960
381 100 0,1200,1224,960
382 100 0,1200,1224,960
383 100 0,1200,1224,960
384 100 0,1200,1224,960
385 100 0,1200,1224,960
386 100 0,1200,1224,960
387 100 0,1200,1224,960
388 100 0,1200,1224,960
389 100 0,1200,1224,960
390 100 0,1200,1224,960
391 100 0,1200,1224,960
392 100 0,1200,1224,960
393 100 0,1200,1224,960
394 100 0,1176,1224,984
395 100 0,1176,1224,984
396 100 0,1176,1224,984
397 100 0,1176,1224,984
398 100 0,1176,1224,984
399 100 0,1176,1224,984
400 100 0,1176,1224,984
401 100 0,1176,1224,984
402 100 0,1176,1224,984
403 100 0,1176,1224,984
404 100 0,1176,1224,984
405 100 0,1176,1224,984
406 100 0,1176,1224,984
407 100 0,1176,1224,984
408 100 0,1176,1224,984
409 100 0,1176,1224,984
410 100 0,1176,1224,984
411 100 0,1176,1224,984
412 100 0,1176,1224,984
413 100 0,1176,1224,984
414 100 0,1200,1224,960
415 100 0,1200,1224,960
416 100 0,1200,1224,960
417 100 0,1200,1224,960
418 100 0,1224,1224,936
419 100 0,1200,1224,960
420 100 0,1200,1224,960
421 100 0,1200,1224,960
422 100 0,1200,1224,960
423 100 0,1200,1224,960
424 100 0,1200,1224,960
425 100 0,1200,1224,960
426 100 0,1200,1224,960
427 100 0,1200,1224,960
428 100 0,1200,1224,960
429 100 0,1200,1224,960
430 100 0,1200,1224,960
431 100 0,1200,1224,960
432 100 0,1200,1224,960
433 100 0,1200,1224,960
434 100 0,1200,1224,960
435 100 0,1200,1224,960
436 100 0,1176,1224,984
437 100 0,1176,1224,984
438 100 0,1176,1224,984
439 100 0,1176,1224,984
440 100 0,1176,1224,984
441 100 0,1176,1224,984
442 100 0,1176,1224,984
443 100 0,1176,1224,984
444 100 0,1176,1224,984
445 100 0,1176,1224,984
446 100 0,1176,1224,984
447 100 0,1176,1224,984
448 100 0,1176,1224,984
449 100 0,1176,1224,984
450 100 0,1176,1224,984
451 100 0,1176,1224,984
452 100 0,1176,1224,984
453 100 0,1176,1224,984
454 100 0,1176,1224,984
455 100 0,1176,1224,984
456 100 0,1176,1224,984
457 100 0,1176,1224,984
458 100 0,1176,1224,984
459 100 0,1152,1224,1008
460 100 0,1152,1224,1008
461 100 0,1152,1224,1008
462 100 0,1176,1224,984
463 100 0,1176,1224,984
464 100 0,1152,1224,1008
465 100 0,1152,1224,1008
466 100 0,1128,1224,1032
467 100 0,1128,1224,1032
468 100 0,1128,1224,1032
469 100 0,1128,1224,1032
470 100 0,1128,1224,1032
471 100 0,1128,1224,1032
472 100 0,1128,1224,1032
473 100 0,1128,1224,1032
474 100 0,1104,1224,1056
475 100 0,1104,1224,1056
476 100 0,1104,1224,1056
477 100 0,1080,1224,1080
478 100 0,1104,1224,1056
479 100 0,1080,1224,1080
480 100 0,1104,1224,1056
481 100 0,1080,1224,1080
482 100 0,1080,1224,1080
483 100 0,1080,1224,1080
484 100 0,1056,1224,1104
485 100 0,1032,1224,1128
486 100 0,1032,1224,1128
487 100 0,1032,1224,1128
488 100 0,1032,1224,1128
489 100 0,1008,1224,1152
490 100 0,984,1224,1176
491 100 0,984,1224,1176
492 100 0,984,1224,1176
493 100 0,984,1224,1176
494 100 528,960,1224,1200
495 100 1128,960,1224,1200
496 100 1152,936,1224,1224
497 100 1200,936,1224,1224
498 100 1224,912,1224,1248
499 100 1248,912,1224,1224
500 100 1272,888,1224,1248
501 100 1296,888,1224,1224
502 100 1320,888,1224,1224
503 100 1320,864,1224,1248
504 100 1344,864,1224,1224
505 100 1344,864,1224,1224
506 100 1368,864,1224,1224
507 100 1368,864,1224,1224
508 100 1368,888,1224,1224
509 100 1416,888,1224,1200
510 100 1392,888,1224,1224
511 100 1416,888,1224,1224
512 100 1440,888,1224,1200
513 100 1464,864,1224,1224
514 100 1488,864,1224,1224
515 100 1512,840,1224,1224
516 100 1512,840,1224,1224
517 100 1560,840,1224,1224
518 100 1560,840,1224,1224
519 100 1608,840,1224,1200
520 100 1608,816,1224,1224
521 100 1632,816,1224,1224
522 100 1632,816,1224,1224
523 100 1656,816,1224,1200
524 100 1680,792,1224,1224
525 100 1680,792,1224,1200
526 100 1680,792,1224,1200
527 100 1680,792,1224,1224
528 100 1680,816,1224,1200
529 100 1608,864,1224,1224
530 100 1608,864,1224,1224
531 100 1440,936,1224,1224
532 100 0,960,1224,1200
533 100 0,960,1224,1200
534 100 0,984,1224,1176
535 100 0,1008,1224,1152
536 100 0,1032,1224,1128
537 100 0,1056,1224,1104
538 100 0,1104,1224,1056
539 100 0,1104,1224,1056
540 100 0,1128,1224,1032
541 100 0,1128,1224,1032
542 100 0,1152,1224,1008
543 100 0,1152,1224,1008
544 100 0,1176,1224,984
545 100 0,1176,1224,984
546 100 0,1200,1224,960
547 100 0,1200,1224,960
548 100 0,1224,1224,936
549 100 0,1200,1224,960
550 100 0,1224,1224,936
551 100 0,1224,1224,936
552 100 0,1224,1224,936
553 100 0,1224,1224,936
554 100 0,1248,1224,912
555 100 0,1248,1224,912
556 100 0,1248,1224,912
557 100 0,1248,1224,912
558 100 0,1248,1224,912
559 100 0,1248,1224,912
560 100 0,1248,1224,912
561 100 0,1248,1224,912
562 100 0,1248,1224,912
563 100 0,1248,1224,912
564 100 0,1272,1224,888
565 100 0,1272,1224,888
566 100 0,1272,1224,888
567 100 0,1272,1224,888
568 100 0,1272,1224,888
569 100 0,1272,1224,888
570 100 0,1272,1224,888
571 100 0,1272,1224,888
572 100 0,1272,1224,888
573 100 0,1248,1224,912
574 100 0,1272,1224,888
575 100 0,1272,1224,888
576 100 0,1272,1224,888
577 100 0,1272,1224,888
578 100 0,1272,1224,888
579 100 0,1272,1224,888
580 100 0,1272,1224,888
581 100 0,1272,1224,888
582 100 0,1296,1224,864
583 100 0,1296,1224,864
584 100 0,1296,1224,864
585 100 0,1272,1224,888
586 100 0,1272,1224,888
587 100 0,1224,1224,936
588 100 0,1224,1224,936
589 100 0,1152,1224,1008
590 100 0,1128,1224,1032
591 100 0,1128,1224,1032
592 100 0,1128,1224,1032
593 100 0,1104,1224,1056
594 100 0,1080,1224,1080
595 100 0,1080,1224,1080
596 100 0,1056,1224,1104
597 100 0,1056,1224,1104
598 100 0,1032,1224,1128
599 100 0,1032,1224,1128
600 100 0,1032,1224,1128
601 100 0,1032,1224,1128
602 100 0,1032,1224,1128
603 100 0,1032,1224,1128
604 100 0,1032,1224,1128
605 100 0,1032,1224,1128
606 100 0,1032,1224,1128
607 100 0,1032,1224,1128
608 100 0,1056,1224,1104
609 100 0,1032,1224,1128
610 100 1032,984,1224,1176
611 100 1248,984,1224,1176
612 100 1368,912,1224,1200
613 100 1392,912,1224,1200
614 100 1464,864,1224,1200
615 100 1464,864,1224,1200
616 100 1512,840,1224,1200
617 100 1512,816,1224,1224
618 100 1560,744,1224,1248
619 100 1584,744,1224,1248
620 100 1632,672,1224,1248
621 100 1632,672,1224,1248
622 100 1680,648,1224,1248
623 100 1680,648,1224,1248
624 100 1728,624,1224,1248
625 100 1728,624,1224,1248
626 100 1728,648,1224,1248
627 100 1728,648,1224,1248
628 100 1728,648,1224,1248
629 100 1728,648,1224,1248
630 100 1752,648,1224,1248
631 100 1752,624,1224,1272
632 100 1752,624,1224,1248
633 100 1752,624,1224,1248
634 100 1752,624,1224,1248
635 100 1752,624,1224,1248
636 100 1728,624,1224,1248
637 100 1728,624,1224,1248
638 100 1752,600,1224,1248
639 100 1752,624,1224,1224
640 100 1752,624,1224,1224
641 100 1752,624,1224,1224
642 100 1728,648,1224,1224
643 100 1704,648,1224,1224
644 100 1656,696,1224,1224
645 100 1656,696,1224,1224
646 100 1656,696,1224,1224
647 100 1608,744,1224,1200
648 100 1608,744,1224,1200
649 100 1608,744,1224,1200
650 100 1560,768,1224,1224
651 100 1560,768,1224,1224
652 100 1560,768,1224,1224
653 100 1512,840,1224,1200
654 100 1512,840,1224,1200
655 100 1512,840,1224,1200
656 100 1512,840,1224,1224
657 100 1512,840,1224,1224
658 100 1512,840,1224,1224
659 100 1536,840,1224,1200
660 100 1536,840,1224,1200
661 100 1536,840,1224,1200
662 100 1584,792,1224,1224
663 100 1608,792,1224,1224
664 100 1608,792,1224,1224
665 100 1608,792,1224,1224
666 100 1608,792,1224,1224
667 100 1608,792,1224,1224
668 100 1656,792,1224,1200
669 100 1656,792,1224,1200
670 100 1656,792,1224,1200
671 100 1680,792,1224,1200
672 100 1680,792,1224,1200
673 100 1656,792,1224,1200
674 100 1656,792,1224,1200
675 100 1656,792,1224,1200
676 100 1656,792,1224,1200
677 100 1656,792,1224,1200
678 100 1656,816,1224,1224
679 100 1656,816,1224,1224
680 100 1656,816,1224,1224
681 100 1680,816,1224,1200
682 100 1680,816,1224,1200
683 100 1680,816,1224,1200
684 100 1680,816,1224,1224
685 100 1680,816,1224,1200
686 100 1680,816,1224,1200
687 100 1680,816,1224,1200
688 100 1680,816,1224,1200
689 100 1680,792,1224,1200
690 100 1680,792,1224,1224
691 100 1680,792,1224,1224
692 100 1680,816,1224,1200
693 100 1680,816,1224,1200
694 100 1680,816,1224,1200
695 100 1680,816,1224,1200
696 100 1680,816,1224,1200
697 100 1680,816,1224,1200
698 100 1680,816,1224,1200
699 100 1680,816,1224,1200
700 100 1680,816,1224,1200
701 100 1680,816,1224,1200
702 100 1680,816,1224,1200
703 100 1656,816,1224,1224
704 100 1632,840,1224,1200
705 100 1632,840,1224,1200
706 100 1656,816,1224,1224
707 100 1656,816,1224,1224
708 100 1656,816,1224,1224
709 100 1656,840,1224,1200
710 100 1656,840,1224,1200
711 100 1656,840,1224,1200
712 100 1632,864,1224,1200
713 100 1632,864,1224,1200
714 100 1632,864,1224,1200
715 100 1656,840,1224,1224
716 100 1656,840,1224,1224
717 100 1656,840,1224,1224
718 100 1656,840,1224,1224
719 100 1656,840,1224,1224
720 100 1656,840,1224,1224
721 100 1656,840,1224,1200
722 100 1656,840,1224,1200
723 100 1656,840,1224,1200
724 100 1680,816,1224,1224
725 100 1680,816,1224,1224
726 100 1680,816,1224,1224
727 100 1728,792,1224,1224
728 100 1728,792,1224,1200
729 100 1728,792,1224,1200
730 100 1752,792,1224,1200
731 100 1752,792,1224,1200
732 100 1752,792,1224,1200
733 100 1752,768,1224,1224
734 100 1752,768,1224,1200
735 100 1752,768,1224,1200
736 100 1800,744,1224,1224
737 100 1800,744,1224,1224
738 100 1800,744,1224,1224
739 100 1800,744,1224,1224
740 100 1800,744,1224,1224
741 100 1800,744,1224,1224
742 100 1824,744,1224,1200
743 100 1848,744,1224,1200
744 100 1848,744,1224,1200
745 100 1848,744,1224,1200
746 100 1848,744,1224,1200
747 100 1848,744,1224,1200
748 100 1824,744,1224,1200
749 100 1824,744,1224,1200
750 100 1824,744,1224,1200
751 100 1824,744,1224,1200
752 100 1824,744,1224,1200
753 100 1824,744,1224,1200
754 100 1848,720,1224,1200
755 100 1848,720,1224,1200
756 100 1848,720,1224,1200
757 100 1848,720,1224,1200
758 100 1848,720,1224,1200
759 100 1848,720,1224,1200
760 100 1848,720,1224,1200
761 100 1872,696,1224,1224
762 100 1872,696,1224,1224
763 100 1848,720,1224,1200
764 100 1848,720,1224,1200
765 100 1848,720,1224,1200
766 100 1872,720,1224,1200
767 100 1872,696,1224,1224
768 100 1872,696,1224,1224
769 100 1872,696,1224,1224
770 100 1896,696,1224,1200
771 100 1896,720,1224,1200
772 100 1872,720,1224,1200
773 100 1872,720,1224,1200
774 100 1896,696,1224,1200
775 100 1896,696,1224,1200
776 100 1896,696,1224,1200
777 100 1896,696,1224,1200
778 100 1920,672,1224,1224
779 100 1920,672,1224,1224
780 100 1920,672,1224,1224
781 100 1944,672,1224,1224
782 100 1944,672,1224,1224
783 100 1944,672,1224,1224
784 100 1968,672,1224,1200
785 100 1968,672,1224,1200
786 100 1968,672,1224,1200
787 100 1992,648,1224,1200
788 100 1992,648,1224,1200
789 100 1992,648,1224,1200
790 100 2016,624,1224,1200
791 100 2016,624,1224,1200
792 100 2016,624,1224,1200
793 100 2064,624,1224,1200
794 100 2112,600,1224,1200
795 100 2112,600,1224,1200
796 100 2160,672,1224,1200
797 100 2160,672,1224,1200
798 100 2160,672,1224,1200
799 100 2232,624,1224,1224
800 100 2256,624,1224,1224
801 100 2256,648,1224,1200
802 100 2256,648,1224,1200
803 100 2280,624,1224,1224
804 100 2328,600,1224,1200
805 100 2328,624,1224,1200
806 100 2328,624,1224,1200
807 100 2328,624,1224,1200
808 100 2328,624,1224,1200
809 100 2328,624,1224,1224
810 100 2328,624,1224,1224
811 100 2328,624,1224,1224
812 100 2352,600,1224,1224
813 100 2352,600,1224,1200
814 100 2352,600,1224,1200
815 100 2352,600,1224,1224
816 100 2304,648,1224,1224
817 100 2328,624,1224,1200
818 100 2328,624,1224,1200
819 100 2328,624,1224,1200
820 100 2328,648,1224,1200
821 100 2328,648,1224,1200
822 100 2328,648,1224,1200
823 100 2304,648,1224,1224
824 100 2328,696,1224,1200
825 100 2328,696,1224,1200
826 100 2328,696,1224,1200
827 100 2448,696,1224,1200
828 100 2640,648,1224,1200
829 100 2664,648,1224,1200
830 100 2664,648,1224,1200
831 100 2712,648,1224,1200
832 100 2808,648,1224,1224
833 100 2736,648,1224,1224
834 100 2736,648,1224,1224
835 100 2760,648,1224,1224
836 100 2784,672,1224,1200
837 100 2784,672,1224,1200
838 100 2784,672,1224,1200
839 100 2928,696,1224,1200
840 100 2928,696,1224,1200
841 100 2928,696,1224,1200
842 100 2928,696,1224,1200
843 100 2928,696,1224,1200
844 100 2904,696,1224,1200
845 100 2904,696,1224,1200
846 100 2952,696,1224,1224
847 100 3024,720,1224,1200
848 100 3000,720,1224,1200
849 100 3000,720,1224,1200
850 100 3000,744,1224,1200
851 100 2880,744,1224,1200
852 100 2952,720,1224,1224
853 100 2952,720,1224,1224
854 100 2784,696,1224,1200
855 100 2784,744,1224,1200
856 100 2784,744,1224,1200
857 100 2784,744,1224,1200
858 100 2760,696,1224,1224
859 100 2736,696,1224,1200
860 100 2712,696,1224,1200
861 100 2712,696,1224,1200
862 100 2688,648,1224,1200
863 100 2688,648,1224,1200
864 100 2688,648,1224,1200
865 100 2736,648,1224,1200
866 100 2760,624,1224,1200
867 100 2736,624,1224,1200
868 100 2736,624,1224,1200
869 100 2832,576,1224,1224
870 100 2832,576,1224,1200
871 100 2832,576,1224,1200
872 100 2640,528,1224,1224
873 100 2640,528,1224,1224
874 100 2640,528,1224,1224
875 100 2640,528,1224,1224
876 100 2904,528,1224,1200
877 100 2904,504,1224,1224
878 100 2904,504,1224,1224
879 100 3048,480,1224,1224
880 100 3144,504,1224,1200
881 100 3144,504,1224,1200
882 100 3240,528,1224,1200
883 100 3384,528,1224,1200
884 100 3384,528,1224,1200
885 100 3336,552,1224,1224
886 100 3552,552,1224,1224
887 100 3552,552,1224,1224
888 100 3768,576,1224,1224
889 100 48,600,1224,1224
890 100 3576,600,1224,1224
891 100 3576,600,1224,1224
892 100 0,600,1224,1224
893 100 3624,600,1224,1224
894 100 3624,600,1224,1224
895 100 3408,696,1224,1200
896 100 3408,696,1224,1200
897 100 3408,696,1224,1200
898 100 3408,672,1224,1200
899 100 3504,648,1224,1224
900 100 3504,648,1224,1224
901 100 3504,648,1224,1224
902 100 0,672,1224,1224
903 100 3480,720,1224,1200
904 100 3432,720,1224,1200
905 100 3432,720,1224,1200
906 100 24,720,1224,1224
907 100 3432,768,1224,1200
908 100 3288,768,1224,1200
909 100 3288,768,1224,1200
910 100 96,792,1224,1224
911 100 24,816,1224,1224
912 100 3264,840,1224,1200
913 100 3264,840,1224,1200
914 100 24,864,1224,1224
915 100 24,864,1224,1224
916 100 3168,912,1224,1200
917 100 3048,912,1224,1200
918 100 3048,912,1224,1200
919 100 3264,936,1224,1200
920 100 3264,936,1224,1200
921 100 3408,888,1224,1224
922 100 3144,888,1224,1200
923 100 3144,888,1224,1200
924 100 3360,840,1224,1200
925 100 3360,840,1224,1200
926 100 0,768,1224,1200
927 100 24,720,1224,1200
928 100 3384,696,1224,1200
929 100 3384,696,1224,1200
930 100 0,648,1224,1200
931 100 0,648,1224,1200
932 100 72,600,1224,1224
933 100 48,600,1224,1224
934 100 48,600,1224,1224
935 100 3384,600,1224,1200
936 100 0,576,1224,1224
937 100 24,576,1224,1224
938 100 24,576,1224,1224
939 100 3480,576,1224,1200
940 100 3600,552,1224,1224
941 100 3624,552,1224,1224
942 100 3624,552,1224,1224
943 100 3408,552,1224,1200
944 100 3408,552,1224,1200
945 100 3456,552,1224,1200
946 100 3456,552,1224,1200
947 100 3456,552,1224,1200
948 100 3456,552,1224,1200
949 100 3480,552,1224,1200
950 100 3480,552,1224,1200
951 100 3384,528,1224,1200
952 100 3384,528,1224,1200
953 100 3720,528,1224,1224
954 100 3528,576,1224,1200
955 100 3600,552,1224,1224
956 100 3600,552,1224,1224
957 100 3648,504,1224,1224
958 100 3648,504,1224,1224
959 100 3384,480,1224,1200
960 100 3384,480,1224,1200
961 100 3456,504,1224,1200
962 100 3600,504,1224,1224
963 100 3600,504,1224,1224
964 100 3600,528,1224,1224
965 100 3648,528,1224,1224
966 100 3648,528,1224,1224
967 100 3480,528,1224,1200
968 100 24,504,1224,1224
969 100 0,504,1224,1224
970 100 0,504,1224,1224
971 100 0,552,1224,1224
972 100 24,552,1224,1224
973 100 24,552,1224,1224
974 100 72,552,1224,1224
975 100 72,552,1224,1224
976 100 72,552,1224,1224
977 100 3384,576,1224,1200
978 100 24,600,1224,1200
979 100 3384,600,1224,1200
980 100 3384,600,1224,1200
981 100 3384,600,1224,1200
982 100 3384,600,1224,1200
983 100 120,600,1224,1224
984 100 120,600,1224,1224
985 100 144,600,1224,1224
986 100 3360,600,1224,1200
987 100 3360,600,1224,1200
988 100 3360,624,1224,1200
989 100 72,624,1224,1224
990 100 72,624,1224,1224
991 100 3432,624,1224,1200
992 100 3456,624,1224,1200
993 100 3456,624,1224,1200
994 100 3384,624,1224,1200
995 100 3408,624,1224,1200
996 100 3408,624,1224,1200
997 100 0,624,1224,1200
998 100 24,624,1224,1200
999 100 24,624,1224,1200
1000 100 24,600,1224,1224
1001 100 24,624,1224,1200
1002 100 24,624,1224,1200
1003 100 48,600,1224,1224
1004 100 24,600,1224,1224
1005 100 24,600,1224,1224
1006 100 24,624,1224,1200
1007 100 24,600,1224,1224
1008 100 24,600,1224,1224
1009 100 48,600,1224,1224
1010 100 48,600,1224,1224
1011 100 48,600,1224,1224
1012 100 3408,600,1224,1200
1013 100 3432,600,1224,1200
1014 100 3432,600,1224,1200
1015 100 3480,600,1224,1200
1016 100 3504,600,1224,1200
1017 100 3552,600,1224,1200
1018 100 3552,600,1224,1200
1019 100 3576,600,1224,1200
1020 100 3552,600,1224,1200
1021 100 3552,600,1224,1200
1022 100 3576,600,1224,1200
1023 100 3552,600,1224,1200
1024 100 3576,600,1224,1200
1025 100 3552,600,1224,1200
1026 100 3552,600,1224,1200
1027 100 3552,600,1224,1200
1028 100 3528,600,1224,1200
1029 100 3528,600,1224,1200
1030 100 3552,600,1224,1200
1031 100 3552,600,1224,1200
1032 100 3528,600,1224,1200
1033 100 3528,600,1224,1200
1034 100 3480,600,1224,1200
1035 100 3480,600,1224,1200
1036 100 3432,600,1224,1200
1037 100 3432,600,1224,1200
1038 100 3432,600,1224,1200
1039 100 3384,600,1224,1200
1040 100 3384,600,1224,1200
1041 100 0,600,1224,1224
1042 100 0,600,1224,1224
1043 100 0,600,1224,1224
1044 100 0,600,1224,1224
1045 100 24,600,1224,1224
1046 100 3384,600,1224,1200
1047 100 24,600,1224,1224
1048 100 3384,600,1224,1200
1049 100 3384,600,1224,1200
1050 100 48,600,1224,1224
1051 100 3384,600,1224,1200
1052 100 3408,600,1224,1200
1053 100 3384,600,1224,1200
1054 100 48,600,1224,1224
1055 100 24,600,1224,1224
1056 100 24,600,1224,1224
1057 100 24,600,1224,1224
1058 100 3624,600,1224,1224
1059 100 3576,624,1224,1200
1060 100 3576,624,1224,1200
1061 100 3624,600,1224,1224
1062 100 3624,600,1224,1224
1063 100 3384,600,1224,1200
1064 100 3432,600,1224,1200
1065 100 3408,600,1224,1200
1066 100 3408,600,1224,1200
1067 100 3408,600,1224,1200
1068 100 3360,600,1224,1200
1069 100 0,600,1224,1224
1070 100 3624,600,1224,1224
1071 100 0,600,1224,1224
1072 100 0,600,1224,1224
1073 100 24,600,1224,1224
1074 100 3624,600,1224,1224
1075 100 0,600,1224,1224
1076 100 3624,600,1224,1224
1077 100 3360,600,1224,1200
1078 100 0,600,1224,1224
1079 100 24,600,1224,1224
1080 100 48,600,1224,1224
1081 100 48,600,1224,1224
1082 100 3408,600,1224,1200
1083 100 3408,600,1224,1200
1084 100 3384,600,1224,1200
1085 100 3384,600,1224,1200
1086 100 3384,600,1224,1200
1087 100 3384,600,1224,1200
1088 100 3384,600,1224,1200
1089 100 3384,600,1224,1200
1090 100 3384,600,1224,1200
1091 100 3384,600,1224,1200
1092 100 96,600,1224,1224
1093 100 48,600,1224,1224
1094 100 3384,600,1224,1200
1095 100 72,600,1224,1224
1096 100 72,600,1224,1224
1097 100 0,600,1224,1224
1098 100 48,600,1224,1224
1099 100 48,600,1224,1224
1100 100 72,600,1224,1224
1101 100 72,600,1224,1224
1102 100 72,600,1224,1224
1103 100 24,600,1224,1224
1104 100 0,600,1224,1224
1105 100 0,600,1224,1224
1106 100 24,600,1224,1224
1107 100 0,600,1224,1224
1108 100 0,600,1224,1224
1109 100 0,600,1224,1224
1110 100 24,600,1224,1224
1111 100 48,600,1224,1224
1112 100 72,600,1224,1224
1113 100 3384,600,1224,1200
1114 100 3432,600,1224,1200
1115 100 3360,600,1224,1200
1116 100 3504,624,1224,1200
1117 100 0,624,1224,1224
1118 100 3504,648,1224,1200
1119 100 3504,648,1224,1200
1120 100 3576,624,1224,1224
1121 100 3528,648,1224,1200
1122 100 3504,648,1224,1200
1123 100 3504,648,1224,1200
1124 100 3504,648,1224,1200
1125 100 3432,648,1224,1200
1126 100 3408,648,1224,1200
1127 100 3456,648,1224,1200
1128 100 3528,648,1224,1200
1129 100 3576,624,1224,1224
1130 100 3552,648,1224,1200
1131 100 3456,648,1224,1200
1132 100 3480,648,1224,1200
1133 100 3528,648,1224,1200
1134 100 0,624,1224,1224
1135 100 3360,624,1224,1200
1136 100 3576,624,1224,1224
1137 100 24,648,1224,1224
1138 100 3480,672,1224,1200
1139 100 3432,672,1224,1200
1140 100 48,672,1224,1224
1141 100 3576,672,1224,1224
1142 100 3360,696,1224,1200
1143 100 3432,720,1224,1200
1144 100 3408,720,1224,1200
1145 100 3408,720,1224,1200
1146 100 3480,720,1224,1200
1147 100 3480,720,1224,1200
1148 100 3504,720,1224,1200
1149 100 3456,720,1224,1200
1150 100 3408,720,1224,1200
1151 100 3408,720,1224,1200
1152 100 3624,696,1224,1224
1153 100 0,696,1224,1224
1154 100 3624,696,1224,1224
1155 100 0,696,1224,1224
1156 100 0,696,1224,1224
1157 100 72,696,1224,1224
1158 100 24,696,1224,1224
1159 100 3384,696,1224,1200
1160 100 3408,696,1224,1200
1161 100 3408,696,1224,1200
1162 100 3480,696,1224,1200
1163 100 3480,696,1224,1200
1164 100 3552,672,1224,1224
1165 100 0,672,1224,1224
1166 100 24,672,1224,1224
1167 100 48,672,1224,1224
1168 100 3360,672,1224,1200
1169 100 3360,672,1224,1200
1170 100 3360,672,1224,1200
1171 100 3360,672,1224,1200
1172 100 3408,672,1224,1200
1173 100 3456,672,1224,1200
1174 100 3504,672,1224,1200
1175 100 24,648,1224,1224
1176 100 48,648,1224,1224
1177 100 72,648,1224,1224
1178 100 96,648,1224,1224
1179 100 120,648,1224,1224
1180 100 3384,648,1224,1200
1181 100 3384,648,1224,1200
1182 100 3408,648,1224,1200
1183 100 3384,648,1224,1200
1184 100 3384,648,1224,1200
1185 100 0,648,1224,1200
1186 100 0,648,1224,1200
1187 100 3360,648,1224,1200
1188 100 0,648,1224,1200
1189 100 24,648,1224,1200
1190 100 24,648,1224,1200
1191 100 24,648,1224,1200
1192 100 0,648,1224,1224
1193 100 48,648,1224,1200
1194 100 96,648,1224,1200
1195 100 96,648,1224,1200
1196 100 96,648,1224,1200
1197 100 72,648,1224,1200
1198 100 72,648,1224,1200
1199 100 72,648,1224,1200
1200 100 0,648,1224,1200
1201 100 0,648,1224,1224
1202 100 0,648,1224,1224
1203 100 0,672,1224,1200
1204 100 72,672,1224,1200
1205 100 72,672,1224,1200
1206 100 48,672,1224,1224
1207 100 0,672,1224,1224
1208 100 0,696,1224,1200
1209 100 48,696,1224,1200
1210 100 48,696,1224,1200
1211 100 0,696,1224,1200
1212 100 48,696,1224,1200
1213 100 48,696,1224,1224
1214 100 24,696,1224,1224
1215 100 48,720,1224,1200
1216 100 24,696,1224,1224
1217 100 120,696,1224,1224
1218 100 3384,696,1224,1200
1219 100 0,648,1224,1224
1220 100 48,648,1224,1224
1221 100 24,600,1224,1248
1222 100 3672,600,1224,1248
1223 100 3480,600,1224,1248
1224 100 3384,624,1224,1224
1225 100 3336,696,1224,1200
1226 100 3336,696,1224,1200
1227 100 0,624,1224,1248
1228 100 72,624,1224,1248
1229 100 48,624,1224,1224
1230 100 144,624,1224,1224
1231 100 48,624,1224,1200
1232 100 96,624,1224,1200
1233 100 72,624,1224,1224
1234 100 48,624,1224,1224
1235 100 0,648,1224,1200
1236 100 0,648,1224,1200
1237 100 0,648,1224,1200
1238 100 0,648,1224,1200
1239 100 0,648,1224,1200
1240 100 24,648,1224,1200
1241 100 24,648,1224,1200
1242 100 0,648,1224,1200
1243 100 0,648,1224,1200
1244 100 0,624,1224,1200
1245 100 0,624,1224,1200
1246 100 0,624,1224,1200
1247 100 0,624,1224,1200
1248 100 0,624,1224,1200
1249 100 0,624,1224,1200
1250 100 0,624,1224,1200
1251 100 0,624,1224,1200
1252 100 0,648,1224,1200
1253 100 0,648,1224,1200
1254 100 0,648,1224,1200
1255 100 0,648,1224,1200
1256 100 24,648,1224,1224
1257 100 24,648,1224,1224
1258 100 0,672,1224,1200
1259 100 0,672,1224,1200
1260 100 0,672,1224,1224
1261 100 0,672,1224,1224
1262 100 0,672,1224,1224
1263 100 0,672,1224,1224
1264 100 0,720,1224,1200
1265 100 0,720,1224,1200
1266 100 24,720,1224,1200
1267 100 24,720,1224,1200
1268 100 0,720,1224,1200
1269 100 0,720,1224,1200
1270 100 0,696,1224,1200
1271 100 0,696,1224,1200
1272 100 0,696,1224,1200
1273 100 0,672,1224,1200
1274 100 0,672,1224,1200
1275 100 24,648,1224,1224
1276 100 24,648,1224,1224
1277 100 48,624,1224,1224
1278 100 48,624,1224,1224
1279 100 0,624,1224,1200
1280 100 0,624,1224,1200
1281 100 120,600,1224,1224
1282 100 120,600,1224,1224
1283 100 168,600,1224,1224
1284 100 3384,600,1224,1200
1285 100 3384,600,1224,1200
1286 100 3384,600,1224,1200
1287 100 3408,600,1224,1200
1288 100 3408,600,1224,1200
1289 100 3384,600,1224,1200
1290 100 3384,600,1224,1200
1291 100 3384,600,1224,1200
1292 100 3384,600,1224,1200
1293 100 3408,600,1224,1200
1294 100 3408,600,1224,1200
1295 100 3408,600,1224,1200
1296 100 3408,600,1224,1200
1297 100 3408,600,1224,1200
1298 100 3384,600,1224,1200
1299 100 72,600,1224,1224
1300 100 0,600,1224,1224
1301 100 0,600,1224,1224
1302 100 0,600,1224,1224
1303 100 0,600,1224,1224
1304 100 3528,624,1224,1200
1305 100 3504,624,1224,1200
1306 100 3456,624,1224,1200
1307 100 3432,624,1224,1200
1308 100 3432,624,1224,1200
1309 100 3432,624,1224,1200
1310 100 3432,624,1224,1200
1311 100 3384,624,1224,1200
1312 100 3384,624,1224,1200
1313 100 3384,624,1224,1200
1314 100 120,624,1224,1224
1315 100 96,624,1224,1224
1316 100 72,648,1224,1224
1317 100 3552,648,1224,1224
1318 100 3432,696,1224,1200
1319 100 3360,696,1224,1200
1320 100 3504,720,1224,1200
1321 100 3504,720,1224,1200
1322 100 3432,720,1224,1200
1323 100 3432,720,1224,1200
1324 100 3312,720,1224,1200
1325 100 3672,720,1224,1224
1326 100 3360,744,1224,1200
1327 100 3360,744,1224,1200
1328 100 3504,768,1224,1200
1329 100 3336,768,1224,1200
1330 100 3360,816,1224,1200
1331 100 3240,816,1224,1200
1332 100 3480,840,1224,1224
1333 100 3288,864,1224,1200
1334 100 3312,936,1224,1200
1335 100 3360,936,1224,1224
1336 100 0,1032,1224,1128
1337 100 0,1032,1224,1128
1338 100 0,1080,1224,1080
1339 100 0,1080,1224,1080
1340 100 0,1080,1224,1080
1341 100 0,1152,1224,1008
1342 100 0,1152,1224,1008
1343 100 0,1152,1224,1008
1344 100 0,1176,1224,984
1345 100 0,1176,1224,984
1346 100 0,1176,1224,984
1347 100 0,1176,1224,984
1348 100 0,1200,1224,960
1349 100 0,1200,1224,960
1350 100 0,1224,1224,936
1351 100 0,1224,1224,936
1352 100 0,1248,1224,912
1353 100 0,1248,1224,912
1354 100 0,1272,1224,888
1355 100 0,1272,1224,888
1356 100 0,1272,1224,888
1357 100 0,1272,1224,888
1358 100 0,1272,1224,888
1359 100 0,1272,1224,888
1360 100 0,1272,1224,888
1361 100 0,1296,1224,864
1362 100 0,1272,1224,888
1363 100 0,1272,1224,888
1364 100 0,1272,1224,888
1365 100 0,1248,1224,912
1366 100 0,1248,1224,912
1367 100 0,1248,1224,912
1368 100 0,1224,1224,936
1369 100 0,1224,1224,936
1370 100 0,1224,1224,936
1371 100 0,1224,1224,936
1372 100 0,1224,1224,936
1373 100 0,1224,1224,936
1374 100 0,1224,1224,936
1375 100 0,1200,1224,960
1376 100 0,1200,1224,960
1377 100 0,1200,1224,960
1378 100 0,1200,1224,960
1379 100 0,1176,1224,984
1380 100 0,1176,1224,984
1381 100 0,1176,1224,984
1382 100 0,1176,1224,984
1383 100 0,1176,1224,984
1384 100 0,1176,1224,984
1385 100 0,1128,1224,1032
1386 100 0,1128,1224,1032
1387 100 0,1128,1224,1032
1388 100 0,1080,1224,1080
1389 100 0,1056,1224,1104
1390 100 0,1056,1224,1104
1391 100 0,1008,1224,1152
1392 100 0,1008,1224,1152
1393 100 0,1008,1224,1152
1394 100 2664,960,1224,1200
1395 100 2424,960,1224,1200
1396 100 2736,936,1224,1200
1397 100 2856,912,1224,1224
1398 100 2952,888,1224,1200
1399 100 3072,864,1224,1224
1400 100 3072,864,1224,1224
1401 100 3120,792,1224,1200
1402 100 3264,768,1224,1224
1403 100 3264,768,1224,1224
1404 100 3264,744,1224,1224
1405 100 3432,744,1224,1200
1406 100 3432,744,1224,1200
1407 100 3600,696,1224,1224
1408 100 3576,696,1224,1224
1409 100 3576,696,1224,1224
1410 100 3336,720,1224,1200
1411 100 3480,720,1224,1200
1412 100 3480,720,1224,1200
1413 100 3360,672,1224,1200
1414 100 3360,672,1224,1200
1415 100 3360,672,1224,1200
1416 100 3360,648,1224,1200
1417 100 3408,648,1224,1200
1418 100 3408,648,1224,1200
1419 100 3624,624,1224,1224
1420 100 3696,624,1224,1224
1421 100 3696,624,1224,1224
1422 100 3624,624,1224,1224
1423 100 3600,624,1224,1224
1424 100 3600,624,1224,1224
1425 100 3456,648,1224,1200
1426 100 3432,648,1224,1200
1427 100 3360,648,1224,1200
1428 100 3360,648,1224,1200
1429 100 3288,672,1224,1224
1430 100 3480,696,1224,1200
1431 100 3432,696,1224,1200
1432 100 3528,696,1224,1200
1433 100 3312,648,1224,1224
1434 100 3360,648,1224,1200
1435 100 3336,672,1224,1224
1436 100 3528,696,1224,1200
1437 100 3504,720,1224,1200
1438 100 3360,720,1224,1200
1439 100 3264,792,1224,1200
1440 100 3192,816,1224,1224
1441 100 3024,936,1224,1200
1442 100 2880,960,1224,1200
1443 100 0,1008,1224,1152
1444 100 0,1032,1224,1128
1445 100 0,1008,1224,1152
1446 100 0,1008,1224,1152
1447 100 0,1032,1224,1128
1448 100 0,1032,1224,1128
1449 100 0,1032,1224,1128
1450 100 0,1056,1224,1104
1451 100 0,1056,1224,1104
1452 100 0,1056,1224,1104
1453 100 0,1032,1224,1128
1454 100 0,1032,1224,1128
1455 100 0,1056,1224,1104
1456 100 0,1056,1224,1104
1457 100 0,1080,1224,1080
1458 100 0,1104,1224,1056
1459 100 0,1128,1224,1032
1460 100 0,1128,1224,1032
1461 100 0,1128,1224,1032
1462 100 0,1152,1224,1008
1463 100 0,1152,1224,1008
1464 100 0,1152,1224,1008
1465 100 0,1152,1224,1008
1466 100 0,1152,1224,1008
1467 100 0,1152,1224,1008
1468 100 0,1152,1224,1008
1469 100 0,1176,1224,984
1470 100 0,1176,1224,984
1471 100 0,1152,1224,1008
1472 100 0,1152,1224,1008
1473 100 0,1152,1224,1008
1474 100 0,1128,1224,1032
1475 100 0,1104,1224,1056
1476 100 0,1104,1224,1056
1477 100 0,1080,1224,1080
1478 100 0,1080,1224,1080
1479 100 0,1080,1224,1080
1480 100 0,1056,1224,1104
1481 100 0,1056,1224,1104
1482 100 0,1032,1224,1128
1483 100 0,1032,1224,1128
1484 100 1608,984,1224,1176
1485 100 2088,984,1224,1176
1486 100 2640,960,1224,1200
1487 100 2520,960,1224,1200
1488 100 2544,936,1224,1200
1489 100 2640,912,1224,1224
1490 100 2688,912,1224,1224
1491 100 2664,912,1224,1224
1492 100 2664,912,1224,1224
1493 100 2664,888,1224,1200
1494 100 2760,888,1224,1200
1495 100 2760,888,1224,1200
1496 100 2712,864,1224,1200
1497 100 2736,864,1224,1200
1498 100 2736,864,1224,1200
1499 100 2760,864,1224,1200
1500 100 2736,864,1224,1224
1501 100 2736,864,1224,1224
1502 100 2832,888,1224,1200
1503 100 2880,888,1224,1200
1504 100 2880,888,1224,1200
1505 100 2832,912,1224,1200
1506 100 2904,912,1224,1224
1507 100 2904,912,1224,1224
1508 100 2352,984,1224,1176
1509 100 2016,984,1224,1176
1510 100 2016,984,1224,1176
1511 100 1008,1008,1224,1152
1512 100 744,1008,1224,1152
1513 100 744,1008,1224,1152
1514 100 0,1032,1224,1128
1515 100 0,1032,1224,1128
1516 100 0,1032,1224,1128
1517 100 0,1032,1224,1128
1518 100 0,1032,1224,1128
1519 100 0,1032,1224,1128
1520 100 0,1056,1224,1104
1521 100 0,1056,1224,1104
1522 100 0,1056,1224,1104
1523 100 0,1056,1224,1104
1524 100 0,1080,1224,1080
1525 100 0,1080,1224,1080
1526 100 0,1056,1224,1104
1527 100 0,1056,1224,1104
1528 100 0,1056,1224,1104
1529 100 0,1032,1224,1128
1530 100 0,1032,1224,1128
1531 100 0,1032,1224,1128
1532 100 1080,1008,1224,1152
1533 100 1560,984,1224,1176
1534 100 1560,984,1224,1176
1535 100 2784,936,1224,1224
1536 100 3000,936,1224,1200
1537 100 3000,936,1224,1200
1538 100 3216,888,1224,1200
1539 100 3336,888,1224,1200
1540 100 3336,888,1224,1200
1541 100 3168,840,1224,1224
1542 100 3264,840,1224,1200
1543 100 3264,840,1224,1200
1544 100 3288,816,1224,1200
1545 100 3216,792,1224,1224
1546 100 3216,792,1224,1224
1547 100 3216,792,1224,1224
1548 100 3168,792,1224,1200
1549 100 2952,768,1224,1200
1550 100 2976,768,1224,1200
1551 100 2976,768,1224,1200
1552 100 2952,744,1224,1224
1553 100 2832,744,1224,1200
1554 100 2736,744,1224,1224
1555 100 2736,744,1224,1224
1556 100 2616,792,1224,1200
1557 100 2616,792,1224,1200
1558 100 2280,936,1224,1224
1559 100 2064,984,1224,1176
1560 100 2064,984,1224,1176
1561 100 0,1080,1224,1080
1562 100 0,1080,1224,1080
1563 100 0,1080,1224,1080
1564 100 0,1080,1224,1080
1565 100 0,1080,1224,1080
1566 100 0,1080,1224,1080
1567 100 0,1056,1224,1104
1568 100 0,1056,1224,1104
1569 100 0,1056,1224,1104
1570 100 0,1080,1224,1080
1571 100 0,1080,1224,1080
1572 100 0,1080,1224,1080
1573 100 0,1080,1224,1080
1574 100 0,1080,1224,1080
1575 100 0,1080,1224,1080
1576 100 0,1080,1224,1080
1577 100 0,1080,1224,1080
1578 100 0,1080,1224,1080
1579 100 0,1056,1224,1104
1580 100 0,1056,1224,1104
1581 100 0,1056,1224,1104
1582 100 0,1032,1224,1128
1583 100 0,1032,1224,1128
1584 100 0,1032,1224,1128
1585 100 0,1032,1224,1128
1586 100 0,1032,1224,1128
1587 100 0,1032,1224,1128
1588 100 0,1032,1224,1128
1589 100 0,1032,1224,1128
1590 100 0,1032,1224,1128
1591 100 0,1032,1224,1128
1592 100 0,1032,1224,1128
1593 100 0,1032,1224,1128
1594 100 0,1032,1224,1128
1595 100 0,1032,1224,1128
1596 100 0,1032,1224,1128
1597 100 0,1032,1224,1128
1598 100 0,1032,1224,1128
1599 100 0,1032,1224,1128
1600 100 0,1032,1224,1128
1601 100 0,1032,1224,1128
1602 100 0,1032,1224,1128
1603 100 0,1032,1224,1128
1604 100 0,1032,1224,1128
1605 100 0,1008,1224,1152
1606 100 0,1008,1224,1152
1607 100 0,1008,1224,1152
1608 100 0,1008,1224,1152
1609 100 600,1008,1224,1152
1610 100 984,1008,1224,1152
1611 100 984,1008,1224,1152
1612 100 960,1008,1224,1152
1613 100 1176,1008,1224,1152
1614 100 1176,1008,1224,1152
1615 100 1368,984,1224,1176
1616 100 1368,984,1224,1176
1617 100 1368,984,1224,1176
1618 100 1344,984,1224,1176
1619 100 1344,984,1224,1176
1620 100 1344,984,1224,1176
1621 100 1344,984,1224,1176
1622 100 1344,960,1224,1200
1623 100 1344,984,1224,1176
1624 100 1344,984,1224,1176
1625 100 1368,984,1224,1176
1626 100 1368,984,1224,1176
1627 100 1368,984,1224,1176
1628 100 1368,984,1224,1176
1629 100 1080,1008,1224,1152
1630 100 888,1008,1224,1152
1631 100 888,1008,1224,1152
1632 100 0,1032,1224,1128
1633 100 0,1056,1224,1104
1634 100 0,1056,1224,1104
1635 100 0,1056,1224,1104
1636 100 0,1056,1224,1104
1637 100 0,1080,1224,1080
1638 100 0,1080,1224,1080
1639 100 0,1104,1224,1056
1640 100 0,1104,1224,1056
1641 100 0,1104,1224,1056
1642 100 0,1128,1224,1032
1643 100 0,1152,1224,1008
1644 100 0,1152,1224,1008
1645 100 0,1152,1224,1008
1646 100 0,1176,1224,984
1647 100 0,1176,1224,984
1648 100 0,1176,1224,984
1649 100 0,1176,1224,984
1650 100 0,1176,1224,984
1651 100 0,1152,1224,1008
1652 100 0,1152,1224,1008
1653 100 0,1152,1224,1008
1654 100 0,1152,1224,1008
1655 100 0,1152,1224,1008
1656 100 0,1152,1224,1008
1657 100 0,1128,1224,1032
1658 100 0,1128,1224,1032
1659 100 0,1128,1224,1032
1660 100 0,1128,1224,1032
1661 100 0,1128,1224,1032
1662 100 0,1128,1224,1032
1663 100 0,1104,1224,1056
1664 100 0,1104,1224,1056
1665 100 0,1104,1224,1056
1666 100 0,1080,1224,1080
1667 100 0,1080,1224,1080
1668 100 0,1080,1224,1080
1669 100 0,1056,1224,1104
1670 100 0,1032,1224,1128
1671 100 0,1032,1224,1128
1672 100 0,1032,1224,1128
1673 100 0,1008,1224,1152
1674 100 0,1008,1224,1152
1675 100 840,1008,1224,1152
1676 100 1344,984,1224,1176
1677 100 1344,984,1224,1176
1678 100 1344,984,1224,1176
1679 100 1368,960,1224,1200
1680 100 1368,936,1224,1224
1681 100 1392,936,1224,1200
1682 100 1392,936,1224,1200
1683 100 1392,936,1224,1200
1684 100 1392,912,1224,1200
1685 100 1416,912,1224,1200
1686 100 1416,888,1224,1224
1687 100 1416,888,1224,1224
1688 100 1416,888,1224,1200
1689 100 1416,912,1224,1200
1690 100 1416,888,1224,1224
1691 100 1416,888,1224,1224
1692 100 1416,888,1224,1224
1693 100 1416,888,1224,1200
1694 100 1440,864,1224,1224
1695 100 1440,864,1224,1200
1696 100 1440,864,1224,1200
1697 100 1440,864,1224,1224
1698 100 1440,864,1224,1224
1699 100 1416,864,1224,1224
1700 100 1416,864,1224,1224
1701 100 1416,864,1224,1224
1702 100 1416,864,1224,1224
1703 100 1440,840,1224,1224
1704 100 1464,816,1224,1224
1705 100 1488,816,1224,1200
1706 100 1488,792,1224,1224
1707 100 1488,792,1224,1200
1708 100 1488,792,1224,1224
1709 100 1488,816,1224,1200
1710 100 1464,816,1224,1224
1711 100 1464,840,1224,1200
1712 100 1440,840,1224,1200
1713 100 1440,864,1224,1200
1714 100 1392,888,1224,1200
1715 100 1368,912,1224,1200
1716 100 1344,936,1224,1224
1717 100 1320,960,1224,1200
1718 100 1320,984,1224,1176
1719 100 984,984,1224,1176
1720 100 192,1008,1224,1152
1721 100 0,1008,1224,1152
1722 100 0,1032,1224,1128
1723 100 0,1032,1224,1128
1724 100 0,1056,1224,1104
1725 100 0,1056,1224,1104
1726 100 0,1080,1224,1080
1727 100 0,1080,1224,1080
1728 100 0,1056,1224,1104
1729 100 0,1080,1224,1080
1730 100 0,1080,1224,1080
1731 100 0,1080,1224,1080
1732 100 0,1080,1224,1080
1733 100 0,1080,1224,1080
1734 100 0,1080,1224,1080
1735 100 0,1080,1224,1080
1736 100 0,1104,1224,1056
1737 100 0,1104,1224,1056
1738 100 0,1104,1224,1056
1739 100 0,1080,1224,1080
1740 100 0,1080,1224,1080
1741 100 0,1104,1224,1056
1742 100 0,1104,1224,1056
1743 100 0,1080,1224,1080
1744 100 0,1080,1224,1080
1745 100 0,1080,1224,1080
1746 100 0,1080,1224,1080
1747 100 0,1080,1224,1080
1748 100 0,1104,1224,1056
1749 100 0,1104,1224,1056
1750 100 0,1104,1224,1056
1751 100 0,1104,1224,1056
1752 100 0,1104,1224,1056
1753 100 0,1104,1224,1056
1754 100 0,1080,1224,1080
1755 100 0,1080,1224,1080
1756 100 0,1080,1224,1080
1757 100 0,1080,1224,1080
1758 100 0,1104,1224,1056
1759 100 0,1104,1224,1056
1760 100 0,1104,1224,1056
1761 100 0,1104,1224,1056
1762 100 0,1104,1224,1056
1763 100 0,1080,1224,1080
1764 100 0,1080,1224,1080
1765 100 0,1080,1224,1080
1766 100 0,1080,1224,1080
1767 100 0,1080,1224,1080
1768 100 0,1080,1224,1080
1769 100 0,1056,1224,1104
1770 100 0,1056,1224,1104
1771 100 0,1056,1224,1104
1772 100 0,1080,1224,1080
1773 100 0,1080,1224,1080
1774 100 0,1080,1224,1080
1775 100 0,1080,1224,1080
1776 100 0,1080,1224,1080
1777 100 0,1104,1224,1056
1778 100 0,1104,1224,1056
1779 100 0,1104,1224,1056
1780 100 0,1104,1224,1056
1781 100 0,1104,1224,1056
1782 100 0,1080,1224,1080
1783 100 0,1056,1224,1104
1784 100 0,1056,1224,1104
1785 100 0,1080,1224,1080
1786 100 0,1104,1224,1056
1787 100 0,1104,1224,1056
1788 100 0,1104,1224,1056
1789 100 0,1080,1224,1080
1790 100 0,1032,1224,1128
1791 100 0,1008,1224,1152
1792 100 0,1008,1224,1152
1793 100 0,1008,1224,1152
1794 100 0,1032,1224,1128
1795 100 0,1032,1224,1128
1796 100 0,1008,1224,1152
1797 100 0,1008,1224,1152
1798 100 1560,984,1224,1176
1799 100 1560,984,1224,1176
1800 100 1560,984,1224,1176
1801 100 1560,984,1224,1176
1802 100 1560,984,1224,1176
1803 100 1560,984,1224,1176
1804 100 1584,960,1224,1200
1805 100 1584,960,1224,1200
1806 100 1608,960,1224,1200
1807 100 1632,936,1224,1224
1808 100 1656,912,1224,1224
1809 100 1680,888,1224,1224
1810 100 1704,864,1224,1224
1811 100 1704,864,1224,1224
1812 100 1728,840,1224,1224
1813 100 1728,840,1224,1200
1814 100 1728,840,1224,1200
1815 100 1704,840,1224,1200
1816 100 1704,816,1224,1224
1817 100 1704,816,1224,1200
1818 100 1728,792,1224,1224
1819 100 1728,792,1224,1200
1820 100 1752,768,1224,1224
1821 100 1752,768,1224,1200
1822 100 1752,768,1224,1200
1823 100 1776,744,1224,1224
1824 100 1776,744,1224,1200
1825 100 1800,720,1224,1224
1826 100 1824,720,1224,1200
1827 100 1848,696,1224,1224
1828 100 1872,696,1224,1200
1829 100 1872,696,1224,1200
1830 100 1920,672,1224,1224
1831 100 1944,672,1224,1224
1832 100 1944,672,1224,1224
1833 100 1992,672,1224,1224
1834 100 1992,672,1224,1224
1835 100 2040,672,1224,1200
1836 100 2040,672,1224,1200
1837 100 2064,672,1224,1200
1838 100 2064,672,1224,1200
1839 100 2136,648,1224,1200
1840 100 2136,648,1224,1200
1841 100 2184,648,1224,1200
1842 100 2184,648,1224,1200
1843 100 2232,624,1224,1224
1844 100 2232,624,1224,1224
1845 100 2256,600,1224,1200
1846 100 2256,600,1224,1200
1847 100 2256,552,1224,1224
1848 100 2256,552,1224,1200
1849 100 2256,528,1224,1200
1850 100 2280,504,1224,1224
1851 100 2280,504,1224,1200
1852 100 2304,480,1224,1224
1853 100 2304,480,1224,1224
1854 100 2304,480,1224,1224
1855 100 2328,480,1224,1224
1856 100 2328,504,1224,1224
1857 100 2352,504,1224,1224
1858 100 2376,504,1224,1200
1859 100 2376,504,1224,1200
1860 100 2376,504,1224,1224
1861 100 2400,504,1224,1224
1862 100 2400,504,1224,1224
1863 100 2424,504,1224,1224
1864 100 2448,480,1224,1224
1865 100 2448,480,1224,1224
1866 100 2472,480,1224,1224
1867 100 2472,480,1224,1224
1868 100 2496,480,1224,1224
1869 100 2496,480,1224,1248
1870 100 2544,480,1224,1248
1871 100 2568,480,1224,1248
1872 100 2592,480,1224,1248
1873 100 2616,504,1224,1224
1874 100 2616,504,1224,1224
1875 100 2640,504,1224,1224
1876 100 2640,504,1224,1224
1877 100 2640,504,1224,1224
1878 100 2880,504,1224,1224
1879 100 2904,504,1224,1224
1880 100 2976,528,1224,1224
1881 100 3096,504,1224,1224
1882 100 3096,504,1224,1224
1883 100 3072,504,1224,1224
1884 100 3192,504,1224,1248
1885 100 3168,504,1224,1248
1886 100 3144,504,1224,1248
1887 100 3168,528,1224,1224
1888 100 3168,528,1224,1224
1889 100 3288,528,1224,1224
1890 100 3216,528,1224,1224
1891 100 3384,528,1224,1224
1892 100 3384,552,1224,1224
1893 100 3312,552,1224,1224
1894 100 3384,576,1224,1200
1895 100 3504,576,1224,1224
1896 100 3432,576,1224,1224
1897 100 3624,600,1224,1224
1898 100 3408,624,1224,1200
1899 100 3624,648,1224,1224
1900 100 3504,696,1224,1224
1901 100 3672,792,1224,1224
1902 100 3528,864,1224,1224
1903 100 2808,960,1224,1200
1904 100 504,984,1224,1176
1905 100 0,1008,1224,1152
1906 100 0,1032,1224,1128
1907 100 0,1032,1224,1128
1908 100 0,1008,1224,1152
1909 100 360,1008,1224,1152
1910 100 1536,984,1224,1176
1911 100 1656,984,1224,1176
1912 100 1008,984,1224,1176
1913 100 0,1008,1224,1152
1914 100 0,1008,1224,1152
1915 100 0,1008,1224,1152
1916 100 0,1032,1224,1128
1917 100 0,1032,1224,1128
1918 100 0,1056,1224,1104
1919 100 0,1056,1224,1104
1920 100 0,1056,1224,1104
1921 100 0,1056,1224,1104
1922 100 0,1032,1224,1128
1923 100 0,1032,1224,1128
1924 100 0,1056,1224,1104
1925 100 0,1056,1224,1104
1926 100 0,1056,1224,1104
1927 100 0,1080,1224,1080
1928 100 0,1080,1224,1080
1929 100 0,1104,1224,1056
1930 100 0,1104,1224,1056
1931 100 0,1104,1224,1056
1932 100 0,1128,1224,1032
1933 100 0,1152,1224,1008
1934 100 0,1128,1224,1032
1935 100 0,1128,1224,1032
1936 100 0,1128,1224,1032
1937 100 0,1128,1224,1032
1938 100 0,1128,1224,1032
1939 100 0,1128,1224,1032
1940 100 0,1128,1224,1032
1941 100 0,1128,1224,1032
1942 100 0,1128,1224,1032
1943 100 0,1128,1224,1032
1944 100 0,1152,1224,1008
1945 100 0,1152,1224,1008
1946 100 0,1200,1224,960
1947 100 0,1248,1224,912
1948 100 0,1248,1224,912
1949 100 0,1272,1224,888
1950 100 0,1272,1224,888
1951 100 0,1272,1224,888
1952 100 0,1272,1224,888
1953 100 0,1272,1224,888
1954 100 0,1272,1224,888
1955 100 0,1272,1224,888
1956 100 0,1272,1224,888
1957 100 0,1248,1224,912
1958 100 0,1248,1224,912
1959 100 0,1248,1224,912
1960 100 0,1248,1224,912
1961 100 0,1248,1224,912
1962 100 0,1248,1224,912
1963 100 0,1272,1224,888
1964 100 0,1272,1224,888
1965 100 0,1272,1224,888
1966 100 0,1272,1224,888
1967 100 0,1272,1224,888
1968 100 0,1272,1224,888
1969 100 0,1272,1224,888
1970 100 0,1272,1224,888
1971 100 0,1272,1224,888
1972 100 0,1272,1224,888
1973 100 0,1272,1224,888
1974 100 0,1272,1224,888
1975 100 0,1272,1224,888
1976 100 0,1272,1224,888
1977 100 0,1272,1224,888
1978 100 0,1272,1224,888
1979 100 0,1272,1224,888
1980 100 0,1272,1224,888
1981 100 0,1272,1224,888
1982 100 0,1272,1224,888
1983 100 0,1272,1224,888
1984 100 0,1272,1224,888
1985 100 0,1248,1224,912
1986 100 0,1248,1224,912
1987 100 0,1248,1224,912
1988 100 0,1248,1224,912
1989 100 0,1248,1224,912
1990 100 0,1248,1224,912
1991 100 0,1248,1224,912
1992 100 0,1248,1224,912
1993 100 0,1248,1224,912
1994 100 0,1248,1224,912
1995 100 0,1248,1224,912
1996 100 0,1248,1224,912
1997 100 0,1248,1224,912
1998 100 0,1248,1224,912
1999 100 0,1248,1224,912
2000 100 0,1248,1224,912
2001 100 0,1248,1224,912
2002 100 0,1248,1224,912
2003 100 0,1248,1224,912
2004 100 0,1224,1224,936
2005 100 0,1224,1224,936
2006 100 0,1224,1224,936
2007 100 0,1224,1224,936
2008 100 0,1200,1224,960
2009 100 0,1200,1224,960
2010 100 0,1200,1224,960
2011 100 0,1200,1224,960
2012 100 0,1200,1224,960
2013 100 0,1200,1224,960
2014 100 0,1200,1224,960
2015 100 0,1200,1224,960
2016 100 0,1200,1224,960
2017 100 0,1200,1224,960
2018 100 0,1200,1224,960
2019 100 0,1176,1224,984
2020 100 0,1176,1224,984
2021 100 0,1176,1224,984
2022 100 0,1176,1224,984
2023 100 0,1176,1224,984
2024 100 0,1176,1224,984
2025 100 0,1176,1224,984
2026 100 0,1200,1224,960
2027 100 0,1200,1224,960
2028 100 0,1200,1224,960
2029 100 0,1200,1224,960
2030 100 0,1200,1224,960
2031 100 0,1200,1224,960
2032 100 0,1200,1224,960
2033 100 0,1152,1224,1008
2034 100 0,1128,1224,1032
2035 100 0,1104,1224,1056
2036 100 0,1104,1224,1056
2037 100 0,1080,1224,1080
2038 100 0,1104,1224,1056
2039 100 0,1104,1224,1056
2040 100 0,1080,1224,1080
2041 100 0,1080,1224,1080
2042 100 0,1056,1224,1104
2043 100 0,1032,1224,1128
2044 100 0,1008,1224,1152
2045 100 0,1008,1224,1152
2046 100 864,1008,1224,1152
2047 100 2064,984,1224,1176
2048 100 3264,960,1224,1200
2049 100 3000,960,1224,1200
2050 100 2904,936,1224,1200
2051 100 3168,936,1224,1200
2052 100 3360,912,1224,1224
2053 100 3432,912,1224,1224
2054 100 3048,912,1224,1200
2055 100 3480,888,1224,1224
2056 100 3216,888,1224,1200
2057 100 3264,888,1224,1200
2058 100 3432,864,1224,1224
2059 100 3456,864,1224,1224
2060 100 3456,864,1224,1224
2061 100 3168,888,1224,1200
2062 100 3216,888,1224,1200
2063 100 3168,888,1224,1200
2064 100 3360,912,1224,1200
2065 100 3024,912,1224,1200
2066 100 2976,912,1224,1200
2067 100 3288,936,1224,1200
2068 100 3288,936,1224,1200
2069 100 2976,912,1224,1200
2070 100 3048,912,1224,1200
2071 100 3264,912,1224,1200
2072 100 3288,912,1224,1200
2073 100 3360,888,1224,1224
2074 100 3456,888,1224,1224
2075 100 3504,888,1224,1224
2076 100 2952,912,1224,1224
2077 100 3024,888,1224,1224
2078 100 3072,888,1224,1200
2079 100 3072,888,1224,1200
2080 100 3240,912,1224,1200
2081 100 3192,912,1224,1200
2082 100 3120,912,1224,1200
2083 100 3168,912,1224,1200
2084 100 3096,888,1224,1200
2085 100 3168,888,1224,1200
2086 100 3072,888,1224,1200
2087 100 3696,888,1224,1224
2088 100 3744,888,1224,1224
2089 100 3624,888,1224,1224
2090 100 3072,888,1224,1200
2091 100 3216,888,1224,1200
2092 100 3336,888,1224,1200
2093 100 3600,864,1224,1224
2094 100 3264,864,1224,1200
2095 100 3360,864,1224,1200
