0 100 384,504,1224,1224
1 100 2472,648,1224,1200
2 100 2472,648,1224,1200
3 100 2472,648,1224,1200
4 100 2496,648,1224,1200
5 100 2496,648,1224,1224
6 100 2496,648,1224,1224
7 100 2496,672,1224,1200
8 100 2496,672,1224,1200
9 100 2496,672,1224,1200
10 100 2496,672,1224,1200
11 100 2496,672,1224,1200
12 100 2496,672,1224,1200
13 100 2496,672,1224,1200
14 100 2496,672,1224,1200
15 100 2496,672,1224,1200
16 100 2496,672,1224,1200
17 100 2496,672,1224,1200
18 100 2496,672,1224,1200
19 100 2472,672,1224,1200
20 100 2472,672,1224,1200
21 100 2472,672,1224,1200
22 100 2472,672,1224,1200
23 100 2472,672,1224,1200
24 100 2496,672,1224,1200
25 100 2496,672,1224,1200
26 100 2496,672,1224,1200
27 100 2496,672,1224,1200
28 100 2496,672,1224,1200
29 100 2496,672,1224,1200
30 100 2496,672,1224,1200
31 100 2496,672,1224,1200
32 100 2496,672,1224,1200
33 100 2472,672,1224,1200
34 100 2472,672,1224,1200
35 100 2472,672,1224,1200
36 100 2472,672,1224,1200
37 100 2472,672,1224,1200
38 100 2448,672,1224,1200
39 100 2448,648,1224,1224
40 100 2448,648,1224,1224
41 100 2448,648,1224,1224
42 100 2424,648,1224,1224
43 100 2424,648,1224,1224
44 100 2424,648,1224,1224
45 100 2400,648,1224,1224
46 100 2400,648,1224,1200
47 100 2400,648,1224,1200
48 100 2376,648,1224,1200
49 100 2376,648,1224,1200
50 100 2352,648,1224,1200
51 100 2352,648,1224,1200
52 100 2328,624,1224,1224
53 100 2328,624,1224,1224
54 100 2304,624,1224,1200
55 100 2280,624,1224,1200
56 100 2256,624,1224,1200
57 100 2256,624,1224,1200
58 100 2256,624,1224,1200
59 100 2232,624,1224,1200
60 100 2208,624,1224,1200
61 100 2208,624,1224,1200
62 100 2208,624,1224,1200
63 100 2136,624,1224,1200
64 100 2136,624,1224,1200
65 100 2112,624,1224,1200
66 100 2112,624,1224,1200
67 100 2088,624,1224,1224
68 100 2088,624,1224,1224
69 100 2064,624,1224,1224
70 100 2064,624,1224,1224
71 100 2040,624,1224,1224
72 100 2016,648,1224,1200
73 100 2016,648,1224,1200
74 100 1992,648,1224,1200
75 100 1944,648,1224,1200
76 100 1944,648,1224,1200
77 100 1920,648,1224,1200
78 100 1920,648,1224,1200
79 100 1896,648,1224,1200
80 100 1896,648,1224,1200
81 100 1872,648,1224,1200
82 100 1872,648,1224,1200
83 100 1848,648,1224,1200
84 100 1800,648,1224,1200
85 100 1800,648,1224,1200
86 100 1776,648,1224,1200
87 100 1752,648,1224,1224
88 100 1752,648,1224,1224
89 100 1728,648,1224,1224
90 100 1728,648,1224,1224
91 100 1704,648,1224,1224
92 100 1704,648,1224,1224
93 100 1680,648,1224,1224
94 100 1680,648,1224,1224
95 100 1656,648,1224,1200
96 100 1632,648,1224,1200
97 100 1632,648,1224,1200
98 100 1608,648,1224,1200
99 100 1608,648,1224,1200
100 100 1608,648,1224,1200
101 100 1584,624,1224,1224
102 100 1584,624,1224,1224
103 100 1584,624,1224,1200
104 100 1584,624,1224,1200
105 100 1560,624,1224,1200
106 100 1560,624,1224,1200
107 100 1536,624,1224,1200
108 100 1536,624,1224,1200
109 100 1512,600,1224,1224
110 100 1512,600,1224,1224
111 100 1488,600,1224,1224
112 100 1488,600,1224,1224
113 100 1488,600,1224,1224
114 100 1488,600,1224,1224
115 100 1464,600,1224,1224
116 100 1464,600,1224,1224
117 100 1464,624,1224,1200
118 100 1440,624,1224,1200
119 100 1440,624,1224,1200
120 100 1440,624,1224,1200
121 100 1416,600,1224,1224
122 100 1416,600,1224,1224
123 100 1392,600,1224,1224
124 100 1392,600,1224,1224
125 100 1392,624,1224,1200
126 100 1392,624,1224,1200
127 100 1368,624,1224,1200
128 100 1368,624,1224,1200
129 100 1368,624,1224,1200
130 100 1344,624,1224,1224
131 100 1344,648,1224,1200
132 100 1344,648,1224,1200
133 100 1344,648,1224,1200
134 100 1344,648,1224,1200
135 100 1344,648,1224,1200
136 100 1344,648,1224,1200
137 100 1320,648,1224,1200
138 100 1320,648,1224,1200
139 100 1320,648,1224,1200
140 100 1296,648,1224,1200
141 100 1296,648,1224,1200
142 100 1296,648,1224,1200
143 100 1296,648,1224,1200
144 100 1296,648,1224,1200
145 100 1296,624,1224,1224
146 100 1296,624,1224,1224
147 100 1320,624,1224,1200
148 100 1344,600,1224,1200
149 100 1344,600,1224,1200
150 100 1368,576,1224,1200
151 100 1368,576,1224,1200
152 100 1368,576,1224,1200
153 100 1344,600,1224,1200
154 100 1344,600,1224,1200
155 100 1344,600,1224,1224
156 100 1344,600,1224,1224
157 100 1344,600,1224,1224
158 100 1344,600,1224,1224
159 100 1344,600,1224,1224
160 100 1368,600,1224,1224
161 100 1368,600,1224,1224
162 100 1368,600,1224,1224
163 100 1368,600,1224,1224
164 100 1368,600,1224,1200
165 100 1368,600,1224,1200
166 100 1368,600,1224,1200
167 100 1392,600,1224,1200
168 100 1392,600,1224,1200
169 100 1392,600,1224,1200
170 100 1392,600,1224,1200
171 100 1392,600,1224,1200
172 100 1392,600,1224,1224
173 100 1392,600,1224,1224
174 100 1392,600,1224,1224
175 100 1392,600,1224,1224
176 100 1392,624,1224,1200
177 100 1368,624,1224,1200
178 100 1368,624,1224,1200
179 100 1368,624,1224,1200
180 100 1368,624,1224,1200
181 100 1344,624,1224,1200
182 100 1344,624,1224,1200
183 100 1344,624,1224,1200
184 100 1344,624,1224,1200
185 100 1344,624,1224,1200
186 100 1344,600,1224,1224
187 100 1344,600,1224,1224
188 100 1320,600,1224,1224
189 100 1320,600,1224,1224
190 100 1320,600,1224,1224
191 100 1320,600,1224,1224
192 100 1320,600,1224,1224
193 100 1344,624,1224,1200
194 100 1344,624,1224,1200
195 100 1344,624,1224,1200
196 100 1368,624,1224,1200
197 100 1368,624,1224,1200
198 100 1368,600,1224,1224
199 100 1368,600,1224,1224
200 100 1344,600,1224,1224
201 100 1344,600,1224,1224
202 100 1344,600,1224,1224
203 100 1368,600,1224,1224
204 100 1368,600,1224,1224
205 100 1368,600,1224,1200
206 100 1368,600,1224,1200
207 100 1368,600,1224,1200
208 100 1368,600,1224,1200
209 100 1368,600,1224,1200
210 100 1368,600,1224,1200
211 100 1368,600,1224,1200
212 100 1368,600,1224,1200
213 100 1368,600,1224,1200
214 100 1368,600,1224,1200
215 100 1344,600,1224,1200
216 100 1344,600,1224,1200
217 100 1344,600,1224,1200
218 100 1344,576,1224,1224
219 100 1344,576,1224,1224
220 100 1320,576,1224,1200
221 100 1296,576,1224,1224
222 100 1296,576,1224,1224
223 100 1296,576,1224,1224
224 100 1296,576,1224,1224
225 100 1272,600,1224,1200
226 100 1272,600,1224,1200
227 100 1248,600,1224,1200
228 100 1224,576,1224,1224
229 100 1224,576,1224,1224
230 100 1224,600,1224,1200
231 100 1224,600,1224,1200
232 100 1200,600,1224,1200
233 100 1200,600,1224,1200
234 100 1200,600,1224,1200
235 100 1176,600,1224,1200
236 100 1176,600,1224,1200
237 100 1176,600,1224,1200
238 100 1176,600,1224,1200
239 100 1176,600,1224,1200
240 100 1152,600,1224,1200
241 100 1152,600,1224,1200
242 100 1152,600,1224,1200
243 100 1152,600,1224,1200
244 100 1152,600,1224,1200
245 100 1128,600,1224,1200
246 100 1128,600,1224,1200
247 100 1128,600,1224,1200
248 100 1128,600,1224,1200
249 100 1128,600,1224,1200
250 100 1104,600,1224,1200
251 100 1104,600,1224,1200
252 100 1104,600,1224,1200
253 100 1104,600,1224,1200
254 100 1104,600,1224,1200
255 100 1080,600,1224,1200
256 100 1080,600,1224,1200
257 100 1080,600,1224,1200
258 100 1080,600,1224,1200
259 100 1080,600,1224,1200
260 100 1080,600,1224,1200
261 100 1080,600,1224,1200
262 100 1080,600,1224,1200
263 100 1080,600,1224,1200
264 100 1080,600,1224,1200
265 100 1080,600,1224,1200
266 100 1080,600,1224,1200
267 100 1080,600,1224,1200
268 100 1080,600,1224,1200
269 100 1080,600,1224,1200
270 100 1080,600,1224,1200
271 100 1080,600,1224,1200
272 100 1080,600,1224,1200
273 100 1080,600,1224,1200
274 100 1080,600,1224,1200
275 100 1080,600,1224,1200
276 100 1080,600,1224,1200
277 100 1080,600,1224,1200
278 100 1080,600,1224,1200
279 100 1080,600,1224,1200
280 100 1080,600,1224,1200
281 100 1080,600,1224,1200
282 100 1080,600,1224,1200
283 100 1056,600,1224,1200
284 100 1056,600,1224,1200
285 100 1056,600,1224,1200
286 100 1056,600,1224,1200
287 100 1056,600,1224,1200
288 100 1056,576,1224,1224
289 100 1056,576,1224,1224
290 100 1056,576,1224,1224
291 100 1056,576,1224,1200
292 100 1056,576,1224,1200
293 100 1056,576,1224,1200
294 100 1056,576,1224,1200
295 100 1056,576,1224,1200
296 100 1056,576,1224,1200
297 100 1056,576,1224,1200
298 100 1080,576,1224,1200
299 100 1080,576,1224,1200
300 100 1080,576,1224,1224
301 100 1080,576,1224,1224
302 100 1080,576,1224,1224
303 100 1080,576,1224,1224
304 100 1080,576,1224,1224
305 100 1080,576,1224,1224
306 100 1080,576,1224,1224
307 100 1080,576,1224,1224
308 100 1080,576,1224,1224
309 100 1080,576,1224,1224
310 100 1080,576,1224,1224
311 100 1080,576,1224,1224
312 100 1080,576,1224,1224
313 100 1080,576,1224,1224
314 100 1080,576,1224,1224
315 100 1080,576,1224,1224
316 100 1104,576,1224,1224
317 100 1104,576,1224,1224
318 100 1104,576,1224,1224
319 100 1104,576,1224,1224
320 100 1104,576,1224,1224
321 100 1104,576,1224,1224
322 100 1104,576,1224,1224
323 100 1104,576,1224,1224
324 100 1104,576,1224,1224
325 100 1104,600,1224,1200
326 100 1104,600,1224,1200
327 100 1104,600,1224,1200
328 100 1104,600,1224,1200
329 100 1104,600,1224,1200
330 100 1104,576,1224,1224
331 100 1104,576,1224,1224
332 100 1104,576,1224,1224
333 100 1104,576,1224,1224
334 100 1104,576,1224,1224
335 100 1104,576,1224,1224
336 100 1104,576,1224,1224
337 100 1104,576,1224,1224
338 100 1104,576,1224,1224
339 100 1104,576,1224,1224
340 100 1104,576,1224,1224
341 100 1104,576,1224,1224
342 100 1104,600,1224,1200
343 100 1104,600,1224,1200
344 100 1104,600,1224,1200
345 100 1104,600,1224,1200
346 100 1104,600,1224,1200
347 100 1104,600,1224,1200
348 100 1104,600,1224,1200
349 100 1080,600,1224,1200
350 100 1080,600,1224,1200
351 100 1080,600,1224,1200
352 100 1080,600,1224,1200
353 100 1080,600,1224,1200
354 100 1080,600,1224,1200
355 100 1080,576,1224,1200
356 100 1080,576,1224,1200
357 100 1056,528,1224,1224
358 100 1056,528,1224,1224
359 100 1032,504,1224,1224
360 100 1008,456,1224,1224
361 100 1008,456,1224,1224
362 100 984,432,1224,1248
363 100 984,432,1224,1248
364 100 984,432,1224,1224
365 100 984,432,1224,1224
366 100 984,432,1224,1224
367 100 984,432,1224,1224
368 100 984,432,1224,1224
369 100 984,432,1224,1224
370 100 984,432,1224,1224
371 100 984,432,1224,1224
372 100 984,432,1224,1248
373 100 984,432,1224,1248
374 100 984,432,1224,1248
375 100 984,432,1224,1248
376 100 984,432,1224,1248
377 100 984,432,1224,1248
378 100 984,432,1224,1248
379 100 984,432,1224,1248
380 100 984,432,1224,1248
381 100 984,432,1224,1248
382 100 984,432,1224,1248
383 100 984,432,1224,1248
384 100 984,456,1224,1224
385 100 984,456,1224,1224
386 100 984,456,1224,1224
387 100 984,456,1224,1224
388 100 984,456,1224,1248
389 100 984,456,1224,1248
390 100 984,456,1224,1248
391 100 984,456,1224,1248
392 100 984,456,1224,1248
393 100 984,456,1224,1248
394 100 984,456,1224,1248
395 100 984,480,1224,1224
396 100 984,456,1224,1248
397 100 984,456,1224,1248
398 100 984,456,1224,1248
399 100 984,456,1224,1248
400 100 984,456,1224,1248
401 100 984,456,1224,1248
402 100 984,456,1224,1248
403 100 984,456,1224,1248
404 100 984,456,1224,1248
405 100 984,456,1224,1248
406 100 984,456,1224,1248
407 100 984,480,1224,1224
408 100 984,480,1224,1224
409 100 984,480,1224,1224
410 100 984,480,1224,1224
411 100 984,480,1224,1224
412 100 984,480,1224,1224
413 100 984,480,1224,1224
414 100 1008,480,1224,1224
415 100 1008,480,1224,1224
416 100 1008,480,1224,1224
417 100 1008,480,1224,1224
418 100 1008,480,1224,1224
419 100 1008,480,1224,1224
420 100 1008,480,1224,1224
421 100 1008,480,1224,1224
422 100 1008,480,1224,1224
423 100 1008,480,1224,1224
424 100 1008,480,1224,1224
425 100 1008,480,1224,1224
426 100 1008,480,1224,1224
427 100 1008,480,1224,1224
428 100 1008,480,1224,1224
429 100 1008,480,1224,1224
430 100 1008,480,1224,1224
431 100 1008,480,1224,1224
432 100 1008,504,1224,1200
433 100 1008,504,1224,1200
434 100 1008,504,1224,1224
435 100 1008,504,1224,1224
436 100 1008,504,1224,1224
437 100 1008,504,1224,1224
438 100 1008,504,1224,1224
439 100 1008,504,1224,1224
440 100 1008,504,1224,1224
441 100 1032,504,1224,1224
442 100 1032,504,1224,1224
443 100 1032,504,1224,1224
444 100 1032,504,1224,1224
445 100 1032,504,1224,1224
446 100 1032,504,1224,1224
447 100 1032,504,1224,1224
448 100 1032,504,1224,1224
449 100 1032,504,1224,1224
450 100 1032,504,1224,1224
451 100 1032,504,1224,1224
452 100 1032,504,1224,1224
453 100 1032,504,1224,1224
454 100 1032,504,1224,1224
455 100 1032,504,1224,1224
456 100 1032,504,1224,1224
457 100 1032,504,1224,1224
458 100 1032,528,1224,1200
459 100 1032,528,1224,1200
460 100 1032,504,1224,1224
461 100 1032,504,1224,1224
462 100 1032,528,1224,1200
463 100 1032,528,1224,1200
464 100 1032,528,1224,1200
465 100 1032,528,1224,1200
466 100 1032,528,1224,1200
467 100 1032,528,1224,1200
468 100 1032,528,1224,1200
469 100 1032,528,1224,1200
470 100 1032,528,1224,1200
471 100 1032,528,1224,1200
472 100 1032,528,1224,1200
473 100 1032,528,1224,1200
474 100 1032,528,1224,1200
475 100 1032,528,1224,1200
476 100 1032,528,1224,1200
477 100 1032,528,1224,1200
478 100 1032,528,1224,1200
479 100 1032,528,1224,1200
480 100 1032,528,1224,1200
481 100 1032,528,1224,1200
482 100 1032,528,1224,1200
483 100 1032,528,1224,1200
484 100 1032,528,1224,1200
485 100 1032,528,1224,1200
486 100 1032,528,1224,1224
487 100 1032,528,1224,1224
488 100 1032,528,1224,1200
489 100 1032,528,1224,1224
490 100 1032,528,1224,1224
491 100 1032,528,1224,1200
492 100 1032,528,1224,1200
493 100 1032,528,1224,1200
494 100 1032,528,1224,1200
495 100 1032,528,1224,1200
496 100 1032,528,1224,1224
497 100 1032,528,1224,1224
498 100 1032,528,1224,1224
499 100 1032,528,1224,1224
500 100 1032,528,1224,1224
501 100 1032,528,1224,1224
502 100 1032,528,1224,1224
503 100 1032,528,1224,1224
504 100 1032,528,1224,1224
505 100 1032,552,1224,1200
506 100 1032,552,1224,1200
507 100 1032,552,1224,1200
508 100 1032,552,1224,1200
509 100 1032,552,1224,1200
510 100 1032,552,1224,1200
511 100 1032,552,1224,1200
512 100 1032,552,1224,1200
513 100 1032,552,1224,1200
514 100 1056,528,1224,1224
515 100 1056,528,1224,1224
516 100 1056,528,1224,1224
517 100 1056,528,1224,1224
518 100 1056,528,1224,1224
519 100 1056,528,1224,1224
520 100 1080,528,1224,1224
521 100 1080,528,1224,1224
522 100 1080,528,1224,1224
523 100 1080,528,1224,1224
524 100 1080,528,1224,1224
525 100 1080,528,1224,1224
526 100 1080,528,1224,1224
527 100 1080,528,1224,1224
528 100 1080,528,1224,1224
529 100 1080,528,1224,1224
530 100 1080,528,1224,1224
531 100 1080,528,1224,1224
532 100 1080,528,1224,1224
533 100 1080,528,1224,1224
534 100 1080,552,1224,1200
535 100 1080,552,1224,1200
536 100 1080,552,1224,1200
537 100 1080,552,1224,1200
538 100 1080,552,1224,1200
539 100 1080,552,1224,1224
540 100 1080,552,1224,1224
541 100 1080,552,1224,1224
542 100 1080,552,1224,1224
543 100 1080,552,1224,1224
544 100 1080,552,1224,1224
545 100 1080,552,1224,1224
546 100 1080,552,1224,1224
547 100 1080,552,1224,1224
548 100 1080,552,1224,1224
549 100 1080,552,1224,1224
550 100 1080,552,1224,1224
551 100 1080,552,1224,1224
552 100 1080,552,1224,1224
553 100 1080,552,1224,1224
554 100 1080,552,1224,1200
555 100 1080,552,1224,1200
556 100 1080,552,1224,1200
557 100 1080,552,1224,1200
558 100 1080,552,1224,1200
559 100 1080,552,1224,1200
560 100 1080,552,1224,1200
561 100 1080,552,1224,1224
562 100 1080,552,1224,1224
563 100 1080,552,1224,1224
564 100 1080,552,1224,1224
565 100 1080,552,1224,1224
566 100 1080,552,1224,1224
567 100 1080,552,1224,1224
568 100 1080,552,1224,1224
569 100 1080,552,1224,1224
570 100 1080,552,1224,1224
571 100 1080,552,1224,1224
572 100 1080,552,1224,1224
573 100 1080,552,1224,1224
574 100 1080,552,1224,1224
575 100 1080,552,1224,1224
576 100 1080,552,1224,1224
577 100 1080,552,1224,1224
578 100 1080,552,1224,1224
579 100 1080,552,1224,1224
580 100 1080,552,1224,1224
581 100 1080,552,1224,1224
582 100 1080,552,1224,1224
583 100 1080,552,1224,1224
584 100 1080,552,1224,1224
585 100 1080,552,1224,1224
586 100 1080,552,1224,1224
587 100 1080,552,1224,1224
588 100 1080,552,1224,1224
589 100 1080,552,1224,1224
590 100 1080,552,1224,1224
591 100 1080,552,1224,1224
592 100 1080,552,1224,1224
593 100 1080,552,1224,1224
594 100 1080,552,1224,1224
595 100 1080,552,1224,1224
596 100 1080,552,1224,1224
597 100 1080,576,1224,1200
598 100 1080,576,1224,1200
599 100 1104,576,1224,1200
600 100 1104,576,1224,1200
601 100 1104,576,1224,1200
602 100 1104,576,1224,1200
603 100 1152,576,1224,1200
604 100 1152,576,1224,1200
605 100 1200,576,1224,1224
606 100 1248,576,1224,1224
607 100 1320,600,1224,1200
608 100 1320,600,1224,1200
609 100 1392,600,1224,1200
610 100 1392,600,1224,1200
611 100 1464,600,1224,1224
612 100 1464,600,1224,1224
613 100 1512,600,1224,1224
614 100 1512,600,1224,1224
615 100 1584,600,1224,1224
616 100 1584,600,1224,1224
617 100 1632,600,1224,1224
618 100 1680,600,1224,1224
619 100 1728,600,1224,1200
620 100 1728,600,1224,1200
621 100 1752,600,1224,1200
622 100 1752,600,1224,1200
623 100 1800,600,1224,1200
624 100 1800,600,1224,1200
625 100 1824,600,1224,1200
626 100 1824,600,1224,1200
627 100 1848,600,1224,1200
628 100 1848,600,1224,1200
629 100 1872,600,1224,1200
630 100 1872,600,1224,1200
631 100 1896,600,1224,1200
632 100 1920,600,1224,1200
633 100 1944,576,1224,1224
634 100 1944,576,1224,1224
635 100 1944,576,1224,1224
636 100 1944,576,1224,1224
637 100 1968,576,1224,1200
638 100 1968,576,1224,1200
639 100 1992,576,1224,1200
640 100 1992,576,1224,1200
641 100 2016,576,1224,1200
642 100 2016,576,1224,1200
643 100 2016,576,1224,1200
644 100 2040,576,1224,1200
645 100 2040,576,1224,1200
646 100 2040,576,1224,1200
647 100 2064,576,1224,1200
648 100 2064,576,1224,1200
649 100 2064,576,1224,1200
650 100 2064,576,1224,1200
651 100 2064,576,1224,1200
652 100 2064,576,1224,1200
653 100 2088,576,1224,1200
654 100 2088,552,1224,1224
655 100 2088,552,1224,1224
656 100 2112,576,1224,1200
657 100 2112,576,1224,1200
658 100 2112,576,1224,1200
659 100 2112,552,1224,1224
660 100 2112,552,1224,1224
661 100 2112,552,1224,1224
662 100 2112,552,1224,1224
663 100 2112,552,1224,1224
664 100 2112,552,1224,1224
665 100 2136,552,1224,1224
666 100 2136,552,1224,1224
667 100 2136,552,1224,1224
668 100 2160,552,1224,1224
669 100 2184,552,1224,1200
670 100 2184,552,1224,1200
671 100 2208,552,1224,1200
672 100 2208,552,1224,1200
673 100 2256,552,1224,1200
674 100 2256,552,1224,1200
675 100 2328,528,1224,1224
676 100 2328,528,1224,1224
677 100 2328,528,1224,1224
678 100 2400,528,1224,1224
679 100 2400,528,1224,1224
680 100 2424,528,1224,1200
681 100 2424,528,1224,1200
682 100 2424,528,1224,1200
683 100 2424,528,1224,1200
684 100 2448,528,1224,1200
685 100 2448,528,1224,1200
686 100 2448,528,1224,1200
687 100 2448,528,1224,1224
688 100 2448,528,1224,1224
689 100 2448,528,1224,1224
690 100 2448,528,1224,1224
691 100 2448,528,1224,1200
692 100 2424,528,1224,1200
693 100 2424,528,1224,1200
694 100 2424,528,1224,1200
695 100 2400,528,1224,1224
696 100 2400,528,1224,1224
697 100 2352,552,1224,1200
698 100 2352,552,1224,1200
699 100 2328,552,1224,1200
700 100 2328,552,1224,1200
701 100 2256,552,1224,1200
702 100 2256,552,1224,1200
703 100 2184,552,1224,1200
704 100 2112,552,1224,1200
705 100 2112,552,1224,1200
706 100 2040,552,1224,1200
707 100 1944,552,1224,1200
708 100 1944,552,1224,1200
709 100 1848,528,1224,1224
710 100 1848,528,1224,1224
711 100 1752,528,1224,1224
712 100 1752,528,1224,1224
713 100 1752,528,1224,1224
714 100 1632,528,1224,1224
715 100 1632,528,1224,1224
716 100 1632,528,1224,1224
717 100 1584,528,1224,1224
718 100 1536,552,1224,1200
719 100 1536,552,1224,1200
720 100 1488,552,1224,1200
721 100 1488,552,1224,1200
722 100 1488,552,1224,1200
723 100 1440,552,1224,1200
724 100 1440,552,1224,1200
725 100 1440,552,1224,1200
726 100 1392,528,1224,1224
727 100 1392,528,1224,1224
728 100 1392,528,1224,1224
729 100 1368,528,1224,1200
730 100 1344,528,1224,1200
731 100 1344,528,1224,1200
732 100 1320,528,1224,1200
733 100 1320,528,1224,1200
734 100 1320,528,1224,1200
735 100 1296,528,1224,1200
736 100 1296,528,1224,1200
737 100 1296,528,1224,1200
738 100 1272,528,1224,1200
739 100 1272,528,1224,1200
740 100 1272,528,1224,1200
741 100 1272,528,1224,1200
742 100 1272,528,1224,1224
743 100 1272,528,1224,1224
744 100 1248,528,1224,1224
745 100 1248,528,1224,1224
746 100 1248,528,1224,1224
747 100 1224,552,1224,1200
748 100 1224,552,1224,1200
749 100 1224,552,1224,1200
750 100 1224,552,1224,1200
751 100 1200,552,1224,1200
752 100 1200,552,1224,1200
753 100 1176,552,1224,1200
754 100 1152,552,1224,1200
755 100 1152,552,1224,1200
756 100 1128,552,1224,1200
757 100 1128,552,1224,1200
758 100 1128,552,1224,1200
759 100 1056,552,1224,1200
760 100 1056,552,1224,1200
761 100 1056,552,1224,1200
762 100 984,576,1224,1200
763 100 984,576,1224,1200
764 100 984,576,1224,1200
765 100 960,576,1224,1200
766 100 936,576,1224,1200
767 100 936,576,1224,1200
768 100 936,552,1224,1224
769 100 936,552,1224,1224
770 100 936,552,1224,1224
771 100 864,552,1224,1224
772 100 864,552,1224,1224
773 100 864,552,1224,1224
774 100 792,600,1224,1200
775 100 792,600,1224,1200
776 100 792,600,1224,1200
777 100 744,600,1224,1200
778 100 696,600,1224,1200
779 100 696,600,1224,1200
780 100 672,600,1224,1200
781 100 672,600,1224,1200
782 100 672,600,1224,1200
783 100 600,600,1224,1200
784 100 600,600,1224,1200
785 100 600,600,1224,1200
786 100 576,600,1224,1200
787 100 576,600,1224,1200
788 100 576,600,1224,1200
789 100 552,600,1224,1200
790 100 528,600,1224,1200
791 100 528,600,1224,1200
792 100 528,600,1224,1224
793 100 528,600,1224,1224
794 100 504,600,1224,1224
795 100 504,600,1224,1224
796 100 480,600,1224,1200
797 100 432,600,1224,1200
798 100 432,600,1224,1200
799 100 384,600,1224,1200
800 100 384,600,1224,1200
801 100 336,600,1224,1224
802 100 288,600,1224,1224
803 100 288,600,1224,1224
804 100 264,600,1224,1200
805 100 264,600,1224,1200
806 100 240,576,1224,1224
807 100 264,576,1224,1224
808 100 264,576,1224,1224
809 100 264,576,1224,1224
810 100 264,576,1224,1224
811 100 264,576,1224,1224
812 100 312,624,1224,1200
813 100 312,624,1224,1200
814 100 336,624,1224,1224
815 100 336,624,1224,1224
816 100 336,648,1224,1224
817 100 336,648,1224,1224
818 100 336,648,1224,1224
819 100 360,696,1224,1224
820 100 360,696,1224,1224
821 100 360,696,1224,1224
822 100 408,744,1224,1200
823 100 408,744,1224,1200
824 100 408,744,1224,1200
825 100 432,744,1224,1200
826 100 456,744,1224,1200
827 100 456,744,1224,1200
828 100 456,744,1224,1200
829 100 432,744,1224,1200
830 100 432,744,1224,1200
831 100 432,744,1224,1200
832 100 432,744,1224,1200
833 100 408,768,1224,1200
834 100 408,768,1224,1224
835 100 408,768,1224,1224
836 100 384,768,1224,1200
837 100 384,768,1224,1200
838 100 384,744,1224,1224
839 100 360,768,1224,1200
840 100 360,768,1224,1200
841 100 336,768,1224,1200
842 100 336,768,1224,1200
843 100 312,768,1224,1200
844 100 288,744,1224,1224
845 100 288,744,1224,1224
846 100 288,744,1224,1200
847 100 288,744,1224,1200
848 100 264,720,1224,1224
849 100 264,720,1224,1224
850 100 240,720,1224,1200
851 100 216,720,1224,1200
852 100 216,720,1224,1200
853 100 192,720,1224,1224
854 100 192,720,1224,1224
855 100 192,720,1224,1200
856 100 168,744,1224,1200
857 100 168,744,1224,1200
858 100 144,768,1224,1200
859 100 144,768,1224,1200
860 100 120,768,1224,1200
861 100 120,768,1224,1200
862 100 96,768,1224,1200
863 100 96,768,1224,1200
864 100 96,768,1224,1200
865 100 72,768,1224,1200
866 100 72,768,1224,1200
867 100 72,768,1224,1200
868 100 48,744,1224,1224
869 100 48,744,1224,1224
870 100 24,720,1224,1224
871 100 24,720,1224,1224
872 100 24,672,1224,1200
873 100 24,576,1224,1200
874 100 24,576,1224,1200
875 100 0,528,1224,1200
876 100 0,528,1224,1200
877 100 0,504,1224,1200
878 100 0,504,1224,1200
879 100 0,504,1224,1224
880 100 0,504,1224,1224
881 100 0,504,1224,1224
882 100 0,504,1224,1224
883 100 0,504,1224,1224
884 100 0,528,1224,1200
885 100 0,528,1224,1200
886 100 0,528,1224,1200
887 100 0,528,1224,1200
888 100 0,528,1224,1200
889 100 0,528,1224,1224
890 100 0,528,1224,1224
891 100 0,528,1224,1224
892 100 24,552,1224,1224
893 100 24,552,1224,1224
894 100 0,552,1224,1224
895 100 0,552,1224,1224
896 100 0,576,1224,1200
897 100 0,552,1224,1200
898 100 0,552,1224,1200
899 100 24,528,1224,1200
900 100 24,528,1224,1200
901 100 48,528,1224,1200
902 100 48,528,1224,1200
903 100 24,504,1224,1200
904 100 0,480,1224,1224
905 100 0,480,1224,1224
906 100 0,504,1224,1200
907 100 0,504,1224,1200
908 100 0,480,1224,1200
909 100 0,480,1224,1200
910 100 0,456,1224,1224
911 100 0,480,1224,1224
912 100 0,480,1224,1224
913 100 24,480,1224,1224
914 100 24,480,1224,1224
915 100 0,480,1224,1224
916 100 24,504,1224,1200
917 100 24,504,1224,1200
918 100 0,504,1224,1200
919 100 0,504,1224,1200
920 100 24,504,1224,1224
921 100 0,504,1224,1224
922 100 0,504,1224,1224
923 100 0,504,1224,1200
924 100 0,504,1224,1200
925 100 72,504,1224,1200
926 100 72,504,1224,1200
927 100 72,504,1224,1200
928 100 72,504,1224,1200
929 100 72,504,1224,1200
930 100 0,504,1224,1200
931 100 0,504,1224,1200
932 100 120,504,1224,1224
933 100 48,504,1224,1224
934 100 48,504,1224,1224
935 100 3480,528,1224,1200
936 100 3480,528,1224,1200
937 100 3480,528,1224,1200
938 100 3480,528,1224,1200
939 100 3480,528,1224,1200
940 100 3432,528,1224,1200
941 100 3432,528,1224,1200
942 100 3432,528,1224,1200
943 100 3432,528,1224,1200
944 100 3696,528,1224,1224
945 100 3624,528,1224,1224
946 100 3528,528,1224,1224
947 100 3408,552,1224,1200
948 100 3408,552,1224,1200
949 100 3384,552,1224,1200
950 100 3384,552,1224,1200
951 100 3456,552,1224,1200
952 100 3720,528,1224,1224
953 100 3720,528,1224,1224
954 100 3456,528,1224,1200
955 100 3456,528,1224,1200
956 100 3480,504,1224,1200
957 100 3576,456,1224,1224
958 100 3576,456,1224,1224
959 100 3552,408,1224,1224
960 100 3552,408,1224,1224
961 100 3408,384,1224,1200
962 100 3408,384,1224,1200
963 100 3384,360,1224,1200
964 100 3384,336,1224,1200
965 100 3384,336,1224,1200
966 100 3384,312,1224,1200
967 100 3384,312,1224,1200
968 100 3360,288,1224,1200
969 100 3576,264,1224,1224
970 100 3576,264,1224,1224
971 100 3360,264,1224,1200
972 100 3360,264,1224,1200
973 100 3456,288,1224,1200
974 100 3456,288,1224,1200
975 100 3456,312,1224,1200
976 100 3432,336,1224,1200
977 100 3432,336,1224,1200
978 100 3528,360,1224,1200
979 100 3528,360,1224,1200
980 100 0,360,1224,1224
981 100 24,384,1224,1224
982 100 0,384,1224,1224
983 100 3576,408,1224,1200
984 100 3576,408,1224,1200
985 100 24,432,1224,1200
986 100 24,432,1224,1200
987 100 96,432,1224,1224
988 100 120,432,1224,1224
989 100 120,432,1224,1224
990 100 96,432,1224,1224
991 100 96,432,1224,1224
992 100 72,456,1224,1200
993 100 0,456,1224,1224
994 100 0,456,1224,1224
995 100 0,480,1224,1200
996 100 0,480,1224,1200
997 100 0,480,1224,1200
998 100 0,480,1224,1200
999 100 48,480,1224,1224
1000 100 24,480,1224,1224
1001 100 24,480,1224,1224
1002 100 48,480,1224,1224
1003 100 48,480,1224,1224
1004 100 0,480,1224,1200
1005 100 0,456,1224,1224
1006 100 0,456,1224,1224
1007 100 48,456,1224,1200
1008 100 48,456,1224,1200
1009 100 24,456,1224,1200
1010 100 24,456,1224,1200
1011 100 24,456,1224,1224
1012 100 48,480,1224,1200
1013 100 48,480,1224,1200
1014 100 48,480,1224,1200
1015 100 48,480,1224,1200
1016 100 24,480,1224,1224
1017 100 24,504,1224,1200
1018 100 24,504,1224,1200
1019 100 48,504,1224,1200
1020 100 48,504,1224,1200
1021 100 48,480,1224,1224
1022 100 48,480,1224,1224
1023 100 24,480,1224,1200
1024 100 0,480,1224,1224
1025 100 0,480,1224,1224
1026 100 0,504,1224,1200
1027 100 0,504,1224,1200
1028 100 24,480,1224,1200
1029 100 24,480,1224,1200
1030 100 24,456,1224,1224
1031 100 24,480,1224,1200
1032 100 24,480,1224,1200
1033 100 24,456,1224,1224
1034 100 24,456,1224,1224
1035 100 0,456,1224,1224
1036 100 0,456,1224,1200
1037 100 0,456,1224,1200
1038 100 24,456,1224,1200
1039 100 24,456,1224,1200
1040 100 0,456,1224,1200
1041 100 0,432,1224,1224
1042 100 0,432,1224,1224
1043 100 0,432,1224,1224
1044 100 0,432,1224,1224
1045 100 0,432,1224,1200
1046 100 0,432,1224,1200
1047 100 24,432,1224,1200
1048 100 48,408,1224,1224
1049 100 48,408,1224,1224
1050 100 48,408,1224,1224
1051 100 48,408,1224,1224
1052 100 48,408,1224,1200
1053 100 48,408,1224,1200
1054 100 48,408,1224,1200
1055 100 48,408,1224,1200
1056 100 72,408,1224,1200
1057 100 72,408,1224,1200
1058 100 48,384,1224,1224
1059 100 48,384,1224,1200
1060 100 48,384,1224,1200
1061 100 48,384,1224,1200
1062 100 48,384,1224,1200
1063 100 48,384,1224,1200
1064 100 48,384,1224,1200
1065 100 72,384,1224,1200
1066 100 72,384,1224,1200
1067 100 72,384,1224,1224
1068 100 72,384,1224,1224
1069 100 96,408,1224,1200
1070 100 96,408,1224,1200
1071 100 96,408,1224,1200
1072 100 96,408,1224,1200
1073 100 96,408,1224,1200
1074 100 96,408,1224,1200
1075 100 120,408,1224,1200
1076 100 120,408,1224,1200
1077 100 120,408,1224,1200
1078 100 120,408,1224,1200
1079 100 144,408,1224,1200
1080 100 144,408,1224,1200
1081 100 144,408,1224,1200
1082 100 168,408,1224,1200
1083 100 168,408,1224,1200
1084 100 168,408,1224,1200
1085 100 168,408,1224,1200
1086 100 168,408,1224,1224
1087 100 168,408,1224,1224
1088 100 192,408,1224,1224
1089 100 192,408,1224,1224
1090 100 192,432,1224,1200
1091 100 192,432,1224,1200
1092 100 216,432,1224,1200
1093 100 216,432,1224,1200
1094 100 216,432,1224,1200
1095 100 240,432,1224,1200
1096 100 240,432,1224,1224
1097 100 240,432,1224,1224
1098 100 240,456,1224,1200
1099 100 240,456,1224,1200
1100 100 264,456,1224,1200
1101 100 264,456,1224,1200
1102 100 264,456,1224,1200
1103 100 264,456,1224,1200
1104 100 264,456,1224,1200
1105 100 240,456,1224,1200
1106 100 240,456,1224,1224
1107 100 240,456,1224,1224
1108 100 264,480,1224,1200
1109 100 264,480,1224,1200
1110 100 264,480,1224,1200
1111 100 264,480,1224,1200
1112 100 264,480,1224,1200
1113 100 264,480,1224,1200
1114 100 264,480,1224,1200
1115 100 264,504,1224,1200
1116 100 264,504,1224,1200
1117 100 264,504,1224,1200
1118 100 264,504,1224,1200
1119 100 264,528,1224,1200
1120 100 264,528,1224,1200
1121 100 264,528,1224,1200
1122 100 288,528,1224,1200
1123 100 288,528,1224,1200
1124 100 288,528,1224,1200
1125 100 288,528,1224,1200
1126 100 288,528,1224,1200
1127 100 288,528,1224,1200
1128 100 288,528,1224,1200
1129 100 288,528,1224,1200
1130 100 288,528,1224,1200
1131 100 288,528,1224,1200
1132 100 288,528,1224,1200
1133 100 288,528,1224,1224
1134 100 264,528,1224,1224
1135 100 288,528,1224,1224
1136 100 288,528,1224,1224
1137 100 288,552,1224,1200
1138 100 288,552,1224,1200
1139 100 288,528,1224,1224
1140 100 288,528,1224,1224
1141 100 288,528,1224,1224
1142 100 288,528,1224,1224
1143 100 288,528,1224,1224
1144 100 288,528,1224,1224
1145 100 288,528,1224,1224
1146 100 312,528,1224,1224
1147 100 312,528,1224,1224
1148 100 312,528,1224,1224
1149 100 312,552,1224,1200
1150 100 312,552,1224,1200
1151 100 312,552,1224,1200
1152 100 312,552,1224,1200
1153 100 312,552,1224,1200
1154 100 312,552,1224,1200
1155 100 312,552,1224,1200
1156 100 312,552,1224,1200
1157 100 312,552,1224,1200
1158 100 312,552,1224,1200
1159 100 312,552,1224,1200
1160 100 312,552,1224,1200
1161 100 312,552,1224,1200
1162 100 312,552,1224,1200
1163 100 312,552,1224,1200
1164 100 312,552,1224,1200
1165 100 312,552,1224,1200
1166 100 312,552,1224,1200
1167 100 312,552,1224,1200
1168 100 312,552,1224,1200
1169 100 312,552,1224,1200
1170 100 312,552,1224,1200
1171 100 312,552,1224,1200
1172 100 312,552,1224,1200
1173 100 312,552,1224,1200
1174 100 312,552,1224,1200
1175 100 312,552,1224,1200
1176 100 312,552,1224,1200
1177 100 336,552,1224,1200
1178 100 336,552,1224,1200
1179 100 336,552,1224,1200
1180 100 336,552,1224,1200
1181 100 336,552,1224,1200
1182 100 336,552,1224,1200
1183 100 336,552,1224,1200
1184 100 336,552,1224,1200
1185 100 336,552,1224,1200
1186 100 336,552,1224,1200
1187 100 336,552,1224,1200
1188 100 336,552,1224,1200
1189 100 336,552,1224,1200
1190 100 336,552,1224,1200
1191 100 336,552,1224,1200
1192 100 336,552,1224,1200
1193 100 336,552,1224,1200
1194 100 336,552,1224,1200
1195 100 360,552,1224,1200
1196 100 360,552,1224,1200
1197 100 360,552,1224,1200
1198 100 360,552,1224,1200
1199 100 360,552,1224,1200
1200 100 360,552,1224,1200
1201 100 360,552,1224,1200
1202 100 360,552,1224,1200
1203 100 360,552,1224,1200
1204 100 360,552,1224,1200
1205 100 360,552,1224,1200
1206 100 360,552,1224,1200
1207 100 360,552,1224,1200
1208 100 360,552,1224,1200
1209 100 360,552,1224,1200
1210 100 360,552,1224,1200
1211 100 360,552,1224,1200
1212 100 360,552,1224,1200
1213 100 360,552,1224,1200
1214 100 360,552,1224,1200
1215 100 360,552,1224,1200
1216 100 360,552,1224,1200
1217 100 360,552,1224,1200
1218 100 360,552,1224,1200
1219 100 360,552,1224,1200
1220 100 360,552,1224,1200
1221 100 360,552,1224,1200
1222 100 360,552,1224,1200
1223 100 360,552,1224,1200
1224 100 360,552,1224,1200
1225 100 360,552,1224,1200
1226 100 360,552,1224,1200
1227 100 360,552,1224,1200
1228 100 360,552,1224,1200
1229 100 360,552,1224,1200
1230 100 360,552,1224,1200
1231 100 360,552,1224,1200
1232 100 360,552,1224,1200
1233 100 360,552,1224,1200
1234 100 360,552,1224,1200
1235 100 360,552,1224,1200
1236 100 360,552,1224,1200
1237 100 360,552,1224,1200
1238 100 360,552,1224,1200
1239 100 360,552,1224,1200
1240 100 336,552,1224,1200
1241 100 336,552,1224,1200
1242 100 336,552,1224,1200
1243 100 336,552,1224,1200
1244 100 336,552,1224,1200
1245 100 336,552,1224,1200
1246 100 336,552,1224,1200
1247 100 336,552,1224,1200
1248 100 336,552,1224,1200
1249 100 336,552,1224,1200
1250 100 336,552,1224,1200
1251 100 336,552,1224,1200
1252 100 312,552,1224,1200
1253 100 312,552,1224,1200
1254 100 312,552,1224,1200
1255 100 312,552,1224,1200
1256 100 312,552,1224,1224
1257 100 312,552,1224,1224
1258 100 312,552,1224,1224
1259 100 312,552,1224,1224
1260 100 288,576,1224,1200
1261 100 288,576,1224,1200
1262 100 288,576,1224,1200
1263 100 288,576,1224,1200
1264 100 288,552,1224,1224
1265 100 288,552,1224,1224
1266 100 288,552,1224,1224
1267 100 288,552,1224,1224
1268 100 264,552,1224,1224
1269 100 264,552,1224,1224
1270 100 264,576,1224,1200
1271 100 264,576,1224,1200
1272 100 240,576,1224,1200
1273 100 240,576,1224,1200
1274 100 192,576,1224,1200
1275 100 192,576,1224,1200
1276 100 168,600,1224,1200
1277 100 144,600,1224,1200
1278 100 144,600,1224,1200
1279 100 144,600,1224,1200
1280 100 120,600,1224,1200
1281 100 120,600,1224,1200
1282 100 96,600,1224,1200
1283 100 96,600,1224,1200
1284 100 48,600,1224,1224
1285 100 48,600,1224,1224
1286 100 0,600,1224,1224
1287 100 0,600,1224,1224
1288 100 0,600,1224,1200
1289 100 0,600,1224,1200
1290 100 24,600,1224,1200
1291 100 24,600,1224,1200
1292 100 24,600,1224,1200
1293 100 24,600,1224,1200
1294 100 24,576,1224,1200
1295 100 24,576,1224,1200
1296 100 24,576,1224,1200
1297 100 96,552,1224,1200
1298 100 96,552,1224,1200
1299 100 72,552,1224,1200
1300 100 72,552,1224,1200
1301 100 0,528,1224,1200
1302 100 0,528,1224,1200
1303 100 3456,504,1224,1200
1304 100 3456,504,1224,1200
1305 100 3456,504,1224,1200
1306 100 3600,456,1224,1224
1307 100 3600,456,1224,1224
1308 100 3456,456,1224,1200
1309 100 3456,456,1224,1200
1310 100 3576,432,1224,1224
1311 100 3576,432,1224,1224
1312 100 3384,432,1224,1224
1313 100 3336,432,1224,1224
1314 100 3336,432,1224,1224
1315 100 3264,456,1224,1200
1316 100 3336,456,1224,1224
1317 100 3336,456,1224,1224
1318 100 3216,480,1224,1200
1319 100 3216,480,1224,1200
1320 100 3168,480,1224,1224
1321 100 3168,480,1224,1224
1322 100 3096,504,1224,1200
1323 100 3096,504,1224,1200
1324 100 3144,504,1224,1224
1325 100 3096,528,1224,1200
1326 100 3096,528,1224,1200
1327 100 3024,528,1224,1224
1328 100 3000,528,1224,1224
1329 100 3000,528,1224,1224
1330 100 3000,552,1224,1200
1331 100 3000,552,1224,1200
1332 100 2976,552,1224,1200
1333 100 2976,552,1224,1200
1334 100 3024,552,1224,1224
1335 100 3024,552,1224,1224
1336 100 2928,552,1224,1224
1337 100 2976,576,1224,1200
1338 100 2904,576,1224,1200
1339 100 2904,576,1224,1200
1340 100 2952,576,1224,1200
1341 100 2952,576,1224,1200
1342 100 2928,576,1224,1224
1343 100 2928,576,1224,1224
1344 100 3000,600,1224,1200
1345 100 3000,600,1224,1200
1346 100 2952,600,1224,1200
1347 100 2952,600,1224,1200
1348 100 3048,600,1224,1200
1349 100 3096,600,1224,1200
1350 100 3120,600,1224,1200
1351 100 3120,600,1224,1200
1352 100 3120,600,1224,1200
1353 100 3120,600,1224,1200
1354 100 3072,600,1224,1200
1355 100 3072,600,1224,1200
1356 100 3144,600,1224,1224
1357 100 3144,600,1224,1224
1358 100 3144,600,1224,1224
1359 100 3168,624,1224,1224
1360 100 3168,624,1224,1224
1361 100 3288,624,1224,1200
1362 100 3288,624,1224,1200
1363 100 3240,624,1224,1200
1364 100 3240,624,1224,1200
1365 100 3384,624,1224,1200
1366 100 3360,624,1224,1224
1367 100 3360,624,1224,1224
1368 100 3408,576,1224,1200
1369 100 3576,528,1224,1200
1370 100 3576,528,1224,1200
1371 100 3576,504,1224,1200
1372 100 3576,504,1224,1200
1373 100 3576,504,1224,1200
1374 100 3576,504,1224,1200
1375 100 3504,504,1224,1200
1376 100 3504,504,1224,1200
1377 100 3672,504,1224,1224
1378 100 3408,528,1224,1200
1379 100 3408,528,1224,1200
1380 100 3648,528,1224,1224
1381 100 3384,528,1224,1224
1382 100 3384,528,1224,1224
1383 100 3384,528,1224,1224
1384 100 3408,528,1224,1200
1385 100 3408,528,1224,1200
1386 100 3432,528,1224,1200
1387 100 3432,528,1224,1200
1388 100 3432,528,1224,1200
1389 100 3432,528,1224,1200
1390 100 3552,528,1224,1200
1391 100 3552,528,1224,1200
1392 100 3552,528,1224,1200
1393 100 3384,504,1224,1200
1394 100 3384,504,1224,1200
1395 100 3384,504,1224,1200
1396 100 3648,504,1224,1224
1397 100 3600,504,1224,1224
1398 100 3600,504,1224,1224
1399 100 3480,528,1224,1200
1400 100 3480,528,1224,1200
1401 100 3480,528,1224,1200
1402 100 0,552,1224,1224
1403 100 0,552,1224,1224
1404 100 3408,552,1224,1200
1405 100 3408,552,1224,1200
1406 100 24,552,1224,1224
1407 100 24,552,1224,1224
1408 100 24,552,1224,1224
1409 100 0,552,1224,1224
1410 100 0,552,1224,1224
1411 100 3456,576,1224,1200
1412 100 3456,576,1224,1200
1413 100 3456,576,1224,1200
1414 100 3384,576,1224,1200
1415 100 3384,576,1224,1200
1416 100 0,576,1224,1224
1417 100 0,576,1224,1224
1418 100 3528,600,1224,1200
1419 100 3528,600,1224,1200
1420 100 3528,600,1224,1200
1421 100 3480,600,1224,1200
1422 100 3480,600,1224,1200
1423 100 3480,600,1224,1200
1424 100 3504,600,1224,1200
1425 100 3504,600,1224,1200
1426 100 3480,600,1224,1200
1427 100 3480,600,1224,1200
1428 100 3456,600,1224,1200
1429 100 3408,600,1224,1200
1430 100 3408,600,1224,1200
1431 100 3360,600,1224,1200
1432 100 3360,600,1224,1200
1433 100 3360,600,1224,1200
1434 100 3384,600,1224,1200
1435 100 3384,600,1224,1200
1436 100 3384,600,1224,1200
1437 100 96,600,1224,1224
1438 100 96,600,1224,1224
1439 100 96,600,1224,1224
1440 100 72,600,1224,1224
1441 100 48,600,1224,1224
1442 100 48,600,1224,1224
1443 100 3480,624,1224,1200
1444 100 3480,624,1224,1200
1445 100 3480,624,1224,1200
1446 100 3360,624,1224,1200
1447 100 3360,624,1224,1200
1448 100 3360,624,1224,1200
1449 100 0,624,1224,1224
1450 100 0,624,1224,1224
1451 100 0,624,1224,1224
1452 100 48,624,1224,1224
1453 100 3408,624,1224,1200
1454 100 3408,624,1224,1200
1455 100 3432,624,1224,1200
1456 100 3432,624,1224,1200
1457 100 3432,624,1224,1200
1458 100 3552,624,1224,1200
1459 100 3552,624,1224,1200
1460 100 3552,624,1224,1200
1461 100 3504,624,1224,1200
1462 100 3504,624,1224,1200
1463 100 3504,624,1224,1200
1464 100 0,600,1224,1224
1465 100 3384,600,1224,1200
1466 100 3384,600,1224,1200
1467 100 3480,600,1224,1200
1468 100 3480,600,1224,1200
1469 100 3480,600,1224,1200
1470 100 3432,576,1224,1200
1471 100 3432,576,1224,1200
1472 100 3432,576,1224,1200
1473 100 3576,552,1224,1200
1474 100 3576,552,1224,1200
1475 100 3576,552,1224,1200
1476 100 3432,528,1224,1200
1477 100 3432,528,1224,1200
1478 100 3432,528,1224,1200
1479 100 3576,528,1224,1200
1480 100 3408,504,1224,1200
1481 100 3408,504,1224,1200
1482 100 3480,504,1224,1200
1483 100 3480,504,1224,1200
1484 100 3480,504,1224,1200
1485 100 3456,480,1224,1200
1486 100 3456,480,1224,1200
1487 100 3456,480,1224,1200
1488 100 3576,480,1224,1200
1489 100 3576,480,1224,1200
1490 100 3576,480,1224,1200
1491 100 3408,456,1224,1200
1492 100 3480,456,1224,1200
1493 100 3480,456,1224,1200
1494 100 3456,456,1224,1200
1495 100 3456,456,1224,1200
1496 100 3456,456,1224,1200
1497 100 3432,456,1224,1200
1498 100 3432,456,1224,1200
1499 100 3432,456,1224,1200
1500 100 3384,456,1224,1200
1501 100 3384,456,1224,1200
1502 100 3360,456,1224,1224
1503 100 3360,456,1224,1224
1504 100 3384,456,1224,1224
1505 100 3384,456,1224,1224
1506 100 3384,456,1224,1224
1507 100 3288,456,1224,1200
1508 100 3288,456,1224,1200
1509 100 3360,432,1224,1224
1510 100 3360,432,1224,1224
1511 100 3360,432,1224,1224
1512 100 3192,432,1224,1224
1513 100 3192,432,1224,1224
1514 100 3192,432,1224,1224
1515 100 3192,432,1224,1224
1516 100 3096,456,1224,1200
1517 100 3096,456,1224,1200
1518 100 3024,456,1224,1224
1519 100 3024,480,1224,1200
1520 100 3024,480,1224,1200
1521 100 2976,480,1224,1200
1522 100 2976,480,1224,1200
1523 100 2928,480,1224,1200
1524 100 2928,480,1224,1200
1525 100 2928,480,1224,1200
1526 100 2832,480,1224,1200
1527 100 2832,480,1224,1200
1528 100 2808,480,1224,1200
1529 100 2808,480,1224,1200
1530 100 2760,480,1224,1200
1531 100 2712,504,1224,1200
1532 100 2712,504,1224,1200
1533 100 2688,504,1224,1200
1534 100 2688,504,1224,1200
1535 100 2664,504,1224,1200
1536 100 2640,504,1224,1224
1537 100 2640,504,1224,1224
1538 100 2640,504,1224,1224
1539 100 2640,504,1224,1224
1540 100 2616,504,1224,1224
1541 100 2616,504,1224,1224
1542 100 2616,504,1224,1224
1543 100 2616,528,1224,1200
1544 100 2616,528,1224,1200
1545 100 2616,528,1224,1200
1546 100 2616,528,1224,1200
1547 100 2616,528,1224,1224
1548 100 2616,552,1224,1200
1549 100 2616,552,1224,1200
1550 100 2616,552,1224,1200
1551 100 2616,552,1224,1200
1552 100 2616,552,1224,1224
1553 100 2616,552,1224,1224
1554 100 2616,552,1224,1224
1555 100 2616,552,1224,1224
1556 100 2616,552,1224,1224
1557 100 2616,552,1224,1224
1558 100 2616,552,1224,1224
1559 100 2616,552,1224,1224
1560 100 2616,576,1224,1200
1561 100 2616,576,1224,1200
1562 100 2616,576,1224,1200
1563 100 2616,576,1224,1200
1564 100 2616,576,1224,1200
1565 100 2616,552,1224,1224
1566 100 2616,552,1224,1224
1567 100 2640,552,1224,1200
1568 100 2640,552,1224,1200
1569 100 2640,528,1224,1224
1570 100 2664,528,1224,1200
1571 100 2664,528,1224,1200
1572 100 2664,528,1224,1200
1573 100 2664,528,1224,1200
1574 100 2712,528,1224,1200
1575 100 2712,528,1224,1200
1576 100 2736,528,1224,1224
1577 100 2736,528,1224,1224
1578 100 2736,528,1224,1224
1579 100 2760,528,1224,1224
1580 100 2760,528,1224,1224
1581 100 2760,552,1224,1200
1582 100 2760,552,1224,1200
1583 100 2760,552,1224,1200
1584 100 2832,528,1224,1224
1585 100 2832,528,1224,1224
1586 100 2856,528,1224,1224
1587 100 2856,528,1224,1224
1588 100 2856,528,1224,1224
1589 100 2856,528,1224,1224
1590 100 2856,528,1224,1224
1591 100 2952,528,1224,1224
1592 100 2952,528,1224,1224
1593 100 2952,528,1224,1224
1594 100 2952,528,1224,1224
1595 100 2952,528,1224,1224
1596 100 2952,528,1224,1224
1597 100 2952,528,1224,1224
1598 100 3048,528,1224,1224
1599 100 3048,528,1224,1224
1600 100 3048,528,1224,1224
1601 100 3048,528,1224,1224
1602 100 3048,528,1224,1224
1603 100 3168,528,1224,1224
1604 100 3168,528,1224,1224
1605 100 3096,528,1224,1200
1606 100 3120,528,1224,1200
1607 100 3120,528,1224,1200
1608 100 3168,504,1224,1224
1609 100 3168,504,1224,1224
1610 100 3192,504,1224,1200
1611 100 3264,504,1224,1200
1612 100 3264,504,1224,1200
1613 100 3336,480,1224,1224
1614 100 3336,480,1224,1224
1615 100 3384,480,1224,1200
1616 100 3456,480,1224,1200
1617 100 3456,480,1224,1200
1618 100 3456,480,1224,1200
1619 100 3456,480,1224,1200
1620 100 3480,480,1224,1200
1621 100 3480,480,1224,1200
1622 100 3552,480,1224,1200
1623 100 3384,456,1224,1224
1624 100 3384,456,1224,1224
1625 100 3504,456,1224,1200
1626 100 3504,456,1224,1200
1627 100 3720,432,1224,1224
1628 100 3432,432,1224,1200
1629 100 3432,432,1224,1200
1630 100 3504,432,1224,1200
1631 100 3504,432,1224,1200
1632 100 3672,408,1224,1224
1633 100 3672,408,1224,1224
1634 100 3432,408,1224,1200
1635 100 3504,408,1224,1200
1636 100 3504,408,1224,1200
1637 100 96,384,1224,1224
1638 100 96,384,1224,1224
1639 100 3408,384,1224,1200
1640 100 0,384,1224,1224
1641 100 0,384,1224,1224
1642 100 24,384,1224,1224
1643 100 24,384,1224,1224
1644 100 72,384,1224,1224
1645 100 48,408,1224,1200
1646 100 48,408,1224,1200
1647 100 24,432,1224,1200
1648 100 24,432,1224,1200
1649 100 0,408,1224,1224
1650 100 0,408,1224,1224
1651 100 24,432,1224,1200
1652 100 24,432,1224,1200
1653 100 24,432,1224,1200
1654 100 24,432,1224,1200
1655 100 24,432,1224,1200
1656 100 0,432,1224,1200
1657 100 0,432,1224,1200
1658 100 0,432,1224,1200
1659 100 0,432,1224,1200
1660 100 0,432,1224,1200
1661 100 0,432,1224,1200
1662 100 0,432,1224,1200
1663 100 0,432,1224,1200
1664 100 24,432,1224,1224
1665 100 24,432,1224,1224
1666 100 48,456,1224,1200
1667 100 48,456,1224,1200
1668 100 72,456,1224,1200
1669 100 120,456,1224,1224
1670 100 120,456,1224,1224
1671 100 144,480,1224,1200
1672 100 144,480,1224,1200
1673 100 168,480,1224,1200
1674 100 168,480,1224,1200
1675 100 192,480,1224,1200
1676 100 216,480,1224,1200
1677 100 216,480,1224,1200
1678 100 264,480,1224,1200
1679 100 264,480,1224,1200
1680 100 288,480,1224,1200
1681 100 312,480,1224,1200
1682 100 312,480,1224,1200
1683 100 360,480,1224,1200
1684 100 360,480,1224,1200
1685 100 384,480,1224,1200
1686 100 384,480,1224,1200
1687 100 408,480,1224,1200
1688 100 432,480,1224,1200
1689 100 432,480,1224,1200
1690 100 456,456,1224,1224
1691 100 456,456,1224,1224
1692 100 480,456,1224,1224
1693 100 504,480,1224,1200
1694 100 504,480,1224,1200
1695 100 528,480,1224,1200
1696 100 528,480,1224,1200
1697 100 552,480,1224,1200
1698 100 552,480,1224,1200
1699 100 576,480,1224,1200
1700 100 600,480,1224,1200
1701 100 600,480,1224,1200
1702 100 624,480,1224,1200
1703 100 624,480,1224,1200
1704 100 672,480,1224,1200
1705 100 696,480,1224,1224
1706 100 696,480,1224,1224
1707 100 720,480,1224,1200
1708 100 720,480,1224,1200
1709 100 744,480,1224,1200
1710 100 744,480,1224,1200
1711 100 744,480,1224,1224
1712 100 768,480,1224,1200
1713 100 768,480,1224,1200
1714 100 792,480,1224,1200
1715 100 792,480,1224,1200
1716 100 816,480,1224,1224
1717 100 816,504,1224,1200
1718 100 816,504,1224,1200
1719 100 840,504,1224,1224
1720 100 840,504,1224,1224
1721 100 864,528,1224,1200
1722 100 864,528,1224,1200
1723 100 912,528,1224,1200
1724 100 936,528,1224,1200
1725 100 936,528,1224,1200
1726 100 984,504,1224,1224
1727 100 984,504,1224,1224
1728 100 1032,504,1224,1224
1729 100 1056,504,1224,1224
1730 100 1056,504,1224,1224
1731 100 1080,528,1224,1200
1732 100 1080,528,1224,1200
1733 100 1104,528,1224,1200
1734 100 1104,528,1224,1200
1735 100 1128,528,1224,1200
1736 100 1128,528,1224,1200
1737 100 1128,528,1224,1200
1738 100 1128,528,1224,1200
1739 100 1152,504,1224,1224
1740 100 1176,504,1224,1224
1741 100 1176,504,1224,1200
1742 100 1176,504,1224,1200
1743 100 1200,504,1224,1200
1744 100 1200,504,1224,1200
1745 100 1200,480,1224,1224
1746 100 1200,480,1224,1224
1747 100 1200,480,1224,1200
1748 100 1200,480,1224,1200
1749 100 1224,480,1224,1200
1750 100 1224,480,1224,1224
1751 100 1224,480,1224,1224
1752 100 1224,480,1224,1224
1753 100 1224,480,1224,1224
1754 100 1248,480,1224,1224
1755 100 1248,480,1224,1224
1756 100 1248,480,1224,1224
1757 100 1248,480,1224,1224
1758 100 1248,480,1224,1224
1759 100 1248,480,1224,1224
1760 100 1248,480,1224,1224
1761 100 1248,480,1224,1224
1762 100 1248,480,1224,1224
1763 100 1248,480,1224,1224
1764 100 1248,480,1224,1224
1765 100 1248,504,1224,1200
1766 100 1248,504,1224,1200
1767 100 1248,504,1224,1200
1768 100 1248,504,1224,1200
1769 100 1272,504,1224,1200
1770 100 1272,504,1224,1200
1771 100 1272,504,1224,1200
1772 100 1272,504,1224,1200
1773 100 1272,504,1224,1200
1774 100 1272,504,1224,1200
1775 100 1272,504,1224,1200
1776 100 1272,504,1224,1200
1777 100 1272,504,1224,1200
1778 100 1272,504,1224,1200
1779 100 1272,504,1224,1200
1780 100 1272,504,1224,1200
1781 100 1272,504,1224,1200
1782 100 1272,504,1224,1200
1783 100 1272,504,1224,1200
1784 100 1272,504,1224,1200
1785 100 1272,504,1224,1200
1786 100 1272,480,1224,1224
1787 100 1272,504,1224,1200
1788 100 1272,504,1224,1200
1789 100 1272,504,1224,1200
1790 100 1272,504,1224,1200
1791 100 1272,480,1224,1224
1792 100 1272,480,1224,1224
1793 100 1272,480,1224,1224
1794 100 1272,480,1224,1224
1795 100 1272,480,1224,1224
1796 100 1272,480,1224,1224
1797 100 1272,480,1224,1224
1798 100 1272,480,1224,1224
1799 100 1272,480,1224,1224
1800 100 1272,480,1224,1224
1801 100 1272,504,1224,1200
1802 100 1272,504,1224,1200
1803 100 1272,504,1224,1200
1804 100 1272,504,1224,1200
1805 100 1272,504,1224,1200
1806 100 1272,504,1224,1200
1807 100 1272,504,1224,1200
1808 100 1272,504,1224,1200
1809 100 1248,504,1224,1200
1810 100 1248,504,1224,1200
1811 100 1272,480,1224,1224
1812 100 1272,480,1224,1224
1813 100 1272,480,1224,1224
1814 100 1272,480,1224,1224
1815 100 1272,480,1224,1200
1816 100 1272,480,1224,1200
1817 100 1272,480,1224,1200
1818 100 1272,480,1224,1200
1819 100 1272,480,1224,1200
1820 100 1248,480,1224,1200
1821 100 1248,480,1224,1200
1822 100 1248,480,1224,1200
1823 100 1248,480,1224,1200
1824 100 1248,480,1224,1200
1825 100 1224,456,1224,1224
1826 100 1224,456,1224,1224
1827 100 1200,456,1224,1200
1828 100 1200,456,1224,1200
1829 100 1176,432,1224,1224
1830 100 1128,432,1224,1200
1831 100 1104,432,1224,1200
1832 100 1104,432,1224,1200
1833 100 1056,408,1224,1224
1834 100 1056,408,1224,1224
1835 100 1032,408,1224,1200
1836 100 1032,408,1224,1200
1837 100 1008,384,1224,1224
1838 100 1008,384,1224,1224
1839 100 960,384,1224,1200
1840 100 936,360,1224,1224
1841 100 936,360,1224,1224
1842 100 912,360,1224,1200
1843 100 888,336,1224,1224
1844 100 888,336,1224,1224
1845 100 864,336,1224,1200
1846 100 864,336,1224,1200
1847 100 864,336,1224,1200
1848 100 840,336,1224,1200
1849 100 840,336,1224,1200
1850 100 840,336,1224,1200
1851 100 840,336,1224,1200
1852 100 840,336,1224,1200
1853 100 840,336,1224,1200
1854 100 840,336,1224,1200
1855 100 840,336,1224,1200
1856 100 840,336,1224,1224
1857 100 840,336,1224,1224
1858 100 840,360,1224,1200
1859 100 840,360,1224,1200
1860 100 840,360,1224,1200
1861 100 840,360,1224,1200
1862 100 840,360,1224,1200
1863 100 840,360,1224,1200
1864 100 840,360,1224,1200
1865 100 840,360,1224,1200
1866 100 840,360,1224,1200
1867 100 840,360,1224,1200
1868 100 840,360,1224,1200
1869 100 840,360,1224,1200
1870 100 840,360,1224,1200
1871 100 840,360,1224,1200
1872 100 840,360,1224,1200
1873 100 840,360,1224,1200
1874 100 840,360,1224,1224
1875 100 840,360,1224,1224
1876 100 840,384,1224,1200
1877 100 840,384,1224,1200
1878 100 840,384,1224,1200
1879 100 840,384,1224,1200
1880 100 864,384,1224,1224
1881 100 864,384,1224,1224
1882 100 840,408,1224,1200
1883 100 840,408,1224,1200
1884 100 840,408,1224,1200
1885 100 840,408,1224,1200
1886 100 840,408,1224,1200
1887 100 840,432,1224,1200
1888 100 840,432,1224,1200
1889 100 840,432,1224,1224
1890 100 840,432,1224,1224
1891 100 840,456,1224,1200
1892 100 840,456,1224,1200
1893 100 840,456,1224,1224
1894 100 864,480,1224,1200
1895 100 864,480,1224,1200
1896 100 864,480,1224,1224
1897 100 864,480,1224,1224
1898 100 864,504,1224,1200
1899 100 864,504,1224,1200
1900 100 864,528,1224,1200
1901 100 840,528,1224,1224
1902 100 840,528,1224,1224
1903 100 840,552,1224,1200
1904 100 816,576,1224,1200
1905 100 816,576,1224,1200
1906 100 792,600,1224,1200
1907 100 792,600,1224,1200
1908 100 792,600,1224,1224
1909 100 792,600,1224,1224
1910 100 768,624,1224,1200
1911 100 768,624,1224,1200
1912 100 744,648,1224,1200
1913 100 744,648,1224,1200
1914 100 744,648,1224,1200
1915 100 720,648,1224,1200
1916 100 720,648,1224,1200
1917 100 720,648,1224,1200
1918 100 720,648,1224,1224
1919 100 720,648,1224,1224
1920 100 696,648,1224,1224
1921 100 696,648,1224,1224
1922 100 672,648,1224,1224
1923 100 648,672,1224,1200
1924 100 648,672,1224,1200
1925 100 624,672,1224,1200
1926 100 576,672,1224,1200
1927 100 576,672,1224,1200
1928 100 528,672,1224,1200
1929 100 528,672,1224,1200
1930 100 480,648,1224,1224
1931 100 480,648,1224,1224
1932 100 456,648,1224,1200
1933 100 456,648,1224,1200
1934 100 384,648,1224,1200
1935 100 336,624,1224,1224
1936 100 288,600,1224,1224
1937 100 288,600,1224,1224
1938 100 264,600,1224,1200
1939 100 264,600,1224,1200
1940 100 216,576,1224,1200
1941 100 216,576,1224,1200
1942 100 168,576,1224,1200
1943 100 168,576,1224,1200
1944 100 144,552,1224,1200
1945 100 96,552,1224,1200
1946 100 48,552,1224,1200
1947 100 48,552,1224,1200
1948 100 0,552,1224,1200
1949 100 0,552,1224,1200
1950 100 24,552,1224,1224
1951 100 24,552,1224,1224
1952 100 0,576,1224,1200
1953 100 0,576,1224,1200
1954 100 24,552,1224,1224
1955 100 24,552,1224,1224
1956 100 24,528,1224,1224
1957 100 24,528,1224,1200
1958 100 24,504,1224,1224
1959 100 24,504,1224,1224
1960 100 24,504,1224,1200
1961 100 24,504,1224,1200
1962 100 24,480,1224,1224
1963 100 24,480,1224,1224
1964 100 0,480,1224,1224
1965 100 0,480,1224,1224
1966 100 168,480,1224,1224
1967 100 96,480,1224,1224
1968 100 72,480,1224,1224
1969 100 72,480,1224,1224
1970 100 3408,480,1224,1200
1971 100 3408,480,1224,1200
1972 100 3432,480,1224,1200
1973 100 3432,480,1224,1200
1974 100 3456,480,1224,1200
1975 100 3456,480,1224,1200
1976 100 3408,480,1224,1200
1977 100 3624,480,1224,1224
1978 100 3624,480,1224,1224
1979 100 3480,480,1224,1224
1980 100 3552,504,1224,1224
1981 100 3552,504,1224,1224
1982 100 3336,528,1224,1224
1983 100 3336,528,1224,1224
1984 100 3360,552,1224,1224
1985 100 3360,552,1224,1224
1986 100 3384,576,1224,1200
1987 100 3384,576,1224,1200
1988 100 3432,600,1224,1200
1989 100 3312,600,1224,1224
1990 100 3264,600,1224,1224
1991 100 3264,600,1224,1224
1992 100 3288,600,1224,1224
1993 100 3288,600,1224,1224
1994 100 3264,600,1224,1224
1995 100 3264,600,1224,1224
1996 100 3240,624,1224,1200
1997 100 3240,624,1224,1200
1998 100 3192,624,1224,1224
1999 100 3240,648,1224,1200
2000 100 3240,648,1224,1200
2001 100 3096,648,1224,1224
2002 100 3240,672,1224,1200
2003 100 3240,672,1224,1200
2004 100 3192,672,1224,1200
2005 100 3192,672,1224,1200
2006 100 3120,672,1224,1224
2007 100 3120,672,1224,1224
2008 100 3120,672,1224,1224
2009 100 3168,696,1224,1200
2010 100 3168,696,1224,1200
2011 100 3216,696,1224,1200
2012 100 3216,696,1224,1200
2013 100 3216,696,1224,1200
2014 100 3216,696,1224,1200
2015 100 3168,696,1224,1200
2016 100 3216,720,1224,1200
2017 100 3216,720,1224,1200
2018 100 3216,720,1224,1200
2019 100 3144,696,1224,1224
2020 100 3144,696,1224,1224
2021 100 3216,696,1224,1200
2022 100 3216,696,1224,1200
2023 100 3096,696,1224,1200
2024 100 3096,696,1224,1200
2025 100 3144,672,1224,1224
2026 100 3144,672,1224,1224
2027 100 3168,672,1224,1200
2028 100 3024,672,1224,1200
2029 100 3024,672,1224,1200
2030 100 3072,672,1224,1200
2031 100 3000,648,1224,1224
2032 100 3000,648,1224,1224
2033 100 3000,648,1224,1224
2034 100 3000,648,1224,1224
2035 100 3000,648,1224,1224
2036 100 3000,648,1224,1224
2037 100 2952,648,1224,1200
2038 100 2952,648,1224,1200
2039 100 2880,648,1224,1200
2040 100 2880,648,1224,1200
2041 100 2880,648,1224,1200
2042 100 2808,648,1224,1200
2043 100 2808,648,1224,1200
2044 100 2808,648,1224,1200
2045 100 2736,648,1224,1200
2046 100 2736,648,1224,1200
2047 100 2736,648,1224,1200
2048 100 2736,648,1224,1200
2049 100 2664,648,1224,1200
2050 100 2664,648,1224,1200
2051 100 2712,624,1224,1200
2052 100 2688,624,1224,1200
2053 100 2688,624,1224,1200
2054 100 2640,600,1224,1224
2055 100 2664,600,1224,1200
2056 100 2664,600,1224,1200
2057 100 2640,576,1224,1224
2058 100 2640,576,1224,1224
2059 100 2640,576,1224,1200
2060 100 2640,576,1224,1200
2061 100 2664,552,1224,1200
2062 100 2664,552,1224,1200
2063 100 2664,552,1224,1200
2064 100 2664,528,1224,1224
2065 100 2664,528,1224,1224
2066 100 2664,528,1224,1200
2067 100 2688,504,1224,1224
2068 100 2688,504,1224,1224
2069 100 2688,504,1224,1224
2070 100 2688,504,1224,1224
2071 100 2688,504,1224,1200
2072 100 2688,504,1224,1200
2073 100 2688,504,1224,1200
2074 100 2688,504,1224,1200
2075 100 2712,480,1224,1224
2076 100 2712,480,1224,1224
2077 100 2712,480,1224,1200
2078 100 2712,480,1224,1200
2079 100 2736,480,1224,1200
2080 100 2736,480,1224,1200
2081 100 2736,456,1224,1224
2082 100 2736,456,1224,1224
2083 100 2736,456,1224,1200
2084 100 2736,456,1224,1200
2085 100 2736,456,1224,1200
2086 100 2736,456,1224,1200
2087 100 2736,456,1224,1200
2088 100 2736,456,1224,1200
2089 100 2736,456,1224,1200
2090 100 2712,456,1224,1200
2091 100 2712,456,1224,1200
2092 100 2712,456,1224,1200
2093 100 2736,456,1224,1200
2094 100 2736,456,1224,1200
2095 100 2736,432,1224,1224
2096 100 2736,432,1224,1224
2097 100 2736,432,1224,1200
2098 100 2736,432,1224,1200
