0 100 384,504,1224,1224
1 100 480,456,1224,1200
2 100 480,456,1224,1200
3 100 480,456,1224,1200
4 100 504,456,1224,1200
5 100 504,456,1224,1200
6 100 504,456,1224,1200
7 100 504,456,1224,1224
8 100 504,456,1224,1224
9 100 504,456,1224,1224
10 100 504,456,1224,1224
11 100 504,456,1224,1224
12 100 504,456,1224,1224
13 100 504,456,1224,1224
14 100 504,456,1224,1224
15 100 504,456,1224,1224
16 100 504,456,1224,1200
17 100 504,456,1224,1200
18 100 504,456,1224,1224
19 100 504,456,1224,1224
20 100 504,456,1224,1224
21 100 504,456,1224,1224
22 100 504,456,1224,1224
23 100 504,456,1224,1224
24 100 504,456,1224,1224
25 100 504,456,1224,1224
26 100 504,456,1224,1224
27 100 504,456,1224,1224
28 100 504,456,1224,1224
29 100 504,456,1224,1224
30 100 504,456,1224,1224
31 100 504,456,1224,1224
32 100 504,456,1224,1224
33 100 504,456,1224,1224
34 100 504,456,1224,1224
35 100 504,456,1224,1224
36 100 528,456,1224,1224
37 100 528,456,1224,1224
38 100 528,456,1224,1224
39 100 528,456,1224,1224
40 100 552,456,1224,1224
41 100 552,456,1224,1224
42 100 552,480,1224,1200
43 100 552,480,1224,1200
44 100 552,480,1224,1200
45 100 552,480,1224,1200
46 100 576,480,1224,1200
47 100 576,480,1224,1200
48 100 576,480,1224,1200
49 100 576,480,1224,1200
50 100 600,480,1224,1200
51 100 600,480,1224,1200
52 100 624,480,1224,1200
53 100 624,480,1224,1200
54 100 624,480,1224,1200
55 100 624,480,1224,1200
56 100 624,480,1224,1200
57 100 648,480,1224,1224
58 100 648,480,1224,1224
59 100 648,480,1224,1224
60 100 696,504,1224,1200
61 100 696,504,1224,1200
62 100 696,504,1224,1200
63 100 696,504,1224,1200
64 100 696,504,1224,1200
65 100 696,504,1224,1200
66 100 696,504,1224,1200
67 100 720,504,1224,1200
68 100 720,504,1224,1200
69 100 720,504,1224,1200
70 100 720,504,1224,1200
71 100 720,504,1224,1200
72 100 744,504,1224,1200
73 100 744,504,1224,1200
74 100 720,504,1224,1200
75 100 720,504,1224,1200
76 100 720,504,1224,1200
77 100 720,504,1224,1200
78 100 720,504,1224,1200
79 100 720,504,1224,1200
80 100 720,504,1224,1200
81 100 720,504,1224,1200
82 100 720,504,1224,1200
83 100 720,504,1224,1200
84 100 720,504,1224,1200
85 100 720,504,1224,1200
86 100 720,480,1224,1224
87 100 696,480,1224,1224
88 100 696,480,1224,1224
89 100 696,480,1224,1224
90 100 720,480,1224,1224
91 100 720,480,1224,1224
92 100 720,480,1224,1224
93 100 720,504,1224,1200
94 100 720,504,1224,1200
95 100 744,504,1224,1200
96 100 744,504,1224,1200
97 100 768,504,1224,1200
98 100 768,504,1224,1200
99 100 792,504,1224,1200
100 100 792,504,1224,1200
101 100 792,504,1224,1200
102 100 792,504,1224,1200
103 100 792,504,1224,1200
104 100 792,504,1224,1200
105 100 792,504,1224,1200
106 100 792,504,1224,1200
107 100 792,504,1224,1200
108 100 768,504,1224,1200
109 100 768,504,1224,1200
110 100 768,504,1224,1200
111 100 768,504,1224,1200
112 100 792,504,1224,1200
113 100 792,504,1224,1200
114 100 792,504,1224,1200
115 100 816,504,1224,1200
116 100 816,504,1224,1200
117 100 816,504,1224,1224
118 100 816,504,1224,1224
119 100 816,504,1224,1224
120 100 792,504,1224,1224
121 100 792,504,1224,1224
122 100 816,504,1224,1224
123 100 816,504,1224,1224
124 100 816,528,1224,1200
125 100 816,528,1224,1200
126 100 816,528,1224,1200
127 100 816,528,1224,1200
128 100 816,528,1224,1200
129 100 816,528,1224,1200
130 100 840,528,1224,1200
131 100 840,528,1224,1200
132 100 840,528,1224,1200
133 100 840,528,1224,1200
134 100 840,528,1224,1200
135 100 888,528,1224,1200
136 100 888,528,1224,1200
137 100 912,528,1224,1200
138 100 912,528,1224,1200
139 100 912,528,1224,1200
140 100 912,528,1224,1200
141 100 936,528,1224,1200
142 100 936,528,1224,1200
143 100 936,528,1224,1200
144 100 960,528,1224,1200
145 100 984,528,1224,1200
146 100 984,528,1224,1200
147 100 1008,528,1224,1200
148 100 1008,528,1224,1200
149 100 1008,528,1224,1200
150 100 1056,528,1224,1200
151 100 1056,528,1224,1200
152 100 1056,528,1224,1200
153 100 1104,504,1224,1224
154 100 1104,504,1224,1224
155 100 1104,504,1224,1224
156 100 1128,504,1224,1224
157 100 1128,504,1224,1224
158 100 1128,504,1224,1224
159 100 1152,504,1224,1224
160 100 1152,504,1224,1224
161 100 1152,504,1224,1224
162 100 1176,504,1224,1224
163 100 1176,504,1224,1224
164 100 1176,504,1224,1224
165 100 1200,528,1224,1200
166 100 1200,528,1224,1200
167 100 1200,528,1224,1200
168 100 1200,528,1224,1200
169 100 1224,528,1224,1200
170 100 1224,528,1224,1200
171 100 1224,528,1224,1200
172 100 1224,528,1224,1200
173 100 1224,528,1224,1200
174 100 1224,528,1224,1200
175 100 1224,528,1224,1200
176 100 1224,528,1224,1200
177 100 1224,528,1224,1200
178 100 1248,528,1224,1200
179 100 1248,528,1224,1200
180 100 1248,528,1224,1200
181 100 1248,528,1224,1200
182 100 1272,504,1224,1224
183 100 1272,504,1224,1224
184 100 1272,504,1224,1224
185 100 1272,504,1224,1224
186 100 1272,504,1224,1224
187 100 1272,504,1224,1224
188 100 1272,504,1224,1224
189 100 1272,504,1224,1224
190 100 1272,504,1224,1224
191 100 1296,504,1224,1224
192 100 1296,504,1224,1224
193 100 1296,504,1224,1224
194 100 1296,504,1224,1224
195 100 1296,504,1224,1224
196 100 1296,504,1224,1224
197 100 1296,504,1224,1224
198 100 1296,504,1224,1224
199 100 1272,504,1224,1200
200 100 1272,504,1224,1200
201 100 1272,504,1224,1200
202 100 1272,504,1224,1200
203 100 1272,504,1224,1200
204 100 1272,504,1224,1224
205 100 1272,504,1224,1224
206 100 1272,504,1224,1224
207 100 1272,504,1224,1224
208 100 1272,504,1224,1224
209 100 1272,504,1224,1224
210 100 1272,504,1224,1200
211 100 1272,504,1224,1200
212 100 1272,504,1224,1200
213 100 1272,504,1224,1200
214 100 1272,504,1224,1200
215 100 1272,504,1224,1200
216 100 1272,504,1224,1200
217 100 1272,504,1224,1200
218 100 1248,504,1224,1200
219 100 1248,504,1224,1200
220 100 1248,504,1224,1200
221 100 1248,504,1224,1200
222 100 1224,504,1224,1200
223 100 1224,504,1224,1200
224 100 1224,504,1224,1224
225 100 1224,504,1224,1224
226 100 1224,504,1224,1224
227 100 1224,504,1224,1224
228 100 1224,504,1224,1224
229 100 1224,504,1224,1224
230 100 1224,504,1224,1224
231 100 1224,504,1224,1224
232 100 1224,504,1224,1224
233 100 1224,504,1224,1224
234 100 1224,504,1224,1224
235 100 1224,504,1224,1224
236 100 1224,504,1224,1224
237 100 1224,504,1224,1224
238 100 1224,504,1224,1224
239 100 1200,504,1224,1224
240 100 1200,504,1224,1224
241 100 1200,504,1224,1224
242 100 1200,504,1224,1224
243 100 1176,528,1224,1200
244 100 1176,528,1224,1200
245 100 1152,528,1224,1200
246 100 1128,528,1224,1200
247 100 1128,528,1224,1200
248 100 1128,528,1224,1200
249 100 1104,528,1224,1200
250 100 1080,528,1224,1200
251 100 1080,528,1224,1200
252 100 1056,528,1224,1200
253 100 1032,528,1224,1200
254 100 1008,528,1224,1200
255 100 1008,528,1224,1200
256 100 960,528,1224,1200
257 100 960,528,1224,1200
258 100 960,528,1224,1200
259 100 936,528,1224,1200
260 100 936,528,1224,1200
261 100 912,504,1224,1224
262 100 888,504,1224,1224
263 100 888,504,1224,1224
264 100 888,504,1224,1224
265 100 864,504,1224,1200
266 100 864,504,1224,1200
267 100 864,504,1224,1200
268 100 840,504,1224,1200
269 100 840,504,1224,1200
270 100 816,504,1224,1200
271 100 792,504,1224,1200
272 100 792,504,1224,1200
273 100 792,504,1224,1200
274 100 792,504,1224,1200
275 100 768,504,1224,1200
276 100 768,504,1224,1200
277 100 768,504,1224,1200
278 100 768,504,1224,1200
279 100 792,504,1224,1200
280 100 792,504,1224,1200
281 100 792,504,1224,1200
282 100 792,504,1224,1200
283 100 792,504,1224,1200
284 100 792,480,1224,1224
285 100 792,504,1224,1200
286 100 792,504,1224,1200
287 100 792,504,1224,1200
288 100 792,504,1224,1200
289 100 792,504,1224,1200
290 100 792,504,1224,1200
291 100 792,504,1224,1200
292 100 792,504,1224,1200
293 100 792,504,1224,1200
294 100 792,504,1224,1200
295 100 792,504,1224,1200
296 100 792,504,1224,1200
297 100 792,504,1224,1200
298 100 792,504,1224,1200
299 100 816,504,1224,1200
300 100 816,504,1224,1200
301 100 816,504,1224,1200
302 100 816,504,1224,1200
303 100 864,504,1224,1200
304 100 864,504,1224,1200
305 100 864,504,1224,1200
306 100 912,504,1224,1200
307 100 912,504,1224,1200
308 100 936,504,1224,1200
309 100 936,504,1224,1200
310 100 936,504,1224,1200
311 100 960,504,1224,1200
312 100 960,504,1224,1200
313 100 960,504,1224,1200
314 100 1008,504,1224,1200
315 100 1008,504,1224,1200
316 100 1032,504,1224,1200
317 100 1032,504,1224,1200
318 100 1080,504,1224,1200
319 100 1080,504,1224,1200
320 100 1080,504,1224,1200
321 100 1104,504,1224,1200
322 100 1104,504,1224,1200
323 100 1128,504,1224,1200
324 100 1128,504,1224,1224
325 100 1128,504,1224,1224
326 100 1128,504,1224,1224
327 100 1128,504,1224,1224
328 100 1128,504,1224,1224
329 100 1152,504,1224,1200
330 100 1152,504,1224,1200
331 100 1152,504,1224,1200
332 100 1152,504,1224,1200
333 100 1152,504,1224,1200
334 100 1152,504,1224,1200
335 100 1152,504,1224,1200
336 100 1152,504,1224,1200
337 100 1176,504,1224,1200
338 100 1176,504,1224,1200
339 100 1176,504,1224,1200
340 100 1200,504,1224,1200
341 100 1200,504,1224,1200
342 100 1200,504,1224,1200
343 100 1200,504,1224,1200
344 100 1200,504,1224,1200
345 100 1224,504,1224,1200
346 100 1224,504,1224,1200
347 100 1224,504,1224,1200
348 100 1224,504,1224,1200
349 100 1224,504,1224,1200
350 100 1224,504,1224,1200
351 100 1224,504,1224,1200
352 100 1224,504,1224,1200
353 100 1224,504,1224,1200
354 100 1224,504,1224,1200
355 100 1224,504,1224,1200
356 100 1224,504,1224,1200
357 100 1224,504,1224,1200
358 100 1224,504,1224,1200
359 100 1224,504,1224,1224
360 100 1224,504,1224,1224
361 100 1224,504,1224,1224
362 100 1224,504,1224,1224
363 100 1224,504,1224,1224
364 100 1224,504,1224,1224
365 100 1224,504,1224,1224
366 100 1224,504,1224,1200
367 100 1224,504,1224,1200
368 100 1224,504,1224,1200
369 100 1248,504,1224,1200
370 100 1248,504,1224,1200
371 100 1248,504,1224,1200
372 100 1248,504,1224,1200
373 100 1248,504,1224,1200
374 100 1248,504,1224,1200
375 100 1272,504,1224,1200
376 100 1272,504,1224,1200
377 100 1272,504,1224,1200
378 100 1272,504,1224,1200
379 100 1296,504,1224,1200
380 100 1296,504,1224,1200
381 100 1320,504,1224,1200
382 100 1320,504,1224,1200
383 100 1320,504,1224,1200
384 100 1344,504,1224,1200
385 100 1344,504,1224,1200
386 100 1344,504,1224,1200
387 100 1344,504,1224,1200
388 100 1368,504,1224,1200
389 100 1368,504,1224,1200
390 100 1392,504,1224,1200
391 100 1392,504,1224,1200
392 100 1392,504,1224,1200
393 100 1392,504,1224,1200
394 100 1416,504,1224,1200
395 100 1416,504,1224,1200
396 100 1416,504,1224,1200
397 100 1440,504,1224,1224
398 100 1440,504,1224,1224
399 100 1440,504,1224,1224
400 100 1440,504,1224,1224
401 100 1440,504,1224,1224
402 100 1464,504,1224,1224
403 100 1464,504,1224,1224
404 100 1464,504,1224,1224
405 100 1464,504,1224,1224
406 100 1464,504,1224,1224
407 100 1488,504,1224,1224
408 100 1488,504,1224,1224
409 100 1512,528,1224,1200
410 100 1512,528,1224,1200
411 100 1512,528,1224,1200
412 100 1512,528,1224,1200
413 100 1536,504,1224,1224
414 100 1536,504,1224,1224
415 100 1536,504,1224,1224
416 100 1560,504,1224,1224
417 100 1560,504,1224,1224
418 100 1560,504,1224,1224
419 100 1560,504,1224,1224
420 100 1560,504,1224,1200
421 100 1560,504,1224,1200
422 100 1560,504,1224,1200
423 100 1560,504,1224,1200
424 100 1560,504,1224,1200
425 100 1560,504,1224,1200
426 100 1560,504,1224,1200
427 100 1560,504,1224,1200
428 100 1560,504,1224,1200
429 100 1560,504,1224,1224
430 100 1560,504,1224,1224
431 100 1560,504,1224,1200
432 100 1560,504,1224,1200
433 100 1560,504,1224,1200
434 100 1560,504,1224,1200
435 100 1560,504,1224,1200
436 100 1560,504,1224,1200
437 100 1560,504,1224,1200
438 100 1560,504,1224,1200
439 100 1560,504,1224,1200
440 100 1560,504,1224,1200
441 100 1560,504,1224,1224
442 100 1560,504,1224,1224
443 100 1560,504,1224,1224
444 100 1560,504,1224,1224
445 100 1584,504,1224,1224
446 100 1584,504,1224,1224
447 100 1584,504,1224,1224
448 100 1584,504,1224,1224
449 100 1584,504,1224,1224
450 100 1584,504,1224,1224
451 100 1584,504,1224,1224
452 100 1584,504,1224,1224
453 100 1584,504,1224,1224
454 100 1584,504,1224,1224
455 100 1608,504,1224,1200
456 100 1608,504,1224,1200
457 100 1632,504,1224,1200
458 100 1632,504,1224,1200
459 100 1680,504,1224,1224
460 100 1680,504,1224,1224
461 100 1680,504,1224,1224
462 100 1752,504,1224,1224
463 100 1752,504,1224,1224
464 100 1800,528,1224,1200
465 100 1800,528,1224,1200
466 100 1824,528,1224,1224
467 100 1872,528,1224,1224
468 100 1872,528,1224,1224
469 100 1872,528,1224,1224
470 100 1896,528,1224,1224
471 100 1896,528,1224,1224
472 100 1920,528,1224,1224
473 100 1920,528,1224,1224
474 100 1944,528,1224,1224
475 100 1944,528,1224,1224
476 100 1944,528,1224,1224
477 100 1944,528,1224,1224
478 100 1968,528,1224,1224
479 100 1968,528,1224,1224
480 100 2016,552,1224,1200
481 100 2016,552,1224,1200
482 100 2016,552,1224,1200
483 100 2016,552,1224,1224
484 100 2016,552,1224,1224
485 100 2040,552,1224,1224
486 100 2064,552,1224,1224
487 100 2064,552,1224,1224
488 100 2064,552,1224,1224
489 100 2088,552,1224,1224
490 100 2088,552,1224,1224
491 100 2088,552,1224,1224
492 100 2112,552,1224,1224
493 100 2112,552,1224,1224
494 100 2112,552,1224,1224
495 100 2136,552,1224,1224
496 100 2136,552,1224,1200
497 100 2136,552,1224,1200
498 100 2136,552,1224,1200
499 100 2160,552,1224,1200
500 100 2160,552,1224,1200
501 100 2160,552,1224,1200
502 100 2160,552,1224,1200
503 100 2184,552,1224,1224
504 100 2184,552,1224,1224
505 100 2184,552,1224,1224
506 100 2184,552,1224,1224
507 100 2184,552,1224,1224
508 100 2184,552,1224,1224
509 100 2184,552,1224,1224
510 100 2184,552,1224,1224
511 100 2184,552,1224,1224
512 100 2184,552,1224,1224
513 100 2184,552,1224,1224
514 100 2184,552,1224,1224
515 100 2136,552,1224,1200
516 100 2088,528,1224,1224
517 100 2064,528,1224,1224
518 100 2064,528,1224,1224
519 100 2016,528,1224,1224
520 100 2016,528,1224,1224
521 100 1968,528,1224,1224
522 100 1944,528,1224,1224
523 100 1920,528,1224,1224
524 100 1920,528,1224,1224
525 100 1896,528,1224,1224
526 100 1896,528,1224,1224
527 100 1848,528,1224,1224
528 100 1800,528,1224,1224
529 100 1776,528,1224,1224
530 100 1752,528,1224,1224
531 100 1728,528,1224,1224
532 100 1728,528,1224,1224
533 100 1704,528,1224,1224
534 100 1680,528,1224,1224
535 100 1680,528,1224,1224
536 100 1656,528,1224,1224
537 100 1632,528,1224,1200
538 100 1608,528,1224,1200
539 100 1608,528,1224,1200
540 100 1584,504,1224,1224
541 100 1560,504,1224,1224
542 100 1560,504,1224,1224
543 100 1536,504,1224,1224
544 100 1536,504,1224,1224
545 100 1536,504,1224,1224
546 100 1536,504,1224,1224
547 100 1488,504,1224,1224
548 100 1488,504,1224,1224
549 100 1464,504,1224,1224
550 100 1464,504,1224,1224
551 100 1440,504,1224,1224
552 100 1440,504,1224,1224
553 100 1416,504,1224,1224
554 100 1416,504,1224,1224
555 100 1416,504,1224,1224
556 100 1392,504,1224,1224
557 100 1416,504,1224,1224
558 100 1392,504,1224,1224
559 100 1392,504,1224,1224
560 100 1392,504,1224,1224
561 100 1368,504,1224,1224
562 100 1368,504,1224,1224
563 100 1368,504,1224,1224
564 100 1368,504,1224,1224
565 100 1368,504,1224,1224
566 100 1344,504,1224,1224
567 100 1344,504,1224,1224
568 100 1344,504,1224,1224
569 100 1344,504,1224,1224
570 100 1320,504,1224,1224
571 100 1320,504,1224,1224
572 100 1320,504,1224,1224
573 100 1320,504,1224,1224
574 100 1320,504,1224,1224
575 100 1296,504,1224,1224
576 100 1296,504,1224,1224
577 100 1296,504,1224,1224
578 100 1296,504,1224,1224
579 100 1296,504,1224,1224
580 100 1296,504,1224,1224
581 100 1296,504,1224,1224
582 100 1296,504,1224,1224
583 100 1272,504,1224,1224
584 100 1272,504,1224,1224
585 100 1272,504,1224,1224
586 100 1272,504,1224,1224
587 100 1248,504,1224,1224
588 100 1248,504,1224,1200
589 100 1248,504,1224,1200
590 100 1224,504,1224,1200
591 100 1200,504,1224,1200
592 100 1200,504,1224,1200
593 100 1200,504,1224,1200
594 100 1176,504,1224,1200
595 100 1176,504,1224,1200
596 100 1176,504,1224,1200
597 100 1152,504,1224,1200
598 100 1152,480,1224,1224
599 100 1152,480,1224,1224
600 100 1152,480,1224,1224
601 100 1152,480,1224,1224
602 100 1128,480,1224,1224
603 100 1128,480,1224,1224
604 100 1128,480,1224,1224
605 100 1128,480,1224,1224
606 100 1104,480,1224,1224
607 100 1104,480,1224,1224
608 100 1104,480,1224,1224
609 100 1080,480,1224,1224
610 100 1080,480,1224,1224
611 100 1080,480,1224,1224
612 100 1056,480,1224,1224
613 100 1032,480,1224,1224
614 100 1008,480,1224,1224
615 100 1008,480,1224,1224
616 100 984,480,1224,1200
617 100 984,480,1224,1200
618 100 960,480,1224,1200
619 100 960,480,1224,1200
620 100 912,456,1224,1224
621 100 912,456,1224,1224
622 100 888,456,1224,1224
623 100 888,456,1224,1224
624 100 864,456,1224,1224
625 100 864,456,1224,1224
626 100 864,456,1224,1224
627 100 840,456,1224,1224
628 100 840,456,1224,1224
629 100 816,456,1224,1224
630 100 816,456,1224,1224
631 100 816,480,1224,1200
632 100 792,480,1224,1200
633 100 792,480,1224,1200
634 100 792,480,1224,1200
635 100 792,480,1224,1200
636 100 792,480,1224,1200
637 100 768,480,1224,1200
638 100 768,480,1224,1200
639 100 768,480,1224,1200
640 100 768,456,1224,1224
641 100 768,456,1224,1224
642 100 768,456,1224,1224
643 100 768,456,1224,1224
644 100 768,456,1224,1224
645 100 768,456,1224,1224
646 100 768,456,1224,1224
647 100 768,456,1224,1224
648 100 768,456,1224,1224
649 100 792,480,1224,1224
650 100 792,480,1224,1224
651 100 816,480,1224,1224
652 100 816,504,1224,1200
653 100 864,504,1224,1200
654 100 864,504,1224,1200
655 100 912,504,1224,1224
656 100 936,504,1224,1224
657 100 1032,504,1224,1224
658 100 1032,504,1224,1224
659 100 1080,528,1224,1200
660 100 1080,528,1224,1200
661 100 1104,528,1224,1200
662 100 1104,528,1224,1200
663 100 1128,528,1224,1200
664 100 1128,528,1224,1200
665 100 1128,528,1224,1200
666 100 1128,528,1224,1224
667 100 1128,528,1224,1224
668 100 1128,528,1224,1200
669 100 1128,528,1224,1200
670 100 1128,528,1224,1200
671 100 1128,528,1224,1200
672 100 1152,528,1224,1200
673 100 1152,528,1224,1200
674 100 1152,528,1224,1200
675 100 1152,528,1224,1200
676 100 1176,528,1224,1200
677 100 1176,528,1224,1200
678 100 1200,504,1224,1224
679 100 1200,504,1224,1224
680 100 1200,504,1224,1224
681 100 1224,504,1224,1224
682 100 1224,504,1224,1224
683 100 1224,504,1224,1224
684 100 1248,504,1224,1224
685 100 1248,504,1224,1224
686 100 1248,504,1224,1224
687 100 1248,504,1224,1224
688 100 1248,504,1224,1224
689 100 1248,504,1224,1224
690 100 1248,504,1224,1224
691 100 1248,504,1224,1224
692 100 1272,504,1224,1224
693 100 1272,504,1224,1224
694 100 1272,504,1224,1224
695 100 1272,504,1224,1224
696 100 1272,504,1224,1224
697 100 1272,504,1224,1224
698 100 1296,504,1224,1224
699 100 1296,504,1224,1224
700 100 1344,504,1224,1224
701 100 1344,504,1224,1224
702 100 1392,504,1224,1224
703 100 1392,504,1224,1224
704 100 1392,504,1224,1224
705 100 1440,504,1224,1224
706 100 1440,504,1224,1224
707 100 1440,504,1224,1224
708 100 1464,504,1224,1224
709 100 1464,504,1224,1224
710 100 1464,504,1224,1224
711 100 1464,504,1224,1224
712 100 1464,504,1224,1224
713 100 1464,504,1224,1224
714 100 1464,504,1224,1224
715 100 1464,504,1224,1224
716 100 1464,504,1224,1224
717 100 1488,504,1224,1224
718 100 1488,504,1224,1224
719 100 1488,504,1224,1224
720 100 1488,504,1224,1224
721 100 1488,504,1224,1224
722 100 1488,504,1224,1224
723 100 1488,504,1224,1224
724 100 1488,504,1224,1224
725 100 1488,504,1224,1224
726 100 1512,504,1224,1224
727 100 1512,504,1224,1224
728 100 1512,528,1224,1200
729 100 1512,528,1224,1200
730 100 1512,528,1224,1200
731 100 1512,528,1224,1200
732 100 1512,504,1224,1224
733 100 1512,504,1224,1224
734 100 1512,504,1224,1224
735 100 1512,504,1224,1224
736 100 1512,504,1224,1224
737 100 1512,504,1224,1224
738 100 1512,504,1224,1224
739 100 1512,504,1224,1224
740 100 1512,504,1224,1224
741 100 1512,504,1224,1224
742 100 1512,504,1224,1224
743 100 1512,504,1224,1224
744 100 1512,528,1224,1200
745 100 1512,528,1224,1200
746 100 1512,528,1224,1200
747 100 1512,528,1224,1200
748 100 1512,528,1224,1200
749 100 1512,528,1224,1200
750 100 1512,528,1224,1200
751 100 1512,528,1224,1200
752 100 1512,528,1224,1200
753 100 1512,528,1224,1200
754 100 1512,528,1224,1200
755 100 1512,528,1224,1200
756 100 1512,528,1224,1200
757 100 1488,528,1224,1200
758 100 1488,528,1224,1200
759 100 1488,528,1224,1200
760 100 1488,528,1224,1200
761 100 1464,528,1224,1200
762 100 1464,528,1224,1200
763 100 1464,528,1224,1200
764 100 1464,528,1224,1200
765 100 1464,528,1224,1200
766 100 1464,528,1224,1200
767 100 1440,504,1224,1224
768 100 1440,504,1224,1224
769 100 1440,504,1224,1224
770 100 1440,528,1224,1200
771 100 1440,528,1224,1200
772 100 1440,528,1224,1200
773 100 1440,528,1224,1200
774 100 1440,528,1224,1200
775 100 1440,528,1224,1200
776 100 1416,504,1224,1224
777 100 1416,504,1224,1224
778 100 1416,504,1224,1224
779 100 1416,504,1224,1224
780 100 1392,504,1224,1224
781 100 1392,504,1224,1224
782 100 1392,504,1224,1224
783 100 1392,504,1224,1224
784 100 1368,504,1224,1224
785 100 1368,504,1224,1224
786 100 1368,504,1224,1224
787 100 1344,504,1224,1224
788 100 1320,504,1224,1224
789 100 1296,504,1224,1224
790 100 1296,504,1224,1224
791 100 1272,504,1224,1224
792 100 1272,504,1224,1224
793 100 1248,528,1224,1200
794 100 1248,528,1224,1200
795 100 1224,528,1224,1200
796 100 1224,528,1224,1200
797 100 1200,528,1224,1200
798 100 1200,528,1224,1200
799 100 1176,528,1224,1200
800 100 1176,528,1224,1200
801 100 1152,528,1224,1200
802 100 1152,528,1224,1200
803 100 1128,528,1224,1200
804 100 1128,528,1224,1200
805 100 1104,528,1224,1200
806 100 1080,528,1224,1200
807 100 1056,528,1224,1200
808 100 1056,528,1224,1200
809 100 1032,504,1224,1224
810 100 1032,504,1224,1224
811 100 984,504,1224,1224
812 100 984,504,1224,1224
813 100 960,504,1224,1224
814 100 936,504,1224,1224
815 100 936,504,1224,1224
816 100 912,504,1224,1224
817 100 888,504,1224,1224
818 100 888,504,1224,1224
819 100 864,504,1224,1224
820 100 864,504,1224,1224
821 100 864,504,1224,1224
822 100 840,528,1224,1200
823 100 840,528,1224,1200
824 100 840,528,1224,1200
825 100 816,528,1224,1200
826 100 816,528,1224,1224
827 100 792,528,1224,1224
828 100 768,528,1224,1224
829 100 768,528,1224,1224
830 100 768,528,1224,1224
831 100 744,528,1224,1224
832 100 744,528,1224,1224
833 100 744,528,1224,1224
834 100 720,528,1224,1224
835 100 720,528,1224,1224
836 100 720,528,1224,1224
837 100 696,528,1224,1224
838 100 696,528,1224,1224
839 100 696,528,1224,1224
840 100 672,528,1224,1224
841 100 672,528,1224,1224
842 100 672,528,1224,1224
843 100 672,528,1224,1200
844 100 672,504,1224,1224
845 100 672,504,1224,1224
846 100 648,504,1224,1224
847 100 648,504,1224,1224
848 100 648,504,1224,1224
849 100 648,504,1224,1224
850 100 648,504,1224,1224
851 100 648,504,1224,1224
852 100 648,504,1224,1200
853 100 648,504,1224,1200
854 100 648,504,1224,1200
855 100 648,480,1224,1224
856 100 648,480,1224,1224
857 100 648,480,1224,1224
858 100 648,480,1224,1224
859 100 648,480,1224,1224
860 100 648,480,1224,1224
861 100 624,480,1224,1200
862 100 624,480,1224,1200
863 100 624,480,1224,1200
864 100 576,456,1224,1200
865 100 552,456,1224,1200
866 100 552,456,1224,1200
867 100 504,432,1224,1224
868 100 504,432,1224,1224
869 100 504,432,1224,1224
870 100 480,432,1224,1200
871 100 480,432,1224,1200
872 100 480,432,1224,1200
873 100 456,408,1224,1224
874 100 456,408,1224,1224
875 100 456,408,1224,1224
876 100 456,408,1224,1200
877 100 456,408,1224,1200
878 100 456,408,1224,1200
879 100 432,408,1224,1200
880 100 432,408,1224,1200
881 100 432,408,1224,1200
882 100 432,384,1224,1224
883 100 408,384,1224,1200
884 100 408,384,1224,1200
885 100 408,384,1224,1200
886 100 384,360,1224,1224
887 100 360,360,1224,1224
888 100 360,360,1224,1224
889 100 360,360,1224,1224
890 100 360,360,1224,1200
891 100 360,360,1224,1200
892 100 360,360,1224,1200
893 100 360,360,1224,1200
894 100 360,360,1224,1200
895 100 360,360,1224,1200
896 100 360,360,1224,1200
897 100 360,360,1224,1200
898 100 360,360,1224,1200
899 100 360,384,1224,1200
900 100 360,384,1224,1200
901 100 360,384,1224,1200
902 100 384,384,1224,1224
903 100 360,408,1224,1200
904 100 360,408,1224,1200
905 100 360,408,1224,1200
906 100 360,408,1224,1200
907 100 360,408,1224,1200
908 100 360,408,1224,1200
909 100 360,408,1224,1200
910 100 360,408,1224,1200
911 100 360,408,1224,1200
912 100 360,408,1224,1200
913 100 360,408,1224,1200
914 100 336,408,1224,1200
915 100 336,408,1224,1224
916 100 336,408,1224,1224
917 100 336,408,1224,1224
918 100 312,432,1224,1200
919 100 312,432,1224,1200
920 100 288,432,1224,1200
921 100 288,432,1224,1200
922 100 264,432,1224,1200
923 100 264,432,1224,1200
924 100 240,432,1224,1200
925 100 240,432,1224,1200
926 100 240,432,1224,1200
927 100 216,432,1224,1200
928 100 192,432,1224,1200
929 100 192,432,1224,1224
930 100 192,432,1224,1224
931 100 192,432,1224,1224
932 100 192,456,1224,1200
933 100 192,456,1224,1200
934 100 192,456,1224,1200
935 100 168,456,1224,1200
936 100 168,456,1224,1200
937 100 168,456,1224,1200
938 100 192,456,1224,1200
939 100 192,456,1224,1200
940 100 192,456,1224,1200
941 100 192,456,1224,1200
942 100 192,456,1224,1200
943 100 192,456,1224,1200
944 100 192,432,1224,1224
945 100 192,432,1224,1224
946 100 192,432,1224,1224
947 100 192,432,1224,1224
948 100 192,432,1224,1224
949 100 192,432,1224,1224
950 100 192,432,1224,1224
951 100 192,432,1224,1224
952 100 192,432,1224,1224
953 100 192,432,1224,1224
954 100 168,432,1224,1224
955 100 168,432,1224,1224
956 100 168,432,1224,1224
957 100 168,432,1224,1224
958 100 168,432,1224,1224
959 100 168,432,1224,1224
960 100 168,432,1224,1224
961 100 144,432,1224,1224
962 100 144,432,1224,1224
963 100 144,432,1224,1224
964 100 120,432,1224,1200
965 100 120,432,1224,1200
966 100 120,432,1224,1224
967 100 120,432,1224,1224
968 100 120,432,1224,1224
969 100 72,432,1224,1200
970 100 48,432,1224,1200
971 100 48,432,1224,1200
972 100 0,432,1224,1200
973 100 0,432,1224,1200
974 100 0,432,1224,1200
975 100 0,432,1224,1200
976 100 0,432,1224,1200
977 100 0,432,1224,1200
978 100 0,432,1224,1200
979 100 0,432,1224,1200
980 100 0,432,1224,1200
981 100 0,408,1224,1224
982 100 0,408,1224,1224
983 100 0,408,1224,1224
984 100 0,408,1224,1224
985 100 0,408,1224,1224
986 100 0,408,1224,1224
987 100 0,408,1224,1224
988 100 0,408,1224,1200
989 100 0,408,1224,1200
990 100 0,408,1224,1200
991 100 0,408,1224,1200
992 100 0,408,1224,1200
993 100 0,408,1224,1200
994 100 0,408,1224,1200
995 100 0,408,1224,1200
996 100 24,408,1224,1200
997 100 24,408,1224,1200
998 100 24,384,1224,1224
999 100 24,384,1224,1224
1000 100 24,384,1224,1224
1001 100 24,384,1224,1200
1002 100 48,384,1224,1200
1003 100 0,384,1224,1200
1004 100 0,384,1224,1200
1005 100 0,360,1224,1200
1006 100 24,360,1224,1200
1007 100 24,360,1224,1200
1008 100 48,336,1224,1224
1009 100 48,336,1224,1224
1010 100 48,336,1224,1224
1011 100 48,336,1224,1224
1012 100 0,336,1224,1224
1013 100 0,336,1224,1224
1014 100 24,336,1224,1200
1015 100 24,336,1224,1200
1016 100 24,336,1224,1200
1017 100 24,312,1224,1224
1018 100 48,312,1224,1224
1019 100 48,312,1224,1200
1020 100 48,312,1224,1200
1021 100 48,312,1224,1200
1022 100 24,312,1224,1200
1023 100 24,312,1224,1200
1024 100 0,312,1224,1224
1025 100 0,312,1224,1224
1026 100 48,312,1224,1224
1027 100 48,312,1224,1224
1028 100 48,312,1224,1224
1029 100 48,312,1224,1224
1030 100 24,336,1224,1200
1031 100 24,336,1224,1200
1032 100 24,336,1224,1200
1033 100 0,336,1224,1200
1034 100 48,336,1224,1200
1035 100 24,360,1224,1200
1036 100 24,360,1224,1200
1037 100 24,360,1224,1200
1038 100 24,360,1224,1224
1039 100 24,360,1224,1224
1040 100 24,360,1224,1224
1041 100 48,384,1224,1200
1042 100 48,384,1224,1200
1043 100 48,384,1224,1200
1044 100 24,384,1224,1224
1045 100 24,384,1224,1224
1046 100 24,384,1224,1224
1047 100 24,384,1224,1224
1048 100 24,384,1224,1224
1049 100 24,384,1224,1224
1050 100 0,384,1224,1224
1051 100 0,408,1224,1200
1052 100 0,408,1224,1200
1053 100 0,384,1224,1224
1054 100 0,408,1224,1200
1055 100 0,408,1224,1200
1056 100 24,384,1224,1224
1057 100 24,384,1224,1224
1058 100 24,384,1224,1224
1059 100 48,384,1224,1200
1060 100 48,384,1224,1200
1061 100 48,384,1224,1200
1062 100 48,384,1224,1200
1063 100 48,384,1224,1200
1064 100 48,384,1224,1200
1065 100 0,384,1224,1200
1066 100 0,384,1224,1200
1067 100 0,384,1224,1200
1068 100 24,360,1224,1224
1069 100 24,360,1224,1224
1070 100 24,360,1224,1224
1071 100 0,360,1224,1200
1072 100 0,360,1224,1200
1073 100 0,360,1224,1200
1074 100 24,336,1224,1224
1075 100 48,336,1224,1200
1076 100 0,336,1224,1200
1077 100 0,312,1224,1224
1078 100 0,312,1224,1224
1079 100 72,288,1224,1224
1080 100 0,288,1224,1224
1081 100 0,288,1224,1224
1082 100 72,264,1224,1224
1083 100 96,264,1224,1224
1084 100 96,264,1224,1224
1085 100 72,240,1224,1224
1086 100 0,240,1224,1200
1087 100 0,240,1224,1200
1088 100 48,240,1224,1200
1089 100 0,240,1224,1200
1090 100 0,240,1224,1200
1091 100 0,240,1224,1200
1092 100 0,240,1224,1224
1093 100 0,240,1224,1224
1094 100 0,240,1224,1224
1095 100 0,240,1224,1224
1096 100 0,264,1224,1200
1097 100 0,264,1224,1200
1098 100 0,264,1224,1224
1099 100 0,264,1224,1224
1100 100 0,264,1224,1224
1101 100 0,264,1224,1224
1102 100 0,288,1224,1200
1103 100 0,288,1224,1200
1104 100 0,312,1224,1224
1105 100 0,312,1224,1224
1106 100 24,360,1224,1200
1107 100 24,360,1224,1200
1108 100 24,360,1224,1224
1109 100 24,360,1224,1224
1110 100 0,384,1224,1200
1111 100 0,384,1224,1200
1112 100 0,384,1224,1200
1113 100 0,384,1224,1200
1114 100 0,384,1224,1224
1115 100 0,384,1224,1224
1116 100 0,384,1224,1200
1117 100 0,384,1224,1200
1118 100 0,384,1224,1224
1119 100 0,384,1224,1224
1120 100 0,408,1224,1200
1121 100 0,408,1224,1200
1122 100 0,408,1224,1200
1123 100 0,408,1224,1224
1124 100 0,408,1224,1224
1125 100 0,432,1224,1200
1126 100 0,432,1224,1200
1127 100 0,432,1224,1200
1128 100 0,432,1224,1200
1129 100 0,432,1224,1200
1130 100 0,432,1224,1224
1131 100 0,432,1224,1224
1132 100 0,456,1224,1200
1133 100 0,456,1224,1200
1134 100 24,456,1224,1224
1135 100 24,456,1224,1224
1136 100 72,480,1224,1224
1137 100 72,480,1224,1224
1138 100 144,504,1224,1200
1139 100 144,504,1224,1200
1140 100 216,504,1224,1224
1141 100 216,504,1224,1224
1142 100 264,528,1224,1200
1143 100 264,528,1224,1200
1144 100 336,528,1224,1224
1145 100 336,528,1224,1224
1146 100 384,552,1224,1200
1147 100 384,552,1224,1200
1148 100 456,576,1224,1200
1149 100 456,576,1224,1200
1150 100 504,576,1224,1200
1151 100 504,576,1224,1200
1152 100 552,576,1224,1200
1153 100 552,576,1224,1200
1154 100 600,576,1224,1200
1155 100 600,576,1224,1200
1156 100 624,576,1224,1200
1157 100 624,576,1224,1200
1158 100 648,552,1224,1224
1159 100 648,552,1224,1224
1160 100 696,552,1224,1224
1161 100 720,552,1224,1224
1162 100 720,552,1224,1224
1163 100 744,552,1224,1224
1164 100 744,552,1224,1224
1165 100 768,552,1224,1224
1166 100 768,552,1224,1224
1167 100 816,552,1224,1224
1168 100 840,552,1224,1224
1169 100 864,552,1224,1224
1170 100 864,552,1224,1224
1171 100 912,552,1224,1224
1172 100 912,552,1224,1224
1173 100 960,576,1224,1200
1174 100 960,576,1224,1200
1175 100 1008,576,1224,1200
1176 100 1032,576,1224,1200
1177 100 1032,576,1224,1200
1178 100 1056,576,1224,1200
1179 100 1056,576,1224,1200
1180 100 1080,576,1224,1200
1181 100 1104,576,1224,1224
1182 100 1104,576,1224,1224
1183 100 1104,576,1224,1224
1184 100 1128,576,1224,1224
1185 100 1128,576,1224,1224
1186 100 1152,576,1224,1200
1187 100 1152,576,1224,1200
1188 100 1152,576,1224,1200
1189 100 1176,576,1224,1200
1190 100 1176,576,1224,1200
1191 100 1200,552,1224,1224
1192 100 1224,552,1224,1224
1193 100 1224,552,1224,1224
1194 100 1248,552,1224,1224
1195 100 1248,552,1224,1224
1196 100 1272,552,1224,1224
1197 100 1272,576,1224,1200
1198 100 1272,576,1224,1200
1199 100 1296,576,1224,1200
1200 100 1296,576,1224,1200
1201 100 1296,576,1224,1200
1202 100 1296,576,1224,1200
1203 100 1320,576,1224,1200
1204 100 1320,576,1224,1224
1205 100 1320,576,1224,1224
1206 100 1320,576,1224,1224
1207 100 1320,576,1224,1224
1208 100 1320,576,1224,1224
1209 100 1344,576,1224,1200
1210 100 1344,576,1224,1200
1211 100 1344,576,1224,1200
1212 100 1344,576,1224,1200
1213 100 1344,576,1224,1200
1214 100 1344,576,1224,1224
1215 100 1344,600,1224,1200
1216 100 1344,600,1224,1200
1217 100 1344,600,1224,1200
1218 100 1344,600,1224,1200
1219 100 1344,600,1224,1200
1220 100 1344,600,1224,1200
1221 100 1368,600,1224,1200
1222 100 1368,600,1224,1200
1223 100 1368,600,1224,1200
1224 100 1368,600,1224,1200
1225 100 1368,600,1224,1200
1226 100 1368,600,1224,1200
1227 100 1368,600,1224,1200
1228 100 1392,576,1224,1224
1229 100 1392,576,1224,1224
1230 100 1368,576,1224,1224
1231 100 1368,576,1224,1224
1232 100 1368,576,1224,1200
1233 100 1368,576,1224,1200
1234 100 1368,576,1224,1200
1235 100 1368,576,1224,1224
1236 100 1368,576,1224,1224
1237 100 1368,576,1224,1224
1238 100 1368,576,1224,1224
1239 100 1368,576,1224,1224
1240 100 1368,576,1224,1224
1241 100 1368,576,1224,1200
1242 100 1368,576,1224,1200
1243 100 1368,576,1224,1200
1244 100 1392,576,1224,1200
1245 100 1392,576,1224,1200
1246 100 1392,576,1224,1200
1247 100 1392,552,1224,1224
1248 100 1368,552,1224,1224
1249 100 1368,552,1224,1224
1250 100 1344,552,1224,1224
1251 100 1344,552,1224,1224
1252 100 1344,552,1224,1200
1253 100 1344,552,1224,1200
1254 100 1320,552,1224,1200
1255 100 1320,552,1224,1200
1256 100 1320,552,1224,1200
1257 100 1320,552,1224,1200
1258 100 1320,552,1224,1200
1259 100 1296,552,1224,1200
1260 100 1296,552,1224,1200
1261 100 1296,552,1224,1200
1262 100 1296,552,1224,1200
1263 100 1296,552,1224,1200
1264 100 1296,552,1224,1200
1265 100 1272,552,1224,1200
1266 100 1272,552,1224,1200
1267 100 1272,552,1224,1200
1268 100 1272,552,1224,1200
1269 100 1272,528,1224,1224
1270 100 1272,528,1224,1224
1271 100 1248,528,1224,1224
1272 100 1248,528,1224,1200
1273 100 1248,528,1224,1224
1274 100 1248,528,1224,1224
1275 100 1248,528,1224,1224
1276 100 1248,528,1224,1200
1277 100 1248,528,1224,1200
1278 100 1248,528,1224,1200
1279 100 1248,528,1224,1200
1280 100 1248,528,1224,1200
1281 100 1248,528,1224,1200
1282 100 1248,504,1224,1224
1283 100 1248,504,1224,1224
1284 100 1248,504,1224,1224
1285 100 1248,504,1224,1224
1286 100 1248,504,1224,1200
1287 100 1224,504,1224,1200
1288 100 1224,504,1224,1200
1289 100 1224,480,1224,1224
1290 100 1224,480,1224,1200
1291 100 1224,480,1224,1200
1292 100 1200,480,1224,1200
1293 100 1200,456,1224,1224
1294 100 1200,456,1224,1224
1295 100 1200,456,1224,1224
1296 100 1200,456,1224,1224
1297 100 1200,456,1224,1224
1298 100 1200,480,1224,1200
1299 100 1200,480,1224,1200
1300 100 1200,480,1224,1200
1301 100 1176,480,1224,1224
1302 100 1176,480,1224,1224
1303 100 1176,480,1224,1224
1304 100 1176,480,1224,1224
1305 100 1176,504,1224,1200
1306 100 1176,504,1224,1200
1307 100 1176,504,1224,1200
1308 100 1176,504,1224,1200
1309 100 1176,504,1224,1200
1310 100 1176,504,1224,1200
1311 100 1176,504,1224,1200
1312 100 1176,504,1224,1200
1313 100 1176,504,1224,1200
1314 100 1176,504,1224,1200
1315 100 1176,504,1224,1200
1316 100 1176,504,1224,1200
1317 100 1176,504,1224,1200
1318 100 1152,480,1224,1224
1319 100 1152,480,1224,1224
1320 100 1152,480,1224,1224
1321 100 1152,480,1224,1224
1322 100 1128,480,1224,1224
1323 100 1128,480,1224,1224
1324 100 1104,480,1224,1224
1325 100 1080,480,1224,1200
1326 100 1056,480,1224,1200
1327 100 1032,480,1224,1200
1328 100 1008,480,1224,1200
1329 100 984,480,1224,1200
1330 100 936,456,1224,1224
1331 100 936,456,1224,1224
1332 100 912,456,1224,1200
1333 100 912,456,1224,1200
1334 100 888,456,1224,1200
1335 100 864,456,1224,1200
1336 100 864,432,1224,1224
1337 100 864,432,1224,1224
1338 100 864,432,1224,1224
1339 100 840,432,1224,1224
1340 100 840,432,1224,1224
1341 100 840,432,1224,1224
1342 100 840,432,1224,1224
1343 100 840,432,1224,1224
1344 100 840,432,1224,1224
1345 100 816,432,1224,1224
1346 100 816,432,1224,1200
1347 100 792,432,1224,1200
1348 100 792,432,1224,1200
1349 100 768,408,1224,1224
1350 100 744,408,1224,1224
1351 100 720,408,1224,1200
1352 100 696,408,1224,1200
1353 100 696,408,1224,1200
1354 100 696,408,1224,1200
1355 100 672,408,1224,1200
1356 100 672,408,1224,1200
1357 100 696,408,1224,1200
1358 100 696,408,1224,1200
1359 100 696,408,1224,1200
1360 100 696,408,1224,1200
1361 100 720,408,1224,1200
1362 100 720,408,1224,1200
1363 100 696,408,1224,1200
1364 100 696,408,1224,1200
1365 100 696,408,1224,1200
1366 100 696,408,1224,1200
1367 100 696,408,1224,1200
1368 100 696,408,1224,1200
1369 100 696,408,1224,1200
1370 100 696,408,1224,1200
1371 100 696,408,1224,1200
1372 100 696,408,1224,1200
1373 100 696,408,1224,1200
1374 100 696,408,1224,1200
1375 100 696,408,1224,1200
1376 100 696,408,1224,1200
1377 100 696,408,1224,1200
1378 100 696,408,1224,1200
1379 100 696,408,1224,1200
1380 100 696,408,1224,1200
1381 100 696,408,1224,1200
1382 100 696,408,1224,1200
1383 100 696,408,1224,1200
1384 100 696,408,1224,1200
1385 100 672,408,1224,1200
1386 100 672,408,1224,1200
1387 100 672,408,1224,1200
1388 100 672,408,1224,1200
1389 100 672,408,1224,1200
1390 100 696,408,1224,1200
1391 100 696,408,1224,1200
1392 100 696,408,1224,1200
1393 100 696,408,1224,1200
1394 100 696,408,1224,1200
1395 100 696,408,1224,1200
1396 100 696,408,1224,1200
1397 100 696,408,1224,1200
1398 100 696,408,1224,1200
1399 100 696,408,1224,1200
1400 100 696,408,1224,1200
1401 100 696,408,1224,1200
1402 100 696,408,1224,1200
1403 100 696,408,1224,1200
1404 100 696,408,1224,1200
1405 100 696,408,1224,1200
1406 100 696,408,1224,1200
1407 100 696,408,1224,1200
1408 100 696,408,1224,1200
1409 100 696,408,1224,1200
1410 100 696,408,1224,1200
1411 100 696,408,1224,1200
1412 100 696,408,1224,1200
1413 100 696,408,1224,1200
1414 100 696,408,1224,1200
1415 100 696,408,1224,1200
1416 100 720,408,1224,1200
1417 100 720,408,1224,1200
1418 100 720,408,1224,1200
1419 100 720,408,1224,1200
1420 100 744,408,1224,1200
1421 100 744,408,1224,1200
1422 100 768,408,1224,1200
1423 100 768,408,1224,1200
1424 100 792,408,1224,1200
1425 100 792,408,1224,1200
1426 100 816,408,1224,1224
1427 100 816,408,1224,1224
1428 100 864,432,1224,1200
1429 100 864,432,1224,1200
1430 100 912,432,1224,1200
1431 100 912,432,1224,1200
1432 100 960,432,1224,1224
1433 100 960,432,1224,1224
1434 100 984,432,1224,1224
1435 100 1008,456,1224,1200
1436 100 1008,456,1224,1200
1437 100 1032,456,1224,1200
1438 100 1032,456,1224,1200
1439 100 1056,456,1224,1200
1440 100 1056,456,1224,1200
1441 100 1080,456,1224,1200
1442 100 1080,456,1224,1200
1443 100 1080,456,1224,1200
1444 100 1080,456,1224,1200
1445 100 1104,456,1224,1200
1446 100 1104,456,1224,1200
1447 100 1128,456,1224,1224
1448 100 1128,456,1224,1224
1449 100 1152,456,1224,1224
1450 100 1152,456,1224,1224
1451 100 1152,456,1224,1224
1452 100 1176,456,1224,1224
1453 100 1176,456,1224,1224
1454 100 1176,456,1224,1224
1455 100 1176,456,1224,1224
1456 100 1176,456,1224,1224
1457 100 1200,456,1224,1200
1458 100 1200,456,1224,1200
1459 100 1200,456,1224,1200
1460 100 1200,456,1224,1200
1461 100 1200,456,1224,1200
1462 100 1200,456,1224,1200
1463 100 1200,456,1224,1200
1464 100 1200,456,1224,1200
1465 100 1200,432,1224,1224
1466 100 1200,432,1224,1224
1467 100 1200,432,1224,1224
1468 100 1200,432,1224,1224
1469 100 1224,432,1224,1200
1470 100 1224,432,1224,1224
1471 100 1224,432,1224,1224
1472 100 1224,408,1224,1224
1473 100 1224,408,1224,1224
1474 100 1224,408,1224,1224
1475 100 1200,408,1224,1200
1476 100 1200,408,1224,1200
1477 100 1200,408,1224,1200
1478 100 1200,360,1224,1224
1479 100 1200,360,1224,1224
1480 100 1176,360,1224,1200
1481 100 1176,336,1224,1224
1482 100 1176,336,1224,1224
1483 100 1176,312,1224,1224
1484 100 1176,312,1224,1224
1485 100 1176,312,1224,1224
1486 100 1152,288,1224,1224
1487 100 1152,288,1224,1200
1488 100 1128,264,1224,1224
1489 100 1104,240,1224,1224
1490 100 1104,240,1224,1224
1491 100 1104,240,1224,1224
1492 100 1104,240,1224,1224
1493 100 1080,240,1224,1200
1494 100 1080,216,1224,1224
1495 100 1080,216,1224,1200
1496 100 1056,216,1224,1200
1497 100 1056,216,1224,1200
1498 100 1032,192,1224,1200
1499 100 1032,192,1224,1200
1500 100 1032,192,1224,1200
1501 100 1032,192,1224,1200
1502 100 1032,192,1224,1200
1503 100 1008,192,1224,1200
1504 100 1008,192,1224,1200
1505 100 1008,192,1224,1200
1506 100 1032,192,1224,1224
1507 100 1032,192,1224,1224
1508 100 1008,192,1224,1224
1509 100 1008,192,1224,1224
1510 100 1008,192,1224,1224
1511 100 1008,192,1224,1224
1512 100 1008,192,1224,1224
1513 100 1008,216,1224,1200
1514 100 1008,216,1224,1200
1515 100 1008,192,1224,1224
1516 100 984,192,1224,1224
1517 100 984,192,1224,1224
1518 100 984,192,1224,1224
1519 100 984,192,1224,1224
1520 100 984,192,1224,1224
1521 100 984,192,1224,1224
1522 100 984,192,1224,1224
1523 100 984,216,1224,1200
1524 100 984,216,1224,1224
1525 100 984,216,1224,1224
1526 100 984,216,1224,1224
1527 100 984,216,1224,1224
1528 100 1008,240,1224,1200
1529 100 1008,240,1224,1200
1530 100 1008,240,1224,1224
1531 100 1008,240,1224,1224
1532 100 1008,240,1224,1224
1533 100 1032,240,1224,1224
1534 100 1032,240,1224,1224
1535 100 1032,264,1224,1200
1536 100 1032,264,1224,1200
1537 100 1032,264,1224,1200
1538 100 1032,264,1224,1200
1539 100 1032,264,1224,1200
1540 100 1056,264,1224,1224
1541 100 1056,264,1224,1224
1542 100 1056,264,1224,1224
1543 100 1056,264,1224,1224
1544 100 1056,264,1224,1224
1545 100 1056,264,1224,1224
1546 100 1056,264,1224,1224
1547 100 1056,264,1224,1224
1548 100 1056,264,1224,1224
1549 100 1080,288,1224,1200
1550 100 1080,264,1224,1224
1551 100 1080,264,1224,1224
1552 100 1080,264,1224,1224
1553 100 1080,264,1224,1224
1554 100 1080,264,1224,1224
1555 100 1080,264,1224,1224
1556 100 1080,264,1224,1224
1557 100 1080,264,1224,1224
1558 100 1080,264,1224,1224
1559 100 1104,264,1224,1224
1560 100 1104,264,1224,1224
1561 100 1104,264,1224,1224
1562 100 1104,264,1224,1224
1563 100 1104,288,1224,1200
1564 100 1104,288,1224,1200
1565 100 1128,288,1224,1200
1566 100 1128,288,1224,1200
1567 100 1128,288,1224,1200
1568 100 1128,288,1224,1200
1569 100 1128,288,1224,1200
1570 100 1128,288,1224,1200
1571 100 1152,288,1224,1200
1572 100 1152,288,1224,1200
1573 100 1152,288,1224,1200
1574 100 1176,288,1224,1224
1575 100 1176,288,1224,1224
1576 100 1176,288,1224,1224
1577 100 1200,288,1224,1224
1578 100 1224,288,1224,1224
1579 100 1224,288,1224,1224
1580 100 1224,312,1224,1200
1581 100 1248,312,1224,1224
1582 100 1248,312,1224,1224
1583 100 1248,312,1224,1224
1584 100 1248,312,1224,1224
1585 100 1248,312,1224,1224
1586 100 1248,312,1224,1224
1587 100 1272,312,1224,1224
1588 100 1272,312,1224,1224
1589 100 1272,336,1224,1200
1590 100 1296,336,1224,1200
1591 100 1296,336,1224,1200
1592 100 1296,336,1224,1224
1593 100 1320,336,1224,1224
1594 100 1320,336,1224,1224
1595 100 1344,360,1224,1200
1596 100 1344,360,1224,1200
1597 100 1344,360,1224,1200
1598 100 1368,360,1224,1200
1599 100 1368,360,1224,1200
1600 100 1368,360,1224,1200
1601 100 1392,360,1224,1224
1602 100 1392,360,1224,1224
1603 100 1392,360,1224,1224
1604 100 1416,360,1224,1224
1605 100 1416,360,1224,1224
1606 100 1416,360,1224,1224
1607 100 1464,384,1224,1224
1608 100 1464,384,1224,1224
1609 100 1464,384,1224,1224
1610 100 1488,384,1224,1224
1611 100 1488,384,1224,1224
1612 100 1488,384,1224,1224
1613 100 1512,384,1224,1224
1614 100 1512,384,1224,1224
1615 100 1512,384,1224,1224
1616 100 1536,384,1224,1224
1617 100 1536,384,1224,1224
1618 100 1536,384,1224,1224
1619 100 1560,408,1224,1200
1620 100 1584,408,1224,1200
1621 100 1584,408,1224,1200
1622 100 1584,408,1224,1224
1623 100 1584,408,1224,1224
1624 100 1584,408,1224,1224
1625 100 1584,408,1224,1224
1626 100 1608,408,1224,1224
1627 100 1608,408,1224,1224
1628 100 1608,408,1224,1224
1629 100 1608,408,1224,1224
1630 100 1608,408,1224,1224
1631 100 1608,408,1224,1224
1632 100 1608,408,1224,1200
1633 100 1608,408,1224,1224
1634 100 1608,408,1224,1224
1635 100 1608,408,1224,1200
1636 100 1608,408,1224,1200
1637 100 1608,408,1224,1224
1638 100 1608,408,1224,1224
1639 100 1608,408,1224,1224
1640 100 1608,408,1224,1200
1641 100 1608,408,1224,1200
1642 100 1608,408,1224,1200
1643 100 1608,408,1224,1224
1644 100 1608,408,1224,1224
1645 100 1608,408,1224,1224
1646 100 1608,408,1224,1224
1647 100 1608,408,1224,1224
1648 100 1608,408,1224,1224
1649 100 1608,408,1224,1224
1650 100 1608,408,1224,1224
1651 100 1608,408,1224,1224
1652 100 1608,408,1224,1224
1653 100 1608,408,1224,1224
1654 100 1608,408,1224,1224
1655 100 1608,408,1224,1224
1656 100 1632,408,1224,1224
1657 100 1632,408,1224,1224
1658 100 1632,408,1224,1224
1659 100 1632,408,1224,1224
1660 100 1632,408,1224,1224
1661 100 1632,408,1224,1224
1662 100 1632,408,1224,1224
1663 100 1632,408,1224,1224
1664 100 1632,408,1224,1224
1665 100 1632,408,1224,1224
1666 100 1632,408,1224,1224
1667 100 1632,408,1224,1224
1668 100 1632,408,1224,1224
1669 100 1632,408,1224,1224
1670 100 1632,408,1224,1224
1671 100 1632,408,1224,1224
1672 100 1632,408,1224,1224
1673 100 1632,408,1224,1224
1674 100 1632,408,1224,1224
1675 100 1632,408,1224,1224
1676 100 1632,408,1224,1224
1677 100 1656,408,1224,1224
1678 100 1656,408,1224,1224
1679 100 1656,408,1224,1224
1680 100 1656,408,1224,1224
1681 100 1680,408,1224,1224
1682 100 1680,408,1224,1224
1683 100 1680,408,1224,1224
1684 100 1704,408,1224,1224
1685 100 1752,408,1224,1224
1686 100 1752,408,1224,1224
1687 100 1752,408,1224,1224
1688 100 1776,408,1224,1224
1689 100 1800,432,1224,1224
1690 100 1800,432,1224,1224
1691 100 1800,432,1224,1224
1692 100 1800,432,1224,1224
1693 100 1800,432,1224,1224
1694 100 1800,432,1224,1224
1695 100 1800,432,1224,1224
1696 100 1800,432,1224,1224
1697 100 1800,432,1224,1224
1698 100 1800,456,1224,1200
1699 100 1800,456,1224,1200
1700 100 1800,456,1224,1200
1701 100 1800,456,1224,1200
1702 100 1800,456,1224,1200
1703 100 1800,456,1224,1200
1704 100 1800,456,1224,1200
1705 100 1800,456,1224,1200
1706 100 1800,456,1224,1200
1707 100 1800,456,1224,1200
1708 100 1800,432,1224,1224
1709 100 1800,432,1224,1224
1710 100 1824,456,1224,1200
1711 100 1824,456,1224,1200
1712 100 1824,456,1224,1200
1713 100 1824,456,1224,1200
1714 100 1824,456,1224,1200
1715 100 1824,456,1224,1200
1716 100 1824,456,1224,1200
1717 100 1824,456,1224,1200
1718 100 1824,456,1224,1200
1719 100 1824,456,1224,1200
1720 100 1824,456,1224,1200
1721 100 1824,456,1224,1200
1722 100 1848,456,1224,1200
1723 100 1848,456,1224,1200
1724 100 1872,456,1224,1200
1725 100 1872,456,1224,1200
1726 100 1872,456,1224,1200
1727 100 1872,456,1224,1224
1728 100 1872,456,1224,1224
1729 100 1872,456,1224,1224
1730 100 1872,456,1224,1224
1731 100 1872,456,1224,1224
1732 100 1872,456,1224,1224
1733 100 1872,456,1224,1224
1734 100 1872,456,1224,1224
1735 100 1872,480,1224,1200
1736 100 1872,456,1224,1224
1737 100 1872,456,1224,1224
1738 100 1872,456,1224,1224
1739 100 1872,456,1224,1224
1740 100 1872,456,1224,1224
1741 100 1872,456,1224,1224
1742 100 1872,456,1224,1224
1743 100 1872,456,1224,1224
1744 100 1872,456,1224,1224
1745 100 1872,456,1224,1224
1746 100 1872,480,1224,1200
1747 100 1872,480,1224,1200
1748 100 1872,480,1224,1200
1749 100 1872,480,1224,1200
1750 100 1872,480,1224,1200
1751 100 1872,480,1224,1200
1752 100 1872,480,1224,1200
1753 100 1872,480,1224,1200
1754 100 1872,480,1224,1224
1755 100 1872,480,1224,1224
1756 100 1872,480,1224,1224
1757 100 1872,480,1224,1224
1758 100 1872,480,1224,1224
1759 100 1872,480,1224,1224
1760 100 1848,480,1224,1224
1761 100 1824,480,1224,1224
1762 100 1824,480,1224,1224
1763 100 1800,504,1224,1200
1764 100 1752,504,1224,1224
1765 100 1728,504,1224,1224
1766 100 1728,504,1224,1224
1767 100 1680,504,1224,1224
1768 100 1656,504,1224,1224
1769 100 1632,504,1224,1224
1770 100 1632,504,1224,1224
1771 100 1632,504,1224,1224
1772 100 1632,504,1224,1224
1773 100 1608,528,1224,1200
1774 100 1608,528,1224,1200
1775 100 1608,528,1224,1200
1776 100 1560,528,1224,1224
1777 100 1560,528,1224,1224
1778 100 1512,528,1224,1224
1779 100 1512,528,1224,1224
1780 100 1512,528,1224,1224
1781 100 1464,528,1224,1200
1782 100 1440,528,1224,1200
1783 100 1440,504,1224,1224
1784 100 1440,504,1224,1224
1785 100 1416,504,1224,1224
1786 100 1392,504,1224,1224
1787 100 1368,504,1224,1224
1788 100 1368,504,1224,1224
1789 100 1344,504,1224,1200
1790 100 1344,504,1224,1200
1791 100 1320,504,1224,1200
1792 100 1320,504,1224,1200
1793 100 1320,504,1224,1200
1794 100 1320,504,1224,1200
1795 100 1320,504,1224,1200
1796 100 1296,504,1224,1200
1797 100 1296,504,1224,1224
1798 100 1296,504,1224,1224
1799 100 1296,504,1224,1224
1800 100 1296,504,1224,1224
1801 100 1296,528,1224,1200
1802 100 1296,528,1224,1200
1803 100 1272,504,1224,1224
1804 100 1272,504,1224,1224
1805 100 1272,528,1224,1200
1806 100 1272,528,1224,1200
1807 100 1272,528,1224,1200
1808 100 1248,504,1224,1224
1809 100 1248,504,1224,1224
1810 100 1248,504,1224,1200
1811 100 1248,504,1224,1200
1812 100 1248,504,1224,1200
1813 100 1224,504,1224,1200
1814 100 1224,504,1224,1200
1815 100 1224,504,1224,1200
1816 100 1224,504,1224,1200
1817 100 1224,504,1224,1200
1818 100 1224,504,1224,1200
1819 100 1224,504,1224,1200
1820 100 1224,504,1224,1200
1821 100 1200,504,1224,1200
1822 100 1200,504,1224,1200
1823 100 1200,504,1224,1200
1824 100 1200,504,1224,1200
1825 100 1200,504,1224,1200
1826 100 1200,504,1224,1200
1827 100 1176,504,1224,1200
1828 100 1176,504,1224,1200
1829 100 1176,504,1224,1200
1830 100 1176,504,1224,1200
1831 100 1176,480,1224,1224
1832 100 1176,480,1224,1224
1833 100 1176,480,1224,1224
1834 100 1152,480,1224,1200
1835 100 1152,480,1224,1200
1836 100 1104,480,1224,1200
1837 100 1080,480,1224,1200
1838 100 1080,480,1224,1200
1839 100 1056,456,1224,1224
1840 100 1008,456,1224,1200
1841 100 984,456,1224,1200
1842 100 984,456,1224,1200
1843 100 984,456,1224,1200
1844 100 960,456,1224,1200
1845 100 936,456,1224,1200
1846 100 936,456,1224,1200
1847 100 936,456,1224,1200
1848 100 912,456,1224,1200
1849 100 912,456,1224,1200
1850 100 888,456,1224,1200
1851 100 888,456,1224,1200
1852 100 888,456,1224,1200
1853 100 888,456,1224,1200
1854 100 888,456,1224,1200
1855 100 888,456,1224,1200
1856 100 888,456,1224,1200
1857 100 888,456,1224,1200
1858 100 888,456,1224,1200
1859 100 888,456,1224,1200
1860 100 888,456,1224,1200
1861 100 888,456,1224,1200
1862 100 888,456,1224,1200
1863 100 888,456,1224,1200
1864 100 888,456,1224,1200
1865 100 888,456,1224,1200
1866 100 888,432,1224,1224
1867 100 888,432,1224,1224
1868 100 888,432,1224,1224
1869 100 888,432,1224,1224
1870 100 888,432,1224,1224
1871 100 888,432,1224,1224
1872 100 888,456,1224,1200
1873 100 888,456,1224,1200
1874 100 888,456,1224,1200
1875 100 888,456,1224,1200
1876 100 888,456,1224,1200
1877 100 888,456,1224,1200
1878 100 888,456,1224,1200
1879 100 888,456,1224,1200
1880 100 888,432,1224,1224
1881 100 888,432,1224,1224
1882 100 888,432,1224,1224
1883 100 888,432,1224,1224
1884 100 888,432,1224,1200
1885 100 888,432,1224,1200
1886 100 888,432,1224,1200
1887 100 888,432,1224,1200
1888 100 864,432,1224,1200
1889 100 864,432,1224,1200
1890 100 864,408,1224,1224
1891 100 864,408,1224,1200
1892 100 864,408,1224,1200
1893 100 840,384,1224,1200
1894 100 840,360,1224,1224
1895 100 816,360,1224,1200
1896 100 816,360,1224,1200
1897 100 816,360,1224,1200
1898 100 816,360,1224,1200
1899 100 816,360,1224,1200
1900 100 816,360,1224,1200
1901 100 840,360,1224,1200
1902 100 840,360,1224,1200
1903 100 840,360,1224,1200
1904 100 816,360,1224,1224
1905 100 816,360,1224,1224
1906 100 816,360,1224,1224
1907 100 816,384,1224,1200
1908 100 816,384,1224,1200
1909 100 816,384,1224,1200
1910 100 816,384,1224,1200
1911 100 816,384,1224,1200
1912 100 816,384,1224,1200
1913 100 816,384,1224,1200
1914 100 816,384,1224,1200
1915 100 816,384,1224,1200
1916 100 792,384,1224,1200
1917 100 792,384,1224,1200
1918 100 768,384,1224,1200
1919 100 768,384,1224,1200
1920 100 744,384,1224,1200
1921 100 720,384,1224,1200
1922 100 720,384,1224,1200
1923 100 696,384,1224,1200
1924 100 696,384,1224,1200
1925 100 696,384,1224,1200
1926 100 696,384,1224,1200
1927 100 696,384,1224,1200
1928 100 696,384,1224,1200
1929 100 672,384,1224,1200
1930 100 672,384,1224,1224
1931 100 672,384,1224,1224
1932 100 672,384,1224,1224
1933 100 672,408,1224,1200
1934 100 672,408,1224,1200
1935 100 672,408,1224,1200
1936 100 672,408,1224,1200
1937 100 672,408,1224,1200
1938 100 672,408,1224,1200
1939 100 672,408,1224,1200
1940 100 648,408,1224,1200
1941 100 648,408,1224,1200
1942 100 648,408,1224,1200
1943 100 648,408,1224,1200
1944 100 648,408,1224,1200
1945 100 648,408,1224,1200
1946 100 648,408,1224,1200
1947 100 648,408,1224,1200
1948 100 648,408,1224,1200
1949 100 648,408,1224,1200
1950 100 648,408,1224,1200
1951 100 648,408,1224,1200
1952 100 648,408,1224,1200
1953 100 648,408,1224,1200
1954 100 648,408,1224,1200
1955 100 648,408,1224,1200
1956 100 624,408,1224,1200
1957 100 624,408,1224,1200
1958 100 624,408,1224,1200
1959 100 624,408,1224,1200
1960 100 624,408,1224,1200
1961 100 624,408,1224,1200
1962 100 624,408,1224,1200
1963 100 624,384,1224,1224
1964 100 624,384,1224,1224
1965 100 624,384,1224,1200
1966 100 624,384,1224,1200
1967 100 624,384,1224,1200
1968 100 624,384,1224,1200
1969 100 624,384,1224,1200
1970 100 624,384,1224,1224
1971 100 624,384,1224,1224
1972 100 624,384,1224,1224
1973 100 624,384,1224,1224
1974 100 624,384,1224,1224
1975 100 624,384,1224,1224
1976 100 624,384,1224,1224
1977 100 624,384,1224,1224
1978 100 624,384,1224,1224
1979 100 624,384,1224,1224
1980 100 624,384,1224,1224
1981 100 648,384,1224,1224
1982 100 648,408,1224,1200
1983 100 672,408,1224,1200
1984 100 720,408,1224,1224
1985 100 744,408,1224,1224
1986 100 768,432,1224,1200
1987 100 768,432,1224,1200
1988 100 792,432,1224,1200
1989 100 816,432,1224,1200
1990 100 840,432,1224,1200
1991 100 840,432,1224,1200
1992 100 864,432,1224,1200
1993 100 864,432,1224,1200
1994 100 888,432,1224,1224
1995 100 912,432,1224,1224
1996 100 936,432,1224,1224
1997 100 936,456,1224,1200
1998 100 960,456,1224,1200
1999 100 960,456,1224,1200
2000 100 984,456,1224,1200
2001 100 984,456,1224,1224
2002 100 984,456,1224,1224
2003 100 1008,456,1224,1224
2004 100 1008,456,1224,1224
2005 100 1008,456,1224,1224
2006 100 1008,456,1224,1224
2007 100 1032,456,1224,1200
2008 100 1032,456,1224,1200
2009 100 1032,456,1224,1200
2010 100 1032,432,1224,1224
2011 100 1056,432,1224,1224
2012 100 1056,432,1224,1224
2013 100 1056,432,1224,1224
2014 100 1056,432,1224,1224
2015 100 1056,432,1224,1224
2016 100 1056,432,1224,1224
2017 100 1056,432,1224,1224
2018 100 1056,432,1224,1224
2019 100 1056,432,1224,1224
2020 100 1056,432,1224,1224
2021 100 1056,432,1224,1224
2022 100 1080,432,1224,1224
2023 100 1080,432,1224,1224
2024 100 1128,456,1224,1200
2025 100 1152,456,1224,1224
2026 100 1152,456,1224,1224
2027 100 1176,456,1224,1224
2028 100 1200,456,1224,1224
2029 100 1200,456,1224,1224
2030 100 1200,456,1224,1224
2031 100 1224,456,1224,1224
2032 100 1224,456,1224,1224
2033 100 1224,456,1224,1224
2034 100 1224,456,1224,1200
2035 100 1224,456,1224,1200
2036 100 1224,456,1224,1200
2037 100 1224,456,1224,1200
2038 100 1224,456,1224,1200
2039 100 1224,456,1224,1200
2040 100 1248,456,1224,1200
2041 100 1248,456,1224,1224
2042 100 1248,456,1224,1200
2043 100 1248,456,1224,1200
2044 100 1248,456,1224,1200
2045 100 1248,456,1224,1200
2046 100 1272,432,1224,1224
2047 100 1272,432,1224,1224
2048 100 1272,432,1224,1224
2049 100 1272,432,1224,1224
2050 100 1296,432,1224,1224
2051 100 1296,432,1224,1224
2052 100 1296,432,1224,1224
2053 100 1296,432,1224,1224
2054 100 1296,432,1224,1224
2055 100 1296,432,1224,1224
2056 100 1296,432,1224,1224
2057 100 1296,432,1224,1224
2058 100 1296,432,1224,1224
2059 100 1320,432,1224,1224
2060 100 1320,432,1224,1224
2061 100 1320,432,1224,1224
2062 100 1344,432,1224,1224
2063 100 1368,456,1224,1200
2064 100 1392,456,1224,1200
2065 100 1416,456,1224,1200
2066 100 1464,456,1224,1200
2067 100 1488,456,1224,1200
2068 100 1512,456,1224,1200
2069 100 1512,456,1224,1200
2070 100 1512,456,1224,1200
2071 100 1536,456,1224,1200
2072 100 1536,456,1224,1200
2073 100 1536,456,1224,1200
2074 100 1536,456,1224,1200
2075 100 1536,456,1224,1200
2076 100 1512,432,1224,1224
2077 100 1488,432,1224,1224
2078 100 1488,432,1224,1224
2079 100 1464,432,1224,1224
2080 100 1464,432,1224,1224
2081 100 1464,432,1224,1224
2082 100 1440,432,1224,1224
2083 100 1440,432,1224,1224
2084 100 1464,432,1224,1224
2085 100 1464,432,1224,1224
2086 100 1464,432,1224,1224
2087 100 1464,432,1224,1224
2088 100 1464,432,1224,1224
2089 100 1464,432,1224,1224
2090 100 1464,432,1224,1224
2091 100 1464,432,1224,1200
2092 100 1440,432,1224,1200
2093 100 1440,432,1224,1200
2094 100 1440,432,1224,1200
2095 100 1416,432,1224,1200
2096 100 1416,432,1224,1200
