0 100 384,504,1224,1224
1 100 408,504,1224,1200
2 100 408,504,1224,1200
3 100 408,504,1224,1200
4 100 408,504,1224,1200
5 100 408,504,1224,1200
6 100 408,504,1224,1200
7 100 408,504,1224,1224
8 100 408,504,1224,1224
9 100 408,504,1224,1200
10 100 408,504,1224,1200
11 100 408,504,1224,1200
12 100 408,504,1224,1200
13 100 408,528,1224,1200
14 100 408,528,1224,1200
15 100 432,528,1224,1200
16 100 432,528,1224,1200
17 100 432,528,1224,1224
18 100 432,528,1224,1224
19 100 432,528,1224,1224
20 100 432,528,1224,1224
21 100 432,528,1224,1224
22 100 432,528,1224,1224
23 100 432,528,1224,1224
24 100 432,528,1224,1224
25 100 432,528,1224,1200
26 100 432,528,1224,1200
27 100 432,504,1224,1224
28 100 432,504,1224,1224
29 100 432,504,1224,1200
30 100 432,504,1224,1200
31 100 408,480,1224,1200
32 100 408,480,1224,1200
33 100 408,480,1224,1200
34 100 408,480,1224,1200
35 100 408,480,1224,1200
36 100 408,480,1224,1200
37 100 408,480,1224,1200
38 100 408,480,1224,1200
39 100 408,480,1224,1200
40 100 408,480,1224,1200
41 100 408,480,1224,1200
42 100 408,480,1224,1200
43 100 432,480,1224,1200
44 100 432,480,1224,1200
45 100 432,480,1224,1200
46 100 432,480,1224,1200
47 100 432,456,1224,1224
48 100 432,456,1224,1224
49 100 432,480,1224,1200
50 100 432,480,1224,1200
51 100 432,456,1224,1224
52 100 432,456,1224,1224
53 100 456,480,1224,1200
54 100 456,480,1224,1200
55 100 456,480,1224,1200
56 100 456,480,1224,1200
57 100 456,480,1224,1200
58 100 456,480,1224,1200
59 100 456,480,1224,1200
60 100 456,480,1224,1200
61 100 456,480,1224,1200
62 100 456,480,1224,1224
63 100 480,504,1224,1200
64 100 480,504,1224,1200
65 100 480,504,1224,1200
66 100 480,504,1224,1200
67 100 480,480,1224,1224
68 100 480,480,1224,1200
69 100 480,480,1224,1200
70 100 480,480,1224,1200
71 100 480,456,1224,1224
72 100 480,480,1224,1200
73 100 480,480,1224,1200
74 100 480,456,1224,1224
75 100 456,456,1224,1224
76 100 456,456,1224,1224
77 100 456,456,1224,1224
78 100 456,456,1224,1224
79 100 456,456,1224,1200
80 100 456,456,1224,1200
81 100 480,456,1224,1200
82 100 480,456,1224,1200
83 100 504,480,1224,1200
84 100 528,480,1224,1200
85 100 528,480,1224,1200
86 100 576,480,1224,1224
87 100 576,480,1224,1224
88 100 672,504,1224,1200
89 100 720,504,1224,1200
90 100 768,528,1224,1200
91 100 792,528,1224,1224
92 100 816,552,1224,1200
93 100 816,576,1224,1200
94 100 816,576,1224,1200
95 100 816,576,1224,1224
96 100 816,576,1224,1224
97 100 816,576,1224,1224
98 100 792,552,1224,1224
99 100 768,552,1224,1200
100 100 744,552,1224,1200
101 100 744,552,1224,1224
102 100 744,552,1224,1224
103 100 744,552,1224,1200
104 100 744,552,1224,1200
105 100 744,552,1224,1200
106 100 744,552,1224,1200
107 100 744,552,1224,1200
108 100 744,552,1224,1200
109 100 744,552,1224,1200
110 100 768,552,1224,1200
111 100 768,552,1224,1200
112 100 768,552,1224,1200
113 100 768,528,1224,1224
114 100 768,528,1224,1224
115 100 792,528,1224,1200
116 100 816,528,1224,1200
117 100 816,528,1224,1200
118 100 840,504,1224,1224
119 100 864,504,1224,1200
120 100 864,504,1224,1200
121 100 888,504,1224,1200
122 100 960,504,1224,1200
123 100 960,504,1224,1200
124 100 960,504,1224,1200
125 100 1032,480,1224,1200
126 100 1032,480,1224,1200
127 100 1032,480,1224,1200
128 100 984,456,1224,1200
129 100 984,456,1224,1200
130 100 984,456,1224,1200
131 100 1008,456,1224,1200
132 100 1008,456,1224,1200
133 100 1008,456,1224,1200
134 100 1032,432,1224,1224
135 100 1056,432,1224,1224
136 100 1056,432,1224,1200
137 100 1056,432,1224,1200
138 100 1056,432,1224,1200
139 100 1056,432,1224,1200
140 100 1056,432,1224,1200
141 100 1056,432,1224,1200
142 100 1080,408,1224,1224
143 100 1080,408,1224,1224
144 100 1080,408,1224,1200
145 100 1080,408,1224,1200
146 100 1080,408,1224,1200
147 100 1104,408,1224,1224
148 100 1128,408,1224,1224
149 100 1128,432,1224,1200
150 100 1128,432,1224,1200
151 100 1152,432,1224,1200
152 100 1152,432,1224,1200
153 100 1152,432,1224,1200
154 100 1176,408,1224,1224
155 100 1176,408,1224,1224
156 100 1152,408,1224,1200
157 100 1152,408,1224,1200
158 100 1176,408,1224,1200
159 100 1176,408,1224,1200
160 100 1176,408,1224,1200
161 100 1176,408,1224,1224
162 100 1176,408,1224,1224
163 100 1176,408,1224,1224
164 100 1176,408,1224,1224
165 100 1176,408,1224,1224
166 100 1200,432,1224,1200
167 100 1200,432,1224,1200
168 100 1200,432,1224,1200
169 100 1200,432,1224,1200
170 100 1200,432,1224,1200
171 100 1200,432,1224,1200
172 100 1200,432,1224,1200
173 100 1200,432,1224,1200
174 100 1200,408,1224,1224
175 100 1200,408,1224,1224
176 100 1200,408,1224,1224
177 100 1200,408,1224,1224
178 100 1176,408,1224,1224
179 100 1176,408,1224,1224
180 100 1152,432,1224,1200
181 100 1152,432,1224,1200
182 100 1128,432,1224,1200
183 100 1128,432,1224,1200
184 100 1128,432,1224,1224
185 100 1128,432,1224,1224
186 100 1128,456,1224,1200
187 100 1128,456,1224,1200
188 100 1104,456,1224,1200
189 100 1104,456,1224,1200
190 100 1104,480,1224,1200
191 100 1104,480,1224,1200
192 100 1080,480,1224,1224
193 100 1080,480,1224,1224
194 100 1056,504,1224,1200
195 100 1056,504,1224,1200
196 100 1008,528,1224,1200
197 100 1008,528,1224,1200
198 100 984,504,1224,1224
199 100 960,504,1224,1200
200 100 960,504,1224,1224
201 100 960,528,1224,1200
202 100 960,528,1224,1200
203 100 984,528,1224,1200
204 100 984,528,1224,1200
205 100 1008,528,1224,1200
206 100 1008,528,1224,1200
207 100 1008,528,1224,1200
208 100 1008,528,1224,1200
209 100 1008,528,1224,1200
210 100 1008,528,1224,1200
211 100 1008,528,1224,1200
212 100 984,528,1224,1200
213 100 984,528,1224,1200
214 100 984,552,1224,1200
215 100 960,528,1224,1224
216 100 960,528,1224,1224
217 100 960,528,1224,1200
218 100 960,504,1224,1200
219 100 960,504,1224,1200
220 100 960,480,1224,1224
221 100 960,480,1224,1200
222 100 936,480,1224,1200
223 100 912,456,1224,1200
224 100 888,432,1224,1224
225 100 888,432,1224,1224
226 100 888,432,1224,1224
227 100 864,408,1224,1224
228 100 840,408,1224,1200
229 100 840,408,1224,1200
230 100 816,408,1224,1200
231 100 816,408,1224,1200
232 100 816,408,1224,1200
233 100 816,408,1224,1200
234 100 816,408,1224,1200
235 100 816,384,1224,1224
236 100 816,384,1224,1224
237 100 792,384,1224,1200
238 100 792,384,1224,1200
239 100 792,336,1224,1224
240 100 792,312,1224,1224
241 100 792,312,1224,1224
242 100 768,288,1224,1224
243 100 744,288,1224,1200
244 100 720,264,1224,1200
245 100 696,240,1224,1200
246 100 696,240,1224,1200
247 100 696,216,1224,1200
248 100 696,216,1224,1200
249 100 672,216,1224,1200
250 100 672,216,1224,1200
251 100 672,192,1224,1224
252 100 672,192,1224,1200
253 100 672,192,1224,1200
254 100 672,168,1224,1224
255 100 672,168,1224,1224
256 100 672,168,1224,1200
257 100 648,168,1224,1200
258 100 648,168,1224,1200
259 100 648,144,1224,1224
260 100 648,144,1224,1200
261 100 648,144,1224,1224
262 100 648,168,1224,1200
263 100 648,168,1224,1224
264 100 648,168,1224,1200
265 100 648,168,1224,1200
266 100 672,192,1224,1200
267 100 696,216,1224,1200
268 100 744,240,1224,1224
269 100 768,288,1224,1200
270 100 816,312,1224,1224
271 100 816,360,1224,1200
272 100 840,384,1224,1200
273 100 864,408,1224,1224
274 100 864,432,1224,1224
275 100 888,456,1224,1224
276 100 912,480,1224,1224
277 100 912,504,1224,1200
278 100 912,504,1224,1200
279 100 912,528,1224,1200
280 100 912,528,1224,1224
281 100 888,552,1224,1224
282 100 888,576,1224,1200
283 100 864,576,1224,1224
284 100 864,600,1224,1200
285 100 864,600,1224,1200
286 100 864,600,1224,1200
287 100 864,600,1224,1200
288 100 864,600,1224,1200
289 100 864,600,1224,1224
290 100 864,624,1224,1200
291 100 864,624,1224,1200
292 100 864,624,1224,1200
293 100 864,624,1224,1200
294 100 864,624,1224,1200
295 100 864,624,1224,1200
296 100 864,624,1224,1200
297 100 864,624,1224,1200
298 100 864,624,1224,1200
299 100 864,624,1224,1200
300 100 864,624,1224,1224
301 100 864,648,1224,1200
302 100 864,648,1224,1200
303 100 864,648,1224,1200
304 100 864,648,1224,1224
305 100 840,672,1224,1200
306 100 840,696,1224,1200
307 100 816,720,1224,1200
308 100 816,744,1224,1200
309 100 816,768,1224,1200
310 100 792,768,1224,1224
311 100 792,792,1224,1200
312 100 768,816,1224,1200
313 100 768,816,1224,1200
314 100 744,840,1224,1200
315 100 720,840,1224,1224
316 100 696,864,1224,1200
317 100 696,888,1224,1200
318 100 672,888,1224,1200
319 100 672,912,1224,1200
320 100 648,912,1224,1200
321 100 648,912,1224,1224
322 100 648,912,1224,1224
323 100 648,912,1224,1224
324 100 624,936,1224,1200
325 100 624,936,1224,1200
326 100 624,960,1224,1200
327 100 600,960,1224,1200
328 100 600,960,1224,1200
329 100 600,984,1224,1176
330 100 576,984,1224,1176
331 100 576,984,1224,1176
332 100 528,984,1224,1176
333 100 408,984,1224,1176
334 100 336,1008,1224,1152
335 100 312,1008,1224,1152
336 100 576,984,1224,1176
337 100 600,984,1224,1176
338 100 576,984,1224,1176
339 100 72,1008,1224,1152
340 100 0,1032,1224,1128
341 100 0,1032,1224,1128
342 100 0,1056,1224,1104
343 100 0,1056,1224,1104
344 100 0,1080,1224,1080
345 100 0,1080,1224,1080
346 100 0,1080,1224,1080
347 100 0,1104,1224,1056
348 100 0,1104,1224,1056
349 100 0,1104,1224,1056
350 100 0,1104,1224,1056
351 100 0,1128,1224,1032
352 100 0,1128,1224,1032
353 100 0,1128,1224,1032
354 100 0,1152,1224,1008
355 100 0,1152,1224,1008
356 100 0,1176,1224,984
357 100 0,1176,1224,984
358 100 0,1176,1224,984
359 100 0,1176,1224,984
360 100 0,1176,1224,984
361 100 0,1176,1224,984
362 100 0,1176,1224,984
363 100 0,1176,1224,984
364 100 0,1200,1224,960
365 100 0,1200,1224,960
366 100 0,1200,1224,960
367 100 0,1224,1224,936
368 100 0,1224,1224,936
369 100 0,1248,1224,912
370 100 0,1248,1224,912
371 100 0,1248,1224,912
372 100 0,1272,1224,888
373 100 0,1272,1224,888
374 100 0,1272,1224,888
375 100 0,1272,1224,888
376 100 0,1272,1224,888
377 100 0,1248,1224,912
378 100 0,1248,1224,912
379 100 0,1248,1224,912
380 100 0,1248,1224,912
381 100 0,1224,1224,936
382 100 0,1224,1224,936
383 100 0,1200,1224,960
384 100 0,1176,1224,984
385 100 0,1176,1224,984
386 100 0,1152,1224,1008
387 100 0,1152,1224,1008
388 100 0,1128,1224,1032
389 100 0,1104,1224,1056
390 100 0,1104,1224,1056
391 100 0,1080,1224,1080
392 100 0,1032,1224,1128
393 100 672,1008,1224,1152
394 100 600,960,1224,1200
395 100 648,936,1224,1224
396 100 672,912,1224,1200
397 100 696,888,1224,1200
398 100 696,864,1224,1224
399 100 696,864,1224,1200
400 100 720,840,1224,1224
401 100 744,840,1224,1200
402 100 768,792,1224,1224
403 100 792,768,1224,1224
404 100 816,744,1224,1200
405 100 816,720,1224,1224
406 100 840,720,1224,1200
407 100 840,720,1224,1200
408 100 840,720,1224,1200
409 100 840,696,1224,1200
410 100 864,696,1224,1200
411 100 864,672,1224,1200
412 100 888,648,1224,1200
413 100 888,624,1224,1200
414 100 888,624,1224,1200
415 100 912,600,1224,1224
416 100 912,600,1224,1200
417 100 912,576,1224,1224
418 100 936,576,1224,1200
419 100 936,576,1224,1200
420 100 936,552,1224,1224
421 100 936,552,1224,1200
422 100 936,552,1224,1200
423 100 936,552,1224,1200
424 100 936,552,1224,1200
425 100 936,552,1224,1200
426 100 936,528,1224,1224
427 100 960,528,1224,1224
428 100 936,528,1224,1200
429 100 936,504,1224,1200
430 100 912,480,1224,1200
431 100 912,456,1224,1200
432 100 912,456,1224,1200
433 100 888,432,1224,1200
434 100 888,432,1224,1200
435 100 888,408,1224,1224
436 100 864,408,1224,1200
437 100 864,384,1224,1224
438 100 864,384,1224,1224
439 100 864,408,1224,1200
440 100 864,384,1224,1224
441 100 864,384,1224,1200
442 100 864,384,1224,1200
443 100 864,384,1224,1200
444 100 864,384,1224,1200
445 100 864,384,1224,1200
446 100 864,384,1224,1200
447 100 864,360,1224,1224
448 100 864,360,1224,1224
449 100 864,360,1224,1200
450 100 864,360,1224,1200
451 100 864,360,1224,1200
452 100 864,360,1224,1224
453 100 864,384,1224,1200
454 100 864,408,1224,1200
455 100 864,408,1224,1200
456 100 864,408,1224,1200
457 100 888,432,1224,1200
458 100 888,432,1224,1200
459 100 888,432,1224,1200
460 100 888,432,1224,1224
461 100 912,456,1224,1200
462 100 912,456,1224,1224
463 100 912,456,1224,1224
464 100 912,480,1224,1200
465 100 888,456,1224,1224
466 100 912,480,1224,1200
467 100 912,480,1224,1200
468 100 912,480,1224,1200
469 100 912,480,1224,1200
470 100 912,480,1224,1224
471 100 912,480,1224,1224
472 100 936,480,1224,1224
473 100 936,504,1224,1200
474 100 936,504,1224,1200
475 100 936,504,1224,1200
476 100 960,504,1224,1200
477 100 960,504,1224,1200
478 100 960,504,1224,1200
479 100 960,504,1224,1200
480 100 960,504,1224,1200
481 100 984,504,1224,1224
482 100 984,504,1224,1200
483 100 960,504,1224,1200
484 100 984,504,1224,1200
485 100 984,504,1224,1200
486 100 984,504,1224,1200
487 100 984,504,1224,1200
488 100 960,504,1224,1200
489 100 960,504,1224,1200
490 100 960,504,1224,1200
491 100 960,504,1224,1200
492 100 960,504,1224,1200
493 100 984,504,1224,1200
494 100 960,504,1224,1200
495 100 960,504,1224,1200
496 100 960,504,1224,1200
497 100 960,504,1224,1200
498 100 960,504,1224,1200
499 100 960,504,1224,1200
500 100 960,504,1224,1200
501 100 960,504,1224,1200
502 100 960,480,1224,1224
503 100 960,480,1224,1200
504 100 936,480,1224,1200
505 100 936,480,1224,1200
506 100 936,480,1224,1224
507 100 936,480,1224,1224
508 100 936,480,1224,1200
509 100 936,480,1224,1200
510 100 912,456,1224,1200
511 100 912,456,1224,1200
512 100 912,456,1224,1200
513 100 936,480,1224,1200
514 100 936,480,1224,1200
515 100 936,480,1224,1200
516 100 936,456,1224,1224
517 100 936,480,1224,1200
518 100 936,480,1224,1200
519 100 936,480,1224,1200
520 100 936,504,1224,1200
521 100 936,504,1224,1200
522 100 960,504,1224,1200
523 100 960,504,1224,1224
524 100 960,528,1224,1200
525 100 960,528,1224,1200
526 100 936,528,1224,1200
527 100 936,528,1224,1200
528 100 936,528,1224,1200
529 100 912,528,1224,1200
530 100 912,528,1224,1200
531 100 912,528,1224,1224
532 100 912,528,1224,1224
533 100 936,528,1224,1224
534 100 960,528,1224,1224
535 100 960,552,1224,1200
536 100 960,552,1224,1200
537 100 936,552,1224,1200
538 100 936,552,1224,1200
539 100 936,552,1224,1224
540 100 936,576,1224,1200
541 100 936,576,1224,1200
542 100 936,576,1224,1200
543 100 936,552,1224,1224
544 100 936,552,1224,1200
545 100 936,552,1224,1200
546 100 912,552,1224,1224
547 100 912,576,1224,1200
548 100 912,576,1224,1200
549 100 912,552,1224,1224
550 100 912,576,1224,1200
551 100 912,576,1224,1200
552 100 912,576,1224,1200
553 100 912,576,1224,1200
554 100 912,576,1224,1200
555 100 912,576,1224,1200
556 100 912,576,1224,1200
557 100 936,576,1224,1200
558 100 936,576,1224,1200
559 100 936,576,1224,1200
560 100 936,576,1224,1200
561 100 936,576,1224,1200
562 100 912,576,1224,1200
563 100 912,576,1224,1200
564 100 912,576,1224,1200
565 100 912,576,1224,1200
566 100 912,576,1224,1200
567 100 912,576,1224,1200
568 100 912,576,1224,1224
569 100 912,576,1224,1200
570 100 912,576,1224,1224
571 100 912,576,1224,1224
572 100 912,600,1224,1200
573 100 888,600,1224,1200
574 100 888,600,1224,1200
575 100 888,600,1224,1200
576 100 888,576,1224,1224
577 100 888,600,1224,1200
578 100 888,576,1224,1224
579 100 888,576,1224,1224
580 100 888,576,1224,1200
581 100 888,576,1224,1200
582 100 864,576,1224,1224
583 100 864,600,1224,1200
584 100 864,576,1224,1224
585 100 888,576,1224,1200
586 100 912,552,1224,1224
587 100 912,552,1224,1200
588 100 888,552,1224,1200
589 100 888,528,1224,1224
590 100 888,528,1224,1224
591 100 888,528,1224,1224
592 100 888,552,1224,1200
593 100 912,528,1224,1224
594 100 888,528,1224,1200
595 100 888,504,1224,1224
596 100 888,504,1224,1224
597 100 864,504,1224,1200
598 100 864,480,1224,1224
599 100 864,456,1224,1224
600 100 888,480,1224,1224
601 100 888,504,1224,1200
602 100 888,504,1224,1224
603 100 888,504,1224,1224
604 100 888,504,1224,1224
605 100 864,480,1224,1224
606 100 864,480,1224,1224
607 100 888,504,1224,1200
608 100 888,504,1224,1224
609 100 888,528,1224,1200
610 100 888,528,1224,1200
611 100 888,528,1224,1200
612 100 888,504,1224,1224
613 100 864,504,1224,1224
614 100 864,504,1224,1224
615 100 840,480,1224,1224
616 100 840,504,1224,1224
617 100 840,504,1224,1224
618 100 840,504,1224,1224
619 100 840,528,1224,1200
620 100 864,528,1224,1200
621 100 864,528,1224,1224
622 100 840,504,1224,1224
623 100 864,528,1224,1200
624 100 864,528,1224,1200
625 100 864,528,1224,1200
626 100 864,528,1224,1224
627 100 864,528,1224,1200
628 100 864,528,1224,1224
629 100 840,528,1224,1200
630 100 864,528,1224,1224
631 100 864,528,1224,1224
632 100 840,528,1224,1200
633 100 840,528,1224,1200
634 100 816,504,1224,1224
635 100 816,504,1224,1224
636 100 816,504,1224,1224
637 100 816,528,1224,1200
638 100 816,528,1224,1224
639 100 840,528,1224,1224
640 100 792,528,1224,1200
641 100 816,528,1224,1224
642 100 840,552,1224,1200
643 100 816,504,1224,1224
644 100 816,528,1224,1200
645 100 840,528,1224,1200
646 100 840,528,1224,1224
647 100 840,528,1224,1224
648 100 864,528,1224,1224
649 100 840,528,1224,1224
650 100 816,504,1224,1200
651 100 816,504,1224,1224
652 100 840,504,1224,1224
653 100 840,528,1224,1200
654 100 840,528,1224,1224
655 100 864,528,1224,1200
656 100 864,552,1224,1200
657 100 864,528,1224,1200
658 100 864,528,1224,1224
659 100 864,528,1224,1200
660 100 840,528,1224,1200
661 100 816,504,1224,1224
662 100 792,504,1224,1224
663 100 840,528,1224,1224
664 100 864,552,1224,1224
665 100 888,552,1224,1200
666 100 864,528,1224,1224
667 100 840,528,1224,1200
668 100 840,504,1224,1200
669 100 864,552,1224,1224
670 100 864,576,1224,1200
671 100 840,528,1224,1200
672 100 840,504,1224,1224
673 100 864,528,1224,1200
674 100 864,528,1224,1200
675 100 864,528,1224,1200
676 100 864,528,1224,1224
677 100 816,480,1224,1200
678 100 792,480,1224,1200
679 100 792,480,1224,1200
680 100 792,480,1224,1200
681 100 816,504,1224,1200
682 100 816,480,1224,1200
683 100 792,480,1224,1200
684 100 816,480,1224,1200
685 100 792,456,1224,1200
686 100 816,480,1224,1200
687 100 792,456,1224,1200
688 100 816,456,1224,1224
689 100 816,456,1224,1224
690 100 816,456,1224,1224
691 100 816,456,1224,1224
692 100 816,456,1224,1224
693 100 816,456,1224,1200
694 100 792,456,1224,1200
695 100 792,456,1224,1200
696 100 792,456,1224,1200
697 100 792,456,1224,1200
698 100 792,456,1224,1200
699 100 816,456,1224,1200
700 100 840,480,1224,1200
701 100 840,480,1224,1200
702 100 840,480,1224,1200
703 100 840,480,1224,1200
704 100 816,480,1224,1200
705 100 816,456,1224,1224
706 100 816,480,1224,1200
707 100 840,480,1224,1224
708 100 840,480,1224,1200
709 100 816,480,1224,1200
710 100 816,480,1224,1224
711 100 816,480,1224,1224
712 100 816,480,1224,1200
713 100 816,480,1224,1224
714 100 816,480,1224,1224
715 100 816,480,1224,1200
716 100 792,456,1224,1200
717 100 792,480,1224,1200
718 100 816,504,1224,1200
719 100 816,504,1224,1200
720 100 792,480,1224,1200
721 100 792,480,1224,1200
722 100 792,504,1224,1200
723 100 792,552,1224,1200
724 100 816,504,1224,1200
725 100 792,480,1224,1224
726 100 840,528,1224,1200
727 100 816,576,1224,1200
728 100 792,600,1224,1200
729 100 768,600,1224,1200
730 100 768,576,1224,1200
731 100 768,600,1224,1200
732 100 792,600,1224,1200
733 100 792,600,1224,1200
734 100 792,624,1224,1200
735 100 768,624,1224,1200
736 100 744,624,1224,1224
737 100 720,624,1224,1200
738 100 720,624,1224,1200
739 100 720,624,1224,1200
740 100 744,648,1224,1200
741 100 816,624,1224,1224
742 100 816,624,1224,1224
743 100 816,624,1224,1224
744 100 792,624,1224,1200
745 100 792,624,1224,1200
746 100 768,624,1224,1200
747 100 768,624,1224,1200
748 100 744,600,1224,1200
749 100 768,600,1224,1200
750 100 792,600,1224,1200
751 100 840,600,1224,1200
752 100 888,600,1224,1200
753 100 864,600,1224,1200
754 100 888,576,1224,1224
755 100 864,600,1224,1200
756 100 816,600,1224,1200
757 100 792,600,1224,1200
758 100 792,600,1224,1224
759 100 792,600,1224,1224
760 100 792,600,1224,1200
761 100 816,600,1224,1200
762 100 816,600,1224,1200
763 100 816,600,1224,1200
764 100 816,600,1224,1200
765 100 816,576,1224,1224
766 100 816,576,1224,1200
767 100 840,552,1224,1224
768 100 840,552,1224,1200
769 100 840,552,1224,1200
770 100 864,552,1224,1200
771 100 864,552,1224,1200
772 100 888,528,1224,1224
773 100 888,528,1224,1200
774 100 912,504,1224,1200
775 100 912,504,1224,1200
776 100 912,480,1224,1224
777 100 936,480,1224,1200
778 100 936,480,1224,1200
779 100 936,456,1224,1224
780 100 936,456,1224,1200
781 100 936,456,1224,1200
782 100 960,456,1224,1200
783 100 960,456,1224,1200
784 100 960,432,1224,1224
785 100 960,432,1224,1200
786 100 960,432,1224,1200
787 100 960,432,1224,1200
788 100 984,432,1224,1200
789 100 984,408,1224,1224
790 100 984,408,1224,1224
791 100 984,408,1224,1224
792 100 1008,432,1224,1200
793 100 1008,432,1224,1200
794 100 1008,432,1224,1200
795 100 1008,432,1224,1200
796 100 1032,432,1224,1200
797 100 1032,456,1224,1200
798 100 1056,456,1224,1200
799 100 1056,456,1224,1200
800 100 1080,456,1224,1200
801 100 1080,432,1224,1224
802 100 1104,432,1224,1224
803 100 1104,432,1224,1224
804 100 1128,432,1224,1224
805 100 1128,432,1224,1224
806 100 1152,432,1224,1224
807 100 1152,456,1224,1200
808 100 1176,456,1224,1200
809 100 1200,456,1224,1200
810 100 1224,456,1224,1200
811 100 1224,456,1224,1200
812 100 1248,456,1224,1200
813 100 1248,456,1224,1224
814 100 1272,480,1224,1200
815 100 1272,480,1224,1224
816 100 1272,504,1224,1200
817 100 1272,528,1224,1200
818 100 1272,528,1224,1200
819 100 1272,528,1224,1224
820 100 1272,552,1224,1200
821 100 1272,552,1224,1200
822 100 1248,552,1224,1224
823 100 1248,576,1224,1200
824 100 1248,576,1224,1200
825 100 1224,576,1224,1200
826 100 1224,576,1224,1200
827 100 1200,576,1224,1200
828 100 1200,576,1224,1200
829 100 1176,576,1224,1200
830 100 1176,576,1224,1200
831 100 1176,576,1224,1224
832 100 1152,576,1224,1224
833 100 1152,576,1224,1224
834 100 1128,576,1224,1224
835 100 1128,576,1224,1224
836 100 1104,576,1224,1200
837 100 1080,576,1224,1200
838 100 1080,576,1224,1200
839 100 1056,576,1224,1200
840 100 1056,576,1224,1200
841 100 1032,576,1224,1200
842 100 1032,576,1224,1200
843 100 1032,576,1224,1200
844 100 1008,576,1224,1200
845 100 1008,552,1224,1224
846 100 1008,552,1224,1200
847 100 1008,552,1224,1200
848 100 1008,528,1224,1224
849 100 1008,528,1224,1200
850 100 1008,504,1224,1224
851 100 1008,504,1224,1200
852 100 984,480,1224,1224
853 100 984,480,1224,1200
854 100 960,456,1224,1200
855 100 960,432,1224,1224
856 100 936,432,1224,1200
857 100 936,408,1224,1200
858 100 912,408,1224,1200
859 100 912,384,1224,1200
860 100 888,360,1224,1224
861 100 888,360,1224,1200
862 100 864,336,1224,1224
863 100 864,336,1224,1200
864 100 864,336,1224,1200
865 100 840,336,1224,1200
866 100 840,312,1224,1224
867 100 816,312,1224,1200
868 100 816,312,1224,1200
869 100 792,288,1224,1224
870 100 768,288,1224,1200
871 100 768,288,1224,1200
872 100 744,288,1224,1200
873 100 720,264,1224,1224
874 100 696,264,1224,1200
875 100 696,264,1224,1200
876 100 672,240,1224,1224
877 100 648,240,1224,1224
878 100 624,240,1224,1200
879 100 624,240,1224,1200
880 100 624,240,1224,1224
881 100 600,240,1224,1200
882 100 600,240,1224,1200
883 100 576,240,1224,1200
884 100 552,240,1224,1200
885 100 552,240,1224,1224
886 100 552,264,1224,1200
887 100 528,264,1224,1200
888 100 528,264,1224,1224
889 100 504,288,1224,1200
890 100 504,288,1224,1200
891 100 504,312,1224,1200
892 100 504,312,1224,1224
893 100 504,336,1224,1200
894 100 504,360,1224,1200
895 100 504,360,1224,1224
896 100 504,384,1224,1200
897 100 504,408,1224,1200
898 100 504,408,1224,1224
899 100 504,432,1224,1200
900 100 504,432,1224,1224
901 100 504,456,1224,1200
902 100 480,456,1224,1224
903 100 480,456,1224,1224
904 100 456,480,1224,1200
905 100 432,480,1224,1200
906 100 432,480,1224,1200
907 100 408,480,1224,1200
908 100 384,480,1224,1200
909 100 360,456,1224,1224
910 100 336,456,1224,1200
911 100 312,456,1224,1200
912 100 288,432,1224,1200
913 100 264,432,1224,1200
914 100 264,408,1224,1224
915 100 240,408,1224,1224
916 100 216,408,1224,1200
917 100 192,408,1224,1200
918 100 168,408,1224,1200
919 100 144,408,1224,1200
920 100 144,408,1224,1200
921 100 120,408,1224,1200
922 100 96,408,1224,1200
923 100 96,408,1224,1200
924 100 72,408,1224,1224
925 100 72,408,1224,1224
926 100 48,432,1224,1200
927 100 48,432,1224,1200
928 100 24,432,1224,1200
929 100 0,432,1224,1200
930 100 0,432,1224,1200
931 100 0,432,1224,1200
932 100 0,432,1224,1200
933 100 0,432,1224,1200
934 100 0,432,1224,1200
935 100 0,432,1224,1200
936 100 24,432,1224,1200
937 100 0,432,1224,1200
938 100 0,432,1224,1200
939 100 24,408,1224,1224
940 100 24,408,1224,1224
941 100 24,408,1224,1200
942 100 24,408,1224,1200
943 100 24,408,1224,1200
944 100 24,408,1224,1200
945 100 24,384,1224,1224
946 100 24,384,1224,1224
947 100 48,384,1224,1200
948 100 0,360,1224,1224
949 100 24,360,1224,1200
950 100 0,336,1224,1200
951 100 72,312,1224,1224
952 100 48,312,1224,1200
953 100 0,288,1224,1200
954 100 48,264,1224,1224
955 100 0,264,1224,1200
956 100 48,264,1224,1200
957 100 48,264,1224,1200
958 100 48,240,1224,1224
959 100 48,240,1224,1224
960 100 24,264,1224,1200
961 100 24,264,1224,1200
962 100 0,264,1224,1200
963 100 72,264,1224,1224
964 100 24,288,1224,1200
965 100 48,312,1224,1200
966 100 48,312,1224,1224
967 100 48,336,1224,1224
968 100 0,384,1224,1200
969 100 0,384,1224,1224
970 100 120,384,1224,1224
971 100 72,408,1224,1200
972 100 48,408,1224,1200
973 100 24,408,1224,1200
974 100 144,408,1224,1224
975 100 3432,432,1224,1200
976 100 24,456,1224,1200
977 100 3432,456,1224,1200
978 100 0,480,1224,1200
979 100 3408,480,1224,1200
980 100 24,480,1224,1224
981 100 3528,504,1224,1200
982 100 3456,504,1224,1200
983 100 3408,504,1224,1200
984 100 3384,504,1224,1200
985 100 24,504,1224,1224
986 100 3624,504,1224,1224
987 100 3576,528,1224,1200
988 100 3552,528,1224,1200
989 100 3504,528,1224,1200
990 100 3480,528,1224,1200
991 100 3456,528,1224,1200
992 100 3432,528,1224,1200
993 100 3408,528,1224,1200
994 100 3408,528,1224,1200
995 100 3384,528,1224,1200
996 100 3384,528,1224,1200
997 100 3384,528,1224,1224
998 100 3360,528,1224,1224
999 100 3408,528,1224,1200
1000 100 3432,528,1224,1200
1001 100 3480,528,1224,1200
1002 100 3288,528,1224,1200
1003 100 3312,504,1224,1224
1004 100 3336,504,1224,1224
1005 100 3312,504,1224,1224
1006 100 3312,504,1224,1224
1007 100 3312,504,1224,1224
1008 100 3360,504,1224,1224
1009 100 3384,504,1224,1224
1010 100 3216,504,1224,1200
1011 100 3264,504,1224,1200
1012 100 3288,504,1224,1200
1013 100 3288,480,1224,1224
1014 100 3120,480,1224,1224
1015 100 3144,480,1224,1224
1016 100 3144,480,1224,1224
1017 100 3168,480,1224,1224
1018 100 3168,480,1224,1224
1019 100 3192,480,1224,1224
1020 100 3216,480,1224,1200
1021 100 3096,480,1224,1200
1022 100 3120,480,1224,1200
1023 100 3120,480,1224,1200
1024 100 3120,480,1224,1200
1025 100 3120,480,1224,1200
1026 100 3144,456,1224,1224
1027 100 3144,456,1224,1224
1028 100 3144,456,1224,1224
1029 100 3048,456,1224,1224
1030 100 3096,456,1224,1200
1031 100 3120,456,1224,1200
1032 100 3168,432,1224,1224
1033 100 3216,432,1224,1200
1034 100 3120,432,1224,1200
1035 100 3240,432,1224,1200
1036 100 3240,432,1224,1200
1037 100 3240,432,1224,1200
1038 100 3360,432,1224,1224
1039 100 3288,456,1224,1200
1040 100 3384,456,1224,1200
1041 100 3288,456,1224,1224
1042 100 3240,480,1224,1200
1043 100 3312,480,1224,1224
1044 100 3480,504,1224,1200
1045 100 3480,504,1224,1200
1046 100 3480,504,1224,1200
1047 100 3504,504,1224,1200
1048 100 3456,504,1224,1200
1049 100 3408,504,1224,1200
1050 100 3432,504,1224,1200
1051 100 3456,504,1224,1200
1052 100 3456,504,1224,1200
1053 100 3456,504,1224,1200
1054 100 3432,504,1224,1200
1055 100 3408,504,1224,1200
1056 100 0,504,1224,1200
1057 100 24,504,1224,1224
1058 100 48,504,1224,1200
1059 100 0,504,1224,1200
1060 100 24,504,1224,1200
1061 100 0,504,1224,1200
1062 100 24,504,1224,1200
1063 100 0,480,1224,1224
1064 100 24,480,1224,1224
1065 100 0,480,1224,1200
1066 100 24,480,1224,1200
1067 100 0,480,1224,1200
1068 100 24,480,1224,1200
1069 100 24,480,1224,1200
1070 100 0,480,1224,1200
1071 100 0,480,1224,1200
1072 100 0,480,1224,1200
1073 100 24,480,1224,1200
1074 100 48,480,1224,1200
1075 100 72,480,1224,1200
1076 100 96,480,1224,1200
1077 100 120,480,1224,1200
1078 100 144,480,1224,1200
1079 100 168,480,1224,1200
1080 100 192,480,1224,1200
1081 100 216,480,1224,1200
1082 100 240,480,1224,1200
1083 100 264,480,1224,1200
1084 100 288,480,1224,1200
1085 100 288,480,1224,1200
1086 100 312,480,1224,1200
1087 100 336,480,1224,1200
1088 100 360,480,1224,1200
1089 100 384,480,1224,1200
1090 100 384,480,1224,1224
1091 100 408,480,1224,1224
1092 100 408,480,1224,1224
1093 100 432,504,1224,1200
1094 100 456,504,1224,1200
1095 100 456,504,1224,1224
1096 100 480,528,1224,1200
1097 100 480,528,1224,1224
1098 100 504,552,1224,1224
1099 100 504,576,1224,1224
1100 100 504,600,1224,1200
1101 100 528,600,1224,1200
1102 100 528,600,1224,1224
1103 100 528,624,1224,1224
1104 100 528,672,1224,1200
1105 100 528,672,1224,1200
1106 100 552,696,1224,1200
1107 100 552,720,1224,1200
1108 100 552,720,1224,1224
1109 100 552,744,1224,1200
1110 100 576,744,1224,1200
1111 100 576,744,1224,1200
1112 100 576,744,1224,1200
1113 100 576,744,1224,1224
1114 100 576,768,1224,1200
1115 100 552,768,1224,1200
1116 100 576,768,1224,1200
1117 100 576,768,1224,1200
1118 100 576,768,1224,1200
1119 100 600,768,1224,1200
1120 100 600,768,1224,1200
1121 100 624,768,1224,1200
1122 100 624,768,1224,1200
1123 100 648,768,1224,1224
1124 100 672,768,1224,1200
1125 100 720,768,1224,1200
1126 100 744,768,1224,1200
1127 100 768,744,1224,1224
1128 100 792,744,1224,1224
1129 100 816,744,1224,1200
1130 100 840,744,1224,1200
1131 100 864,744,1224,1200
1132 100 888,744,1224,1200
1133 100 912,744,1224,1200
1134 100 936,744,1224,1200
1135 100 936,744,1224,1200
1136 100 960,744,1224,1200
1137 100 984,720,1224,1224
1138 100 1008,720,1224,1200
1139 100 1032,720,1224,1200
1140 100 1032,720,1224,1200
1141 100 1080,696,1224,1224
1142 100 1080,696,1224,1200
1143 100 1104,696,1224,1200
1144 100 1128,672,1224,1224
1145 100 1152,672,1224,1200
1146 100 1176,672,1224,1200
1147 100 1176,672,1224,1200
1148 100 1200,648,1224,1224
1149 100 1224,648,1224,1200
1150 100 1248,648,1224,1200
1151 100 1248,624,1224,1224
1152 100 1272,624,1224,1200
1153 100 1272,624,1224,1200
1154 100 1296,600,1224,1200
1155 100 1296,600,1224,1200
1156 100 1320,576,1224,1224
1157 100 1320,576,1224,1200
1158 100 1344,576,1224,1200
1159 100 1344,552,1224,1224
1160 100 1344,552,1224,1200
1161 100 1368,552,1224,1200
1162 100 1392,528,1224,1224
1163 100 1392,528,1224,1200
1164 100 1392,504,1224,1224
1165 100 1392,504,1224,1200
1166 100 1392,480,1224,1224
1167 100 1392,480,1224,1200
1168 100 1392,456,1224,1224
1169 100 1392,456,1224,1200
1170 100 1368,456,1224,1200
1171 100 1368,432,1224,1200
1172 100 1368,408,1224,1224
1173 100 1344,408,1224,1200
1174 100 1344,384,1224,1200
1175 100 1344,360,1224,1200
1176 100 1320,360,1224,1200
1177 100 1320,336,1224,1200
1178 100 1320,336,1224,1200
1179 100 1296,312,1224,1200
1180 100 1296,288,1224,1224
1181 100 1296,288,1224,1200
1182 100 1296,288,1224,1200
1183 100 1296,264,1224,1224
1184 100 1296,264,1224,1224
1185 100 1296,264,1224,1200
1186 100 1272,240,1224,1224
1187 100 1272,240,1224,1200
1188 100 1248,216,1224,1200
1189 100 1224,192,1224,1224
1190 100 1200,168,1224,1224
1191 100 1176,168,1224,1200
1192 100 1152,144,1224,1200
1193 100 1128,120,1224,1224
1194 100 1128,120,1224,1200
1195 100 1104,96,1224,1200
1196 100 1080,72,1224,1224
1197 100 1056,48,1224,1224
1198 100 1032,48,1224,1200
1199 100 0,24,1224,1224
1200 100 0,24,1224,1200
1201 100 0,24,1224,1200
1202 100 0,24,1224,1200
1203 100 0,24,1224,1200
1204 100 0,24,1224,1176
1205 100 0,24,1224,1176
1206 100 0,24,1224,1152
1207 100 0,24,1224,1152
1208 100 0,24,1224,1152
1209 100 0,24,1224,1128
1210 100 0,24,1224,1128
1211 100 0,24,1224,1128
1212 100 0,24,1224,1128
1213 100 0,24,1224,1104
1214 100 0,24,1224,1104
1215 100 0,24,1224,1104
1216 100 0,24,1224,1104
1217 100 0,24,1224,1104
1218 100 0,24,1224,1080
1219 100 0,24,1224,1080
1220 100 0,24,1224,1080
1221 100 0,24,1224,1080
1222 100 0,24,1224,1080
1223 100 0,24,1224,1056
1224 100 0,24,1224,1056
1225 100 0,24,1224,1056
1226 100 0,24,1224,1080
1227 100 0,24,1224,1080
1228 100 0,24,1224,1080
1229 100 0,24,1224,1080
1230 100 0,24,1224,1080
1231 100 24,24,1224,1080
1232 100 0,24,1224,1080
1233 100 0,24,1224,1080
1234 100 0,24,1224,1080
1235 100 0,24,1224,1080
1236 100 0,24,1224,1080
1237 100 0,24,1224,1104
1238 100 24,24,1224,1104
1239 100 528,24,1224,1104
1240 100 504,24,1224,1104
1241 100 528,24,1224,1104
1242 100 528,24,1224,1104
1243 100 576,24,1224,1104
1244 100 648,24,1224,1128
1245 100 480,24,1224,1128
1246 100 648,24,1224,1152
1247 100 576,24,1224,1152
1248 100 528,24,1224,1176
1249 100 768,24,1224,1200
1250 100 696,24,1224,1224
1251 100 552,24,1224,1224
1252 100 744,24,1224,1224
1253 100 672,24,1224,1248
1254 100 576,24,1224,1272
1255 100 336,24,1224,1272
1256 100 0,24,1224,1296
1257 100 0,24,1224,1296
1258 100 0,24,1224,1320
1259 100 1440,72,1224,1296
1260 100 1488,96,1224,1296
1261 100 1536,120,1224,1272
1262 100 1584,144,1224,1272
1263 100 1632,168,1224,1248
1264 100 1656,192,1224,1248
1265 100 1680,192,1224,1272
1266 100 1680,216,1224,1248
1267 100 1704,216,1224,1248
1268 100 1704,240,1224,1248
1269 100 1704,240,1224,1248
1270 100 1704,264,1224,1224
1271 100 1728,264,1224,1224
1272 100 1728,288,1224,1224
1273 100 1752,288,1224,1248
1274 100 1752,312,1224,1224
1275 100 1776,312,1224,1224
1276 100 1776,336,1224,1224
1277 100 1776,360,1224,1224
1278 100 1800,360,1224,1224
1279 100 1800,408,1224,1200
1280 100 1824,432,1224,1200
1281 100 1824,456,1224,1200
1282 100 1824,480,1224,1200
1283 100 1800,504,1224,1200
1284 100 1800,504,1224,1224
1285 100 1776,528,1224,1200
1286 100 1776,528,1224,1200
1287 100 1752,552,1224,1200
1288 100 1728,552,1224,1200
1289 100 1704,552,1224,1224
1290 100 1704,576,1224,1200
1291 100 1680,576,1224,1200
1292 100 1656,600,1224,1200
1293 100 1656,600,1224,1200
1294 100 1608,624,1224,1200
1295 100 1584,624,1224,1200
1296 100 1560,624,1224,1224
1297 100 1536,648,1224,1200
1298 100 1536,648,1224,1200
1299 100 1512,648,1224,1200
1300 100 1488,648,1224,1200
1301 100 1464,648,1224,1200
1302 100 1440,648,1224,1200
1303 100 1440,648,1224,1200
1304 100 1416,648,1224,1224
1305 100 1392,648,1224,1224
1306 100 1368,648,1224,1200
1307 100 1344,648,1224,1200
1308 100 1320,648,1224,1200
1309 100 1296,648,1224,1200
1310 100 1272,648,1224,1200
1311 100 1248,624,1224,1224
1312 100 1224,624,1224,1200
1313 100 1200,624,1224,1200
1314 100 1176,624,1224,1200
1315 100 1152,624,1224,1200
1316 100 1128,624,1224,1200
1317 100 1128,624,1224,1200
1318 100 1104,624,1224,1200
1319 100 1104,624,1224,1200
1320 100 1104,600,1224,1224
1321 100 1128,600,1224,1200
1322 100 1128,600,1224,1200
1323 100 1128,576,1224,1224
1324 100 1128,576,1224,1200
1325 100 1128,576,1224,1200
1326 100 1128,576,1224,1200
1327 100 1104,552,1224,1224
1328 100 1104,552,1224,1224
1329 100 1104,552,1224,1200
1330 100 1104,552,1224,1200
1331 100 1080,552,1224,1200
1332 100 1080,552,1224,1200
1333 100 1080,552,1224,1200
1334 100 1056,552,1224,1200
1335 100 1056,552,1224,1200
1336 100 1056,552,1224,1200
1337 100 1056,528,1224,1224
1338 100 1056,528,1224,1224
1339 100 1056,528,1224,1224
1340 100 1056,528,1224,1224
1341 100 1056,528,1224,1224
1342 100 1056,528,1224,1224
1343 100 1056,528,1224,1224
1344 100 1056,528,1224,1224
1345 100 1056,528,1224,1200
1346 100 1056,528,1224,1200
1347 100 1056,528,1224,1200
1348 100 1056,528,1224,1200
1349 100 1056,528,1224,1200
1350 100 1056,528,1224,1200
1351 100 1056,528,1224,1200
1352 100 1080,504,1224,1224
1353 100 1080,504,1224,1200
1354 100 1056,504,1224,1200
1355 100 1056,504,1224,1200
1356 100 1056,504,1224,1200
1357 100 1080,504,1224,1200
1358 100 1080,504,1224,1200
1359 100 1080,504,1224,1200
1360 100 1080,504,1224,1200
1361 100 1080,504,1224,1200
1362 100 1104,504,1224,1200
1363 100 1104,480,1224,1224
1364 100 1104,480,1224,1224
1365 100 1104,480,1224,1200
1366 100 1128,480,1224,1200
1367 100 1152,456,1224,1224
1368 100 1176,456,1224,1224
1369 100 1200,456,1224,1200
1370 100 1224,456,1224,1200
1371 100 1248,432,1224,1224
1372 100 1296,432,1224,1224
1373 100 1320,432,1224,1224
1374 100 1344,432,1224,1200
1375 100 1392,432,1224,1224
1376 100 1416,432,1224,1224
1377 100 1440,432,1224,1200
1378 100 1464,432,1224,1200
1379 100 1488,408,1224,1224
1380 100 1512,408,1224,1200
1381 100 1560,408,1224,1200
1382 100 1584,384,1224,1224
1383 100 1608,384,1224,1200
1384 100 1632,384,1224,1200
1385 100 1680,384,1224,1224
1386 100 1704,408,1224,1200
1387 100 1728,408,1224,1200
1388 100 1752,408,1224,1200
1389 100 1776,408,1224,1224
1390 100 1800,432,1224,1200
1391 100 1824,432,1224,1224
1392 100 1848,432,1224,1224
1393 100 1848,456,1224,1224
1394 100 1872,456,1224,1224
1395 100 1896,456,1224,1224
1396 100 1920,456,1224,1224
1397 100 1920,456,1224,1224
1398 100 1944,456,1224,1224
1399 100 1944,456,1224,1224
1400 100 1968,456,1224,1224
1401 100 1968,480,1224,1200
1402 100 1968,480,1224,1224
1403 100 1968,480,1224,1224
1404 100 1968,480,1224,1224
1405 100 1968,504,1224,1200
1406 100 1968,504,1224,1224
1407 100 1992,504,1224,1224
1408 100 1992,504,1224,1224
1409 100 2016,504,1224,1224
1410 100 2016,528,1224,1224
1411 100 1992,528,1224,1224
1412 100 1968,528,1224,1224
1413 100 1968,528,1224,1200
1414 100 1944,504,1224,1224
1415 100 1944,528,1224,1200
1416 100 1920,528,1224,1224
1417 100 1896,528,1224,1224
1418 100 1872,528,1224,1224
1419 100 1848,528,1224,1224
1420 100 1824,528,1224,1224
1421 100 1776,528,1224,1224
1422 100 1752,528,1224,1224
1423 100 1704,528,1224,1224
1424 100 1656,552,1224,1200
1425 100 1632,552,1224,1224
1426 100 1584,552,1224,1224
1427 100 1560,552,1224,1224
1428 100 1536,552,1224,1200
1429 100 1512,552,1224,1200
1430 100 1488,552,1224,1200
1431 100 1440,576,1224,1200
1432 100 1416,576,1224,1200
1433 100 1368,576,1224,1224
1434 100 1320,576,1224,1224
1435 100 1272,576,1224,1200
1436 100 1224,576,1224,1200
1437 100 1176,576,1224,1200
1438 100 1128,576,1224,1200
1439 100 1080,552,1224,1224
1440 100 1056,552,1224,1224
1441 100 1032,576,1224,1200
1442 100 984,576,1224,1200
1443 100 960,576,1224,1200
1444 100 960,576,1224,1200
1445 100 936,576,1224,1200
1446 100 936,576,1224,1200
1447 100 912,576,1224,1200
1448 100 912,576,1224,1200
1449 100 888,576,1224,1200
1450 100 888,552,1224,1224
1451 100 888,552,1224,1224
1452 100 864,552,1224,1200
1453 100 864,552,1224,1200
1454 100 840,504,1224,1224
1455 100 840,528,1224,1200
1456 100 840,504,1224,1200
1457 100 816,480,1224,1224
1458 100 816,480,1224,1200
1459 100 816,456,1224,1224
1460 100 792,432,1224,1224
1461 100 768,432,1224,1200
1462 100 744,408,1224,1200
1463 100 744,384,1224,1224
1464 100 744,384,1224,1224
1465 100 744,384,1224,1200
1466 100 720,384,1224,1200
1467 100 720,360,1224,1224
1468 100 720,360,1224,1224
1469 100 720,384,1224,1200
1470 100 696,384,1224,1200
1471 100 672,384,1224,1200
1472 100 672,384,1224,1200
1473 100 672,384,1224,1200
1474 100 672,384,1224,1200
1475 100 672,384,1224,1200
1476 100 696,384,1224,1200
1477 100 696,384,1224,1224
1478 100 696,408,1224,1200
1479 100 696,408,1224,1224
1480 100 720,432,1224,1224
1481 100 720,480,1224,1200
1482 100 696,504,1224,1200
1483 100 672,504,1224,1224
1484 100 672,528,1224,1200
1485 100 672,528,1224,1224
1486 100 648,528,1224,1224
1487 100 648,552,1224,1200
1488 100 624,552,1224,1224
1489 100 624,552,1224,1224
1490 100 624,576,1224,1200
1491 100 624,576,1224,1200
1492 100 624,576,1224,1200
1493 100 624,576,1224,1224
1494 100 624,600,1224,1200
1495 100 624,600,1224,1224
1496 100 624,624,1224,1200
1497 100 576,624,1224,1224
1498 100 552,648,1224,1200
1499 100 528,648,1224,1224
1500 100 504,624,1224,1224
1501 100 480,624,1224,1224
1502 100 456,624,1224,1224
1503 100 432,648,1224,1200
1504 100 408,624,1224,1224
1505 100 384,624,1224,1224
1506 100 360,624,1224,1200
1507 100 336,624,1224,1200
1508 100 312,624,1224,1200
1509 100 288,624,1224,1200
1510 100 264,624,1224,1200
1511 100 240,624,1224,1200
1512 100 192,600,1224,1224
1513 100 168,600,1224,1224
1514 100 144,600,1224,1224
1515 100 120,600,1224,1224
1516 100 72,600,1224,1224
1517 100 48,600,1224,1224
1518 100 24,600,1224,1224
1519 100 0,600,1224,1224
1520 100 0,600,1224,1200
1521 100 0,600,1224,1200
1522 100 0,600,1224,1200
1523 100 24,600,1224,1200
1524 100 0,600,1224,1200
1525 100 0,600,1224,1200
1526 100 24,600,1224,1200
1527 100 24,600,1224,1200
1528 100 0,600,1224,1200
1529 100 48,576,1224,1224
1530 100 0,576,1224,1224
1531 100 72,576,1224,1224
1532 100 48,576,1224,1224
1533 100 48,576,1224,1200
1534 100 48,576,1224,1200
1535 100 48,576,1224,1200
1536 100 96,552,1224,1224
1537 100 3384,552,1224,1200
1538 100 3456,552,1224,1200
1539 100 3504,528,1224,1224
1540 100 24,528,1224,1224
1541 100 3384,528,1224,1200
1542 100 3480,504,1224,1224
1543 100 3528,504,1224,1224
1544 100 3600,504,1224,1224
1545 100 3744,504,1224,1224
1546 100 3384,480,1224,1224
1547 100 3432,480,1224,1224
1548 100 3432,480,1224,1224
1549 100 3552,480,1224,1224
1550 100 3600,480,1224,1224
1551 100 3384,480,1224,1224
1552 100 3480,456,1224,1224
1553 100 3312,456,1224,1224
1554 100 3360,456,1224,1224
1555 100 3408,456,1224,1200
1556 100 3240,456,1224,1200
1557 100 3264,432,1224,1224
1558 100 3168,432,1224,1224
1559 100 3072,432,1224,1200
1560 100 3000,432,1224,1200
1561 100 3024,432,1224,1200
1562 100 2928,408,1224,1224
1563 100 2952,408,1224,1224
1564 100 2880,408,1224,1224
1565 100 2808,408,1224,1224
1566 100 2712,408,1224,1224
1567 100 2688,408,1224,1224
1568 100 2664,408,1224,1224
1569 100 2640,408,1224,1200
1570 100 2616,408,1224,1200
1571 100 2592,408,1224,1200
1572 100 2592,408,1224,1200
1573 100 2568,408,1224,1200
1574 100 2544,408,1224,1200
1575 100 2544,384,1224,1224
1576 100 2520,384,1224,1200
1577 100 2496,384,1224,1200
1578 100 2472,360,1224,1200
1579 100 2472,360,1224,1200
1580 100 2448,336,1224,1200
1581 100 2424,336,1224,1200
1582 100 2400,312,1224,1200
1583 100 2376,288,1224,1224
1584 100 2376,288,1224,1200
1585 100 2352,264,1224,1200
1586 100 2352,240,1224,1224
1587 100 2328,240,1224,1200
1588 100 2352,216,1224,1224
1589 100 2376,216,1224,1200
1590 100 2376,192,1224,1224
1591 100 2376,192,1224,1224
1592 100 2400,192,1224,1200
1593 100 2424,168,1224,1224
1594 100 2424,168,1224,1200
1595 100 2424,144,1224,1200
1596 100 2472,144,1224,1200
1597 100 2472,120,1224,1200
1598 100 2520,120,1224,1200
1599 100 2544,96,1224,1224
1600 100 2568,96,1224,1224
1601 100 2592,96,1224,1224
1602 100 2592,120,1224,1200
1603 100 2616,96,1224,1224
1604 100 2640,96,1224,1224
1605 100 2664,96,1224,1200
1606 100 2712,96,1224,1200
1607 100 2736,96,1224,1200
1608 100 2760,72,1224,1224
1609 100 2808,72,1224,1224
1610 100 2856,72,1224,1200
1611 100 2904,72,1224,1200
1612 100 2904,48,1224,1224
1613 100 2928,48,1224,1200
1614 100 3000,48,1224,1200
1615 100 3024,24,1224,1224
1616 100 3048,24,1224,1224
1617 100 3096,24,1224,1224
1618 100 3120,24,1224,1224
1619 100 3408,24,1224,1224
1620 100 3312,24,1224,1224
1621 100 3264,48,1224,1200
1622 100 3216,48,1224,1200
1623 100 3696,48,1224,1224
1624 100 3648,48,1224,1224
1625 100 3600,48,1224,1224
1626 100 3552,48,1224,1224
1627 100 3456,48,1224,1224
1628 100 3408,48,1224,1224
1629 100 3408,48,1224,1224
1630 100 3384,48,1224,1224
1631 100 0,48,1224,1224
1632 100 24,48,1224,1224
1633 100 48,48,1224,1224
1634 100 48,48,1224,1224
1635 100 72,72,1224,1200
1636 100 72,72,1224,1224
1637 100 72,72,1224,1224
1638 100 96,72,1224,1248
1639 100 24,96,1224,1224
1640 100 24,96,1224,1224
1641 100 48,96,1224,1248
1642 100 0,120,1224,1224
1643 100 24,120,1224,1248
1644 100 48,120,1224,1248
1645 100 0,120,1224,1248
1646 100 0,120,1224,1248
1647 100 0,144,1224,1248
1648 100 0,144,1224,1248
1649 100 0,144,1224,1248
1650 100 0,168,1224,1224
1651 100 0,168,1224,1248
1652 100 0,168,1224,1248
1653 100 0,168,1224,1248
1654 100 0,168,1224,1248
1655 100 0,168,1224,1224
1656 100 0,168,1224,1224
1657 100 48,168,1224,1248
1658 100 72,168,1224,1248
1659 100 96,168,1224,1248
1660 100 144,192,1224,1248
1661 100 192,216,1224,1248
1662 100 216,240,1224,1224
1663 100 240,264,1224,1224
1664 100 240,264,1224,1248
1665 100 264,288,1224,1224
1666 100 264,288,1224,1224
1667 100 240,288,1224,1248
1668 100 216,312,1224,1224
1669 100 192,312,1224,1224
1670 100 168,312,1224,1224
1671 100 144,336,1224,1224
1672 100 144,336,1224,1224
1673 100 96,336,1224,1224
1674 100 72,336,1224,1224
1675 100 48,336,1224,1224
1676 100 0,336,1224,1224
1677 100 0,336,1224,1224
1678 100 0,336,1224,1224
1679 100 0,336,1224,1224
1680 100 0,336,1224,1224
1681 100 0,336,1224,1224
1682 100 0,360,1224,1200
1683 100 0,360,1224,1200
1684 100 24,360,1224,1200
1685 100 0,360,1224,1200
1686 100 0,360,1224,1224
1687 100 24,360,1224,1224
1688 100 48,360,1224,1224
1689 100 0,360,1224,1224
1690 100 48,384,1224,1200
1691 100 72,384,1224,1200
1692 100 0,384,1224,1224
1693 100 96,384,1224,1224
1694 100 3456,408,1224,1200
1695 100 48,408,1224,1224
1696 100 0,408,1224,1224
1697 100 3528,408,1224,1224
1698 100 3456,432,1224,1200
1699 100 3360,432,1224,1224
1700 100 3360,432,1224,1224
1701 100 3360,432,1224,1224
1702 100 3384,432,1224,1200
1703 100 3216,432,1224,1200
1704 100 3216,432,1224,1200
1705 100 3216,432,1224,1200
1706 100 3216,432,1224,1200
1707 100 3168,456,1224,1200
1708 100 3096,456,1224,1200
1709 100 2952,456,1224,1224
1710 100 2904,480,1224,1200
1711 100 2808,480,1224,1200
1712 100 2784,480,1224,1200
1713 100 2784,480,1224,1200
1714 100 2760,456,1224,1224
1715 100 2712,456,1224,1224
1716 100 2712,456,1224,1200
1717 100 2688,456,1224,1200
1718 100 2592,432,1224,1224
1719 100 2592,432,1224,1200
1720 100 2568,408,1224,1224
1721 100 2544,408,1224,1224
1722 100 2520,408,1224,1200
1723 100 2496,384,1224,1224
1724 100 2472,384,1224,1200
1725 100 2448,360,1224,1224
1726 100 2424,360,1224,1224
1727 100 2424,360,1224,1224
1728 100 2400,360,1224,1224
1729 100 2400,360,1224,1200
1730 100 2376,336,1224,1224
1731 100 2376,336,1224,1224
1732 100 2376,336,1224,1224
1733 100 2376,336,1224,1224
1734 100 2376,336,1224,1200
1735 100 2376,336,1224,1200
1736 100 2376,336,1224,1200
1737 100 2400,336,1224,1200
1738 100 2400,312,1224,1224
1739 100 2424,312,1224,1224
1740 100 2424,312,1224,1224
1741 100 2448,312,1224,1224
1742 100 2496,336,1224,1200
1743 100 2568,336,1224,1200
1744 100 2664,336,1224,1200
1745 100 2736,336,1224,1224
1746 100 2808,336,1224,1224
1747 100 2880,360,1224,1200
1748 100 2856,360,1224,1200
1749 100 2952,360,1224,1200
1750 100 3048,360,1224,1224
1751 100 3144,384,1224,1200
1752 100 3240,384,1224,1200
1753 100 3192,384,1224,1200
1754 100 3288,408,1224,1200
1755 100 3240,408,1224,1200
1756 100 3432,408,1224,1200
1757 100 3384,408,1224,1224
1758 100 3360,408,1224,1224
1759 100 3360,408,1224,1224
1760 100 3576,408,1224,1224
1761 100 3576,408,1224,1224
1762 100 3528,432,1224,1200
1763 100 3432,432,1224,1200
1764 100 3600,432,1224,1224
1765 100 3456,456,1224,1200
1766 100 3408,456,1224,1200
1767 100 72,456,1224,1224
1768 100 72,456,1224,1224
1769 100 120,456,1224,1224
1770 100 96,480,1224,1200
1771 100 72,480,1224,1200
1772 100 48,504,1224,1200
1773 100 48,504,1224,1200
1774 100 0,504,1224,1200
1775 100 24,504,1224,1200
1776 100 0,504,1224,1224
1777 100 0,504,1224,1224
1778 100 24,528,1224,1200
1779 100 0,528,1224,1200
1780 100 0,528,1224,1200
1781 100 0,528,1224,1200
1782 100 24,528,1224,1200
1783 100 48,528,1224,1200
1784 100 72,528,1224,1200
1785 100 96,528,1224,1224
1786 100 120,552,1224,1200
1787 100 168,528,1224,1224
1788 100 192,528,1224,1200
1789 100 240,528,1224,1200
1790 100 288,528,1224,1200
1791 100 312,528,1224,1200
1792 100 336,528,1224,1200
1793 100 384,528,1224,1200
1794 100 408,528,1224,1224
1795 100 432,528,1224,1224
1796 100 456,528,1224,1224
1797 100 480,528,1224,1200
1798 100 504,528,1224,1200
1799 100 552,504,1224,1224
1800 100 576,504,1224,1224
1801 100 600,504,1224,1224
1802 100 624,504,1224,1224
1803 100 648,504,1224,1224
1804 100 672,528,1224,1200
1805 100 720,528,1224,1200
1806 100 744,528,1224,1200
1807 100 768,528,1224,1200
1808 100 792,528,1224,1200
1809 100 840,528,1224,1200
1810 100 864,528,1224,1200
1811 100 888,528,1224,1224
1812 100 912,528,1224,1200
1813 100 960,528,1224,1200
1814 100 984,528,1224,1200
1815 100 1008,528,1224,1200
1816 100 1032,528,1224,1224
1817 100 1056,552,1224,1200
1818 100 1080,552,1224,1200
1819 100 1128,552,1224,1200
1820 100 1152,552,1224,1200
1821 100 1176,552,1224,1200
1822 100 1200,552,1224,1200
1823 100 1248,552,1224,1200
1824 100 1272,552,1224,1200
1825 100 1296,528,1224,1224
1826 100 1320,528,1224,1200
1827 100 1344,528,1224,1200
1828 100 1368,528,1224,1200
1829 100 1392,528,1224,1200
1830 100 1416,504,1224,1224
1831 100 1440,504,1224,1224
1832 100 1440,504,1224,1200
1833 100 1464,504,1224,1200
1834 100 1488,504,1224,1200
1835 100 1512,504,1224,1200
1836 100 1512,504,1224,1200
1837 100 1536,480,1224,1224
1838 100 1560,480,1224,1200
1839 100 1560,456,1224,1224
1840 100 1560,456,1224,1200
1841 100 1584,432,1224,1224
1842 100 1584,432,1224,1200
1843 100 1584,432,1224,1200
1844 100 1584,408,1224,1200
1845 100 1608,408,1224,1200
1846 100 1608,384,1224,1200
1847 100 1608,384,1224,1200
1848 100 1632,384,1224,1200
1849 100 1632,360,1224,1224
1850 100 1656,360,1224,1224
1851 100 1656,360,1224,1200
1852 100 1656,360,1224,1200
1853 100 1656,360,1224,1200
1854 100 1680,360,1224,1200
1855 100 1680,360,1224,1200
1856 100 1704,360,1224,1200
1857 100 1704,360,1224,1200
1858 100 1728,360,1224,1224
1859 100 1752,384,1224,1200
1860 100 1776,384,1224,1200
1861 100 1776,384,1224,1224
1862 100 1776,408,1224,1200
1863 100 1776,408,1224,1200
1864 100 1776,408,1224,1200
1865 100 1728,384,1224,1200
1866 100 1680,360,1224,1200
1867 100 1632,312,1224,1224
1868 100 1584,288,1224,1224
1869 100 1512,264,1224,1200
1870 100 1488,240,1224,1200
1871 100 1440,216,1224,1224
1872 100 1416,216,1224,1200
1873 100 1368,192,1224,1200
1874 100 1344,168,1224,1200
1875 100 1296,120,1224,1224
1876 100 1248,96,1224,1224
1877 100 1200,72,1224,1200
1878 100 1152,48,1224,1200
1879 100 0,24,1224,1200
1880 100 0,24,1224,1200
1881 100 0,24,1224,1176
1882 100 0,24,1224,1152
1883 100 192,24,1224,1128
1884 100 0,24,1224,1128
1885 100 0,24,1224,1104
1886 100 0,24,1224,1104
1887 100 0,24,1224,1080
1888 100 0,24,1224,1080
1889 100 0,24,1224,1080
1890 100 384,24,1224,1080
1891 100 552,24,1224,1080
1892 100 336,24,1224,1080
1893 100 0,24,1224,1080
1894 100 0,24,1224,1080
1895 100 0,24,1224,1080
1896 100 0,24,1224,1080
1897 100 0,24,1224,1080
1898 100 0,24,1224,1080
1899 100 0,24,1224,1104
1900 100 0,24,1224,1104
1901 100 0,24,1224,1128
1902 100 0,24,1224,1128
1903 100 0,24,1224,1152
1904 100 0,24,1224,1152
1905 100 144,24,1224,1152
1906 100 0,24,1224,1176
1907 100 0,24,1224,1200
1908 100 0,24,1224,1224
1909 100 0,24,1224,1224
1910 100 528,48,1224,1224
1911 100 552,72,1224,1200
1912 100 552,72,1224,1224
1913 100 576,96,1224,1224
1914 100 600,120,1224,1224
1915 100 624,144,1224,1224
1916 100 648,192,1224,1200
1917 100 672,216,1224,1200
1918 100 696,264,1224,1200
1919 100 720,288,1224,1224
1920 100 744,336,1224,1224
1921 100 792,408,1224,1200
1922 100 792,432,1224,1224
1923 100 816,480,1224,1200
1924 100 816,504,1224,1200
1925 100 816,528,1224,1224
1926 100 816,552,1224,1224
1927 100 816,576,1224,1200
1928 100 792,576,1224,1224
1929 100 792,600,1224,1200
1930 100 768,600,1224,1200
1931 100 744,600,1224,1224
1932 100 720,624,1224,1200
1933 100 696,624,1224,1200
1934 100 672,648,1224,1200
1935 100 648,648,1224,1200
1936 100 624,648,1224,1200
1937 100 600,648,1224,1200
1938 100 576,648,1224,1200
1939 100 552,672,1224,1200
1940 100 528,672,1224,1200
1941 100 504,672,1224,1200
1942 100 504,672,1224,1224
1943 100 480,696,1224,1200
1944 100 456,696,1224,1224
1945 100 456,720,1224,1200
1946 100 432,720,1224,1200
1947 100 408,696,1224,1224
1948 100 384,696,1224,1224
1949 100 360,696,1224,1224
1950 100 360,696,1224,1200
1951 100 336,696,1224,1224
1952 100 336,696,1224,1224
1953 100 312,720,1224,1200
1954 100 312,720,1224,1224
1955 100 312,744,1224,1200
1956 100 288,744,1224,1200
1957 100 264,744,1224,1200
1958 100 240,744,1224,1224
1959 100 192,768,1224,1200
1960 100 168,744,1224,1224
1961 100 120,744,1224,1224
1962 100 96,744,1224,1224
1963 100 72,744,1224,1224
1964 100 48,744,1224,1224
1965 100 48,744,1224,1224
1966 100 24,744,1224,1224
1967 100 0,744,1224,1224
1968 100 0,744,1224,1224
1969 100 0,744,1224,1224
1970 100 0,744,1224,1200
1971 100 0,744,1224,1200
1972 100 0,720,1224,1224
1973 100 0,696,1224,1224
1974 100 0,696,1224,1200
1975 100 0,672,1224,1224
1976 100 0,672,1224,1224
1977 100 0,672,1224,1200
1978 100 0,648,1224,1224
1979 100 0,648,1224,1200
1980 100 0,624,1224,1224
1981 100 24,648,1224,1200
1982 100 0,648,1224,1200
1983 100 0,648,1224,1200
1984 100 0,648,1224,1200
1985 100 0,624,1224,1224
1986 100 0,624,1224,1200
1987 100 24,600,1224,1224
1988 100 48,576,1224,1224
1989 100 0,576,1224,1200
1990 100 24,552,1224,1224
1991 100 48,552,1224,1200
1992 100 3384,528,1224,1200
1993 100 3456,528,1224,1200
1994 100 3432,528,1224,1200
1995 100 3432,528,1224,1200
1996 100 3408,528,1224,1200
1997 100 3432,528,1224,1200
1998 100 3408,528,1224,1200
1999 100 3432,528,1224,1200
2000 100 3432,528,1224,1200
2001 100 3456,528,1224,1200
2002 100 3480,528,1224,1200
2003 100 3456,528,1224,1200
2004 100 3432,528,1224,1200
2005 100 3384,528,1224,1200
2006 100 3336,528,1224,1224
2007 100 3312,528,1224,1224
2008 100 3264,552,1224,1200
2009 100 3216,552,1224,1200
2010 100 3072,552,1224,1200
2011 100 3024,576,1224,1200
2012 100 3024,552,1224,1224
2013 100 2976,552,1224,1200
2014 100 2904,552,1224,1200
2015 100 2928,528,1224,1224
2016 100 2880,528,1224,1200
2017 100 2832,528,1224,1200
2018 100 2784,504,1224,1224
2019 100 2736,504,1224,1200
2020 100 2760,504,1224,1200
2021 100 2712,504,1224,1200
2022 100 2688,480,1224,1224
2023 100 2688,480,1224,1200
2024 100 2688,480,1224,1200
2025 100 2712,456,1224,1200
2026 100 2712,432,1224,1224
2027 100 2736,432,1224,1200
2028 100 2760,432,1224,1200
2029 100 2760,408,1224,1224
2030 100 2760,408,1224,1224
2031 100 2784,408,1224,1224
2032 100 2832,408,1224,1224
2033 100 2856,408,1224,1224
2034 100 2832,408,1224,1224
2035 100 2856,408,1224,1224
2036 100 2952,408,1224,1200
2037 100 2904,408,1224,1200
2038 100 2928,384,1224,1224
2039 100 2928,384,1224,1224
2040 100 3000,408,1224,1200
2041 100 3096,408,1224,1200
2042 100 3096,408,1224,1200
2043 100 3096,408,1224,1200
2044 100 3096,408,1224,1200
2045 100 3216,408,1224,1200
2046 100 3216,408,1224,1200
2047 100 3216,408,1224,1200
2048 100 3336,408,1224,1224
2049 100 3432,432,1224,1200
2050 100 3384,432,1224,1224
2051 100 3360,432,1224,1224
2052 100 3336,432,1224,1224
2053 100 3336,432,1224,1224
2054 100 3360,432,1224,1224
2055 100 3408,432,1224,1200
2056 100 3480,432,1224,1200
2057 100 3456,432,1224,1200
2058 100 3432,432,1224,1200
2059 100 3576,432,1224,1224
2060 100 3552,432,1224,1224
2061 100 3504,456,1224,1200
2062 100 3456,456,1224,1200
2063 100 3432,456,1224,1200
2064 100 3432,456,1224,1200
2065 100 3384,456,1224,1200
2066 100 120,456,1224,1224
2067 100 144,456,1224,1224
2068 100 144,456,1224,1224
2069 100 120,456,1224,1224
2070 100 48,456,1224,1224
2071 100 0,480,1224,1224
2072 100 0,480,1224,1224
2073 100 24,480,1224,1224
2074 100 48,480,1224,1224
2075 100 0,480,1224,1224
2076 100 24,480,1224,1224
2077 100 24,504,1224,1224
2078 100 24,504,1224,1224
2079 100 48,504,1224,1224
2080 100 0,504,1224,1224
2081 100 24,480,1224,1224
2082 100 0,480,1224,1224
2083 100 0,504,1224,1224
2084 100 0,504,1224,1224
2085 100 0,504,1224,1224
2086 100 24,504,1224,1224
2087 100 0,528,1224,1200
2088 100 48,528,1224,1224
2089 100 0,528,1224,1224
2090 100 24,528,1224,1224
2091 100 0,552,1224,1200
2092 100 0,528,1224,1224
2093 100 96,528,1224,1224
2094 100 24,528,1224,1224
2095 100 48,528,1224,1200
2096 100 0,528,1224,1200
2097 100 0,528,1224,1200
