0 100 384,504,1224,1224
1 100 384,504,1224,1224
2 100 384,504,1224,1224
3 100 384,504,1224,1224
4 100 384,528,1224,1200
5 100 384,528,1224,1200
6 100 384,528,1224,1200
7 100 360,528,1224,1200
8 100 360,528,1224,1200
9 100 360,528,1224,1200
10 100 360,528,1224,1200
11 100 360,528,1224,1200
12 100 360,528,1224,1200
13 100 360,528,1224,1200
14 100 336,528,1224,1200
15 100 336,528,1224,1200
16 100 336,528,1224,1200
17 100 336,528,1224,1200
18 100 312,528,1224,1200
19 100 312,528,1224,1200
20 100 312,528,1224,1200
21 100 288,528,1224,1200
22 100 288,504,1224,1224
23 100 288,504,1224,1224
24 100 288,504,1224,1200
25 100 264,504,1224,1200
26 100 264,504,1224,1200
27 100 264,504,1224,1200
28 100 264,504,1224,1200
29 100 264,504,1224,1200
30 100 264,504,1224,1200
31 100 264,504,1224,1200
32 100 264,504,1224,1200
33 100 264,504,1224,1200
34 100 264,504,1224,1200
35 100 288,504,1224,1200
36 100 288,504,1224,1200
37 100 288,504,1224,1224
38 100 288,504,1224,1224
39 100 288,504,1224,1200
40 100 288,504,1224,1200
41 100 288,504,1224,1200
42 100 288,504,1224,1200
43 100 288,504,1224,1200
44 100 312,504,1224,1200
45 100 312,504,1224,1200
46 100 312,504,1224,1200
47 100 312,480,1224,1224
48 100 312,480,1224,1224
49 100 312,504,1224,1200
50 100 336,504,1224,1200
51 100 336,504,1224,1200
52 100 336,480,1224,1224
53 100 336,480,1224,1224
54 100 336,480,1224,1200
55 100 336,480,1224,1200
56 100 336,480,1224,1200
57 100 336,480,1224,1200
58 100 336,456,1224,1224
59 100 360,456,1224,1224
60 100 360,480,1224,1200
61 100 360,480,1224,1200
62 100 360,480,1224,1200
63 100 384,480,1224,1200
64 100 384,480,1224,1200
65 100 408,480,1224,1200
66 100 408,480,1224,1200
67 100 408,480,1224,1200
68 100 408,480,1224,1200
69 100 432,480,1224,1200
70 100 432,480,1224,1200
71 100 432,480,1224,1200
72 100 432,480,1224,1200
73 100 432,480,1224,1200
74 100 432,480,1224,1200
75 100 432,480,1224,1200
76 100 432,480,1224,1200
77 100 432,480,1224,1200
78 100 432,480,1224,1200
79 100 432,480,1224,1200
80 100 408,480,1224,1200
81 100 408,480,1224,1200
82 100 408,480,1224,1224
83 100 408,480,1224,1224
84 100 408,480,1224,1224
85 100 408,480,1224,1224
86 100 408,480,1224,1224
87 100 408,504,1224,1200
88 100 408,504,1224,1200
89 100 408,504,1224,1200
90 100 408,504,1224,1200
91 100 408,504,1224,1200
92 100 408,504,1224,1200
93 100 408,504,1224,1200
94 100 384,504,1224,1200
95 100 384,504,1224,1200
96 100 384,504,1224,1200
97 100 384,504,1224,1200
98 100 384,504,1224,1200
99 100 384,504,1224,1200
100 100 384,504,1224,1200
101 100 384,504,1224,1200
102 100 384,504,1224,1200
103 100 360,504,1224,1200
104 100 360,504,1224,1200
105 100 360,504,1224,1200
106 100 360,504,1224,1200
107 100 360,504,1224,1200
108 100 360,504,1224,1200
109 100 360,504,1224,1200
110 100 360,504,1224,1200
111 100 336,504,1224,1224
112 100 336,528,1224,1200
113 100 336,504,1224,1224
114 100 336,504,1224,1200
115 100 336,504,1224,1200
116 100 312,504,1224,1200
117 100 312,504,1224,1224
118 100 312,528,1224,1200
119 100 312,528,1224,1200
120 100 288,528,1224,1200
121 100 288,528,1224,1200
122 100 288,528,1224,1200
123 100 288,528,1224,1200
124 100 288,528,1224,1200
125 100 288,528,1224,1200
126 100 288,528,1224,1200
127 100 288,528,1224,1200
128 100 288,528,1224,1200
129 100 288,528,1224,1200
130 100 288,528,1224,1224
131 100 288,528,1224,1200
132 100 288,528,1224,1200
133 100 288,528,1224,1200
134 100 288,528,1224,1200
135 100 288,528,1224,1224
136 100 288,552,1224,1200
137 100 264,552,1224,1200
138 100 288,552,1224,1200
139 100 264,552,1224,1200
140 100 288,552,1224,1200
141 100 264,552,1224,1200
142 100 264,552,1224,1200
143 100 264,552,1224,1224
144 100 264,576,1224,1200
145 100 264,552,1224,1224
146 100 264,576,1224,1200
147 100 264,576,1224,1200
148 100 240,576,1224,1200
149 100 264,552,1224,1224
150 100 264,552,1224,1200
151 100 288,552,1224,1200
152 100 288,528,1224,1224
153 100 288,528,1224,1224
154 100 288,528,1224,1224
155 100 288,552,1224,1200
156 100 288,552,1224,1200
157 100 288,552,1224,1200
158 100 288,528,1224,1224
159 100 288,528,1224,1224
160 100 288,528,1224,1224
161 100 288,528,1224,1224
162 100 288,528,1224,1224
163 100 288,528,1224,1224
164 100 288,528,1224,1224
165 100 288,552,1224,1200
166 100 288,552,1224,1200
167 100 288,552,1224,1200
168 100 288,528,1224,1224
169 100 288,528,1224,1224
170 100 288,528,1224,1200
171 100 288,528,1224,1200
172 100 288,528,1224,1200
173 100 288,528,1224,1200
174 100 288,504,1224,1224
175 100 312,504,1224,1224
176 100 312,504,1224,1224
177 100 312,504,1224,1224
178 100 312,528,1224,1200
179 100 312,528,1224,1200
180 100 336,504,1224,1224
181 100 336,504,1224,1200
182 100 336,504,1224,1200
183 100 336,504,1224,1200
184 100 336,480,1224,1224
185 100 336,504,1224,1200
186 100 336,504,1224,1200
187 100 336,504,1224,1200
188 100 312,504,1224,1224
189 100 312,504,1224,1224
190 100 312,504,1224,1224
191 100 312,504,1224,1224
192 100 312,504,1224,1224
193 100 312,504,1224,1224
194 100 312,504,1224,1224
195 100 312,504,1224,1224
196 100 312,504,1224,1224
197 100 312,504,1224,1224
198 100 312,504,1224,1200
199 100 312,504,1224,1224
200 100 312,528,1224,1200
201 100 288,528,1224,1200
202 100 288,528,1224,1200
203 100 288,528,1224,1200
204 100 288,528,1224,1200
205 100 288,528,1224,1200
206 100 288,528,1224,1200
207 100 288,528,1224,1200
208 100 288,528,1224,1200
209 100 288,528,1224,1200
210 100 288,528,1224,1200
211 100 288,528,1224,1200
212 100 288,528,1224,1200
213 100 288,528,1224,1200
214 100 288,528,1224,1200
215 100 288,528,1224,1200
216 100 288,528,1224,1200
217 100 288,528,1224,1200
218 100 288,528,1224,1200
219 100 288,528,1224,1200
220 100 288,528,1224,1200
221 100 288,528,1224,1200
222 100 288,528,1224,1200
223 100 288,528,1224,1200
224 100 288,528,1224,1224
225 100 312,528,1224,1224
226 100 312,528,1224,1224
227 100 312,528,1224,1224
228 100 312,528,1224,1224
229 100 312,528,1224,1200
230 100 312,528,1224,1200
231 100 336,528,1224,1200
232 100 336,528,1224,1200
233 100 336,528,1224,1200
234 100 336,528,1224,1200
235 100 360,528,1224,1200
236 100 360,528,1224,1200
237 100 360,528,1224,1200
238 100 384,528,1224,1200
239 100 384,504,1224,1224
240 100 384,504,1224,1200
241 100 408,504,1224,1200
242 100 408,504,1224,1200
243 100 432,480,1224,1200
244 100 432,480,1224,1200
245 100 456,480,1224,1200
246 100 480,480,1224,1200
247 100 480,480,1224,1200
248 100 504,480,1224,1200
249 100 504,480,1224,1200
250 100 504,480,1224,1200
251 100 528,456,1224,1224
252 100 528,456,1224,1200
253 100 528,456,1224,1200
254 100 528,432,1224,1224
255 100 528,432,1224,1200
256 100 528,408,1224,1224
257 100 528,408,1224,1200
258 100 504,384,1224,1200
259 100 504,384,1224,1200
260 100 504,360,1224,1224
261 100 504,360,1224,1224
262 100 504,360,1224,1224
263 100 504,360,1224,1224
264 100 504,360,1224,1224
265 100 504,384,1224,1200
266 100 528,384,1224,1200
267 100 528,384,1224,1200
268 100 528,384,1224,1224
269 100 552,384,1224,1224
270 100 552,408,1224,1200
271 100 552,408,1224,1200
272 100 552,408,1224,1200
273 100 576,408,1224,1200
274 100 576,408,1224,1200
275 100 576,408,1224,1200
276 100 576,408,1224,1200
277 100 576,408,1224,1200
278 100 600,408,1224,1200
279 100 600,408,1224,1200
280 100 600,408,1224,1200
281 100 624,408,1224,1224
282 100 624,432,1224,1200
283 100 648,432,1224,1200
284 100 648,432,1224,1200
285 100 672,432,1224,1200
286 100 672,432,1224,1200
287 100 672,432,1224,1200
288 100 696,432,1224,1200
289 100 696,432,1224,1200
290 100 720,432,1224,1200
291 100 744,432,1224,1200
292 100 768,432,1224,1224
293 100 768,456,1224,1200
294 100 792,456,1224,1200
295 100 816,456,1224,1200
296 100 816,456,1224,1200
297 100 840,456,1224,1200
298 100 864,456,1224,1200
299 100 864,456,1224,1200
300 100 888,456,1224,1200
301 100 888,456,1224,1200
302 100 912,456,1224,1200
303 100 936,456,1224,1200
304 100 936,456,1224,1224
305 100 960,456,1224,1224
306 100 960,456,1224,1224
307 100 984,480,1224,1200
308 100 984,480,1224,1200
309 100 1008,480,1224,1200
310 100 1008,480,1224,1200
311 100 1008,480,1224,1200
312 100 1032,480,1224,1200
313 100 1032,480,1224,1200
314 100 1032,456,1224,1224
315 100 1032,456,1224,1224
316 100 1032,456,1224,1224
317 100 1056,456,1224,1200
318 100 1056,456,1224,1200
319 100 1080,456,1224,1200
320 100 1104,456,1224,1224
321 100 1128,456,1224,1200
322 100 1152,456,1224,1224
323 100 1176,456,1224,1224
324 100 1200,480,1224,1200
325 100 1224,480,1224,1200
326 100 1248,480,1224,1200
327 100 1248,480,1224,1224
328 100 1272,480,1224,1224
329 100 1272,504,1224,1200
330 100 1296,504,1224,1200
331 100 1296,504,1224,1200
332 100 1296,504,1224,1224
333 100 1296,504,1224,1224
334 100 1296,504,1224,1224
335 100 1296,504,1224,1224
336 100 1296,504,1224,1224
337 100 1296,504,1224,1200
338 100 1272,480,1224,1224
339 100 1224,480,1224,1224
340 100 1200,480,1224,1224
341 100 1176,480,1224,1224
342 100 1128,480,1224,1224
343 100 1104,504,1224,1200
344 100 1056,504,1224,1200
345 100 1032,504,1224,1200
346 100 1008,504,1224,1200
347 100 984,504,1224,1224
348 100 936,504,1224,1224
349 100 912,528,1224,1200
350 100 888,528,1224,1200
351 100 864,528,1224,1200
352 100 840,528,1224,1200
353 100 816,528,1224,1200
354 100 792,528,1224,1200
355 100 768,528,1224,1200
356 100 768,528,1224,1200
357 100 744,528,1224,1200
358 100 720,528,1224,1200
359 100 720,528,1224,1200
360 100 696,528,1224,1200
361 100 696,528,1224,1200
362 100 672,528,1224,1224
363 100 672,528,1224,1224
364 100 648,528,1224,1224
365 100 648,552,1224,1200
366 100 624,552,1224,1200
367 100 624,552,1224,1200
368 100 600,552,1224,1200
369 100 576,552,1224,1200
370 100 552,552,1224,1200
371 100 552,552,1224,1200
372 100 528,552,1224,1200
373 100 504,552,1224,1200
374 100 480,552,1224,1200
375 100 456,552,1224,1200
376 100 456,552,1224,1200
377 100 432,552,1224,1200
378 100 408,552,1224,1224
379 100 384,552,1224,1224
380 100 360,552,1224,1224
381 100 336,576,1224,1200
382 100 336,576,1224,1200
383 100 312,552,1224,1224
384 100 288,552,1224,1224
385 100 264,576,1224,1200
386 100 264,576,1224,1200
387 100 240,576,1224,1200
388 100 240,576,1224,1200
389 100 216,576,1224,1200
390 100 192,576,1224,1200
391 100 192,576,1224,1200
392 100 168,576,1224,1200
393 100 168,576,1224,1200
394 100 144,576,1224,1200
395 100 144,576,1224,1200
396 100 120,576,1224,1200
397 100 96,576,1224,1200
398 100 96,576,1224,1200
399 100 72,576,1224,1200
400 100 48,576,1224,1200
401 100 48,552,1224,1224
402 100 24,552,1224,1224
403 100 24,552,1224,1200
404 100 0,552,1224,1200
405 100 0,552,1224,1200
406 100 0,552,1224,1200
407 100 24,552,1224,1200
408 100 0,552,1224,1200
409 100 24,552,1224,1200
410 100 0,552,1224,1200
411 100 0,552,1224,1200
412 100 24,552,1224,1200
413 100 0,552,1224,1200
414 100 24,552,1224,1200
415 100 24,552,1224,1200
416 100 0,552,1224,1200
417 100 48,552,1224,1200
418 100 24,552,1224,1200
419 100 24,552,1224,1200
420 100 0,552,1224,1200
421 100 0,552,1224,1200
422 100 48,552,1224,1200
423 100 48,552,1224,1200
424 100 48,552,1224,1200
425 100 48,552,1224,1200
426 100 24,552,1224,1200
427 100 24,552,1224,1200
428 100 24,552,1224,1200
429 100 24,552,1224,1200
430 100 0,552,1224,1200
431 100 0,528,1224,1224
432 100 0,528,1224,1224
433 100 0,528,1224,1224
434 100 144,528,1224,1224
435 100 120,528,1224,1224
436 100 96,528,1224,1224
437 100 96,528,1224,1224
438 100 72,552,1224,1200
439 100 72,552,1224,1200
440 100 72,552,1224,1200
441 100 72,552,1224,1200
442 100 72,552,1224,1200
443 100 96,528,1224,1224
444 100 120,528,1224,1224
445 100 144,528,1224,1224
446 100 192,528,1224,1224
447 100 3384,528,1224,1200
448 100 0,528,1224,1200
449 100 0,528,1224,1200
450 100 0,528,1224,1200
451 100 3432,528,1224,1200
452 100 3456,528,1224,1200
453 100 3408,528,1224,1200
454 100 3408,528,1224,1200
455 100 3384,528,1224,1200
456 100 24,528,1224,1224
457 100 24,528,1224,1224
458 100 0,528,1224,1224
459 100 3696,528,1224,1224
460 100 0,528,1224,1224
461 100 24,528,1224,1224
462 100 3384,528,1224,1200
463 100 3672,528,1224,1224
464 100 3648,528,1224,1224
465 100 3600,528,1224,1224
466 100 3576,552,1224,1200
467 100 3552,552,1224,1200
468 100 3504,552,1224,1200
469 100 3504,552,1224,1200
470 100 3480,552,1224,1200
471 100 3456,552,1224,1200
472 100 3456,552,1224,1200
473 100 3456,552,1224,1200
474 100 3480,552,1224,1200
475 100 3528,552,1224,1200
476 100 3432,528,1224,1200
477 100 3648,504,1224,1224
478 100 3408,504,1224,1200
479 100 3432,504,1224,1200
480 100 3408,504,1224,1200
481 100 3408,504,1224,1200
482 100 24,504,1224,1224
483 100 3696,504,1224,1224
484 100 3696,504,1224,1224
485 100 3672,504,1224,1224
486 100 0,504,1224,1224
487 100 0,504,1224,1224
488 100 0,504,1224,1224
489 100 0,504,1224,1224
490 100 0,504,1224,1224
491 100 3552,528,1224,1200
492 100 3480,528,1224,1200
493 100 3432,528,1224,1200
494 100 3408,528,1224,1200
495 100 3384,528,1224,1200
496 100 3384,528,1224,1200
497 100 3408,528,1224,1200
498 100 0,528,1224,1200
499 100 24,528,1224,1200
500 100 48,528,1224,1200
501 100 72,528,1224,1200
502 100 72,528,1224,1200
503 100 72,528,1224,1200
504 100 72,528,1224,1200
505 100 72,528,1224,1200
506 100 48,528,1224,1200
507 100 48,528,1224,1200
508 100 72,528,1224,1200
509 100 96,528,1224,1200
510 100 96,528,1224,1200
511 100 96,528,1224,1200
512 100 0,528,1224,1200
513 100 24,528,1224,1200
514 100 24,504,1224,1224
515 100 48,504,1224,1224
516 100 0,504,1224,1200
517 100 0,504,1224,1200
518 100 24,504,1224,1200
519 100 24,504,1224,1200
520 100 48,504,1224,1200
521 100 48,504,1224,1200
522 100 0,504,1224,1200
523 100 0,504,1224,1200
524 100 0,504,1224,1200
525 100 0,504,1224,1200
526 100 24,504,1224,1200
527 100 24,504,1224,1200
528 100 24,504,1224,1200
529 100 24,504,1224,1200
530 100 24,504,1224,1200
531 100 24,504,1224,1200
532 100 0,504,1224,1200
533 100 0,504,1224,1200
534 100 0,504,1224,1200
535 100 48,504,1224,1200
536 100 48,504,1224,1224
537 100 0,504,1224,1200
538 100 0,504,1224,1200
539 100 0,504,1224,1200
540 100 0,504,1224,1224
541 100 0,504,1224,1224
542 100 0,504,1224,1224
543 100 0,504,1224,1200
544 100 0,504,1224,1200
545 100 0,504,1224,1200
546 100 0,504,1224,1200
547 100 48,504,1224,1200
548 100 48,504,1224,1200
549 100 48,504,1224,1200
550 100 48,504,1224,1200
551 100 48,504,1224,1200
552 100 48,504,1224,1224
553 100 48,504,1224,1224
554 100 48,504,1224,1224
555 100 48,504,1224,1224
556 100 0,504,1224,1224
557 100 0,504,1224,1200
558 100 0,504,1224,1200
559 100 0,504,1224,1200
560 100 0,504,1224,1200
561 100 0,504,1224,1200
562 100 0,504,1224,1200
563 100 0,504,1224,1200
564 100 0,504,1224,1200
565 100 0,504,1224,1200
566 100 24,504,1224,1200
567 100 24,504,1224,1200
568 100 48,504,1224,1200
569 100 0,504,1224,1200
570 100 24,504,1224,1200
571 100 0,480,1224,1224
572 100 24,480,1224,1200
573 100 0,480,1224,1200
574 100 24,480,1224,1200
575 100 0,480,1224,1200
576 100 24,456,1224,1224
577 100 24,456,1224,1224
578 100 0,456,1224,1224
579 100 0,456,1224,1200
580 100 0,456,1224,1200
581 100 24,456,1224,1200
582 100 24,456,1224,1200
583 100 24,456,1224,1200
584 100 24,456,1224,1200
585 100 24,456,1224,1200
586 100 24,456,1224,1200
587 100 24,456,1224,1200
588 100 0,456,1224,1200
589 100 0,456,1224,1200
590 100 0,456,1224,1200
591 100 0,432,1224,1224
592 100 24,432,1224,1224
593 100 24,432,1224,1200
594 100 0,432,1224,1200
595 100 0,432,1224,1200
596 100 0,432,1224,1200
597 100 0,432,1224,1200
598 100 0,432,1224,1200
599 100 0,432,1224,1200
600 100 0,432,1224,1200
601 100 24,432,1224,1200
602 100 0,432,1224,1200
603 100 0,408,1224,1224
604 100 0,408,1224,1224
605 100 0,408,1224,1200
606 100 0,408,1224,1200
607 100 0,408,1224,1200
608 100 0,384,1224,1224
609 100 0,384,1224,1224
610 100 0,384,1224,1200
611 100 0,384,1224,1200
612 100 0,384,1224,1200
613 100 0,384,1224,1200
614 100 0,384,1224,1200
615 100 0,384,1224,1200
616 100 24,384,1224,1224
617 100 24,384,1224,1224
618 100 48,408,1224,1200
619 100 48,408,1224,1200
620 100 72,408,1224,1200
621 100 72,408,1224,1200
622 100 96,408,1224,1200
623 100 120,408,1224,1200
624 100 120,408,1224,1200
625 100 144,408,1224,1200
626 100 144,408,1224,1200
627 100 144,408,1224,1200
628 100 144,408,1224,1200
629 100 168,408,1224,1200
630 100 168,408,1224,1200
631 100 168,408,1224,1224
632 100 168,408,1224,1224
633 100 192,432,1224,1200
634 100 192,432,1224,1200
635 100 192,432,1224,1224
636 100 192,456,1224,1200
637 100 192,456,1224,1224
638 100 216,480,1224,1200
639 100 216,480,1224,1200
640 100 216,480,1224,1200
641 100 192,480,1224,1200
642 100 192,456,1224,1224
643 100 192,456,1224,1224
644 100 192,456,1224,1224
645 100 192,480,1224,1200
646 100 168,480,1224,1200
647 100 168,480,1224,1200
648 100 168,480,1224,1200
649 100 144,480,1224,1224
650 100 144,480,1224,1224
651 100 120,480,1224,1200
652 100 120,480,1224,1200
653 100 96,480,1224,1200
654 100 96,480,1224,1200
655 100 96,480,1224,1200
656 100 72,480,1224,1200
657 100 72,480,1224,1200
658 100 72,480,1224,1200
659 100 72,480,1224,1200
660 100 48,480,1224,1200
661 100 48,480,1224,1224
662 100 24,480,1224,1224
663 100 24,480,1224,1224
664 100 24,480,1224,1224
665 100 0,504,1224,1200
666 100 0,480,1224,1224
667 100 0,504,1224,1200
668 100 0,504,1224,1200
669 100 0,504,1224,1200
670 100 0,504,1224,1200
671 100 0,504,1224,1200
672 100 24,504,1224,1200
673 100 0,504,1224,1200
674 100 0,504,1224,1200
675 100 0,504,1224,1200
676 100 24,504,1224,1200
677 100 24,504,1224,1200
678 100 0,504,1224,1200
679 100 0,504,1224,1200
680 100 0,504,1224,1200
681 100 24,504,1224,1200
682 100 24,504,1224,1200
683 100 24,504,1224,1200
684 100 24,504,1224,1200
685 100 24,504,1224,1200
686 100 24,504,1224,1200
687 100 24,504,1224,1200
688 100 24,504,1224,1200
689 100 24,504,1224,1200
690 100 24,504,1224,1200
691 100 0,504,1224,1200
692 100 0,504,1224,1200
693 100 0,504,1224,1200
694 100 48,504,1224,1200
695 100 24,504,1224,1200
696 100 24,504,1224,1200
697 100 24,504,1224,1200
698 100 24,504,1224,1200
699 100 0,504,1224,1200
700 100 0,504,1224,1200
701 100 72,504,1224,1200
702 100 48,504,1224,1200
703 100 48,504,1224,1200
704 100 24,504,1224,1200
705 100 0,504,1224,1200
706 100 0,504,1224,1200
707 100 72,504,1224,1200
708 100 48,504,1224,1200
709 100 24,504,1224,1200
710 100 0,504,1224,1224
711 100 144,504,1224,1224
712 100 96,504,1224,1224
713 100 72,528,1224,1200
714 100 48,528,1224,1200
715 100 24,528,1224,1200
716 100 24,528,1224,1200
717 100 0,528,1224,1200
718 100 0,528,1224,1200
719 100 0,528,1224,1200
720 100 0,528,1224,1200
721 100 0,528,1224,1200
722 100 0,528,1224,1200
723 100 0,504,1224,1224
724 100 0,504,1224,1224
725 100 0,504,1224,1224
726 100 24,504,1224,1224
727 100 3384,504,1224,1200
728 100 3456,504,1224,1200
729 100 3528,504,1224,1200
730 100 3576,504,1224,1200
731 100 3528,504,1224,1200
732 100 3456,504,1224,1200
733 100 3432,504,1224,1200
734 100 3408,504,1224,1200
735 100 3480,504,1224,1200
736 100 3576,504,1224,1200
737 100 3600,480,1224,1224
738 100 3336,480,1224,1224
739 100 3408,480,1224,1200
740 100 3408,480,1224,1200
741 100 3456,480,1224,1200
742 100 3288,480,1224,1200
743 100 3312,480,1224,1200
744 100 3312,456,1224,1224
745 100 3336,456,1224,1224
746 100 3336,480,1224,1200
747 100 3312,480,1224,1200
748 100 3288,480,1224,1200
749 100 3264,480,1224,1200
750 100 3264,480,1224,1200
751 100 3240,480,1224,1200
752 100 3216,480,1224,1200
753 100 3192,480,1224,1224
754 100 3144,504,1224,1200
755 100 3000,504,1224,1200
756 100 2952,504,1224,1200
757 100 2952,504,1224,1224
758 100 2928,528,1224,1200
759 100 2928,528,1224,1200
760 100 2856,528,1224,1200
761 100 2856,528,1224,1200
762 100 2832,528,1224,1200
763 100 2760,528,1224,1200
764 100 2760,528,1224,1200
765 100 2688,528,1224,1200
766 100 2712,528,1224,1200
767 100 2688,528,1224,1200
768 100 2664,528,1224,1200
769 100 2664,528,1224,1200
770 100 2664,528,1224,1224
771 100 2664,528,1224,1224
772 100 2664,528,1224,1224
773 100 2640,528,1224,1224
774 100 2640,552,1224,1200
775 100 2640,552,1224,1200
776 100 2640,552,1224,1200
777 100 2640,552,1224,1200
778 100 2640,552,1224,1200
779 100 2640,552,1224,1200
780 100 2616,552,1224,1200
781 100 2616,552,1224,1224
782 100 2592,552,1224,1224
783 100 2592,552,1224,1224
784 100 2592,552,1224,1224
785 100 2592,552,1224,1224
786 100 2592,552,1224,1200
787 100 2592,552,1224,1200
788 100 2592,552,1224,1200
789 100 2592,552,1224,1200
790 100 2592,552,1224,1200
791 100 2568,552,1224,1200
792 100 2568,552,1224,1200
793 100 2568,552,1224,1200
794 100 2592,552,1224,1200
795 100 2592,552,1224,1200
796 100 2592,552,1224,1200
797 100 2592,552,1224,1200
798 100 2592,552,1224,1200
799 100 2592,552,1224,1200
800 100 2592,552,1224,1200
801 100 2592,552,1224,1200
802 100 2616,552,1224,1200
803 100 2616,552,1224,1200
804 100 2616,552,1224,1200
805 100 2640,552,1224,1200
806 100 2640,552,1224,1200
807 100 2640,552,1224,1200
808 100 2640,552,1224,1200
809 100 2640,552,1224,1200
810 100 2640,552,1224,1200
811 100 2640,552,1224,1200
812 100 2640,552,1224,1200
813 100 2640,552,1224,1200
814 100 2688,552,1224,1200
815 100 2712,528,1224,1224
816 100 2712,528,1224,1224
817 100 2784,528,1224,1224
818 100 2856,528,1224,1224
819 100 2856,528,1224,1224
820 100 2928,552,1224,1200
821 100 3024,552,1224,1200
822 100 3024,552,1224,1200
823 100 3144,552,1224,1200
824 100 3144,552,1224,1200
825 100 3168,552,1224,1200
826 100 3288,552,1224,1200
827 100 3312,552,1224,1200
828 100 3288,552,1224,1200
829 100 3288,552,1224,1200
830 100 3576,552,1224,1200
831 100 3552,552,1224,1200
832 100 3552,552,1224,1200
833 100 3600,552,1224,1200
834 100 3576,552,1224,1200
835 100 3576,552,1224,1200
836 100 3600,528,1224,1224
837 100 3648,528,1224,1224
838 100 0,528,1224,1224
839 100 3408,528,1224,1200
840 100 3432,528,1224,1200
841 100 3456,528,1224,1200
842 100 3480,528,1224,1200
843 100 3480,528,1224,1200
844 100 3480,528,1224,1200
845 100 3480,528,1224,1200
846 100 3480,528,1224,1200
847 100 3432,528,1224,1200
848 100 3432,528,1224,1200
849 100 3456,528,1224,1200
850 100 3456,528,1224,1200
851 100 3480,528,1224,1200
852 100 3504,528,1224,1200
853 100 3504,528,1224,1200
854 100 3504,528,1224,1200
855 100 3504,528,1224,1200
856 100 3504,528,1224,1200
857 100 3480,528,1224,1200
858 100 3528,528,1224,1200
859 100 3528,528,1224,1200
860 100 3528,528,1224,1200
861 100 3480,528,1224,1200
862 100 3504,528,1224,1200
863 100 3504,528,1224,1200
864 100 3528,528,1224,1200
865 100 3528,528,1224,1200
866 100 3528,528,1224,1200
867 100 3552,528,1224,1200
868 100 3552,528,1224,1200
869 100 3552,528,1224,1200
870 100 3576,528,1224,1200
871 100 3576,528,1224,1200
872 100 3576,528,1224,1200
873 100 3624,504,1224,1224
874 100 3624,504,1224,1224
875 100 3624,504,1224,1224
876 100 3624,504,1224,1224
877 100 3600,504,1224,1224
878 100 3600,504,1224,1224
879 100 3624,504,1224,1224
880 100 3624,504,1224,1224
881 100 3624,504,1224,1224
882 100 3624,504,1224,1224
883 100 3648,504,1224,1224
884 100 3648,504,1224,1224
885 100 3624,504,1224,1224
886 100 3624,504,1224,1224
887 100 3624,504,1224,1224
888 100 3600,504,1224,1224
889 100 3600,504,1224,1224
890 100 3576,528,1224,1200
891 100 3576,528,1224,1200
892 100 3576,528,1224,1200
893 100 3576,528,1224,1200
894 100 3528,528,1224,1200
895 100 3528,528,1224,1200
896 100 3528,528,1224,1200
897 100 3528,528,1224,1200
898 100 3552,528,1224,1200
899 100 3528,528,1224,1200
900 100 3552,528,1224,1200
901 100 3576,528,1224,1200
902 100 3576,528,1224,1200
903 100 3552,528,1224,1200
904 100 3552,528,1224,1200
905 100 3552,528,1224,1200
906 100 3552,528,1224,1200
907 100 3600,504,1224,1224
908 100 3600,504,1224,1224
909 100 3648,504,1224,1224
910 100 3648,504,1224,1224
911 100 3648,504,1224,1224
912 100 3648,504,1224,1224
913 100 3600,504,1224,1224
914 100 3552,528,1224,1200
915 100 3552,528,1224,1200
916 100 3600,504,1224,1224
917 100 3600,504,1224,1224
918 100 3600,504,1224,1224
919 100 3648,504,1224,1224
920 100 3624,504,1224,1224
921 100 3624,504,1224,1224
922 100 3624,504,1224,1224
923 100 3648,504,1224,1224
924 100 0,504,1224,1224
925 100 3648,504,1224,1224
926 100 0,504,1224,1224
927 100 0,504,1224,1224
928 100 0,504,1224,1224
929 100 0,504,1224,1224
930 100 24,504,1224,1224
931 100 0,504,1224,1224
932 100 24,504,1224,1224
933 100 24,504,1224,1224
934 100 24,504,1224,1224
935 100 24,504,1224,1224
936 100 24,504,1224,1224
937 100 24,504,1224,1224
938 100 48,504,1224,1224
939 100 24,504,1224,1224
940 100 48,504,1224,1224
941 100 48,504,1224,1224
942 100 72,504,1224,1224
943 100 3408,504,1224,1200
944 100 3408,504,1224,1200
945 100 48,504,1224,1224
946 100 48,504,1224,1224
947 100 24,504,1224,1224
948 100 24,504,1224,1224
949 100 0,504,1224,1224
950 100 0,504,1224,1224
951 100 0,504,1224,1224
952 100 3552,528,1224,1200
953 100 3504,528,1224,1200
954 100 3456,528,1224,1200
955 100 48,528,1224,1224
956 100 3408,552,1224,1200
957 100 48,552,1224,1224
958 100 144,552,1224,1224
959 100 3384,552,1224,1200
960 100 3408,552,1224,1200
961 100 3408,552,1224,1200
962 100 0,552,1224,1200
963 100 0,552,1224,1200
964 100 24,552,1224,1200
965 100 24,552,1224,1200
966 100 48,552,1224,1200
967 100 48,552,1224,1200
968 100 24,552,1224,1200
969 100 0,552,1224,1200
970 100 144,552,1224,1224
971 100 96,552,1224,1224
972 100 48,576,1224,1200
973 100 48,576,1224,1200
974 100 48,576,1224,1200
975 100 72,576,1224,1200
976 100 96,552,1224,1224
977 100 0,552,1224,1224
978 100 24,552,1224,1200
979 100 48,552,1224,1200
980 100 72,552,1224,1200
981 100 0,528,1224,1224
982 100 72,528,1224,1200
983 100 24,504,1224,1224
984 100 0,504,1224,1200
985 100 48,480,1224,1224
986 100 24,480,1224,1200
987 100 72,456,1224,1224
988 100 24,456,1224,1200
989 100 0,432,1224,1224
990 100 24,432,1224,1200
991 100 0,432,1224,1200
992 100 24,408,1224,1200
993 100 0,384,1224,1224
994 100 72,384,1224,1200
995 100 24,360,1224,1200
996 100 24,336,1224,1200
997 100 24,312,1224,1200
998 100 24,288,1224,1200
999 100 96,264,1224,1200
1000 100 24,264,1224,1200
1001 100 72,240,1224,1224
1002 100 72,240,1224,1224
1003 100 48,264,1224,1200
1004 100 24,264,1224,1200
1005 100 72,264,1224,1224
1006 100 48,288,1224,1200
1007 100 0,312,1224,1200
1008 100 48,336,1224,1224
1009 100 0,384,1224,1224
1010 100 24,432,1224,1224
1011 100 0,456,1224,1224
1012 100 24,480,1224,1200
1013 100 0,480,1224,1200
1014 100 24,480,1224,1200
1015 100 0,480,1224,1200
1016 100 0,480,1224,1200
1017 100 0,480,1224,1200
1018 100 0,480,1224,1200
1019 100 24,480,1224,1200
1020 100 0,480,1224,1200
1021 100 0,480,1224,1224
1022 100 0,480,1224,1224
1023 100 24,504,1224,1200
1024 100 0,504,1224,1200
1025 100 0,504,1224,1200
1026 100 0,504,1224,1200
1027 100 24,504,1224,1224
1028 100 48,504,1224,1224
1029 100 48,504,1224,1224
1030 100 72,504,1224,1200
1031 100 72,504,1224,1200
1032 100 96,504,1224,1224
1033 100 120,504,1224,1224
1034 100 120,504,1224,1224
1035 100 144,504,1224,1224
1036 100 144,528,1224,1200
1037 100 168,528,1224,1200
1038 100 168,528,1224,1200
1039 100 192,528,1224,1200
1040 100 192,528,1224,1224
1041 100 192,528,1224,1224
1042 100 216,528,1224,1224
1043 100 216,528,1224,1224
1044 100 240,528,1224,1224
1045 100 240,528,1224,1224
1046 100 240,528,1224,1200
1047 100 264,528,1224,1200
1048 100 264,528,1224,1200
1049 100 264,528,1224,1200
1050 100 288,528,1224,1200
1051 100 288,528,1224,1200
1052 100 288,528,1224,1200
1053 100 312,504,1224,1224
1054 100 312,504,1224,1224
1055 100 312,504,1224,1224
1056 100 336,504,1224,1224
1057 100 336,528,1224,1200
1058 100 336,528,1224,1200
1059 100 336,528,1224,1200
1060 100 336,528,1224,1200
1061 100 336,528,1224,1200
1062 100 360,528,1224,1200
1063 100 360,528,1224,1200
1064 100 360,528,1224,1200
1065 100 360,528,1224,1200
1066 100 360,528,1224,1200
1067 100 360,528,1224,1200
1068 100 360,528,1224,1200
1069 100 360,528,1224,1200
1070 100 360,528,1224,1200
1071 100 360,528,1224,1200
1072 100 384,528,1224,1200
1073 100 384,528,1224,1200
1074 100 384,528,1224,1200
1075 100 408,528,1224,1200
1076 100 432,528,1224,1200
1077 100 432,528,1224,1200
1078 100 456,528,1224,1200
1079 100 480,528,1224,1200
1080 100 504,528,1224,1200
1081 100 528,528,1224,1200
1082 100 552,528,1224,1200
1083 100 576,528,1224,1200
1084 100 600,528,1224,1224
1085 100 624,528,1224,1224
1086 100 648,528,1224,1224
1087 100 672,528,1224,1200
1088 100 672,528,1224,1200
1089 100 696,528,1224,1224
1090 100 672,528,1224,1224
1091 100 672,552,1224,1200
1092 100 648,552,1224,1224
1093 100 648,576,1224,1200
1094 100 624,600,1224,1200
1095 100 600,624,1224,1200
1096 100 600,648,1224,1200
1097 100 576,648,1224,1200
1098 100 552,672,1224,1200
1099 100 552,672,1224,1224
1100 100 528,696,1224,1200
1101 100 528,696,1224,1200
1102 100 528,696,1224,1224
1103 100 504,720,1224,1200
1104 100 504,720,1224,1224
1105 100 504,720,1224,1224
1106 100 504,720,1224,1200
1107 100 528,720,1224,1200
1108 100 552,696,1224,1224
1109 100 576,696,1224,1200
1110 100 576,696,1224,1200
1111 100 600,696,1224,1200
1112 100 648,696,1224,1200
1113 100 672,696,1224,1224
1114 100 720,696,1224,1224
1115 100 720,720,1224,1200
1116 100 744,720,1224,1200
1117 100 768,720,1224,1200
1118 100 792,720,1224,1200
1119 100 816,720,1224,1200
1120 100 840,696,1224,1224
1121 100 864,696,1224,1200
1122 100 888,696,1224,1200
1123 100 888,696,1224,1200
1124 100 912,696,1224,1200
1125 100 912,696,1224,1224
1126 100 912,696,1224,1224
1127 100 912,720,1224,1200
1128 100 912,720,1224,1200
1129 100 936,720,1224,1200
1130 100 936,720,1224,1200
1131 100 936,720,1224,1200
1132 100 960,720,1224,1200
1133 100 960,720,1224,1200
1134 100 960,720,1224,1200
1135 100 984,720,1224,1200
1136 100 1008,720,1224,1200
1137 100 1008,720,1224,1200
1138 100 1032,696,1224,1224
1139 100 1032,696,1224,1200
1140 100 1056,696,1224,1200
1141 100 1056,696,1224,1200
1142 100 1080,672,1224,1200
1143 100 1104,672,1224,1200
1144 100 1128,648,1224,1224
1145 100 1128,648,1224,1200
1146 100 1152,648,1224,1200
1147 100 1176,648,1224,1200
1148 100 1176,648,1224,1200
1149 100 1200,624,1224,1224
1150 100 1224,648,1224,1200
1151 100 1224,648,1224,1200
1152 100 1248,648,1224,1200
1153 100 1248,648,1224,1200
1154 100 1272,648,1224,1200
1155 100 1272,648,1224,1200
1156 100 1272,648,1224,1200
1157 100 1272,648,1224,1200
1158 100 1272,648,1224,1200
1159 100 1272,648,1224,1200
1160 100 1272,648,1224,1200
1161 100 1272,648,1224,1200
1162 100 1272,648,1224,1200
1163 100 1272,648,1224,1200
1164 100 1272,648,1224,1200
1165 100 1272,648,1224,1200
1166 100 1272,648,1224,1200
1167 100 1272,648,1224,1200
1168 100 1272,648,1224,1200
1169 100 1272,624,1224,1224
1170 100 1272,624,1224,1224
1171 100 1272,624,1224,1224
1172 100 1272,624,1224,1224
1173 100 1272,624,1224,1224
1174 100 1272,624,1224,1200
1175 100 1272,624,1224,1200
1176 100 1272,624,1224,1200
1177 100 1272,624,1224,1200
1178 100 1272,624,1224,1200
1179 100 1272,624,1224,1200
1180 100 1272,624,1224,1200
1181 100 1272,624,1224,1200
1182 100 1272,624,1224,1200
1183 100 1272,624,1224,1200
1184 100 1272,624,1224,1200
1185 100 1272,624,1224,1200
1186 100 1272,624,1224,1200
1187 100 1272,624,1224,1224
1188 100 1272,624,1224,1224
1189 100 1272,624,1224,1224
1190 100 1272,624,1224,1224
1191 100 1272,624,1224,1224
1192 100 1272,624,1224,1224
1193 100 1272,624,1224,1224
1194 100 1272,624,1224,1224
1195 100 1248,624,1224,1224
1196 100 1248,624,1224,1224
1197 100 1248,624,1224,1224
1198 100 1248,624,1224,1224
1199 100 1248,624,1224,1224
1200 100 1248,624,1224,1224
1201 100 1248,624,1224,1224
1202 100 1224,624,1224,1224
1203 100 1224,624,1224,1224
1204 100 1224,624,1224,1224
1205 100 1224,624,1224,1224
1206 100 1224,624,1224,1224
1207 100 1224,624,1224,1224
1208 100 1224,624,1224,1224
1209 100 1224,624,1224,1224
1210 100 1224,624,1224,1224
1211 100 1224,624,1224,1224
1212 100 1224,624,1224,1224
1213 100 1224,624,1224,1224
1214 100 1248,624,1224,1200
1215 100 1248,624,1224,1200
1216 100 1248,624,1224,1200
1217 100 1248,624,1224,1200
1218 100 1272,624,1224,1200
1219 100 1272,624,1224,1200
1220 100 1272,624,1224,1200
1221 100 1272,624,1224,1200
1222 100 1272,624,1224,1200
1223 100 1296,624,1224,1200
1224 100 1296,624,1224,1200
1225 100 1296,624,1224,1200
1226 100 1296,624,1224,1200
1227 100 1296,624,1224,1200
1228 100 1320,624,1224,1200
1229 100 1320,624,1224,1200
1230 100 1320,624,1224,1200
1231 100 1320,624,1224,1200
1232 100 1320,624,1224,1200
1233 100 1320,624,1224,1200
1234 100 1320,624,1224,1200
1235 100 1320,600,1224,1224
1236 100 1320,600,1224,1224
1237 100 1320,600,1224,1224
1238 100 1320,624,1224,1200
1239 100 1296,624,1224,1200
1240 100 1296,624,1224,1200
1241 100 1296,624,1224,1200
1242 100 1296,624,1224,1200
1243 100 1296,624,1224,1200
1244 100 1296,624,1224,1200
1245 100 1296,624,1224,1200
1246 100 1296,624,1224,1200
1247 100 1296,624,1224,1200
1248 100 1296,624,1224,1200
1249 100 1272,600,1224,1224
1250 100 1272,600,1224,1224
1251 100 1272,600,1224,1224
1252 100 1248,600,1224,1224
1253 100 1248,600,1224,1224
1254 100 1224,600,1224,1224
1255 100 1224,600,1224,1224
1256 100 1200,600,1224,1224
1257 100 1200,600,1224,1224
1258 100 1200,600,1224,1200
1259 100 1176,600,1224,1200
1260 100 1176,600,1224,1200
1261 100 1152,600,1224,1200
1262 100 1128,600,1224,1200
1263 100 1128,600,1224,1200
1264 100 1104,600,1224,1200
1265 100 1104,600,1224,1200
1266 100 1080,600,1224,1200
1267 100 1056,600,1224,1200
1268 100 1056,600,1224,1224
1269 100 1032,600,1224,1224
1270 100 1008,600,1224,1224
1271 100 1008,600,1224,1224
1272 100 984,624,1224,1200
1273 100 984,624,1224,1200
1274 100 960,624,1224,1200
1275 100 960,624,1224,1200
1276 100 936,624,1224,1200
1277 100 936,624,1224,1200
1278 100 912,624,1224,1200
1279 100 888,624,1224,1200
1280 100 888,600,1224,1224
1281 100 888,600,1224,1224
1282 100 864,600,1224,1224
1283 100 864,600,1224,1224
1284 100 864,600,1224,1224
1285 100 864,600,1224,1224
1286 100 864,624,1224,1200
1287 100 864,624,1224,1200
1288 100 840,624,1224,1200
1289 100 840,624,1224,1200
1290 100 840,600,1224,1224
1291 100 840,600,1224,1224
1292 100 840,600,1224,1224
1293 100 840,600,1224,1224
1294 100 840,600,1224,1224
1295 100 840,600,1224,1224
1296 100 840,600,1224,1224
1297 100 840,600,1224,1224
1298 100 840,600,1224,1224
1299 100 840,600,1224,1224
1300 100 840,600,1224,1224
1301 100 840,600,1224,1224
1302 100 840,600,1224,1224
1303 100 816,600,1224,1224
1304 100 816,624,1224,1200
1305 100 816,624,1224,1200
1306 100 816,624,1224,1200
1307 100 816,624,1224,1200
1308 100 816,624,1224,1200
1309 100 816,624,1224,1200
1310 100 816,624,1224,1200
1311 100 816,624,1224,1200
1312 100 816,624,1224,1200
1313 100 792,624,1224,1200
1314 100 792,624,1224,1200
1315 100 792,624,1224,1200
1316 100 792,624,1224,1200
1317 100 792,624,1224,1200
1318 100 792,624,1224,1200
1319 100 792,624,1224,1200
1320 100 792,624,1224,1200
1321 100 792,624,1224,1200
1322 100 768,624,1224,1200
1323 100 768,624,1224,1200
1324 100 768,624,1224,1200
1325 100 768,624,1224,1200
1326 100 768,624,1224,1200
1327 100 768,624,1224,1200
1328 100 768,624,1224,1224
1329 100 768,624,1224,1224
1330 100 768,624,1224,1200
1331 100 768,624,1224,1224
1332 100 768,624,1224,1200
1333 100 768,624,1224,1224
1334 100 768,624,1224,1224
1335 100 768,624,1224,1224
1336 100 768,648,1224,1200
1337 100 744,648,1224,1200
1338 100 744,648,1224,1200
1339 100 720,648,1224,1200
1340 100 720,648,1224,1200
1341 100 720,648,1224,1200
1342 100 696,648,1224,1200
1343 100 696,648,1224,1200
1344 100 696,648,1224,1200
1345 100 696,648,1224,1224
1346 100 696,648,1224,1200
1347 100 672,648,1224,1200
1348 100 672,648,1224,1200
1349 100 648,648,1224,1200
1350 100 648,648,1224,1200
1351 100 624,648,1224,1200
1352 100 624,648,1224,1200
1353 100 600,624,1224,1224
1354 100 576,624,1224,1224
1355 100 552,624,1224,1224
1356 100 552,624,1224,1224
1357 100 528,624,1224,1224
1358 100 504,624,1224,1224
1359 100 480,624,1224,1224
1360 100 480,624,1224,1224
1361 100 456,624,1224,1224
1362 100 432,624,1224,1224
1363 100 408,624,1224,1200
1364 100 408,624,1224,1200
1365 100 384,624,1224,1200
1366 100 360,624,1224,1200
1367 100 360,624,1224,1200
1368 100 336,624,1224,1200
1369 100 312,624,1224,1200
1370 100 288,624,1224,1200
1371 100 288,624,1224,1200
1372 100 264,624,1224,1200
1373 100 240,624,1224,1200
1374 100 216,624,1224,1200
1375 100 216,624,1224,1200
1376 100 192,624,1224,1200
1377 100 192,624,1224,1200
1378 100 168,624,1224,1200
1379 100 144,624,1224,1200
1380 100 120,624,1224,1200
1381 100 96,624,1224,1200
1382 100 72,624,1224,1200
1383 100 48,624,1224,1200
1384 100 24,624,1224,1224
1385 100 24,624,1224,1224
1386 100 0,624,1224,1224
1387 100 24,624,1224,1224
1388 100 0,624,1224,1224
1389 100 0,624,1224,1224
1390 100 0,624,1224,1224
1391 100 0,624,1224,1224
1392 100 24,624,1224,1224
1393 100 0,648,1224,1200
1394 100 24,648,1224,1200
1395 100 0,648,1224,1200
1396 100 24,648,1224,1224
1397 100 48,672,1224,1200
1398 100 48,648,1224,1224
1399 100 24,648,1224,1200
1400 100 24,648,1224,1200
1401 100 0,648,1224,1200
1402 100 0,648,1224,1200
1403 100 72,648,1224,1200
1404 100 72,648,1224,1200
1405 100 48,648,1224,1200
1406 100 24,648,1224,1200
1407 100 0,648,1224,1224
1408 100 0,648,1224,1224
1409 100 192,648,1224,1224
1410 100 168,648,1224,1224
1411 100 96,648,1224,1224
1412 100 96,648,1224,1224
1413 100 144,648,1224,1224
1414 100 144,648,1224,1224
1415 100 120,648,1224,1224
1416 100 3360,648,1224,1200
1417 100 3384,648,1224,1200
1418 100 3408,648,1224,1200
1419 100 3384,648,1224,1200
1420 100 3360,648,1224,1200
1421 100 3384,648,1224,1200
1422 100 3408,648,1224,1200
1423 100 3432,648,1224,1200
1424 100 3480,648,1224,1200
1425 100 3576,624,1224,1224
1426 100 3360,624,1224,1200
1427 100 3480,624,1224,1200
1428 100 3576,624,1224,1200
1429 100 3384,600,1224,1200
1430 100 3408,600,1224,1200
1431 100 3504,600,1224,1200
1432 100 3624,576,1224,1224
1433 100 3408,576,1224,1200
1434 100 3480,576,1224,1200
1435 100 3576,576,1224,1200
1436 100 3384,552,1224,1224
1437 100 3432,552,1224,1200
1438 100 3504,552,1224,1200
1439 100 3528,552,1224,1200
1440 100 3576,552,1224,1200
1441 100 3576,552,1224,1200
1442 100 3600,528,1224,1224
1443 100 3408,528,1224,1200
1444 100 3456,528,1224,1200
1445 100 3480,528,1224,1200
1446 100 3456,528,1224,1200
1447 100 3480,528,1224,1200
1448 100 3480,528,1224,1200
1449 100 3576,528,1224,1200
1450 100 3360,504,1224,1224
1451 100 3384,504,1224,1200
1452 100 3408,504,1224,1200
1453 100 3408,504,1224,1200
1454 100 3408,504,1224,1200
1455 100 3408,504,1224,1200
1456 100 3432,504,1224,1200
1457 100 3456,504,1224,1200
1458 100 3456,504,1224,1200
1459 100 3456,504,1224,1200
1460 100 3480,504,1224,1200
1461 100 3480,504,1224,1200
1462 100 3480,504,1224,1200
1463 100 3456,504,1224,1200
1464 100 3480,504,1224,1200
1465 100 3504,504,1224,1200
1466 100 3456,504,1224,1200
1467 100 3456,504,1224,1200
1468 100 3456,504,1224,1200
1469 100 3456,504,1224,1200
1470 100 3432,504,1224,1200
1471 100 3408,504,1224,1200
1472 100 3408,504,1224,1200
1473 100 3408,504,1224,1200
1474 100 3408,504,1224,1200
1475 100 3432,504,1224,1200
1476 100 3456,504,1224,1200
1477 100 3480,504,1224,1200
1478 100 3480,504,1224,1200
1479 100 3480,504,1224,1200
1480 100 3528,504,1224,1200
1481 100 3528,504,1224,1200
1482 100 3528,504,1224,1200
1483 100 3528,504,1224,1200
1484 100 3528,504,1224,1200
1485 100 3552,504,1224,1200
1486 100 3576,504,1224,1200
1487 100 3672,480,1224,1224
1488 100 3744,480,1224,1224
1489 100 3384,480,1224,1200
1490 100 3408,480,1224,1200
1491 100 3432,480,1224,1200
1492 100 3432,480,1224,1200
1493 100 3456,480,1224,1200
1494 100 3480,480,1224,1200
1495 100 3504,480,1224,1200
1496 100 3504,480,1224,1200
1497 100 3504,480,1224,1200
1498 100 3528,480,1224,1200
1499 100 3528,480,1224,1200
1500 100 3576,480,1224,1200
1501 100 3576,480,1224,1200
1502 100 3552,480,1224,1200
1503 100 3576,480,1224,1200
1504 100 3576,480,1224,1200
1505 100 3552,480,1224,1200
1506 100 3552,480,1224,1200
1507 100 3552,480,1224,1200
1508 100 3528,480,1224,1200
1509 100 3552,480,1224,1200
1510 100 3576,480,1224,1200
1511 100 3624,456,1224,1224
1512 100 3600,480,1224,1200
1513 100 3600,480,1224,1200
1514 100 3576,480,1224,1200
1515 100 3552,480,1224,1200
1516 100 3552,480,1224,1200
1517 100 3528,480,1224,1200
1518 100 3480,480,1224,1200
1519 100 3480,480,1224,1200
1520 100 3480,480,1224,1200
1521 100 3480,480,1224,1200
1522 100 3480,480,1224,1200
1523 100 3480,480,1224,1200
1524 100 3480,480,1224,1200
1525 100 3480,480,1224,1200
1526 100 3456,480,1224,1200
1527 100 3456,480,1224,1200
1528 100 3456,480,1224,1200
1529 100 3456,480,1224,1200
1530 100 3480,480,1224,1200
1531 100 3456,480,1224,1200
1532 100 3432,480,1224,1200
1533 100 3432,480,1224,1200
1534 100 3384,480,1224,1200
1535 100 3432,480,1224,1200
1536 100 3432,480,1224,1200
1537 100 3432,480,1224,1200
1538 100 3432,480,1224,1200
1539 100 3384,480,1224,1200
1540 100 3672,480,1224,1224
1541 100 3696,480,1224,1224
1542 100 3744,480,1224,1224
1543 100 3696,480,1224,1224
1544 100 3696,480,1224,1224
1545 100 3672,480,1224,1224
1546 100 3696,480,1224,1224
1547 100 3768,480,1224,1224
1548 100 3768,480,1224,1224
1549 100 3720,480,1224,1224
1550 100 3720,480,1224,1224
1551 100 3720,480,1224,1224
1552 100 3792,480,1224,1224
1553 100 3768,480,1224,1224
1554 100 3384,480,1224,1200
1555 100 3744,480,1224,1224
1556 100 0,480,1224,1224
1557 100 3792,480,1224,1224
1558 100 3768,480,1224,1224
1559 100 3696,480,1224,1224
1560 100 3720,480,1224,1224
1561 100 3696,480,1224,1224
1562 100 3672,480,1224,1224
1563 100 3624,480,1224,1224
1564 100 3624,480,1224,1224
1565 100 3600,480,1224,1224
1566 100 3624,480,1224,1224
1567 100 3600,480,1224,1224
1568 100 3600,480,1224,1224
1569 100 3600,480,1224,1224
1570 100 3600,480,1224,1224
1571 100 3600,480,1224,1224
1572 100 3600,480,1224,1224
1573 100 3624,480,1224,1224
1574 100 3648,480,1224,1224
1575 100 3696,480,1224,1224
1576 100 3696,480,1224,1224
1577 100 3696,480,1224,1224
1578 100 3744,480,1224,1224
1579 100 3720,480,1224,1224
1580 100 3744,480,1224,1224
1581 100 3744,480,1224,1224
1582 100 3408,480,1224,1200
1583 100 0,480,1224,1224
1584 100 0,480,1224,1224
1585 100 0,480,1224,1224
1586 100 3672,480,1224,1224
1587 100 3720,480,1224,1224
1588 100 0,480,1224,1224
1589 100 0,480,1224,1224
1590 100 0,480,1224,1224
1591 100 3744,480,1224,1224
1592 100 3744,480,1224,1224
1593 100 0,480,1224,1224
1594 100 3408,480,1224,1200
1595 100 3408,480,1224,1200
1596 100 0,480,1224,1224
1597 100 3744,480,1224,1224
1598 100 3744,480,1224,1224
1599 100 3744,480,1224,1224
1600 100 3408,480,1224,1200
1601 100 3432,480,1224,1200
1602 100 3432,480,1224,1200
1603 100 3456,480,1224,1200
1604 100 3456,480,1224,1200
1605 100 3432,480,1224,1200
1606 100 3480,480,1224,1200
1607 100 3480,480,1224,1200
1608 100 3456,480,1224,1200
1609 100 3456,480,1224,1200
1610 100 3456,480,1224,1200
1611 100 3456,480,1224,1200
1612 100 3432,480,1224,1200
1613 100 3456,480,1224,1200
1614 100 3432,480,1224,1200
1615 100 3432,480,1224,1200
1616 100 3432,480,1224,1200
1617 100 3432,480,1224,1200
1618 100 3432,480,1224,1200
1619 100 3408,480,1224,1200
1620 100 3408,480,1224,1200
1621 100 3408,480,1224,1200
1622 100 3384,480,1224,1200
1623 100 3768,480,1224,1224
1624 100 3384,480,1224,1200
1625 100 3408,480,1224,1200
1626 100 3408,480,1224,1200
1627 100 3408,480,1224,1200
1628 100 3408,480,1224,1200
1629 100 3408,480,1224,1200
1630 100 3408,480,1224,1200
1631 100 3384,480,1224,1200
1632 100 3384,480,1224,1224
1633 100 3648,480,1224,1224
1634 100 3648,480,1224,1224
1635 100 3624,480,1224,1224
1636 100 3600,504,1224,1200
1637 100 3552,504,1224,1200
1638 100 3528,504,1224,1200
1639 100 3528,504,1224,1200
1640 100 3504,504,1224,1200
1641 100 3480,504,1224,1200
1642 100 3504,504,1224,1200
1643 100 3456,504,1224,1200
1644 100 3432,504,1224,1200
1645 100 3408,504,1224,1200
1646 100 3360,504,1224,1224
1647 100 3312,528,1224,1200
1648 100 3264,528,1224,1200
1649 100 3264,528,1224,1200
1650 100 3240,528,1224,1200
1651 100 3216,528,1224,1200
1652 100 3216,528,1224,1200
1653 100 3192,528,1224,1200
1654 100 3216,528,1224,1224
1655 100 3192,528,1224,1224
1656 100 3168,528,1224,1224
1657 100 3168,552,1224,1200
1658 100 3144,552,1224,1200
1659 100 3120,552,1224,1200
1660 100 3120,552,1224,1200
1661 100 3096,552,1224,1200
1662 100 3096,552,1224,1200
1663 100 3072,552,1224,1200
1664 100 3000,552,1224,1200
1665 100 3000,552,1224,1200
1666 100 3000,552,1224,1200
1667 100 3000,552,1224,1200
1668 100 3048,552,1224,1200
1669 100 2952,528,1224,1224
1670 100 3000,528,1224,1200
1671 100 3048,504,1224,1224
1672 100 3024,504,1224,1200
1673 100 3000,480,1224,1200
1674 100 2976,456,1224,1200
1675 100 3048,432,1224,1200
1676 100 3048,384,1224,1224
1677 100 3000,384,1224,1200
1678 100 3024,384,1224,1200
1679 100 2928,360,1224,1200
1680 100 3000,360,1224,1200
1681 100 2928,336,1224,1200
1682 100 2880,312,1224,1224
1683 100 2856,288,1224,1224
1684 100 2856,264,1224,1200
1685 100 2856,240,1224,1224
1686 100 2832,240,1224,1224
1687 100 2832,240,1224,1224
1688 100 2832,240,1224,1224
1689 100 2784,240,1224,1224
1690 100 2760,240,1224,1200
1691 100 2712,216,1224,1224
1692 100 2664,216,1224,1200
1693 100 2640,192,1224,1224
1694 100 2616,192,1224,1224
1695 100 2592,192,1224,1224
1696 100 2592,192,1224,1224
1697 100 2568,192,1224,1224
1698 100 2568,192,1224,1224
1699 100 2544,192,1224,1224
1700 100 2544,192,1224,1224
1701 100 2520,216,1224,1224
1702 100 2520,216,1224,1224
1703 100 2520,216,1224,1224
1704 100 2472,216,1224,1224
1705 100 2424,216,1224,1224
1706 100 2376,216,1224,1248
1707 100 2376,240,1224,1224
1708 100 2352,240,1224,1224
1709 100 2352,240,1224,1224
1710 100 2328,216,1224,1224
1711 100 2328,216,1224,1224
1712 100 2304,216,1224,1224
1713 100 2304,216,1224,1224
1714 100 2280,216,1224,1224
1715 100 2280,216,1224,1224
1716 100 2256,192,1224,1248
1717 100 2232,192,1224,1248
1718 100 2232,192,1224,1248
1719 100 2184,192,1224,1224
1720 100 2184,192,1224,1224
1721 100 2160,192,1224,1224
1722 100 2160,192,1224,1224
1723 100 2184,192,1224,1224
1724 100 2184,192,1224,1224
1725 100 2184,216,1224,1200
1726 100 2184,216,1224,1224
1727 100 2184,216,1224,1224
1728 100 2184,216,1224,1224
1729 100 2184,216,1224,1224
1730 100 2208,240,1224,1224
1731 100 2208,240,1224,1224
1732 100 2232,240,1224,1224
1733 100 2232,240,1224,1224
1734 100 2232,240,1224,1224
1735 100 2232,240,1224,1224
1736 100 2232,264,1224,1200
1737 100 2256,264,1224,1200
1738 100 2256,264,1224,1224
1739 100 2256,288,1224,1200
1740 100 2280,288,1224,1224
1741 100 2280,312,1224,1224
1742 100 2304,336,1224,1224
1743 100 2328,360,1224,1224
1744 100 2328,384,1224,1224
1745 100 2352,384,1224,1224
1746 100 2352,408,1224,1200
1747 100 2352,408,1224,1224
1748 100 2352,408,1224,1224
1749 100 2352,432,1224,1200
1750 100 2376,456,1224,1200
1751 100 2376,480,1224,1200
1752 100 2376,480,1224,1200
1753 100 2376,456,1224,1224
1754 100 2352,456,1224,1200
1755 100 2352,432,1224,1224
1756 100 2352,432,1224,1224
1757 100 2352,432,1224,1224
1758 100 2352,432,1224,1224
1759 100 2352,432,1224,1224
1760 100 2376,432,1224,1224
1761 100 2376,432,1224,1224
1762 100 2376,456,1224,1200
1763 100 2376,456,1224,1200
1764 100 2376,456,1224,1200
1765 100 2376,456,1224,1200
1766 100 2400,456,1224,1200
1767 100 2400,456,1224,1200
1768 100 2400,456,1224,1200
1769 100 2424,456,1224,1224
1770 100 2424,456,1224,1224
1771 100 2448,456,1224,1224
1772 100 2448,456,1224,1224
1773 100 2472,456,1224,1224
1774 100 2496,456,1224,1224
1775 100 2544,480,1224,1200
1776 100 2568,480,1224,1200
1777 100 2592,456,1224,1224
1778 100 2616,480,1224,1200
1779 100 2664,480,1224,1200
1780 100 2712,480,1224,1200
1781 100 2736,480,1224,1200
1782 100 2760,480,1224,1200
1783 100 2784,480,1224,1200
1784 100 2808,480,1224,1200
1785 100 2904,480,1224,1200
1786 100 2952,456,1224,1224
1787 100 2952,456,1224,1224
1788 100 3048,456,1224,1224
1789 100 3024,480,1224,1200
1790 100 3024,480,1224,1200
1791 100 3144,480,1224,1200
1792 100 3120,480,1224,1200
1793 100 3144,480,1224,1200
1794 100 3144,480,1224,1200
1795 100 3288,480,1224,1200
1796 100 3312,480,1224,1200
1797 100 3336,456,1224,1224
1798 100 3336,456,1224,1224
