0 100 384,504,1224,1224
1 100 2040,840,1224,1224
2 100 2040,840,1224,1224
3 100 2016,840,1224,1248
4 100 2040,840,1224,1224
5 100 2040,840,1224,1224
6 100 2040,840,1224,1224
7 100 2088,816,1224,1224
8 100 2088,816,1224,1224
9 100 2088,816,1224,1224
10 100 2136,792,1224,1200
11 100 2136,792,1224,1200
12 100 2136,792,1224,1200
13 100 2136,792,1224,1200
14 100 2184,744,1224,1224
15 100 2184,744,1224,1224
16 100 2184,744,1224,1224
17 100 2208,744,1224,1200
18 100 2208,744,1224,1200
19 100 2208,744,1224,1200
20 100 2280,696,1224,1200
21 100 2280,696,1224,1200
22 100 2280,696,1224,1200
23 100 2280,696,1224,1200
24 100 2328,672,1224,1200
25 100 2328,672,1224,1200
26 100 2328,672,1224,1200
27 100 2376,648,1224,1200
28 100 2376,648,1224,1200
29 100 2376,648,1224,1200
30 100 2376,624,1224,1224
31 100 2376,624,1224,1224
32 100 2376,624,1224,1224
33 100 2376,624,1224,1224
34 100 2376,624,1224,1200
35 100 2376,624,1224,1200
36 100 2376,624,1224,1200
37 100 2376,600,1224,1200
38 100 2376,600,1224,1200
39 100 2376,600,1224,1200
40 100 2376,576,1224,1200
41 100 2376,576,1224,1200
42 100 2376,576,1224,1200
43 100 2376,576,1224,1200
44 100 2376,576,1224,1224
45 100 2376,576,1224,1224
46 100 2376,576,1224,1224
47 100 2376,576,1224,1200
48 100 2376,576,1224,1200
49 100 2376,576,1224,1200
50 100 2376,552,1224,1224
51 100 2376,552,1224,1224
52 100 2376,552,1224,1224
53 100 2376,552,1224,1224
54 100 2376,552,1224,1224
55 100 2376,552,1224,1224
56 100 2376,552,1224,1224
57 100 2376,552,1224,1224
58 100 2376,552,1224,1224
59 100 2376,552,1224,1224
60 100 2376,552,1224,1224
61 100 2376,552,1224,1224
62 100 2376,552,1224,1224
63 100 2376,552,1224,1224
64 100 2376,552,1224,1200
65 100 2376,552,1224,1200
66 100 2376,552,1224,1200
67 100 2376,552,1224,1200
68 100 2376,552,1224,1200
69 100 2376,552,1224,1200
70 100 2376,552,1224,1200
71 100 2376,552,1224,1200
72 100 2376,552,1224,1200
73 100 2376,552,1224,1200
74 100 2376,552,1224,1200
75 100 2376,552,1224,1200
76 100 2376,552,1224,1200
77 100 2376,552,1224,1200
78 100 2376,552,1224,1200
79 100 2376,552,1224,1200
80 100 2376,552,1224,1200
81 100 2376,552,1224,1200
82 100 2376,552,1224,1200
83 100 2376,552,1224,1200
84 100 2376,552,1224,1200
85 100 2376,552,1224,1200
86 100 2376,552,1224,1200
87 100 2376,528,1224,1224
88 100 2376,528,1224,1224
89 100 2376,528,1224,1224
90 100 2376,528,1224,1224
91 100 2376,552,1224,1200
92 100 2376,552,1224,1200
93 100 2376,552,1224,1200
94 100 2376,552,1224,1200
95 100 2376,552,1224,1200
96 100 2376,552,1224,1200
97 100 2376,552,1224,1200
98 100 2376,552,1224,1200
99 100 2376,552,1224,1200
100 100 2376,552,1224,1200
101 100 2376,552,1224,1200
102 100 2376,552,1224,1200
103 100 2376,552,1224,1200
104 100 2376,552,1224,1200
105 100 2376,552,1224,1200
106 100 2376,552,1224,1200
107 100 2376,552,1224,1200
108 100 2376,552,1224,1200
109 100 2376,552,1224,1200
110 100 2376,552,1224,1200
111 100 2376,552,1224,1200
112 100 2376,552,1224,1200
113 100 2376,552,1224,1200
114 100 2376,552,1224,1200
115 100 2376,552,1224,1200
116 100 2376,552,1224,1200
117 100 2376,552,1224,1200
118 100 2376,552,1224,1200
119 100 2376,552,1224,1200
120 100 2376,552,1224,1200
121 100 2376,552,1224,1200
122 100 2376,552,1224,1200
123 100 2376,552,1224,1200
124 100 2376,552,1224,1200
125 100 2376,552,1224,1200
126 100 2376,552,1224,1200
127 100 2376,552,1224,1200
128 100 2376,552,1224,1200
129 100 2376,552,1224,1200
130 100 2376,552,1224,1200
131 100 2376,552,1224,1200
132 100 2376,552,1224,1200
133 100 2376,552,1224,1200
134 100 2376,552,1224,1200
135 100 2376,552,1224,1200
136 100 2376,552,1224,1200
137 100 2376,552,1224,1200
138 100 2376,552,1224,1200
139 100 2376,552,1224,1200
140 100 2376,552,1224,1200
141 100 2376,552,1224,1200
142 100 2376,552,1224,1200
143 100 2376,552,1224,1200
144 100 2376,552,1224,1200
145 100 2376,552,1224,1200
146 100 2376,552,1224,1200
147 100 2376,552,1224,1200
148 100 2376,552,1224,1200
149 100 2376,552,1224,1200
150 100 2376,552,1224,1200
151 100 2376,552,1224,1200
152 100 2376,552,1224,1200
153 100 2376,552,1224,1200
154 100 2376,552,1224,1200
155 100 2376,552,1224,1200
156 100 2376,552,1224,1200
157 100 2376,552,1224,1200
158 100 2376,552,1224,1200
159 100 2376,552,1224,1200
160 100 2376,552,1224,1200
161 100 2376,552,1224,1200
162 100 2376,552,1224,1200
163 100 2376,552,1224,1200
164 100 2376,552,1224,1200
165 100 2376,552,1224,1200
166 100 2376,552,1224,1200
167 100 2376,552,1224,1200
168 100 2376,552,1224,1200
169 100 2376,552,1224,1200
170 100 2376,552,1224,1200
171 100 2376,552,1224,1200
172 100 2376,552,1224,1200
173 100 2376,552,1224,1200
174 100 2376,552,1224,1200
175 100 2376,552,1224,1200
176 100 2376,552,1224,1200
177 100 2376,552,1224,1200
178 100 2376,552,1224,1200
179 100 2376,552,1224,1200
180 100 2376,552,1224,1200
181 100 2376,552,1224,1200
182 100 2376,552,1224,1200
183 100 2376,552,1224,1200
184 100 2376,552,1224,1200
185 100 2376,552,1224,1200
186 100 2376,552,1224,1200
187 100 2376,552,1224,1200
188 100 2376,552,1224,1200
189 100 2376,552,1224,1200
190 100 2376,552,1224,1200
191 100 2376,552,1224,1200
192 100 2376,552,1224,1200
193 100 2376,552,1224,1200
194 100 2376,552,1224,1200
195 100 2376,552,1224,1200
196 100 2376,552,1224,1200
197 100 2376,552,1224,1200
198 100 2376,552,1224,1200
199 100 2376,552,1224,1200
200 100 2376,552,1224,1200
201 100 2376,552,1224,1200
202 100 2376,552,1224,1200
203 100 2376,552,1224,1200
204 100 2376,552,1224,1200
205 100 2376,552,1224,1200
206 100 2376,552,1224,1200
207 100 2376,552,1224,1200
208 100 2376,552,1224,1200
209 100 2376,552,1224,1200
210 100 2376,552,1224,1200
211 100 2376,552,1224,1200
212 100 2376,552,1224,1200
213 100 2376,552,1224,1200
214 100 2376,552,1224,1200
215 100 2376,552,1224,1200
216 100 2376,552,1224,1200
217 100 2376,552,1224,1200
218 100 2376,552,1224,1200
219 100 2376,528,1224,1224
220 100 2376,528,1224,1224
221 100 2376,528,1224,1224
222 100 2376,528,1224,1224
223 100 2376,528,1224,1224
224 100 2376,528,1224,1224
225 100 2376,528,1224,1224
226 100 2376,528,1224,1224
227 100 2376,528,1224,1224
228 100 2400,528,1224,1224
229 100 2400,528,1224,1224
230 100 2400,528,1224,1224
231 100 2400,528,1224,1224
232 100 2400,528,1224,1224
233 100 2400,528,1224,1224
234 100 2400,528,1224,1224
235 100 2400,528,1224,1224
236 100 2424,528,1224,1200
237 100 2424,528,1224,1200
238 100 2472,504,1224,1200
239 100 2472,504,1224,1200
240 100 2472,504,1224,1200
241 100 2472,504,1224,1200
242 100 2472,504,1224,1200
243 100 2520,480,1224,1224
244 100 2520,480,1224,1224
245 100 2568,480,1224,1200
246 100 2568,480,1224,1200
247 100 2568,480,1224,1200
248 100 2568,480,1224,1200
249 100 2616,480,1224,1200
250 100 2616,480,1224,1200
251 100 2616,480,1224,1200
252 100 2688,480,1224,1200
253 100 2688,480,1224,1200
254 100 2688,480,1224,1200
255 100 2784,480,1224,1224
256 100 2784,480,1224,1224
257 100 2784,480,1224,1224
258 100 2784,480,1224,1224
259 100 2856,504,1224,1200
260 100 2856,504,1224,1200
261 100 2856,504,1224,1200
262 100 2832,504,1224,1200
263 100 2832,504,1224,1200
264 100 2832,504,1224,1200
265 100 2832,504,1224,1200
266 100 2904,504,1224,1200
267 100 2904,504,1224,1200
268 100 2904,504,1224,1200
269 100 3000,504,1224,1200
270 100 3000,504,1224,1200
271 100 3000,504,1224,1200
272 100 2976,504,1224,1200
273 100 2976,504,1224,1200
274 100 2976,504,1224,1200
275 100 2976,504,1224,1200
276 100 2976,504,1224,1200
277 100 2976,504,1224,1200
278 100 2976,504,1224,1200
279 100 3048,504,1224,1224
280 100 3048,504,1224,1224
281 100 3048,504,1224,1224
282 100 3144,528,1224,1200
283 100 3144,528,1224,1200
284 100 3144,528,1224,1200
285 100 3144,528,1224,1200
286 100 3144,528,1224,1200
287 100 3144,528,1224,1200
288 100 3144,528,1224,1200
289 100 3240,528,1224,1200
290 100 3240,528,1224,1200
291 100 3240,528,1224,1200
292 100 3336,528,1224,1224
293 100 3336,528,1224,1224
294 100 3336,528,1224,1224
295 100 3336,528,1224,1224
296 100 3312,552,1224,1200
297 100 3312,552,1224,1200
298 100 3312,552,1224,1200
299 100 3408,552,1224,1200
300 100 3408,552,1224,1200
301 100 3408,552,1224,1200
302 100 3432,552,1224,1200
303 100 3432,552,1224,1200
304 100 3432,552,1224,1200
305 100 3432,552,1224,1200
306 100 3360,552,1224,1224
307 100 3360,552,1224,1224
308 100 3360,552,1224,1224
309 100 3408,576,1224,1200
310 100 3408,576,1224,1200
311 100 3408,576,1224,1200
312 100 3408,576,1224,1200
313 100 3408,576,1224,1200
314 100 3360,576,1224,1200
315 100 3360,576,1224,1200
316 100 3528,600,1224,1200
317 100 3528,600,1224,1200
318 100 3528,600,1224,1200
319 100 3432,600,1224,1200
320 100 3432,600,1224,1200
321 100 3432,600,1224,1200
322 100 3432,600,1224,1200
323 100 3432,600,1224,1200
324 100 3408,600,1224,1200
325 100 3408,600,1224,1200
326 100 3408,600,1224,1200
327 100 3432,600,1224,1200
328 100 3432,600,1224,1200
329 100 3432,600,1224,1200
330 100 3480,600,1224,1200
331 100 3480,600,1224,1200
332 100 3480,600,1224,1200
333 100 3504,600,1224,1200
334 100 3504,600,1224,1200
335 100 3504,600,1224,1200
336 100 3312,600,1224,1200
337 100 3312,600,1224,1200
338 100 3312,600,1224,1200
339 100 3312,600,1224,1200
340 100 3288,600,1224,1200
341 100 3288,600,1224,1200
342 100 3336,576,1224,1224
343 100 3336,576,1224,1224
344 100 3336,576,1224,1224
345 100 3336,576,1224,1224
346 100 3360,576,1224,1224
347 100 3360,576,1224,1224
348 100 3360,576,1224,1224
349 100 3360,576,1224,1224
350 100 3360,576,1224,1224
351 100 3360,576,1224,1224
352 100 3360,576,1224,1224
353 100 3336,576,1224,1224
354 100 3336,576,1224,1224
355 100 3336,576,1224,1224
356 100 3360,576,1224,1224
357 100 3360,576,1224,1224
358 100 3360,576,1224,1224
359 100 3360,576,1224,1224
360 100 3384,576,1224,1200
361 100 3384,576,1224,1200
362 100 3384,576,1224,1200
363 100 3192,576,1224,1224
364 100 3192,576,1224,1224
365 100 3192,576,1224,1224
366 100 3216,576,1224,1200
367 100 3216,576,1224,1200
368 100 3216,576,1224,1200
369 100 3216,576,1224,1200
370 100 3216,576,1224,1200
371 100 3216,576,1224,1200
372 100 3216,576,1224,1200
373 100 3216,576,1224,1200
374 100 3216,576,1224,1200
375 100 3216,576,1224,1200
376 100 3216,576,1224,1200
377 100 3216,576,1224,1200
378 100 3096,576,1224,1200
379 100 3096,576,1224,1200
380 100 3096,576,1224,1200
381 100 3120,576,1224,1200
382 100 3120,576,1224,1200
383 100 3120,576,1224,1200
384 100 3120,576,1224,1200
385 100 3120,576,1224,1200
386 100 3096,576,1224,1200
387 100 3096,576,1224,1200
388 100 3096,576,1224,1200
389 100 3096,576,1224,1200
390 100 3096,576,1224,1200
391 100 3024,576,1224,1200
392 100 3024,576,1224,1200
393 100 3024,576,1224,1200
394 100 3024,576,1224,1200
395 100 3024,576,1224,1200
396 100 3024,576,1224,1200
397 100 3024,576,1224,1200
398 100 3024,576,1224,1200
399 100 3024,576,1224,1200
400 100 2952,552,1224,1224
401 100 2952,552,1224,1224
402 100 2952,552,1224,1224
403 100 2904,576,1224,1200
404 100 2904,576,1224,1200
405 100 2904,576,1224,1200
406 100 2904,576,1224,1200
407 100 2904,576,1224,1200
408 100 2856,552,1224,1224
409 100 2856,552,1224,1224
410 100 2856,552,1224,1224
411 100 2832,552,1224,1224
412 100 2832,552,1224,1224
413 100 2832,552,1224,1224
414 100 2832,552,1224,1224
415 100 2832,552,1224,1224
416 100 2832,552,1224,1224
417 100 2832,552,1224,1224
418 100 2856,552,1224,1224
419 100 2856,552,1224,1224
420 100 2856,552,1224,1224
421 100 2832,552,1224,1224
422 100 2832,552,1224,1224
423 100 2832,576,1224,1200
424 100 2832,576,1224,1200
425 100 2832,576,1224,1200
426 100 2760,576,1224,1200
427 100 2760,576,1224,1200
428 100 2760,576,1224,1200
429 100 2760,576,1224,1200
430 100 2688,576,1224,1200
431 100 2688,576,1224,1200
432 100 2688,576,1224,1200
433 100 2688,576,1224,1200
434 100 2664,576,1224,1200
435 100 2664,576,1224,1200
436 100 2664,576,1224,1200
437 100 2616,576,1224,1200
438 100 2616,576,1224,1200
439 100 2616,576,1224,1200
440 100 2616,576,1224,1200
441 100 2616,576,1224,1200
442 100 2616,576,1224,1200
443 100 2616,576,1224,1200
444 100 2616,576,1224,1200
445 100 2616,576,1224,1200
446 100 2616,576,1224,1200
447 100 2568,576,1224,1200
448 100 2568,576,1224,1200
449 100 2568,576,1224,1200
450 100 2544,576,1224,1200
451 100 2544,576,1224,1200
452 100 2544,576,1224,1200
453 100 2496,552,1224,1224
454 100 2496,552,1224,1224
455 100 2496,552,1224,1224
456 100 2496,552,1224,1224
457 100 2472,552,1224,1224
458 100 2472,552,1224,1224
459 100 2472,552,1224,1224
460 100 2448,552,1224,1224
461 100 2448,552,1224,1224
462 100 2448,552,1224,1224
463 100 2448,552,1224,1224
464 100 2424,552,1224,1224
465 100 2424,552,1224,1224
466 100 2424,552,1224,1224
467 100 2400,552,1224,1224
468 100 2400,552,1224,1224
469 100 2400,552,1224,1224
470 100 2400,552,1224,1224
471 100 2400,552,1224,1224
472 100 2400,552,1224,1224
473 100 2400,552,1224,1224
474 100 2376,552,1224,1224
475 100 2376,552,1224,1224
476 100 2376,552,1224,1224
477 100 2376,552,1224,1224
478 100 2376,552,1224,1224
479 100 2376,552,1224,1224
480 100 2352,576,1224,1200
481 100 2352,576,1224,1200
482 100 2352,576,1224,1200
483 100 2328,552,1224,1224
484 100 2328,552,1224,1224
485 100 2328,552,1224,1224
486 100 2328,552,1224,1224
487 100 2352,552,1224,1224
488 100 2352,552,1224,1224
489 100 2352,552,1224,1224
490 100 2352,552,1224,1224
491 100 2352,552,1224,1224
492 100 2352,552,1224,1224
493 100 2352,552,1224,1224
494 100 2352,552,1224,1224
495 100 2352,552,1224,1224
496 100 2352,552,1224,1224
497 100 2352,552,1224,1224
498 100 2352,552,1224,1224
499 100 2352,552,1224,1224
500 100 2352,552,1224,1224
501 100 2352,552,1224,1224
502 100 2352,552,1224,1224
503 100 2352,552,1224,1224
504 100 2400,552,1224,1200
505 100 2400,552,1224,1200
506 100 2400,552,1224,1200
507 100 2496,552,1224,1200
508 100 2496,552,1224,1200
509 100 2496,552,1224,1200
510 100 2568,552,1224,1200
511 100 2568,552,1224,1200
512 100 2568,552,1224,1200
513 100 2568,552,1224,1200
514 100 2592,552,1224,1200
515 100 2592,552,1224,1200
516 100 2592,552,1224,1200
517 100 2616,552,1224,1200
518 100 2616,552,1224,1200
519 100 2616,552,1224,1200
520 100 2616,552,1224,1200
521 100 2616,552,1224,1200
522 100 2616,552,1224,1200
523 100 2616,552,1224,1200
524 100 2616,552,1224,1224
525 100 2616,552,1224,1224
526 100 2616,552,1224,1224
527 100 2616,552,1224,1224
528 100 2616,552,1224,1224
529 100 2616,552,1224,1224
530 100 2616,552,1224,1224
531 100 2616,552,1224,1224
532 100 2616,552,1224,1224
533 100 2616,552,1224,1224
534 100 2640,552,1224,1224
535 100 2640,552,1224,1224
536 100 2640,552,1224,1224
537 100 2640,552,1224,1224
538 100 2640,552,1224,1224
539 100 2640,552,1224,1224
540 100 2640,552,1224,1224
541 100 2616,552,1224,1224
542 100 2616,552,1224,1224
543 100 2616,552,1224,1224
544 100 2616,552,1224,1200
545 100 2616,552,1224,1200
546 100 2616,552,1224,1200
547 100 2616,528,1224,1224
548 100 2616,504,1224,1224
549 100 2616,504,1224,1224
550 100 2616,504,1224,1224
551 100 2592,456,1224,1200
552 100 2592,456,1224,1200
553 100 2592,456,1224,1200
554 100 2520,384,1224,1224
555 100 2520,384,1224,1224
556 100 2520,384,1224,1224
557 100 2520,384,1224,1224
558 100 2544,336,1224,1200
559 100 2544,336,1224,1200
560 100 2544,336,1224,1200
561 100 2592,312,1224,1200
562 100 2592,312,1224,1200
563 100 2592,312,1224,1200
564 100 2616,264,1224,1224
565 100 2616,264,1224,1224
566 100 2616,264,1224,1224
567 100 2616,264,1224,1224
568 100 2640,264,1224,1200
569 100 2640,264,1224,1200
570 100 2640,264,1224,1200
571 100 2640,264,1224,1200
572 100 2640,264,1224,1200
573 100 2640,264,1224,1200
574 100 2664,264,1224,1200
575 100 2664,264,1224,1200
576 100 2664,264,1224,1200
577 100 2664,264,1224,1200
578 100 2760,264,1224,1200
579 100 2760,264,1224,1200
580 100 2760,264,1224,1200
581 100 2880,264,1224,1200
582 100 2880,264,1224,1200
583 100 2880,264,1224,1200
584 100 3048,288,1224,1200
585 100 3048,288,1224,1200
586 100 3048,288,1224,1200
587 100 3048,288,1224,1200
588 100 3000,288,1224,1224
589 100 3000,288,1224,1224
590 100 3000,288,1224,1224
591 100 3120,312,1224,1200
592 100 3120,312,1224,1200
593 100 3120,312,1224,1200
594 100 3216,312,1224,1200
595 100 3216,312,1224,1200
596 100 3216,312,1224,1200
597 100 3216,312,1224,1200
598 100 3144,336,1224,1200
599 100 3144,336,1224,1200
600 100 3144,336,1224,1200
601 100 3216,336,1224,1200
602 100 3216,336,1224,1200
603 100 3216,336,1224,1200
604 100 3312,360,1224,1200
605 100 3312,360,1224,1200
606 100 3312,360,1224,1200
607 100 3312,360,1224,1200
608 100 3192,360,1224,1224
609 100 3192,360,1224,1224
610 100 3192,360,1224,1224
611 100 3216,384,1224,1200
612 100 3216,384,1224,1200
613 100 3216,384,1224,1200
614 100 3216,384,1224,1200
615 100 3336,408,1224,1224
616 100 3336,408,1224,1224
617 100 3336,408,1224,1224
618 100 3288,456,1224,1200
619 100 3288,456,1224,1200
620 100 3288,456,1224,1200
621 100 3360,456,1224,1224
622 100 3360,456,1224,1224
623 100 3360,456,1224,1224
624 100 3360,456,1224,1224
625 100 3432,480,1224,1200
626 100 3432,480,1224,1200
627 100 3432,480,1224,1200
628 100 3384,480,1224,1224
629 100 3384,480,1224,1224
630 100 3384,480,1224,1224
631 100 3360,480,1224,1224
632 100 3360,480,1224,1224
633 100 3360,480,1224,1224
634 100 3360,480,1224,1224
635 100 3288,504,1224,1200
636 100 3288,504,1224,1200
637 100 3288,504,1224,1200
638 100 3288,504,1224,1200
639 100 3288,504,1224,1200
640 100 3288,504,1224,1200
641 100 3264,504,1224,1200
642 100 3264,504,1224,1200
643 100 3264,504,1224,1200
644 100 3264,504,1224,1200
645 100 3288,504,1224,1200
646 100 3288,504,1224,1200
647 100 3288,504,1224,1200
648 100 3264,504,1224,1200
649 100 3264,504,1224,1200
650 100 3264,504,1224,1200
651 100 3264,504,1224,1200
652 100 3264,504,1224,1200
653 100 3264,504,1224,1200
654 100 3264,504,1224,1200
655 100 3288,504,1224,1200
656 100 3288,504,1224,1200
657 100 3288,504,1224,1200
658 100 3288,504,1224,1200
659 100 3288,504,1224,1200
660 100 3288,504,1224,1200
661 100 3288,504,1224,1200
662 100 3288,504,1224,1200
663 100 3288,504,1224,1200
664 100 3288,504,1224,1200
665 100 3288,504,1224,1200
666 100 3336,480,1224,1224
667 100 3336,480,1224,1224
668 100 3336,480,1224,1224
669 100 3168,480,1224,1224
670 100 3168,480,1224,1224
671 100 3168,480,1224,1224
672 100 3168,480,1224,1224
673 100 3168,480,1224,1224
674 100 3168,480,1224,1224
675 100 3168,480,1224,1224
676 100 3168,480,1224,1224
677 100 3168,480,1224,1224
678 100 3168,480,1224,1224
679 100 3168,480,1224,1224
680 100 3168,480,1224,1224
681 100 3168,480,1224,1224
682 100 3168,480,1224,1224
683 100 3168,480,1224,1224
684 100 3168,480,1224,1224
685 100 3192,480,1224,1224
686 100 3192,480,1224,1224
687 100 3192,480,1224,1224
688 100 3168,480,1224,1224
689 100 3168,480,1224,1224
690 100 3168,480,1224,1224
691 100 3168,480,1224,1224
692 100 3192,480,1224,1224
693 100 3192,480,1224,1224
694 100 3192,480,1224,1224
695 100 3192,480,1224,1224
696 100 3072,480,1224,1224
697 100 3072,480,1224,1224
698 100 3072,480,1224,1224
699 100 3072,480,1224,1224
700 100 3072,480,1224,1224
701 100 3072,480,1224,1224
702 100 3048,480,1224,1224
703 100 3048,480,1224,1224
704 100 3048,480,1224,1224
705 100 3048,480,1224,1224
706 100 3072,480,1224,1200
707 100 3072,480,1224,1200
708 100 3072,480,1224,1200
709 100 3072,480,1224,1224
710 100 3072,480,1224,1224
711 100 3072,480,1224,1224
712 100 3120,480,1224,1200
713 100 3120,480,1224,1200
714 100 3120,480,1224,1200
715 100 3120,504,1224,1200
716 100 3120,504,1224,1200
717 100 3120,504,1224,1200
718 100 3120,504,1224,1200
719 100 3024,504,1224,1200
720 100 3024,504,1224,1200
721 100 3024,504,1224,1200
722 100 2952,480,1224,1224
723 100 2952,480,1224,1224
724 100 2952,480,1224,1224
725 100 2928,504,1224,1224
726 100 2928,504,1224,1224
727 100 2928,504,1224,1224
728 100 2928,504,1224,1224
729 100 2856,504,1224,1224
730 100 2856,504,1224,1224
731 100 2856,504,1224,1224
732 100 2856,504,1224,1224
733 100 2712,504,1224,1224
734 100 2712,504,1224,1224
735 100 2712,504,1224,1224
736 100 2592,504,1224,1224
737 100 2592,504,1224,1224
738 100 2592,504,1224,1224
739 100 2592,504,1224,1224
740 100 2496,504,1224,1224
741 100 2496,504,1224,1224
742 100 2448,504,1224,1200
743 100 2448,504,1224,1200
744 100 2448,504,1224,1200
745 100 2448,504,1224,1200
746 100 2376,480,1224,1200
747 100 2376,480,1224,1200
748 100 2376,480,1224,1200
749 100 2376,480,1224,1200
750 100 2328,456,1224,1224
751 100 2328,456,1224,1224
752 100 2328,480,1224,1200
753 100 2328,480,1224,1200
754 100 2328,480,1224,1200
755 100 2328,480,1224,1200
756 100 2328,480,1224,1224
757 100 2328,480,1224,1224
758 100 2328,480,1224,1224
759 100 2328,480,1224,1224
760 100 2280,480,1224,1224
761 100 2280,480,1224,1224
762 100 2232,504,1224,1200
763 100 2232,504,1224,1200
764 100 2232,504,1224,1200
765 100 2232,504,1224,1200
766 100 2208,552,1224,1200
767 100 2208,552,1224,1200
768 100 2208,552,1224,1200
769 100 2208,552,1224,1200
770 100 2184,480,1224,1200
771 100 2184,480,1224,1200
772 100 2160,480,1224,1224
773 100 2160,480,1224,1224
774 100 2160,480,1224,1224
775 100 2160,480,1224,1224
776 100 2136,504,1224,1224
777 100 2136,504,1224,1224
778 100 2136,504,1224,1224
779 100 2136,504,1224,1224
780 100 2064,480,1224,1224
781 100 2064,480,1224,1224
782 100 2064,480,1224,1224
783 100 1992,528,1224,1224
784 100 1992,528,1224,1224
785 100 1992,528,1224,1224
786 100 1944,528,1224,1224
787 100 1944,528,1224,1224
788 100 1944,528,1224,1224
789 100 1944,528,1224,1224
790 100 1896,552,1224,1224
791 100 1896,552,1224,1224
792 100 1896,552,1224,1224
793 100 1824,576,1224,1200
794 100 1824,576,1224,1200
795 100 1824,576,1224,1200
796 100 1848,576,1224,1200
797 100 1848,576,1224,1200
798 100 1848,576,1224,1200
799 100 1848,576,1224,1200
800 100 1800,576,1224,1200
801 100 1800,576,1224,1200
802 100 1800,576,1224,1200
803 100 1776,576,1224,1200
804 100 1776,576,1224,1200
805 100 1776,576,1224,1200
806 100 1752,576,1224,1200
807 100 1752,576,1224,1200
808 100 1752,576,1224,1200
809 100 1752,576,1224,1200
810 100 1704,576,1224,1224
811 100 1704,576,1224,1224
812 100 1704,576,1224,1224
813 100 1680,576,1224,1224
814 100 1680,576,1224,1224
815 100 1680,576,1224,1224
816 100 1656,576,1224,1224
817 100 1656,576,1224,1224
818 100 1656,576,1224,1224
819 100 1656,576,1224,1224
820 100 1632,576,1224,1224
821 100 1632,576,1224,1224
822 100 1632,576,1224,1224
823 100 1584,576,1224,1224
824 100 1584,576,1224,1224
825 100 1584,576,1224,1224
826 100 1560,576,1224,1224
827 100 1560,576,1224,1224
828 100 1560,576,1224,1224
829 100 1560,576,1224,1224
830 100 1560,576,1224,1200
831 100 1560,576,1224,1200
832 100 1560,576,1224,1200
833 100 1536,576,1224,1224
834 100 1536,576,1224,1224
835 100 1536,576,1224,1224
836 100 1536,576,1224,1224
837 100 1536,576,1224,1224
838 100 1536,576,1224,1224
839 100 1536,576,1224,1224
840 100 1536,576,1224,1200
841 100 1536,576,1224,1200
842 100 1536,576,1224,1200
843 100 1536,576,1224,1200
844 100 1536,576,1224,1200
845 100 1536,576,1224,1200
846 100 1536,552,1224,1224
847 100 1536,552,1224,1224
848 100 1536,552,1224,1224
849 100 1536,552,1224,1224
850 100 1560,552,1224,1200
851 100 1560,552,1224,1200
852 100 1560,552,1224,1200
853 100 1560,552,1224,1200
854 100 1608,552,1224,1200
855 100 1608,552,1224,1200
856 100 1632,528,1224,1224
857 100 1632,528,1224,1224
858 100 1632,528,1224,1224
859 100 1632,528,1224,1224
860 100 1656,528,1224,1224
861 100 1656,528,1224,1224
862 100 1656,528,1224,1224
863 100 1656,528,1224,1224
864 100 1680,528,1224,1224
865 100 1680,528,1224,1224
866 100 1728,528,1224,1200
867 100 1728,528,1224,1200
868 100 1728,528,1224,1200
869 100 1728,528,1224,1200
870 100 1776,528,1224,1200
871 100 1776,528,1224,1200
872 100 1776,528,1224,1200
873 100 1776,528,1224,1200
874 100 1824,528,1224,1200
875 100 1824,528,1224,1200
876 100 1848,528,1224,1200
877 100 1848,528,1224,1200
878 100 1848,528,1224,1200
879 100 1848,528,1224,1200
880 100 1896,552,1224,1200
881 100 1896,552,1224,1200
882 100 1896,552,1224,1200
883 100 1896,552,1224,1200
884 100 1896,552,1224,1224
885 100 1896,552,1224,1224
886 100 1920,600,1224,1200
887 100 1920,600,1224,1200
888 100 1920,600,1224,1200
889 100 1920,600,1224,1200
890 100 1944,624,1224,1200
891 100 1944,624,1224,1200
892 100 1944,624,1224,1200
893 100 1944,624,1224,1200
894 100 1944,672,1224,1224
895 100 1944,672,1224,1224
896 100 1944,672,1224,1224
897 100 1968,696,1224,1200
898 100 1968,696,1224,1200
899 100 1968,696,1224,1200
900 100 1992,696,1224,1200
901 100 1992,696,1224,1200
902 100 1992,696,1224,1200
903 100 2016,672,1224,1200
904 100 2016,672,1224,1200
905 100 2016,672,1224,1200
906 100 2016,672,1224,1200
907 100 2064,648,1224,1200
908 100 2064,648,1224,1200
909 100 2064,648,1224,1200
910 100 2064,648,1224,1200
911 100 2064,648,1224,1200
912 100 2112,648,1224,1200
913 100 2112,648,1224,1200
914 100 2112,648,1224,1200
915 100 2136,624,1224,1200
916 100 2136,624,1224,1200
917 100 2136,624,1224,1200
918 100 2184,600,1224,1200
919 100 2184,600,1224,1200
920 100 2184,600,1224,1200
921 100 2208,576,1224,1200
922 100 2208,576,1224,1200
923 100 2208,576,1224,1200
924 100 2256,576,1224,1200
925 100 2256,576,1224,1200
926 100 2256,576,1224,1200
927 100 2304,576,1224,1200
928 100 2304,576,1224,1200
929 100 2304,576,1224,1200
930 100 2304,576,1224,1200
931 100 2328,576,1224,1224
932 100 2328,576,1224,1224
933 100 2328,576,1224,1224
934 100 2328,576,1224,1224
935 100 2352,576,1224,1224
936 100 2352,576,1224,1224
937 100 2352,576,1224,1224
938 100 2352,576,1224,1224
939 100 2352,576,1224,1224
940 100 2352,576,1224,1224
941 100 2376,576,1224,1224
942 100 2376,576,1224,1224
943 100 2376,576,1224,1224
944 100 2376,576,1224,1200
945 100 2376,576,1224,1200
946 100 2376,576,1224,1200
947 100 2376,576,1224,1200
948 100 2376,576,1224,1200
949 100 2376,576,1224,1200
950 100 2376,576,1224,1200
951 100 2376,576,1224,1200
952 100 2376,576,1224,1200
953 100 2376,576,1224,1200
954 100 2376,576,1224,1200
955 100 2376,576,1224,1200
956 100 2376,576,1224,1200
957 100 2376,576,1224,1200
958 100 2376,576,1224,1200
959 100 2352,576,1224,1200
960 100 2352,576,1224,1200
961 100 2352,576,1224,1200
962 100 2352,576,1224,1200
963 100 2352,576,1224,1200
964 100 2352,576,1224,1200
965 100 2352,576,1224,1200
966 100 2352,576,1224,1200
967 100 2352,576,1224,1200
968 100 2352,576,1224,1200
969 100 2352,576,1224,1200
970 100 2352,576,1224,1200
971 100 2352,576,1224,1200
972 100 2352,576,1224,1200
973 100 2352,576,1224,1200
974 100 2352,576,1224,1200
975 100 2352,576,1224,1200
976 100 2352,576,1224,1200
977 100 2352,576,1224,1200
978 100 2352,576,1224,1200
979 100 2352,576,1224,1200
980 100 2352,576,1224,1200
981 100 2376,576,1224,1200
982 100 2376,576,1224,1200
983 100 2376,576,1224,1200
984 100 2424,552,1224,1200
985 100 2424,552,1224,1200
986 100 2424,552,1224,1200
987 100 2424,552,1224,1200
988 100 2424,552,1224,1200
989 100 2544,528,1224,1224
990 100 2544,528,1224,1224
991 100 2544,528,1224,1224
992 100 2616,552,1224,1200
993 100 2616,552,1224,1200
994 100 2616,552,1224,1200
995 100 2664,528,1224,1224
996 100 2664,528,1224,1224
997 100 2664,528,1224,1224
998 100 2688,552,1224,1200
999 100 2688,552,1224,1200
1000 100 2688,552,1224,1200
1001 100 2712,552,1224,1200
1002 100 2712,552,1224,1200
1003 100 2712,552,1224,1200
1004 100 2712,552,1224,1200
1005 100 2712,552,1224,1200
1006 100 2712,552,1224,1200
1007 100 2712,552,1224,1200
1008 100 2712,552,1224,1224
1009 100 2712,552,1224,1224
1010 100 2712,552,1224,1224
1011 100 2712,552,1224,1224
1012 100 2712,552,1224,1224
1013 100 2712,552,1224,1224
1014 100 2712,552,1224,1224
1015 100 2712,552,1224,1224
1016 100 2712,552,1224,1224
1017 100 2712,552,1224,1224
1018 100 2712,552,1224,1224
1019 100 2712,576,1224,1200
1020 100 2712,576,1224,1200
1021 100 2712,576,1224,1200
1022 100 2712,552,1224,1224
1023 100 2712,552,1224,1224
1024 100 2712,552,1224,1224
1025 100 2712,552,1224,1224
1026 100 2712,552,1224,1224
1027 100 2712,552,1224,1224
1028 100 2712,552,1224,1224
1029 100 2712,552,1224,1224
1030 100 2712,552,1224,1224
1031 100 2712,552,1224,1224
1032 100 2712,552,1224,1224
1033 100 2712,552,1224,1224
1034 100 2712,552,1224,1224
1035 100 2712,552,1224,1224
1036 100 2712,552,1224,1224
1037 100 2712,552,1224,1224
1038 100 2712,552,1224,1224
1039 100 2712,552,1224,1224
1040 100 2712,552,1224,1224
1041 100 2712,552,1224,1224
1042 100 2712,552,1224,1224
1043 100 2712,552,1224,1224
1044 100 2712,552,1224,1224
1045 100 2712,552,1224,1224
1046 100 2712,552,1224,1224
1047 100 2712,552,1224,1224
1048 100 2712,552,1224,1224
1049 100 2736,552,1224,1200
1050 100 2736,552,1224,1200
1051 100 2736,552,1224,1200
1052 100 2712,528,1224,1224
1053 100 2712,528,1224,1224
1054 100 2712,528,1224,1224
1055 100 2808,552,1224,1200
1056 100 2808,552,1224,1200
1057 100 2808,552,1224,1200
1058 100 2952,552,1224,1224
1059 100 2952,552,1224,1224
1060 100 2952,552,1224,1224
1061 100 2952,552,1224,1224
1062 100 3024,552,1224,1224
1063 100 3024,552,1224,1224
1064 100 3024,552,1224,1224
1065 100 3072,576,1224,1224
1066 100 3072,576,1224,1224
1067 100 3072,576,1224,1224
1068 100 3120,600,1224,1200
1069 100 3120,600,1224,1200
1070 100 3120,600,1224,1200
1071 100 3120,600,1224,1200
1072 100 3216,600,1224,1200
1073 100 3216,600,1224,1200
1074 100 3216,600,1224,1200
1075 100 3264,624,1224,1200
1076 100 3264,624,1224,1200
1077 100 3264,624,1224,1200
1078 100 3264,624,1224,1200
1079 100 3264,624,1224,1200
1080 100 3216,624,1224,1200
1081 100 3216,624,1224,1200
1082 100 3216,624,1224,1200
1083 100 3120,624,1224,1224
1084 100 3120,624,1224,1224
1085 100 3120,624,1224,1224
1086 100 3216,648,1224,1200
1087 100 3216,648,1224,1200
1088 100 3216,648,1224,1200
1089 100 3240,648,1224,1200
1090 100 3240,648,1224,1200
1091 100 3240,648,1224,1200
1092 100 3216,648,1224,1200
1093 100 3216,648,1224,1200
1094 100 3216,648,1224,1200
1095 100 3216,648,1224,1200
1096 100 3216,648,1224,1200
1097 100 3216,648,1224,1200
1098 100 3192,648,1224,1200
1099 100 3192,648,1224,1200
1100 100 3192,648,1224,1200
1101 100 3192,648,1224,1200
1102 100 3336,648,1224,1224
1103 100 3336,648,1224,1224
1104 100 3336,648,1224,1224
1105 100 3336,648,1224,1224
1106 100 3336,648,1224,1224
1107 100 3336,648,1224,1224
1108 100 3312,648,1224,1224
1109 100 3312,648,1224,1224
1110 100 3312,648,1224,1224
1111 100 3312,648,1224,1224
1112 100 3312,648,1224,1224
1113 100 3312,648,1224,1224
1114 100 3312,648,1224,1224
1115 100 3312,648,1224,1224
1116 100 3312,648,1224,1224
1117 100 3312,648,1224,1224
1118 100 3312,648,1224,1224
1119 100 3264,648,1224,1224
1120 100 3264,648,1224,1224
1121 100 3264,648,1224,1224
1122 100 3288,648,1224,1224
1123 100 3288,648,1224,1224
1124 100 3288,648,1224,1224
1125 100 3288,648,1224,1224
1126 100 3288,648,1224,1224
1127 100 3288,648,1224,1224
1128 100 3288,648,1224,1224
1129 100 3288,648,1224,1224
1130 100 3288,648,1224,1224
1131 100 3288,648,1224,1224
1132 100 3456,672,1224,1200
1133 100 3456,672,1224,1200
1134 100 3456,672,1224,1200
1135 100 3240,672,1224,1200
1136 100 3240,672,1224,1200
1137 100 3240,672,1224,1200
1138 100 3240,672,1224,1200
1139 100 3240,672,1224,1200
1140 100 3240,672,1224,1200
1141 100 3240,672,1224,1200
1142 100 3408,672,1224,1200
1143 100 3408,672,1224,1200
1144 100 3408,672,1224,1200
1145 100 3408,672,1224,1200
1146 100 3384,672,1224,1200
1147 100 3384,672,1224,1200
1148 100 3384,672,1224,1200
1149 100 3216,672,1224,1200
1150 100 3216,672,1224,1200
1151 100 3216,672,1224,1200
1152 100 3216,672,1224,1200
1153 100 3216,672,1224,1200
1154 100 3216,672,1224,1200
1155 100 3216,672,1224,1200
1156 100 3216,672,1224,1200
1157 100 3192,672,1224,1200
1158 100 3192,672,1224,1200
1159 100 3192,672,1224,1200
1160 100 3192,672,1224,1200
1161 100 3192,672,1224,1200
1162 100 3192,672,1224,1200
1163 100 3216,672,1224,1200
1164 100 3216,672,1224,1200
1165 100 3216,672,1224,1200
1166 100 3288,648,1224,1224
1167 100 3288,648,1224,1224
1168 100 3288,648,1224,1224
1169 100 3288,648,1224,1224
1170 100 3288,648,1224,1224
1171 100 3288,648,1224,1224
1172 100 3144,648,1224,1224
1173 100 3144,648,1224,1224
1174 100 3144,648,1224,1224
1175 100 3144,648,1224,1224
1176 100 3144,648,1224,1224
1177 100 3144,648,1224,1224
1178 100 3144,648,1224,1224
1179 100 3192,648,1224,1200
1180 100 3192,648,1224,1200
1181 100 3192,648,1224,1200
1182 100 3192,648,1224,1200
1183 100 3192,648,1224,1200
1184 100 3192,648,1224,1200
1185 100 3192,648,1224,1200
1186 100 3240,648,1224,1200
1187 100 3240,648,1224,1200
1188 100 3240,648,1224,1200
1189 100 3240,648,1224,1200
1190 100 3240,648,1224,1200
1191 100 3240,648,1224,1200
1192 100 3264,624,1224,1224
1193 100 3264,624,1224,1224
1194 100 3264,624,1224,1224
1195 100 3264,624,1224,1224
1196 100 3144,624,1224,1224
1197 100 3144,624,1224,1224
1198 100 3144,624,1224,1224
1199 100 3144,624,1224,1224
1200 100 3144,624,1224,1224
1201 100 3144,624,1224,1224
1202 100 3144,624,1224,1224
1203 100 3144,624,1224,1224
1204 100 3144,624,1224,1224
1205 100 3144,624,1224,1224
1206 100 3192,624,1224,1200
1207 100 3192,624,1224,1200
1208 100 3192,624,1224,1200
1209 100 3144,624,1224,1224
1210 100 3144,624,1224,1224
1211 100 3144,624,1224,1224
1212 100 3144,624,1224,1224
1213 100 3168,624,1224,1200
1214 100 3168,624,1224,1200
1215 100 3168,624,1224,1200
1216 100 2976,624,1224,1224
1217 100 2976,624,1224,1224
1218 100 2976,624,1224,1224
1219 100 2616,648,1224,1200
1220 100 2616,648,1224,1200
1221 100 2616,648,1224,1200
1222 100 2616,648,1224,1200
1223 100 2496,672,1224,1224
1224 100 2496,672,1224,1224
1225 100 2496,672,1224,1224
1226 100 2400,672,1224,1224
1227 100 2400,672,1224,1224
1228 100 2400,672,1224,1224
1229 100 2352,696,1224,1200
1230 100 2352,696,1224,1200
1231 100 2352,696,1224,1200
1232 100 2352,696,1224,1200
1233 100 2328,696,1224,1200
1234 100 2328,696,1224,1200
1235 100 2328,696,1224,1200
1236 100 2328,696,1224,1200
1237 100 2328,696,1224,1200
1238 100 2328,696,1224,1200
1239 100 2328,696,1224,1200
1240 100 2328,696,1224,1200
1241 100 2328,696,1224,1200
1242 100 2328,696,1224,1200
1243 100 2328,696,1224,1200
1244 100 2328,696,1224,1200
1245 100 2328,696,1224,1200
1246 100 2328,696,1224,1200
1247 100 2304,696,1224,1200
1248 100 2304,696,1224,1200
1249 100 2304,696,1224,1200
1250 100 2328,672,1224,1224
1251 100 2328,672,1224,1224
1252 100 2328,672,1224,1224
1253 100 2328,672,1224,1224
1254 100 2328,672,1224,1224
1255 100 2328,672,1224,1224
1256 100 2328,672,1224,1224
1257 100 2328,672,1224,1224
1258 100 2328,672,1224,1224
1259 100 2328,672,1224,1224
1260 100 2328,672,1224,1224
1261 100 2328,672,1224,1224
1262 100 2328,672,1224,1224
1263 100 2328,672,1224,1224
1264 100 2328,672,1224,1224
1265 100 2328,672,1224,1224
1266 100 2328,672,1224,1224
1267 100 2328,696,1224,1200
1268 100 2328,696,1224,1200
1269 100 2328,696,1224,1200
1270 100 2352,696,1224,1224
1271 100 2352,696,1224,1224
1272 100 2352,696,1224,1224
1273 100 2352,720,1224,1200
1274 100 2352,720,1224,1200
1275 100 2352,720,1224,1200
1276 100 2352,720,1224,1200
1277 100 2400,720,1224,1200
1278 100 2400,720,1224,1200
1279 100 2400,720,1224,1200
1280 100 2400,720,1224,1200
1281 100 2424,720,1224,1224
1282 100 2424,720,1224,1224
1283 100 2376,768,1224,1224
1284 100 2376,768,1224,1224
1285 100 2376,768,1224,1224
1286 100 2376,768,1224,1224
1287 100 2448,816,1224,1224
1288 100 2448,816,1224,1224
1289 100 2448,816,1224,1224
1290 100 2472,888,1224,1200
1291 100 2472,888,1224,1200
1292 100 2472,888,1224,1200
1293 100 2472,888,1224,1200
1294 100 2496,912,1224,1224
1295 100 2496,912,1224,1224
1296 100 2496,912,1224,1224
1297 100 2496,912,1224,1248
1298 100 2496,912,1224,1248
1299 100 2496,912,1224,1248
1300 100 1512,936,1224,1224
1301 100 1512,936,1224,1224
1302 100 1512,936,1224,1224
1303 100 1512,936,1224,1224
1304 100 744,960,1224,1200
1305 100 744,960,1224,1200
1306 100 744,960,1224,1200
1307 100 0,960,1224,1200
1308 100 0,960,1224,1200
1309 100 0,960,1224,1200
1310 100 0,960,1224,1200
1311 100 0,960,1224,1200
1312 100 0,960,1224,1200
1313 100 0,960,1224,1200
1314 100 0,960,1224,1200
1315 100 0,960,1224,1200
1316 100 0,960,1224,1200
1317 100 0,960,1224,1200
1318 100 0,960,1224,1200
1319 100 0,960,1224,1200
1320 100 0,912,1224,1248
1321 100 0,912,1224,1248
1322 100 0,912,1224,1248
1323 100 0,912,1224,1248
1324 100 0,912,1224,1248
1325 100 0,912,1224,1248
1326 100 0,912,1224,1248
1327 100 0,912,1224,1248
1328 100 0,912,1224,1248
1329 100 0,912,1224,1248
1330 100 1512,888,1224,1272
1331 100 1512,888,1224,1272
1332 100 1512,888,1224,1272
1333 100 1512,888,1224,1272
1334 100 2136,888,1224,1272
1335 100 2136,888,1224,1272
1336 100 2136,888,1224,1272
1337 100 1992,888,1224,1272
1338 100 1992,888,1224,1272
1339 100 1992,888,1224,1272
1340 100 2160,888,1224,1272
1341 100 2160,888,1224,1272
1342 100 2160,888,1224,1272
1343 100 2160,888,1224,1272
1344 100 2448,888,1224,1272
1345 100 2448,888,1224,1272
1346 100 2448,888,1224,1272
1347 100 2760,888,1224,1272
1348 100 2760,888,1224,1272
1349 100 2760,888,1224,1272
1350 100 2712,888,1224,1272
1351 100 2712,888,1224,1272
1352 100 2712,888,1224,1272
1353 100 2712,888,1224,1272
1354 100 2856,888,1224,1272
1355 100 2856,888,1224,1272
1356 100 2856,888,1224,1272
1357 100 3384,888,1224,1272
1358 100 3384,888,1224,1272
1359 100 3384,888,1224,1272
1360 100 2856,864,1224,1272
1361 100 2856,864,1224,1272
1362 100 2856,864,1224,1272
1363 100 2856,864,1224,1272
1364 100 2856,864,1224,1272
1365 100 3312,864,1224,1272
1366 100 3312,864,1224,1272
1367 100 3312,864,1224,1272
1368 100 3096,864,1224,1248
1369 100 3096,864,1224,1248
1370 100 3096,864,1224,1248
1371 100 3168,840,1224,1248
1372 100 3168,840,1224,1248
1373 100 3168,840,1224,1248
1374 100 3192,816,1224,1248
1375 100 3192,816,1224,1248
1376 100 3192,816,1224,1248
1377 100 3240,792,1224,1248
1378 100 3240,792,1224,1248
1379 100 3240,792,1224,1248
1380 100 3240,792,1224,1248
1381 100 3432,792,1224,1248
1382 100 3432,792,1224,1248
1383 100 3432,792,1224,1248
1384 100 3432,792,1224,1248
1385 100 3120,792,1224,1248
1386 100 3120,792,1224,1248
1387 100 3120,792,1224,1248
1388 100 3216,792,1224,1224
1389 100 3216,792,1224,1224
1390 100 3216,792,1224,1224
1391 100 3264,792,1224,1224
1392 100 3264,792,1224,1224
1393 100 3264,792,1224,1224
1394 100 3216,792,1224,1224
1395 100 3216,792,1224,1224
1396 100 3216,792,1224,1224
1397 100 3216,792,1224,1224
1398 100 3072,816,1224,1248
1399 100 3072,816,1224,1248
1400 100 3072,816,1224,1248
1401 100 3048,816,1224,1248
1402 100 3048,816,1224,1248
1403 100 3048,816,1224,1248
1404 100 3048,816,1224,1248
1405 100 3048,864,1224,1224
1406 100 3048,864,1224,1224
1407 100 3048,864,1224,1224
1408 100 2880,888,1224,1248
1409 100 2880,888,1224,1248
1410 100 2880,888,1224,1248
1411 100 2880,888,1224,1248
1412 100 3120,888,1224,1248
1413 100 3120,888,1224,1248
1414 100 3120,888,1224,1248
1415 100 2712,912,1224,1248
1416 100 2712,912,1224,1248
1417 100 2712,912,1224,1248
1418 100 2952,888,1224,1248
1419 100 2952,888,1224,1248
1420 100 2952,888,1224,1248
1421 100 2832,888,1224,1248
1422 100 2832,888,1224,1248
1423 100 2832,888,1224,1248
1424 100 2976,840,1224,1248
1425 100 2976,840,1224,1248
1426 100 2976,840,1224,1248
1427 100 2976,840,1224,1248
1428 100 3096,792,1224,1248
1429 100 3096,792,1224,1248
1430 100 3096,792,1224,1248
1431 100 3192,768,1224,1248
1432 100 3192,768,1224,1248
1433 100 3192,768,1224,1248
1434 100 3192,768,1224,1248
1435 100 3144,768,1224,1224
1436 100 3144,768,1224,1224
1437 100 3144,768,1224,1224
1438 100 3192,744,1224,1248
1439 100 3192,744,1224,1248
1440 100 3192,744,1224,1248
1441 100 3240,744,1224,1248
1442 100 3240,744,1224,1248
1443 100 3240,744,1224,1248
1444 100 3240,744,1224,1248
1445 100 3168,744,1224,1224
1446 100 3168,744,1224,1224
1447 100 3168,744,1224,1224
1448 100 3168,744,1224,1224
1449 100 3216,744,1224,1224
1450 100 3216,744,1224,1224
1451 100 3240,744,1224,1224
1452 100 3240,744,1224,1224
1453 100 3240,744,1224,1224
1454 100 3240,744,1224,1224
1455 100 3120,744,1224,1200
1456 100 3120,744,1224,1200
1457 100 3120,744,1224,1200
1458 100 3120,744,1224,1200
1459 100 3192,696,1224,1224
1460 100 3192,696,1224,1224
1461 100 3264,696,1224,1224
1462 100 3264,696,1224,1224
1463 100 3264,696,1224,1224
1464 100 3264,696,1224,1224
1465 100 3144,672,1224,1200
1466 100 3144,672,1224,1200
1467 100 3144,672,1224,1200
1468 100 3144,672,1224,1200
1469 100 2832,648,1224,1224
1470 100 2832,648,1224,1224
1471 100 2616,624,1224,1200
1472 100 2616,624,1224,1200
1473 100 2616,624,1224,1200
1474 100 2616,624,1224,1200
1475 100 2568,576,1224,1224
1476 100 2568,576,1224,1224
1477 100 2568,576,1224,1224
1478 100 2568,576,1224,1224
1479 100 2496,576,1224,1200
1480 100 2496,576,1224,1200
1481 100 2424,576,1224,1200
1482 100 2424,576,1224,1200
1483 100 2424,576,1224,1200
1484 100 2424,576,1224,1200
1485 100 2376,552,1224,1224
1486 100 2376,552,1224,1224
1487 100 2376,552,1224,1224
1488 100 2376,552,1224,1224
1489 100 2328,552,1224,1200
1490 100 2328,552,1224,1200
1491 100 2328,552,1224,1200
1492 100 2328,552,1224,1200
1493 100 2328,552,1224,1200
1494 100 2328,552,1224,1200
1495 100 2304,552,1224,1200
1496 100 2304,552,1224,1200
1497 100 2304,552,1224,1200
1498 100 2304,552,1224,1200
1499 100 2304,552,1224,1224
1500 100 2304,552,1224,1224
1501 100 2304,552,1224,1224
1502 100 2304,552,1224,1224
1503 100 2304,552,1224,1224
1504 100 2304,552,1224,1224
1505 100 2304,552,1224,1200
1506 100 2304,552,1224,1200
1507 100 2304,552,1224,1200
1508 100 2304,552,1224,1200
1509 100 2304,528,1224,1224
1510 100 2304,528,1224,1224
1511 100 2304,528,1224,1224
1512 100 2328,552,1224,1200
1513 100 2328,552,1224,1200
1514 100 2328,552,1224,1200
1515 100 2328,552,1224,1200
1516 100 2328,552,1224,1200
1517 100 2328,552,1224,1200
1518 100 2328,552,1224,1200
1519 100 2328,528,1224,1224
1520 100 2328,528,1224,1224
1521 100 2328,528,1224,1224
1522 100 2352,528,1224,1224
1523 100 2352,528,1224,1224
1524 100 2352,528,1224,1224
1525 100 2376,528,1224,1200
1526 100 2376,528,1224,1200
1527 100 2376,528,1224,1200
1528 100 2376,528,1224,1200
1529 100 2400,528,1224,1200
1530 100 2400,528,1224,1200
1531 100 2400,528,1224,1200
1532 100 2424,528,1224,1224
1533 100 2424,528,1224,1224
1534 100 2424,528,1224,1224
1535 100 2424,528,1224,1224
1536 100 2424,528,1224,1224
1537 100 2424,528,1224,1224
1538 100 2424,528,1224,1224
1539 100 2424,528,1224,1224
1540 100 2424,528,1224,1224
1541 100 2424,528,1224,1224
1542 100 2424,528,1224,1224
1543 100 2424,528,1224,1224
1544 100 2424,528,1224,1224
1545 100 2424,528,1224,1224
1546 100 2448,528,1224,1224
1547 100 2448,528,1224,1224
1548 100 2448,528,1224,1224
1549 100 2448,528,1224,1200
1550 100 2448,528,1224,1200
1551 100 2448,528,1224,1200
1552 100 2448,528,1224,1200
1553 100 2448,528,1224,1200
1554 100 2448,528,1224,1200
1555 100 2448,528,1224,1200
1556 100 2448,528,1224,1200
1557 100 2448,528,1224,1200
1558 100 2448,528,1224,1200
1559 100 2448,528,1224,1200
1560 100 2448,528,1224,1200
1561 100 2448,528,1224,1200
1562 100 2448,528,1224,1200
1563 100 2424,504,1224,1200
1564 100 2424,504,1224,1200
1565 100 2376,504,1224,1200
1566 100 2376,504,1224,1200
1567 100 2376,504,1224,1200
1568 100 2376,504,1224,1200
1569 100 2304,528,1224,1224
1570 100 2304,528,1224,1224
1571 100 2304,528,1224,1224
1572 100 2304,528,1224,1224
1573 100 2160,576,1224,1224
1574 100 2160,576,1224,1224
1575 100 2088,600,1224,1224
1576 100 2088,600,1224,1224
1577 100 2088,600,1224,1224
1578 100 2088,600,1224,1224
1579 100 2016,624,1224,1224
1580 100 2016,624,1224,1224
1581 100 2016,624,1224,1224
1582 100 1968,648,1224,1200
1583 100 1968,648,1224,1200
1584 100 1968,648,1224,1200
1585 100 1968,648,1224,1200
1586 100 1944,648,1224,1200
1587 100 1944,648,1224,1200
1588 100 1944,648,1224,1200
1589 100 1944,648,1224,1200
1590 100 1944,648,1224,1200
1591 100 1944,648,1224,1200
1592 100 1968,624,1224,1200
1593 100 1968,624,1224,1200
1594 100 1968,624,1224,1200
1595 100 1968,624,1224,1200
1596 100 1968,624,1224,1200
1597 100 1968,624,1224,1200
1598 100 1968,624,1224,1200
1599 100 1968,624,1224,1200
1600 100 1968,624,1224,1200
1601 100 1968,624,1224,1200
1602 100 1968,624,1224,1200
1603 100 1968,624,1224,1200
1604 100 1968,624,1224,1200
1605 100 1968,624,1224,1200
1606 100 1992,600,1224,1224
1607 100 1992,600,1224,1224
1608 100 1992,600,1224,1224
1609 100 2016,576,1224,1200
1610 100 2016,576,1224,1200
1611 100 2016,576,1224,1200
1612 100 2016,576,1224,1200
1613 100 2040,552,1224,1224
1614 100 2040,552,1224,1224
1615 100 2040,552,1224,1224
1616 100 2064,552,1224,1200
1617 100 2064,552,1224,1200
1618 100 2064,552,1224,1200
1619 100 2064,552,1224,1200
1620 100 2088,528,1224,1224
1621 100 2088,528,1224,1224
1622 100 2088,528,1224,1224
1623 100 2088,504,1224,1224
1624 100 2088,504,1224,1224
1625 100 2088,504,1224,1224
1626 100 2088,456,1224,1200
1627 100 2088,456,1224,1200
1628 100 2088,456,1224,1200
1629 100 2088,384,1224,1200
1630 100 2088,384,1224,1200
1631 100 2088,384,1224,1200
1632 100 2088,288,1224,1224
1633 100 2088,288,1224,1224
1634 100 2088,288,1224,1224
1635 100 2088,288,1224,1224
1636 100 2064,192,1224,1200
1637 100 2064,192,1224,1200
1638 100 2064,192,1224,1200
1639 100 2064,192,1224,1200
1640 100 2064,192,1224,1200
1641 100 2064,120,1224,1224
1642 100 2064,120,1224,1224
1643 100 2064,120,1224,1224
1644 100 2064,120,1224,1200
1645 100 2064,120,1224,1200
1646 100 2064,120,1224,1200
1647 100 2088,120,1224,1200
1648 100 2088,120,1224,1200
1649 100 2088,120,1224,1200
1650 100 2088,120,1224,1200
1651 100 2112,120,1224,1200
1652 100 2112,120,1224,1200
1653 100 2112,120,1224,1200
1654 100 2112,120,1224,1200
1655 100 2112,120,1224,1200
1656 100 2112,120,1224,1200
1657 100 2112,120,1224,1200
1658 100 2112,120,1224,1200
1659 100 2112,120,1224,1200
1660 100 2088,120,1224,1200
1661 100 2088,120,1224,1200
1662 100 2088,120,1224,1200
1663 100 2136,120,1224,1224
1664 100 2136,120,1224,1224
1665 100 2136,120,1224,1224
1666 100 2136,144,1224,1200
1667 100 2136,144,1224,1200
1668 100 2136,144,1224,1200
1669 100 2136,144,1224,1200
1670 100 2136,120,1224,1224
1671 100 2136,120,1224,1224
1672 100 2136,120,1224,1224
1673 100 2136,144,1224,1200
1674 100 2136,144,1224,1200
1675 100 2136,144,1224,1200
1676 100 2136,144,1224,1200
1677 100 2136,144,1224,1200
1678 100 2160,144,1224,1200
1679 100 2160,144,1224,1200
1680 100 2160,144,1224,1200
1681 100 2184,168,1224,1200
1682 100 2184,168,1224,1200
1683 100 2184,168,1224,1200
1684 100 2208,192,1224,1200
1685 100 2208,192,1224,1200
1686 100 2208,192,1224,1200
1687 100 2256,216,1224,1200
1688 100 2256,216,1224,1200
1689 100 2256,216,1224,1200
1690 100 2328,264,1224,1200
1691 100 2328,264,1224,1200
1692 100 2328,264,1224,1200
1693 100 2376,312,1224,1200
1694 100 2376,312,1224,1200
1695 100 2376,312,1224,1200
1696 100 2424,360,1224,1200
1697 100 2424,360,1224,1200
1698 100 2424,360,1224,1200
1699 100 2424,360,1224,1200
1700 100 2424,408,1224,1200
1701 100 2424,408,1224,1200
1702 100 2424,408,1224,1200
1703 100 2424,408,1224,1200
1704 100 2424,408,1224,1200
1705 100 2448,456,1224,1200
1706 100 2448,456,1224,1200
1707 100 2448,456,1224,1200
1708 100 2448,480,1224,1200
1709 100 2448,480,1224,1200
1710 100 2448,480,1224,1200
1711 100 2448,480,1224,1224
1712 100 2448,480,1224,1224
1713 100 2448,480,1224,1224
1714 100 2448,504,1224,1200
1715 100 2448,504,1224,1200
1716 100 2448,504,1224,1200
1717 100 2448,504,1224,1200
1718 100 2448,504,1224,1200
1719 100 2448,504,1224,1200
1720 100 2448,504,1224,1200
1721 100 2448,504,1224,1200
1722 100 2448,504,1224,1200
1723 100 2448,504,1224,1224
1724 100 2448,504,1224,1224
1725 100 2448,504,1224,1224
1726 100 2448,504,1224,1224
1727 100 2448,504,1224,1224
1728 100 2448,504,1224,1224
1729 100 2448,504,1224,1224
1730 100 2448,504,1224,1224
1731 100 2448,504,1224,1224
1732 100 2448,504,1224,1224
1733 100 2448,504,1224,1224
1734 100 2448,504,1224,1224
1735 100 2448,504,1224,1224
1736 100 2448,504,1224,1224
1737 100 2448,504,1224,1224
1738 100 2448,504,1224,1224
1739 100 2448,504,1224,1224
1740 100 2448,504,1224,1224
1741 100 2448,504,1224,1224
1742 100 2448,504,1224,1224
1743 100 2448,504,1224,1224
1744 100 2448,504,1224,1224
1745 100 2448,504,1224,1224
1746 100 2448,504,1224,1224
1747 100 2448,504,1224,1224
1748 100 2448,504,1224,1224
1749 100 2448,504,1224,1224
1750 100 2448,504,1224,1224
1751 100 2448,504,1224,1224
1752 100 2448,504,1224,1224
1753 100 2448,504,1224,1224
1754 100 2448,504,1224,1224
1755 100 2448,504,1224,1224
1756 100 2448,504,1224,1224
1757 100 2448,504,1224,1224
1758 100 2448,504,1224,1224
1759 100 2448,504,1224,1224
1760 100 2448,504,1224,1224
1761 100 2448,504,1224,1224
1762 100 2448,504,1224,1224
1763 100 2448,504,1224,1224
1764 100 2448,504,1224,1224
1765 100 2448,504,1224,1224
1766 100 2448,504,1224,1224
1767 100 2448,504,1224,1200
1768 100 2448,504,1224,1200
1769 100 2448,504,1224,1200
1770 100 2448,480,1224,1200
1771 100 2448,480,1224,1200
1772 100 2448,480,1224,1200
1773 100 2448,480,1224,1200
1774 100 2496,480,1224,1224
1775 100 2496,480,1224,1224
1776 100 2496,480,1224,1224
1777 100 2472,480,1224,1200
1778 100 2472,480,1224,1200
1779 100 2472,480,1224,1200
1780 100 2472,480,1224,1200
1781 100 2472,432,1224,1200
1782 100 2472,432,1224,1200
1783 100 2472,432,1224,1200
1784 100 2472,384,1224,1224
1785 100 2472,384,1224,1224
1786 100 2472,384,1224,1224
1787 100 2472,384,1224,1224
1788 100 2496,384,1224,1200
1789 100 2496,384,1224,1200
1790 100 2496,384,1224,1200
1791 100 2496,360,1224,1200
1792 100 2496,360,1224,1200
1793 100 2496,360,1224,1200
1794 100 2496,360,1224,1200
1795 100 2496,360,1224,1200
1796 100 2496,360,1224,1200
1797 100 2520,360,1224,1200
1798 100 2520,360,1224,1200
1799 100 2520,360,1224,1200
1800 100 2520,360,1224,1200
1801 100 2568,360,1224,1200
1802 100 2568,360,1224,1200
1803 100 2568,360,1224,1200
1804 100 2568,384,1224,1200
1805 100 2568,384,1224,1200
1806 100 2568,384,1224,1200
1807 100 2568,384,1224,1200
1808 100 2544,408,1224,1200
1809 100 2544,408,1224,1200
1810 100 2544,408,1224,1200
1811 100 2544,408,1224,1200
1812 100 2592,408,1224,1224
1813 100 2592,408,1224,1224
1814 100 2616,432,1224,1200
1815 100 2616,432,1224,1200
1816 100 2616,432,1224,1200
1817 100 2616,432,1224,1200
1818 100 2616,432,1224,1200
1819 100 2616,432,1224,1200
1820 100 2616,432,1224,1200
1821 100 2592,432,1224,1200
1822 100 2592,432,1224,1200
1823 100 2592,432,1224,1200
1824 100 2592,432,1224,1200
1825 100 2592,432,1224,1200
1826 100 2568,456,1224,1200
1827 100 2544,456,1224,1224
1828 100 2544,456,1224,1224
1829 100 2544,456,1224,1224
1830 100 2544,456,1224,1224
1831 100 2544,480,1224,1200
1832 100 2544,480,1224,1200
1833 100 2544,480,1224,1200
1834 100 2520,480,1224,1224
1835 100 2520,480,1224,1224
1836 100 2520,480,1224,1224
1837 100 2520,480,1224,1224
1838 100 2496,480,1224,1224
1839 100 2496,480,1224,1224
1840 100 2496,480,1224,1224
1841 100 2496,480,1224,1224
1842 100 2496,480,1224,1224
1843 100 2496,480,1224,1224
1844 100 2496,480,1224,1224
1845 100 2496,480,1224,1224
1846 100 2496,480,1224,1224
1847 100 2496,480,1224,1224
1848 100 2496,480,1224,1224
1849 100 2496,480,1224,1224
1850 100 2496,480,1224,1224
1851 100 2496,480,1224,1224
1852 100 2496,480,1224,1224
1853 100 2496,480,1224,1224
1854 100 2496,480,1224,1224
1855 100 2496,480,1224,1224
1856 100 2496,480,1224,1224
1857 100 2496,480,1224,1224
1858 100 2496,480,1224,1224
1859 100 2496,480,1224,1224
1860 100 2496,480,1224,1224
1861 100 2472,504,1224,1200
1862 100 2472,504,1224,1200
1863 100 2472,504,1224,1200
1864 100 2472,504,1224,1200
1865 100 2472,504,1224,1200
1866 100 2472,504,1224,1200
1867 100 2472,504,1224,1200
1868 100 2472,504,1224,1200
1869 100 2472,504,1224,1200
1870 100 2472,504,1224,1200
1871 100 2496,504,1224,1200
1872 100 2496,504,1224,1200
1873 100 2496,504,1224,1200
1874 100 2496,504,1224,1200
1875 100 2472,504,1224,1200
1876 100 2472,504,1224,1200
1877 100 2472,504,1224,1200
1878 100 2448,504,1224,1224
1879 100 2448,504,1224,1224
1880 100 2448,504,1224,1224
1881 100 2448,504,1224,1224
1882 100 2448,504,1224,1224
1883 100 2448,504,1224,1224
1884 100 2448,504,1224,1224
1885 100 2448,504,1224,1224
1886 100 2448,504,1224,1224
1887 100 2448,504,1224,1224
1888 100 2448,504,1224,1224
1889 100 2448,504,1224,1224
1890 100 2448,504,1224,1224
1891 100 2448,504,1224,1224
1892 100 2424,504,1224,1224
1893 100 2424,504,1224,1224
1894 100 2424,504,1224,1224
1895 100 2424,504,1224,1200
1896 100 2424,504,1224,1200
1897 100 2424,504,1224,1200
1898 100 2448,480,1224,1224
1899 100 2448,480,1224,1224
1900 100 2448,480,1224,1224
1901 100 2448,480,1224,1224
1902 100 2472,480,1224,1200
1903 100 2472,480,1224,1200
1904 100 2472,480,1224,1200
1905 100 2496,432,1224,1224
1906 100 2496,432,1224,1224
1907 100 2496,432,1224,1224
1908 100 2496,408,1224,1224
1909 100 2496,408,1224,1224
1910 100 2496,408,1224,1224
1911 100 2496,408,1224,1224
1912 100 2520,408,1224,1200
1913 100 2520,408,1224,1200
1914 100 2520,408,1224,1200
1915 100 2544,384,1224,1200
1916 100 2544,384,1224,1200
1917 100 2544,384,1224,1200
1918 100 2544,384,1224,1200
1919 100 2640,360,1224,1224
1920 100 2640,360,1224,1224
1921 100 2640,360,1224,1224
1922 100 2736,360,1224,1224
1923 100 2736,360,1224,1224
1924 100 2736,360,1224,1224
1925 100 2784,360,1224,1200
1926 100 2784,360,1224,1200
1927 100 2784,360,1224,1200
1928 100 2784,360,1224,1200
1929 100 2808,312,1224,1200
1930 100 2808,312,1224,1200
1931 100 2808,312,1224,1200
1932 100 2880,264,1224,1200
1933 100 2880,264,1224,1200
1934 100 2880,264,1224,1200
1935 100 2880,168,1224,1224
1936 100 2880,168,1224,1224
1937 100 2880,168,1224,1224
1938 100 2880,168,1224,1224
1939 100 2880,144,1224,1224
1940 100 2880,144,1224,1224
1941 100 2880,144,1224,1224
1942 100 2880,96,1224,1224
1943 100 2880,96,1224,1224
1944 100 2880,96,1224,1224
1945 100 2880,72,1224,1224
1946 100 2880,72,1224,1224
1947 100 2880,72,1224,1224
1948 100 2880,72,1224,1224
1949 100 2880,72,1224,1200
1950 100 2880,72,1224,1200
1951 100 2880,72,1224,1200
1952 100 2856,48,1224,1224
1953 100 2856,48,1224,1224
1954 100 2856,48,1224,1224
1955 100 2856,48,1224,1224
1956 100 2856,48,1224,1224
1957 100 2856,48,1224,1224
1958 100 2856,48,1224,1224
1959 100 2832,48,1224,1224
1960 100 2832,48,1224,1224
1961 100 2832,48,1224,1224
1962 100 2856,24,1224,1224
1963 100 2856,24,1224,1224
1964 100 2856,24,1224,1224
1965 100 2856,24,1224,1224
1966 100 2832,24,1224,1224
1967 100 2832,24,1224,1224
1968 100 2832,24,1224,1224
1969 100 2832,24,1224,1224
1970 100 2832,24,1224,1224
1971 100 2832,24,1224,1224
1972 100 2832,24,1224,1224
1973 100 2832,24,1224,1224
1974 100 2832,24,1224,1224
1975 100 2832,24,1224,1224
1976 100 2856,24,1224,1224
1977 100 2856,24,1224,1224
1978 100 2856,24,1224,1224
1979 100 2856,24,1224,1224
1980 100 2856,24,1224,1224
1981 100 2856,24,1224,1224
1982 100 2856,24,1224,1224
1983 100 2856,24,1224,1224
1984 100 2856,24,1224,1224
1985 100 2856,24,1224,1224
1986 100 2880,24,1224,1224
1987 100 2880,24,1224,1224
1988 100 2880,24,1224,1224
1989 100 2880,24,1224,1224
1990 100 2880,24,1224,1224
1991 100 2880,24,1224,1224
1992 100 2880,24,1224,1224
1993 100 2880,48,1224,1200
1994 100 2880,48,1224,1200
1995 100 2880,48,1224,1200
1996 100 2928,48,1224,1200
1997 100 2928,48,1224,1200
1998 100 2928,48,1224,1200
1999 100 3048,48,1224,1224
2000 100 3048,48,1224,1224
2001 100 3048,48,1224,1224
2002 100 3048,48,1224,1224
2003 100 3000,48,1224,1224
2004 100 3000,48,1224,1224
2005 100 3000,48,1224,1224
2006 100 3120,72,1224,1200
2007 100 3120,72,1224,1200
2008 100 3120,72,1224,1200
2009 100 3024,72,1224,1224
2010 100 3024,72,1224,1224
2011 100 3024,72,1224,1224
2012 100 3024,72,1224,1224
2013 100 3120,96,1224,1200
2014 100 3120,96,1224,1200
2015 100 3120,96,1224,1200
2016 100 3120,96,1224,1224
2017 100 3120,96,1224,1224
2018 100 3120,96,1224,1224
2019 100 3120,96,1224,1224
2020 100 3192,96,1224,1224
2021 100 3192,96,1224,1224
2022 100 3192,96,1224,1224
2023 100 3120,120,1224,1224
2024 100 3120,120,1224,1224
2025 100 3120,120,1224,1224
2026 100 3216,120,1224,1224
2027 100 3216,120,1224,1224
2028 100 3216,120,1224,1224
2029 100 3216,120,1224,1224
2030 100 3144,144,1224,1224
2031 100 3144,144,1224,1224
2032 100 3144,144,1224,1224
2033 100 3144,168,1224,1200
2034 100 3144,168,1224,1200
2035 100 3144,168,1224,1200
2036 100 3216,168,1224,1224
2037 100 3216,168,1224,1224
2038 100 3216,168,1224,1224
2039 100 3216,168,1224,1224
2040 100 3168,216,1224,1200
2041 100 3168,216,1224,1200
2042 100 3168,216,1224,1200
2043 100 3336,240,1224,1200
2044 100 3336,240,1224,1200
2045 100 3336,240,1224,1200
2046 100 3288,264,1224,1224
2047 100 3288,264,1224,1224
2048 100 3288,264,1224,1224
2049 100 3288,264,1224,1224
2050 100 3432,312,1224,1200
2051 100 3432,312,1224,1200
2052 100 3432,312,1224,1200
2053 100 3384,336,1224,1200
2054 100 3384,336,1224,1200
2055 100 3384,336,1224,1200
2056 100 3552,360,1224,1224
2057 100 3552,360,1224,1224
2058 100 3552,360,1224,1224
2059 100 3552,360,1224,1224
2060 100 3408,408,1224,1200
2061 100 3408,408,1224,1200
2062 100 3408,408,1224,1200
2063 100 3672,432,1224,1224
2064 100 3672,432,1224,1224
2065 100 3672,432,1224,1224
2066 100 3672,432,1224,1224
2067 100 3432,456,1224,1200
2068 100 3432,456,1224,1200
2069 100 3432,456,1224,1200
2070 100 3528,456,1224,1224
2071 100 3528,456,1224,1224
2072 100 3528,456,1224,1224
2073 100 3384,480,1224,1200
2074 100 3384,480,1224,1200
2075 100 3384,480,1224,1200
2076 100 3384,480,1224,1200
2077 100 3480,480,1224,1224
2078 100 3480,480,1224,1224
2079 100 3480,480,1224,1224
2080 100 3408,504,1224,1200
2081 100 3408,504,1224,1200
2082 100 3408,504,1224,1200
2083 100 24,504,1224,1224
2084 100 24,504,1224,1224
2085 100 24,504,1224,1224
2086 100 24,504,1224,1224
2087 100 0,504,1224,1224
2088 100 0,504,1224,1224
2089 100 0,504,1224,1224
2090 100 3456,528,1224,1200
2091 100 3456,528,1224,1200
2092 100 3456,528,1224,1200
2093 100 3384,528,1224,1200
2094 100 3384,528,1224,1200
2095 100 3384,528,1224,1200
2096 100 3384,528,1224,1200
2097 100 3384,528,1224,1200
2098 100 3384,528,1224,1200
