0 100 384,504,1224,1224
1 100 3456,528,1224,1200
2 100 3552,528,1224,1200
3 100 3552,528,1224,1200
4 100 3504,528,1224,1200
5 100 3504,528,1224,1200
6 100 3480,528,1224,1200
7 100 3480,528,1224,1200
8 100 3456,528,1224,1200
9 100 3456,528,1224,1200
10 100 3432,528,1224,1200
11 100 3456,528,1224,1200
12 100 3456,528,1224,1200
13 100 3456,528,1224,1200
14 100 3408,528,1224,1200
15 100 3408,528,1224,1200
16 100 3408,528,1224,1200
17 100 3384,528,1224,1200
18 100 3720,528,1224,1224
19 100 3672,528,1224,1224
20 100 3648,528,1224,1224
21 100 3624,528,1224,1224
22 100 3600,528,1224,1224
23 100 3600,528,1224,1224
24 100 3600,528,1224,1224
25 100 3504,552,1224,1200
26 100 3456,552,1224,1200
27 100 72,552,1224,1224
28 100 3384,552,1224,1200
29 100 72,552,1224,1224
30 100 72,576,1224,1200
31 100 72,576,1224,1200
32 100 72,576,1224,1200
33 100 48,576,1224,1200
34 100 0,576,1224,1200
35 100 0,576,1224,1224
36 100 24,576,1224,1224
37 100 24,576,1224,1224
38 100 0,576,1224,1224
39 100 24,576,1224,1224
40 100 24,576,1224,1224
41 100 0,576,1224,1224
42 100 0,576,1224,1224
43 100 0,576,1224,1224
44 100 0,576,1224,1200
45 100 0,576,1224,1200
46 100 0,576,1224,1200
47 100 0,576,1224,1224
48 100 0,576,1224,1224
49 100 24,576,1224,1224
50 100 24,576,1224,1200
51 100 24,576,1224,1200
52 100 0,576,1224,1200
53 100 72,552,1224,1224
54 100 96,552,1224,1224
55 100 192,552,1224,1200
56 100 216,552,1224,1200
57 100 312,552,1224,1224
58 100 336,552,1224,1224
59 100 360,576,1224,1200
60 100 384,576,1224,1200
61 100 360,576,1224,1200
62 100 360,576,1224,1200
63 100 360,576,1224,1200
64 100 360,576,1224,1200
65 100 360,576,1224,1200
66 100 360,576,1224,1200
67 100 384,576,1224,1200
68 100 408,576,1224,1200
69 100 432,576,1224,1200
70 100 432,576,1224,1200
71 100 432,576,1224,1200
72 100 480,576,1224,1200
73 100 480,576,1224,1200
74 100 528,576,1224,1200
75 100 528,576,1224,1200
76 100 552,576,1224,1200
77 100 552,576,1224,1200
78 100 576,576,1224,1200
79 100 600,576,1224,1200
80 100 624,576,1224,1200
81 100 624,576,1224,1200
82 100 672,576,1224,1200
83 100 672,576,1224,1200
84 100 696,576,1224,1200
85 100 720,576,1224,1200
86 100 744,576,1224,1200
87 100 744,576,1224,1200
88 100 768,576,1224,1200
89 100 768,576,1224,1200
90 100 792,576,1224,1200
91 100 792,576,1224,1200
92 100 840,576,1224,1200
93 100 840,576,1224,1200
94 100 864,576,1224,1200
95 100 864,576,1224,1200
96 100 888,576,1224,1200
97 100 912,576,1224,1200
98 100 912,576,1224,1200
99 100 912,576,1224,1200
100 100 936,576,1224,1200
101 100 936,576,1224,1200
102 100 936,576,1224,1200
103 100 984,576,1224,1200
104 100 984,576,1224,1200
105 100 984,576,1224,1200
106 100 1008,576,1224,1200
107 100 1008,576,1224,1200
108 100 1008,576,1224,1200
109 100 1032,576,1224,1200
110 100 1032,576,1224,1200
111 100 1056,576,1224,1200
112 100 1056,576,1224,1200
113 100 1056,576,1224,1200
114 100 1080,576,1224,1200
115 100 1104,576,1224,1200
116 100 1104,576,1224,1200
117 100 1128,576,1224,1224
118 100 1128,600,1224,1200
119 100 1128,600,1224,1200
120 100 1176,600,1224,1200
121 100 1176,600,1224,1200
122 100 1176,600,1224,1200
123 100 1200,576,1224,1224
124 100 1200,576,1224,1224
125 100 1224,576,1224,1224
126 100 1224,576,1224,1224
127 100 1272,576,1224,1224
128 100 1272,576,1224,1224
129 100 1272,576,1224,1224
130 100 1320,576,1224,1224
131 100 1320,576,1224,1224
132 100 1368,576,1224,1224
133 100 1368,576,1224,1224
134 100 1368,576,1224,1224
135 100 1392,576,1224,1200
136 100 1392,576,1224,1200
137 100 1392,528,1224,1224
138 100 1392,528,1224,1224
139 100 1392,528,1224,1224
140 100 1392,504,1224,1200
141 100 1344,456,1224,1200
142 100 1320,432,1224,1224
143 100 1320,432,1224,1224
144 100 1296,384,1224,1200
145 100 1272,360,1224,1224
146 100 1272,360,1224,1224
147 100 1248,336,1224,1224
148 100 1248,336,1224,1224
149 100 1224,288,1224,1200
150 100 1200,288,1224,1200
151 100 1200,288,1224,1200
152 100 1176,264,1224,1200
153 100 1128,216,1224,1200
154 100 1128,216,1224,1200
155 100 1128,216,1224,1200
156 100 1080,168,1224,1200
157 100 1080,168,1224,1200
158 100 1056,144,1224,1200
159 100 1032,144,1224,1200
160 100 1032,144,1224,1200
161 100 1032,120,1224,1200
162 100 1032,120,1224,1200
163 100 1008,96,1224,1200
164 100 1008,96,1224,1200
165 100 960,48,1224,1224
166 100 960,48,1224,1224
167 100 0,24,1224,1224
168 100 0,24,1224,1224
169 100 0,24,1224,1200
170 100 0,24,1224,1200
171 100 0,24,1224,1200
172 100 0,24,1224,1200
173 100 0,24,1224,1200
174 100 0,24,1224,1200
175 100 0,24,1224,1200
176 100 0,24,1224,1200
177 100 0,24,1224,1200
178 100 0,24,1224,1200
179 100 0,24,1224,1200
180 100 0,24,1224,1200
181 100 0,24,1224,1200
182 100 0,24,1224,1200
183 100 0,24,1224,1224
184 100 0,24,1224,1224
185 100 984,48,1224,1224
186 100 984,72,1224,1200
187 100 984,72,1224,1200
188 100 1056,120,1224,1224
189 100 1152,240,1224,1224
190 100 1176,288,1224,1200
191 100 1176,288,1224,1200
192 100 1248,384,1224,1224
193 100 1296,480,1224,1224
194 100 1296,504,1224,1200
195 100 1296,504,1224,1200
196 100 1296,576,1224,1200
197 100 1272,648,1224,1200
198 100 1248,672,1224,1200
199 100 1248,672,1224,1200
200 100 1200,744,1224,1200
201 100 1200,744,1224,1224
202 100 1200,744,1224,1224
203 100 1200,744,1224,1224
204 100 1176,768,1224,1224
205 100 1152,816,1224,1200
206 100 1128,816,1224,1200
207 100 1128,816,1224,1200
208 100 1104,840,1224,1200
209 100 1104,840,1224,1200
210 100 1080,840,1224,1224
211 100 1104,816,1224,1224
212 100 1104,816,1224,1200
213 100 1104,816,1224,1200
214 100 1104,792,1224,1200
215 100 1104,768,1224,1200
216 100 1080,744,1224,1224
217 100 1080,744,1224,1224
218 100 1032,720,1224,1224
219 100 984,696,1224,1200
220 100 984,696,1224,1200
221 100 984,696,1224,1200
222 100 984,672,1224,1200
223 100 960,648,1224,1200
224 100 960,624,1224,1224
225 100 960,624,1224,1224
226 100 960,648,1224,1200
227 100 912,624,1224,1200
228 100 912,624,1224,1200
229 100 912,624,1224,1200
230 100 888,600,1224,1200
231 100 888,600,1224,1200
232 100 888,600,1224,1200
233 100 864,576,1224,1224
234 100 864,576,1224,1224
235 100 864,576,1224,1224
236 100 864,576,1224,1224
237 100 840,576,1224,1224
238 100 840,576,1224,1224
239 100 840,576,1224,1224
240 100 840,600,1224,1200
241 100 840,600,1224,1200
242 100 840,600,1224,1200
243 100 840,600,1224,1200
244 100 816,600,1224,1200
245 100 816,600,1224,1200
246 100 768,600,1224,1200
247 100 744,600,1224,1200
248 100 744,600,1224,1200
249 100 744,600,1224,1200
250 100 672,600,1224,1200
251 100 600,600,1224,1200
252 100 576,600,1224,1200
253 100 576,600,1224,1200
254 100 504,600,1224,1200
255 100 432,600,1224,1200
256 100 408,600,1224,1200
257 100 408,600,1224,1200
258 100 360,600,1224,1200
259 100 360,600,1224,1200
260 100 360,600,1224,1200
261 100 312,600,1224,1200
262 100 312,600,1224,1200
263 100 312,600,1224,1200
264 100 288,600,1224,1200
265 100 288,600,1224,1200
266 100 288,600,1224,1200
267 100 288,600,1224,1200
268 100 288,600,1224,1200
269 100 264,600,1224,1200
270 100 264,600,1224,1200
271 100 264,600,1224,1200
272 100 240,600,1224,1200
273 100 240,600,1224,1200
274 100 240,600,1224,1200
275 100 240,600,1224,1200
276 100 240,600,1224,1200
277 100 240,600,1224,1200
278 100 240,600,1224,1200
279 100 240,576,1224,1224
280 100 240,576,1224,1224
281 100 240,576,1224,1224
282 100 264,552,1224,1224
283 100 264,552,1224,1224
284 100 264,552,1224,1224
285 100 288,528,1224,1224
286 100 288,528,1224,1224
287 100 288,528,1224,1224
288 100 312,528,1224,1224
289 100 312,528,1224,1224
290 100 312,528,1224,1224
291 100 336,528,1224,1200
292 100 360,528,1224,1200
293 100 360,528,1224,1200
294 100 360,528,1224,1200
295 100 408,528,1224,1200
296 100 432,528,1224,1200
297 100 432,528,1224,1200
298 100 456,528,1224,1200
299 100 480,528,1224,1200
300 100 480,528,1224,1200
301 100 504,504,1224,1224
302 100 528,504,1224,1224
303 100 528,504,1224,1224
304 100 552,504,1224,1224
305 100 576,504,1224,1224
306 100 576,504,1224,1224
307 100 600,504,1224,1224
308 100 624,504,1224,1224
309 100 624,504,1224,1224
310 100 648,528,1224,1200
311 100 672,528,1224,1200
312 100 672,528,1224,1200
313 100 672,528,1224,1200
314 100 720,528,1224,1200
315 100 720,528,1224,1200
316 100 720,528,1224,1200
317 100 744,528,1224,1200
318 100 744,528,1224,1200
319 100 744,528,1224,1200
320 100 792,552,1224,1200
321 100 792,552,1224,1200
322 100 792,552,1224,1200
323 100 816,552,1224,1200
324 100 840,552,1224,1200
325 100 840,552,1224,1200
326 100 840,552,1224,1200
327 100 864,576,1224,1200
328 100 888,576,1224,1200
329 100 888,576,1224,1200
330 100 888,576,1224,1200
331 100 888,576,1224,1200
332 100 888,576,1224,1200
333 100 912,576,1224,1200
334 100 912,576,1224,1200
335 100 912,576,1224,1200
336 100 936,576,1224,1200
337 100 936,576,1224,1200
338 100 936,576,1224,1200
339 100 960,576,1224,1200
340 100 960,576,1224,1200
341 100 960,576,1224,1200
342 100 984,576,1224,1200
343 100 984,576,1224,1200
344 100 984,576,1224,1200
345 100 1008,576,1224,1200
346 100 1008,576,1224,1200
347 100 1008,576,1224,1200
348 100 1056,576,1224,1200
349 100 1056,576,1224,1200
350 100 1056,576,1224,1200
351 100 1104,576,1224,1200
352 100 1128,576,1224,1200
353 100 1128,576,1224,1200
354 100 1152,576,1224,1224
355 100 1152,576,1224,1224
356 100 1152,576,1224,1224
357 100 1176,576,1224,1224
358 100 1176,576,1224,1224
359 100 1176,576,1224,1224
360 100 1200,576,1224,1224
361 100 1200,576,1224,1224
362 100 1200,576,1224,1224
363 100 1224,576,1224,1224
364 100 1224,600,1224,1200
365 100 1224,600,1224,1200
366 100 1272,600,1224,1200
367 100 1272,600,1224,1224
368 100 1272,600,1224,1224
369 100 1296,600,1224,1224
370 100 1296,600,1224,1224
371 100 1344,600,1224,1224
372 100 1344,600,1224,1224
373 100 1368,600,1224,1248
374 100 1392,600,1224,1248
375 100 1392,600,1224,1248
376 100 1392,624,1224,1248
377 100 1416,624,1224,1248
378 100 1416,624,1224,1248
379 100 1416,624,1224,1248
380 100 1416,624,1224,1248
381 100 1440,624,1224,1248
382 100 1440,624,1224,1248
383 100 1464,600,1224,1272
384 100 1464,624,1224,1248
385 100 1464,624,1224,1248
386 100 1464,624,1224,1272
387 100 1488,624,1224,1248
388 100 1488,624,1224,1248
389 100 1488,600,1224,1272
390 100 1512,624,1224,1248
391 100 1512,624,1224,1272
392 100 1536,624,1224,1272
393 100 1560,624,1224,1248
394 100 1560,600,1224,1272
395 100 1584,600,1224,1272
396 100 1608,600,1224,1272
397 100 1632,600,1224,1248
398 100 1680,600,1224,1248
399 100 1680,600,1224,1248
400 100 1704,576,1224,1248
401 100 1728,576,1224,1248
402 100 1752,576,1224,1248
403 100 1776,576,1224,1248
404 100 1800,576,1224,1248
405 100 1824,576,1224,1248
406 100 1824,576,1224,1248
407 100 1848,576,1224,1248
408 100 1872,600,1224,1224
409 100 1896,600,1224,1224
410 100 1896,600,1224,1224
411 100 1896,624,1224,1224
412 100 1872,624,1224,1224
413 100 1872,648,1224,1224
414 100 1872,672,1224,1224
415 100 1848,696,1224,1224
416 100 1800,744,1224,1224
417 100 1776,768,1224,1248
418 100 1704,816,1224,1224
419 100 1656,864,1224,1224
420 100 1632,888,1224,1224
421 100 1608,888,1224,1224
422 100 1632,888,1224,1224
423 100 1632,888,1224,1224
424 100 1632,888,1224,1224
425 100 1632,888,1224,1224
426 100 1608,888,1224,1224
427 100 1608,912,1224,1224
428 100 1560,912,1224,1248
429 100 1536,936,1224,1224
430 100 1536,960,1224,1200
431 100 1512,960,1224,1200
432 100 1392,984,1224,1176
433 100 1344,984,1224,1176
434 100 1176,984,1224,1176
435 100 816,984,1224,1176
436 100 384,1008,1224,1152
437 100 0,1008,1224,1152
438 100 0,1008,1224,1152
439 100 0,1008,1224,1152
440 100 0,1008,1224,1152
441 100 0,1008,1224,1152
442 100 0,1008,1224,1152
443 100 0,1008,1224,1152
444 100 0,1032,1224,1128
445 100 0,1032,1224,1128
446 100 0,1032,1224,1128
447 100 0,1032,1224,1128
448 100 0,1032,1224,1128
449 100 0,1032,1224,1128
450 100 0,1032,1224,1128
451 100 0,1032,1224,1128
452 100 0,1032,1224,1128
453 100 0,1032,1224,1128
454 100 0,1032,1224,1128
455 100 0,1032,1224,1128
456 100 0,1032,1224,1128
457 100 0,1008,1224,1152
458 100 0,1008,1224,1152
459 100 0,1032,1224,1128
460 100 0,1032,1224,1128
461 100 0,1008,1224,1152
462 100 0,1032,1224,1128
463 100 0,1032,1224,1128
464 100 0,1032,1224,1128
465 100 0,1032,1224,1128
466 100 0,1032,1224,1128
467 100 0,1008,1224,1152
468 100 0,1008,1224,1152
469 100 0,1008,1224,1152
470 100 0,1008,1224,1152
471 100 1008,1008,1224,1152
472 100 1416,984,1224,1176
473 100 1512,984,1224,1176
474 100 1536,960,1224,1200
475 100 1536,936,1224,1200
476 100 1560,912,1224,1200
477 100 1584,888,1224,1200
478 100 1608,840,1224,1224
479 100 1608,816,1224,1200
480 100 1632,792,1224,1200
481 100 1632,768,1224,1224
482 100 1632,768,1224,1200
483 100 1656,744,1224,1200
484 100 1656,744,1224,1200
485 100 1656,744,1224,1200
486 100 1656,744,1224,1200
487 100 1656,744,1224,1200
488 100 1656,744,1224,1200
489 100 1656,744,1224,1200
490 100 1656,744,1224,1200
491 100 1656,744,1224,1200
492 100 1656,744,1224,1200
493 100 1632,720,1224,1200
494 100 1632,720,1224,1200
495 100 1584,696,1224,1224
496 100 1560,696,1224,1200
497 100 1488,672,1224,1200
498 100 1488,672,1224,1200
499 100 1440,648,1224,1200
500 100 1416,648,1224,1200
501 100 1416,648,1224,1200
502 100 1320,624,1224,1200
503 100 1320,624,1224,1200
504 100 1272,600,1224,1200
505 100 1272,600,1224,1200
506 100 1200,576,1224,1200
507 100 1176,576,1224,1200
508 100 1176,576,1224,1200
509 100 1152,552,1224,1224
510 100 1128,552,1224,1224
511 100 1104,552,1224,1200
512 100 1104,552,1224,1200
513 100 1080,552,1224,1200
514 100 1080,552,1224,1200
515 100 1056,552,1224,1200
516 100 1056,552,1224,1200
517 100 1056,552,1224,1200
518 100 1056,552,1224,1200
519 100 1056,552,1224,1200
520 100 1032,552,1224,1200
521 100 1032,552,1224,1200
522 100 1032,552,1224,1200
523 100 1032,552,1224,1200
524 100 1032,552,1224,1200
525 100 1008,552,1224,1200
526 100 1008,552,1224,1200
527 100 984,552,1224,1200
528 100 984,552,1224,1200
529 100 912,528,1224,1224
530 100 912,528,1224,1224
531 100 864,528,1224,1200
532 100 816,528,1224,1200
533 100 792,504,1224,1224
534 100 768,504,1224,1200
535 100 768,504,1224,1200
536 100 720,504,1224,1200
537 100 720,504,1224,1200
538 100 696,480,1224,1224
539 100 672,480,1224,1224
540 100 672,480,1224,1224
541 100 672,480,1224,1224
542 100 672,480,1224,1224
543 100 672,480,1224,1224
544 100 648,480,1224,1224
545 100 648,504,1224,1200
546 100 648,504,1224,1200
547 100 648,504,1224,1200
548 100 648,504,1224,1200
549 100 648,504,1224,1200
550 100 648,504,1224,1200
551 100 624,504,1224,1200
552 100 624,504,1224,1200
553 100 624,504,1224,1200
554 100 624,504,1224,1200
555 100 624,504,1224,1200
556 100 624,504,1224,1200
557 100 624,504,1224,1224
558 100 600,504,1224,1224
559 100 600,504,1224,1224
560 100 600,504,1224,1224
561 100 600,528,1224,1200
562 100 576,528,1224,1200
563 100 576,528,1224,1200
564 100 528,528,1224,1224
565 100 528,528,1224,1224
566 100 480,552,1224,1200
567 100 480,552,1224,1200
568 100 408,552,1224,1224
569 100 408,552,1224,1224
570 100 360,552,1224,1224
571 100 360,552,1224,1224
572 100 336,552,1224,1224
573 100 336,552,1224,1224
574 100 312,552,1224,1224
575 100 288,552,1224,1224
576 100 288,552,1224,1224
577 100 264,552,1224,1224
578 100 264,552,1224,1224
579 100 240,552,1224,1224
580 100 240,552,1224,1224
581 100 240,552,1224,1224
582 100 216,552,1224,1224
583 100 216,552,1224,1224
584 100 216,552,1224,1224
585 100 216,552,1224,1224
586 100 216,552,1224,1224
587 100 216,552,1224,1224
588 100 192,552,1224,1224
589 100 192,552,1224,1224
590 100 192,552,1224,1224
591 100 192,552,1224,1224
592 100 192,552,1224,1224
593 100 192,552,1224,1224
594 100 192,552,1224,1200
595 100 192,552,1224,1200
596 100 192,552,1224,1224
597 100 168,552,1224,1224
598 100 168,552,1224,1224
599 100 168,552,1224,1224
600 100 144,552,1224,1224
601 100 120,552,1224,1224
602 100 120,552,1224,1224
603 100 120,552,1224,1224
604 100 96,552,1224,1224
605 100 96,552,1224,1224
606 100 96,552,1224,1224
607 100 72,552,1224,1224
608 100 72,552,1224,1224
609 100 48,552,1224,1224
610 100 48,552,1224,1224
611 100 24,552,1224,1200
612 100 24,552,1224,1200
613 100 0,552,1224,1200
614 100 0,552,1224,1200
615 100 0,552,1224,1200
616 100 0,552,1224,1200
617 100 0,552,1224,1200
618 100 0,552,1224,1200
619 100 0,552,1224,1200
620 100 0,528,1224,1224
621 100 0,528,1224,1224
622 100 0,528,1224,1224
623 100 24,528,1224,1224
624 100 24,528,1224,1224
625 100 24,528,1224,1224
626 100 24,528,1224,1224
627 100 0,528,1224,1224
628 100 0,528,1224,1224
629 100 24,528,1224,1224
630 100 24,528,1224,1224
631 100 0,528,1224,1224
632 100 0,528,1224,1224
633 100 24,552,1224,1200
634 100 24,552,1224,1200
635 100 0,552,1224,1200
636 100 0,552,1224,1200
637 100 48,552,1224,1224
638 100 48,552,1224,1200
639 100 24,552,1224,1224
640 100 24,552,1224,1224
641 100 0,552,1224,1224
642 100 24,552,1224,1224
643 100 0,552,1224,1224
644 100 24,552,1224,1224
645 100 24,576,1224,1200
646 100 24,576,1224,1200
647 100 24,576,1224,1224
648 100 24,600,1224,1200
649 100 0,600,1224,1200
650 100 0,600,1224,1224
651 100 24,600,1224,1224
652 100 0,600,1224,1200
653 100 24,600,1224,1200
654 100 0,600,1224,1200
655 100 0,600,1224,1200
656 100 24,600,1224,1200
657 100 0,576,1224,1224
658 100 24,576,1224,1200
659 100 0,576,1224,1224
660 100 24,576,1224,1224
661 100 48,576,1224,1224
662 100 120,576,1224,1224
663 100 120,600,1224,1200
664 100 216,600,1224,1200
665 100 240,600,1224,1200
666 100 336,600,1224,1200
667 100 360,600,1224,1200
668 100 432,576,1224,1200
669 100 432,576,1224,1200
670 100 504,576,1224,1200
671 100 528,576,1224,1200
672 100 576,576,1224,1200
673 100 600,576,1224,1200
674 100 624,576,1224,1200
675 100 624,576,1224,1200
676 100 624,576,1224,1200
677 100 624,576,1224,1200
678 100 624,576,1224,1200
679 100 624,576,1224,1200
680 100 624,576,1224,1200
681 100 624,576,1224,1200
682 100 624,576,1224,1200
683 100 624,576,1224,1200
684 100 648,576,1224,1200
685 100 648,576,1224,1200
686 100 648,576,1224,1200
687 100 648,576,1224,1200
688 100 648,576,1224,1200
689 100 648,576,1224,1200
690 100 672,576,1224,1200
691 100 672,576,1224,1200
692 100 672,576,1224,1200
693 100 720,576,1224,1200
694 100 720,576,1224,1200
695 100 768,576,1224,1200
696 100 792,576,1224,1200
697 100 840,576,1224,1200
698 100 840,576,1224,1200
699 100 912,576,1224,1200
700 100 912,576,1224,1200
701 100 960,576,1224,1200
702 100 960,576,1224,1200
703 100 1008,576,1224,1200
704 100 1008,576,1224,1200
705 100 1008,552,1224,1224
706 100 1008,552,1224,1224
707 100 1032,552,1224,1224
708 100 1032,552,1224,1224
709 100 1056,552,1224,1224
710 100 1056,552,1224,1224
711 100 1080,552,1224,1224
712 100 1080,552,1224,1224
713 100 1080,552,1224,1224
714 100 1080,552,1224,1224
715 100 1104,576,1224,1200
716 100 1104,576,1224,1200
717 100 1104,576,1224,1200
718 100 1104,576,1224,1200
719 100 1104,576,1224,1224
720 100 1104,600,1224,1200
721 100 1080,600,1224,1200
722 100 1080,600,1224,1224
723 100 1080,600,1224,1224
724 100 1080,600,1224,1224
725 100 1080,624,1224,1200
726 100 1080,600,1224,1224
727 100 1080,600,1224,1224
728 100 1080,624,1224,1200
729 100 1080,624,1224,1200
730 100 1080,624,1224,1200
731 100 1056,624,1224,1200
732 100 1056,624,1224,1200
733 100 1032,624,1224,1200
734 100 1008,624,1224,1200
735 100 936,624,1224,1200
736 100 936,624,1224,1200
737 100 840,624,1224,1200
738 100 816,624,1224,1200
739 100 744,624,1224,1200
740 100 744,600,1224,1224
741 100 696,600,1224,1200
742 100 696,600,1224,1200
743 100 648,600,1224,1200
744 100 648,600,1224,1200
745 100 624,576,1224,1224
746 100 624,576,1224,1224
747 100 624,600,1224,1200
748 100 624,576,1224,1224
749 100 624,576,1224,1200
750 100 624,576,1224,1224
751 100 624,576,1224,1224
752 100 624,576,1224,1224
753 100 624,600,1224,1200
754 100 624,600,1224,1200
755 100 624,600,1224,1200
756 100 624,600,1224,1200
757 100 624,600,1224,1200
758 100 624,600,1224,1200
759 100 624,600,1224,1200
760 100 624,600,1224,1200
761 100 624,600,1224,1224
762 100 624,600,1224,1224
763 100 624,600,1224,1224
764 100 672,600,1224,1224
765 100 696,600,1224,1224
766 100 696,600,1224,1224
767 100 912,600,1224,1224
768 100 936,600,1224,1224
769 100 1128,600,1224,1200
770 100 1152,600,1224,1200
771 100 1152,600,1224,1200
772 100 1368,552,1224,1224
773 100 1368,552,1224,1200
774 100 1368,552,1224,1200
775 100 1440,552,1224,1200
776 100 1464,528,1224,1224
777 100 1464,528,1224,1224
778 100 1464,528,1224,1224
779 100 1464,528,1224,1200
780 100 1464,528,1224,1200
781 100 1464,528,1224,1200
782 100 1440,504,1224,1224
783 100 1440,504,1224,1224
784 100 1440,504,1224,1224
785 100 1416,504,1224,1200
786 100 1416,504,1224,1200
787 100 1416,504,1224,1200
788 100 1416,504,1224,1200
789 100 1392,480,1224,1224
790 100 1392,480,1224,1224
791 100 1392,480,1224,1224
792 100 1416,480,1224,1224
793 100 1416,480,1224,1224
794 100 1416,480,1224,1224
795 100 1416,480,1224,1224
796 100 1416,504,1224,1200
797 100 1416,504,1224,1200
798 100 1416,504,1224,1200
799 100 1416,504,1224,1200
800 100 1416,504,1224,1200
801 100 1440,504,1224,1200
802 100 1440,504,1224,1200
803 100 1440,504,1224,1200
804 100 1464,504,1224,1200
805 100 1464,504,1224,1200
806 100 1464,504,1224,1200
807 100 1512,504,1224,1200
808 100 1536,504,1224,1200
809 100 1632,504,1224,1224
810 100 1632,504,1224,1224
811 100 1632,504,1224,1224
812 100 1728,528,1224,1200
813 100 1752,528,1224,1200
814 100 1752,528,1224,1200
815 100 1800,552,1224,1200
816 100 1824,552,1224,1200
817 100 1824,552,1224,1200
818 100 1824,552,1224,1200
819 100 1848,552,1224,1200
820 100 1848,552,1224,1200
821 100 1848,552,1224,1200
822 100 1848,552,1224,1200
823 100 1848,552,1224,1224
824 100 1848,552,1224,1224
825 100 1872,552,1224,1224
826 100 1872,552,1224,1224
827 100 1896,576,1224,1200
828 100 1896,576,1224,1200
829 100 1896,576,1224,1200
830 100 1896,576,1224,1200
831 100 1920,576,1224,1200
832 100 1920,576,1224,1200
833 100 1944,576,1224,1200
834 100 1944,576,1224,1200
835 100 1944,576,1224,1224
836 100 1944,576,1224,1224
837 100 1944,576,1224,1224
838 100 1944,576,1224,1224
839 100 1968,576,1224,1224
840 100 1968,576,1224,1224
841 100 1968,576,1224,1200
842 100 1968,576,1224,1224
843 100 1968,576,1224,1224
844 100 1968,576,1224,1224
845 100 1968,576,1224,1224
846 100 1968,576,1224,1224
847 100 1944,576,1224,1224
848 100 1944,576,1224,1224
849 100 1944,600,1224,1200
850 100 1944,600,1224,1200
851 100 1944,600,1224,1200
852 100 1944,600,1224,1200
853 100 1944,600,1224,1200
854 100 1944,600,1224,1224
855 100 1944,600,1224,1224
856 100 1944,600,1224,1224
857 100 1944,600,1224,1224
858 100 1944,600,1224,1224
859 100 1920,624,1224,1200
860 100 1920,624,1224,1200
861 100 1848,600,1224,1224
862 100 1848,600,1224,1224
863 100 1608,624,1224,1200
864 100 1560,624,1224,1200
865 100 1560,624,1224,1200
866 100 1416,600,1224,1224
867 100 1416,600,1224,1224
868 100 1272,576,1224,1200
869 100 1272,576,1224,1200
870 100 1272,576,1224,1200
871 100 1200,600,1224,1200
872 100 1200,600,1224,1200
873 100 1176,552,1224,1224
874 100 1176,576,1224,1200
875 100 1176,576,1224,1200
876 100 1152,552,1224,1224
877 100 1152,552,1224,1224
878 100 1128,576,1224,1200
879 100 1128,552,1224,1224
880 100 1104,552,1224,1200
881 100 1104,552,1224,1200
882 100 1104,552,1224,1224
883 100 1104,552,1224,1224
884 100 1080,552,1224,1224
885 100 1080,576,1224,1200
886 100 1080,576,1224,1200
887 100 1056,576,1224,1200
888 100 1056,576,1224,1200
889 100 1032,576,1224,1224
890 100 1032,576,1224,1224
891 100 1032,576,1224,1224
892 100 1008,600,1224,1200
893 100 1008,600,1224,1200
894 100 960,624,1224,1200
895 100 960,624,1224,1200
896 100 960,624,1224,1200
897 100 936,624,1224,1200
898 100 936,624,1224,1200
899 100 888,648,1224,1200
900 100 888,648,1224,1200
901 100 888,648,1224,1200
902 100 888,624,1224,1224
903 100 888,624,1224,1224
904 100 888,624,1224,1200
905 100 864,624,1224,1224
906 100 864,624,1224,1224
907 100 864,624,1224,1224
908 100 864,624,1224,1224
909 100 840,624,1224,1224
910 100 840,648,1224,1200
911 100 840,672,1224,1200
912 100 840,672,1224,1200
913 100 816,672,1224,1200
914 100 816,672,1224,1224
915 100 816,672,1224,1224
916 100 816,672,1224,1224
917 100 816,672,1224,1200
918 100 816,672,1224,1200
919 100 816,672,1224,1200
920 100 816,648,1224,1224
921 100 792,648,1224,1224
922 100 792,648,1224,1224
923 100 792,648,1224,1224
924 100 744,672,1224,1200
925 100 744,672,1224,1200
926 100 744,672,1224,1200
927 100 744,624,1224,1224
928 100 744,624,1224,1224
929 100 744,624,1224,1224
930 100 696,624,1224,1200
931 100 672,624,1224,1224
932 100 672,624,1224,1224
933 100 648,624,1224,1200
934 100 648,600,1224,1224
935 100 648,600,1224,1224
936 100 576,600,1224,1224
937 100 552,600,1224,1224
938 100 552,600,1224,1224
939 100 504,624,1224,1200
940 100 504,600,1224,1224
941 100 504,600,1224,1224
942 100 456,624,1224,1200
943 100 432,624,1224,1200
944 100 432,624,1224,1200
945 100 384,624,1224,1200
946 100 360,624,1224,1200
947 100 360,624,1224,1200
948 100 336,624,1224,1200
949 100 312,624,1224,1200
950 100 312,624,1224,1200
951 100 288,624,1224,1200
952 100 288,624,1224,1200
953 100 288,624,1224,1200
954 100 240,600,1224,1224
955 100 240,600,1224,1224
956 100 240,600,1224,1224
957 100 192,624,1224,1200
958 100 192,624,1224,1200
959 100 192,624,1224,1200
960 100 168,624,1224,1224
961 100 144,624,1224,1224
962 100 144,648,1224,1200
963 100 144,648,1224,1200
964 100 96,648,1224,1200
965 100 96,648,1224,1200
966 100 96,648,1224,1200
967 100 72,648,1224,1200
968 100 72,648,1224,1200
969 100 48,648,1224,1224
970 100 48,648,1224,1224
971 100 48,672,1224,1200
972 100 48,672,1224,1200
973 100 48,672,1224,1200
974 100 24,672,1224,1224
975 100 0,672,1224,1224
976 100 0,672,1224,1224
977 100 0,672,1224,1224
978 100 0,672,1224,1200
979 100 0,672,1224,1200
980 100 0,672,1224,1200
981 100 0,648,1224,1224
982 100 0,648,1224,1224
983 100 0,648,1224,1224
984 100 0,648,1224,1200
985 100 0,624,1224,1224
986 100 0,624,1224,1224
987 100 24,600,1224,1200
988 100 0,600,1224,1200
989 100 0,600,1224,1200
990 100 48,576,1224,1224
991 100 48,576,1224,1224
992 100 48,576,1224,1224
993 100 24,576,1224,1200
994 100 48,576,1224,1200
995 100 48,576,1224,1200
996 100 0,552,1224,1200
997 100 24,552,1224,1200
998 100 24,552,1224,1200
999 100 3408,528,1224,1200
1000 100 3408,528,1224,1200
1001 100 3408,528,1224,1200
1002 100 48,504,1224,1224
1003 100 120,504,1224,1224
1004 100 120,504,1224,1224
1005 100 144,456,1224,1224
1006 100 0,456,1224,1200
1007 100 0,456,1224,1200
1008 100 24,408,1224,1200
1009 100 96,384,1224,1224
1010 100 96,384,1224,1224
1011 100 24,336,1224,1224
1012 100 48,336,1224,1224
1013 100 48,336,1224,1224
1014 100 24,312,1224,1200
1015 100 24,288,1224,1224
1016 100 24,288,1224,1224
1017 100 24,288,1224,1200
1018 100 48,264,1224,1224
1019 100 96,264,1224,1200
1020 100 0,264,1224,1200
1021 100 24,240,1224,1224
1022 100 24,240,1224,1224
1023 100 24,240,1224,1224
1024 100 24,240,1224,1224
1025 100 24,240,1224,1224
1026 100 48,240,1224,1224
1027 100 72,240,1224,1200
1028 100 96,240,1224,1200
1029 100 120,240,1224,1200
1030 100 0,240,1224,1200
1031 100 0,240,1224,1200
1032 100 0,240,1224,1200
1033 100 0,240,1224,1200
1034 100 0,240,1224,1200
1035 100 0,240,1224,1200
1036 100 0,240,1224,1200
1037 100 0,240,1224,1200
1038 100 0,240,1224,1200
1039 100 0,240,1224,1200
1040 100 24,240,1224,1200
1041 100 72,216,1224,1224
1042 100 0,216,1224,1200
1043 100 72,216,1224,1224
1044 100 24,240,1224,1200
1045 100 0,240,1224,1200
1046 100 0,264,1224,1200
1047 100 0,264,1224,1200
1048 100 48,288,1224,1200
1049 100 144,288,1224,1224
1050 100 216,312,1224,1200
1051 100 264,312,1224,1200
1052 100 312,312,1224,1224
1053 100 336,336,1224,1200
1054 100 336,336,1224,1200
1055 100 360,336,1224,1224
1056 100 360,336,1224,1224
1057 100 360,336,1224,1200
1058 100 336,336,1224,1200
1059 100 336,336,1224,1200
1060 100 336,312,1224,1224
1061 100 336,312,1224,1224
1062 100 312,312,1224,1224
1063 100 312,312,1224,1224
1064 100 312,312,1224,1224
1065 100 336,312,1224,1224
1066 100 336,312,1224,1224
1067 100 336,312,1224,1224
1068 100 336,336,1224,1200
1069 100 312,336,1224,1200
1070 100 312,336,1224,1200
1071 100 312,336,1224,1200
1072 100 312,336,1224,1200
1073 100 312,312,1224,1224
1074 100 288,312,1224,1224
1075 100 288,312,1224,1224
1076 100 288,312,1224,1224
1077 100 288,312,1224,1224
1078 100 288,312,1224,1224
1079 100 288,312,1224,1224
1080 100 288,312,1224,1224
1081 100 288,336,1224,1200
1082 100 312,336,1224,1200
1083 100 312,360,1224,1200
1084 100 336,384,1224,1224
1085 100 360,432,1224,1200
1086 100 384,456,1224,1200
1087 100 432,480,1224,1224
1088 100 408,528,1224,1200
1089 100 408,552,1224,1200
1090 100 408,552,1224,1224
1091 100 408,576,1224,1200
1092 100 432,552,1224,1224
1093 100 432,576,1224,1200
1094 100 432,552,1224,1224
1095 100 432,552,1224,1224
1096 100 432,552,1224,1224
1097 100 456,552,1224,1224
1098 100 456,576,1224,1200
1099 100 480,576,1224,1200
1100 100 504,576,1224,1200
1101 100 528,576,1224,1200
1102 100 552,576,1224,1200
1103 100 576,576,1224,1200
1104 100 600,576,1224,1200
1105 100 624,552,1224,1224
1106 100 648,552,1224,1224
1107 100 648,552,1224,1200
1108 100 672,552,1224,1200
1109 100 696,552,1224,1200
1110 100 720,552,1224,1200
1111 100 720,552,1224,1200
1112 100 744,552,1224,1200
1113 100 768,552,1224,1200
1114 100 768,552,1224,1200
1115 100 792,552,1224,1200
1116 100 816,552,1224,1200
1117 100 840,552,1224,1200
1118 100 864,552,1224,1200
1119 100 888,552,1224,1200
1120 100 912,552,1224,1200
1121 100 936,552,1224,1224
1122 100 936,576,1224,1200
1123 100 960,552,1224,1224
1124 100 984,552,1224,1224
1125 100 1008,576,1224,1200
1126 100 1032,576,1224,1200
1127 100 1032,576,1224,1224
1128 100 1032,600,1224,1200
1129 100 1032,600,1224,1200
1130 100 1032,600,1224,1200
1131 100 1032,600,1224,1200
1132 100 1056,600,1224,1200
1133 100 1056,600,1224,1224
1134 100 1056,624,1224,1200
1135 100 1032,648,1224,1200
1136 100 1032,648,1224,1200
1137 100 1032,648,1224,1200
1138 100 1008,672,1224,1224
1139 100 1008,696,1224,1200
1140 100 1008,696,1224,1200
1141 100 1008,720,1224,1200
1142 100 1008,744,1224,1200
1143 100 1008,744,1224,1200
1144 100 1008,768,1224,1200
1145 100 1032,744,1224,1224
1146 100 1032,768,1224,1224
1147 100 1032,768,1224,1224
1148 100 1032,768,1224,1224
1149 100 1032,792,1224,1224
1150 100 1056,792,1224,1224
1151 100 1032,816,1224,1200
1152 100 1032,816,1224,1224
1153 100 1032,816,1224,1224
1154 100 1008,840,1224,1224
1155 100 1008,840,1224,1224
1156 100 1008,864,1224,1224
1157 100 1008,840,1224,1224
1158 100 1008,840,1224,1248
1159 100 1032,840,1224,1224
1160 100 1032,840,1224,1224
1161 100 1032,840,1224,1224
1162 100 1032,840,1224,1224
1163 100 1032,840,1224,1224
1164 100 1056,840,1224,1224
1165 100 1056,840,1224,1224
1166 100 1080,792,1224,1224
1167 100 1104,768,1224,1200
1168 100 1128,720,1224,1200
1169 100 1152,672,1224,1200
1170 100 1176,648,1224,1200
1171 100 1200,600,1224,1200
1172 100 1224,576,1224,1200
1173 100 1248,528,1224,1224
1174 100 1248,504,1224,1224
1175 100 1248,504,1224,1200
1176 100 1248,480,1224,1200
1177 100 1224,480,1224,1200
1178 100 1248,480,1224,1200
1179 100 1248,456,1224,1224
1180 100 1248,480,1224,1200
1181 100 1248,456,1224,1224
1182 100 1224,456,1224,1200
1183 100 1224,456,1224,1224
1184 100 1224,456,1224,1200
1185 100 1224,456,1224,1200
1186 100 1224,456,1224,1200
1187 100 1248,456,1224,1224
1188 100 1248,456,1224,1224
1189 100 1248,456,1224,1224
1190 100 1248,456,1224,1200
1191 100 1248,456,1224,1200
1192 100 1248,456,1224,1200
1193 100 1248,456,1224,1200
1194 100 1248,456,1224,1200
1195 100 1224,432,1224,1200
1196 100 1176,408,1224,1200
1197 100 1152,384,1224,1224
1198 100 1128,384,1224,1200
1199 100 1104,360,1224,1200
1200 100 1080,336,1224,1224
1201 100 1056,312,1224,1224
1202 100 1032,312,1224,1200
1203 100 1032,312,1224,1200
1204 100 1008,288,1224,1224
1205 100 1008,288,1224,1200
1206 100 1008,288,1224,1224
1207 100 1008,288,1224,1224
1208 100 1008,312,1224,1200
1209 100 984,312,1224,1200
1210 100 960,288,1224,1224
1211 100 912,288,1224,1200
1212 100 864,264,1224,1224
1213 100 792,240,1224,1200
1214 100 696,192,1224,1200
1215 100 624,144,1224,1200
1216 100 576,96,1224,1224
1217 100 552,48,1224,1224
1218 100 528,48,1224,1200
1219 100 0,24,1224,1200
1220 100 0,24,1224,1200
1221 100 144,24,1224,1176
1222 100 144,24,1224,1176
1223 100 120,24,1224,1152
1224 100 72,24,1224,1128
1225 100 24,24,1224,1128
1226 100 24,24,1224,1104
1227 100 0,24,1224,1104
1228 100 48,24,1224,1104
1229 100 0,24,1224,1080
1230 100 24,24,1224,1080
1231 100 0,24,1224,1080
1232 100 48,24,1224,1080
1233 100 264,24,1224,1056
1234 100 360,24,1224,1056
1235 100 576,24,1224,1056
1236 100 48,24,1224,1056
1237 100 48,24,1224,1056
1238 100 648,24,1224,1056
1239 100 384,24,1224,1056
1240 100 336,24,1224,1056
1241 100 0,24,1224,1080
1242 100 0,24,1224,1080
1243 100 0,24,1224,1104
1244 100 0,24,1224,1104
1245 100 24,24,1224,1104
1246 100 24,24,1224,1104
1247 100 24,24,1224,1128
1248 100 0,24,1224,1104
1249 100 24,24,1224,1104
1250 100 24,24,1224,1104
1251 100 0,24,1224,1104
1252 100 0,24,1224,1104
1253 100 0,24,1224,1128
1254 100 0,24,1224,1128
1255 100 24,24,1224,1152
1256 100 0,24,1224,1152
1257 100 0,24,1224,1176
1258 100 0,24,1224,1200
1259 100 0,24,1224,1200
1260 100 0,96,1224,1224
1261 100 0,192,1224,1200
1262 100 0,192,1224,1200
1263 100 48,288,1224,1200
1264 100 72,336,1224,1200
1265 100 72,336,1224,1224
1266 100 96,384,1224,1200
1267 100 120,408,1224,1200
1268 100 120,408,1224,1200
1269 100 144,456,1224,1200
1270 100 144,456,1224,1200
1271 100 144,456,1224,1200
1272 100 144,456,1224,1200
1273 100 168,456,1224,1200
1274 100 168,456,1224,1200
1275 100 216,432,1224,1224
1276 100 288,456,1224,1200
1277 100 288,456,1224,1200
1278 100 384,456,1224,1200
1279 100 408,456,1224,1200
1280 100 480,456,1224,1200
1281 100 528,456,1224,1200
1282 100 528,432,1224,1224
1283 100 552,408,1224,1224
1284 100 576,432,1224,1200
1285 100 600,432,1224,1200
1286 100 600,432,1224,1200
1287 100 624,408,1224,1224
1288 100 624,408,1224,1224
1289 100 624,432,1224,1200
1290 100 624,408,1224,1224
1291 100 624,408,1224,1224
1292 100 648,408,1224,1224
1293 100 648,408,1224,1224
1294 100 672,432,1224,1200
1295 100 696,408,1224,1224
1296 100 720,408,1224,1200
1297 100 720,408,1224,1200
1298 100 768,408,1224,1200
1299 100 768,408,1224,1200
1300 100 816,408,1224,1200
1301 100 840,408,1224,1200
1302 100 888,408,1224,1200
1303 100 888,408,1224,1200
1304 100 936,432,1224,1200
1305 100 960,432,1224,1200
1306 100 984,432,1224,1200
1307 100 1008,432,1224,1200
1308 100 1056,432,1224,1200
1309 100 1056,432,1224,1200
1310 100 1104,432,1224,1200
1311 100 1104,432,1224,1200
1312 100 1128,432,1224,1200
1313 100 1128,432,1224,1200
1314 100 1128,432,1224,1200
1315 100 1128,432,1224,1200
1316 100 1152,432,1224,1200
1317 100 1152,432,1224,1200
1318 100 1176,432,1224,1224
1319 100 1176,432,1224,1224
1320 100 1176,456,1224,1200
1321 100 1176,456,1224,1200
1322 100 1200,432,1224,1224
1323 100 1200,432,1224,1224
1324 100 1200,432,1224,1224
1325 100 1200,432,1224,1224
1326 100 1200,456,1224,1200
1327 100 1200,456,1224,1200
1328 100 1224,456,1224,1200
1329 100 1224,456,1224,1200
1330 100 1224,456,1224,1200
1331 100 1224,456,1224,1200
1332 100 1224,456,1224,1200
1333 100 1224,456,1224,1200
1334 100 1224,456,1224,1200
1335 100 1224,456,1224,1200
1336 100 1224,456,1224,1200
1337 100 1224,456,1224,1200
1338 100 1224,456,1224,1200
1339 100 1224,456,1224,1200
1340 100 1224,456,1224,1200
1341 100 1224,456,1224,1200
1342 100 1224,456,1224,1200
1343 100 1224,456,1224,1200
1344 100 1224,456,1224,1200
1345 100 1224,456,1224,1200
1346 100 1224,456,1224,1200
1347 100 1224,456,1224,1200
1348 100 1224,456,1224,1200
1349 100 1224,456,1224,1200
1350 100 1224,456,1224,1200
1351 100 1224,456,1224,1200
1352 100 1248,480,1224,1200
1353 100 1248,480,1224,1200
1354 100 1272,504,1224,1224
1355 100 1272,528,1224,1200
1356 100 1248,552,1224,1200
1357 100 1248,552,1224,1200
1358 100 1248,576,1224,1200
1359 100 1272,576,1224,1224
1360 100 1272,576,1224,1200
1361 100 1272,576,1224,1224
1362 100 1296,576,1224,1224
1363 100 1296,576,1224,1224
1364 100 1296,600,1224,1200
1365 100 1296,600,1224,1200
1366 100 1296,600,1224,1200
1367 100 1296,600,1224,1200
1368 100 1296,576,1224,1224
1369 100 1296,600,1224,1200
1370 100 1296,600,1224,1200
1371 100 1296,576,1224,1224
1372 100 1320,576,1224,1224
1373 100 1320,576,1224,1224
1374 100 1368,576,1224,1200
1375 100 1392,576,1224,1200
1376 100 1464,576,1224,1200
1377 100 1464,576,1224,1200
1378 100 1512,576,1224,1200
1379 100 1536,576,1224,1200
1380 100 1560,552,1224,1224
1381 100 1560,576,1224,1200
1382 100 1584,576,1224,1200
1383 100 1608,576,1224,1200
1384 100 1632,552,1224,1224
1385 100 1632,552,1224,1224
1386 100 1656,576,1224,1200
1387 100 1656,552,1224,1224
1388 100 1680,552,1224,1200
1389 100 1680,552,1224,1200
1390 100 1704,552,1224,1200
1391 100 1704,552,1224,1200
1392 100 1728,552,1224,1200
1393 100 1728,552,1224,1200
1394 100 1752,552,1224,1200
1395 100 1752,552,1224,1200
1396 100 1776,552,1224,1200
1397 100 1776,552,1224,1200
1398 100 1776,552,1224,1200
1399 100 1776,552,1224,1200
1400 100 1800,552,1224,1200
1401 100 1800,552,1224,1200
1402 100 1800,552,1224,1224
1403 100 1776,552,1224,1224
1404 100 1800,552,1224,1200
1405 100 1800,552,1224,1200
1406 100 1800,552,1224,1200
1407 100 1800,552,1224,1200
1408 100 1800,552,1224,1224
1409 100 1776,576,1224,1200
1410 100 1776,576,1224,1200
1411 100 1776,576,1224,1200
1412 100 1776,576,1224,1200
1413 100 1752,576,1224,1200
1414 100 1704,576,1224,1200
1415 100 1680,576,1224,1200
1416 100 1536,552,1224,1224
1417 100 1512,552,1224,1224
1418 100 1344,528,1224,1224
1419 100 1320,528,1224,1224
1420 100 1176,528,1224,1200
1421 100 1152,528,1224,1200
1422 100 1080,504,1224,1200
1423 100 1056,504,1224,1200
1424 100 984,480,1224,1224
1425 100 960,480,1224,1224
1426 100 864,504,1224,1200
1427 100 840,504,1224,1200
1428 100 696,528,1224,1200
1429 100 648,528,1224,1200
1430 100 504,528,1224,1200
1431 100 480,528,1224,1200
1432 100 360,528,1224,1224
1433 100 336,528,1224,1200
1434 100 240,528,1224,1224
1435 100 216,528,1224,1224
1436 100 120,552,1224,1200
1437 100 72,552,1224,1200
1438 100 0,552,1224,1200
1439 100 24,552,1224,1200
1440 100 0,552,1224,1224
1441 100 0,552,1224,1224
1442 100 48,552,1224,1224
1443 100 24,552,1224,1224
1444 100 48,552,1224,1224
1445 100 24,552,1224,1224
1446 100 120,552,1224,1224
1447 100 120,552,1224,1224
1448 100 72,552,1224,1224
1449 100 72,552,1224,1224
1450 100 24,552,1224,1224
1451 100 48,552,1224,1224
1452 100 3624,552,1224,1224
1453 100 3624,552,1224,1224
1454 100 3576,576,1224,1200
1455 100 3576,576,1224,1200
1456 100 3528,576,1224,1200
1457 100 3528,576,1224,1200
1458 100 3480,576,1224,1200
1459 100 3504,576,1224,1200
1460 100 3528,576,1224,1200
1461 100 3504,576,1224,1200
1462 100 3576,576,1224,1200
1463 100 3600,552,1224,1224
1464 100 3672,552,1224,1224
1465 100 3672,552,1224,1224
1466 100 3480,552,1224,1200
1467 100 3504,552,1224,1200
1468 100 3360,528,1224,1224
1469 100 3384,528,1224,1224
1470 100 3384,528,1224,1200
1471 100 3408,528,1224,1200
1472 100 3288,528,1224,1200
1473 100 3288,528,1224,1200
1474 100 3240,504,1224,1200
1475 100 3216,504,1224,1200
1476 100 3144,504,1224,1200
1477 100 3144,504,1224,1200
1478 100 3144,504,1224,1200
1479 100 3048,504,1224,1200
1480 100 3048,504,1224,1200
1481 100 2928,504,1224,1200
1482 100 2928,504,1224,1200
1483 100 2928,504,1224,1200
1484 100 2952,504,1224,1200
1485 100 2952,504,1224,1200
1486 100 2904,504,1224,1200
1487 100 2904,504,1224,1200
1488 100 2880,504,1224,1200
1489 100 2880,504,1224,1200
1490 100 2880,504,1224,1200
1491 100 2880,504,1224,1200
1492 100 2832,504,1224,1200
1493 100 2832,504,1224,1200
1494 100 2832,504,1224,1200
1495 100 2784,480,1224,1224
1496 100 2712,480,1224,1200
1497 100 2736,480,1224,1200
1498 100 2712,480,1224,1200
1499 100 2736,432,1224,1200
1500 100 2736,432,1224,1200
1501 100 2712,384,1224,1200
1502 100 2712,360,1224,1224
1503 100 2712,336,1224,1200
1504 100 2712,336,1224,1200
1505 100 2688,312,1224,1200
1506 100 2664,312,1224,1200
1507 100 2664,288,1224,1200
1508 100 2664,288,1224,1200
1509 100 2640,264,1224,1224
1510 100 2640,264,1224,1224
1511 100 2664,240,1224,1224
1512 100 2664,240,1224,1224
1513 100 2664,240,1224,1224
1514 100 2664,240,1224,1224
1515 100 2664,216,1224,1200
1516 100 2664,192,1224,1224
1517 100 2688,192,1224,1200
1518 100 2688,192,1224,1200
1519 100 2664,144,1224,1224
1520 100 2664,144,1224,1200
1521 100 2664,96,1224,1224
1522 100 2664,96,1224,1224
1523 100 2664,96,1224,1224
1524 100 2664,48,1224,1224
1525 100 2664,48,1224,1224
1526 100 2664,48,1224,1224
1527 100 2664,24,1224,1224
1528 100 2664,24,1224,1224
1529 100 2664,24,1224,1224
1530 100 2640,24,1224,1200
1531 100 2616,24,1224,1200
1532 100 2616,24,1224,1200
1533 100 2616,24,1224,1200
1534 100 2592,24,1224,1200
1535 100 2592,24,1224,1200
1536 100 2568,24,1224,1176
1537 100 2568,24,1224,1176
1538 100 2568,24,1224,1176
1539 100 2544,24,1224,1176
1540 100 2544,24,1224,1176
1541 100 2544,24,1224,1176
1542 100 2544,24,1224,1176
1543 100 2544,24,1224,1176
1544 100 2544,24,1224,1176
1545 100 2472,24,1224,1200
1546 100 2448,24,1224,1200
1547 100 2448,24,1224,1200
1548 100 2424,24,1224,1200
1549 100 2424,24,1224,1200
1550 100 2424,24,1224,1200
1551 100 2520,24,1224,1224
1552 100 2568,24,1224,1224
1553 100 2736,24,1224,1224
1554 100 2784,24,1224,1224
1555 100 2784,24,1224,1224
1556 100 2880,24,1224,1224
1557 100 2952,48,1224,1224
1558 100 3096,72,1224,1200
1559 100 3072,72,1224,1200
1560 100 3072,72,1224,1200
1561 100 3240,96,1224,1200
1562 100 3192,96,1224,1224
1563 100 3192,96,1224,1224
1564 100 3384,120,1224,1200
1565 100 3360,120,1224,1200
1566 100 3360,120,1224,1200
1567 100 3288,120,1224,1200
1568 100 3336,120,1224,1200
1569 100 3336,120,1224,1200
1570 100 3528,96,1224,1224
1571 100 3552,96,1224,1224
1572 100 3552,96,1224,1224
1573 100 3312,96,1224,1200
1574 100 3336,72,1224,1224
1575 100 3336,72,1224,1224
1576 100 3360,72,1224,1224
1577 100 3360,72,1224,1224
1578 100 3360,72,1224,1224
1579 100 3456,96,1224,1224
1580 100 3456,96,1224,1224
1581 100 3456,96,1224,1224
1582 100 3408,96,1224,1224
1583 100 3408,96,1224,1224
1584 100 3408,96,1224,1224
1585 100 3720,96,1224,1248
1586 100 3624,96,1224,1248
1587 100 3624,96,1224,1248
1588 100 3600,96,1224,1248
1589 100 3576,96,1224,1248
1590 100 3576,96,1224,1248
1591 100 3504,96,1224,1248
1592 100 3456,120,1224,1224
1593 100 3432,120,1224,1224
1594 100 3432,120,1224,1224
1595 100 3432,120,1224,1224
1596 100 3432,120,1224,1224
1597 100 3432,120,1224,1224
1598 100 3408,120,1224,1224
1599 100 3408,120,1224,1224
1600 100 3408,120,1224,1224
1601 100 3408,120,1224,1224
1602 100 3384,120,1224,1224
1603 100 3384,120,1224,1224
1604 100 3384,120,1224,1224
1605 100 3360,120,1224,1224
1606 100 3360,120,1224,1224
1607 100 3360,120,1224,1224
1608 100 3768,120,1224,1248
1609 100 3672,144,1224,1224
1610 100 3672,144,1224,1224
1611 100 3576,144,1224,1224
1612 100 3552,144,1224,1224
1613 100 3312,168,1224,1200
1614 100 144,168,1224,1224
1615 100 0,192,1224,1224
1616 100 0,216,1224,1200
1617 100 0,216,1224,1200
1618 100 0,216,1224,1200
1619 100 0,216,1224,1200
1620 100 0,240,1224,1200
1621 100 0,240,1224,1200
1622 100 0,240,1224,1200
1623 100 120,264,1224,1200
1624 100 144,264,1224,1224
1625 100 144,264,1224,1224
1626 100 216,288,1224,1200
1627 100 216,288,1224,1200
1628 100 216,288,1224,1200
1629 100 264,288,1224,1200
1630 100 312,288,1224,1200
1631 100 336,288,1224,1200
1632 100 336,288,1224,1200
1633 100 384,288,1224,1200
1634 100 408,288,1224,1200
1635 100 408,288,1224,1200
1636 100 456,288,1224,1224
1637 100 480,312,1224,1200
1638 100 480,312,1224,1200
1639 100 528,312,1224,1200
1640 100 528,312,1224,1200
1641 100 528,312,1224,1200
1642 100 552,312,1224,1200
1643 100 552,312,1224,1200
1644 100 552,312,1224,1200
1645 100 576,336,1224,1200
1646 100 600,336,1224,1200
1647 100 600,336,1224,1200
1648 100 600,336,1224,1200
1649 100 600,336,1224,1200
1650 100 600,336,1224,1200
1651 100 624,336,1224,1200
1652 100 624,336,1224,1200
1653 100 624,336,1224,1200
1654 100 624,336,1224,1200
1655 100 624,336,1224,1200
1656 100 624,336,1224,1200
1657 100 648,336,1224,1224
1658 100 648,336,1224,1224
1659 100 648,336,1224,1224
1660 100 648,360,1224,1200
1661 100 648,360,1224,1200
1662 100 648,360,1224,1200
1663 100 648,360,1224,1200
1664 100 648,360,1224,1200
1665 100 648,360,1224,1200
1666 100 624,360,1224,1200
1667 100 624,360,1224,1200
1668 100 624,360,1224,1200
1669 100 600,360,1224,1200
1670 100 600,360,1224,1200
1671 100 600,360,1224,1200
1672 100 528,384,1224,1200
1673 100 504,384,1224,1200
1674 100 504,384,1224,1200
1675 100 384,408,1224,1224
1676 100 360,408,1224,1224
1677 100 360,408,1224,1224
1678 100 312,408,1224,1224
1679 100 312,408,1224,1224
1680 100 312,408,1224,1224
1681 100 264,408,1224,1224
1682 100 240,408,1224,1224
1683 100 240,408,1224,1224
1684 100 216,408,1224,1200
1685 100 216,408,1224,1200
1686 100 216,408,1224,1200
1687 100 216,408,1224,1200
1688 100 192,408,1224,1200
1689 100 192,408,1224,1200
1690 100 192,408,1224,1224
1691 100 192,408,1224,1224
1692 100 192,408,1224,1200
1693 100 192,408,1224,1200
1694 100 192,408,1224,1200
1695 100 168,408,1224,1200
1696 100 168,408,1224,1200
1697 100 168,408,1224,1200
1698 100 168,408,1224,1200
1699 100 168,408,1224,1200
1700 100 168,408,1224,1200
1701 100 168,408,1224,1200
1702 100 168,408,1224,1200
1703 100 168,408,1224,1200
1704 100 168,408,1224,1200
1705 100 168,408,1224,1200
1706 100 144,408,1224,1200
1707 100 144,408,1224,1200
1708 100 96,408,1224,1200
1709 100 48,408,1224,1200
1710 100 0,408,1224,1224
1711 100 0,432,1224,1200
1712 100 0,432,1224,1200
1713 100 24,432,1224,1200
1714 100 24,432,1224,1200
1715 100 0,432,1224,1200
1716 100 24,432,1224,1200
1717 100 0,432,1224,1200
1718 100 0,432,1224,1200
1719 100 48,432,1224,1200
1720 100 72,432,1224,1200
1721 100 0,408,1224,1224
1722 100 0,408,1224,1224
1723 100 0,408,1224,1224
1724 100 24,408,1224,1200
1725 100 24,408,1224,1200
1726 100 24,408,1224,1200
1727 100 24,408,1224,1200
1728 100 24,408,1224,1200
1729 100 24,408,1224,1200
1730 100 24,408,1224,1200
1731 100 24,408,1224,1200
1732 100 24,408,1224,1200
1733 100 24,408,1224,1200
1734 100 24,408,1224,1200
1735 100 24,408,1224,1200
1736 100 24,408,1224,1224
1737 100 24,408,1224,1200
1738 100 24,408,1224,1200
1739 100 24,408,1224,1200
1740 100 24,408,1224,1200
1741 100 24,408,1224,1200
1742 100 0,408,1224,1200
1743 100 0,408,1224,1200
1744 100 48,408,1224,1200
1745 100 24,408,1224,1200
1746 100 0,408,1224,1200
1747 100 3384,408,1224,1200
1748 100 3384,408,1224,1200
1749 100 3408,408,1224,1200
1750 100 3408,408,1224,1200
1751 100 3432,408,1224,1200
1752 100 3408,408,1224,1200
1753 100 3384,408,1224,1200
1754 100 3408,408,1224,1200
1755 100 3408,408,1224,1200
1756 100 3456,408,1224,1200
1757 100 3480,408,1224,1200
1758 100 3456,408,1224,1200
1759 100 3480,408,1224,1200
1760 100 3480,408,1224,1200
1761 100 3264,408,1224,1200
1762 100 3264,408,1224,1200
1763 100 3264,408,1224,1200
1764 100 3240,408,1224,1200
1765 100 3192,408,1224,1200
1766 100 3192,408,1224,1224
1767 100 3192,408,1224,1224
1768 100 3192,408,1224,1224
1769 100 3192,408,1224,1224
1770 100 3048,408,1224,1224
1771 100 3048,408,1224,1224
1772 100 3048,408,1224,1224
1773 100 3024,408,1224,1224
1774 100 2904,432,1224,1200
1775 100 2928,432,1224,1200
1776 100 2904,432,1224,1200
1777 100 2880,432,1224,1200
1778 100 2904,432,1224,1200
1779 100 2880,432,1224,1200
1780 100 2808,432,1224,1200
1781 100 2808,432,1224,1200
1782 100 2760,432,1224,1200
1783 100 2712,432,1224,1200
1784 100 2688,432,1224,1200
1785 100 2664,408,1224,1224
1786 100 2616,408,1224,1224
1787 100 2592,408,1224,1200
1788 100 2568,408,1224,1200
1789 100 2544,408,1224,1200
1790 100 2544,384,1224,1224
1791 100 2520,384,1224,1200
1792 100 2496,384,1224,1200
1793 100 2472,384,1224,1200
1794 100 2448,360,1224,1200
1795 100 2424,336,1224,1200
1796 100 2400,312,1224,1200
1797 100 2376,288,1224,1200
1798 100 2376,264,1224,1224
1799 100 2400,264,1224,1200
1800 100 2424,240,1224,1200
1801 100 2424,216,1224,1224
1802 100 2448,216,1224,1200
1803 100 2448,216,1224,1200
1804 100 2424,216,1224,1200
1805 100 2424,192,1224,1224
1806 100 2400,216,1224,1200
1807 100 2400,216,1224,1200
1808 100 2376,192,1224,1224
1809 100 2376,192,1224,1224
1810 100 2376,216,1224,1200
1811 100 2352,216,1224,1200
1812 100 2352,216,1224,1200
1813 100 2328,216,1224,1200
1814 100 2328,216,1224,1200
1815 100 2304,216,1224,1200
1816 100 2256,216,1224,1200
1817 100 2256,216,1224,1200
1818 100 2232,216,1224,1200
1819 100 2184,216,1224,1200
1820 100 2136,192,1224,1224
1821 100 2112,192,1224,1224
1822 100 2088,216,1224,1200
1823 100 2064,216,1224,1200
1824 100 2064,216,1224,1200
1825 100 2040,216,1224,1200
1826 100 2040,216,1224,1200
1827 100 2040,216,1224,1200
1828 100 2040,192,1224,1224
1829 100 2040,192,1224,1224
1830 100 2016,192,1224,1224
1831 100 2016,192,1224,1224
1832 100 2016,192,1224,1224
1833 100 2016,192,1224,1224
1834 100 1992,192,1224,1224
1835 100 1992,192,1224,1224
1836 100 1968,192,1224,1224
1837 100 1968,192,1224,1224
1838 100 1968,216,1224,1200
1839 100 1968,216,1224,1200
1840 100 1968,216,1224,1200
1841 100 1968,216,1224,1200
1842 100 1968,216,1224,1200
1843 100 1944,216,1224,1224
1844 100 1944,216,1224,1224
1845 100 1944,240,1224,1200
1846 100 1944,240,1224,1224
1847 100 1968,264,1224,1224
1848 100 1968,288,1224,1224
1849 100 1968,312,1224,1200
1850 100 1968,336,1224,1200
1851 100 1968,360,1224,1200
1852 100 1968,360,1224,1224
1853 100 1968,384,1224,1224
1854 100 1968,432,1224,1200
1855 100 1968,432,1224,1200
1856 100 1992,480,1224,1224
1857 100 1968,504,1224,1224
1858 100 1944,528,1224,1200
1859 100 1944,528,1224,1224
1860 100 1920,528,1224,1224
1861 100 1920,528,1224,1224
1862 100 1920,528,1224,1200
1863 100 1920,528,1224,1200
1864 100 1920,528,1224,1200
1865 100 1920,528,1224,1200
1866 100 1920,528,1224,1200
1867 100 1920,528,1224,1224
1868 100 1920,528,1224,1224
1869 100 1920,528,1224,1224
1870 100 1920,528,1224,1224
1871 100 1920,528,1224,1224
1872 100 1920,528,1224,1200
1873 100 1896,504,1224,1224
1874 100 1896,504,1224,1200
1875 100 1896,504,1224,1200
1876 100 1896,480,1224,1200
1877 100 1872,456,1224,1200
1878 100 1848,456,1224,1200
1879 100 1824,432,1224,1200
1880 100 1800,408,1224,1200
1881 100 1776,384,1224,1224
1882 100 1776,384,1224,1200
1883 100 1752,360,1224,1224
1884 100 1752,360,1224,1200
1885 100 1728,336,1224,1224
1886 100 1704,336,1224,1200
1887 100 1704,312,1224,1200
1888 100 1704,288,1224,1224
1889 100 1704,288,1224,1200
1890 100 1704,264,1224,1224
1891 100 1704,264,1224,1200
1892 100 1704,240,1224,1224
1893 100 1704,240,1224,1200
1894 100 1704,216,1224,1224
1895 100 1704,216,1224,1200
1896 100 1728,192,1224,1224
1897 100 1728,192,1224,1200
1898 100 1728,168,1224,1200
1899 100 1728,144,1224,1200
1900 100 1728,120,1224,1224
1901 100 1752,120,1224,1224
1902 100 1752,120,1224,1200
1903 100 1752,96,1224,1224
1904 100 1752,96,1224,1200
1905 100 1752,96,1224,1200
1906 100 1776,72,1224,1224
1907 100 1776,72,1224,1200
1908 100 1800,72,1224,1200
1909 100 1800,72,1224,1200
1910 100 1848,72,1224,1200
1911 100 1896,96,1224,1200
1912 100 1920,96,1224,1200
1913 100 1920,96,1224,1200
1914 100 1920,96,1224,1200
1915 100 1920,72,1224,1224
1916 100 1920,72,1224,1200
1917 100 1920,72,1224,1200
1918 100 1920,72,1224,1200
1919 100 1944,72,1224,1200
1920 100 1944,72,1224,1200
1921 100 1944,72,1224,1200
1922 100 1944,72,1224,1200
1923 100 1944,72,1224,1200
1924 100 1944,72,1224,1200
1925 100 1944,72,1224,1200
1926 100 1944,72,1224,1200
1927 100 1944,48,1224,1224
1928 100 1944,48,1224,1224
1929 100 1896,24,1224,1224
1930 100 1872,24,1224,1200
1931 100 1896,24,1224,1200
1932 100 1896,24,1224,1200
1933 100 1872,24,1224,1200
1934 100 1872,24,1224,1176
1935 100 1848,24,1224,1176
1936 100 1848,24,1224,1176
1937 100 1848,24,1224,1152
1938 100 1872,24,1224,1152
1939 100 1848,24,1224,1128
1940 100 1896,24,1224,1128
1941 100 1968,24,1224,1128
1942 100 1992,24,1224,1128
1943 100 1968,24,1224,1104
1944 100 2040,24,1224,1104
1945 100 2040,24,1224,1128
1946 100 2136,24,1224,1128
1947 100 2232,24,1224,1128
1948 100 2304,24,1224,1128
1949 100 2400,24,1224,1104
1950 100 2496,24,1224,1104
1951 100 2568,24,1224,1104
1952 100 2616,24,1224,1104
1953 100 2688,24,1224,1104
1954 100 2712,24,1224,1104
1955 100 2736,24,1224,1104
1956 100 2736,24,1224,1104
1957 100 2760,24,1224,1080
1958 100 2736,24,1224,1080
1959 100 2736,24,1224,1080
1960 100 2736,24,1224,1080
1961 100 2736,24,1224,1056
1962 100 2736,24,1224,1056
1963 100 2736,24,1224,1056
1964 100 2712,24,1224,1056
1965 100 2712,24,1224,1080
1966 100 2712,24,1224,1080
1967 100 2712,24,1224,1080
1968 100 2712,24,1224,1080
1969 100 2712,24,1224,1080
1970 100 2712,24,1224,1080
1971 100 2712,24,1224,1080
1972 100 2712,24,1224,1080
1973 100 2736,24,1224,1080
1974 100 2784,24,1224,1080
1975 100 2832,24,1224,1080
1976 100 3096,24,1224,1104
1977 100 3432,24,1224,1128
1978 100 3168,24,1224,1128
1979 100 3336,24,1224,1152
1980 100 3528,24,1224,1176
1981 100 3384,24,1224,1176
1982 100 3264,24,1224,1176
1983 100 24,24,1224,1200
1984 100 3432,24,1224,1200
1985 100 3384,24,1224,1200
1986 100 3312,24,1224,1200
1987 100 3264,24,1224,1200
1988 100 3240,24,1224,1200
1989 100 3552,24,1224,1224
1990 100 3528,24,1224,1224
1991 100 3504,24,1224,1224
1992 100 3480,24,1224,1224
1993 100 3528,24,1224,1224
1994 100 3528,24,1224,1224
1995 100 3576,24,1224,1224
1996 100 3528,24,1224,1224
1997 100 3576,24,1224,1224
1998 100 3480,24,1224,1224
1999 100 3504,24,1224,1224
2000 100 3456,24,1224,1224
2001 100 3384,48,1224,1200
2002 100 3360,48,1224,1200
2003 100 3288,48,1224,1200
2004 100 3240,48,1224,1200
2005 100 3144,48,1224,1200
2006 100 48,48,1224,1224
2007 100 3504,48,1224,1224
2008 100 3336,72,1224,1200
2009 100 3240,72,1224,1200
2010 100 48,72,1224,1224
2011 100 3336,96,1224,1200
2012 100 48,96,1224,1224
2013 100 72,120,1224,1224
2014 100 48,168,1224,1200
2015 100 3360,192,1224,1200
2016 100 72,216,1224,1224
2017 100 3408,264,1224,1200
2018 100 96,288,1224,1224
2019 100 48,336,1224,1200
2020 100 0,360,1224,1200
2021 100 0,384,1224,1200
2022 100 24,408,1224,1200
2023 100 0,432,1224,1200
2024 100 24,456,1224,1200
2025 100 48,480,1224,1200
2026 100 72,504,1224,1200
2027 100 72,504,1224,1224
2028 100 3384,528,1224,1200
2029 100 24,552,1224,1200
2030 100 3408,552,1224,1200
2031 100 144,552,1224,1224
2032 100 120,552,1224,1224
2033 100 120,552,1224,1224
2034 100 96,552,1224,1224
2035 100 96,552,1224,1224
2036 100 120,552,1224,1224
2037 100 96,552,1224,1224
2038 100 72,552,1224,1224
2039 100 48,576,1224,1200
2040 100 24,576,1224,1200
2041 100 24,576,1224,1200
2042 100 72,576,1224,1200
2043 100 48,576,1224,1200
2044 100 24,576,1224,1200
2045 100 24,576,1224,1200
2046 100 24,576,1224,1200
2047 100 48,576,1224,1200
2048 100 0,576,1224,1200
2049 100 24,552,1224,1224
2050 100 48,552,1224,1224
2051 100 72,552,1224,1224
2052 100 0,552,1224,1200
2053 100 0,552,1224,1200
2054 100 24,552,1224,1200
2055 100 24,552,1224,1200
2056 100 24,552,1224,1200
2057 100 48,552,1224,1200
2058 100 48,552,1224,1200
2059 100 48,552,1224,1200
2060 100 48,552,1224,1224
2061 100 0,552,1224,1224
2062 100 0,552,1224,1224
2063 100 24,552,1224,1200
2064 100 24,552,1224,1200
2065 100 24,552,1224,1200
2066 100 0,552,1224,1200
2067 100 0,552,1224,1200
2068 100 0,552,1224,1200
2069 100 0,552,1224,1200
2070 100 0,552,1224,1200
2071 100 24,552,1224,1200
2072 100 48,528,1224,1224
2073 100 48,528,1224,1200
2074 100 48,504,1224,1224
2075 100 48,504,1224,1200
2076 100 48,504,1224,1200
2077 100 48,504,1224,1200
2078 100 24,480,1224,1224
2079 100 24,480,1224,1224
2080 100 0,480,1224,1224
2081 100 168,480,1224,1224
2082 100 72,480,1224,1224
2083 100 72,480,1224,1224
2084 100 3432,480,1224,1200
2085 100 0,480,1224,1224
2086 100 3600,480,1224,1224
2087 100 3720,480,1224,1224
2088 100 3384,480,1224,1200
2089 100 3408,480,1224,1200
2090 100 3384,480,1224,1200
2091 100 3456,480,1224,1200
2092 100 3504,480,1224,1200
2093 100 3360,456,1224,1224
2094 100 3384,456,1224,1200
2095 100 3384,456,1224,1224
2096 100 3216,456,1224,1200
2097 100 3216,456,1224,1200
2098 100 3240,456,1224,1200
