0 100 816,312,1224,1200
1 100 816,312,1224,1200
2 100 840,312,1224,1200
3 100 840,312,1224,1200
4 100 840,312,1224,1200
5 100 840,312,1224,1200
6 100 840,312,1224,1200
7 100 840,312,1224,1200
8 100 840,312,1224,1200
9 100 840,312,1224,1200
10 100 816,312,1224,1200
11 100 816,312,1224,1224
12 100 816,312,1224,1224
13 100 816,312,1224,1200
14 100 816,312,1224,1200
15 100 816,312,1224,1200
16 100 840,312,1224,1224
17 100 840,312,1224,1224
18 100 840,312,1224,1224
19 100 840,312,1224,1224
20 100 840,312,1224,1224
21 100 840,336,1224,1200
22 100 840,336,1224,1200
23 100 840,336,1224,1200
24 100 840,336,1224,1200
25 100 840,336,1224,1200
26 100 840,336,1224,1200
27 100 840,336,1224,1200
28 100 840,336,1224,1200
29 100 840,336,1224,1200
30 100 864,360,1224,1200
31 100 864,360,1224,1200
32 100 864,360,1224,1200
33 100 864,384,1224,1200
34 100 864,384,1224,1200
35 100 888,408,1224,1200
36 100 912,432,1224,1200
37 100 912,432,1224,1200
38 100 912,432,1224,1224
39 100 912,432,1224,1224
40 100 936,456,1224,1200
41 100 936,456,1224,1224
42 100 936,456,1224,1224
43 100 936,480,1224,1200
44 100 936,480,1224,1200
45 100 960,480,1224,1200
46 100 960,480,1224,1200
47 100 960,480,1224,1224
48 100 960,504,1224,1200
49 100 960,504,1224,1200
50 100 960,504,1224,1200
51 100 960,504,1224,1200
52 100 984,504,1224,1200
53 100 984,504,1224,1200
54 100 984,504,1224,1200
55 100 984,504,1224,1200
56 100 984,504,1224,1200
57 100 984,504,1224,1224
58 100 984,528,1224,1200
59 100 984,528,1224,1200
60 100 984,528,1224,1200
61 100 984,528,1224,1200
62 100 984,528,1224,1200
63 100 984,528,1224,1200
64 100 984,528,1224,1200
65 100 984,528,1224,1224
66 100 984,528,1224,1224
67 100 984,528,1224,1224
68 100 984,552,1224,1200
69 100 984,552,1224,1200
70 100 960,552,1224,1200
71 100 960,552,1224,1200
72 100 960,552,1224,1200
73 100 936,552,1224,1200
74 100 936,552,1224,1200
75 100 912,552,1224,1200
76 100 912,552,1224,1200
77 100 912,576,1224,1200
78 100 888,576,1224,1200
79 100 888,576,1224,1200
80 100 840,600,1224,1200
81 100 840,600,1224,1200
82 100 816,600,1224,1224
83 100 768,624,1224,1200
84 100 768,624,1224,1200
85 100 744,624,1224,1224
86 100 744,624,1224,1224
87 100 720,648,1224,1200
88 100 696,648,1224,1200
89 100 696,648,1224,1200
90 100 672,648,1224,1224
91 100 672,648,1224,1224
92 100 648,672,1224,1200
93 100 648,672,1224,1200
94 100 624,672,1224,1200
95 100 624,672,1224,1200
96 100 624,672,1224,1200
97 100 600,672,1224,1200
98 100 600,672,1224,1200
99 100 576,672,1224,1200
100 100 576,672,1224,1200
101 100 552,672,1224,1200
102 100 552,648,1224,1224
103 100 552,648,1224,1224
104 100 528,648,1224,1200
105 100 528,648,1224,1200
106 100 528,648,1224,1200
107 100 528,648,1224,1200
108 100 528,648,1224,1200
109 100 528,624,1224,1224
110 100 528,624,1224,1224
111 100 528,624,1224,1200
112 100 528,624,1224,1200
113 100 528,600,1224,1224
114 100 528,600,1224,1200
115 100 528,600,1224,1200
116 100 528,576,1224,1224
117 100 528,576,1224,1224
118 100 528,576,1224,1200
119 100 528,552,1224,1200
120 100 528,552,1224,1200
121 100 504,528,1224,1224
122 100 504,528,1224,1224
123 100 480,528,1224,1200
124 100 480,528,1224,1200
125 100 480,528,1224,1200
126 100 480,504,1224,1224
127 100 480,504,1224,1224
128 100 480,504,1224,1200
129 100 480,504,1224,1200
130 100 480,504,1224,1200
131 100 480,480,1224,1200
132 100 480,480,1224,1200
133 100 456,456,1224,1224
134 100 456,456,1224,1224
135 100 432,456,1224,1200
136 100 432,456,1224,1200
137 100 408,432,1224,1200
138 100 384,408,1224,1224
139 100 384,408,1224,1224
140 100 384,408,1224,1224
141 100 384,408,1224,1224
142 100 384,408,1224,1200
143 100 384,408,1224,1200
144 100 384,408,1224,1200
145 100 384,408,1224,1200
146 100 384,408,1224,1200
147 100 384,408,1224,1200
148 100 384,408,1224,1200
149 100 384,408,1224,1200
150 100 360,384,1224,1200
151 100 360,384,1224,1200
152 100 360,384,1224,1200
153 100 360,384,1224,1200
154 100 360,360,1224,1224
155 100 336,360,1224,1224
156 100 336,360,1224,1224
157 100 336,360,1224,1224
158 100 336,360,1224,1224
159 100 336,360,1224,1200
160 100 336,360,1224,1200
161 100 336,360,1224,1200
162 100 336,360,1224,1200
163 100 336,360,1224,1200
164 100 336,360,1224,1200
165 100 336,336,1224,1224
166 100 336,336,1224,1224
167 100 312,336,1224,1200
168 100 312,336,1224,1200
169 100 312,336,1224,1200
170 100 312,336,1224,1200
171 100 312,336,1224,1200
172 100 336,336,1224,1200
173 100 336,336,1224,1200
174 100 336,336,1224,1200
175 100 360,336,1224,1200
176 100 360,336,1224,1200
177 100 384,336,1224,1200
178 100 384,336,1224,1200
179 100 408,336,1224,1200
180 100 408,336,1224,1200
181 100 432,336,1224,1200
182 100 456,336,1224,1200
183 100 456,336,1224,1200
184 100 504,336,1224,1200
185 100 504,336,1224,1200
186 100 504,336,1224,1200
187 100 528,336,1224,1200
188 100 528,336,1224,1200
189 100 552,336,1224,1200
190 100 552,336,1224,1200
191 100 600,336,1224,1200
192 100 624,336,1224,1224
193 100 624,336,1224,1224
194 100 648,360,1224,1200
195 100 648,360,1224,1200
196 100 672,360,1224,1200
197 100 672,360,1224,1200
198 100 720,360,1224,1200
199 100 744,360,1224,1200
200 100 744,360,1224,1200
201 100 768,360,1224,1200
202 100 768,360,1224,1200
203 100 768,360,1224,1224
204 100 816,384,1224,1200
205 100 816,384,1224,1200
206 100 840,384,1224,1224
207 100 840,384,1224,1224
208 100 912,408,1224,1200
209 100 960,432,1224,1200
210 100 960,432,1224,1200
211 100 984,432,1224,1200
212 100 984,432,1224,1200
213 100 984,432,1224,1200
214 100 984,432,1224,1200
215 100 1008,432,1224,1200
216 100 1008,432,1224,1200
217 100 1008,432,1224,1200
218 100 1032,432,1224,1200
219 100 1032,432,1224,1200
220 100 1032,432,1224,1224
221 100 1032,456,1224,1200
222 100 1032,456,1224,1200
223 100 1056,456,1224,1200
224 100 1056,456,1224,1200
225 100 1056,456,1224,1200
226 100 1056,456,1224,1224
227 100 1056,456,1224,1224
228 100 1056,480,1224,1200
229 100 1056,480,1224,1200
230 100 1080,480,1224,1224
231 100 1080,504,1224,1200
232 100 1080,504,1224,1200
233 100 1104,504,1224,1200
234 100 1104,504,1224,1200
235 100 1128,504,1224,1224
236 100 1128,504,1224,1224
237 100 1128,528,1224,1200
238 100 1152,528,1224,1200
239 100 1152,528,1224,1200
240 100 1152,552,1224,1200
241 100 1152,552,1224,1200
242 100 1176,552,1224,1200
243 100 1176,552,1224,1200
244 100 1200,576,1224,1200
245 100 1224,576,1224,1200
246 100 1224,576,1224,1200
247 100 1248,576,1224,1224
248 100 1248,576,1224,1224
249 100 1248,600,1224,1200
250 100 1272,600,1224,1200
251 100 1272,600,1224,1200
252 100 1296,600,1224,1200
253 100 1296,600,1224,1200
254 100 1296,600,1224,1200
255 100 1296,600,1224,1200
256 100 1296,600,1224,1200
257 100 1320,600,1224,1200
258 100 1320,600,1224,1200
259 100 1320,600,1224,1224
260 100 1320,600,1224,1224
261 100 1320,624,1224,1200
262 100 1320,624,1224,1200
263 100 1344,624,1224,1200
264 100 1368,624,1224,1200
265 100 1368,624,1224,1200
266 100 1392,624,1224,1200
267 100 1392,624,1224,1200
268 100 1416,624,1224,1200
269 100 1440,624,1224,1200
270 100 1440,624,1224,1200
271 100 1440,624,1224,1200
272 100 1440,624,1224,1200
273 100 1464,624,1224,1200
274 100 1464,624,1224,1200
275 100 1488,624,1224,1200
276 100 1488,624,1224,1200
277 100 1488,624,1224,1200
278 100 1488,624,1224,1200
279 100 1488,624,1224,1200
280 100 1512,624,1224,1200
281 100 1512,624,1224,1200
282 100 1512,624,1224,1200
283 100 1512,600,1224,1224
284 100 1512,600,1224,1224
285 100 1512,600,1224,1224
286 100 1512,600,1224,1224
287 100 1512,600,1224,1200
288 100 1536,600,1224,1200
289 100 1536,600,1224,1200
290 100 1536,576,1224,1224
291 100 1536,576,1224,1224
292 100 1560,576,1224,1200
293 100 1560,552,1224,1224
294 100 1560,552,1224,1224
295 100 1584,528,1224,1224
296 100 1584,528,1224,1224
297 100 1584,528,1224,1200
298 100 1584,528,1224,1200
299 100 1584,504,1224,1224
300 100 1584,504,1224,1200
301 100 1584,504,1224,1200
302 100 1608,480,1224,1224
303 100 1608,480,1224,1224
304 100 1608,480,1224,1224
305 100 1608,480,1224,1224
306 100 1608,480,1224,1200
307 100 1608,480,1224,1200
308 100 1608,480,1224,1200
309 100 1584,480,1224,1200
310 100 1584,480,1224,1200
311 100 1584,456,1224,1224
312 100 1584,456,1224,1200
313 100 1584,456,1224,1200
314 100 1584,456,1224,1200
315 100 1584,456,1224,1200
316 100 1584,432,1224,1224
317 100 1584,432,1224,1224
318 100 1584,432,1224,1200
319 100 1584,432,1224,1200
320 100 1584,432,1224,1200
321 100 1584,432,1224,1200
322 100 1584,432,1224,1200
323 100 1584,432,1224,1200
324 100 1584,432,1224,1200
325 100 1584,432,1224,1200
326 100 1560,432,1224,1200
327 100 1560,432,1224,1200
328 100 1560,432,1224,1200
329 100 1560,432,1224,1200
330 100 1560,408,1224,1224
331 100 1560,408,1224,1224
332 100 1560,408,1224,1224
333 100 1560,408,1224,1200
334 100 1560,408,1224,1200
335 100 1560,408,1224,1200
336 100 1560,408,1224,1200
337 100 1560,408,1224,1200
338 100 1560,408,1224,1200
339 100 1560,408,1224,1200
340 100 1560,408,1224,1200
341 100 1560,408,1224,1200
342 100 1584,408,1224,1224
343 100 1632,432,1224,1200
344 100 1632,432,1224,1200
345 100 1680,432,1224,1224
346 100 1680,432,1224,1224
347 100 1728,456,1224,1200
348 100 1728,456,1224,1200
349 100 1752,456,1224,1200
350 100 1752,456,1224,1200
351 100 1752,456,1224,1224
352 100 1752,456,1224,1224
353 100 1776,480,1224,1200
354 100 1776,480,1224,1200
355 100 1776,480,1224,1200
356 100 1800,504,1224,1200
357 100 1800,504,1224,1200
358 100 1800,504,1224,1200
359 100 1800,504,1224,1200
360 100 1800,504,1224,1200
361 100 1800,504,1224,1224
362 100 1800,504,1224,1224
363 100 1800,528,1224,1200
364 100 1800,528,1224,1200
365 100 1800,528,1224,1200
366 100 1800,528,1224,1200
367 100 1800,528,1224,1200
368 100 1800,528,1224,1200
369 100 1800,528,1224,1200
370 100 1800,528,1224,1200
371 100 1800,552,1224,1200
372 100 1800,552,1224,1200
373 100 1776,552,1224,1200
374 100 1776,552,1224,1200
375 100 1776,552,1224,1224
376 100 1776,576,1224,1200
377 100 1776,576,1224,1200
378 100 1752,576,1224,1200
379 100 1752,576,1224,1200
380 100 1752,576,1224,1200
381 100 1752,576,1224,1200
382 100 1728,600,1224,1200
383 100 1728,600,1224,1200
384 100 1704,600,1224,1224
385 100 1704,624,1224,1200
386 100 1704,624,1224,1200
387 100 1680,648,1224,1200
388 100 1680,648,1224,1200
389 100 1680,648,1224,1200
390 100 1680,672,1224,1200
391 100 1680,672,1224,1200
392 100 1656,648,1224,1224
393 100 1656,648,1224,1224
394 100 1656,672,1224,1200
395 100 1656,672,1224,1200
396 100 1632,672,1224,1200
397 100 1632,672,1224,1224
398 100 1632,672,1224,1224
399 100 1632,672,1224,1224
400 100 1632,672,1224,1224
401 100 1632,672,1224,1224
402 100 1632,672,1224,1224
403 100 1632,672,1224,1224
404 100 1632,672,1224,1200
405 100 1632,672,1224,1200
406 100 1632,672,1224,1200
407 100 1632,672,1224,1200
408 100 1608,648,1224,1224
409 100 1632,648,1224,1200
410 100 1632,624,1224,1224
411 100 1632,624,1224,1224
412 100 1632,624,1224,1200
413 100 1632,624,1224,1200
414 100 1608,624,1224,1200
415 100 1608,624,1224,1200
416 100 1608,624,1224,1200
417 100 1608,624,1224,1200
418 100 1608,600,1224,1224
419 100 1608,600,1224,1200
420 100 1608,600,1224,1200
421 100 1608,576,1224,1224
422 100 1608,600,1224,1200
423 100 1608,600,1224,1200
424 100 1584,624,1224,1200
425 100 1584,624,1224,1200
426 100 1584,600,1224,1200
427 100 1584,600,1224,1200
428 100 1584,576,1224,1224
429 100 1584,576,1224,1224
430 100 1560,576,1224,1200
431 100 1536,576,1224,1224
432 100 1512,576,1224,1200
433 100 1512,576,1224,1200
434 100 1488,552,1224,1200
435 100 1488,552,1224,1200
436 100 1464,552,1224,1200
437 100 1464,552,1224,1200
438 100 1464,528,1224,1224
439 100 1464,528,1224,1224
440 100 1464,528,1224,1200
441 100 1440,528,1224,1200
442 100 1440,528,1224,1200
443 100 1440,504,1224,1224
444 100 1440,504,1224,1200
445 100 1440,504,1224,1200
446 100 1416,504,1224,1200
447 100 1416,504,1224,1200
448 100 1416,504,1224,1200
449 100 1416,504,1224,1200
450 100 1416,504,1224,1200
451 100 1416,504,1224,1200
452 100 1416,504,1224,1200
453 100 1392,480,1224,1224
454 100 1392,480,1224,1224
455 100 1392,480,1224,1224
456 100 1392,480,1224,1224
457 100 1392,480,1224,1224
458 100 1368,480,1224,1200
459 100 1368,480,1224,1200
460 100 1368,480,1224,1200
461 100 1368,480,1224,1200
462 100 1368,504,1224,1200
463 100 1368,504,1224,1200
464 100 1368,504,1224,1200
465 100 1320,480,1224,1200
466 100 1296,480,1224,1200
467 100 1296,480,1224,1200
468 100 1248,456,1224,1200
469 100 1248,456,1224,1200
470 100 1200,456,1224,1200
471 100 1200,456,1224,1200
472 100 1176,456,1224,1200
473 100 1176,456,1224,1200
474 100 1152,432,1224,1224
475 100 1152,432,1224,1200
476 100 1152,432,1224,1200
477 100 1128,432,1224,1200
478 100 1128,432,1224,1200
479 100 1128,432,1224,1200
480 100 1152,432,1224,1200
481 100 1152,432,1224,1200
482 100 1152,432,1224,1200
483 100 1152,432,1224,1200
484 100 1152,432,1224,1200
485 100 1152,432,1224,1200
486 100 1152,432,1224,1200
487 100 1152,432,1224,1200
488 100 1152,432,1224,1200
489 100 1152,432,1224,1200
490 100 1152,432,1224,1200
491 100 1152,432,1224,1200
492 100 1152,432,1224,1200
493 100 1152,432,1224,1200
494 100 1152,432,1224,1200
495 100 1152,432,1224,1200
496 100 1152,432,1224,1200
497 100 1152,432,1224,1200
498 100 1152,432,1224,1200
499 100 1152,432,1224,1200
500 100 1152,456,1224,1200
501 100 1152,456,1224,1200
502 100 1176,456,1224,1200
503 100 1176,456,1224,1200
504 100 1176,456,1224,1200
505 100 1176,456,1224,1200
506 100 1176,456,1224,1200
507 100 1176,456,1224,1200
508 100 1176,456,1224,1200
509 100 1176,456,1224,1200
510 100 1176,456,1224,1224
511 100 1176,456,1224,1224
512 100 1176,480,1224,1200
513 100 1176,480,1224,1200
514 100 1200,480,1224,1200
515 100 1200,480,1224,1200
516 100 1200,480,1224,1200
517 100 1200,480,1224,1200
518 100 1200,480,1224,1200
519 100 1200,480,1224,1224
520 100 1200,480,1224,1224
521 100 1200,480,1224,1224
522 100 1200,480,1224,1224
523 100 1200,480,1224,1224
524 100 1200,480,1224,1224
525 100 1200,480,1224,1224
526 100 1200,480,1224,1224
527 100 1200,480,1224,1224
528 100 1200,504,1224,1200
529 100 1224,504,1224,1200
530 100 1224,504,1224,1200
531 100 1224,504,1224,1200
532 100 1248,504,1224,1200
533 100 1248,504,1224,1200
534 100 1272,504,1224,1200
535 100 1272,504,1224,1200
536 100 1296,504,1224,1200
537 100 1296,504,1224,1200
538 100 1296,480,1224,1224
539 100 1296,480,1224,1224
540 100 1296,480,1224,1224
541 100 1296,480,1224,1224
542 100 1296,480,1224,1224
543 100 1296,480,1224,1224
544 100 1296,480,1224,1224
545 100 1296,480,1224,1224
546 100 1296,480,1224,1224
547 100 1296,480,1224,1224
548 100 1296,480,1224,1224
549 100 1296,480,1224,1224
550 100 1296,480,1224,1224
551 100 1296,480,1224,1224
552 100 1296,480,1224,1224
553 100 1296,480,1224,1224
554 100 1320,480,1224,1224
555 100 1320,504,1224,1200
556 100 1320,504,1224,1200
557 100 1320,480,1224,1224
558 100 1344,480,1224,1224
559 100 1344,480,1224,1224
560 100 1344,480,1224,1224
561 100 1344,480,1224,1224
562 100 1344,480,1224,1224
563 100 1344,480,1224,1224
564 100 1344,480,1224,1224
565 100 1344,480,1224,1224
566 100 1344,480,1224,1224
567 100 1344,480,1224,1224
568 100 1344,480,1224,1224
569 100 1344,480,1224,1224
570 100 1344,480,1224,1224
571 100 1368,480,1224,1224
572 100 1368,480,1224,1224
573 100 1368,480,1224,1224
574 100 1368,480,1224,1224
575 100 1368,480,1224,1224
576 100 1368,504,1224,1200
577 100 1392,504,1224,1200
578 100 1392,504,1224,1200
579 100 1392,504,1224,1200
580 100 1392,504,1224,1200
581 100 1416,504,1224,1200
582 100 1440,504,1224,1224
583 100 1440,504,1224,1224
584 100 1464,528,1224,1200
585 100 1464,528,1224,1200
586 100 1464,552,1224,1200
587 100 1464,552,1224,1200
588 100 1488,552,1224,1200
589 100 1512,552,1224,1224
590 100 1512,552,1224,1224
591 100 1536,576,1224,1200
592 100 1536,576,1224,1200
593 100 1536,576,1224,1200
594 100 1536,576,1224,1200
595 100 1560,576,1224,1200
596 100 1560,576,1224,1200
597 100 1560,576,1224,1200
598 100 1560,576,1224,1200
599 100 1560,576,1224,1200
600 100 1560,576,1224,1200
601 100 1560,576,1224,1200
602 100 1560,576,1224,1200
603 100 1560,576,1224,1200
604 100 1560,576,1224,1200
605 100 1560,576,1224,1200
606 100 1560,576,1224,1200
607 100 1560,552,1224,1224
608 100 1560,552,1224,1200
609 100 1560,552,1224,1200
610 100 1584,552,1224,1200
611 100 1584,552,1224,1200
612 100 1584,528,1224,1224
613 100 1584,528,1224,1224
614 100 1608,528,1224,1200
615 100 1608,528,1224,1200
616 100 1608,528,1224,1200
617 100 1632,504,1224,1224
618 100 1632,504,1224,1224
619 100 1632,504,1224,1200
620 100 1632,504,1224,1200
621 100 1632,504,1224,1200
622 100 1632,504,1224,1200
623 100 1632,504,1224,1200
624 100 1632,504,1224,1200
625 100 1632,504,1224,1200
626 100 1632,504,1224,1200
627 100 1632,504,1224,1200
628 100 1632,504,1224,1200
629 100 1632,504,1224,1200
630 100 1632,504,1224,1200
631 100 1632,504,1224,1200
632 100 1632,504,1224,1200
633 100 1632,480,1224,1224
634 100 1632,480,1224,1224
635 100 1632,480,1224,1224
636 100 1608,480,1224,1200
637 100 1608,480,1224,1200
638 100 1608,480,1224,1200
639 100 1584,480,1224,1200
640 100 1584,480,1224,1200
641 100 1560,480,1224,1200
642 100 1560,480,1224,1200
643 100 1560,456,1224,1224
644 100 1536,456,1224,1200
645 100 1536,456,1224,1200
646 100 1536,456,1224,1200
647 100 1536,456,1224,1200
648 100 1536,456,1224,1200
649 100 1512,456,1224,1200
650 100 1512,456,1224,1200
651 100 1512,456,1224,1200
652 100 1512,456,1224,1200
653 100 1512,456,1224,1200
654 100 1512,456,1224,1200
655 100 1512,456,1224,1200
656 100 1488,456,1224,1200
657 100 1488,456,1224,1200
658 100 1488,456,1224,1200
659 100 1488,456,1224,1200
660 100 1464,456,1224,1200
661 100 1440,456,1224,1200
662 100 1440,456,1224,1200
663 100 1416,456,1224,1200
664 100 1416,456,1224,1200
665 100 1416,456,1224,1200
666 100 1392,456,1224,1224
667 100 1392,456,1224,1224
668 100 1392,456,1224,1224
669 100 1392,456,1224,1224
670 100 1368,480,1224,1200
671 100 1368,480,1224,1200
672 100 1368,480,1224,1200
673 100 1368,480,1224,1200
674 100 1368,480,1224,1200
675 100 1344,480,1224,1200
676 100 1344,480,1224,1200
677 100 1344,480,1224,1200
678 100 1344,480,1224,1200
679 100 1344,480,1224,1200
680 100 1320,480,1224,1200
681 100 1320,480,1224,1200
682 100 1320,480,1224,1200
683 100 1320,480,1224,1200
684 100 1320,480,1224,1200
685 100 1320,480,1224,1200
686 100 1296,480,1224,1200
687 100 1296,480,1224,1200
688 100 1296,480,1224,1224
689 100 1296,480,1224,1224
690 100 1272,480,1224,1224
691 100 1272,480,1224,1224
692 100 1272,480,1224,1224
693 100 1248,504,1224,1200
694 100 1248,504,1224,1200
695 100 1248,504,1224,1200
696 100 1248,504,1224,1200
697 100 1224,504,1224,1224
698 100 1200,528,1224,1200
699 100 1200,528,1224,1200
700 100 1176,528,1224,1200
701 100 1176,528,1224,1200
702 100 1176,528,1224,1200
703 100 1152,528,1224,1200
704 100 1152,528,1224,1200
705 100 1152,528,1224,1200
706 100 1152,528,1224,1200
707 100 1152,528,1224,1224
708 100 1128,528,1224,1224
709 100 1128,528,1224,1224
710 100 1128,552,1224,1200
711 100 1128,552,1224,1200
712 100 1128,552,1224,1200
713 100 1128,552,1224,1200
714 100 1128,552,1224,1200
715 100 1104,552,1224,1200
716 100 1104,552,1224,1200
717 100 1104,552,1224,1200
718 100 1104,552,1224,1200
719 100 1104,552,1224,1200
720 100 1104,552,1224,1200
721 100 1104,552,1224,1200
722 100 1080,552,1224,1200
723 100 1080,552,1224,1200
724 100 1080,552,1224,1200
725 100 1080,552,1224,1224
726 100 1080,552,1224,1224
727 100 1056,552,1224,1224
728 100 1056,552,1224,1224
729 100 1056,552,1224,1224
730 100 1056,552,1224,1224
731 100 1056,552,1224,1224
732 100 1056,552,1224,1224
733 100 1056,552,1224,1224
734 100 1032,552,1224,1224
735 100 1008,552,1224,1224
736 100 1008,552,1224,1224
737 100 1008,552,1224,1224
738 100 1008,552,1224,1224
739 100 984,552,1224,1224
740 100 960,552,1224,1200
741 100 960,552,1224,1200
742 100 960,552,1224,1200
743 100 960,552,1224,1200
744 100 936,552,1224,1224
745 100 936,552,1224,1224
746 100 936,552,1224,1224
747 100 936,552,1224,1224
748 100 936,552,1224,1224
749 100 936,552,1224,1224
750 100 936,552,1224,1224
751 100 912,552,1224,1224
752 100 912,552,1224,1224
753 100 912,552,1224,1224
754 100 912,576,1224,1200
755 100 912,576,1224,1200
756 100 888,576,1224,1200
757 100 888,576,1224,1200
758 100 888,576,1224,1200
759 100 888,576,1224,1200
760 100 888,576,1224,1200
761 100 888,552,1224,1224
762 100 888,552,1224,1224
763 100 888,552,1224,1224
764 100 864,552,1224,1200
765 100 864,552,1224,1200
766 100 864,552,1224,1200
767 100 864,552,1224,1200
768 100 840,552,1224,1200
769 100 840,528,1224,1200
770 100 840,528,1224,1200
771 100 816,528,1224,1200
772 100 816,528,1224,1200
773 100 816,504,1224,1224
774 100 816,504,1224,1224
775 100 816,504,1224,1224
776 100 816,504,1224,1224
777 100 816,504,1224,1224
778 100 816,504,1224,1200
779 100 816,504,1224,1200
780 100 816,504,1224,1200
781 100 816,504,1224,1224
782 100 816,504,1224,1224
783 100 816,504,1224,1200
784 100 816,504,1224,1200
785 100 816,504,1224,1200
786 100 816,504,1224,1200
787 100 792,504,1224,1200
788 100 792,504,1224,1200
789 100 792,504,1224,1200
790 100 792,504,1224,1200
791 100 792,504,1224,1200
792 100 768,504,1224,1200
793 100 768,504,1224,1200
794 100 768,504,1224,1200
795 100 744,504,1224,1200
796 100 744,504,1224,1200
797 100 744,504,1224,1200
798 100 744,504,1224,1200
799 100 744,504,1224,1200
800 100 720,504,1224,1200
801 100 720,504,1224,1200
802 100 720,504,1224,1200
803 100 720,504,1224,1200
804 100 696,504,1224,1200
805 100 672,504,1224,1200
806 100 672,504,1224,1200
807 100 648,480,1224,1224
808 100 648,480,1224,1224
809 100 648,480,1224,1224
810 100 648,480,1224,1224
811 100 648,504,1224,1200
812 100 648,504,1224,1200
813 100 648,504,1224,1200
814 100 648,480,1224,1224
815 100 648,480,1224,1224
816 100 648,480,1224,1224
817 100 624,480,1224,1200
818 100 624,480,1224,1200
819 100 624,480,1224,1200
820 100 624,480,1224,1200
821 100 624,480,1224,1200
822 100 624,480,1224,1200
823 100 624,480,1224,1224
824 100 600,480,1224,1224
825 100 600,480,1224,1224
826 100 600,480,1224,1224
827 100 600,480,1224,1224
828 100 600,480,1224,1224
829 100 576,504,1224,1200
830 100 576,504,1224,1200
831 100 576,504,1224,1200
832 100 576,504,1224,1200
833 100 576,504,1224,1200
834 100 576,504,1224,1200
835 100 576,504,1224,1200
836 100 576,504,1224,1200
837 100 576,504,1224,1200
838 100 576,504,1224,1200
839 100 576,504,1224,1200
840 100 552,504,1224,1200
841 100 576,504,1224,1200
842 100 576,504,1224,1200
843 100 576,504,1224,1200
844 100 576,504,1224,1200
845 100 576,504,1224,1200
846 100 576,504,1224,1200
847 100 576,504,1224,1200
848 100 576,504,1224,1200
849 100 576,504,1224,1200
850 100 576,480,1224,1224
851 100 576,480,1224,1224
852 100 552,480,1224,1200
853 100 552,480,1224,1200
854 100 552,480,1224,1200
855 100 552,480,1224,1200
856 100 552,480,1224,1200
857 100 552,480,1224,1200
858 100 552,480,1224,1224
859 100 552,480,1224,1224
860 100 576,504,1224,1200
861 100 576,504,1224,1200
862 100 552,504,1224,1200
863 100 552,504,1224,1200
864 100 552,504,1224,1200
865 100 528,504,1224,1200
866 100 528,504,1224,1200
867 100 528,504,1224,1200
868 100 528,504,1224,1200
869 100 504,504,1224,1200
870 100 480,504,1224,1224
871 100 480,504,1224,1224
872 100 480,504,1224,1200
873 100 480,504,1224,1200
874 100 480,504,1224,1224
875 100 456,504,1224,1224
876 100 456,528,1224,1200
877 100 456,528,1224,1200
878 100 456,528,1224,1200
879 100 456,528,1224,1200
880 100 456,528,1224,1200
881 100 432,528,1224,1200
882 100 432,528,1224,1224
883 100 432,528,1224,1224
884 100 432,528,1224,1224
885 100 432,528,1224,1224
886 100 432,552,1224,1200
887 100 432,552,1224,1200
888 100 432,552,1224,1200
889 100 432,528,1224,1224
890 100 432,528,1224,1224
891 100 432,528,1224,1224
892 100 408,528,1224,1224
893 100 408,528,1224,1224
894 100 408,528,1224,1224
895 100 408,528,1224,1224
896 100 384,528,1224,1224
897 100 384,528,1224,1224
898 100 384,528,1224,1224
899 100 360,552,1224,1200
900 100 360,552,1224,1200
901 100 360,552,1224,1200
902 100 336,552,1224,1200
903 100 336,552,1224,1200
904 100 336,552,1224,1200
905 100 312,552,1224,1200
906 100 312,552,1224,1200
907 100 288,552,1224,1200
908 100 264,552,1224,1200
909 100 264,552,1224,1200
910 100 264,552,1224,1200
911 100 264,552,1224,1200
912 100 264,552,1224,1200
913 100 264,552,1224,1200
914 100 264,552,1224,1200
915 100 264,552,1224,1200
916 100 264,552,1224,1200
917 100 264,552,1224,1200
918 100 264,552,1224,1200
919 100 264,552,1224,1200
920 100 264,552,1224,1200
921 100 264,552,1224,1200
922 100 264,552,1224,1200
923 100 240,552,1224,1200
924 100 240,552,1224,1200
925 100 240,552,1224,1200
926 100 240,528,1224,1224
927 100 240,528,1224,1224
928 100 240,528,1224,1224
929 100 240,528,1224,1224
930 100 216,528,1224,1224
931 100 192,528,1224,1224
932 100 192,528,1224,1224
933 100 192,528,1224,1224
934 100 192,528,1224,1224
935 100 192,528,1224,1224
936 100 192,528,1224,1224
937 100 168,528,1224,1224
938 100 168,528,1224,1224
939 100 168,528,1224,1200
940 100 144,528,1224,1200
941 100 144,528,1224,1200
942 100 144,528,1224,1224
943 100 120,528,1224,1224
944 100 120,528,1224,1224
945 100 120,528,1224,1224
946 100 120,528,1224,1224
947 100 96,528,1224,1224
948 100 96,528,1224,1224
949 100 96,528,1224,1224
950 100 96,528,1224,1224
951 100 72,528,1224,1200
952 100 72,528,1224,1200
953 100 48,528,1224,1200
954 100 48,528,1224,1200
955 100 72,504,1224,1200
956 100 72,504,1224,1200
957 100 72,504,1224,1200
958 100 72,504,1224,1200
959 100 72,504,1224,1200
960 100 72,504,1224,1200
961 100 72,504,1224,1200
962 100 48,504,1224,1200
963 100 48,504,1224,1200
964 100 48,504,1224,1200
965 100 48,504,1224,1200
966 100 48,504,1224,1200
967 100 48,504,1224,1200
968 100 48,504,1224,1200
969 100 48,504,1224,1200
970 100 48,504,1224,1200
971 100 24,480,1224,1224
972 100 24,480,1224,1224
973 100 24,480,1224,1224
974 100 24,480,1224,1224
975 100 24,480,1224,1224
976 100 24,480,1224,1224
977 100 24,480,1224,1224
978 100 24,480,1224,1224
979 100 24,480,1224,1224
980 100 24,480,1224,1224
981 100 0,480,1224,1200
982 100 0,480,1224,1200
983 100 0,480,1224,1200
984 100 0,480,1224,1200
985 100 0,480,1224,1224
986 100 0,480,1224,1224
987 100 0,480,1224,1224
988 100 0,480,1224,1224
989 100 0,480,1224,1224
990 100 0,480,1224,1224
991 100 0,480,1224,1224
992 100 0,480,1224,1224
993 100 0,480,1224,1224
994 100 0,480,1224,1224
995 100 0,480,1224,1224
996 100 0,480,1224,1224
997 100 0,480,1224,1224
998 100 0,480,1224,1224
999 100 0,480,1224,1224
1000 100 0,480,1224,1224
1001 100 0,480,1224,1224
1002 100 0,480,1224,1224
1003 100 0,480,1224,1224
1004 100 0,480,1224,1224
1005 100 0,480,1224,1224
1006 100 0,480,1224,1224
1007 100 0,480,1224,1224
1008 100 0,480,1224,1224
1009 100 0,480,1224,1224
1010 100 0,480,1224,1224
1011 100 24,480,1224,1224
1012 100 24,480,1224,1224
1013 100 24,480,1224,1224
1014 100 24,480,1224,1224
1015 100 24,480,1224,1224
1016 100 24,480,1224,1224
1017 100 24,480,1224,1224
1018 100 24,480,1224,1224
1019 100 24,480,1224,1224
1020 100 24,480,1224,1224
1021 100 24,480,1224,1224
1022 100 24,480,1224,1224
1023 100 24,480,1224,1224
1024 100 24,480,1224,1224
1025 100 24,480,1224,1224
1026 100 24,480,1224,1224
1027 100 24,480,1224,1224
1028 100 24,480,1224,1224
1029 100 24,480,1224,1224
1030 100 24,480,1224,1224
1031 100 24,480,1224,1224
1032 100 24,480,1224,1224
1033 100 24,480,1224,1224
1034 100 24,480,1224,1224
1035 100 24,480,1224,1224
1036 100 24,480,1224,1224
1037 100 24,480,1224,1224
1038 100 24,480,1224,1224
1039 100 24,480,1224,1224
1040 100 24,480,1224,1224
1041 100 24,480,1224,1224
1042 100 24,480,1224,1224
1043 100 24,480,1224,1224
1044 100 24,480,1224,1224
1045 100 24,480,1224,1224
1046 100 24,480,1224,1224
1047 100 24,480,1224,1224
1048 100 24,480,1224,1224
1049 100 24,480,1224,1224
1050 100 24,480,1224,1224
1051 100 24,480,1224,1224
1052 100 24,480,1224,1224
1053 100 24,480,1224,1224
1054 100 24,480,1224,1224
1055 100 24,480,1224,1224
1056 100 24,480,1224,1224
1057 100 24,480,1224,1224
1058 100 24,480,1224,1224
1059 100 24,480,1224,1224
1060 100 24,480,1224,1224
1061 100 24,480,1224,1224
1062 100 24,480,1224,1224
1063 100 24,480,1224,1224
1064 100 24,480,1224,1224
1065 100 24,480,1224,1224
1066 100 24,480,1224,1224
1067 100 24,480,1224,1224
1068 100 24,480,1224,1224
1069 100 24,480,1224,1224
1070 100 24,480,1224,1224
1071 100 24,480,1224,1224
1072 100 24,480,1224,1224
1073 100 24,480,1224,1224
1074 100 24,480,1224,1224
1075 100 24,480,1224,1224
1076 100 24,504,1224,1200
1077 100 24,504,1224,1200
1078 100 24,504,1224,1200
1079 100 24,504,1224,1200
1080 100 48,504,1224,1200
1081 100 48,504,1224,1200
1082 100 48,504,1224,1200
1083 100 48,504,1224,1200
1084 100 72,504,1224,1200
1085 100 96,504,1224,1200
1086 100 96,504,1224,1200
1087 100 120,504,1224,1200
1088 100 144,504,1224,1200
1089 100 144,504,1224,1200
1090 100 144,504,1224,1200
1091 100 144,504,1224,1200
1092 100 168,504,1224,1200
1093 100 168,504,1224,1200
1094 100 168,504,1224,1200
1095 100 168,504,1224,1200
1096 100 192,504,1224,1200
1097 100 192,504,1224,1200
1098 100 192,504,1224,1200
1099 100 216,504,1224,1200
1100 100 216,504,1224,1200
1101 100 216,504,1224,1200
1102 100 216,504,1224,1200
1103 100 216,504,1224,1200
1104 100 216,504,1224,1200
1105 100 216,504,1224,1200
1106 100 240,504,1224,1224
1107 100 240,504,1224,1224
1108 100 240,528,1224,1200
1109 100 240,528,1224,1200
1110 100 264,504,1224,1224
1111 100 264,504,1224,1224
1112 100 264,504,1224,1224
1113 100 288,504,1224,1224
1114 100 288,504,1224,1224
1115 100 312,504,1224,1224
1116 100 312,504,1224,1224
1117 100 312,528,1224,1200
1118 100 360,504,1224,1224
1119 100 360,504,1224,1224
1120 100 384,504,1224,1224
1121 100 408,504,1224,1224
1122 100 408,504,1224,1224
1123 100 408,504,1224,1224
1124 100 432,504,1224,1224
1125 100 456,504,1224,1200
1126 100 456,504,1224,1200
1127 100 480,504,1224,1200
1128 100 480,504,1224,1200
1129 100 480,504,1224,1200
1130 100 480,504,1224,1200
1131 100 480,504,1224,1200
1132 100 480,504,1224,1200
1133 100 480,504,1224,1200
1134 100 480,504,1224,1200
1135 100 480,504,1224,1200
1136 100 480,504,1224,1200
1137 100 480,504,1224,1224
1138 100 480,504,1224,1224
1139 100 480,504,1224,1224
1140 100 480,504,1224,1224
1141 100 480,528,1224,1200
1142 100 480,528,1224,1200
1143 100 480,504,1224,1224
1144 100 480,504,1224,1224
1145 100 480,504,1224,1224
1146 100 480,504,1224,1224
1147 100 480,504,1224,1224
1148 100 480,504,1224,1224
1149 100 480,504,1224,1224
1150 100 480,504,1224,1224
1151 100 504,504,1224,1224
1152 100 504,504,1224,1224
1153 100 504,504,1224,1224
1154 100 504,504,1224,1224
1155 100 504,504,1224,1224
1156 100 480,504,1224,1224
1157 100 480,504,1224,1224
1158 100 504,504,1224,1224
1159 100 504,504,1224,1224
1160 100 504,504,1224,1224
1161 100 504,504,1224,1224
1162 100 504,504,1224,1224
1163 100 504,504,1224,1200
1164 100 504,504,1224,1200
1165 100 504,504,1224,1200
1166 100 480,504,1224,1200
1167 100 480,504,1224,1200
1168 100 480,504,1224,1200
1169 100 480,504,1224,1200
1170 100 480,504,1224,1200
1171 100 504,504,1224,1200
1172 100 504,504,1224,1200
1173 100 480,504,1224,1200
1174 100 480,504,1224,1200
1175 100 480,504,1224,1200
1176 100 480,504,1224,1200
1177 100 480,504,1224,1200
1178 100 480,504,1224,1200
1179 100 480,504,1224,1200
1180 100 480,504,1224,1200
1181 100 480,504,1224,1200
1182 100 480,504,1224,1200
1183 100 480,504,1224,1200
1184 100 480,504,1224,1200
1185 100 480,504,1224,1200
1186 100 480,504,1224,1200
1187 100 480,504,1224,1200
1188 100 480,504,1224,1200
1189 100 480,504,1224,1200
1190 100 480,504,1224,1200
1191 100 480,504,1224,1200
1192 100 480,504,1224,1200
1193 100 480,504,1224,1200
1194 100 480,504,1224,1200
1195 100 480,504,1224,1200
1196 100 480,504,1224,1200
1197 100 480,504,1224,1200
1198 100 480,504,1224,1200
1199 100 480,504,1224,1200
1200 100 480,504,1224,1200
1201 100 480,504,1224,1200
1202 100 480,504,1224,1200
1203 100 480,504,1224,1200
1204 100 480,504,1224,1200
1205 100 480,504,1224,1200
1206 100 480,504,1224,1200
1207 100 480,504,1224,1200
1208 100 480,504,1224,1200
1209 100 480,504,1224,1200
1210 100 480,504,1224,1200
1211 100 480,504,1224,1200
1212 100 480,504,1224,1200
1213 100 480,504,1224,1200
1214 100 480,504,1224,1200
1215 100 480,504,1224,1200
1216 100 480,504,1224,1200
1217 100 480,504,1224,1200
1218 100 480,504,1224,1200
1219 100 480,504,1224,1200
1220 100 480,504,1224,1200
1221 100 480,504,1224,1200
1222 100 480,504,1224,1200
1223 100 480,504,1224,1200
1224 100 480,504,1224,1200
1225 100 480,504,1224,1200
1226 100 480,504,1224,1200
1227 100 480,504,1224,1200
1228 100 480,504,1224,1200
1229 100 504,504,1224,1200
1230 100 504,504,1224,1200
1231 100 504,504,1224,1200
1232 100 504,504,1224,1200
1233 100 504,504,1224,1200
1234 100 504,504,1224,1200
1235 100 504,504,1224,1224
1236 100 504,504,1224,1224
1237 100 504,504,1224,1224
1238 100 504,528,1224,1200
1239 100 504,528,1224,1200
1240 100 504,552,1224,1200
1241 100 504,552,1224,1200
1242 100 504,552,1224,1224
1243 100 504,552,1224,1224
1244 100 504,576,1224,1200
1245 100 504,576,1224,1200
1246 100 504,576,1224,1224
1247 100 504,600,1224,1200
1248 100 504,600,1224,1200
1249 100 504,624,1224,1200
1250 100 504,624,1224,1200
1251 100 504,624,1224,1200
1252 100 504,648,1224,1200
1253 100 504,648,1224,1200
1254 100 504,648,1224,1200
1255 100 504,648,1224,1200
1256 100 504,672,1224,1200
1257 100 504,672,1224,1224
1258 100 504,672,1224,1224
1259 100 504,696,1224,1200
1260 100 504,696,1224,1200
1261 100 480,720,1224,1200
1262 100 480,720,1224,1200
1263 100 480,744,1224,1200
1264 100 480,768,1224,1200
1265 100 480,768,1224,1200
1266 100 480,768,1224,1200
1267 100 480,768,1224,1200
1268 100 480,768,1224,1200
1269 100 480,768,1224,1224
1270 100 480,768,1224,1224
1271 100 480,792,1224,1200
1272 100 480,792,1224,1200
1273 100 480,792,1224,1200
1274 100 456,792,1224,1224
1275 100 456,792,1224,1224
1276 100 456,816,1224,1200
1277 100 456,816,1224,1200
1278 100 456,816,1224,1200
1279 100 456,816,1224,1200
1280 100 456,840,1224,1200
1281 100 432,840,1224,1224
1282 100 432,840,1224,1224
1283 100 432,864,1224,1224
1284 100 432,864,1224,1224
1285 100 432,888,1224,1200
1286 100 432,888,1224,1200
1287 100 432,888,1224,1224
1288 100 432,888,1224,1224
1289 100 432,888,1224,1224
1290 100 432,888,1224,1224
1291 100 432,888,1224,1224
1292 100 432,912,1224,1200
1293 100 432,912,1224,1200
1294 100 432,912,1224,1200
1295 100 408,912,1224,1200
1296 100 408,912,1224,1200
1297 100 408,912,1224,1224
1298 100 408,912,1224,1224
1299 100 408,936,1224,1200
1300 100 408,936,1224,1200
1301 100 408,936,1224,1224
1302 100 432,960,1224,1200
1303 100 432,960,1224,1200
1304 100 432,960,1224,1200
1305 100 432,960,1224,1200
1306 100 432,960,1224,1200
1307 100 432,960,1224,1200
1308 100 432,984,1224,1176
1309 100 432,984,1224,1176
1310 100 432,984,1224,1176
1311 100 288,984,1224,1176
1312 100 288,984,1224,1176
1313 100 96,1008,1224,1152
1314 100 24,1008,1224,1152
1315 100 24,1008,1224,1152
1316 100 0,1008,1224,1152
1317 100 0,1008,1224,1152
1318 100 840,1008,1224,1152
1319 100 840,1008,1224,1152
1320 100 432,1008,1224,1152
1321 100 0,1008,1224,1152
1322 100 0,1008,1224,1152
1323 100 0,1032,1224,1128
1324 100 0,1032,1224,1128
1325 100 0,1032,1224,1128
1326 100 0,1032,1224,1128
1327 100 0,1032,1224,1128
1328 100 0,1032,1224,1128
1329 100 0,1032,1224,1128
1330 100 0,1008,1224,1152
1331 100 0,1008,1224,1152
1332 100 0,1008,1224,1152
1333 100 0,1008,1224,1152
1334 100 0,1008,1224,1152
1335 100 312,1008,1224,1152
1336 100 312,1008,1224,1152
1337 100 72,1008,1224,1152
1338 100 240,1008,1224,1152
1339 100 240,1008,1224,1152
1340 100 384,984,1224,1176
1341 100 384,984,1224,1176
1342 100 552,984,1224,1176
1343 100 552,984,1224,1176
1344 100 552,984,1224,1176
1345 100 576,984,1224,1176
1346 100 576,984,1224,1176
1347 100 576,960,1224,1200
1348 100 576,960,1224,1200
1349 100 600,960,1224,1200
1350 100 600,960,1224,1200
1351 100 600,960,1224,1200
1352 100 624,936,1224,1224
1353 100 624,936,1224,1224
1354 100 648,936,1224,1200
1355 100 648,912,1224,1200
1356 100 672,912,1224,1200
1357 100 672,888,1224,1224
1358 100 672,888,1224,1224
1359 100 696,888,1224,1200
1360 100 696,888,1224,1200
1361 100 696,888,1224,1200
1362 100 696,864,1224,1200
1363 100 696,864,1224,1200
1364 100 720,864,1224,1200
1365 100 720,864,1224,1200
1366 100 744,840,1224,1200
1367 100 744,816,1224,1224
1368 100 744,816,1224,1224
1369 100 768,816,1224,1200
1370 100 768,816,1224,1200
1371 100 792,792,1224,1200
1372 100 792,792,1224,1200
1373 100 792,792,1224,1200
1374 100 792,768,1224,1224
1375 100 792,768,1224,1224
1376 100 792,768,1224,1224
1377 100 792,768,1224,1224
1378 100 792,768,1224,1200
1379 100 792,768,1224,1200
1380 100 792,768,1224,1200
1381 100 792,744,1224,1224
1382 100 792,744,1224,1224
1383 100 792,744,1224,1200
1384 100 792,744,1224,1200
1385 100 816,744,1224,1200
1386 100 816,720,1224,1200
1387 100 816,720,1224,1200
1388 100 840,696,1224,1224
1389 100 840,696,1224,1224
1390 100 840,696,1224,1200
1391 100 840,672,1224,1224
1392 100 840,672,1224,1224
1393 100 840,672,1224,1200
1394 100 840,672,1224,1200
1395 100 840,648,1224,1200
1396 100 840,624,1224,1224
1397 100 840,624,1224,1224
1398 100 864,624,1224,1200
1399 100 864,624,1224,1200
1400 100 888,600,1224,1200
1401 100 888,576,1224,1200
1402 100 888,576,1224,1200
1403 100 888,552,1224,1224
1404 100 888,552,1224,1224
1405 100 888,528,1224,1224
1406 100 888,528,1224,1224
1407 100 912,528,1224,1200
1408 100 912,504,1224,1200
1409 100 912,504,1224,1200
1410 100 888,504,1224,1200
1411 100 888,504,1224,1200
1412 100 888,480,1224,1224
1413 100 888,480,1224,1200
1414 100 888,480,1224,1200
1415 100 888,480,1224,1200
1416 100 888,480,1224,1200
1417 100 864,480,1224,1200
1418 100 864,456,1224,1224
1419 100 864,456,1224,1224
1420 100 864,456,1224,1200
1421 100 864,456,1224,1200
1422 100 864,456,1224,1200
1423 100 840,456,1224,1200
1424 100 840,456,1224,1200
1425 100 840,432,1224,1200
1426 100 840,432,1224,1200
1427 100 816,432,1224,1200
1428 100 816,432,1224,1200
1429 100 816,432,1224,1200
1430 100 816,432,1224,1200
1431 100 816,432,1224,1200
1432 100 816,432,1224,1224
1433 100 816,432,1224,1224
1434 100 792,432,1224,1200
1435 100 768,432,1224,1200
1436 100 768,432,1224,1200
1437 100 768,432,1224,1200
1438 100 768,432,1224,1200
1439 100 744,408,1224,1224
1440 100 720,408,1224,1200
1441 100 720,408,1224,1200
1442 100 720,408,1224,1200
1443 100 720,408,1224,1200
1444 100 720,408,1224,1224
1445 100 696,408,1224,1224
1446 100 696,408,1224,1224
1447 100 696,408,1224,1200
1448 100 696,408,1224,1200
1449 100 696,432,1224,1200
1450 100 696,432,1224,1200
1451 100 696,432,1224,1200
1452 100 696,432,1224,1200
1453 100 696,432,1224,1200
1454 100 696,432,1224,1200
1455 100 696,432,1224,1200
1456 100 696,432,1224,1200
1457 100 696,432,1224,1200
1458 100 696,432,1224,1200
1459 100 696,432,1224,1200
1460 100 696,432,1224,1200
1461 100 696,432,1224,1200
1462 100 696,432,1224,1200
1463 100 696,432,1224,1200
1464 100 696,432,1224,1200
1465 100 696,432,1224,1200
1466 100 696,432,1224,1200
1467 100 696,432,1224,1200
1468 100 696,432,1224,1200
1469 100 696,432,1224,1200
1470 100 672,432,1224,1200
1471 100 672,432,1224,1200
1472 100 672,432,1224,1200
1473 100 672,432,1224,1200
1474 100 672,432,1224,1200
1475 100 672,432,1224,1200
1476 100 672,432,1224,1200
1477 100 672,432,1224,1200
1478 100 672,432,1224,1200
1479 100 672,432,1224,1200
1480 100 672,432,1224,1200
1481 100 672,408,1224,1224
1482 100 672,408,1224,1224
1483 100 672,408,1224,1224
1484 100 672,408,1224,1224
1485 100 672,408,1224,1224
1486 100 648,408,1224,1200
1487 100 648,408,1224,1200
1488 100 648,408,1224,1200
1489 100 648,408,1224,1224
1490 100 648,408,1224,1224
1491 100 648,408,1224,1224
1492 100 648,408,1224,1224
1493 100 648,408,1224,1224
1494 100 648,408,1224,1224
1495 100 648,408,1224,1224
1496 100 648,408,1224,1224
1497 100 648,408,1224,1224
1498 100 648,408,1224,1224
1499 100 648,408,1224,1224
1500 100 648,408,1224,1224
1501 100 648,408,1224,1224
1502 100 648,408,1224,1224
1503 100 648,408,1224,1224
1504 100 648,408,1224,1200
1505 100 648,408,1224,1200
1506 100 648,408,1224,1200
1507 100 648,408,1224,1200
1508 100 648,408,1224,1224
1509 100 648,408,1224,1224
1510 100 648,408,1224,1224
1511 100 648,408,1224,1224
1512 100 648,408,1224,1224
1513 100 648,408,1224,1224
1514 100 648,432,1224,1200
1515 100 648,432,1224,1200
1516 100 648,432,1224,1200
1517 100 648,432,1224,1200
1518 100 624,432,1224,1200
1519 100 624,432,1224,1200
1520 100 624,432,1224,1200
1521 100 624,432,1224,1200
1522 100 624,432,1224,1200
1523 100 624,432,1224,1200
1524 100 624,432,1224,1200
1525 100 624,432,1224,1200
1526 100 624,432,1224,1200
1527 100 624,432,1224,1200
1528 100 624,432,1224,1200
1529 100 624,432,1224,1200
1530 100 624,432,1224,1200
1531 100 624,432,1224,1200
1532 100 624,432,1224,1200
1533 100 624,432,1224,1200
1534 100 624,432,1224,1200
1535 100 624,432,1224,1200
1536 100 624,432,1224,1200
1537 100 624,432,1224,1200
1538 100 624,432,1224,1200
1539 100 624,432,1224,1200
1540 100 624,432,1224,1200
1541 100 624,432,1224,1200
1542 100 624,432,1224,1200
1543 100 624,432,1224,1200
1544 100 624,432,1224,1200
1545 100 624,432,1224,1200
1546 100 624,432,1224,1200
1547 100 624,432,1224,1200
1548 100 624,432,1224,1200
1549 100 624,432,1224,1200
1550 100 624,432,1224,1200
1551 100 624,432,1224,1200
1552 100 624,432,1224,1200
1553 100 624,432,1224,1200
1554 100 624,432,1224,1200
1555 100 624,432,1224,1200
1556 100 624,432,1224,1200
1557 100 624,432,1224,1200
1558 100 624,432,1224,1200
1559 100 624,432,1224,1200
1560 100 624,432,1224,1200
1561 100 624,432,1224,1200
1562 100 624,432,1224,1200
1563 100 624,432,1224,1200
1564 100 624,432,1224,1200
1565 100 624,432,1224,1200
1566 100 624,432,1224,1200
1567 100 624,432,1224,1200
1568 100 624,432,1224,1200
1569 100 624,432,1224,1200
1570 100 624,432,1224,1200
1571 100 624,432,1224,1200
1572 100 624,432,1224,1200
1573 100 624,432,1224,1200
1574 100 624,432,1224,1200
1575 100 624,432,1224,1200
1576 100 624,432,1224,1200
1577 100 624,432,1224,1200
1578 100 624,432,1224,1200
1579 100 624,432,1224,1200
1580 100 624,432,1224,1200
1581 100 624,432,1224,1200
1582 100 624,432,1224,1200
1583 100 624,432,1224,1200
1584 100 624,432,1224,1200
1585 100 624,432,1224,1200
1586 100 624,432,1224,1200
1587 100 624,432,1224,1200
1588 100 624,432,1224,1200
1589 100 624,432,1224,1200
1590 100 624,432,1224,1200
1591 100 624,432,1224,1200
1592 100 624,432,1224,1200
1593 100 624,432,1224,1200
1594 100 624,432,1224,1200
1595 100 624,432,1224,1200
1596 100 624,432,1224,1200
1597 100 624,432,1224,1200
1598 100 624,432,1224,1200
1599 100 624,432,1224,1200
1600 100 624,432,1224,1200
1601 100 624,432,1224,1200
1602 100 624,432,1224,1200
1603 100 624,432,1224,1200
1604 100 624,432,1224,1200
1605 100 624,432,1224,1200
1606 100 624,432,1224,1200
1607 100 624,432,1224,1200
1608 100 624,432,1224,1200
1609 100 624,432,1224,1200
1610 100 624,432,1224,1200
1611 100 624,432,1224,1200
1612 100 624,432,1224,1200
1613 100 624,432,1224,1200
1614 100 624,432,1224,1200
1615 100 624,432,1224,1200
1616 100 600,432,1224,1200
1617 100 600,432,1224,1200
1618 100 600,432,1224,1200
1619 100 600,432,1224,1200
1620 100 600,432,1224,1200
1621 100 600,432,1224,1200
1622 100 600,432,1224,1200
1623 100 624,432,1224,1200
1624 100 624,432,1224,1200
1625 100 624,432,1224,1200
1626 100 600,432,1224,1200
1627 100 600,432,1224,1200
1628 100 600,432,1224,1200
1629 100 600,432,1224,1200
1630 100 600,432,1224,1200
1631 100 600,432,1224,1200
1632 100 600,432,1224,1200
1633 100 600,432,1224,1200
1634 100 600,432,1224,1200
1635 100 600,432,1224,1200
1636 100 600,432,1224,1200
1637 100 600,432,1224,1200
1638 100 624,432,1224,1200
1639 100 624,432,1224,1200
1640 100 624,432,1224,1200
1641 100 624,432,1224,1200
1642 100 624,432,1224,1200
1643 100 624,432,1224,1200
1644 100 624,432,1224,1200
1645 100 624,432,1224,1200
1646 100 624,432,1224,1200
1647 100 624,432,1224,1200
1648 100 624,432,1224,1200
1649 100 600,432,1224,1200
1650 100 600,432,1224,1200
1651 100 600,432,1224,1200
1652 100 600,432,1224,1200
1653 100 600,432,1224,1200
1654 100 600,432,1224,1200
1655 100 600,432,1224,1200
1656 100 600,432,1224,1200
1657 100 600,432,1224,1200
1658 100 600,432,1224,1200
1659 100 600,432,1224,1200
1660 100 600,432,1224,1200
1661 100 600,432,1224,1200
1662 100 600,432,1224,1200
1663 100 600,432,1224,1200
1664 100 600,432,1224,1200
1665 100 600,432,1224,1200
1666 100 600,432,1224,1200
1667 100 600,432,1224,1200
1668 100 600,432,1224,1200
1669 100 624,432,1224,1200
1670 100 624,432,1224,1200
1671 100 624,432,1224,1200
1672 100 624,432,1224,1200
1673 100 624,432,1224,1200
1674 100 624,432,1224,1200
1675 100 624,432,1224,1200
1676 100 624,432,1224,1200
1677 100 600,432,1224,1200
1678 100 600,432,1224,1200
1679 100 600,432,1224,1200
1680 100 600,432,1224,1200
1681 100 600,432,1224,1200
1682 100 600,432,1224,1200
1683 100 600,432,1224,1200
1684 100 624,432,1224,1200
1685 100 624,432,1224,1200
1686 100 600,432,1224,1200
1687 100 600,432,1224,1200
1688 100 600,432,1224,1200
1689 100 600,432,1224,1200
1690 100 600,432,1224,1200
1691 100 600,432,1224,1200
1692 100 600,432,1224,1200
1693 100 600,432,1224,1200
1694 100 600,432,1224,1200
1695 100 624,432,1224,1200
1696 100 624,432,1224,1200
1697 100 624,432,1224,1200
1698 100 624,432,1224,1200
1699 100 624,432,1224,1200
1700 100 624,432,1224,1200
1701 100 624,432,1224,1200
1702 100 624,432,1224,1200
1703 100 600,432,1224,1200
1704 100 600,432,1224,1200
1705 100 600,432,1224,1200
1706 100 624,432,1224,1200
1707 100 624,432,1224,1200
1708 100 624,432,1224,1200
1709 100 624,432,1224,1200
1710 100 624,432,1224,1200
1711 100 624,432,1224,1200
1712 100 624,432,1224,1200
1713 100 624,432,1224,1200
1714 100 624,432,1224,1200
1715 100 600,432,1224,1200
1716 100 600,432,1224,1200
1717 100 600,432,1224,1200
1718 100 600,432,1224,1200
1719 100 600,432,1224,1200
1720 100 624,432,1224,1200
1721 100 624,432,1224,1200
1722 100 624,432,1224,1200
1723 100 624,432,1224,1200
1724 100 600,432,1224,1200
1725 100 600,408,1224,1224
1726 100 600,408,1224,1224
1727 100 600,408,1224,1224
1728 100 600,408,1224,1224
1729 100 600,408,1224,1224
1730 100 600,408,1224,1224
1731 100 600,408,1224,1224
1732 100 600,408,1224,1224
1733 100 600,408,1224,1224
1734 100 624,408,1224,1224
1735 100 600,408,1224,1224
1736 100 600,408,1224,1224
1737 100 600,408,1224,1224
1738 100 624,408,1224,1224
1739 100 624,408,1224,1224
1740 100 624,432,1224,1200
1741 100 624,432,1224,1200
1742 100 624,432,1224,1200
1743 100 624,408,1224,1224
1744 100 624,408,1224,1224
1745 100 624,408,1224,1224
1746 100 624,408,1224,1224
1747 100 624,408,1224,1224
1748 100 624,408,1224,1224
1749 100 624,408,1224,1224
1750 100 624,408,1224,1224
1751 100 624,408,1224,1224
1752 100 624,408,1224,1224
1753 100 624,408,1224,1224
1754 100 624,432,1224,1200
1755 100 624,432,1224,1200
1756 100 624,432,1224,1200
1757 100 624,408,1224,1224
1758 100 624,408,1224,1224
1759 100 648,408,1224,1224
1760 100 648,408,1224,1224
1761 100 648,408,1224,1224
1762 100 648,408,1224,1224
1763 100 624,408,1224,1224
1764 100 624,408,1224,1224
1765 100 648,408,1224,1224
1766 100 648,408,1224,1224
1767 100 648,408,1224,1224
1768 100 648,408,1224,1224
1769 100 648,408,1224,1224
1770 100 648,408,1224,1224
1771 100 648,408,1224,1224
1772 100 648,408,1224,1224
1773 100 648,408,1224,1200
1774 100 648,408,1224,1200
1775 100 648,408,1224,1200
1776 100 648,408,1224,1224
1777 100 648,408,1224,1224
1778 100 648,408,1224,1224
1779 100 648,408,1224,1224
1780 100 648,408,1224,1224
1781 100 648,408,1224,1224
1782 100 648,408,1224,1224
1783 100 648,408,1224,1224
1784 100 648,408,1224,1224
1785 100 648,408,1224,1224
1786 100 648,408,1224,1224
1787 100 648,408,1224,1224
1788 100 648,408,1224,1224
1789 100 648,408,1224,1224
1790 100 648,408,1224,1224
1791 100 648,408,1224,1224
1792 100 648,408,1224,1224
1793 100 648,408,1224,1224
1794 100 648,408,1224,1224
1795 100 648,408,1224,1224
1796 100 648,408,1224,1200
1797 100 648,408,1224,1200
1798 100 648,408,1224,1200
1799 100 648,408,1224,1200
1800 100 648,408,1224,1200
1801 100 648,408,1224,1200
1802 100 648,408,1224,1200
1803 100 648,408,1224,1200
1804 100 648,408,1224,1200
1805 100 648,408,1224,1200
1806 100 624,408,1224,1200
1807 100 624,408,1224,1200
1808 100 648,408,1224,1200
1809 100 624,408,1224,1200
1810 100 624,408,1224,1200
1811 100 624,408,1224,1200
1812 100 624,408,1224,1200
1813 100 624,408,1224,1200
1814 100 624,408,1224,1200
1815 100 624,408,1224,1200
1816 100 624,408,1224,1200
1817 100 624,408,1224,1200
1818 100 624,408,1224,1200
1819 100 624,408,1224,1200
1820 100 624,408,1224,1200
1821 100 624,408,1224,1200
1822 100 624,408,1224,1200
1823 100 624,408,1224,1200
1824 100 624,408,1224,1200
1825 100 624,408,1224,1200
1826 100 624,408,1224,1200
1827 100 624,408,1224,1200
1828 100 624,408,1224,1200
1829 100 624,408,1224,1200
1830 100 648,408,1224,1200
1831 100 648,408,1224,1200
1832 100 648,408,1224,1200
1833 100 648,408,1224,1200
1834 100 648,408,1224,1200
1835 100 648,408,1224,1200
1836 100 624,408,1224,1200
1837 100 624,408,1224,1200
1838 100 624,408,1224,1200
1839 100 624,408,1224,1200
1840 100 624,408,1224,1200
1841 100 624,408,1224,1200
1842 100 624,408,1224,1200
1843 100 624,408,1224,1200
1844 100 624,408,1224,1200
1845 100 648,408,1224,1200
1846 100 648,408,1224,1200
1847 100 648,408,1224,1200
1848 100 648,408,1224,1200
1849 100 648,408,1224,1200
1850 100 648,408,1224,1200
1851 100 648,408,1224,1200
1852 100 648,408,1224,1200
1853 100 648,408,1224,1200
1854 100 648,408,1224,1200
1855 100 648,408,1224,1200
1856 100 648,408,1224,1200
1857 100 648,408,1224,1200
1858 100 648,408,1224,1200
1859 100 648,408,1224,1200
1860 100 648,408,1224,1200
1861 100 648,408,1224,1200
1862 100 648,408,1224,1200
1863 100 648,408,1224,1200
1864 100 648,408,1224,1200
1865 100 648,408,1224,1200
1866 100 648,408,1224,1200
1867 100 648,408,1224,1200
1868 100 648,408,1224,1200
1869 100 648,408,1224,1200
1870 100 648,408,1224,1200
1871 100 648,408,1224,1200
1872 100 648,408,1224,1200
1873 100 648,408,1224,1200
1874 100 648,408,1224,1200
1875 100 648,408,1224,1200
1876 100 648,408,1224,1200
1877 100 648,408,1224,1200
1878 100 648,408,1224,1200
1879 100 648,408,1224,1200
1880 100 648,408,1224,1200
1881 100 648,408,1224,1200
1882 100 648,408,1224,1200
1883 100 648,408,1224,1200
1884 100 648,408,1224,1200
1885 100 648,408,1224,1200
1886 100 648,408,1224,1200
1887 100 648,408,1224,1200
1888 100 648,408,1224,1200
1889 100 648,408,1224,1200
1890 100 648,408,1224,1200
1891 100 648,408,1224,1200
1892 100 648,408,1224,1200
1893 100 648,408,1224,1200
1894 100 648,408,1224,1200
1895 100 648,408,1224,1200
1896 100 648,408,1224,1200
1897 100 648,408,1224,1200
1898 100 648,408,1224,1200
1899 100 648,408,1224,1200
1900 100 648,408,1224,1200
1901 100 648,408,1224,1200
1902 100 648,408,1224,1200
1903 100 648,408,1224,1200
1904 100 648,408,1224,1200
1905 100 648,408,1224,1200
1906 100 648,408,1224,1200
1907 100 648,408,1224,1200
1908 100 648,408,1224,1200
1909 100 648,408,1224,1200
1910 100 648,408,1224,1200
1911 100 648,408,1224,1200
1912 100 648,408,1224,1200
1913 100 648,408,1224,1200
1914 100 648,408,1224,1200
1915 100 648,408,1224,1200
1916 100 648,408,1224,1200
1917 100 648,408,1224,1200
1918 100 648,408,1224,1200
1919 100 648,408,1224,1200
1920 100 648,408,1224,1200
1921 100 648,408,1224,1200
1922 100 648,408,1224,1200
1923 100 648,408,1224,1200
1924 100 648,408,1224,1200
1925 100 648,408,1224,1200
1926 100 648,408,1224,1200
1927 100 648,408,1224,1200
1928 100 648,408,1224,1200
1929 100 648,408,1224,1200
1930 100 648,408,1224,1200
1931 100 648,408,1224,1200
1932 100 648,408,1224,1200
1933 100 648,408,1224,1200
1934 100 648,408,1224,1200
1935 100 648,408,1224,1200
1936 100 648,408,1224,1200
1937 100 648,408,1224,1200
1938 100 648,408,1224,1200
1939 100 648,408,1224,1200
1940 100 648,408,1224,1200
1941 100 648,408,1224,1200
1942 100 648,408,1224,1200
1943 100 648,408,1224,1200
1944 100 648,408,1224,1200
1945 100 648,408,1224,1200
1946 100 648,408,1224,1200
1947 100 648,408,1224,1200
1948 100 648,408,1224,1200
1949 100 648,408,1224,1200
1950 100 648,408,1224,1200
1951 100 648,408,1224,1200
1952 100 648,408,1224,1200
1953 100 648,408,1224,1200
1954 100 648,408,1224,1200
1955 100 648,408,1224,1200
1956 100 648,408,1224,1200
1957 100 648,408,1224,1200
1958 100 648,408,1224,1200
1959 100 648,408,1224,1200
1960 100 648,408,1224,1200
1961 100 648,408,1224,1200
1962 100 648,408,1224,1200
1963 100 648,408,1224,1200
1964 100 648,408,1224,1200
1965 100 648,408,1224,1200
1966 100 648,408,1224,1200
1967 100 648,408,1224,1200
1968 100 648,408,1224,1200
1969 100 648,408,1224,1200
1970 100 648,408,1224,1200
1971 100 648,408,1224,1200
1972 100 648,408,1224,1200
1973 100 648,408,1224,1200
1974 100 648,408,1224,1200
1975 100 648,408,1224,1200
1976 100 648,408,1224,1200
1977 100 648,408,1224,1200
1978 100 648,408,1224,1200
1979 100 648,408,1224,1200
1980 100 648,408,1224,1200
1981 100 648,408,1224,1200
1982 100 648,408,1224,1200
1983 100 648,408,1224,1200
1984 100 648,408,1224,1200
1985 100 648,408,1224,1200
1986 100 648,408,1224,1200
1987 100 648,408,1224,1200
1988 100 648,408,1224,1200
1989 100 648,408,1224,1200
1990 100 648,408,1224,1200
1991 100 648,408,1224,1200
1992 100 648,408,1224,1200
1993 100 648,408,1224,1200
1994 100 648,408,1224,1200
1995 100 648,408,1224,1200
1996 100 648,408,1224,1200
1997 100 648,408,1224,1200
1998 100 648,408,1224,1200
1999 100 648,408,1224,1200
2000 100 648,408,1224,1200
2001 100 648,408,1224,1200
2002 100 648,408,1224,1200
2003 100 648,408,1224,1200
2004 100 648,408,1224,1200
2005 100 648,408,1224,1200
2006 100 648,408,1224,1200
2007 100 648,408,1224,1200
2008 100 648,408,1224,1200
2009 100 648,408,1224,1200
2010 100 648,408,1224,1200
2011 100 648,408,1224,1200
2012 100 648,408,1224,1200
2013 100 648,408,1224,1200
2014 100 648,408,1224,1200
2015 100 648,408,1224,1200
2016 100 648,408,1224,1200
2017 100 648,408,1224,1200
2018 100 648,408,1224,1200
2019 100 648,408,1224,1200
2020 100 648,408,1224,1200
2021 100 648,408,1224,1200
2022 100 648,408,1224,1200
2023 100 648,408,1224,1200
2024 100 648,408,1224,1200
2025 100 648,408,1224,1200
2026 100 648,408,1224,1200
2027 100 648,408,1224,1200
2028 100 648,408,1224,1200
2029 100 648,408,1224,1200
2030 100 648,408,1224,1200
2031 100 648,408,1224,1200
2032 100 648,408,1224,1200
2033 100 648,408,1224,1200
2034 100 648,408,1224,1200
2035 100 648,408,1224,1200
2036 100 648,408,1224,1200
2037 100 648,408,1224,1200
2038 100 648,408,1224,1200
2039 100 648,408,1224,1200
2040 100 648,408,1224,1200
2041 100 648,408,1224,1200
2042 100 648,408,1224,1200
2043 100 648,408,1224,1200
2044 100 648,408,1224,1200
2045 100 648,408,1224,1200
2046 100 648,408,1224,1200
2047 100 648,408,1224,1200
2048 100 648,408,1224,1200
2049 100 648,408,1224,1200
2050 100 648,408,1224,1200
2051 100 648,408,1224,1200
2052 100 648,408,1224,1200
2053 100 648,408,1224,1200
2054 100 648,408,1224,1200
2055 100 648,408,1224,1200
2056 100 648,408,1224,1200
2057 100 648,408,1224,1200
2058 100 648,408,1224,1200
2059 100 648,408,1224,1200
2060 100 648,408,1224,1200
2061 100 648,408,1224,1200
2062 100 648,408,1224,1200
2063 100 648,408,1224,1224
2064 100 648,408,1224,1224
2065 100 672,408,1224,1224
2066 100 672,432,1224,1200
2067 100 672,432,1224,1200
2068 100 672,432,1224,1200
2069 100 672,432,1224,1200
2070 100 696,432,1224,1200
2071 100 696,432,1224,1200
2072 100 720,408,1224,1224
2073 100 720,408,1224,1224
2074 100 720,408,1224,1224
2075 100 744,408,1224,1224
2076 100 744,408,1224,1224
2077 100 744,432,1224,1200
2078 100 744,432,1224,1200
2079 100 744,432,1224,1200
2080 100 768,432,1224,1200
2081 100 768,432,1224,1200
2082 100 768,432,1224,1200
2083 100 768,432,1224,1200
2084 100 768,432,1224,1200
2085 100 768,432,1224,1200
2086 100 768,432,1224,1200
2087 100 768,408,1224,1224
2088 100 768,408,1224,1224
2089 100 768,408,1224,1200
2090 100 792,408,1224,1200
2091 100 792,408,1224,1200
2092 100 792,408,1224,1200
2093 100 792,408,1224,1200
2094 100 792,408,1224,1200
2095 100 792,408,1224,1200
2096 100 816,408,1224,1200
2097 100 792,408,1224,1200
2098 100 792,408,1224,1200
2099 100 792,408,1224,1200
