0 100 216,576,1224,1200
1 100 216,576,1224,1200
2 100 216,576,1224,1200
3 100 216,576,1224,1200
4 100 192,576,1224,1200
5 100 192,576,1224,1200
6 100 192,576,1224,1200
7 100 192,576,1224,1200
8 100 192,576,1224,1200
9 100 192,576,1224,1200
10 100 192,576,1224,1200
11 100 192,576,1224,1200
12 100 192,576,1224,1200
13 100 192,576,1224,1200
14 100 192,576,1224,1200
15 100 192,576,1224,1200
16 100 192,576,1224,1200
17 100 192,576,1224,1200
18 100 192,576,1224,1200
19 100 192,576,1224,1200
20 100 192,576,1224,1200
21 100 192,576,1224,1200
22 100 192,576,1224,1200
23 100 192,576,1224,1200
24 100 192,576,1224,1200
25 100 192,576,1224,1200
26 100 192,576,1224,1200
27 100 192,576,1224,1200
28 100 192,576,1224,1200
29 100 192,576,1224,1200
30 100 192,576,1224,1200
31 100 192,576,1224,1200
32 100 192,576,1224,1200
33 100 192,576,1224,1200
34 100 192,576,1224,1200
35 100 192,576,1224,1200
36 100 192,576,1224,1200
37 100 192,576,1224,1200
38 100 192,576,1224,1200
39 100 192,576,1224,1224
40 100 192,576,1224,1224
41 100 192,576,1224,1224
42 100 192,576,1224,1224
43 100 192,576,1224,1224
44 100 192,576,1224,1224
45 100 192,576,1224,1224
46 100 192,576,1224,1224
47 100 192,576,1224,1224
48 100 192,576,1224,1224
49 100 192,576,1224,1224
50 100 192,576,1224,1224
51 100 192,576,1224,1224
52 100 192,576,1224,1224
53 100 192,576,1224,1224
54 100 192,576,1224,1224
55 100 192,576,1224,1224
56 100 192,576,1224,1224
57 100 192,576,1224,1224
58 100 192,576,1224,1224
59 100 192,576,1224,1224
60 100 216,576,1224,1224
61 100 216,576,1224,1224
62 100 216,576,1224,1224
63 100 216,576,1224,1224
64 100 216,576,1224,1224
65 100 216,576,1224,1224
66 100 216,576,1224,1224
67 100 216,576,1224,1224
68 100 216,576,1224,1224
69 100 216,576,1224,1224
70 100 216,576,1224,1224
71 100 216,576,1224,1224
72 100 216,576,1224,1224
73 100 192,600,1224,1200
74 100 216,600,1224,1200
75 100 216,600,1224,1200
76 100 192,600,1224,1200
77 100 216,600,1224,1200
78 100 216,600,1224,1200
79 100 216,600,1224,1200
80 100 216,600,1224,1200
81 100 216,600,1224,1200
82 100 216,600,1224,1200
83 100 216,600,1224,1200
84 100 216,600,1224,1200
85 100 216,600,1224,1200
86 100 216,600,1224,1200
87 100 216,600,1224,1200
88 100 216,600,1224,1200
89 100 216,600,1224,1200
90 100 240,600,1224,1200
91 100 240,600,1224,1200
92 100 240,600,1224,1200
93 100 240,600,1224,1200
94 100 240,600,1224,1200
95 100 240,600,1224,1200
96 100 264,600,1224,1200
97 100 264,600,1224,1200
98 100 264,600,1224,1200
99 100 288,600,1224,1200
100 100 288,600,1224,1200
101 100 312,600,1224,1200
102 100 336,600,1224,1200
103 100 336,600,1224,1200
104 100 360,600,1224,1200
105 100 360,600,1224,1200
106 100 384,600,1224,1200
107 100 384,600,1224,1200
108 100 384,600,1224,1200
109 100 384,600,1224,1200
110 100 408,600,1224,1200
111 100 408,600,1224,1200
112 100 408,600,1224,1200
113 100 408,600,1224,1200
114 100 408,600,1224,1200
115 100 408,600,1224,1200
116 100 384,600,1224,1200
117 100 384,600,1224,1200
118 100 384,600,1224,1200
119 100 384,600,1224,1200
120 100 384,600,1224,1200
121 100 384,600,1224,1200
122 100 384,600,1224,1200
123 100 360,600,1224,1200
124 100 360,600,1224,1200
125 100 360,600,1224,1200
126 100 336,600,1224,1200
127 100 312,600,1224,1200
128 100 312,600,1224,1200
129 100 288,600,1224,1200
130 100 288,600,1224,1200
131 100 264,600,1224,1200
132 100 264,600,1224,1200
133 100 240,600,1224,1200
134 100 240,600,1224,1200
135 100 216,600,1224,1200
136 100 216,600,1224,1224
137 100 192,624,1224,1200
138 100 192,624,1224,1200
139 100 168,600,1224,1224
140 100 144,600,1224,1224
141 100 144,600,1224,1200
142 100 120,600,1224,1200
143 100 96,600,1224,1200
144 100 96,600,1224,1200
145 100 72,600,1224,1200
146 100 48,600,1224,1200
147 100 48,600,1224,1200
148 100 24,600,1224,1200
149 100 0,600,1224,1224
150 100 0,600,1224,1224
151 100 0,600,1224,1224
152 100 0,600,1224,1200
153 100 0,600,1224,1200
154 100 0,600,1224,1200
155 100 0,600,1224,1200
156 100 24,600,1224,1200
157 100 0,600,1224,1224
158 100 0,600,1224,1200
159 100 0,600,1224,1200
160 100 24,600,1224,1200
161 100 0,600,1224,1200
162 100 0,600,1224,1200
163 100 24,600,1224,1200
164 100 0,600,1224,1200
165 100 0,600,1224,1224
166 100 24,600,1224,1224
167 100 48,600,1224,1224
168 100 72,624,1224,1200
169 100 120,624,1224,1200
170 100 144,624,1224,1200
171 100 192,624,1224,1200
172 100 216,624,1224,1200
173 100 264,600,1224,1224
174 100 288,600,1224,1224
175 100 336,600,1224,1224
176 100 360,600,1224,1200
177 100 384,600,1224,1200
178 100 384,600,1224,1200
179 100 408,600,1224,1200
180 100 408,600,1224,1200
181 100 432,600,1224,1200
182 100 432,600,1224,1200
183 100 432,600,1224,1200
184 100 432,576,1224,1224
185 100 456,576,1224,1224
186 100 456,576,1224,1224
187 100 456,576,1224,1224
188 100 456,576,1224,1224
189 100 456,576,1224,1224
190 100 456,576,1224,1224
191 100 456,576,1224,1224
192 100 456,576,1224,1224
193 100 432,576,1224,1224
194 100 432,576,1224,1224
195 100 432,576,1224,1224
196 100 432,576,1224,1224
197 100 432,576,1224,1224
198 100 432,600,1224,1200
199 100 432,600,1224,1200
200 100 432,600,1224,1200
201 100 408,600,1224,1200
202 100 408,600,1224,1200
203 100 408,576,1224,1224
204 100 408,576,1224,1224
205 100 384,576,1224,1224
206 100 360,576,1224,1224
207 100 360,576,1224,1224
208 100 312,576,1224,1224
209 100 312,576,1224,1224
210 100 288,576,1224,1224
211 100 264,600,1224,1200
212 100 240,600,1224,1200
213 100 240,600,1224,1200
214 100 216,600,1224,1200
215 100 192,600,1224,1200
216 100 168,576,1224,1224
217 100 168,576,1224,1224
218 100 144,576,1224,1200
219 100 120,576,1224,1200
220 100 120,576,1224,1200
221 100 96,576,1224,1224
222 100 96,576,1224,1224
223 100 96,576,1224,1200
224 100 72,576,1224,1200
225 100 72,576,1224,1200
226 100 72,576,1224,1200
227 100 72,576,1224,1200
228 100 72,576,1224,1200
229 100 72,576,1224,1200
230 100 72,576,1224,1200
231 100 72,576,1224,1200
232 100 72,576,1224,1200
233 100 72,576,1224,1200
234 100 48,576,1224,1200
235 100 48,576,1224,1200
236 100 48,576,1224,1200
237 100 48,576,1224,1200
238 100 48,576,1224,1200
239 100 48,576,1224,1200
240 100 48,576,1224,1200
241 100 48,576,1224,1200
242 100 48,576,1224,1200
243 100 48,576,1224,1200
244 100 48,576,1224,1200
245 100 48,576,1224,1200
246 100 48,576,1224,1200
247 100 48,576,1224,1200
248 100 48,576,1224,1200
249 100 48,576,1224,1200
250 100 48,576,1224,1200
251 100 48,576,1224,1200
252 100 48,576,1224,1200
253 100 48,576,1224,1200
254 100 48,576,1224,1200
255 100 24,576,1224,1200
256 100 24,576,1224,1200
257 100 24,576,1224,1200
258 100 24,576,1224,1200
259 100 24,576,1224,1200
260 100 24,576,1224,1200
261 100 24,576,1224,1200
262 100 24,576,1224,1200
263 100 24,576,1224,1200
264 100 24,552,1224,1224
265 100 24,552,1224,1224
266 100 24,552,1224,1224
267 100 24,552,1224,1224
268 100 24,552,1224,1224
269 100 24,552,1224,1224
270 100 24,552,1224,1224
271 100 24,552,1224,1224
272 100 24,552,1224,1224
273 100 24,552,1224,1224
274 100 24,552,1224,1224
275 100 24,576,1224,1200
276 100 24,576,1224,1200
277 100 24,576,1224,1200
278 100 24,576,1224,1200
279 100 24,576,1224,1200
280 100 24,576,1224,1200
281 100 0,576,1224,1200
282 100 0,576,1224,1200
283 100 0,552,1224,1224
284 100 0,576,1224,1200
285 100 0,576,1224,1200
286 100 0,576,1224,1200
287 100 0,552,1224,1224
288 100 0,552,1224,1224
289 100 0,552,1224,1224
290 100 0,552,1224,1224
291 100 0,552,1224,1224
292 100 0,552,1224,1224
293 100 0,552,1224,1224
294 100 0,552,1224,1224
295 100 0,552,1224,1224
296 100 0,576,1224,1200
297 100 0,576,1224,1200
298 100 0,576,1224,1200
299 100 0,576,1224,1200
300 100 0,576,1224,1200
301 100 0,576,1224,1200
302 100 0,576,1224,1200
303 100 0,576,1224,1200
304 100 0,576,1224,1200
305 100 0,576,1224,1200
306 100 0,576,1224,1200
307 100 24,552,1224,1224
308 100 24,552,1224,1224
309 100 0,552,1224,1224
310 100 0,552,1224,1200
311 100 48,552,1224,1224
312 100 24,552,1224,1200
313 100 0,552,1224,1200
314 100 0,552,1224,1200
315 100 0,552,1224,1200
316 100 0,552,1224,1200
317 100 0,552,1224,1200
318 100 0,552,1224,1200
319 100 24,552,1224,1200
320 100 0,552,1224,1200
321 100 0,552,1224,1200
322 100 0,552,1224,1200
323 100 96,552,1224,1200
324 100 96,552,1224,1200
325 100 72,552,1224,1200
326 100 72,552,1224,1200
327 100 72,552,1224,1200
328 100 72,552,1224,1200
329 100 72,552,1224,1200
330 100 48,552,1224,1200
331 100 48,552,1224,1200
332 100 0,552,1224,1200
333 100 0,552,1224,1200
334 100 0,552,1224,1200
335 100 0,552,1224,1200
336 100 0,552,1224,1200
337 100 0,552,1224,1200
338 100 0,552,1224,1200
339 100 0,552,1224,1200
340 100 3456,552,1224,1200
341 100 3456,552,1224,1200
342 100 3432,552,1224,1200
343 100 3432,552,1224,1200
344 100 3408,552,1224,1200
345 100 3432,552,1224,1200
346 100 3432,552,1224,1200
347 100 3408,552,1224,1200
348 100 3384,552,1224,1200
349 100 3384,552,1224,1200
350 100 3432,552,1224,1200
351 100 3432,552,1224,1200
352 100 3456,552,1224,1200
353 100 3480,552,1224,1200
354 100 3456,552,1224,1200
355 100 3456,552,1224,1200
356 100 3456,552,1224,1200
357 100 3456,552,1224,1200
358 100 3480,552,1224,1200
359 100 3456,552,1224,1200
360 100 3456,552,1224,1200
361 100 3504,552,1224,1200
362 100 3552,552,1224,1200
363 100 3552,552,1224,1200
364 100 3528,552,1224,1200
365 100 3504,552,1224,1200
366 100 3432,552,1224,1200
367 100 3432,552,1224,1200
368 100 3408,552,1224,1200
369 100 3432,552,1224,1200
370 100 3456,552,1224,1200
371 100 3432,552,1224,1200
372 100 3432,552,1224,1200
373 100 3240,552,1224,1200
374 100 3240,552,1224,1200
375 100 3216,552,1224,1200
376 100 3240,552,1224,1200
377 100 3216,552,1224,1200
378 100 3216,552,1224,1200
379 100 3216,552,1224,1200
380 100 3240,552,1224,1200
381 100 3120,552,1224,1200
382 100 3120,552,1224,1200
383 100 3120,552,1224,1200
384 100 3096,552,1224,1200
385 100 3096,552,1224,1200
386 100 3072,552,1224,1200
387 100 3072,552,1224,1200
388 100 3096,552,1224,1200
389 100 3096,552,1224,1200
390 100 3096,552,1224,1200
391 100 3096,552,1224,1200
392 100 3096,552,1224,1200
393 100 3216,552,1224,1200
394 100 3216,552,1224,1200
395 100 3216,552,1224,1200
396 100 3216,552,1224,1200
397 100 3240,552,1224,1200
398 100 3240,552,1224,1200
399 100 3240,552,1224,1200
400 100 3264,552,1224,1200
401 100 3480,552,1224,1200
402 100 3504,552,1224,1200
403 100 3528,552,1224,1200
404 100 3624,528,1224,1224
405 100 3672,528,1224,1224
406 100 3768,528,1224,1224
407 100 3408,528,1224,1200
408 100 3408,528,1224,1200
409 100 24,528,1224,1224
410 100 3648,528,1224,1224
411 100 0,528,1224,1224
412 100 48,528,1224,1224
413 100 72,528,1224,1224
414 100 3408,528,1224,1200
415 100 3384,528,1224,1200
416 100 3408,528,1224,1200
417 100 3432,528,1224,1200
418 100 3432,528,1224,1200
419 100 3432,528,1224,1200
420 100 3408,528,1224,1200
421 100 0,528,1224,1200
422 100 0,528,1224,1200
423 100 24,528,1224,1200
424 100 48,528,1224,1200
425 100 24,528,1224,1200
426 100 48,528,1224,1200
427 100 48,528,1224,1200
428 100 48,528,1224,1200
429 100 72,528,1224,1200
430 100 72,528,1224,1224
431 100 0,528,1224,1224
432 100 0,528,1224,1224
433 100 24,528,1224,1224
434 100 24,552,1224,1200
435 100 48,552,1224,1200
436 100 48,552,1224,1200
437 100 24,552,1224,1200
438 100 0,552,1224,1200
439 100 24,552,1224,1200
440 100 24,552,1224,1200
441 100 0,552,1224,1200
442 100 0,552,1224,1200
443 100 0,552,1224,1200
444 100 0,552,1224,1200
445 100 0,552,1224,1200
446 100 24,552,1224,1200
447 100 0,552,1224,1200
448 100 0,552,1224,1200
449 100 0,552,1224,1200
450 100 0,552,1224,1200
451 100 0,552,1224,1200
452 100 0,552,1224,1200
453 100 0,552,1224,1200
454 100 0,552,1224,1200
455 100 0,552,1224,1200
456 100 0,552,1224,1200
457 100 0,552,1224,1200
458 100 0,552,1224,1200
459 100 24,552,1224,1200
460 100 0,528,1224,1224
461 100 0,528,1224,1224
462 100 0,528,1224,1200
463 100 0,528,1224,1200
464 100 0,528,1224,1200
465 100 0,528,1224,1200
466 100 24,528,1224,1200
467 100 24,528,1224,1200
468 100 24,528,1224,1200
469 100 24,528,1224,1200
470 100 24,528,1224,1200
471 100 24,528,1224,1200
472 100 24,528,1224,1200
473 100 48,528,1224,1200
474 100 48,528,1224,1200
475 100 48,552,1224,1200
476 100 48,552,1224,1200
477 100 48,552,1224,1224
478 100 48,552,1224,1224
479 100 48,576,1224,1200
480 100 48,576,1224,1200
481 100 48,576,1224,1200
482 100 48,552,1224,1224
483 100 48,552,1224,1224
484 100 24,552,1224,1224
485 100 24,552,1224,1224
486 100 0,576,1224,1200
487 100 0,576,1224,1200
488 100 0,576,1224,1200
489 100 0,576,1224,1200
490 100 0,576,1224,1224
491 100 0,576,1224,1224
492 100 0,576,1224,1224
493 100 0,576,1224,1224
494 100 0,576,1224,1224
495 100 24,576,1224,1200
496 100 24,576,1224,1200
497 100 24,576,1224,1200
498 100 0,576,1224,1200
499 100 0,576,1224,1200
500 100 0,576,1224,1200
501 100 0,576,1224,1200
502 100 0,576,1224,1200
503 100 0,576,1224,1200
504 100 0,576,1224,1200
505 100 0,576,1224,1200
506 100 0,576,1224,1200
507 100 0,576,1224,1200
508 100 0,576,1224,1200
509 100 0,576,1224,1200
510 100 0,576,1224,1200
511 100 0,576,1224,1200
512 100 0,576,1224,1200
513 100 0,576,1224,1200
514 100 0,576,1224,1200
515 100 0,576,1224,1200
516 100 0,576,1224,1200
517 100 0,576,1224,1200
518 100 0,576,1224,1200
519 100 0,576,1224,1200
520 100 0,576,1224,1200
521 100 0,576,1224,1200
522 100 0,576,1224,1200
523 100 0,576,1224,1200
524 100 0,576,1224,1224
525 100 0,576,1224,1224
526 100 0,576,1224,1224
527 100 0,576,1224,1224
528 100 0,576,1224,1224
529 100 0,600,1224,1200
530 100 0,600,1224,1200
531 100 0,600,1224,1200
532 100 0,600,1224,1200
533 100 0,600,1224,1200
534 100 0,600,1224,1200
535 100 0,600,1224,1200
536 100 0,600,1224,1200
537 100 0,600,1224,1200
538 100 0,600,1224,1200
539 100 0,600,1224,1200
540 100 0,600,1224,1200
541 100 0,600,1224,1224
542 100 0,600,1224,1224
543 100 0,600,1224,1224
544 100 0,600,1224,1224
545 100 0,600,1224,1224
546 100 0,600,1224,1224
547 100 0,600,1224,1224
548 100 0,624,1224,1200
549 100 0,600,1224,1224
550 100 0,624,1224,1200
551 100 0,624,1224,1200
552 100 0,624,1224,1200
553 100 24,624,1224,1200
554 100 24,624,1224,1200
555 100 0,624,1224,1200
556 100 0,624,1224,1200
557 100 0,624,1224,1200
558 100 24,624,1224,1200
559 100 0,624,1224,1200
560 100 0,624,1224,1200
561 100 0,624,1224,1200
562 100 0,624,1224,1200
563 100 0,624,1224,1200
564 100 0,624,1224,1200
565 100 0,624,1224,1200
566 100 0,624,1224,1200
567 100 0,624,1224,1200
568 100 0,624,1224,1200
569 100 0,624,1224,1200
570 100 0,624,1224,1200
571 100 0,624,1224,1200
572 100 0,624,1224,1200
573 100 0,624,1224,1200
574 100 0,624,1224,1200
575 100 0,624,1224,1200
576 100 0,624,1224,1200
577 100 0,624,1224,1200
578 100 0,624,1224,1200
579 100 0,624,1224,1200
580 100 0,624,1224,1200
581 100 0,624,1224,1200
582 100 0,624,1224,1200
583 100 0,624,1224,1200
584 100 0,624,1224,1200
585 100 0,624,1224,1200
586 100 0,624,1224,1224
587 100 0,624,1224,1224
588 100 0,624,1224,1224
589 100 0,624,1224,1224
590 100 0,648,1224,1200
591 100 0,648,1224,1200
592 100 0,648,1224,1200
593 100 0,648,1224,1200
594 100 0,624,1224,1224
595 100 0,648,1224,1200
596 100 0,648,1224,1200
597 100 0,648,1224,1200
598 100 0,648,1224,1200
599 100 0,648,1224,1200
600 100 0,648,1224,1200
601 100 0,648,1224,1200
602 100 0,648,1224,1200
603 100 0,648,1224,1200
604 100 0,648,1224,1200
605 100 0,648,1224,1200
606 100 0,648,1224,1200
607 100 0,648,1224,1200
608 100 0,648,1224,1200
609 100 0,648,1224,1200
610 100 0,648,1224,1200
611 100 0,648,1224,1200
612 100 0,648,1224,1200
613 100 0,648,1224,1200
614 100 0,648,1224,1224
615 100 0,648,1224,1224
616 100 0,648,1224,1224
617 100 0,648,1224,1224
618 100 0,648,1224,1224
619 100 0,648,1224,1224
620 100 0,648,1224,1224
621 100 0,648,1224,1224
622 100 0,648,1224,1200
623 100 0,648,1224,1200
624 100 0,648,1224,1200
625 100 0,648,1224,1224
626 100 0,648,1224,1224
627 100 0,648,1224,1224
628 100 0,648,1224,1200
629 100 0,648,1224,1200
630 100 0,648,1224,1200
631 100 0,648,1224,1200
632 100 0,648,1224,1200
633 100 0,648,1224,1200
634 100 0,648,1224,1200
635 100 0,648,1224,1200
636 100 0,648,1224,1200
637 100 0,648,1224,1200
638 100 0,648,1224,1200
639 100 0,648,1224,1200
640 100 0,648,1224,1200
641 100 0,648,1224,1200
642 100 0,648,1224,1200
643 100 0,648,1224,1200
644 100 24,624,1224,1224
645 100 24,624,1224,1224
646 100 48,624,1224,1200
647 100 72,624,1224,1200
648 100 96,624,1224,1200
649 100 96,624,1224,1200
650 100 120,624,1224,1200
651 100 120,600,1224,1224
652 100 144,600,1224,1200
653 100 168,600,1224,1200
654 100 192,600,1224,1200
655 100 192,600,1224,1200
656 100 216,600,1224,1200
657 100 216,600,1224,1200
658 100 240,600,1224,1200
659 100 264,600,1224,1200
660 100 288,600,1224,1200
661 100 288,600,1224,1200
662 100 312,600,1224,1200
663 100 312,600,1224,1200
664 100 312,600,1224,1200
665 100 312,600,1224,1200
666 100 336,600,1224,1200
667 100 336,600,1224,1200
668 100 336,600,1224,1200
669 100 336,600,1224,1200
670 100 360,600,1224,1200
671 100 360,600,1224,1200
672 100 360,576,1224,1224
673 100 360,576,1224,1224
674 100 360,576,1224,1224
675 100 384,576,1224,1224
676 100 384,576,1224,1224
677 100 384,576,1224,1224
678 100 384,576,1224,1224
679 100 408,576,1224,1224
680 100 408,576,1224,1224
681 100 408,576,1224,1224
682 100 408,576,1224,1224
683 100 408,576,1224,1224
684 100 408,576,1224,1224
685 100 408,576,1224,1224
686 100 408,576,1224,1224
687 100 408,576,1224,1224
688 100 408,576,1224,1224
689 100 408,576,1224,1224
690 100 408,576,1224,1224
691 100 408,576,1224,1224
692 100 408,576,1224,1224
693 100 408,576,1224,1200
694 100 408,576,1224,1200
695 100 408,576,1224,1200
696 100 408,576,1224,1200
697 100 408,576,1224,1200
698 100 408,576,1224,1200
699 100 408,576,1224,1200
700 100 408,576,1224,1200
701 100 408,576,1224,1200
702 100 408,576,1224,1200
703 100 408,576,1224,1200
704 100 408,552,1224,1224
705 100 408,576,1224,1200
706 100 408,576,1224,1200
707 100 408,576,1224,1200
708 100 408,576,1224,1200
709 100 408,576,1224,1200
710 100 408,576,1224,1200
711 100 408,576,1224,1200
712 100 408,576,1224,1200
713 100 408,576,1224,1200
714 100 408,552,1224,1224
715 100 432,552,1224,1224
716 100 432,552,1224,1200
717 100 432,552,1224,1224
718 100 432,552,1224,1200
719 100 432,552,1224,1200
720 100 432,552,1224,1200
721 100 432,552,1224,1200
722 100 432,552,1224,1200
723 100 432,552,1224,1224
724 100 432,552,1224,1224
725 100 456,552,1224,1224
726 100 456,576,1224,1200
727 100 456,576,1224,1200
728 100 480,576,1224,1200
729 100 480,576,1224,1200
730 100 480,552,1224,1224
731 100 480,552,1224,1224
732 100 480,552,1224,1200
733 100 480,552,1224,1200
734 100 456,552,1224,1200
735 100 456,552,1224,1224
736 100 456,552,1224,1224
737 100 456,552,1224,1200
738 100 432,552,1224,1200
739 100 432,552,1224,1200
740 100 432,552,1224,1200
741 100 432,552,1224,1200
742 100 432,552,1224,1200
743 100 408,552,1224,1200
744 100 408,552,1224,1200
745 100 408,552,1224,1200
746 100 384,552,1224,1200
747 100 384,552,1224,1200
748 100 360,552,1224,1200
749 100 360,552,1224,1200
750 100 336,552,1224,1200
751 100 336,552,1224,1200
752 100 336,552,1224,1200
753 100 336,552,1224,1200
754 100 336,552,1224,1200
755 100 336,552,1224,1200
756 100 336,552,1224,1200
757 100 312,552,1224,1200
758 100 312,552,1224,1200
759 100 312,552,1224,1200
760 100 312,552,1224,1200
761 100 288,552,1224,1224
762 100 288,576,1224,1200
763 100 288,552,1224,1224
764 100 264,552,1224,1200
765 100 264,552,1224,1200
766 100 264,552,1224,1200
767 100 240,552,1224,1200
768 100 240,552,1224,1200
769 100 240,528,1224,1224
770 100 240,528,1224,1224
771 100 240,528,1224,1224
772 100 216,552,1224,1200
773 100 216,552,1224,1200
774 100 240,528,1224,1224
775 100 240,528,1224,1224
776 100 240,528,1224,1224
777 100 240,552,1224,1200
778 100 240,528,1224,1224
779 100 264,528,1224,1200
780 100 264,528,1224,1200
781 100 264,528,1224,1200
782 100 264,528,1224,1200
783 100 264,528,1224,1200
784 100 264,528,1224,1224
785 100 288,528,1224,1224
786 100 288,552,1224,1200
787 100 264,552,1224,1200
788 100 264,552,1224,1200
789 100 288,552,1224,1200
790 100 288,552,1224,1200
791 100 288,552,1224,1200
792 100 288,552,1224,1200
793 100 288,552,1224,1200
794 100 264,552,1224,1200
795 100 264,552,1224,1200
796 100 264,552,1224,1200
797 100 264,552,1224,1200
798 100 264,552,1224,1200
799 100 288,552,1224,1200
800 100 288,552,1224,1200
801 100 288,552,1224,1200
802 100 288,552,1224,1200
803 100 288,552,1224,1200
804 100 288,552,1224,1200
805 100 288,552,1224,1200
806 100 288,552,1224,1200
807 100 288,552,1224,1200
808 100 288,552,1224,1200
809 100 288,552,1224,1200
810 100 288,552,1224,1200
811 100 288,552,1224,1200
812 100 288,552,1224,1200
813 100 288,552,1224,1200
814 100 288,552,1224,1200
815 100 288,552,1224,1200
816 100 288,552,1224,1200
817 100 288,552,1224,1200
818 100 288,552,1224,1200
819 100 288,552,1224,1200
820 100 288,552,1224,1200
821 100 288,552,1224,1200
822 100 288,552,1224,1200
823 100 288,552,1224,1200
824 100 288,552,1224,1200
825 100 288,552,1224,1224
826 100 288,552,1224,1200
827 100 288,552,1224,1200
828 100 288,552,1224,1200
829 100 288,552,1224,1200
830 100 288,552,1224,1200
831 100 288,552,1224,1200
832 100 288,552,1224,1200
833 100 288,552,1224,1200
834 100 288,552,1224,1200
835 100 288,552,1224,1200
836 100 288,552,1224,1224
837 100 288,552,1224,1224
838 100 288,552,1224,1224
839 100 288,552,1224,1224
840 100 288,552,1224,1224
841 100 288,552,1224,1224
842 100 288,552,1224,1224
843 100 288,552,1224,1224
844 100 288,552,1224,1224
845 100 288,552,1224,1224
846 100 288,576,1224,1200
847 100 288,576,1224,1200
848 100 288,576,1224,1200
849 100 288,576,1224,1200
850 100 264,576,1224,1200
851 100 264,576,1224,1200
852 100 264,576,1224,1200
853 100 264,576,1224,1200
854 100 264,576,1224,1200
855 100 264,576,1224,1200
856 100 264,576,1224,1200
857 100 264,552,1224,1224
858 100 264,552,1224,1224
859 100 264,576,1224,1200
860 100 264,576,1224,1200
861 100 264,576,1224,1200
862 100 264,576,1224,1200
863 100 288,576,1224,1200
864 100 264,576,1224,1224
865 100 264,600,1224,1200
866 100 264,600,1224,1200
867 100 264,600,1224,1200
868 100 240,600,1224,1200
869 100 264,600,1224,1200
870 100 240,600,1224,1200
871 100 240,600,1224,1200
872 100 240,600,1224,1200
873 100 240,600,1224,1200
874 100 240,600,1224,1200
875 100 240,600,1224,1200
876 100 240,600,1224,1200
877 100 240,600,1224,1200
878 100 240,600,1224,1200
879 100 240,600,1224,1200
880 100 240,600,1224,1200
881 100 240,600,1224,1200
882 100 240,600,1224,1200
883 100 216,600,1224,1200
884 100 216,600,1224,1224
885 100 216,600,1224,1224
886 100 192,624,1224,1200
887 100 192,624,1224,1200
888 100 192,624,1224,1200
889 100 168,600,1224,1224
890 100 168,600,1224,1224
891 100 168,600,1224,1200
892 100 168,600,1224,1200
893 100 168,600,1224,1200
894 100 168,600,1224,1200
895 100 144,600,1224,1200
896 100 144,600,1224,1200
897 100 120,600,1224,1200
898 100 120,600,1224,1200
899 100 96,600,1224,1200
900 100 72,600,1224,1200
901 100 72,600,1224,1224
902 100 48,600,1224,1224
903 100 48,600,1224,1224
904 100 48,600,1224,1224
905 100 48,600,1224,1224
906 100 24,600,1224,1224
907 100 24,624,1224,1200
908 100 24,624,1224,1200
909 100 24,624,1224,1200
910 100 24,624,1224,1200
911 100 0,624,1224,1200
912 100 0,624,1224,1200
913 100 0,624,1224,1200
914 100 0,600,1224,1224
915 100 0,600,1224,1224
916 100 0,600,1224,1224
917 100 0,600,1224,1224
918 100 0,600,1224,1224
919 100 0,600,1224,1224
920 100 0,600,1224,1224
921 100 0,600,1224,1200
922 100 0,600,1224,1200
923 100 0,600,1224,1200
924 100 0,600,1224,1200
925 100 0,600,1224,1200
926 100 0,600,1224,1200
927 100 0,600,1224,1200
928 100 0,600,1224,1200
929 100 0,600,1224,1200
930 100 0,600,1224,1200
931 100 0,600,1224,1200
932 100 0,600,1224,1200
933 100 0,600,1224,1200
934 100 0,600,1224,1200
935 100 0,600,1224,1200
936 100 0,600,1224,1200
937 100 0,600,1224,1200
938 100 0,600,1224,1200
939 100 0,600,1224,1200
940 100 0,600,1224,1200
941 100 0,600,1224,1200
942 100 0,600,1224,1200
943 100 0,600,1224,1200
944 100 0,600,1224,1200
945 100 0,576,1224,1224
946 100 0,576,1224,1200
947 100 0,576,1224,1200
948 100 0,576,1224,1224
949 100 0,576,1224,1224
950 100 0,576,1224,1224
951 100 0,576,1224,1224
952 100 0,600,1224,1200
953 100 0,600,1224,1200
954 100 0,600,1224,1224
955 100 0,600,1224,1224
956 100 0,624,1224,1200
957 100 0,624,1224,1200
958 100 0,624,1224,1200
959 100 0,624,1224,1200
960 100 0,624,1224,1200
961 100 0,624,1224,1200
962 100 0,624,1224,1200
963 100 0,624,1224,1200
964 100 0,624,1224,1200
965 100 0,624,1224,1200
966 100 0,624,1224,1200
967 100 0,624,1224,1200
968 100 0,624,1224,1200
969 100 0,624,1224,1200
970 100 0,624,1224,1200
971 100 0,624,1224,1200
972 100 0,624,1224,1200
973 100 0,624,1224,1200
974 100 0,624,1224,1200
975 100 0,624,1224,1200
976 100 0,624,1224,1200
977 100 0,624,1224,1200
978 100 0,624,1224,1200
979 100 0,624,1224,1200
980 100 0,624,1224,1200
981 100 0,624,1224,1200
982 100 0,624,1224,1200
983 100 0,624,1224,1200
984 100 0,624,1224,1200
985 100 0,600,1224,1224
986 100 24,624,1224,1200
987 100 24,624,1224,1200
988 100 24,624,1224,1200
989 100 24,624,1224,1200
990 100 24,624,1224,1200
991 100 24,624,1224,1200
992 100 24,624,1224,1200
993 100 24,624,1224,1200
994 100 24,600,1224,1224
995 100 24,600,1224,1224
996 100 24,600,1224,1224
997 100 24,600,1224,1224
998 100 24,600,1224,1224
999 100 24,600,1224,1224
1000 100 24,600,1224,1224
1001 100 24,600,1224,1224
1002 100 24,600,1224,1224
1003 100 24,600,1224,1224
1004 100 24,600,1224,1224
1005 100 24,600,1224,1224
1006 100 24,600,1224,1224
1007 100 24,600,1224,1224
1008 100 24,600,1224,1224
1009 100 0,600,1224,1224
1010 100 0,600,1224,1224
1011 100 0,600,1224,1224
1012 100 0,600,1224,1224
1013 100 0,600,1224,1224
1014 100 0,600,1224,1224
1015 100 0,600,1224,1224
1016 100 0,600,1224,1224
1017 100 24,600,1224,1224
1018 100 24,600,1224,1224
1019 100 24,600,1224,1224
1020 100 24,600,1224,1224
1021 100 48,600,1224,1224
1022 100 48,600,1224,1224
1023 100 72,624,1224,1200
1024 100 72,624,1224,1200
1025 100 72,624,1224,1200
1026 100 96,600,1224,1224
1027 100 96,624,1224,1200
1028 100 96,624,1224,1200
1029 100 120,624,1224,1200
1030 100 120,624,1224,1200
1031 100 144,624,1224,1200
1032 100 144,624,1224,1200
1033 100 168,624,1224,1200
1034 100 168,624,1224,1200
1035 100 192,624,1224,1200
1036 100 192,624,1224,1200
1037 100 192,624,1224,1200
1038 100 216,624,1224,1200
1039 100 216,624,1224,1224
1040 100 216,624,1224,1224
1041 100 216,624,1224,1224
1042 100 240,624,1224,1200
1043 100 240,624,1224,1200
1044 100 240,624,1224,1200
1045 100 240,624,1224,1200
1046 100 264,624,1224,1200
1047 100 264,624,1224,1200
1048 100 264,624,1224,1200
1049 100 264,624,1224,1200
1050 100 264,624,1224,1200
1051 100 288,624,1224,1200
1052 100 288,624,1224,1200
1053 100 288,624,1224,1200
1054 100 312,624,1224,1200
1055 100 312,624,1224,1200
1056 100 312,624,1224,1200
1057 100 312,624,1224,1200
1058 100 312,624,1224,1200
1059 100 312,624,1224,1200
1060 100 312,624,1224,1200
1061 100 312,624,1224,1200
1062 100 312,624,1224,1200
1063 100 312,624,1224,1200
1064 100 312,624,1224,1200
1065 100 312,624,1224,1200
1066 100 312,624,1224,1200
1067 100 312,624,1224,1200
1068 100 312,624,1224,1200
1069 100 312,624,1224,1200
1070 100 312,624,1224,1200
1071 100 312,624,1224,1200
1072 100 312,624,1224,1200
1073 100 312,624,1224,1200
1074 100 312,624,1224,1200
1075 100 312,624,1224,1200
1076 100 312,624,1224,1200
1077 100 312,624,1224,1200
1078 100 312,624,1224,1200
1079 100 312,624,1224,1200
1080 100 312,624,1224,1200
1081 100 312,624,1224,1200
1082 100 312,624,1224,1200
1083 100 312,624,1224,1200
1084 100 312,624,1224,1200
1085 100 312,624,1224,1200
1086 100 312,624,1224,1200
1087 100 312,624,1224,1200
1088 100 312,624,1224,1200
1089 100 312,624,1224,1200
1090 100 312,624,1224,1200
1091 100 312,624,1224,1200
1092 100 312,624,1224,1200
1093 100 312,624,1224,1200
1094 100 312,624,1224,1200
1095 100 312,624,1224,1200
1096 100 312,624,1224,1200
1097 100 312,624,1224,1200
1098 100 312,624,1224,1200
1099 100 312,624,1224,1200
1100 100 312,624,1224,1200
1101 100 312,624,1224,1200
1102 100 312,624,1224,1200
1103 100 312,624,1224,1200
1104 100 312,624,1224,1200
1105 100 312,624,1224,1200
1106 100 312,624,1224,1200
1107 100 312,624,1224,1200
1108 100 312,624,1224,1200
1109 100 312,624,1224,1200
1110 100 312,624,1224,1200
1111 100 312,624,1224,1200
1112 100 312,624,1224,1200
1113 100 336,624,1224,1200
1114 100 336,624,1224,1200
1115 100 336,624,1224,1200
1116 100 360,600,1224,1224
1117 100 384,624,1224,1200
1118 100 384,624,1224,1200
1119 100 408,624,1224,1200
1120 100 408,624,1224,1200
1121 100 432,624,1224,1200
1122 100 432,624,1224,1200
1123 100 456,624,1224,1200
1124 100 456,624,1224,1200
1125 100 480,624,1224,1200
1126 100 480,624,1224,1200
1127 100 504,624,1224,1200
1128 100 504,624,1224,1200
1129 100 528,624,1224,1200
1130 100 528,624,1224,1200
1131 100 552,624,1224,1200
1132 100 552,624,1224,1200
1133 100 576,624,1224,1200
1134 100 576,624,1224,1200
1135 100 576,624,1224,1224
1136 100 600,624,1224,1224
1137 100 600,624,1224,1224
1138 100 600,624,1224,1224
1139 100 624,624,1224,1224
1140 100 624,624,1224,1224
1141 100 624,624,1224,1200
1142 100 624,624,1224,1200
1143 100 648,624,1224,1200
1144 100 648,624,1224,1200
1145 100 672,624,1224,1200
1146 100 672,624,1224,1200
1147 100 696,624,1224,1200
1148 100 696,624,1224,1200
1149 100 696,624,1224,1200
1150 100 696,624,1224,1200
1151 100 720,624,1224,1200
1152 100 720,624,1224,1200
1153 100 720,624,1224,1200
1154 100 720,600,1224,1224
1155 100 720,600,1224,1224
1156 100 720,600,1224,1224
1157 100 744,624,1224,1200
1158 100 744,624,1224,1200
1159 100 744,624,1224,1200
1160 100 744,624,1224,1200
1161 100 744,624,1224,1200
1162 100 744,624,1224,1200
1163 100 744,624,1224,1200
1164 100 744,624,1224,1200
1165 100 744,624,1224,1200
1166 100 744,624,1224,1200
1167 100 768,624,1224,1200
1168 100 768,624,1224,1200
1169 100 768,624,1224,1200
1170 100 768,624,1224,1200
1171 100 744,624,1224,1200
1172 100 744,624,1224,1200
1173 100 744,624,1224,1200
1174 100 744,624,1224,1200
1175 100 720,624,1224,1200
1176 100 720,624,1224,1200
1177 100 720,624,1224,1200
1178 100 720,624,1224,1200
1179 100 696,624,1224,1200
1180 100 696,624,1224,1200
1181 100 696,624,1224,1200
1182 100 672,624,1224,1200
1183 100 672,624,1224,1200
1184 100 648,600,1224,1224
1185 100 648,600,1224,1224
1186 100 624,600,1224,1224
1187 100 624,600,1224,1224
1188 100 600,600,1224,1224
1189 100 576,600,1224,1224
1190 100 576,600,1224,1200
1191 100 552,600,1224,1200
1192 100 552,600,1224,1224
1193 100 528,600,1224,1224
1194 100 528,600,1224,1224
1195 100 480,600,1224,1224
1196 100 480,600,1224,1224
1197 100 456,600,1224,1224
1198 100 456,624,1224,1200
1199 100 432,600,1224,1224
1200 100 408,600,1224,1224
1201 100 384,600,1224,1224
1202 100 384,600,1224,1224
1203 100 360,600,1224,1224
1204 100 360,600,1224,1224
1205 100 336,600,1224,1224
1206 100 312,600,1224,1224
1207 100 312,600,1224,1200
1208 100 288,600,1224,1200
1209 100 264,600,1224,1224
1210 100 240,600,1224,1224
1211 100 240,600,1224,1224
1212 100 216,600,1224,1224
1213 100 216,600,1224,1224
1214 100 168,600,1224,1224
1215 100 168,600,1224,1224
1216 100 168,600,1224,1224
1217 100 120,600,1224,1224
1218 100 120,600,1224,1224
1219 100 96,600,1224,1224
1220 100 96,624,1224,1200
1221 100 72,624,1224,1200
1222 100 72,600,1224,1224
1223 100 48,600,1224,1224
1224 100 48,600,1224,1200
1225 100 48,600,1224,1200
1226 100 24,600,1224,1200
1227 100 24,600,1224,1200
1228 100 24,600,1224,1200
1229 100 0,600,1224,1200
1230 100 0,600,1224,1200
1231 100 0,600,1224,1200
1232 100 0,600,1224,1200
1233 100 0,600,1224,1224
1234 100 0,600,1224,1224
1235 100 0,600,1224,1224
1236 100 0,600,1224,1224
1237 100 0,624,1224,1200
1238 100 0,624,1224,1200
1239 100 0,624,1224,1200
1240 100 0,600,1224,1224
1241 100 0,624,1224,1200
1242 100 0,624,1224,1200
1243 100 0,624,1224,1200
1244 100 0,624,1224,1200
1245 100 0,600,1224,1224
1246 100 0,600,1224,1224
1247 100 0,600,1224,1224
1248 100 24,600,1224,1224
1249 100 0,624,1224,1200
1250 100 0,624,1224,1200
1251 100 24,624,1224,1200
1252 100 24,624,1224,1200
1253 100 0,624,1224,1200
1254 100 0,624,1224,1200
1255 100 0,624,1224,1200
1256 100 0,624,1224,1200
1257 100 0,624,1224,1200
1258 100 0,624,1224,1200
1259 100 24,624,1224,1200
1260 100 24,624,1224,1200
1261 100 24,624,1224,1200
1262 100 24,624,1224,1200
1263 100 0,624,1224,1200
1264 100 0,624,1224,1200
1265 100 0,600,1224,1224
1266 100 0,600,1224,1224
1267 100 0,624,1224,1200
1268 100 0,624,1224,1200
1269 100 0,624,1224,1200
1270 100 0,624,1224,1200
1271 100 0,624,1224,1200
1272 100 0,624,1224,1200
1273 100 0,624,1224,1200
1274 100 0,624,1224,1200
1275 100 0,624,1224,1200
1276 100 0,624,1224,1200
1277 100 0,624,1224,1200
1278 100 0,624,1224,1200
1279 100 0,624,1224,1200
1280 100 0,624,1224,1200
1281 100 0,624,1224,1200
1282 100 0,624,1224,1200
1283 100 0,624,1224,1200
1284 100 0,624,1224,1200
1285 100 0,600,1224,1224
1286 100 0,600,1224,1224
1287 100 0,600,1224,1224
1288 100 0,600,1224,1224
1289 100 0,600,1224,1224
1290 100 0,600,1224,1224
1291 100 0,600,1224,1224
1292 100 0,600,1224,1224
1293 100 0,600,1224,1224
1294 100 0,600,1224,1224
1295 100 0,600,1224,1224
1296 100 0,600,1224,1224
1297 100 0,600,1224,1224
1298 100 0,600,1224,1224
1299 100 0,600,1224,1224
1300 100 0,600,1224,1224
1301 100 0,600,1224,1224
1302 100 0,600,1224,1224
1303 100 0,600,1224,1224
1304 100 0,600,1224,1224
1305 100 24,600,1224,1224
1306 100 24,600,1224,1224
1307 100 24,600,1224,1224
1308 100 24,600,1224,1224
1309 100 0,600,1224,1224
1310 100 24,600,1224,1224
1311 100 24,600,1224,1224
1312 100 0,600,1224,1224
1313 100 0,600,1224,1224
1314 100 24,600,1224,1224
1315 100 0,600,1224,1224
1316 100 0,600,1224,1224
1317 100 0,600,1224,1224
1318 100 24,600,1224,1224
1319 100 0,624,1224,1200
1320 100 0,600,1224,1224
1321 100 0,624,1224,1200
1322 100 0,624,1224,1200
1323 100 0,624,1224,1200
1324 100 0,624,1224,1200
1325 100 0,624,1224,1200
1326 100 0,624,1224,1200
1327 100 0,624,1224,1200
1328 100 0,624,1224,1200
1329 100 0,624,1224,1200
1330 100 0,624,1224,1200
1331 100 0,624,1224,1200
1332 100 0,624,1224,1200
1333 100 0,624,1224,1200
1334 100 0,624,1224,1200
1335 100 0,624,1224,1200
1336 100 0,624,1224,1200
1337 100 0,624,1224,1200
1338 100 0,624,1224,1200
1339 100 0,624,1224,1200
1340 100 0,624,1224,1200
1341 100 0,624,1224,1200
1342 100 0,624,1224,1200
1343 100 24,624,1224,1200
1344 100 0,624,1224,1200
1345 100 24,624,1224,1200
1346 100 0,624,1224,1200
1347 100 0,624,1224,1200
1348 100 0,624,1224,1200
1349 100 0,624,1224,1200
1350 100 0,624,1224,1200
1351 100 24,600,1224,1224
1352 100 0,600,1224,1224
1353 100 0,600,1224,1224
1354 100 0,600,1224,1224
1355 100 0,600,1224,1224
1356 100 0,600,1224,1224
1357 100 0,600,1224,1224
1358 100 0,600,1224,1224
1359 100 0,600,1224,1200
1360 100 0,600,1224,1200
1361 100 0,600,1224,1200
1362 100 24,600,1224,1200
1363 100 24,600,1224,1200
1364 100 24,600,1224,1200
1365 100 0,600,1224,1200
1366 100 0,600,1224,1200
1367 100 0,600,1224,1200
1368 100 0,600,1224,1200
1369 100 0,600,1224,1200
1370 100 24,600,1224,1224
1371 100 0,600,1224,1224
1372 100 48,600,1224,1224
1373 100 24,600,1224,1200
1374 100 24,600,1224,1200
1375 100 0,600,1224,1200
1376 100 48,600,1224,1200
1377 100 48,600,1224,1200
1378 100 24,600,1224,1200
1379 100 24,600,1224,1200
1380 100 24,600,1224,1200
1381 100 24,600,1224,1200
1382 100 24,600,1224,1200
1383 100 24,600,1224,1200
1384 100 24,600,1224,1200
1385 100 24,600,1224,1200
1386 100 24,600,1224,1200
1387 100 24,600,1224,1200
1388 100 24,600,1224,1200
1389 100 24,600,1224,1200
1390 100 24,600,1224,1200
1391 100 48,600,1224,1200
1392 100 48,600,1224,1200
1393 100 48,600,1224,1200
1394 100 24,600,1224,1200
1395 100 24,600,1224,1200
1396 100 24,600,1224,1200
1397 100 24,600,1224,1200
1398 100 24,600,1224,1200
1399 100 24,600,1224,1200
1400 100 24,600,1224,1200
1401 100 48,600,1224,1200
1402 100 48,600,1224,1200
1403 100 24,600,1224,1200
1404 100 24,600,1224,1200
1405 100 48,600,1224,1200
1406 100 24,600,1224,1200
1407 100 48,600,1224,1200
1408 100 48,600,1224,1200
1409 100 48,600,1224,1200
1410 100 0,600,1224,1200
1411 100 0,600,1224,1200
1412 100 24,600,1224,1200
1413 100 24,600,1224,1200
1414 100 48,600,1224,1200
1415 100 0,600,1224,1200
1416 100 0,600,1224,1200
1417 100 0,600,1224,1200
1418 100 0,600,1224,1200
1419 100 24,600,1224,1200
1420 100 24,600,1224,1200
1421 100 24,600,1224,1200
1422 100 24,600,1224,1200
1423 100 24,600,1224,1200
1424 100 24,600,1224,1200
1425 100 0,600,1224,1200
1426 100 0,600,1224,1200
1427 100 0,600,1224,1200
1428 100 0,600,1224,1200
1429 100 0,600,1224,1200
1430 100 0,600,1224,1200
1431 100 0,600,1224,1200
1432 100 0,600,1224,1200
1433 100 0,600,1224,1200
1434 100 0,600,1224,1200
1435 100 0,600,1224,1200
1436 100 0,600,1224,1200
1437 100 0,600,1224,1200
1438 100 0,600,1224,1200
1439 100 0,600,1224,1200
1440 100 0,600,1224,1200
1441 100 0,600,1224,1200
1442 100 0,600,1224,1200
1443 100 0,600,1224,1200
1444 100 0,600,1224,1200
1445 100 0,600,1224,1200
1446 100 0,600,1224,1200
1447 100 0,600,1224,1200
1448 100 0,600,1224,1200
1449 100 0,600,1224,1200
1450 100 0,600,1224,1224
1451 100 0,600,1224,1224
1452 100 0,600,1224,1224
1453 100 0,600,1224,1224
1454 100 0,600,1224,1224
1455 100 0,600,1224,1224
1456 100 0,600,1224,1224
1457 100 0,600,1224,1224
1458 100 0,600,1224,1224
1459 100 0,600,1224,1224
1460 100 0,600,1224,1224
1461 100 0,600,1224,1224
1462 100 0,600,1224,1224
1463 100 0,600,1224,1224
1464 100 24,600,1224,1200
1465 100 0,600,1224,1224
1466 100 0,600,1224,1224
1467 100 0,600,1224,1224
1468 100 0,600,1224,1224
1469 100 0,600,1224,1200
1470 100 24,600,1224,1200
1471 100 24,600,1224,1200
1472 100 0,600,1224,1200
1473 100 0,600,1224,1224
1474 100 0,600,1224,1224
1475 100 24,600,1224,1200
1476 100 24,600,1224,1200
1477 100 24,600,1224,1200
1478 100 24,600,1224,1224
1479 100 24,600,1224,1224
1480 100 24,600,1224,1200
1481 100 24,600,1224,1224
1482 100 0,600,1224,1224
1483 100 0,600,1224,1224
1484 100 24,600,1224,1224
1485 100 0,600,1224,1224
1486 100 0,600,1224,1224
1487 100 0,600,1224,1224
1488 100 0,600,1224,1224
1489 100 0,600,1224,1224
1490 100 0,600,1224,1224
1491 100 0,600,1224,1224
1492 100 0,600,1224,1224
1493 100 0,600,1224,1224
1494 100 0,600,1224,1224
1495 100 0,600,1224,1224
1496 100 0,600,1224,1224
1497 100 0,600,1224,1224
1498 100 0,600,1224,1224
1499 100 0,600,1224,1224
1500 100 0,600,1224,1224
1501 100 0,600,1224,1224
1502 100 0,600,1224,1224
1503 100 0,600,1224,1224
1504 100 0,600,1224,1224
1505 100 0,600,1224,1224
1506 100 24,600,1224,1224
1507 100 0,600,1224,1224
1508 100 0,600,1224,1224
1509 100 24,600,1224,1224
1510 100 24,600,1224,1224
1511 100 24,600,1224,1224
1512 100 24,600,1224,1224
1513 100 24,600,1224,1224
1514 100 24,600,1224,1224
1515 100 24,600,1224,1224
1516 100 24,600,1224,1224
1517 100 24,600,1224,1224
1518 100 24,600,1224,1224
1519 100 24,600,1224,1224
1520 100 24,600,1224,1224
1521 100 24,600,1224,1224
1522 100 24,600,1224,1224
1523 100 24,600,1224,1224
1524 100 24,600,1224,1224
1525 100 24,600,1224,1224
1526 100 24,600,1224,1224
1527 100 24,600,1224,1224
1528 100 24,600,1224,1224
1529 100 24,600,1224,1224
1530 100 24,624,1224,1200
1531 100 24,600,1224,1224
1532 100 24,600,1224,1224
1533 100 24,600,1224,1224
1534 100 24,600,1224,1224
1535 100 24,600,1224,1224
1536 100 0,600,1224,1224
1537 100 0,600,1224,1224
1538 100 0,600,1224,1224
1539 100 24,600,1224,1224
1540 100 24,624,1224,1200
1541 100 24,624,1224,1200
1542 100 24,624,1224,1200
1543 100 24,624,1224,1200
1544 100 24,624,1224,1200
1545 100 24,624,1224,1200
1546 100 24,624,1224,1200
1547 100 24,624,1224,1200
1548 100 24,624,1224,1200
1549 100 24,624,1224,1200
1550 100 24,600,1224,1224
1551 100 24,600,1224,1224
1552 100 24,600,1224,1224
1553 100 24,624,1224,1200
1554 100 24,624,1224,1200
1555 100 0,624,1224,1200
1556 100 0,624,1224,1200
1557 100 0,624,1224,1200
1558 100 24,624,1224,1200
1559 100 0,600,1224,1224
1560 100 0,600,1224,1224
1561 100 0,600,1224,1224
1562 100 0,600,1224,1224
1563 100 0,600,1224,1224
1564 100 0,600,1224,1224
1565 100 0,600,1224,1224
1566 100 24,600,1224,1224
1567 100 24,600,1224,1224
1568 100 48,624,1224,1200
1569 100 48,624,1224,1200
1570 100 72,624,1224,1200
1571 100 72,624,1224,1200
1572 100 96,624,1224,1200
1573 100 96,624,1224,1200
1574 100 120,624,1224,1200
1575 100 120,624,1224,1200
1576 100 120,624,1224,1200
1577 100 144,624,1224,1200
1578 100 144,624,1224,1200
1579 100 144,624,1224,1200
1580 100 144,624,1224,1200
1581 100 168,624,1224,1200
1582 100 168,624,1224,1200
1583 100 168,624,1224,1200
1584 100 168,624,1224,1200
1585 100 192,624,1224,1200
1586 100 192,624,1224,1200
1587 100 192,624,1224,1200
1588 100 216,624,1224,1200
1589 100 216,624,1224,1200
1590 100 216,624,1224,1200
1591 100 240,624,1224,1200
1592 100 240,624,1224,1200
1593 100 240,624,1224,1200
1594 100 264,624,1224,1200
1595 100 264,624,1224,1200
1596 100 264,624,1224,1200
1597 100 264,624,1224,1200
1598 100 288,624,1224,1200
1599 100 288,624,1224,1200
1600 100 288,624,1224,1200
1601 100 288,624,1224,1200
1602 100 312,624,1224,1200
1603 100 312,624,1224,1200
1604 100 312,624,1224,1200
1605 100 336,624,1224,1200
1606 100 336,624,1224,1200
1607 100 336,624,1224,1200
1608 100 336,624,1224,1200
1609 100 336,624,1224,1200
1610 100 336,624,1224,1200
1611 100 360,624,1224,1200
1612 100 360,624,1224,1200
1613 100 360,624,1224,1200
1614 100 360,624,1224,1200
1615 100 384,624,1224,1200
1616 100 384,624,1224,1200
1617 100 384,624,1224,1200
1618 100 384,624,1224,1200
1619 100 408,624,1224,1200
1620 100 408,624,1224,1200
1621 100 408,624,1224,1200
1622 100 408,624,1224,1200
1623 100 408,624,1224,1200
1624 100 408,624,1224,1224
1625 100 408,624,1224,1224
1626 100 408,624,1224,1224
1627 100 408,624,1224,1224
1628 100 408,624,1224,1224
1629 100 408,624,1224,1224
1630 100 408,624,1224,1224
1631 100 432,624,1224,1224
1632 100 432,624,1224,1224
1633 100 432,624,1224,1224
1634 100 432,624,1224,1224
1635 100 432,624,1224,1224
1636 100 432,624,1224,1224
1637 100 432,624,1224,1224
1638 100 432,624,1224,1224
1639 100 432,624,1224,1224
1640 100 432,624,1224,1224
1641 100 432,624,1224,1224
1642 100 432,624,1224,1224
1643 100 432,624,1224,1224
1644 100 432,624,1224,1224
1645 100 432,624,1224,1224
1646 100 432,624,1224,1224
1647 100 432,624,1224,1224
1648 100 408,624,1224,1224
1649 100 408,624,1224,1224
1650 100 408,624,1224,1224
1651 100 432,624,1224,1224
1652 100 432,624,1224,1224
1653 100 432,624,1224,1224
1654 100 432,624,1224,1224
1655 100 432,624,1224,1224
1656 100 432,624,1224,1224
1657 100 432,624,1224,1224
1658 100 432,624,1224,1224
1659 100 432,624,1224,1224
1660 100 432,624,1224,1224
1661 100 432,624,1224,1224
1662 100 432,624,1224,1200
1663 100 432,624,1224,1200
1664 100 432,624,1224,1200
1665 100 408,624,1224,1200
1666 100 408,624,1224,1200
1667 100 408,624,1224,1224
1668 100 408,624,1224,1224
1669 100 408,624,1224,1224
1670 100 408,624,1224,1224
1671 100 408,624,1224,1200
1672 100 408,624,1224,1200
1673 100 384,624,1224,1200
1674 100 384,624,1224,1200
1675 100 384,624,1224,1200
1676 100 384,624,1224,1200
1677 100 384,624,1224,1200
1678 100 384,624,1224,1200
1679 100 384,624,1224,1200
1680 100 384,624,1224,1200
1681 100 384,624,1224,1200
1682 100 384,624,1224,1200
1683 100 360,624,1224,1224
1684 100 360,624,1224,1224
1685 100 360,624,1224,1224
1686 100 360,624,1224,1224
1687 100 360,624,1224,1224
1688 100 360,624,1224,1200
1689 100 360,624,1224,1200
1690 100 360,624,1224,1224
1691 100 384,624,1224,1200
1692 100 384,624,1224,1200
1693 100 384,624,1224,1200
1694 100 384,624,1224,1200
1695 100 384,624,1224,1200
1696 100 384,624,1224,1200
1697 100 384,624,1224,1200
1698 100 408,624,1224,1200
1699 100 408,624,1224,1200
1700 100 408,624,1224,1200
1701 100 408,624,1224,1200
1702 100 384,624,1224,1200
1703 100 384,624,1224,1200
1704 100 408,624,1224,1200
1705 100 408,624,1224,1200
1706 100 408,624,1224,1200
1707 100 408,624,1224,1200
1708 100 408,624,1224,1200
1709 100 408,624,1224,1200
1710 100 408,624,1224,1200
1711 100 408,624,1224,1200
1712 100 408,624,1224,1200
1713 100 408,624,1224,1200
1714 100 408,624,1224,1200
1715 100 408,624,1224,1200
1716 100 408,624,1224,1224
1717 100 408,624,1224,1224
1718 100 408,624,1224,1224
1719 100 408,624,1224,1224
1720 100 408,624,1224,1224
1721 100 408,624,1224,1224
1722 100 408,624,1224,1224
1723 100 408,624,1224,1224
1724 100 408,624,1224,1224
1725 100 408,624,1224,1224
1726 100 408,624,1224,1224
1727 100 408,624,1224,1224
1728 100 408,624,1224,1224
1729 100 408,624,1224,1224
1730 100 408,624,1224,1224
1731 100 408,624,1224,1224
1732 100 408,624,1224,1224
1733 100 408,624,1224,1224
1734 100 408,624,1224,1224
1735 100 408,648,1224,1200
1736 100 408,624,1224,1224
1737 100 408,624,1224,1224
1738 100 408,648,1224,1200
1739 100 408,648,1224,1200
1740 100 408,648,1224,1200
1741 100 408,648,1224,1200
1742 100 408,648,1224,1200
1743 100 408,648,1224,1200
1744 100 408,648,1224,1200
1745 100 408,648,1224,1200
1746 100 408,648,1224,1200
1747 100 408,648,1224,1200
1748 100 432,624,1224,1224
1749 100 432,624,1224,1224
1750 100 432,624,1224,1200
1751 100 432,624,1224,1200
1752 100 432,624,1224,1200
1753 100 432,624,1224,1200
1754 100 432,624,1224,1200
1755 100 432,624,1224,1200
1756 100 432,624,1224,1200
1757 100 432,624,1224,1200
1758 100 432,624,1224,1200
1759 100 456,624,1224,1200
1760 100 456,624,1224,1200
1761 100 456,624,1224,1200
1762 100 480,624,1224,1200
1763 100 480,624,1224,1200
1764 100 480,624,1224,1200
1765 100 504,624,1224,1200
1766 100 504,624,1224,1200
1767 100 504,624,1224,1200
1768 100 504,624,1224,1200
1769 100 504,624,1224,1200
1770 100 504,624,1224,1200
1771 100 504,600,1224,1224
1772 100 504,600,1224,1224
1773 100 504,600,1224,1224
1774 100 504,600,1224,1224
1775 100 528,600,1224,1224
1776 100 528,600,1224,1224
1777 100 528,600,1224,1224
1778 100 528,600,1224,1224
1779 100 528,600,1224,1224
1780 100 528,600,1224,1224
1781 100 528,624,1224,1200
1782 100 528,624,1224,1200
1783 100 552,600,1224,1224
1784 100 552,600,1224,1224
1785 100 552,600,1224,1224
1786 100 576,600,1224,1224
1787 100 576,600,1224,1224
1788 100 576,600,1224,1224
1789 100 576,624,1224,1200
1790 100 576,624,1224,1200
1791 100 600,600,1224,1224
1792 100 600,600,1224,1224
1793 100 600,600,1224,1224
1794 100 600,600,1224,1224
1795 100 600,600,1224,1224
1796 100 600,600,1224,1224
1797 100 600,600,1224,1224
1798 100 600,600,1224,1224
1799 100 600,600,1224,1224
1800 100 600,600,1224,1224
1801 100 600,600,1224,1224
1802 100 600,600,1224,1224
1803 100 600,600,1224,1224
1804 100 600,600,1224,1224
1805 100 600,600,1224,1224
1806 100 600,600,1224,1224
1807 100 600,600,1224,1200
1808 100 600,600,1224,1200
1809 100 600,600,1224,1200
1810 100 624,600,1224,1200
1811 100 624,600,1224,1224
1812 100 624,600,1224,1224
1813 100 600,600,1224,1224
1814 100 600,600,1224,1224
1815 100 600,600,1224,1224
1816 100 600,600,1224,1224
1817 100 600,600,1224,1224
1818 100 600,600,1224,1224
1819 100 600,600,1224,1224
1820 100 600,600,1224,1224
1821 100 600,600,1224,1224
1822 100 600,600,1224,1224
1823 100 600,600,1224,1224
1824 100 600,600,1224,1224
1825 100 600,600,1224,1224
1826 100 600,600,1224,1224
1827 100 600,600,1224,1224
1828 100 600,600,1224,1224
1829 100 600,600,1224,1224
1830 100 600,624,1224,1200
1831 100 600,624,1224,1200
1832 100 600,624,1224,1200
1833 100 600,624,1224,1200
1834 100 576,624,1224,1200
1835 100 576,624,1224,1200
1836 100 576,624,1224,1200
1837 100 600,624,1224,1200
1838 100 600,624,1224,1200
1839 100 576,624,1224,1200
1840 100 576,624,1224,1200
1841 100 576,624,1224,1200
1842 100 576,624,1224,1200
1843 100 576,624,1224,1200
1844 100 576,624,1224,1200
1845 100 600,624,1224,1200
1846 100 600,600,1224,1224
1847 100 600,600,1224,1224
1848 100 600,600,1224,1224
1849 100 600,600,1224,1224
1850 100 600,600,1224,1224
1851 100 600,600,1224,1224
1852 100 600,600,1224,1224
1853 100 600,600,1224,1224
1854 100 600,600,1224,1224
1855 100 600,600,1224,1224
1856 100 600,600,1224,1224
1857 100 600,600,1224,1224
1858 100 600,624,1224,1200
1859 100 600,624,1224,1200
1860 100 600,600,1224,1224
1861 100 600,624,1224,1200
1862 100 600,600,1224,1224
1863 100 576,624,1224,1200
1864 100 576,624,1224,1200
1865 100 576,624,1224,1200
1866 100 576,624,1224,1200
1867 100 600,624,1224,1200
1868 100 600,624,1224,1200
1869 100 600,624,1224,1200
1870 100 576,624,1224,1200
1871 100 600,624,1224,1200
1872 100 600,624,1224,1200
1873 100 600,624,1224,1200
1874 100 600,624,1224,1200
1875 100 600,624,1224,1200
1876 100 576,624,1224,1200
1877 100 576,624,1224,1200
1878 100 576,624,1224,1200
1879 100 576,624,1224,1200
1880 100 576,624,1224,1200
1881 100 576,624,1224,1200
1882 100 576,624,1224,1200
1883 100 576,624,1224,1200
1884 100 576,624,1224,1200
1885 100 576,624,1224,1200
1886 100 576,624,1224,1200
1887 100 576,624,1224,1200
1888 100 576,624,1224,1200
1889 100 576,624,1224,1200
1890 100 576,624,1224,1200
1891 100 576,624,1224,1200
1892 100 576,624,1224,1200
1893 100 576,624,1224,1200
1894 100 576,624,1224,1200
1895 100 576,624,1224,1200
1896 100 576,624,1224,1200
1897 100 576,624,1224,1200
1898 100 576,624,1224,1200
1899 100 576,624,1224,1200
1900 100 576,624,1224,1200
1901 100 576,624,1224,1200
1902 100 576,624,1224,1200
1903 100 576,624,1224,1200
1904 100 576,624,1224,1200
1905 100 576,624,1224,1200
1906 100 576,624,1224,1200
1907 100 576,624,1224,1200
1908 100 576,624,1224,1200
1909 100 576,624,1224,1200
1910 100 576,624,1224,1200
1911 100 576,624,1224,1200
1912 100 576,624,1224,1200
1913 100 576,624,1224,1200
1914 100 576,624,1224,1200
1915 100 576,624,1224,1200
1916 100 576,624,1224,1200
1917 100 576,624,1224,1200
1918 100 576,624,1224,1200
1919 100 576,624,1224,1200
1920 100 576,624,1224,1200
1921 100 576,624,1224,1200
1922 100 576,624,1224,1200
1923 100 576,624,1224,1200
1924 100 576,624,1224,1200
1925 100 576,624,1224,1200
1926 100 576,624,1224,1200
1927 100 576,624,1224,1200
1928 100 576,624,1224,1200
1929 100 576,624,1224,1200
1930 100 576,624,1224,1200
1931 100 576,624,1224,1200
1932 100 576,624,1224,1200
1933 100 576,624,1224,1200
1934 100 576,624,1224,1224
1935 100 576,624,1224,1224
1936 100 576,624,1224,1200
1937 100 576,624,1224,1200
1938 100 576,624,1224,1200
1939 100 576,624,1224,1200
1940 100 576,624,1224,1200
1941 100 576,624,1224,1200
1942 100 552,624,1224,1200
1943 100 552,624,1224,1200
1944 100 552,624,1224,1200
1945 100 552,624,1224,1200
1946 100 552,600,1224,1224
1947 100 552,600,1224,1224
1948 100 528,600,1224,1224
1949 100 528,600,1224,1224
1950 100 528,600,1224,1224
1951 100 528,600,1224,1200
1952 100 552,600,1224,1200
1953 100 528,600,1224,1200
1954 100 528,600,1224,1200
1955 100 528,600,1224,1200
1956 100 528,600,1224,1200
1957 100 528,600,1224,1200
1958 100 528,600,1224,1200
1959 100 528,600,1224,1200
1960 100 528,600,1224,1200
1961 100 528,600,1224,1200
1962 100 528,600,1224,1200
1963 100 528,600,1224,1200
1964 100 528,600,1224,1200
1965 100 528,600,1224,1200
1966 100 528,600,1224,1200
1967 100 528,600,1224,1200
1968 100 528,600,1224,1200
1969 100 528,600,1224,1200
1970 100 528,600,1224,1200
1971 100 528,600,1224,1200
1972 100 528,600,1224,1200
1973 100 528,600,1224,1200
1974 100 528,600,1224,1200
1975 100 528,600,1224,1200
1976 100 528,600,1224,1200
1977 100 528,600,1224,1200
1978 100 528,600,1224,1200
1979 100 528,600,1224,1200
1980 100 528,600,1224,1200
1981 100 528,600,1224,1200
1982 100 528,600,1224,1200
1983 100 528,600,1224,1200
1984 100 528,600,1224,1200
1985 100 528,600,1224,1200
1986 100 528,600,1224,1200
1987 100 528,600,1224,1200
1988 100 528,600,1224,1200
1989 100 528,600,1224,1200
1990 100 552,600,1224,1200
1991 100 552,600,1224,1200
1992 100 552,600,1224,1200
1993 100 552,600,1224,1200
1994 100 552,600,1224,1200
1995 100 552,600,1224,1200
1996 100 552,600,1224,1200
1997 100 552,600,1224,1200
1998 100 552,600,1224,1200
1999 100 552,600,1224,1200
2000 100 552,600,1224,1200
2001 100 552,600,1224,1200
2002 100 552,600,1224,1200
2003 100 552,600,1224,1200
2004 100 528,600,1224,1200
2005 100 528,600,1224,1200
2006 100 504,600,1224,1200
2007 100 504,600,1224,1200
2008 100 480,600,1224,1200
2009 100 480,600,1224,1200
2010 100 456,600,1224,1200
2011 100 456,600,1224,1200
2012 100 432,600,1224,1200
2013 100 408,600,1224,1200
2014 100 384,576,1224,1224
2015 100 384,576,1224,1224
2016 100 360,576,1224,1200
2017 100 336,576,1224,1200
2018 100 312,576,1224,1200
2019 100 312,576,1224,1200
2020 100 288,576,1224,1200
2021 100 288,576,1224,1200
2022 100 264,552,1224,1224
2023 100 240,552,1224,1224
2024 100 216,552,1224,1224
2025 100 216,552,1224,1224
2026 100 216,552,1224,1224
2027 100 144,552,1224,1224
2028 100 120,576,1224,1200
2029 100 120,576,1224,1200
2030 100 120,576,1224,1200
2031 100 96,576,1224,1200
2032 100 72,576,1224,1200
2033 100 72,576,1224,1200
2034 100 48,576,1224,1200
2035 100 48,576,1224,1200
2036 100 48,576,1224,1200
2037 100 48,576,1224,1200
2038 100 48,552,1224,1224
2039 100 24,576,1224,1200
2040 100 24,552,1224,1224
2041 100 24,552,1224,1224
2042 100 24,552,1224,1224
2043 100 48,552,1224,1224
2044 100 24,552,1224,1224
2045 100 24,576,1224,1200
2046 100 24,576,1224,1200
2047 100 24,576,1224,1200
2048 100 24,576,1224,1200
2049 100 24,576,1224,1200
2050 100 0,576,1224,1224
2051 100 0,576,1224,1224
2052 100 0,576,1224,1224
2053 100 0,576,1224,1224
2054 100 24,600,1224,1200
2055 100 24,600,1224,1200
2056 100 0,600,1224,1200
2057 100 0,600,1224,1200
2058 100 0,600,1224,1200
2059 100 0,600,1224,1200
2060 100 0,600,1224,1200
2061 100 0,600,1224,1200
2062 100 0,600,1224,1200
2063 100 0,600,1224,1200
2064 100 0,600,1224,1200
2065 100 0,600,1224,1224
2066 100 0,600,1224,1200
2067 100 0,600,1224,1200
2068 100 0,600,1224,1224
2069 100 24,600,1224,1224
2070 100 0,600,1224,1200
2071 100 0,600,1224,1200
2072 100 0,600,1224,1200
2073 100 0,600,1224,1224
2074 100 0,600,1224,1200
2075 100 0,600,1224,1200
2076 100 0,600,1224,1224
2077 100 0,600,1224,1224
2078 100 0,600,1224,1224
2079 100 0,600,1224,1224
2080 100 0,600,1224,1224
2081 100 0,600,1224,1224
2082 100 0,600,1224,1224
2083 100 0,600,1224,1224
2084 100 24,600,1224,1224
2085 100 24,600,1224,1200
2086 100 24,600,1224,1200
2087 100 0,600,1224,1200
2088 100 0,600,1224,1200
2089 100 0,600,1224,1200
2090 100 0,600,1224,1200
2091 100 0,600,1224,1200
2092 100 24,600,1224,1200
2093 100 24,600,1224,1200
2094 100 24,600,1224,1200
2095 100 0,600,1224,1200
2096 100 0,600,1224,1200
2097 100 0,600,1224,1200
2098 100 0,600,1224,1200
