0 100 552,696,1224,1224
1 100 552,696,1224,1224
2 100 552,696,1224,1224
3 100 552,696,1224,1224
4 100 576,696,1224,1200
5 100 576,696,1224,1200
6 100 576,696,1224,1200
7 100 576,696,1224,1200
8 100 576,696,1224,1200
9 100 576,696,1224,1200
10 100 576,696,1224,1200
11 100 576,696,1224,1200
12 100 576,696,1224,1200
13 100 576,696,1224,1200
14 100 576,696,1224,1200
15 100 600,696,1224,1200
16 100 600,696,1224,1200
17 100 600,696,1224,1200
18 100 600,696,1224,1200
19 100 624,696,1224,1200
20 100 624,696,1224,1200
21 100 648,696,1224,1200
22 100 648,696,1224,1200
23 100 672,672,1224,1224
24 100 672,672,1224,1224
25 100 696,672,1224,1224
26 100 720,672,1224,1200
27 100 744,672,1224,1200
28 100 744,672,1224,1200
29 100 768,672,1224,1200
30 100 792,672,1224,1200
31 100 816,672,1224,1200
32 100 840,648,1224,1224
33 100 864,648,1224,1224
34 100 888,648,1224,1200
35 100 888,648,1224,1200
36 100 912,648,1224,1200
37 100 936,648,1224,1200
38 100 960,648,1224,1200
39 100 984,624,1224,1224
40 100 1008,624,1224,1224
41 100 1032,624,1224,1224
42 100 1056,624,1224,1224
43 100 1080,624,1224,1224
44 100 1104,624,1224,1200
45 100 1104,624,1224,1200
46 100 1128,624,1224,1200
47 100 1152,624,1224,1200
48 100 1176,624,1224,1200
49 100 1200,624,1224,1200
50 100 1224,624,1224,1200
51 100 1248,624,1224,1200
52 100 1272,600,1224,1224
53 100 1296,600,1224,1224
54 100 1320,600,1224,1200
55 100 1344,600,1224,1200
56 100 1344,600,1224,1200
57 100 1368,600,1224,1200
58 100 1392,600,1224,1200
59 100 1392,576,1224,1224
60 100 1416,576,1224,1200
61 100 1416,576,1224,1200
62 100 1416,552,1224,1224
63 100 1416,552,1224,1200
64 100 1416,528,1224,1224
65 100 1416,528,1224,1200
66 100 1392,504,1224,1224
67 100 1392,504,1224,1200
68 100 1392,480,1224,1200
69 100 1368,456,1224,1224
70 100 1344,456,1224,1200
71 100 1320,432,1224,1200
72 100 1296,408,1224,1224
73 100 1272,408,1224,1200
74 100 1248,384,1224,1224
75 100 1224,360,1224,1224
76 100 1176,360,1224,1200
77 100 1152,336,1224,1224
78 100 1104,336,1224,1224
79 100 1056,312,1224,1224
80 100 1032,312,1224,1224
81 100 984,312,1224,1200
82 100 960,288,1224,1224
83 100 936,288,1224,1224
84 100 888,288,1224,1200
85 100 864,288,1224,1200
86 100 840,264,1224,1224
87 100 792,264,1224,1224
88 100 768,264,1224,1200
89 100 744,264,1224,1200
90 100 696,240,1224,1224
91 100 672,240,1224,1200
92 100 624,240,1224,1200
93 100 600,240,1224,1200
94 100 576,240,1224,1200
95 100 552,240,1224,1200
96 100 528,240,1224,1200
97 100 504,240,1224,1200
98 100 480,240,1224,1200
99 100 456,240,1224,1200
100 100 432,240,1224,1224
101 100 408,240,1224,1224
102 100 384,264,1224,1200
103 100 360,264,1224,1200
104 100 336,264,1224,1200
105 100 312,264,1224,1224
106 100 288,288,1224,1200
107 100 264,288,1224,1200
108 100 240,312,1224,1200
109 100 216,312,1224,1200
110 100 216,312,1224,1224
111 100 192,336,1224,1200
112 100 168,336,1224,1224
113 100 168,360,1224,1200
114 100 168,384,1224,1200
115 100 144,384,1224,1200
116 100 144,408,1224,1200
117 100 120,408,1224,1224
118 100 120,432,1224,1200
119 100 120,456,1224,1200
120 100 96,456,1224,1224
121 100 96,480,1224,1200
122 100 72,480,1224,1200
123 100 72,504,1224,1200
124 100 48,504,1224,1200
125 100 24,528,1224,1200
126 100 0,528,1224,1200
127 100 0,528,1224,1224
128 100 0,552,1224,1200
129 100 0,552,1224,1224
130 100 0,576,1224,1200
131 100 0,576,1224,1200
132 100 0,576,1224,1200
133 100 0,576,1224,1200
134 100 24,576,1224,1200
135 100 0,576,1224,1200
136 100 24,576,1224,1224
137 100 0,576,1224,1224
138 100 0,576,1224,1224
139 100 24,576,1224,1224
140 100 0,576,1224,1224
141 100 0,576,1224,1224
142 100 24,600,1224,1200
143 100 24,600,1224,1200
144 100 0,600,1224,1200
145 100 0,600,1224,1200
146 100 24,600,1224,1200
147 100 0,600,1224,1200
148 100 0,600,1224,1200
149 100 24,600,1224,1224
150 100 24,600,1224,1224
151 100 24,600,1224,1224
152 100 24,600,1224,1224
153 100 24,600,1224,1224
154 100 24,600,1224,1224
155 100 24,600,1224,1224
156 100 24,600,1224,1224
157 100 24,600,1224,1224
158 100 24,600,1224,1224
159 100 48,600,1224,1224
160 100 0,600,1224,1224
161 100 0,600,1224,1224
162 100 0,600,1224,1224
163 100 0,600,1224,1224
164 100 0,600,1224,1224
165 100 0,600,1224,1224
166 100 0,600,1224,1224
167 100 0,600,1224,1224
168 100 0,600,1224,1224
169 100 0,600,1224,1224
170 100 24,600,1224,1224
171 100 24,600,1224,1224
172 100 24,600,1224,1224
173 100 24,600,1224,1224
174 100 24,600,1224,1224
175 100 24,600,1224,1224
176 100 24,600,1224,1224
177 100 24,600,1224,1224
178 100 24,600,1224,1224
179 100 24,600,1224,1224
180 100 24,600,1224,1224
181 100 24,600,1224,1224
182 100 24,600,1224,1224
183 100 0,600,1224,1224
184 100 0,600,1224,1224
185 100 0,600,1224,1224
186 100 0,600,1224,1224
187 100 0,600,1224,1224
188 100 0,600,1224,1224
189 100 0,624,1224,1200
190 100 0,624,1224,1200
191 100 0,600,1224,1224
192 100 0,600,1224,1224
193 100 0,624,1224,1200
194 100 0,624,1224,1200
195 100 0,600,1224,1224
196 100 0,624,1224,1200
197 100 0,624,1224,1200
198 100 0,600,1224,1224
199 100 0,600,1224,1224
200 100 0,600,1224,1224
201 100 0,600,1224,1224
202 100 0,600,1224,1224
203 100 0,600,1224,1224
204 100 0,600,1224,1224
205 100 0,600,1224,1224
206 100 0,600,1224,1224
207 100 0,600,1224,1224
208 100 0,600,1224,1224
209 100 0,600,1224,1224
210 100 0,600,1224,1224
211 100 24,600,1224,1224
212 100 0,624,1224,1200
213 100 0,624,1224,1200
214 100 24,624,1224,1200
215 100 24,624,1224,1200
216 100 24,624,1224,1200
217 100 24,624,1224,1200
218 100 24,624,1224,1200
219 100 24,624,1224,1200
220 100 24,624,1224,1200
221 100 0,624,1224,1200
222 100 24,624,1224,1200
223 100 24,624,1224,1200
224 100 24,624,1224,1200
225 100 24,624,1224,1200
226 100 24,624,1224,1200
227 100 24,624,1224,1200
228 100 0,624,1224,1200
229 100 0,624,1224,1200
230 100 0,624,1224,1200
231 100 24,624,1224,1200
232 100 24,624,1224,1200
233 100 24,624,1224,1200
234 100 24,624,1224,1200
235 100 24,624,1224,1200
236 100 24,624,1224,1200
237 100 24,624,1224,1200
238 100 24,624,1224,1200
239 100 24,624,1224,1200
240 100 24,624,1224,1200
241 100 0,624,1224,1200
242 100 0,624,1224,1200
243 100 0,624,1224,1200
244 100 0,624,1224,1200
245 100 0,624,1224,1200
246 100 0,624,1224,1200
247 100 0,624,1224,1200
248 100 0,624,1224,1200
249 100 0,624,1224,1200
250 100 0,624,1224,1200
251 100 0,624,1224,1200
252 100 0,624,1224,1200
253 100 0,624,1224,1200
254 100 0,624,1224,1200
255 100 0,624,1224,1200
256 100 0,624,1224,1200
257 100 0,624,1224,1200
258 100 0,624,1224,1200
259 100 24,600,1224,1224
260 100 24,600,1224,1224
261 100 24,600,1224,1224
262 100 24,600,1224,1224
263 100 24,600,1224,1224
264 100 0,600,1224,1224
265 100 24,600,1224,1224
266 100 0,600,1224,1224
267 100 0,600,1224,1224
268 100 0,600,1224,1224
269 100 0,600,1224,1224
270 100 0,600,1224,1224
271 100 0,600,1224,1224
272 100 0,600,1224,1224
273 100 0,600,1224,1224
274 100 0,600,1224,1224
275 100 0,600,1224,1224
276 100 0,600,1224,1224
277 100 0,600,1224,1224
278 100 0,624,1224,1200
279 100 0,624,1224,1200
280 100 0,624,1224,1200
281 100 0,624,1224,1200
282 100 0,624,1224,1200
283 100 0,624,1224,1200
284 100 0,624,1224,1200
285 100 0,624,1224,1200
286 100 24,624,1224,1200
287 100 0,624,1224,1200
288 100 0,624,1224,1200
289 100 0,624,1224,1200
290 100 0,624,1224,1200
291 100 0,624,1224,1200
292 100 0,624,1224,1200
293 100 0,624,1224,1200
294 100 0,624,1224,1200
295 100 0,624,1224,1200
296 100 0,624,1224,1200
297 100 0,624,1224,1200
298 100 0,624,1224,1200
299 100 0,624,1224,1200
300 100 0,624,1224,1200
301 100 0,624,1224,1200
302 100 24,624,1224,1200
303 100 24,624,1224,1200
304 100 24,624,1224,1200
305 100 48,624,1224,1200
306 100 48,624,1224,1200
307 100 48,624,1224,1200
308 100 72,624,1224,1200
309 100 72,624,1224,1200
310 100 96,624,1224,1200
311 100 96,624,1224,1200
312 100 96,624,1224,1200
313 100 120,624,1224,1200
314 100 120,624,1224,1200
315 100 144,624,1224,1200
316 100 144,624,1224,1200
317 100 168,624,1224,1200
318 100 168,600,1224,1224
319 100 192,624,1224,1200
320 100 192,600,1224,1224
321 100 216,600,1224,1224
322 100 240,600,1224,1224
323 100 240,600,1224,1224
324 100 264,600,1224,1224
325 100 264,600,1224,1200
326 100 288,600,1224,1200
327 100 312,600,1224,1200
328 100 312,600,1224,1200
329 100 336,576,1224,1224
330 100 360,576,1224,1224
331 100 384,576,1224,1224
332 100 384,576,1224,1224
333 100 408,576,1224,1224
334 100 408,576,1224,1224
335 100 432,576,1224,1200
336 100 432,576,1224,1224
337 100 456,576,1224,1200
338 100 480,576,1224,1200
339 100 480,576,1224,1200
340 100 504,576,1224,1200
341 100 504,576,1224,1200
342 100 528,576,1224,1200
343 100 552,576,1224,1200
344 100 552,576,1224,1200
345 100 576,576,1224,1200
346 100 600,576,1224,1200
347 100 600,576,1224,1200
348 100 624,576,1224,1200
349 100 648,576,1224,1200
350 100 672,576,1224,1200
351 100 696,576,1224,1200
352 100 720,576,1224,1200
353 100 744,576,1224,1200
354 100 768,576,1224,1200
355 100 792,576,1224,1200
356 100 816,576,1224,1200
357 100 840,576,1224,1200
358 100 864,576,1224,1200
359 100 888,576,1224,1200
360 100 912,576,1224,1200
361 100 960,552,1224,1224
362 100 984,576,1224,1200
363 100 1008,576,1224,1200
364 100 1032,576,1224,1200
365 100 1056,552,1224,1224
366 100 1080,552,1224,1224
367 100 1080,552,1224,1224
368 100 1104,552,1224,1224
369 100 1128,552,1224,1224
370 100 1152,552,1224,1224
371 100 1152,552,1224,1224
372 100 1176,552,1224,1200
373 100 1200,552,1224,1200
374 100 1200,552,1224,1200
375 100 1200,552,1224,1200
376 100 1200,552,1224,1200
377 100 1200,552,1224,1200
378 100 1200,552,1224,1224
379 100 1176,552,1224,1224
380 100 1152,576,1224,1200
381 100 1152,552,1224,1224
382 100 1128,552,1224,1224
383 100 1128,552,1224,1224
384 100 1128,552,1224,1224
385 100 1128,552,1224,1224
386 100 1128,552,1224,1224
387 100 1104,552,1224,1224
388 100 1104,552,1224,1224
389 100 1104,552,1224,1224
390 100 1080,552,1224,1224
391 100 1056,552,1224,1224
392 100 1056,552,1224,1224
393 100 1056,552,1224,1224
394 100 1032,552,1224,1224
395 100 1032,552,1224,1224
396 100 1032,552,1224,1224
397 100 1008,552,1224,1224
398 100 1008,552,1224,1224
399 100 984,576,1224,1200
400 100 960,576,1224,1200
401 100 936,576,1224,1200
402 100 912,576,1224,1200
403 100 912,576,1224,1200
404 100 888,576,1224,1200
405 100 888,576,1224,1200
406 100 864,576,1224,1200
407 100 840,576,1224,1200
408 100 840,576,1224,1200
409 100 816,576,1224,1200
410 100 816,576,1224,1200
411 100 792,576,1224,1224
412 100 768,576,1224,1224
413 100 768,576,1224,1224
414 100 744,576,1224,1224
415 100 720,576,1224,1224
416 100 720,600,1224,1200
417 100 696,600,1224,1200
418 100 672,600,1224,1200
419 100 648,600,1224,1200
420 100 648,600,1224,1224
421 100 624,600,1224,1224
422 100 624,600,1224,1224
423 100 600,600,1224,1224
424 100 576,600,1224,1224
425 100 576,600,1224,1224
426 100 552,624,1224,1200
427 100 552,624,1224,1200
428 100 528,624,1224,1200
429 100 528,624,1224,1200
430 100 504,624,1224,1200
431 100 504,624,1224,1200
432 100 480,624,1224,1200
433 100 480,624,1224,1200
434 100 456,624,1224,1200
435 100 456,624,1224,1200
436 100 432,624,1224,1200
437 100 408,624,1224,1200
438 100 408,624,1224,1200
439 100 384,624,1224,1200
440 100 384,624,1224,1200
441 100 360,624,1224,1224
442 100 336,624,1224,1224
443 100 312,624,1224,1224
444 100 288,624,1224,1224
445 100 264,648,1224,1200
446 100 240,624,1224,1224
447 100 192,624,1224,1224
448 100 168,624,1224,1224
449 100 120,624,1224,1224
450 100 96,624,1224,1224
451 100 48,624,1224,1224
452 100 24,624,1224,1224
453 100 0,624,1224,1224
454 100 0,624,1224,1224
455 100 0,624,1224,1200
456 100 0,624,1224,1200
457 100 0,624,1224,1200
458 100 0,624,1224,1200
459 100 0,624,1224,1200
460 100 0,624,1224,1200
461 100 0,624,1224,1224
462 100 0,624,1224,1224
463 100 0,624,1224,1200
464 100 24,624,1224,1200
465 100 24,600,1224,1224
466 100 24,600,1224,1224
467 100 0,600,1224,1224
468 100 0,600,1224,1200
469 100 48,576,1224,1224
470 100 48,576,1224,1224
471 100 0,576,1224,1200
472 100 0,552,1224,1224
473 100 24,528,1224,1224
474 100 48,528,1224,1224
475 100 72,528,1224,1224
476 100 48,504,1224,1224
477 100 72,504,1224,1224
478 100 72,504,1224,1224
479 100 72,504,1224,1224
480 100 96,504,1224,1224
481 100 144,504,1224,1224
482 100 3384,480,1224,1224
483 100 3408,480,1224,1224
484 100 3456,480,1224,1224
485 100 3456,480,1224,1224
486 100 3384,480,1224,1224
487 100 72,480,1224,1248
488 100 96,480,1224,1248
489 100 96,480,1224,1248
490 100 96,480,1224,1248
491 100 48,504,1224,1224
492 100 24,504,1224,1224
493 100 0,504,1224,1224
494 100 3456,504,1224,1224
495 100 3408,504,1224,1224
496 100 72,528,1224,1224
497 100 24,528,1224,1224
498 100 0,528,1224,1224
499 100 3384,552,1224,1200
500 100 3384,552,1224,1200
501 100 144,552,1224,1224
502 100 120,552,1224,1224
503 100 120,552,1224,1224
504 100 3408,552,1224,1200
505 100 3384,552,1224,1200
506 100 3408,552,1224,1200
507 100 3384,552,1224,1200
508 100 3432,552,1224,1200
509 100 3456,552,1224,1200
510 100 3432,552,1224,1200
511 100 3408,552,1224,1200
512 100 3576,552,1224,1224
513 100 3480,552,1224,1224
514 100 3480,552,1224,1224
515 100 3552,552,1224,1224
516 100 3648,552,1224,1224
517 100 3624,552,1224,1224
518 100 3648,552,1224,1224
519 100 3600,552,1224,1224
520 100 3600,552,1224,1224
521 100 3576,552,1224,1224
522 100 3576,552,1224,1224
523 100 3600,552,1224,1224
524 100 3552,552,1224,1224
525 100 3456,552,1224,1224
526 100 3408,576,1224,1200
527 100 3264,552,1224,1224
528 100 3264,552,1224,1224
529 100 3288,552,1224,1224
530 100 3288,552,1224,1224
531 100 3144,552,1224,1224
532 100 3120,552,1224,1224
533 100 3096,552,1224,1224
534 100 3120,552,1224,1224
535 100 2976,552,1224,1224
536 100 3000,552,1224,1224
537 100 3000,552,1224,1224
538 100 2928,552,1224,1224
539 100 2928,552,1224,1224
540 100 2904,552,1224,1224
541 100 2664,552,1224,1224
542 100 2640,528,1224,1248
543 100 2616,552,1224,1224
544 100 2592,528,1224,1248
545 100 2568,552,1224,1224
546 100 2568,528,1224,1248
547 100 2544,528,1224,1224
548 100 2520,528,1224,1224
549 100 2496,552,1224,1224
550 100 2472,552,1224,1224
551 100 2448,552,1224,1224
552 100 2448,552,1224,1224
553 100 2424,552,1224,1200
554 100 2400,552,1224,1200
555 100 2400,552,1224,1200
556 100 2376,552,1224,1200
557 100 2376,552,1224,1200
558 100 2352,552,1224,1200
559 100 2352,552,1224,1224
560 100 2328,552,1224,1224
561 100 2328,552,1224,1224
562 100 2304,552,1224,1224
563 100 2304,552,1224,1224
564 100 2280,552,1224,1224
565 100 2280,552,1224,1224
566 100 2280,552,1224,1224
567 100 2280,552,1224,1224
568 100 2304,552,1224,1224
569 100 2304,552,1224,1224
570 100 2304,552,1224,1200
571 100 2304,552,1224,1200
572 100 2304,552,1224,1200
573 100 2304,528,1224,1224
574 100 2304,528,1224,1224
575 100 2328,528,1224,1224
576 100 2328,528,1224,1224
577 100 2328,528,1224,1224
578 100 2352,552,1224,1200
579 100 2352,552,1224,1200
580 100 2352,552,1224,1200
581 100 2376,552,1224,1200
582 100 2376,552,1224,1200
583 100 2400,552,1224,1200
584 100 2400,552,1224,1200
585 100 2424,552,1224,1200
586 100 2424,552,1224,1200
587 100 2424,552,1224,1200
588 100 2448,552,1224,1200
589 100 2472,552,1224,1200
590 100 2496,552,1224,1200
591 100 2520,528,1224,1224
592 100 2544,528,1224,1224
593 100 2568,528,1224,1224
594 100 2592,528,1224,1200
595 100 2616,528,1224,1200
596 100 2640,504,1224,1224
597 100 2664,504,1224,1224
598 100 2664,504,1224,1224
599 100 2736,504,1224,1200
600 100 2784,504,1224,1224
601 100 2784,504,1224,1224
602 100 2856,504,1224,1224
603 100 2856,528,1224,1200
604 100 2928,528,1224,1200
605 100 2928,528,1224,1200
606 100 3000,528,1224,1200
607 100 3096,528,1224,1200
608 100 3072,528,1224,1200
609 100 3072,528,1224,1224
610 100 3168,528,1224,1224
611 100 3168,528,1224,1224
612 100 3192,528,1224,1224
613 100 3336,528,1224,1224
614 100 3288,528,1224,1224
615 100 3288,552,1224,1200
616 100 3504,552,1224,1200
617 100 3552,528,1224,1224
618 100 3552,528,1224,1224
619 100 3552,528,1224,1224
620 100 3552,528,1224,1224
621 100 3480,552,1224,1200
622 100 3408,552,1224,1200
623 100 3696,552,1224,1224
624 100 3600,552,1224,1224
625 100 3624,552,1224,1224
626 100 3552,552,1224,1224
627 100 3552,576,1224,1200
628 100 3456,576,1224,1200
629 100 3408,576,1224,1200
630 100 3384,576,1224,1200
631 100 24,576,1224,1200
632 100 48,576,1224,1200
633 100 72,576,1224,1200
634 100 0,576,1224,1200
635 100 24,576,1224,1200
636 100 48,576,1224,1200
637 100 0,576,1224,1200
638 100 24,576,1224,1200
639 100 0,576,1224,1224
640 100 24,576,1224,1224
641 100 0,576,1224,1224
642 100 0,576,1224,1224
643 100 24,576,1224,1224
644 100 24,576,1224,1224
645 100 0,576,1224,1224
646 100 0,576,1224,1224
647 100 0,576,1224,1224
648 100 48,576,1224,1224
649 100 72,576,1224,1224
650 100 96,576,1224,1224
651 100 120,576,1224,1224
652 100 144,576,1224,1224
653 100 192,576,1224,1224
654 100 216,576,1224,1224
655 100 240,576,1224,1224
656 100 264,600,1224,1200
657 100 288,600,1224,1200
658 100 312,600,1224,1200
659 100 336,600,1224,1200
660 100 360,600,1224,1200
661 100 384,600,1224,1200
662 100 384,600,1224,1200
663 100 408,600,1224,1200
664 100 432,600,1224,1224
665 100 456,600,1224,1224
666 100 456,600,1224,1224
667 100 480,600,1224,1224
668 100 504,624,1224,1200
669 100 528,624,1224,1200
670 100 552,624,1224,1200
671 100 600,624,1224,1200
672 100 624,624,1224,1200
673 100 648,624,1224,1200
674 100 648,624,1224,1200
675 100 672,624,1224,1200
676 100 696,600,1224,1224
677 100 720,600,1224,1224
678 100 744,600,1224,1224
679 100 768,600,1224,1224
680 100 792,600,1224,1224
681 100 816,600,1224,1224
682 100 840,600,1224,1224
683 100 888,600,1224,1224
684 100 912,600,1224,1224
685 100 936,600,1224,1224
686 100 984,600,1224,1224
687 100 1008,600,1224,1224
688 100 1032,600,1224,1200
689 100 1056,600,1224,1200
690 100 1080,600,1224,1200
691 100 1104,600,1224,1200
692 100 1128,600,1224,1200
693 100 1128,600,1224,1200
694 100 1152,600,1224,1200
695 100 1176,600,1224,1200
696 100 1200,600,1224,1224
697 100 1224,600,1224,1200
698 100 1224,600,1224,1200
699 100 1248,600,1224,1200
700 100 1248,600,1224,1200
701 100 1272,600,1224,1200
702 100 1272,600,1224,1200
703 100 1296,600,1224,1200
704 100 1296,600,1224,1200
705 100 1320,600,1224,1200
706 100 1320,600,1224,1200
707 100 1344,600,1224,1200
708 100 1368,576,1224,1224
709 100 1368,576,1224,1224
710 100 1392,576,1224,1224
711 100 1392,576,1224,1200
712 100 1392,576,1224,1224
713 100 1416,576,1224,1200
714 100 1416,576,1224,1200
715 100 1440,576,1224,1200
716 100 1440,576,1224,1200
717 100 1464,576,1224,1200
718 100 1464,576,1224,1200
719 100 1488,576,1224,1200
720 100 1488,576,1224,1200
721 100 1512,576,1224,1200
722 100 1512,576,1224,1200
723 100 1536,576,1224,1200
724 100 1536,576,1224,1200
725 100 1560,576,1224,1200
726 100 1560,576,1224,1200
727 100 1584,576,1224,1200
728 100 1584,576,1224,1200
729 100 1608,576,1224,1200
730 100 1608,576,1224,1200
731 100 1608,576,1224,1200
732 100 1632,576,1224,1200
733 100 1632,576,1224,1200
734 100 1632,576,1224,1200
735 100 1632,576,1224,1200
736 100 1656,576,1224,1224
737 100 1656,576,1224,1224
738 100 1656,576,1224,1224
739 100 1656,576,1224,1224
740 100 1656,576,1224,1200
741 100 1656,576,1224,1200
742 100 1656,576,1224,1200
743 100 1656,576,1224,1224
744 100 1656,576,1224,1200
745 100 1656,576,1224,1200
746 100 1632,576,1224,1224
747 100 1632,576,1224,1224
748 100 1632,576,1224,1224
749 100 1632,576,1224,1224
750 100 1632,576,1224,1224
751 100 1632,600,1224,1200
752 100 1632,600,1224,1200
753 100 1608,600,1224,1200
754 100 1608,576,1224,1224
755 100 1608,576,1224,1224
756 100 1608,576,1224,1224
757 100 1608,576,1224,1224
758 100 1608,576,1224,1224
759 100 1608,576,1224,1224
760 100 1608,576,1224,1224
761 100 1584,576,1224,1224
762 100 1584,576,1224,1224
763 100 1584,576,1224,1224
764 100 1584,576,1224,1224
765 100 1584,600,1224,1200
766 100 1584,600,1224,1200
767 100 1584,600,1224,1200
768 100 1584,600,1224,1200
769 100 1560,600,1224,1200
770 100 1560,600,1224,1200
771 100 1560,600,1224,1200
772 100 1536,600,1224,1200
773 100 1536,600,1224,1224
774 100 1536,624,1224,1200
775 100 1536,624,1224,1200
776 100 1536,624,1224,1200
777 100 1512,624,1224,1200
778 100 1512,624,1224,1200
779 100 1512,624,1224,1200
780 100 1488,624,1224,1200
781 100 1488,624,1224,1224
782 100 1464,624,1224,1200
783 100 1464,624,1224,1224
784 100 1464,624,1224,1200
785 100 1464,624,1224,1200
786 100 1464,624,1224,1200
787 100 1464,624,1224,1200
788 100 1440,624,1224,1200
789 100 1440,624,1224,1224
790 100 1440,624,1224,1224
791 100 1440,648,1224,1200
792 100 1416,648,1224,1200
793 100 1416,648,1224,1200
794 100 1416,648,1224,1200
795 100 1416,648,1224,1200
796 100 1416,648,1224,1200
797 100 1416,624,1224,1224
798 100 1416,648,1224,1200
799 100 1416,648,1224,1200
800 100 1416,648,1224,1200
801 100 1416,648,1224,1200
802 100 1416,648,1224,1200
803 100 1416,648,1224,1200
804 100 1416,624,1224,1224
805 100 1416,624,1224,1224
806 100 1416,624,1224,1224
807 100 1416,624,1224,1224
808 100 1416,648,1224,1200
809 100 1416,648,1224,1200
810 100 1416,648,1224,1200
811 100 1416,648,1224,1200
812 100 1416,648,1224,1200
813 100 1392,648,1224,1200
814 100 1392,648,1224,1200
815 100 1392,648,1224,1200
816 100 1392,648,1224,1200
817 100 1392,648,1224,1224
818 100 1392,648,1224,1224
819 100 1392,648,1224,1224
820 100 1368,648,1224,1224
821 100 1392,648,1224,1224
822 100 1392,648,1224,1224
823 100 1392,648,1224,1224
824 100 1392,648,1224,1224
825 100 1392,648,1224,1224
826 100 1392,648,1224,1224
827 100 1392,648,1224,1224
828 100 1392,648,1224,1200
829 100 1416,648,1224,1200
830 100 1416,648,1224,1200
831 100 1416,648,1224,1200
832 100 1416,648,1224,1200
833 100 1416,648,1224,1200
834 100 1416,648,1224,1200
835 100 1440,648,1224,1200
836 100 1440,648,1224,1200
837 100 1464,648,1224,1200
838 100 1464,648,1224,1200
839 100 1464,648,1224,1200
840 100 1464,648,1224,1200
841 100 1464,648,1224,1200
842 100 1464,624,1224,1224
843 100 1464,624,1224,1224
844 100 1464,624,1224,1224
845 100 1464,624,1224,1224
846 100 1488,624,1224,1224
847 100 1488,624,1224,1224
848 100 1488,624,1224,1224
849 100 1488,624,1224,1224
850 100 1488,624,1224,1224
851 100 1488,624,1224,1200
852 100 1488,624,1224,1200
853 100 1488,624,1224,1224
854 100 1464,624,1224,1224
855 100 1464,624,1224,1224
856 100 1464,624,1224,1224
857 100 1464,624,1224,1224
858 100 1464,624,1224,1224
859 100 1464,624,1224,1224
860 100 1440,624,1224,1224
861 100 1440,624,1224,1224
862 100 1416,624,1224,1224
863 100 1416,624,1224,1224
864 100 1392,624,1224,1224
865 100 1368,648,1224,1200
866 100 1320,624,1224,1224
867 100 1296,624,1224,1224
868 100 1272,624,1224,1224
869 100 1248,624,1224,1224
870 100 1224,624,1224,1224
871 100 1200,624,1224,1224
872 100 1176,624,1224,1224
873 100 1152,624,1224,1224
874 100 1128,624,1224,1224
875 100 1104,624,1224,1224
876 100 1080,624,1224,1224
877 100 1056,624,1224,1224
878 100 1032,624,1224,1200
879 100 1008,624,1224,1200
880 100 960,624,1224,1200
881 100 936,624,1224,1200
882 100 888,624,1224,1200
883 100 864,624,1224,1200
884 100 840,624,1224,1200
885 100 816,624,1224,1200
886 100 792,624,1224,1200
887 100 792,624,1224,1200
888 100 768,600,1224,1224
889 100 744,600,1224,1224
890 100 720,600,1224,1224
891 100 720,600,1224,1224
892 100 696,600,1224,1224
893 100 672,600,1224,1224
894 100 648,600,1224,1224
895 100 648,600,1224,1224
896 100 624,600,1224,1224
897 100 624,600,1224,1224
898 100 624,624,1224,1200
899 100 600,624,1224,1200
900 100 600,624,1224,1200
901 100 600,624,1224,1200
902 100 600,624,1224,1200
903 100 600,624,1224,1200
904 100 576,624,1224,1200
905 100 576,624,1224,1200
906 100 576,624,1224,1200
907 100 576,624,1224,1200
908 100 576,624,1224,1200
909 100 576,624,1224,1200
910 100 552,624,1224,1200
911 100 552,624,1224,1200
912 100 552,624,1224,1200
913 100 552,624,1224,1200
914 100 552,624,1224,1200
915 100 552,624,1224,1200
916 100 552,624,1224,1200
917 100 552,624,1224,1200
918 100 552,624,1224,1200
919 100 552,624,1224,1200
920 100 552,624,1224,1200
921 100 552,624,1224,1200
922 100 552,624,1224,1200
923 100 552,624,1224,1200
924 100 552,624,1224,1200
925 100 552,624,1224,1200
926 100 528,624,1224,1200
927 100 528,624,1224,1200
928 100 528,624,1224,1224
929 100 504,624,1224,1224
930 100 504,648,1224,1200
931 100 504,648,1224,1200
932 100 480,648,1224,1200
933 100 456,648,1224,1200
934 100 456,648,1224,1200
935 100 432,624,1224,1224
936 100 408,624,1224,1224
937 100 384,624,1224,1224
938 100 384,648,1224,1200
939 100 360,624,1224,1224
940 100 360,624,1224,1224
941 100 336,624,1224,1224
942 100 336,648,1224,1200
943 100 336,648,1224,1200
944 100 312,648,1224,1200
945 100 312,648,1224,1200
946 100 312,648,1224,1200
947 100 312,648,1224,1200
948 100 312,648,1224,1200
949 100 312,648,1224,1200
950 100 312,624,1224,1224
951 100 312,624,1224,1224
952 100 312,624,1224,1224
953 100 312,624,1224,1224
954 100 312,624,1224,1224
955 100 312,624,1224,1224
956 100 312,624,1224,1224
957 100 312,624,1224,1200
958 100 312,624,1224,1200
959 100 312,624,1224,1200
960 100 312,624,1224,1200
961 100 312,624,1224,1200
962 100 288,624,1224,1200
963 100 288,600,1224,1224
964 100 288,600,1224,1224
965 100 288,600,1224,1224
966 100 288,600,1224,1224
967 100 288,600,1224,1224
968 100 288,600,1224,1224
969 100 288,600,1224,1224
970 100 288,600,1224,1224
971 100 264,600,1224,1224
972 100 264,624,1224,1200
973 100 264,624,1224,1200
974 100 264,624,1224,1200
975 100 264,624,1224,1200
976 100 264,624,1224,1200
977 100 264,624,1224,1200
978 100 264,600,1224,1224
979 100 264,600,1224,1224
980 100 264,600,1224,1224
981 100 264,624,1224,1200
982 100 240,600,1224,1224
983 100 240,600,1224,1224
984 100 240,600,1224,1224
985 100 240,600,1224,1224
986 100 240,600,1224,1224
987 100 240,600,1224,1224
988 100 240,600,1224,1200
989 100 240,600,1224,1200
990 100 240,600,1224,1200
991 100 240,600,1224,1200
992 100 216,600,1224,1200
993 100 216,600,1224,1224
994 100 216,600,1224,1224
995 100 192,624,1224,1200
996 100 192,624,1224,1200
997 100 192,624,1224,1200
998 100 192,624,1224,1200
999 100 192,624,1224,1224
1000 100 168,648,1224,1200
1001 100 168,648,1224,1200
1002 100 168,624,1224,1224
1003 100 168,624,1224,1224
1004 100 168,624,1224,1200
1005 100 168,624,1224,1200
1006 100 168,600,1224,1224
1007 100 168,600,1224,1224
1008 100 144,600,1224,1224
1009 100 144,600,1224,1200
1010 100 144,600,1224,1224
1011 100 144,600,1224,1224
1012 100 144,600,1224,1224
1013 100 144,600,1224,1224
1014 100 120,600,1224,1224
1015 100 120,600,1224,1224
1016 100 120,600,1224,1224
1017 100 120,600,1224,1200
1018 100 120,600,1224,1200
1019 100 120,600,1224,1200
1020 100 120,600,1224,1200
1021 100 144,576,1224,1224
1022 100 144,576,1224,1200
1023 100 120,576,1224,1200
1024 100 120,576,1224,1200
1025 100 120,552,1224,1200
1026 100 120,552,1224,1200
1027 100 96,552,1224,1200
1028 100 72,552,1224,1200
1029 100 48,552,1224,1200
1030 100 48,552,1224,1200
1031 100 24,552,1224,1200
1032 100 0,552,1224,1200
1033 100 0,552,1224,1224
1034 100 0,552,1224,1224
1035 100 0,552,1224,1224
1036 100 0,552,1224,1200
1037 100 0,552,1224,1200
1038 100 0,528,1224,1224
1039 100 24,528,1224,1224
1040 100 48,528,1224,1224
1041 100 24,552,1224,1200
1042 100 0,552,1224,1200
1043 100 48,552,1224,1200
1044 100 72,552,1224,1224
1045 100 48,552,1224,1224
1046 100 72,552,1224,1200
1047 100 48,552,1224,1200
1048 100 48,552,1224,1200
1049 100 48,552,1224,1200
1050 100 72,552,1224,1200
1051 100 144,528,1224,1224
1052 100 24,528,1224,1200
1053 100 48,528,1224,1200
1054 100 72,504,1224,1224
1055 100 72,504,1224,1224
1056 100 48,504,1224,1224
1057 100 0,528,1224,1200
1058 100 3552,528,1224,1200
1059 100 3576,528,1224,1200
1060 100 3552,528,1224,1200
1061 100 3576,528,1224,1200
1062 100 3528,528,1224,1200
1063 100 3480,528,1224,1200
1064 100 3480,528,1224,1200
1065 100 3456,528,1224,1200
1066 100 3480,528,1224,1200
1067 100 3528,528,1224,1200
1068 100 3552,528,1224,1200
1069 100 3552,528,1224,1200
1070 100 3552,528,1224,1200
1071 100 3552,528,1224,1200
1072 100 3576,528,1224,1200
1073 100 3600,528,1224,1200
1074 100 3600,528,1224,1200
1075 100 3576,528,1224,1200
1076 100 3576,528,1224,1200
1077 100 3576,528,1224,1200
1078 100 3600,528,1224,1200
1079 100 3576,528,1224,1200
1080 100 3624,504,1224,1224
1081 100 3624,504,1224,1224
1082 100 3648,504,1224,1224
1083 100 3648,504,1224,1224
1084 100 3624,504,1224,1224
1085 100 3672,504,1224,1224
1086 100 3720,504,1224,1224
1087 100 3720,504,1224,1224
1088 100 3696,504,1224,1224
1089 100 3384,504,1224,1224
1090 100 3744,504,1224,1224
1091 100 3768,504,1224,1224
1092 100 3744,504,1224,1224
1093 100 3384,504,1224,1200
1094 100 3384,504,1224,1224
1095 100 3744,504,1224,1224
1096 100 3696,504,1224,1224
1097 100 3672,504,1224,1224
1098 100 3600,504,1224,1224
1099 100 3624,504,1224,1224
1100 100 3600,504,1224,1224
1101 100 3576,528,1224,1200
1102 100 3576,528,1224,1200
1103 100 3576,528,1224,1200
1104 100 3600,528,1224,1200
1105 100 3576,528,1224,1200
1106 100 3576,528,1224,1200
1107 100 3576,528,1224,1200
1108 100 3600,528,1224,1200
1109 100 3648,504,1224,1224
1110 100 3648,504,1224,1224
1111 100 3648,504,1224,1224
1112 100 3648,504,1224,1224
1113 100 3624,504,1224,1224
1114 100 3624,504,1224,1224
1115 100 3624,504,1224,1224
1116 100 3648,504,1224,1224
1117 100 3648,504,1224,1224
1118 100 3648,504,1224,1224
1119 100 3648,504,1224,1224
1120 100 3624,504,1224,1224
1121 100 3624,504,1224,1224
1122 100 3624,504,1224,1224
1123 100 0,504,1224,1224
1124 100 3600,528,1224,1200
1125 100 3576,528,1224,1200
1126 100 3552,528,1224,1200
1127 100 3528,528,1224,1200
1128 100 3528,528,1224,1200
1129 100 3552,528,1224,1200
1130 100 0,528,1224,1200
1131 100 0,528,1224,1200
1132 100 0,528,1224,1200
1133 100 24,528,1224,1200
1134 100 24,528,1224,1200
1135 100 24,504,1224,1224
1136 100 24,504,1224,1224
1137 100 24,504,1224,1224
1138 100 48,504,1224,1224
1139 100 24,504,1224,1224
1140 100 24,528,1224,1200
1141 100 0,528,1224,1200
1142 100 3528,528,1224,1200
1143 100 3504,528,1224,1200
1144 100 3480,528,1224,1200
1145 100 3456,528,1224,1200
1146 100 3432,528,1224,1200
1147 100 3408,528,1224,1200
1148 100 3432,528,1224,1200
1149 100 3408,528,1224,1200
1150 100 3408,528,1224,1200
1151 100 3384,528,1224,1200
1152 100 3408,528,1224,1200
1153 100 3720,528,1224,1224
1154 100 3696,528,1224,1224
1155 100 3384,528,1224,1224
1156 100 3384,528,1224,1224
1157 100 3648,528,1224,1224
1158 100 3360,528,1224,1224
1159 100 3336,528,1224,1224
1160 100 3336,528,1224,1224
1161 100 3336,528,1224,1224
1162 100 3360,528,1224,1224
1163 100 3336,528,1224,1224
1164 100 3360,528,1224,1224
1165 100 3336,528,1224,1224
1166 100 3360,528,1224,1224
1167 100 3336,528,1224,1224
1168 100 3360,528,1224,1224
1169 100 3192,528,1224,1224
1170 100 3192,528,1224,1224
1171 100 3168,528,1224,1224
1172 100 3168,528,1224,1224
1173 100 3144,552,1224,1200
1174 100 3120,552,1224,1200
1175 100 3096,552,1224,1200
1176 100 3072,552,1224,1200
1177 100 3072,552,1224,1200
1178 100 3048,552,1224,1224
1179 100 3072,552,1224,1224
1180 100 3048,552,1224,1224
1181 100 3024,576,1224,1200
1182 100 3000,576,1224,1200
1183 100 3000,576,1224,1200
1184 100 2976,576,1224,1200
1185 100 2976,576,1224,1200
1186 100 3000,576,1224,1200
1187 100 3000,576,1224,1200
1188 100 2928,576,1224,1200
1189 100 2928,576,1224,1200
1190 100 3000,576,1224,1200
1191 100 3000,576,1224,1200
1192 100 3000,576,1224,1200
1193 100 3000,576,1224,1200
1194 100 2928,576,1224,1200
1195 100 2928,576,1224,1200
1196 100 2928,576,1224,1200
1197 100 2928,576,1224,1200
1198 100 2928,576,1224,1200
1199 100 2928,576,1224,1200
1200 100 2928,576,1224,1200
1201 100 2928,576,1224,1200
1202 100 3000,576,1224,1200
1203 100 3000,576,1224,1200
1204 100 3000,576,1224,1200
1205 100 3000,576,1224,1200
1206 100 3000,576,1224,1200
1207 100 2976,576,1224,1200
1208 100 2976,576,1224,1200
1209 100 3000,576,1224,1200
1210 100 3000,576,1224,1200
1211 100 3000,576,1224,1200
1212 100 3000,576,1224,1200
1213 100 3000,576,1224,1200
1214 100 3000,576,1224,1200
1215 100 3024,576,1224,1200
1216 100 3024,576,1224,1200
1217 100 3024,576,1224,1200
1218 100 3024,552,1224,1224
1219 100 3048,552,1224,1224
1220 100 3072,552,1224,1224
1221 100 3048,552,1224,1200
1222 100 3072,552,1224,1200
1223 100 3096,552,1224,1200
1224 100 3144,552,1224,1200
1225 100 3120,528,1224,1200
1226 100 3096,504,1224,1200
1227 100 3216,480,1224,1200
1228 100 3240,456,1224,1200
1229 100 3240,432,1224,1200
1230 100 3192,408,1224,1224
1231 100 3264,408,1224,1200
1232 100 3144,360,1224,1224
1233 100 3240,360,1224,1200
1234 100 3312,336,1224,1224
1235 100 3216,336,1224,1200
1236 100 3168,312,1224,1224
1237 100 3240,312,1224,1200
1238 100 3336,288,1224,1224
1239 100 3240,288,1224,1200
1240 100 3312,264,1224,1224
1241 100 3168,264,1224,1200
1242 100 3264,240,1224,1224
1243 100 3336,240,1224,1224
1244 100 3360,240,1224,1200
1245 100 3408,240,1224,1200
1246 100 3216,240,1224,1200
1247 100 3216,216,1224,1224
1248 100 3240,216,1224,1224
1249 100 3288,216,1224,1224
1250 100 3288,216,1224,1224
1251 100 3312,216,1224,1224
1252 100 3264,216,1224,1224
1253 100 3264,216,1224,1224
1254 100 3288,216,1224,1224
1255 100 3264,216,1224,1224
1256 100 3264,216,1224,1224
1257 100 3480,240,1224,1200
1258 100 3456,240,1224,1200
1259 100 3360,240,1224,1200
1260 100 3528,240,1224,1224
1261 100 3504,264,1224,1200
1262 100 3576,264,1224,1200
1263 100 3528,264,1224,1200
1264 100 0,240,1224,1224
1265 100 48,240,1224,1224
1266 100 48,264,1224,1200
1267 100 144,240,1224,1224
1268 100 0,240,1224,1224
1269 100 24,240,1224,1224
1270 100 24,264,1224,1200
1271 100 24,264,1224,1200
1272 100 0,264,1224,1200
1273 100 0,288,1224,1200
1274 100 48,288,1224,1200
1275 100 48,288,1224,1224
1276 100 0,312,1224,1200
1277 100 0,312,1224,1224
1278 100 0,336,1224,1200
1279 100 0,360,1224,1200
1280 100 0,360,1224,1224
1281 100 0,384,1224,1200
1282 100 0,384,1224,1224
1283 100 0,408,1224,1200
1284 100 0,408,1224,1200
1285 100 0,408,1224,1200
1286 100 0,408,1224,1224
1287 100 0,432,1224,1200
1288 100 0,408,1224,1224
1289 100 24,432,1224,1200
1290 100 24,432,1224,1200
1291 100 24,408,1224,1224
1292 100 24,432,1224,1200
1293 100 48,432,1224,1200
1294 100 48,432,1224,1200
1295 100 72,432,1224,1224
1296 100 72,432,1224,1224
1297 100 96,456,1224,1200
1298 100 96,456,1224,1200
1299 100 120,456,1224,1200
1300 100 120,456,1224,1200
1301 100 144,456,1224,1224
1302 100 168,480,1224,1200
1303 100 192,480,1224,1200
1304 100 216,480,1224,1200
1305 100 240,480,1224,1224
1306 100 264,480,1224,1224
1307 100 264,480,1224,1224
1308 100 288,480,1224,1224
1309 100 288,480,1224,1224
1310 100 288,480,1224,1224
1311 100 312,504,1224,1200
1312 100 312,504,1224,1200
1313 100 336,504,1224,1200
1314 100 336,504,1224,1200
1315 100 336,504,1224,1200
1316 100 360,504,1224,1200
1317 100 360,504,1224,1200
1318 100 360,504,1224,1200
1319 100 360,504,1224,1200
1320 100 384,504,1224,1200
1321 100 384,504,1224,1200
1322 100 384,504,1224,1200
1323 100 384,504,1224,1200
1324 100 384,504,1224,1200
1325 100 384,504,1224,1200
1326 100 360,480,1224,1224
1327 100 360,480,1224,1224
1328 100 360,480,1224,1224
1329 100 360,480,1224,1224
1330 100 360,480,1224,1200
1331 100 360,480,1224,1200
1332 100 360,480,1224,1200
1333 100 336,456,1224,1224
1334 100 312,456,1224,1224
1335 100 288,456,1224,1200
1336 100 264,456,1224,1200
1337 100 240,456,1224,1200
1338 100 240,432,1224,1224
1339 100 240,456,1224,1200
1340 100 240,456,1224,1200
1341 100 240,432,1224,1224
1342 100 240,432,1224,1224
1343 100 240,432,1224,1224
1344 100 240,432,1224,1224
1345 100 240,432,1224,1200
1346 100 240,432,1224,1200
1347 100 240,432,1224,1200
1348 100 240,408,1224,1200
1349 100 216,384,1224,1200
1350 100 216,360,1224,1200
1351 100 216,360,1224,1200
1352 100 192,336,1224,1224
1353 100 192,336,1224,1200
1354 100 192,336,1224,1200
1355 100 192,336,1224,1200
1356 100 216,336,1224,1200
1357 100 216,336,1224,1200
1358 100 216,336,1224,1200
1359 100 216,336,1224,1224
1360 100 216,336,1224,1224
1361 100 216,360,1224,1200
1362 100 216,360,1224,1200
1363 100 240,360,1224,1224
1364 100 264,384,1224,1200
1365 100 264,408,1224,1224
1366 100 288,432,1224,1224
1367 100 312,480,1224,1200
1368 100 336,504,1224,1200
1369 100 360,504,1224,1200
1370 100 360,528,1224,1200
1371 100 336,552,1224,1200
1372 100 336,552,1224,1224
1373 100 336,576,1224,1200
1374 100 336,576,1224,1224
1375 100 336,600,1224,1200
1376 100 360,600,1224,1200
1377 100 360,600,1224,1200
1378 100 360,600,1224,1200
1379 100 360,600,1224,1200
1380 100 384,600,1224,1200
1381 100 384,600,1224,1200
1382 100 384,600,1224,1200
1383 100 384,600,1224,1200
1384 100 384,600,1224,1200
1385 100 384,600,1224,1200
1386 100 408,600,1224,1200
1387 100 408,600,1224,1200
1388 100 408,600,1224,1200
1389 100 408,600,1224,1224
1390 100 432,600,1224,1224
1391 100 432,624,1224,1200
1392 100 432,624,1224,1200
1393 100 456,624,1224,1200
1394 100 480,624,1224,1200
1395 100 504,624,1224,1200
1396 100 504,624,1224,1224
1397 100 528,624,1224,1224
1398 100 552,648,1224,1200
1399 100 576,648,1224,1200
1400 100 600,648,1224,1200
1401 100 624,648,1224,1200
1402 100 648,624,1224,1224
1403 100 672,624,1224,1200
1404 100 696,624,1224,1200
1405 100 720,600,1224,1224
1406 100 744,600,1224,1200
1407 100 768,576,1224,1200
1408 100 792,576,1224,1200
1409 100 816,552,1224,1224
1410 100 840,552,1224,1200
1411 100 840,552,1224,1200
1412 100 864,552,1224,1200
1413 100 864,552,1224,1200
1414 100 864,552,1224,1200
1415 100 888,552,1224,1200
1416 100 888,552,1224,1200
1417 100 888,552,1224,1200
1418 100 912,528,1224,1224
1419 100 912,528,1224,1224
1420 100 936,528,1224,1200
1421 100 936,528,1224,1200
1422 100 960,528,1224,1200
1423 100 960,528,1224,1200
1424 100 960,528,1224,1224
1425 100 984,528,1224,1224
1426 100 984,528,1224,1224
1427 100 1008,528,1224,1224
1428 100 1032,528,1224,1224
1429 100 1056,528,1224,1224
1430 100 1056,552,1224,1200
1431 100 1080,552,1224,1200
1432 100 1080,552,1224,1224
1433 100 1080,552,1224,1224
1434 100 1080,552,1224,1200
1435 100 1080,552,1224,1200
1436 100 1080,552,1224,1200
1437 100 1080,552,1224,1200
1438 100 1080,552,1224,1224
1439 100 1080,552,1224,1224
1440 100 1080,552,1224,1200
1441 100 1056,552,1224,1200
1442 100 1056,552,1224,1200
1443 100 1056,552,1224,1200
1444 100 1056,552,1224,1200
1445 100 1032,552,1224,1200
1446 100 1032,552,1224,1200
1447 100 1032,552,1224,1200
1448 100 1008,552,1224,1200
1449 100 1008,552,1224,1200
1450 100 984,552,1224,1200
1451 100 984,552,1224,1224
1452 100 984,552,1224,1224
1453 100 984,552,1224,1224
1454 100 960,552,1224,1224
1455 100 960,552,1224,1224
1456 100 960,552,1224,1224
1457 100 936,552,1224,1200
1458 100 936,552,1224,1200
1459 100 936,552,1224,1200
1460 100 936,552,1224,1200
1461 100 936,552,1224,1200
1462 100 936,552,1224,1200
1463 100 912,552,1224,1200
1464 100 912,552,1224,1200
1465 100 912,552,1224,1200
1466 100 912,552,1224,1200
1467 100 912,552,1224,1200
1468 100 912,552,1224,1200
1469 100 912,552,1224,1200
1470 100 912,552,1224,1200
1471 100 912,552,1224,1200
1472 100 912,552,1224,1200
1473 100 888,552,1224,1200
1474 100 888,552,1224,1200
1475 100 888,552,1224,1200
1476 100 888,552,1224,1200
1477 100 888,552,1224,1200
1478 100 864,552,1224,1200
1479 100 864,552,1224,1200
1480 100 840,528,1224,1224
1481 100 792,528,1224,1224
1482 100 768,528,1224,1224
1483 100 720,552,1224,1200
1484 100 696,552,1224,1200
1485 100 672,552,1224,1200
1486 100 672,552,1224,1200
1487 100 648,552,1224,1200
1488 100 648,552,1224,1200
1489 100 648,552,1224,1200
1490 100 624,528,1224,1224
1491 100 624,528,1224,1224
1492 100 624,528,1224,1200
1493 100 624,528,1224,1200
1494 100 624,528,1224,1200
1495 100 624,528,1224,1200
1496 100 600,504,1224,1224
1497 100 600,504,1224,1200
1498 100 600,504,1224,1200
1499 100 600,480,1224,1200
1500 100 600,456,1224,1224
1501 100 576,456,1224,1200
1502 100 576,432,1224,1224
1503 100 552,432,1224,1224
1504 100 528,432,1224,1200
1505 100 528,432,1224,1200
1506 100 528,408,1224,1224
1507 100 504,408,1224,1200
1508 100 480,384,1224,1224
1509 100 456,384,1224,1200
1510 100 432,360,1224,1200
1511 100 432,336,1224,1224
1512 100 408,336,1224,1200
1513 100 384,312,1224,1200
1514 100 384,288,1224,1224
1515 100 360,288,1224,1200
1516 100 336,288,1224,1200
1517 100 336,288,1224,1200
1518 100 336,288,1224,1200
1519 100 336,288,1224,1200
1520 100 336,288,1224,1200
1521 100 336,288,1224,1200
1522 100 336,288,1224,1224
1523 100 360,288,1224,1224
1524 100 336,288,1224,1224
1525 100 360,288,1224,1224
1526 100 360,312,1224,1200
1527 100 360,312,1224,1200
1528 100 360,312,1224,1200
1529 100 384,312,1224,1224
1530 100 384,336,1224,1224
1531 100 408,360,1224,1224
1532 100 432,408,1224,1200
1533 100 432,432,1224,1200
1534 100 456,456,1224,1200
1535 100 456,456,1224,1200
1536 100 456,456,1224,1224
1537 100 480,456,1224,1224
1538 100 480,456,1224,1224
1539 100 480,456,1224,1224
1540 100 480,456,1224,1224
1541 100 480,456,1224,1224
1542 100 480,456,1224,1200
1543 100 456,456,1224,1200
1544 100 456,456,1224,1200
1545 100 456,456,1224,1200
1546 100 456,456,1224,1200
1547 100 456,456,1224,1200
1548 100 456,456,1224,1200
1549 100 456,456,1224,1200
1550 100 480,456,1224,1200
1551 100 480,456,1224,1200
1552 100 480,456,1224,1200
1553 100 480,456,1224,1200
1554 100 480,456,1224,1200
1555 100 480,456,1224,1200
1556 100 480,456,1224,1200
1557 100 480,456,1224,1200
1558 100 480,456,1224,1200
1559 100 480,456,1224,1200
1560 100 480,456,1224,1200
1561 100 480,456,1224,1200
1562 100 480,456,1224,1200
1563 100 480,456,1224,1200
1564 100 480,456,1224,1200
1565 100 480,456,1224,1200
1566 100 480,456,1224,1200
1567 100 480,456,1224,1200
1568 100 480,456,1224,1200
1569 100 480,456,1224,1200
1570 100 480,432,1224,1224
1571 100 480,432,1224,1224
1572 100 480,432,1224,1224
1573 100 480,432,1224,1224
1574 100 480,432,1224,1224
1575 100 480,432,1224,1224
1576 100 480,432,1224,1224
1577 100 480,432,1224,1224
1578 100 480,432,1224,1224
1579 100 480,432,1224,1224
1580 100 480,432,1224,1224
1581 100 480,432,1224,1224
1582 100 480,456,1224,1200
1583 100 480,456,1224,1200
1584 100 504,456,1224,1200
1585 100 504,456,1224,1200
1586 100 504,456,1224,1200
1587 100 504,456,1224,1200
1588 100 504,456,1224,1200
1589 100 504,456,1224,1200
1590 100 528,456,1224,1200
1591 100 528,456,1224,1224
1592 100 528,456,1224,1224
1593 100 528,456,1224,1224
1594 100 528,456,1224,1224
1595 100 528,456,1224,1224
1596 100 528,480,1224,1200
1597 100 528,480,1224,1200
1598 100 528,480,1224,1200
1599 100 528,480,1224,1200
1600 100 528,480,1224,1200
1601 100 528,480,1224,1200
1602 100 528,480,1224,1200
1603 100 528,480,1224,1200
1604 100 528,480,1224,1200
1605 100 528,480,1224,1200
1606 100 528,480,1224,1200
1607 100 528,480,1224,1200
1608 100 528,480,1224,1200
1609 100 528,480,1224,1200
1610 100 528,480,1224,1200
1611 100 528,480,1224,1200
1612 100 528,480,1224,1200
1613 100 528,480,1224,1200
1614 100 528,480,1224,1200
1615 100 528,480,1224,1224
1616 100 528,480,1224,1224
1617 100 528,480,1224,1224
1618 100 528,480,1224,1224
1619 100 528,480,1224,1224
1620 100 528,504,1224,1200
1621 100 528,504,1224,1200
1622 100 528,504,1224,1200
1623 100 528,504,1224,1200
1624 100 528,504,1224,1200
1625 100 528,504,1224,1200
1626 100 528,504,1224,1200
1627 100 528,504,1224,1200
1628 100 528,504,1224,1200
1629 100 528,504,1224,1200
1630 100 528,504,1224,1224
1631 100 528,504,1224,1224
1632 100 528,504,1224,1224
1633 100 528,504,1224,1224
1634 100 504,504,1224,1224
1635 100 504,504,1224,1224
1636 100 504,528,1224,1200
1637 100 504,528,1224,1200
1638 100 504,528,1224,1200
1639 100 504,528,1224,1200
1640 100 504,528,1224,1200
1641 100 504,528,1224,1200
1642 100 504,528,1224,1200
1643 100 504,528,1224,1224
1644 100 504,528,1224,1224
1645 100 480,552,1224,1200
1646 100 480,528,1224,1224
1647 100 480,552,1224,1200
1648 100 480,552,1224,1200
1649 100 480,552,1224,1224
1650 100 480,552,1224,1224
1651 100 480,552,1224,1224
1652 100 480,552,1224,1200
1653 100 480,552,1224,1224
1654 100 480,552,1224,1224
1655 100 480,552,1224,1224
1656 100 480,552,1224,1224
1657 100 480,552,1224,1200
1658 100 480,552,1224,1200
1659 100 480,552,1224,1200
1660 100 504,552,1224,1200
1661 100 504,552,1224,1200
1662 100 504,552,1224,1200
1663 100 504,552,1224,1200
1664 100 504,552,1224,1200
1665 100 504,552,1224,1200
1666 100 504,552,1224,1200
1667 100 504,552,1224,1200
1668 100 504,528,1224,1224
1669 100 504,528,1224,1224
1670 100 504,528,1224,1224
1671 100 480,552,1224,1200
1672 100 480,552,1224,1200
1673 100 480,552,1224,1200
1674 100 480,552,1224,1200
1675 100 480,552,1224,1200
1676 100 480,552,1224,1200
1677 100 480,552,1224,1200
1678 100 480,552,1224,1200
1679 100 480,552,1224,1200
1680 100 480,528,1224,1224
1681 100 480,552,1224,1200
1682 100 480,552,1224,1200
1683 100 480,552,1224,1200
1684 100 480,528,1224,1224
1685 100 480,552,1224,1200
1686 100 480,552,1224,1224
1687 100 480,552,1224,1200
1688 100 504,528,1224,1224
1689 100 504,528,1224,1224
1690 100 504,528,1224,1224
1691 100 528,528,1224,1200
1692 100 528,528,1224,1200
1693 100 552,528,1224,1200
1694 100 600,528,1224,1200
1695 100 624,528,1224,1200
1696 100 648,528,1224,1200
1697 100 696,528,1224,1200
1698 100 744,528,1224,1200
1699 100 792,528,1224,1200
1700 100 840,528,1224,1200
1701 100 864,528,1224,1200
1702 100 912,528,1224,1200
1703 100 936,528,1224,1200
1704 100 984,528,1224,1200
1705 100 1008,528,1224,1200
1706 100 1032,528,1224,1200
1707 100 1056,528,1224,1200
1708 100 1080,528,1224,1200
1709 100 1104,528,1224,1200
1710 100 1128,528,1224,1200
1711 100 1152,528,1224,1200
1712 100 1152,528,1224,1200
1713 100 1176,528,1224,1200
1714 100 1200,528,1224,1200
1715 100 1200,528,1224,1200
1716 100 1224,528,1224,1200
1717 100 1248,528,1224,1224
1718 100 1248,528,1224,1224
1719 100 1272,528,1224,1200
1720 100 1296,528,1224,1200
1721 100 1320,528,1224,1200
1722 100 1344,528,1224,1200
1723 100 1368,528,1224,1200
1724 100 1368,504,1224,1224
1725 100 1392,504,1224,1224
1726 100 1416,504,1224,1224
1727 100 1416,504,1224,1224
1728 100 1440,504,1224,1224
1729 100 1464,504,1224,1224
1730 100 1464,504,1224,1224
1731 100 1464,528,1224,1200
1732 100 1488,528,1224,1200
1733 100 1488,528,1224,1224
1734 100 1512,528,1224,1224
1735 100 1512,528,1224,1200
1736 100 1536,504,1224,1224
1737 100 1536,504,1224,1224
1738 100 1536,504,1224,1224
1739 100 1536,504,1224,1224
1740 100 1536,528,1224,1200
1741 100 1536,528,1224,1200
1742 100 1536,528,1224,1200
1743 100 1560,528,1224,1200
1744 100 1560,528,1224,1200
1745 100 1560,528,1224,1200
1746 100 1560,528,1224,1200
1747 100 1560,528,1224,1200
1748 100 1560,528,1224,1200
1749 100 1560,504,1224,1224
1750 100 1560,504,1224,1224
1751 100 1560,504,1224,1200
1752 100 1560,504,1224,1200
1753 100 1560,504,1224,1224
1754 100 1560,504,1224,1224
1755 100 1584,528,1224,1200
1756 100 1584,528,1224,1200
1757 100 1584,528,1224,1200
1758 100 1584,528,1224,1224
1759 100 1608,552,1224,1200
1760 100 1608,552,1224,1200
1761 100 1608,552,1224,1200
1762 100 1608,552,1224,1200
1763 100 1632,552,1224,1200
1764 100 1632,528,1224,1224
1765 100 1632,528,1224,1224
1766 100 1656,528,1224,1224
1767 100 1656,552,1224,1200
1768 100 1656,552,1224,1200
1769 100 1656,552,1224,1200
1770 100 1656,552,1224,1200
1771 100 1680,552,1224,1200
1772 100 1680,552,1224,1200
1773 100 1680,552,1224,1200
1774 100 1680,552,1224,1200
1775 100 1680,552,1224,1200
1776 100 1680,552,1224,1200
1777 100 1680,552,1224,1200
1778 100 1704,552,1224,1200
1779 100 1704,552,1224,1200
1780 100 1704,552,1224,1200
1781 100 1704,552,1224,1200
1782 100 1704,552,1224,1200
1783 100 1728,552,1224,1200
1784 100 1728,552,1224,1200
1785 100 1728,552,1224,1200
1786 100 1728,552,1224,1200
1787 100 1728,552,1224,1200
1788 100 1728,552,1224,1200
1789 100 1728,552,1224,1200
1790 100 1728,552,1224,1200
1791 100 1752,552,1224,1200
1792 100 1752,552,1224,1224
1793 100 1752,552,1224,1224
1794 100 1728,552,1224,1224
1795 100 1728,552,1224,1224
1796 100 1728,552,1224,1200
1797 100 1728,552,1224,1200
1798 100 1728,552,1224,1200
1799 100 1728,552,1224,1200
1800 100 1728,552,1224,1200
1801 100 1728,552,1224,1200
1802 100 1704,552,1224,1200
1803 100 1704,552,1224,1200
1804 100 1704,552,1224,1200
1805 100 1704,552,1224,1224
1806 100 1704,552,1224,1224
1807 100 1704,552,1224,1224
1808 100 1704,552,1224,1224
1809 100 1680,552,1224,1224
1810 100 1680,552,1224,1224
1811 100 1680,552,1224,1200
1812 100 1680,552,1224,1200
1813 100 1680,552,1224,1200
1814 100 1680,552,1224,1200
1815 100 1680,552,1224,1200
1816 100 1680,552,1224,1200
1817 100 1680,552,1224,1200
1818 100 1680,552,1224,1200
1819 100 1656,552,1224,1200
1820 100 1656,552,1224,1200
1821 100 1656,552,1224,1200
1822 100 1656,552,1224,1200
1823 100 1656,552,1224,1200
1824 100 1656,552,1224,1200
1825 100 1656,552,1224,1200
1826 100 1656,552,1224,1200
1827 100 1656,552,1224,1200
1828 100 1656,552,1224,1200
1829 100 1656,552,1224,1200
1830 100 1656,552,1224,1200
1831 100 1656,552,1224,1200
1832 100 1656,552,1224,1224
1833 100 1656,552,1224,1224
1834 100 1656,552,1224,1224
1835 100 1656,552,1224,1224
1836 100 1656,552,1224,1224
1837 100 1656,552,1224,1224
1838 100 1656,552,1224,1224
1839 100 1656,552,1224,1224
1840 100 1656,552,1224,1200
1841 100 1656,552,1224,1200
1842 100 1656,552,1224,1200
1843 100 1656,552,1224,1200
1844 100 1656,552,1224,1200
1845 100 1656,552,1224,1200
1846 100 1656,552,1224,1200
1847 100 1656,552,1224,1200
1848 100 1656,552,1224,1200
1849 100 1656,552,1224,1200
1850 100 1656,552,1224,1200
1851 100 1656,552,1224,1200
1852 100 1656,552,1224,1200
1853 100 1656,552,1224,1224
1854 100 1656,552,1224,1224
1855 100 1656,552,1224,1224
1856 100 1656,552,1224,1224
1857 100 1656,552,1224,1224
1858 100 1656,552,1224,1224
1859 100 1656,552,1224,1224
1860 100 1656,552,1224,1224
1861 100 1656,552,1224,1224
1862 100 1656,552,1224,1224
1863 100 1656,576,1224,1200
1864 100 1656,576,1224,1200
1865 100 1680,576,1224,1200
1866 100 1680,576,1224,1200
1867 100 1680,576,1224,1200
1868 100 1680,576,1224,1200
1869 100 1680,576,1224,1200
1870 100 1680,552,1224,1224
1871 100 1656,576,1224,1200
1872 100 1656,552,1224,1224
1873 100 1656,552,1224,1224
1874 100 1656,576,1224,1200
1875 100 1656,576,1224,1200
1876 100 1656,576,1224,1200
1877 100 1656,576,1224,1200
1878 100 1656,552,1224,1224
1879 100 1656,552,1224,1224
1880 100 1656,576,1224,1200
1881 100 1656,576,1224,1200
1882 100 1656,576,1224,1200
1883 100 1656,576,1224,1200
1884 100 1632,576,1224,1200
1885 100 1632,576,1224,1200
1886 100 1632,576,1224,1200
1887 100 1632,576,1224,1200
1888 100 1632,576,1224,1200
1889 100 1632,576,1224,1200
1890 100 1632,576,1224,1200
1891 100 1632,576,1224,1200
1892 100 1632,552,1224,1224
1893 100 1632,576,1224,1200
1894 100 1632,576,1224,1200
1895 100 1632,576,1224,1200
1896 100 1632,576,1224,1200
1897 100 1632,576,1224,1200
1898 100 1632,576,1224,1200
1899 100 1632,576,1224,1200
1900 100 1632,576,1224,1200
1901 100 1632,576,1224,1200
1902 100 1632,576,1224,1200
1903 100 1632,576,1224,1200
1904 100 1632,576,1224,1200
1905 100 1632,576,1224,1200
1906 100 1632,576,1224,1200
1907 100 1632,576,1224,1200
1908 100 1632,576,1224,1200
1909 100 1632,576,1224,1200
1910 100 1632,576,1224,1200
1911 100 1632,576,1224,1200
1912 100 1632,576,1224,1200
1913 100 1632,552,1224,1224
1914 100 1632,552,1224,1224
1915 100 1632,552,1224,1224
1916 100 1632,552,1224,1224
1917 100 1632,552,1224,1224
1918 100 1632,552,1224,1224
1919 100 1632,552,1224,1224
1920 100 1632,552,1224,1224
1921 100 1632,552,1224,1224
1922 100 1632,552,1224,1224
1923 100 1632,552,1224,1224
1924 100 1632,552,1224,1224
1925 100 1632,552,1224,1224
1926 100 1632,552,1224,1224
1927 100 1632,552,1224,1224
1928 100 1632,552,1224,1224
1929 100 1632,552,1224,1224
1930 100 1632,552,1224,1224
1931 100 1632,552,1224,1224
1932 100 1632,552,1224,1224
1933 100 1632,576,1224,1200
1934 100 1632,576,1224,1200
1935 100 1632,576,1224,1200
1936 100 1632,576,1224,1200
1937 100 1632,576,1224,1200
1938 100 1632,576,1224,1200
1939 100 1632,576,1224,1200
1940 100 1632,576,1224,1200
1941 100 1632,576,1224,1200
1942 100 1632,576,1224,1200
1943 100 1632,576,1224,1200
1944 100 1632,576,1224,1200
1945 100 1632,576,1224,1200
1946 100 1632,576,1224,1200
1947 100 1632,576,1224,1200
1948 100 1632,576,1224,1200
1949 100 1632,576,1224,1200
1950 100 1632,552,1224,1224
1951 100 1632,552,1224,1224
1952 100 1632,552,1224,1224
1953 100 1632,552,1224,1224
1954 100 1632,576,1224,1200
1955 100 1632,576,1224,1200
1956 100 1632,552,1224,1224
1957 100 1632,552,1224,1224
1958 100 1632,552,1224,1224
1959 100 1632,552,1224,1224
1960 100 1632,552,1224,1224
1961 100 1632,552,1224,1224
1962 100 1632,576,1224,1200
1963 100 1632,576,1224,1200
1964 100 1632,576,1224,1200
1965 100 1632,576,1224,1200
1966 100 1632,576,1224,1200
1967 100 1632,576,1224,1200
1968 100 1608,576,1224,1200
1969 100 1608,576,1224,1200
1970 100 1608,576,1224,1200
1971 100 1584,576,1224,1200
1972 100 1584,576,1224,1200
1973 100 1584,576,1224,1200
1974 100 1560,576,1224,1200
1975 100 1560,576,1224,1200
1976 100 1560,576,1224,1200
1977 100 1560,576,1224,1200
1978 100 1560,576,1224,1200
1979 100 1536,576,1224,1224
1980 100 1536,576,1224,1224
1981 100 1536,576,1224,1224
1982 100 1536,576,1224,1224
1983 100 1512,576,1224,1224
1984 100 1512,576,1224,1224
1985 100 1512,576,1224,1224
1986 100 1512,600,1224,1200
1987 100 1512,600,1224,1200
1988 100 1488,600,1224,1200
1989 100 1488,600,1224,1200
1990 100 1488,600,1224,1224
1991 100 1488,600,1224,1224
1992 100 1464,600,1224,1224
1993 100 1464,600,1224,1224
1994 100 1464,600,1224,1224
1995 100 1464,600,1224,1224
1996 100 1464,600,1224,1224
1997 100 1464,600,1224,1224
1998 100 1440,600,1224,1224
1999 100 1440,600,1224,1224
2000 100 1440,600,1224,1224
2001 100 1416,600,1224,1224
2002 100 1416,600,1224,1224
2003 100 1392,600,1224,1200
2004 100 1392,576,1224,1200
2005 100 1368,576,1224,1200
2006 100 1344,552,1224,1224
2007 100 1320,552,1224,1224
2008 100 1296,552,1224,1224
2009 100 1272,552,1224,1224
2010 100 1248,552,1224,1200
2011 100 1224,552,1224,1200
2012 100 1200,552,1224,1200
2013 100 1152,552,1224,1200
2014 100 1128,552,1224,1224
2015 100 1128,552,1224,1224
2016 100 1104,576,1224,1200
2017 100 1080,576,1224,1200
2018 100 1080,576,1224,1200
2019 100 1056,576,1224,1200
2020 100 1032,576,1224,1200
2021 100 1008,576,1224,1200
2022 100 984,576,1224,1224
2023 100 984,576,1224,1224
2024 100 960,576,1224,1224
2025 100 936,576,1224,1224
2026 100 936,576,1224,1224
2027 100 912,576,1224,1224
2028 100 888,576,1224,1224
2029 100 888,576,1224,1224
2030 100 864,576,1224,1224
2031 100 840,576,1224,1224
2032 100 840,576,1224,1224
2033 100 816,576,1224,1224
2034 100 792,576,1224,1224
2035 100 768,576,1224,1224
2036 100 744,576,1224,1224
2037 100 720,576,1224,1224
2038 100 720,576,1224,1224
2039 100 696,600,1224,1200
2040 100 672,600,1224,1200
2041 100 648,600,1224,1200
2042 100 648,600,1224,1200
2043 100 624,600,1224,1200
2044 100 600,600,1224,1200
2045 100 552,600,1224,1200
2046 100 528,600,1224,1200
2047 100 480,600,1224,1224
2048 100 456,600,1224,1224
2049 100 408,600,1224,1224
2050 100 384,624,1224,1200
2051 100 360,624,1224,1200
2052 100 336,624,1224,1200
2053 100 312,600,1224,1224
2054 100 288,600,1224,1200
2055 100 264,600,1224,1200
2056 100 216,576,1224,1224
2057 100 192,576,1224,1224
2058 100 168,600,1224,1200
2059 100 144,600,1224,1200
2060 100 96,600,1224,1200
2061 100 72,600,1224,1200
2062 100 48,600,1224,1200
2063 100 24,576,1224,1224
2064 100 0,576,1224,1224
2065 100 0,576,1224,1224
2066 100 0,576,1224,1224
2067 100 24,576,1224,1224
2068 100 0,576,1224,1224
2069 100 0,576,1224,1224
2070 100 0,576,1224,1200
2071 100 0,576,1224,1200
2072 100 0,552,1224,1224
2073 100 24,552,1224,1224
2074 100 24,552,1224,1224
2075 100 0,552,1224,1224
2076 100 24,552,1224,1200
2077 100 0,552,1224,1200
2078 100 24,528,1224,1224
2079 100 0,528,1224,1224
2080 100 24,528,1224,1224
2081 100 0,552,1224,1200
2082 100 24,552,1224,1200
2083 100 48,552,1224,1200
2084 100 48,552,1224,1200
2085 100 48,552,1224,1200
2086 100 48,528,1224,1224
2087 100 24,528,1224,1224
2088 100 24,528,1224,1224
2089 100 0,528,1224,1224
2090 100 0,528,1224,1224
2091 100 0,528,1224,1224
2092 100 0,528,1224,1224
2093 100 0,528,1224,1200
2094 100 0,528,1224,1200
2095 100 3480,528,1224,1200
2096 100 3528,528,1224,1200
2097 100 0,504,1224,1224
2098 100 0,504,1224,1224
