0 100 912,624,1224,1200
1 100 912,624,1224,1200
2 100 912,624,1224,1200
3 100 888,624,1224,1200
4 100 888,624,1224,1200
5 100 888,624,1224,1200
6 100 888,624,1224,1200
7 100 888,624,1224,1200
8 100 888,624,1224,1200
9 100 888,624,1224,1200
10 100 888,624,1224,1200
11 100 888,624,1224,1200
12 100 888,624,1224,1200
13 100 888,624,1224,1200
14 100 888,624,1224,1200
15 100 888,624,1224,1200
16 100 888,624,1224,1200
17 100 888,624,1224,1200
18 100 888,624,1224,1224
19 100 888,624,1224,1224
20 100 888,624,1224,1224
21 100 888,624,1224,1200
22 100 888,624,1224,1200
23 100 888,624,1224,1200
24 100 888,624,1224,1200
25 100 888,624,1224,1200
26 100 888,624,1224,1200
27 100 912,624,1224,1200
28 100 912,624,1224,1200
29 100 912,624,1224,1200
30 100 912,624,1224,1200
31 100 912,624,1224,1200
32 100 912,624,1224,1200
33 100 912,624,1224,1200
34 100 912,624,1224,1200
35 100 912,624,1224,1200
36 100 912,624,1224,1200
37 100 912,624,1224,1200
38 100 912,624,1224,1200
39 100 912,624,1224,1200
40 100 936,624,1224,1200
41 100 936,624,1224,1200
42 100 936,600,1224,1224
43 100 936,600,1224,1224
44 100 936,600,1224,1224
45 100 936,600,1224,1224
46 100 936,600,1224,1224
47 100 936,600,1224,1224
48 100 936,600,1224,1224
49 100 936,600,1224,1200
50 100 936,600,1224,1200
51 100 936,600,1224,1224
52 100 936,600,1224,1224
53 100 936,600,1224,1224
54 100 936,600,1224,1224
55 100 936,600,1224,1224
56 100 936,600,1224,1224
57 100 936,600,1224,1200
58 100 936,600,1224,1200
59 100 936,600,1224,1200
60 100 936,600,1224,1200
61 100 960,600,1224,1200
62 100 960,600,1224,1200
63 100 960,600,1224,1200
64 100 984,600,1224,1200
65 100 984,600,1224,1200
66 100 1008,600,1224,1200
67 100 1008,600,1224,1200
68 100 1032,576,1224,1224
69 100 1032,576,1224,1224
70 100 1056,576,1224,1224
71 100 1080,576,1224,1200
72 100 1080,576,1224,1200
73 100 1080,576,1224,1200
74 100 1080,576,1224,1200
75 100 1080,576,1224,1200
76 100 1080,576,1224,1200
77 100 1080,576,1224,1200
78 100 1056,576,1224,1200
79 100 1056,576,1224,1200
80 100 1056,576,1224,1200
81 100 1056,576,1224,1200
82 100 1056,576,1224,1200
83 100 1056,576,1224,1200
84 100 1056,576,1224,1200
85 100 1056,576,1224,1200
86 100 1056,576,1224,1200
87 100 1056,576,1224,1200
88 100 1056,576,1224,1200
89 100 1056,576,1224,1200
90 100 1056,576,1224,1200
91 100 1056,576,1224,1200
92 100 1056,576,1224,1200
93 100 1056,576,1224,1200
94 100 1056,576,1224,1200
95 100 1056,576,1224,1200
96 100 1056,576,1224,1200
97 100 1056,576,1224,1200
98 100 1056,576,1224,1200
99 100 1056,576,1224,1224
100 100 1080,576,1224,1224
101 100 1080,576,1224,1224
102 100 1104,576,1224,1200
103 100 1104,576,1224,1200
104 100 1128,576,1224,1200
105 100 1176,552,1224,1224
106 100 1176,552,1224,1224
107 100 1200,552,1224,1224
108 100 1200,552,1224,1224
109 100 1224,552,1224,1200
110 100 1248,552,1224,1200
111 100 1248,552,1224,1200
112 100 1248,552,1224,1200
113 100 1248,552,1224,1200
114 100 1272,552,1224,1200
115 100 1272,552,1224,1200
116 100 1272,552,1224,1200
117 100 1272,552,1224,1200
118 100 1272,552,1224,1200
119 100 1296,552,1224,1200
120 100 1296,552,1224,1200
121 100 1296,552,1224,1200
122 100 1296,552,1224,1200
123 100 1296,552,1224,1200
124 100 1296,552,1224,1200
125 100 1296,552,1224,1200
126 100 1320,552,1224,1200
127 100 1320,552,1224,1200
128 100 1320,552,1224,1200
129 100 1320,552,1224,1200
130 100 1320,552,1224,1200
131 100 1296,552,1224,1200
132 100 1296,528,1224,1224
133 100 1296,528,1224,1224
134 100 1320,552,1224,1200
135 100 1320,552,1224,1200
136 100 1320,552,1224,1200
137 100 1320,552,1224,1200
138 100 1320,552,1224,1200
139 100 1320,552,1224,1200
140 100 1320,552,1224,1200
141 100 1320,552,1224,1200
142 100 1320,552,1224,1200
143 100 1320,552,1224,1200
144 100 1296,552,1224,1200
145 100 1296,552,1224,1200
146 100 1296,552,1224,1200
147 100 1296,552,1224,1200
148 100 1296,552,1224,1200
149 100 1296,552,1224,1200
150 100 1296,552,1224,1200
151 100 1296,552,1224,1200
152 100 1296,552,1224,1200
153 100 1296,552,1224,1200
154 100 1296,552,1224,1200
155 100 1296,552,1224,1200
156 100 1296,552,1224,1200
157 100 1296,552,1224,1200
158 100 1296,552,1224,1200
159 100 1296,552,1224,1200
160 100 1296,552,1224,1224
161 100 1296,576,1224,1200
162 100 1296,576,1224,1200
163 100 1296,576,1224,1200
164 100 1296,576,1224,1200
165 100 1296,600,1224,1200
166 100 1296,600,1224,1200
167 100 1296,600,1224,1224
168 100 1296,624,1224,1200
169 100 1296,624,1224,1200
170 100 1320,624,1224,1200
171 100 1320,624,1224,1200
172 100 1344,624,1224,1200
173 100 1344,624,1224,1200
174 100 1416,600,1224,1200
175 100 1512,600,1224,1200
176 100 1512,600,1224,1200
177 100 1560,576,1224,1200
178 100 1560,576,1224,1200
179 100 1608,552,1224,1224
180 100 1608,552,1224,1224
181 100 1656,552,1224,1200
182 100 1704,552,1224,1200
183 100 1704,552,1224,1200
184 100 1752,528,1224,1224
185 100 1752,528,1224,1224
186 100 1776,528,1224,1224
187 100 1776,528,1224,1200
188 100 1800,528,1224,1200
189 100 1800,528,1224,1200
190 100 1800,528,1224,1200
191 100 1824,528,1224,1200
192 100 1824,528,1224,1200
193 100 1848,528,1224,1200
194 100 1872,528,1224,1200
195 100 1872,528,1224,1200
196 100 1872,528,1224,1200
197 100 1872,528,1224,1200
198 100 1896,528,1224,1200
199 100 1896,528,1224,1200
200 100 1896,528,1224,1200
201 100 1920,528,1224,1200
202 100 1920,528,1224,1200
203 100 1920,528,1224,1200
204 100 1920,528,1224,1200
205 100 1920,528,1224,1200
206 100 1920,528,1224,1200
207 100 1920,528,1224,1200
208 100 1872,528,1224,1200
209 100 1872,528,1224,1200
210 100 1776,528,1224,1200
211 100 1656,528,1224,1200
212 100 1656,528,1224,1200
213 100 1536,504,1224,1224
214 100 1536,504,1224,1224
215 100 1440,504,1224,1224
216 100 1416,504,1224,1200
217 100 1416,504,1224,1200
218 100 1368,504,1224,1200
219 100 1368,504,1224,1200
220 100 1344,504,1224,1200
221 100 1344,504,1224,1200
222 100 1296,504,1224,1200
223 100 1272,504,1224,1200
224 100 1272,504,1224,1200
225 100 1272,504,1224,1200
226 100 1272,504,1224,1200
227 100 1272,504,1224,1200
228 100 1224,504,1224,1224
229 100 1224,504,1224,1224
230 100 1176,504,1224,1200
231 100 1176,504,1224,1200
232 100 1104,504,1224,1200
233 100 1008,504,1224,1200
234 100 1008,504,1224,1200
235 100 912,504,1224,1200
236 100 912,504,1224,1200
237 100 840,504,1224,1224
238 100 840,504,1224,1224
239 100 768,504,1224,1224
240 100 720,504,1224,1200
241 100 720,504,1224,1200
242 100 672,504,1224,1200
243 100 672,504,1224,1200
244 100 624,504,1224,1200
245 100 576,504,1224,1224
246 100 576,504,1224,1224
247 100 576,504,1224,1224
248 100 576,504,1224,1224
249 100 552,504,1224,1224
250 100 528,504,1224,1200
251 100 528,504,1224,1200
252 100 528,504,1224,1200
253 100 528,504,1224,1200
254 100 504,504,1224,1200
255 100 504,504,1224,1200
256 100 504,504,1224,1200
257 100 480,504,1224,1200
258 100 480,504,1224,1200
259 100 456,504,1224,1200
260 100 456,504,1224,1200
261 100 432,504,1224,1200
262 100 408,504,1224,1224
263 100 408,504,1224,1224
264 100 408,504,1224,1224
265 100 408,504,1224,1224
266 100 384,528,1224,1200
267 100 384,528,1224,1200
268 100 384,528,1224,1200
269 100 384,528,1224,1200
270 100 384,528,1224,1200
271 100 384,528,1224,1200
272 100 384,528,1224,1200
273 100 384,528,1224,1224
274 100 384,528,1224,1224
275 100 384,528,1224,1224
276 100 384,528,1224,1224
277 100 360,528,1224,1224
278 100 360,528,1224,1224
279 100 360,528,1224,1224
280 100 360,528,1224,1224
281 100 384,528,1224,1224
282 100 384,528,1224,1224
283 100 384,528,1224,1224
284 100 384,528,1224,1224
285 100 384,528,1224,1224
286 100 384,528,1224,1224
287 100 384,528,1224,1224
288 100 384,528,1224,1224
289 100 384,528,1224,1224
290 100 384,552,1224,1200
291 100 384,552,1224,1200
292 100 384,552,1224,1200
293 100 384,552,1224,1200
294 100 384,552,1224,1200
295 100 384,552,1224,1200
296 100 384,552,1224,1200
297 100 384,552,1224,1200
298 100 384,552,1224,1200
299 100 360,552,1224,1200
300 100 360,552,1224,1200
301 100 360,552,1224,1200
302 100 336,552,1224,1200
303 100 336,552,1224,1200
304 100 312,552,1224,1200
305 100 312,552,1224,1200
306 100 264,552,1224,1200
307 100 240,552,1224,1200
308 100 240,552,1224,1200
309 100 216,552,1224,1200
310 100 216,552,1224,1200
311 100 216,528,1224,1224
312 100 192,528,1224,1224
313 100 192,528,1224,1224
314 100 192,528,1224,1224
315 100 192,528,1224,1224
316 100 192,528,1224,1224
317 100 168,528,1224,1224
318 100 168,528,1224,1224
319 100 144,552,1224,1200
320 100 144,552,1224,1200
321 100 120,552,1224,1200
322 100 72,528,1224,1200
323 100 72,528,1224,1200
324 100 48,528,1224,1224
325 100 48,528,1224,1224
326 100 0,552,1224,1200
327 100 0,552,1224,1200
328 100 0,552,1224,1200
329 100 24,552,1224,1200
330 100 24,552,1224,1200
331 100 0,528,1224,1224
332 100 0,528,1224,1224
333 100 0,528,1224,1200
334 100 24,528,1224,1200
335 100 24,528,1224,1200
336 100 0,528,1224,1200
337 100 0,528,1224,1200
338 100 0,528,1224,1200
339 100 0,528,1224,1200
340 100 0,528,1224,1200
341 100 24,528,1224,1200
342 100 24,528,1224,1200
343 100 24,528,1224,1224
344 100 0,528,1224,1224
345 100 0,528,1224,1224
346 100 0,528,1224,1224
347 100 0,528,1224,1224
348 100 0,528,1224,1224
349 100 0,528,1224,1224
350 100 48,528,1224,1224
351 100 48,528,1224,1200
352 100 48,528,1224,1200
353 100 48,528,1224,1200
354 100 48,528,1224,1200
355 100 48,528,1224,1200
356 100 48,528,1224,1200
357 100 24,528,1224,1224
358 100 24,528,1224,1224
359 100 24,528,1224,1224
360 100 24,528,1224,1200
361 100 24,528,1224,1200
362 100 24,528,1224,1224
363 100 24,528,1224,1224
364 100 24,528,1224,1224
365 100 48,528,1224,1200
366 100 48,528,1224,1200
367 100 0,528,1224,1200
368 100 0,528,1224,1200
369 100 0,528,1224,1200
370 100 0,528,1224,1200
371 100 0,528,1224,1200
372 100 0,528,1224,1200
373 100 0,528,1224,1200
374 100 0,528,1224,1200
375 100 0,528,1224,1200
376 100 0,528,1224,1200
377 100 48,528,1224,1200
378 100 48,528,1224,1200
379 100 0,528,1224,1200
380 100 48,528,1224,1200
381 100 48,528,1224,1200
382 100 48,528,1224,1200
383 100 48,528,1224,1200
384 100 48,528,1224,1200
385 100 24,528,1224,1224
386 100 24,528,1224,1224
387 100 24,528,1224,1224
388 100 24,528,1224,1224
389 100 24,528,1224,1224
390 100 24,528,1224,1224
391 100 24,528,1224,1224
392 100 48,528,1224,1200
393 100 48,528,1224,1200
394 100 0,528,1224,1200
395 100 0,528,1224,1200
396 100 0,528,1224,1200
397 100 0,528,1224,1200
398 100 0,528,1224,1200
399 100 0,528,1224,1200
400 100 0,528,1224,1200
401 100 0,528,1224,1200
402 100 0,528,1224,1200
403 100 0,528,1224,1200
404 100 0,528,1224,1200
405 100 0,528,1224,1200
406 100 0,528,1224,1224
407 100 0,528,1224,1224
408 100 0,528,1224,1224
409 100 0,528,1224,1200
410 100 0,528,1224,1200
411 100 0,528,1224,1200
412 100 0,528,1224,1200
413 100 24,528,1224,1200
414 100 24,528,1224,1200
415 100 24,528,1224,1200
416 100 0,528,1224,1200
417 100 0,528,1224,1200
418 100 0,528,1224,1200
419 100 24,528,1224,1200
420 100 24,528,1224,1200
421 100 0,528,1224,1224
422 100 0,528,1224,1224
423 100 0,528,1224,1224
424 100 0,528,1224,1224
425 100 24,528,1224,1224
426 100 0,528,1224,1224
427 100 0,528,1224,1224
428 100 0,528,1224,1200
429 100 0,528,1224,1200
430 100 0,528,1224,1200
431 100 0,528,1224,1200
432 100 0,528,1224,1200
433 100 0,528,1224,1200
434 100 0,528,1224,1200
435 100 24,528,1224,1200
436 100 0,528,1224,1200
437 100 0,528,1224,1200
438 100 0,528,1224,1200
439 100 0,528,1224,1200
440 100 0,528,1224,1200
441 100 24,528,1224,1200
442 100 24,528,1224,1200
443 100 24,528,1224,1200
444 100 24,528,1224,1200
445 100 24,528,1224,1200
446 100 24,528,1224,1200
447 100 48,528,1224,1200
448 100 48,528,1224,1200
449 100 48,528,1224,1200
450 100 72,528,1224,1200
451 100 72,528,1224,1200
452 100 72,528,1224,1200
453 100 72,528,1224,1200
454 100 72,528,1224,1200
455 100 96,528,1224,1200
456 100 96,528,1224,1200
457 100 96,528,1224,1200
458 100 96,528,1224,1200
459 100 96,528,1224,1200
460 100 120,528,1224,1200
461 100 120,528,1224,1200
462 100 120,528,1224,1200
463 100 120,528,1224,1200
464 100 120,528,1224,1200
465 100 120,528,1224,1200
466 100 144,528,1224,1200
467 100 168,528,1224,1200
468 100 168,528,1224,1200
469 100 192,528,1224,1200
470 100 192,528,1224,1200
471 100 216,528,1224,1200
472 100 240,528,1224,1200
473 100 240,528,1224,1200
474 100 264,528,1224,1200
475 100 264,528,1224,1200
476 100 288,528,1224,1200
477 100 288,528,1224,1200
478 100 312,504,1224,1224
479 100 336,504,1224,1224
480 100 336,504,1224,1224
481 100 360,504,1224,1224
482 100 360,504,1224,1224
483 100 384,528,1224,1200
484 100 408,528,1224,1200
485 100 408,528,1224,1200
486 100 432,528,1224,1200
487 100 432,528,1224,1200
488 100 456,528,1224,1200
489 100 456,528,1224,1200
490 100 480,528,1224,1200
491 100 504,528,1224,1200
492 100 504,528,1224,1200
493 100 504,504,1224,1224
494 100 504,504,1224,1224
495 100 528,504,1224,1224
496 100 552,504,1224,1224
497 100 552,504,1224,1224
498 100 576,504,1224,1224
499 100 576,504,1224,1224
500 100 600,504,1224,1224
501 100 600,504,1224,1224
502 100 600,504,1224,1224
503 100 624,528,1224,1200
504 100 624,528,1224,1200
505 100 648,528,1224,1224
506 100 648,528,1224,1224
507 100 672,528,1224,1224
508 100 672,528,1224,1224
509 100 696,528,1224,1224
510 100 744,528,1224,1224
511 100 744,528,1224,1224
512 100 768,528,1224,1224
513 100 768,528,1224,1224
514 100 792,528,1224,1224
515 100 792,528,1224,1224
516 100 816,528,1224,1224
517 100 840,528,1224,1224
518 100 840,528,1224,1224
519 100 864,552,1224,1200
520 100 912,552,1224,1200
521 100 912,552,1224,1200
522 100 912,552,1224,1200
523 100 936,528,1224,1224
524 100 984,552,1224,1200
525 100 1032,552,1224,1200
526 100 1032,552,1224,1200
527 100 1032,552,1224,1224
528 100 1032,552,1224,1224
529 100 1056,552,1224,1224
530 100 1056,552,1224,1224
531 100 1056,552,1224,1224
532 100 1056,552,1224,1224
533 100 1032,552,1224,1224
534 100 1008,552,1224,1224
535 100 1008,552,1224,1224
536 100 1056,552,1224,1224
537 100 1104,552,1224,1200
538 100 1104,552,1224,1200
539 100 1176,552,1224,1200
540 100 1176,552,1224,1200
541 100 1224,552,1224,1200
542 100 1224,552,1224,1200
543 100 1272,552,1224,1200
544 100 1296,552,1224,1200
545 100 1296,552,1224,1200
546 100 1320,552,1224,1200
547 100 1344,528,1224,1224
548 100 1344,528,1224,1224
549 100 1368,528,1224,1224
550 100 1368,528,1224,1224
551 100 1392,528,1224,1224
552 100 1392,528,1224,1224
553 100 1416,528,1224,1224
554 100 1416,528,1224,1200
555 100 1416,528,1224,1200
556 100 1440,528,1224,1200
557 100 1440,528,1224,1200
558 100 1440,528,1224,1200
559 100 1464,528,1224,1200
560 100 1464,528,1224,1200
561 100 1464,528,1224,1224
562 100 1464,528,1224,1224
563 100 1488,528,1224,1224
564 100 1512,528,1224,1200
565 100 1512,528,1224,1200
566 100 1536,528,1224,1200
567 100 1536,528,1224,1200
568 100 1584,528,1224,1224
569 100 1608,552,1224,1200
570 100 1608,552,1224,1200
571 100 1632,552,1224,1200
572 100 1632,552,1224,1200
573 100 1680,552,1224,1200
574 100 1680,552,1224,1200
575 100 1704,552,1224,1200
576 100 1704,552,1224,1200
577 100 1752,552,1224,1224
578 100 1752,552,1224,1224
579 100 1776,552,1224,1224
580 100 1800,552,1224,1224
581 100 1800,552,1224,1224
582 100 1824,552,1224,1224
583 100 1824,552,1224,1224
584 100 1848,552,1224,1224
585 100 1848,552,1224,1224
586 100 1872,552,1224,1224
587 100 1872,552,1224,1200
588 100 1872,552,1224,1200
589 100 1896,552,1224,1200
590 100 1896,552,1224,1200
591 100 1920,552,1224,1200
592 100 1920,552,1224,1200
593 100 1920,552,1224,1200
594 100 1920,552,1224,1200
595 100 1944,552,1224,1200
596 100 1944,552,1224,1200
597 100 1944,552,1224,1200
598 100 1920,552,1224,1200
599 100 1920,552,1224,1200
600 100 1920,552,1224,1200
601 100 1920,552,1224,1200
602 100 1920,552,1224,1200
603 100 1896,552,1224,1200
604 100 1896,552,1224,1200
605 100 1896,552,1224,1200
606 100 1872,552,1224,1200
607 100 1872,552,1224,1200
608 100 1872,552,1224,1200
609 100 1872,552,1224,1200
610 100 1848,552,1224,1200
611 100 1800,552,1224,1200
612 100 1800,552,1224,1200
613 100 1776,552,1224,1200
614 100 1776,552,1224,1200
615 100 1752,552,1224,1200
616 100 1752,552,1224,1200
617 100 1728,552,1224,1200
618 100 1704,552,1224,1200
619 100 1704,552,1224,1200
620 100 1680,552,1224,1200
621 100 1656,552,1224,1224
622 100 1656,552,1224,1224
623 100 1656,552,1224,1224
624 100 1656,552,1224,1224
625 100 1632,552,1224,1224
626 100 1632,552,1224,1224
627 100 1608,552,1224,1224
628 100 1608,552,1224,1224
629 100 1584,552,1224,1224
630 100 1560,552,1224,1224
631 100 1536,552,1224,1224
632 100 1536,552,1224,1224
633 100 1512,552,1224,1224
634 100 1512,552,1224,1224
635 100 1512,552,1224,1224
636 100 1512,552,1224,1224
637 100 1488,552,1224,1224
638 100 1488,552,1224,1224
639 100 1488,552,1224,1224
640 100 1464,552,1224,1224
641 100 1464,552,1224,1224
642 100 1464,552,1224,1224
643 100 1464,552,1224,1224
644 100 1464,552,1224,1224
645 100 1464,552,1224,1224
646 100 1464,552,1224,1224
647 100 1464,552,1224,1224
648 100 1464,552,1224,1224
649 100 1464,552,1224,1224
650 100 1464,552,1224,1224
651 100 1440,552,1224,1224
652 100 1440,552,1224,1224
653 100 1440,552,1224,1224
654 100 1440,552,1224,1224
655 100 1440,552,1224,1224
656 100 1440,552,1224,1224
657 100 1440,552,1224,1224
658 100 1440,552,1224,1224
659 100 1440,576,1224,1200
660 100 1440,576,1224,1200
661 100 1440,552,1224,1224
662 100 1440,552,1224,1224
663 100 1440,552,1224,1224
664 100 1440,552,1224,1224
665 100 1440,552,1224,1224
666 100 1440,552,1224,1224
667 100 1440,552,1224,1224
668 100 1440,552,1224,1224
669 100 1440,552,1224,1224
670 100 1440,552,1224,1224
671 100 1464,552,1224,1224
672 100 1464,552,1224,1224
673 100 1464,552,1224,1200
674 100 1464,552,1224,1224
675 100 1464,552,1224,1224
676 100 1464,552,1224,1224
677 100 1464,552,1224,1224
678 100 1464,552,1224,1224
679 100 1464,552,1224,1224
680 100 1464,552,1224,1224
681 100 1464,552,1224,1224
682 100 1464,552,1224,1224
683 100 1464,552,1224,1224
684 100 1464,552,1224,1224
685 100 1464,552,1224,1224
686 100 1464,552,1224,1200
687 100 1464,552,1224,1200
688 100 1464,552,1224,1200
689 100 1464,552,1224,1200
690 100 1464,552,1224,1200
691 100 1464,552,1224,1200
692 100 1464,552,1224,1200
693 100 1464,552,1224,1200
694 100 1464,552,1224,1200
695 100 1464,552,1224,1200
696 100 1464,552,1224,1200
697 100 1464,552,1224,1200
698 100 1464,552,1224,1200
699 100 1488,552,1224,1200
700 100 1488,552,1224,1200
701 100 1488,552,1224,1200
702 100 1488,552,1224,1200
703 100 1488,552,1224,1200
704 100 1488,552,1224,1200
705 100 1488,552,1224,1200
706 100 1488,552,1224,1200
707 100 1488,552,1224,1200
708 100 1488,552,1224,1200
709 100 1488,552,1224,1200
710 100 1488,552,1224,1224
711 100 1488,552,1224,1224
712 100 1488,552,1224,1224
713 100 1488,552,1224,1224
714 100 1488,552,1224,1224
715 100 1512,552,1224,1224
716 100 1512,552,1224,1224
717 100 1512,552,1224,1224
718 100 1512,552,1224,1224
719 100 1512,552,1224,1224
720 100 1512,552,1224,1200
721 100 1512,552,1224,1200
722 100 1512,552,1224,1200
723 100 1512,552,1224,1200
724 100 1512,552,1224,1200
725 100 1512,552,1224,1200
726 100 1512,552,1224,1200
727 100 1512,552,1224,1224
728 100 1512,552,1224,1224
729 100 1512,552,1224,1224
730 100 1512,552,1224,1224
731 100 1512,552,1224,1224
732 100 1512,552,1224,1224
733 100 1512,552,1224,1224
734 100 1512,552,1224,1224
735 100 1512,552,1224,1224
736 100 1512,552,1224,1224
737 100 1512,552,1224,1224
738 100 1512,552,1224,1224
739 100 1512,552,1224,1224
740 100 1512,552,1224,1224
741 100 1512,552,1224,1224
742 100 1536,552,1224,1224
743 100 1536,552,1224,1224
744 100 1536,552,1224,1224
745 100 1536,552,1224,1200
746 100 1536,552,1224,1200
747 100 1536,552,1224,1200
748 100 1536,552,1224,1200
749 100 1536,552,1224,1200
750 100 1536,552,1224,1200
751 100 1536,552,1224,1200
752 100 1536,552,1224,1200
753 100 1536,552,1224,1200
754 100 1536,552,1224,1200
755 100 1560,552,1224,1200
756 100 1560,552,1224,1200
757 100 1560,552,1224,1200
758 100 1560,552,1224,1200
759 100 1560,552,1224,1200
760 100 1560,552,1224,1200
761 100 1560,552,1224,1200
762 100 1560,552,1224,1200
763 100 1560,552,1224,1200
764 100 1560,552,1224,1200
765 100 1560,552,1224,1200
766 100 1536,552,1224,1200
767 100 1536,552,1224,1224
768 100 1536,552,1224,1224
769 100 1536,552,1224,1224
770 100 1536,552,1224,1224
771 100 1536,552,1224,1224
772 100 1536,552,1224,1224
773 100 1536,552,1224,1224
774 100 1536,552,1224,1224
775 100 1536,552,1224,1224
776 100 1536,552,1224,1224
777 100 1536,552,1224,1224
778 100 1536,552,1224,1224
779 100 1536,552,1224,1224
780 100 1536,552,1224,1224
781 100 1536,552,1224,1224
782 100 1536,552,1224,1224
783 100 1536,552,1224,1224
784 100 1536,552,1224,1224
785 100 1536,552,1224,1224
786 100 1536,552,1224,1224
787 100 1536,552,1224,1224
788 100 1536,552,1224,1224
789 100 1512,552,1224,1224
790 100 1512,552,1224,1224
791 100 1512,552,1224,1224
792 100 1488,552,1224,1224
793 100 1488,552,1224,1224
794 100 1464,552,1224,1224
795 100 1464,552,1224,1224
796 100 1440,552,1224,1224
797 100 1416,552,1224,1224
798 100 1416,552,1224,1224
799 100 1392,552,1224,1224
800 100 1392,552,1224,1224
801 100 1344,552,1224,1224
802 100 1344,552,1224,1224
803 100 1296,552,1224,1224
804 100 1272,552,1224,1224
805 100 1272,552,1224,1224
806 100 1248,552,1224,1224
807 100 1248,552,1224,1224
808 100 1248,552,1224,1224
809 100 1248,552,1224,1224
810 100 1248,552,1224,1224
811 100 1248,552,1224,1224
812 100 1248,552,1224,1224
813 100 1248,552,1224,1224
814 100 1224,576,1224,1200
815 100 1224,576,1224,1200
816 100 1224,576,1224,1200
817 100 1224,576,1224,1200
818 100 1224,576,1224,1200
819 100 1200,576,1224,1200
820 100 1200,576,1224,1200
821 100 1200,576,1224,1200
822 100 1200,576,1224,1200
823 100 1200,576,1224,1200
824 100 1200,576,1224,1200
825 100 1176,576,1224,1200
826 100 1176,576,1224,1200
827 100 1176,576,1224,1200
828 100 1176,576,1224,1200
829 100 1176,576,1224,1200
830 100 1152,576,1224,1200
831 100 1152,576,1224,1200
832 100 1152,576,1224,1200
833 100 1152,576,1224,1200
834 100 1152,576,1224,1200
835 100 1128,576,1224,1200
836 100 1128,576,1224,1200
837 100 1128,576,1224,1200
838 100 1128,576,1224,1200
839 100 1128,576,1224,1200
840 100 1104,576,1224,1200
841 100 1104,576,1224,1200
842 100 1104,576,1224,1200
843 100 1104,576,1224,1200
844 100 1104,576,1224,1200
845 100 1080,576,1224,1200
846 100 1080,576,1224,1200
847 100 1080,576,1224,1200
848 100 1056,576,1224,1200
849 100 1056,576,1224,1200
850 100 1056,576,1224,1200
851 100 1056,576,1224,1200
852 100 1032,576,1224,1200
853 100 1032,576,1224,1200
854 100 1032,576,1224,1200
855 100 1032,576,1224,1200
856 100 1032,576,1224,1200
857 100 1008,576,1224,1200
858 100 1008,576,1224,1200
859 100 1008,576,1224,1200
860 100 1008,576,1224,1200
861 100 1008,576,1224,1200
862 100 984,576,1224,1200
863 100 984,576,1224,1200
864 100 984,576,1224,1200
865 100 984,576,1224,1200
866 100 984,576,1224,1200
867 100 984,576,1224,1200
868 100 984,576,1224,1200
869 100 960,576,1224,1200
870 100 960,576,1224,1200
871 100 960,576,1224,1200
872 100 960,576,1224,1200
873 100 960,576,1224,1200
874 100 936,552,1224,1224
875 100 936,552,1224,1224
876 100 936,552,1224,1224
877 100 912,552,1224,1224
878 100 912,552,1224,1224
879 100 912,552,1224,1224
880 100 912,552,1224,1224
881 100 912,552,1224,1224
882 100 912,552,1224,1224
883 100 888,552,1224,1224
884 100 888,552,1224,1224
885 100 888,552,1224,1224
886 100 888,552,1224,1224
887 100 888,552,1224,1224
888 100 864,552,1224,1224
889 100 864,552,1224,1224
890 100 864,552,1224,1224
891 100 840,552,1224,1224
892 100 840,552,1224,1224
893 100 840,552,1224,1224
894 100 840,552,1224,1224
895 100 840,552,1224,1224
896 100 840,552,1224,1224
897 100 816,552,1224,1224
898 100 816,552,1224,1224
899 100 816,552,1224,1224
900 100 816,552,1224,1224
901 100 816,552,1224,1224
902 100 816,552,1224,1224
903 100 792,552,1224,1224
904 100 792,552,1224,1224
905 100 792,552,1224,1224
906 100 792,552,1224,1224
907 100 792,552,1224,1224
908 100 792,552,1224,1224
909 100 768,552,1224,1224
910 100 768,552,1224,1224
911 100 768,552,1224,1224
912 100 768,552,1224,1224
913 100 768,552,1224,1224
914 100 768,552,1224,1224
915 100 768,552,1224,1224
916 100 768,552,1224,1224
917 100 768,552,1224,1224
918 100 768,552,1224,1224
919 100 768,552,1224,1200
920 100 744,552,1224,1200
921 100 744,552,1224,1200
922 100 744,552,1224,1200
923 100 744,552,1224,1200
924 100 744,552,1224,1200
925 100 744,552,1224,1200
926 100 768,552,1224,1200
927 100 816,552,1224,1200
928 100 816,552,1224,1200
929 100 864,552,1224,1200
930 100 864,552,1224,1200
931 100 936,552,1224,1200
932 100 1032,528,1224,1200
933 100 1032,528,1224,1200
934 100 1176,528,1224,1200
935 100 1176,528,1224,1200
936 100 1320,504,1224,1200
937 100 1440,504,1224,1200
938 100 1440,504,1224,1200
939 100 1536,504,1224,1200
940 100 1536,504,1224,1200
941 100 1608,480,1224,1224
942 100 1656,504,1224,1200
943 100 1656,504,1224,1200
944 100 1704,504,1224,1200
945 100 1704,504,1224,1200
946 100 1728,504,1224,1200
947 100 1728,504,1224,1200
948 100 1728,504,1224,1200
949 100 1704,504,1224,1224
950 100 1704,504,1224,1224
951 100 1680,504,1224,1224
952 100 1680,504,1224,1224
953 100 1656,504,1224,1224
954 100 1656,504,1224,1224
955 100 1656,504,1224,1224
956 100 1656,504,1224,1224
957 100 1656,504,1224,1224
958 100 1632,504,1224,1224
959 100 1632,528,1224,1200
960 100 1632,528,1224,1200
961 100 1608,528,1224,1200
962 100 1608,528,1224,1200
963 100 1560,504,1224,1224
964 100 1560,504,1224,1224
965 100 1536,504,1224,1224
966 100 1488,504,1224,1200
967 100 1488,504,1224,1200
968 100 1464,504,1224,1200
969 100 1464,504,1224,1200
970 100 1416,504,1224,1200
971 100 1440,504,1224,1200
972 100 1440,504,1224,1200
973 100 1440,504,1224,1200
974 100 1440,504,1224,1200
975 100 1440,504,1224,1200
976 100 1440,504,1224,1200
977 100 1440,504,1224,1200
978 100 1440,504,1224,1200
979 100 1440,504,1224,1200
980 100 1440,504,1224,1200
981 100 1440,504,1224,1200
982 100 1464,504,1224,1200
983 100 1464,504,1224,1200
984 100 1488,504,1224,1200
985 100 1536,504,1224,1200
986 100 1536,504,1224,1200
987 100 1560,504,1224,1200
988 100 1560,504,1224,1200
989 100 1560,504,1224,1200
990 100 1560,504,1224,1200
991 100 1560,504,1224,1200
992 100 1560,504,1224,1200
993 100 1560,504,1224,1200
994 100 1584,504,1224,1200
995 100 1584,504,1224,1200
996 100 1584,504,1224,1224
997 100 1584,504,1224,1224
998 100 1584,504,1224,1224
999 100 1584,504,1224,1200
1000 100 1584,504,1224,1200
1001 100 1536,504,1224,1224
1002 100 1536,504,1224,1224
1003 100 1536,480,1224,1248
1004 100 1536,480,1224,1248
1005 100 1560,504,1224,1224
1006 100 1608,504,1224,1224
1007 100 1608,504,1224,1224
1008 100 1608,504,1224,1224
1009 100 1656,504,1224,1224
1010 100 1680,504,1224,1224
1011 100 1704,528,1224,1200
1012 100 1704,528,1224,1200
1013 100 1728,528,1224,1200
1014 100 1728,528,1224,1200
1015 100 1752,528,1224,1200
1016 100 1752,528,1224,1200
1017 100 1776,528,1224,1224
1018 100 1824,528,1224,1224
1019 100 1824,528,1224,1224
1020 100 1848,528,1224,1200
1021 100 1848,528,1224,1200
1022 100 1896,504,1224,1224
1023 100 1896,504,1224,1224
1024 100 1920,528,1224,1200
1025 100 1944,528,1224,1200
1026 100 1944,528,1224,1200
1027 100 1944,528,1224,1200
1028 100 1944,528,1224,1200
1029 100 1944,528,1224,1200
1030 100 1968,528,1224,1200
1031 100 1968,528,1224,1200
1032 100 1992,528,1224,1224
1033 100 1992,528,1224,1224
1034 100 2016,528,1224,1224
1035 100 2016,528,1224,1224
1036 100 2040,552,1224,1200
1037 100 2064,552,1224,1200
1038 100 2064,552,1224,1200
1039 100 2088,528,1224,1224
1040 100 2088,528,1224,1224
1041 100 2112,552,1224,1200
1042 100 2112,552,1224,1200
1043 100 2136,552,1224,1200
1044 100 2160,552,1224,1200
1045 100 2160,552,1224,1200
1046 100 2184,552,1224,1200
1047 100 2184,552,1224,1200
1048 100 2208,528,1224,1224
1049 100 2232,528,1224,1224
1050 100 2232,528,1224,1224
1051 100 2232,528,1224,1224
1052 100 2232,528,1224,1224
1053 100 2256,528,1224,1224
1054 100 2256,528,1224,1224
1055 100 2256,528,1224,1224
1056 100 2280,528,1224,1224
1057 100 2280,528,1224,1224
1058 100 2280,528,1224,1224
1059 100 2280,528,1224,1224
1060 100 2304,528,1224,1224
1061 100 2304,528,1224,1224
1062 100 2328,552,1224,1200
1063 100 2352,528,1224,1224
1064 100 2352,528,1224,1224
1065 100 2400,528,1224,1224
1066 100 2400,528,1224,1224
1067 100 2424,528,1224,1224
1068 100 2424,528,1224,1224
1069 100 2424,552,1224,1200
1070 100 2424,552,1224,1200
1071 100 2424,552,1224,1200
1072 100 2424,552,1224,1200
1073 100 2424,552,1224,1200
1074 100 2424,552,1224,1200
1075 100 2424,552,1224,1200
1076 100 2448,552,1224,1200
1077 100 2448,552,1224,1200
1078 100 2448,552,1224,1200
1079 100 2448,552,1224,1200
1080 100 2448,552,1224,1200
1081 100 2448,552,1224,1200
1082 100 2472,552,1224,1200
1083 100 2472,552,1224,1200
1084 100 2496,552,1224,1200
1085 100 2496,552,1224,1200
1086 100 2520,552,1224,1200
1087 100 2568,528,1224,1224
1088 100 2568,528,1224,1224
1089 100 2592,528,1224,1224
1090 100 2592,528,1224,1224
1091 100 2592,528,1224,1224
1092 100 2592,528,1224,1224
1093 100 2592,528,1224,1224
1094 100 2616,552,1224,1200
1095 100 2616,552,1224,1200
1096 100 2616,552,1224,1200
1097 100 2616,552,1224,1200
1098 100 2616,552,1224,1200
1099 100 2616,528,1224,1224
1100 100 2616,528,1224,1224
1101 100 2616,528,1224,1224
1102 100 2616,528,1224,1224
1103 100 2640,528,1224,1224
1104 100 2640,528,1224,1224
1105 100 2640,528,1224,1224
1106 100 2664,528,1224,1200
1107 100 2664,528,1224,1200
1108 100 2664,528,1224,1200
1109 100 2664,528,1224,1200
1110 100 2664,528,1224,1200
1111 100 2664,528,1224,1200
1112 100 2664,528,1224,1200
1113 100 2640,528,1224,1200
1114 100 2640,528,1224,1200
1115 100 2688,528,1224,1200
1116 100 2688,528,1224,1200
1117 100 2664,528,1224,1224
1118 100 2664,528,1224,1200
1119 100 2664,528,1224,1200
1120 100 2664,528,1224,1200
1121 100 2664,528,1224,1200
1122 100 2664,528,1224,1200
1123 100 2688,528,1224,1200
1124 100 2688,528,1224,1200
1125 100 2712,528,1224,1200
1126 100 2712,528,1224,1200
1127 100 2736,528,1224,1200
1128 100 2760,528,1224,1200
1129 100 2760,528,1224,1200
1130 100 2856,504,1224,1224
1131 100 2856,504,1224,1224
1132 100 2976,504,1224,1200
1133 100 2976,504,1224,1200
1134 100 2976,504,1224,1200
1135 100 2976,504,1224,1200
1136 100 2976,504,1224,1200
1137 100 3072,504,1224,1200
1138 100 3072,504,1224,1200
1139 100 3096,504,1224,1200
1140 100 3120,504,1224,1200
1141 100 3120,504,1224,1200
1142 100 3096,504,1224,1200
1143 100 3096,504,1224,1200
1144 100 3120,504,1224,1200
1145 100 3120,504,1224,1200
1146 100 3096,504,1224,1200
1147 100 3096,504,1224,1200
1148 100 3096,504,1224,1200
1149 100 3096,504,1224,1200
1150 100 3096,504,1224,1200
1151 100 3096,504,1224,1200
1152 100 3096,504,1224,1200
1153 100 3096,504,1224,1200
1154 100 3096,504,1224,1200
1155 100 3096,504,1224,1200
1156 100 3120,504,1224,1200
1157 100 3120,504,1224,1200
1158 100 3120,504,1224,1200
1159 100 3096,504,1224,1200
1160 100 3096,504,1224,1200
1161 100 3096,504,1224,1200
1162 100 3096,504,1224,1200
1163 100 3096,504,1224,1200
1164 100 3096,504,1224,1200
1165 100 3072,504,1224,1200
1166 100 2976,504,1224,1200
1167 100 2976,504,1224,1200
1168 100 3000,504,1224,1200
1169 100 2976,504,1224,1200
1170 100 2976,504,1224,1200
1171 100 2976,504,1224,1224
1172 100 2976,504,1224,1224
1173 100 2952,504,1224,1224
1174 100 2952,504,1224,1224
1175 100 2928,504,1224,1224
1176 100 2952,504,1224,1224
1177 100 2952,504,1224,1224
1178 100 2856,504,1224,1224
1179 100 2856,504,1224,1224
1180 100 2856,504,1224,1224
1181 100 2784,504,1224,1224
1182 100 2784,504,1224,1224
1183 100 2784,528,1224,1200
1184 100 2784,528,1224,1200
1185 100 2760,528,1224,1200
1186 100 2760,528,1224,1200
1187 100 2712,528,1224,1200
1188 100 2688,528,1224,1200
1189 100 2688,528,1224,1200
1190 100 2664,528,1224,1200
1191 100 2664,528,1224,1200
1192 100 2640,528,1224,1200
1193 100 2616,528,1224,1200
1194 100 2616,528,1224,1200
1195 100 2616,528,1224,1200
1196 100 2592,528,1224,1200
1197 100 2544,528,1224,1200
1198 100 2544,528,1224,1200
1199 100 2520,528,1224,1200
1200 100 2448,528,1224,1200
1201 100 2448,528,1224,1200
1202 100 2400,528,1224,1200
1203 100 2400,528,1224,1200
1204 100 2376,528,1224,1200
1205 100 2352,528,1224,1200
1206 100 2352,528,1224,1200
1207 100 2304,528,1224,1200
1208 100 2304,528,1224,1200
1209 100 2256,528,1224,1200
1210 100 2256,528,1224,1200
1211 100 2232,528,1224,1224
1212 100 2208,528,1224,1224
1213 100 2208,528,1224,1224
1214 100 2208,528,1224,1224
1215 100 2184,528,1224,1224
1216 100 2160,528,1224,1224
1217 100 2160,528,1224,1224
1218 100 2136,528,1224,1224
1219 100 2136,528,1224,1224
1220 100 2112,528,1224,1224
1221 100 2088,528,1224,1224
1222 100 2088,528,1224,1224
1223 100 2088,528,1224,1224
1224 100 2064,528,1224,1224
1225 100 2064,528,1224,1224
1226 100 2064,528,1224,1224
1227 100 2064,528,1224,1224
1228 100 2040,528,1224,1200
1229 100 2040,528,1224,1200
1230 100 2040,528,1224,1200
1231 100 2016,528,1224,1200
1232 100 2016,528,1224,1200
1233 100 1992,528,1224,1200
1234 100 1992,528,1224,1200
1235 100 1992,528,1224,1200
1236 100 1992,528,1224,1200
1237 100 1992,528,1224,1200
1238 100 1992,528,1224,1200
1239 100 1968,528,1224,1200
1240 100 1968,528,1224,1200
1241 100 1968,528,1224,1200
1242 100 1968,528,1224,1200
1243 100 1968,528,1224,1200
1244 100 1968,528,1224,1200
1245 100 1968,528,1224,1200
1246 100 1968,528,1224,1200
1247 100 1968,528,1224,1200
1248 100 1968,528,1224,1200
1249 100 1968,528,1224,1200
1250 100 1968,528,1224,1200
1251 100 1968,528,1224,1200
1252 100 1968,528,1224,1200
1253 100 1992,528,1224,1200
1254 100 1992,528,1224,1200
1255 100 1992,528,1224,1224
1256 100 1992,528,1224,1224
1257 100 1992,528,1224,1224
1258 100 1992,528,1224,1224
1259 100 1992,528,1224,1200
1260 100 1992,528,1224,1200
1261 100 1992,528,1224,1200
1262 100 2016,528,1224,1200
1263 100 2016,528,1224,1200
1264 100 2016,528,1224,1200
1265 100 2016,528,1224,1200
1266 100 2016,528,1224,1200
1267 100 2016,528,1224,1224
1268 100 2016,528,1224,1224
1269 100 2016,528,1224,1224
1270 100 2016,528,1224,1224
1271 100 2016,528,1224,1224
1272 100 2016,528,1224,1224
1273 100 2016,528,1224,1224
1274 100 2016,528,1224,1224
1275 100 2016,528,1224,1224
1276 100 2016,528,1224,1224
1277 100 2016,528,1224,1224
1278 100 2016,528,1224,1224
1279 100 2016,528,1224,1224
1280 100 2016,528,1224,1224
1281 100 2040,528,1224,1224
1282 100 2040,528,1224,1224
1283 100 2040,528,1224,1224
1284 100 2040,528,1224,1224
1285 100 2040,528,1224,1224
1286 100 2040,528,1224,1224
1287 100 2040,528,1224,1224
1288 100 2040,528,1224,1224
1289 100 2040,528,1224,1224
1290 100 2040,528,1224,1224
1291 100 2040,528,1224,1224
1292 100 2040,528,1224,1224
1293 100 2040,528,1224,1224
1294 100 2040,528,1224,1224
1295 100 2040,552,1224,1200
1296 100 2040,552,1224,1200
1297 100 2040,552,1224,1200
1298 100 2040,552,1224,1200
1299 100 2040,552,1224,1200
1300 100 2040,552,1224,1200
1301 100 2040,552,1224,1200
1302 100 2040,552,1224,1200
1303 100 2040,552,1224,1200
1304 100 2040,552,1224,1200
1305 100 2040,552,1224,1200
1306 100 2040,552,1224,1200
1307 100 2040,552,1224,1200
1308 100 2040,552,1224,1200
1309 100 2040,552,1224,1200
1310 100 2040,552,1224,1200
1311 100 2040,552,1224,1200
1312 100 2040,552,1224,1200
1313 100 2040,552,1224,1200
1314 100 2040,552,1224,1200
1315 100 2040,552,1224,1200
1316 100 2040,552,1224,1200
1317 100 2040,552,1224,1200
1318 100 2040,552,1224,1200
1319 100 2040,552,1224,1200
1320 100 2040,552,1224,1200
1321 100 2040,552,1224,1200
1322 100 2040,552,1224,1200
1323 100 2040,552,1224,1200
1324 100 2040,552,1224,1200
1325 100 2040,552,1224,1200
1326 100 2040,552,1224,1200
1327 100 2040,552,1224,1200
1328 100 2040,552,1224,1200
1329 100 2040,552,1224,1200
1330 100 2040,552,1224,1200
1331 100 2040,552,1224,1200
1332 100 2016,552,1224,1200
1333 100 2016,528,1224,1224
1334 100 2016,528,1224,1224
1335 100 2016,528,1224,1224
1336 100 2016,528,1224,1224
1337 100 2016,528,1224,1224
1338 100 2016,528,1224,1224
1339 100 2016,528,1224,1224
1340 100 2016,528,1224,1224
1341 100 2016,528,1224,1224
1342 100 2016,528,1224,1224
1343 100 2016,528,1224,1224
1344 100 2016,528,1224,1224
1345 100 2016,528,1224,1224
1346 100 2016,528,1224,1224
1347 100 2016,528,1224,1224
1348 100 2016,528,1224,1224
1349 100 2016,528,1224,1224
1350 100 2016,528,1224,1224
1351 100 2016,528,1224,1224
1352 100 1992,528,1224,1224
1353 100 1992,528,1224,1224
1354 100 1992,528,1224,1224
1355 100 1992,528,1224,1224
1356 100 1992,528,1224,1224
1357 100 1992,528,1224,1224
1358 100 1992,528,1224,1224
1359 100 1992,528,1224,1224
1360 100 1992,528,1224,1224
1361 100 1992,528,1224,1224
1362 100 1992,528,1224,1224
1363 100 1992,528,1224,1224
1364 100 1992,528,1224,1224
1365 100 1992,528,1224,1224
1366 100 1992,528,1224,1224
1367 100 1992,528,1224,1224
1368 100 1992,528,1224,1224
1369 100 1992,528,1224,1224
1370 100 1992,528,1224,1224
1371 100 1992,528,1224,1224
1372 100 1992,528,1224,1224
1373 100 1992,528,1224,1224
1374 100 1992,528,1224,1224
1375 100 1992,528,1224,1224
1376 100 1968,528,1224,1224
1377 100 1968,528,1224,1224
1378 100 1968,528,1224,1224
1379 100 1968,528,1224,1224
1380 100 1968,528,1224,1224
1381 100 1968,528,1224,1224
1382 100 1968,528,1224,1224
1383 100 1968,528,1224,1224
1384 100 1968,528,1224,1224
1385 100 1968,528,1224,1224
1386 100 1944,528,1224,1224
1387 100 1944,528,1224,1224
1388 100 1944,528,1224,1224
1389 100 1944,528,1224,1224
1390 100 1944,528,1224,1224
1391 100 1920,528,1224,1224
1392 100 1920,528,1224,1224
1393 100 1920,528,1224,1224
1394 100 1920,528,1224,1224
1395 100 1896,528,1224,1224
1396 100 1872,552,1224,1200
1397 100 1872,552,1224,1200
1398 100 1848,552,1224,1200
1399 100 1848,552,1224,1200
1400 100 1848,528,1224,1224
1401 100 1824,552,1224,1200
1402 100 1824,552,1224,1200
1403 100 1800,528,1224,1224
1404 100 1800,528,1224,1224
1405 100 1776,528,1224,1224
1406 100 1776,528,1224,1224
1407 100 1776,528,1224,1224
1408 100 1776,528,1224,1224
1409 100 1752,552,1224,1200
1410 100 1728,552,1224,1200
1411 100 1728,552,1224,1200
1412 100 1728,552,1224,1200
1413 100 1704,552,1224,1200
1414 100 1704,552,1224,1200
1415 100 1680,552,1224,1200
1416 100 1680,552,1224,1200
1417 100 1680,552,1224,1200
1418 100 1656,552,1224,1200
1419 100 1656,552,1224,1200
1420 100 1632,552,1224,1200
1421 100 1632,552,1224,1200
1422 100 1608,552,1224,1200
1423 100 1608,552,1224,1200
1424 100 1584,552,1224,1200
1425 100 1536,552,1224,1200
1426 100 1536,552,1224,1200
1427 100 1512,552,1224,1224
1428 100 1488,552,1224,1224
1429 100 1488,552,1224,1224
1430 100 1464,552,1224,1224
1431 100 1464,552,1224,1224
1432 100 1416,552,1224,1224
1433 100 1416,552,1224,1224
1434 100 1368,576,1224,1200
1435 100 1368,576,1224,1200
1436 100 1320,576,1224,1200
1437 100 1248,576,1224,1200
1438 100 1248,576,1224,1200
1439 100 1200,552,1224,1224
1440 100 1200,552,1224,1224
1441 100 1152,552,1224,1224
1442 100 1080,552,1224,1224
1443 100 1080,552,1224,1224
1444 100 1032,576,1224,1200
1445 100 1032,576,1224,1200
1446 100 984,576,1224,1200
1447 100 984,576,1224,1200
1448 100 960,576,1224,1200
1449 100 912,576,1224,1200
1450 100 864,576,1224,1224
1451 100 864,576,1224,1224
1452 100 840,576,1224,1224
1453 100 840,576,1224,1224
1454 100 816,576,1224,1200
1455 100 816,576,1224,1200
1456 100 792,552,1224,1224
1457 100 792,552,1224,1224
1458 100 768,552,1224,1224
1459 100 744,552,1224,1224
1460 100 744,552,1224,1224
1461 100 720,552,1224,1200
1462 100 720,552,1224,1200
1463 100 672,552,1224,1224
1464 100 624,576,1224,1200
1465 100 624,576,1224,1200
1466 100 552,576,1224,1224
1467 100 552,576,1224,1224
1468 100 504,576,1224,1224
1469 100 504,576,1224,1224
1470 100 480,552,1224,1224
1471 100 432,552,1224,1200
1472 100 432,552,1224,1200
1473 100 384,576,1224,1200
1474 100 384,576,1224,1200
1475 100 312,576,1224,1224
1476 100 264,576,1224,1224
1477 100 264,576,1224,1224
1478 100 240,576,1224,1200
1479 100 240,576,1224,1200
1480 100 216,576,1224,1200
1481 100 216,576,1224,1200
1482 100 168,576,1224,1200
1483 100 144,576,1224,1200
1484 100 144,576,1224,1200
1485 100 96,576,1224,1200
1486 100 96,576,1224,1200
1487 100 72,552,1224,1224
1488 100 48,552,1224,1224
1489 100 48,552,1224,1224
1490 100 24,552,1224,1200
1491 100 24,552,1224,1200
1492 100 0,552,1224,1200
1493 100 0,552,1224,1200
1494 100 0,552,1224,1200
1495 100 0,552,1224,1224
1496 100 0,552,1224,1224
1497 100 0,552,1224,1224
1498 100 0,552,1224,1224
1499 100 0,552,1224,1200
1500 100 0,528,1224,1224
1501 100 0,528,1224,1224
1502 100 24,528,1224,1224
1503 100 24,528,1224,1224
1504 100 24,528,1224,1224
1505 100 24,528,1224,1224
1506 100 0,528,1224,1224
1507 100 48,552,1224,1200
1508 100 48,552,1224,1200
1509 100 48,528,1224,1224
1510 100 48,528,1224,1224
1511 100 24,552,1224,1200
1512 100 24,552,1224,1200
1513 100 24,552,1224,1200
1514 100 24,552,1224,1200
1515 100 24,552,1224,1200
1516 100 0,552,1224,1200
1517 100 24,528,1224,1224
1518 100 24,528,1224,1224
1519 100 24,528,1224,1224
1520 100 24,528,1224,1224
1521 100 24,528,1224,1224
1522 100 24,528,1224,1224
1523 100 24,528,1224,1224
1524 100 24,528,1224,1200
1525 100 24,528,1224,1200
1526 100 0,528,1224,1224
1527 100 0,528,1224,1224
1528 100 72,528,1224,1224
1529 100 48,528,1224,1224
1530 100 48,528,1224,1224
1531 100 48,528,1224,1224
1532 100 48,528,1224,1224
1533 100 0,528,1224,1224
1534 100 0,552,1224,1200
1535 100 0,552,1224,1200
1536 100 0,552,1224,1200
1537 100 0,552,1224,1200
1538 100 0,528,1224,1224
1539 100 0,528,1224,1224
1540 100 0,528,1224,1224
1541 100 96,528,1224,1224
1542 100 96,528,1224,1224
1543 100 48,528,1224,1224
1544 100 48,528,1224,1224
1545 100 48,528,1224,1224
1546 100 3456,528,1224,1200
1547 100 3456,528,1224,1200
1548 100 3600,504,1224,1224
1549 100 3600,504,1224,1224
1550 100 3384,504,1224,1224
1551 100 3456,504,1224,1200
1552 100 3456,504,1224,1200
1553 100 3552,480,1224,1224
1554 100 3552,480,1224,1224
1555 100 3552,480,1224,1224
1556 100 3576,480,1224,1224
1557 100 3576,480,1224,1224
1558 100 3552,480,1224,1224
1559 100 3552,480,1224,1224
1560 100 3528,480,1224,1224
1561 100 3528,504,1224,1200
1562 100 3528,504,1224,1200
1563 100 3504,504,1224,1200
1564 100 3504,504,1224,1200
1565 100 3480,504,1224,1200
1566 100 3288,504,1224,1200
1567 100 3288,504,1224,1200
1568 100 3264,504,1224,1200
1569 100 3264,504,1224,1200
1570 100 3456,504,1224,1200
1571 100 3456,504,1224,1200
1572 100 3432,504,1224,1200
1573 100 3432,504,1224,1200
1574 100 3432,504,1224,1200
1575 100 3384,504,1224,1200
1576 100 3384,504,1224,1200
1577 100 3408,504,1224,1200
1578 100 3432,504,1224,1200
1579 100 3432,504,1224,1200
1580 100 3432,504,1224,1200
1581 100 3432,504,1224,1200
1582 100 3432,504,1224,1200
1583 100 3408,504,1224,1200
1584 100 3408,504,1224,1200
1585 100 3384,504,1224,1200
1586 100 3384,504,1224,1200
1587 100 3384,504,1224,1224
1588 100 3384,504,1224,1224
1589 100 3384,504,1224,1224
1590 100 3360,504,1224,1224
1591 100 3360,504,1224,1224
1592 100 3336,504,1224,1224
1593 100 3336,504,1224,1224
1594 100 3384,528,1224,1200
1595 100 3384,528,1224,1200
1596 100 3408,528,1224,1200
1597 100 48,528,1224,1200
1598 100 48,528,1224,1200
1599 100 48,504,1224,1224
1600 100 48,504,1224,1224
1601 100 48,504,1224,1224
1602 100 48,504,1224,1224
1603 100 0,504,1224,1224
1604 100 24,504,1224,1224
1605 100 24,504,1224,1224
1606 100 0,504,1224,1224
1607 100 0,504,1224,1224
1608 100 0,504,1224,1224
1609 100 0,504,1224,1224
1610 100 0,504,1224,1224
1611 100 24,528,1224,1200
1612 100 24,528,1224,1200
1613 100 24,528,1224,1200
1614 100 24,528,1224,1200
1615 100 24,528,1224,1200
1616 100 24,528,1224,1200
1617 100 24,528,1224,1200
1618 100 24,528,1224,1200
1619 100 24,528,1224,1200
1620 100 0,528,1224,1200
1621 100 0,528,1224,1200
1622 100 0,528,1224,1200
1623 100 0,528,1224,1200
1624 100 0,528,1224,1200
1625 100 24,528,1224,1224
1626 100 24,528,1224,1224
1627 100 24,528,1224,1224
1628 100 24,528,1224,1224
1629 100 24,528,1224,1224
1630 100 24,552,1224,1200
1631 100 24,552,1224,1200
1632 100 24,552,1224,1200
1633 100 24,552,1224,1200
1634 100 24,552,1224,1200
1635 100 0,552,1224,1200
1636 100 0,552,1224,1200
1637 100 0,552,1224,1200
1638 100 0,552,1224,1200
1639 100 0,552,1224,1200
1640 100 0,552,1224,1200
1641 100 0,552,1224,1200
1642 100 0,552,1224,1200
1643 100 24,552,1224,1200
1644 100 24,552,1224,1200
1645 100 24,552,1224,1224
1646 100 24,552,1224,1224
1647 100 24,552,1224,1224
1648 100 24,552,1224,1224
1649 100 24,552,1224,1224
1650 100 24,552,1224,1224
1651 100 24,552,1224,1224
1652 100 24,552,1224,1200
1653 100 24,552,1224,1200
1654 100 24,552,1224,1200
1655 100 24,552,1224,1200
1656 100 24,552,1224,1200
1657 100 24,552,1224,1200
1658 100 24,552,1224,1200
1659 100 24,552,1224,1200
1660 100 24,552,1224,1200
1661 100 24,552,1224,1200
1662 100 24,552,1224,1200
1663 100 0,552,1224,1200
1664 100 0,552,1224,1200
1665 100 0,552,1224,1200
1666 100 0,552,1224,1200
1667 100 0,552,1224,1200
1668 100 24,552,1224,1200
1669 100 24,552,1224,1200
1670 100 24,552,1224,1200
1671 100 24,552,1224,1200
1672 100 24,552,1224,1200
1673 100 24,552,1224,1200
1674 100 24,552,1224,1200
1675 100 24,552,1224,1200
1676 100 24,552,1224,1200
1677 100 24,552,1224,1200
1678 100 24,552,1224,1200
1679 100 24,552,1224,1200
1680 100 24,552,1224,1200
1681 100 24,552,1224,1200
1682 100 24,552,1224,1200
1683 100 24,552,1224,1200
1684 100 24,552,1224,1200
1685 100 24,552,1224,1200
1686 100 24,552,1224,1200
1687 100 24,552,1224,1200
1688 100 24,552,1224,1200
1689 100 24,552,1224,1200
1690 100 24,552,1224,1200
1691 100 24,552,1224,1200
1692 100 0,552,1224,1200
1693 100 0,552,1224,1200
1694 100 24,552,1224,1200
1695 100 24,552,1224,1200
1696 100 24,552,1224,1200
1697 100 24,552,1224,1200
1698 100 24,552,1224,1200
1699 100 0,552,1224,1200
1700 100 0,552,1224,1200
1701 100 24,552,1224,1200
1702 100 24,552,1224,1200
1703 100 24,552,1224,1200
1704 100 24,552,1224,1200
1705 100 24,552,1224,1200
1706 100 24,552,1224,1200
1707 100 24,552,1224,1200
1708 100 24,552,1224,1200
1709 100 24,552,1224,1200
1710 100 24,552,1224,1200
1711 100 24,552,1224,1224
1712 100 24,552,1224,1224
1713 100 24,552,1224,1200
1714 100 24,552,1224,1224
1715 100 24,552,1224,1224
1716 100 24,552,1224,1224
1717 100 24,552,1224,1224
1718 100 24,552,1224,1224
1719 100 24,552,1224,1224
1720 100 24,552,1224,1224
1721 100 24,552,1224,1224
1722 100 24,552,1224,1224
1723 100 24,576,1224,1200
1724 100 24,576,1224,1200
1725 100 24,576,1224,1200
1726 100 24,576,1224,1200
1727 100 24,576,1224,1200
1728 100 24,576,1224,1200
1729 100 24,552,1224,1224
1730 100 24,552,1224,1224
1731 100 24,552,1224,1224
1732 100 24,552,1224,1224
1733 100 24,552,1224,1224
1734 100 24,552,1224,1224
1735 100 24,552,1224,1224
1736 100 24,552,1224,1224
1737 100 24,552,1224,1224
1738 100 0,552,1224,1224
1739 100 0,552,1224,1224
1740 100 0,552,1224,1224
1741 100 0,576,1224,1200
1742 100 0,576,1224,1200
1743 100 0,576,1224,1200
1744 100 0,576,1224,1200
1745 100 0,552,1224,1224
1746 100 0,552,1224,1224
1747 100 0,552,1224,1224
1748 100 0,552,1224,1224
1749 100 0,552,1224,1224
1750 100 24,552,1224,1224
1751 100 24,552,1224,1200
1752 100 24,552,1224,1200
1753 100 24,552,1224,1200
1754 100 24,552,1224,1200
1755 100 24,552,1224,1224
1756 100 24,552,1224,1224
1757 100 24,552,1224,1224
1758 100 24,552,1224,1224
1759 100 24,552,1224,1224
1760 100 0,552,1224,1224
1761 100 0,552,1224,1224
1762 100 0,552,1224,1224
1763 100 0,552,1224,1224
1764 100 0,552,1224,1224
1765 100 0,552,1224,1224
1766 100 0,552,1224,1224
1767 100 0,552,1224,1224
1768 100 0,552,1224,1224
1769 100 0,552,1224,1224
1770 100 0,552,1224,1224
1771 100 0,552,1224,1224
1772 100 0,552,1224,1224
1773 100 0,552,1224,1224
1774 100 0,552,1224,1224
1775 100 0,552,1224,1224
1776 100 0,552,1224,1224
1777 100 0,552,1224,1224
1778 100 0,552,1224,1224
1779 100 0,552,1224,1224
1780 100 0,552,1224,1224
1781 100 0,552,1224,1224
1782 100 0,552,1224,1224
1783 100 0,552,1224,1224
1784 100 0,552,1224,1224
1785 100 0,552,1224,1224
1786 100 0,552,1224,1224
1787 100 0,552,1224,1224
1788 100 0,552,1224,1224
1789 100 0,552,1224,1224
1790 100 0,552,1224,1224
1791 100 0,552,1224,1224
1792 100 0,576,1224,1200
1793 100 0,576,1224,1200
1794 100 0,576,1224,1200
1795 100 0,576,1224,1200
1796 100 0,576,1224,1200
1797 100 24,576,1224,1200
1798 100 24,576,1224,1200
1799 100 24,576,1224,1200
1800 100 24,576,1224,1200
1801 100 24,576,1224,1200
1802 100 24,576,1224,1200
1803 100 24,576,1224,1200
1804 100 24,576,1224,1200
1805 100 24,576,1224,1200
1806 100 24,576,1224,1200
1807 100 0,576,1224,1200
1808 100 0,576,1224,1200
1809 100 0,576,1224,1200
1810 100 0,576,1224,1200
1811 100 24,576,1224,1200
1812 100 0,576,1224,1200
1813 100 0,576,1224,1200
1814 100 0,576,1224,1200
1815 100 0,576,1224,1200
1816 100 0,576,1224,1200
1817 100 0,576,1224,1200
1818 100 0,576,1224,1200
1819 100 0,576,1224,1200
1820 100 0,576,1224,1200
1821 100 0,576,1224,1200
1822 100 0,576,1224,1200
1823 100 0,576,1224,1200
1824 100 0,576,1224,1200
1825 100 0,576,1224,1200
1826 100 0,576,1224,1200
1827 100 0,576,1224,1200
1828 100 0,576,1224,1200
1829 100 0,576,1224,1200
1830 100 0,576,1224,1200
1831 100 0,576,1224,1200
1832 100 0,576,1224,1200
1833 100 0,576,1224,1200
1834 100 0,576,1224,1200
1835 100 0,576,1224,1200
1836 100 0,576,1224,1200
1837 100 0,576,1224,1200
1838 100 0,576,1224,1200
1839 100 0,552,1224,1224
1840 100 0,552,1224,1224
1841 100 0,552,1224,1224
1842 100 0,552,1224,1224
1843 100 0,552,1224,1224
1844 100 0,552,1224,1224
1845 100 0,552,1224,1224
1846 100 24,552,1224,1224
1847 100 24,552,1224,1224
1848 100 24,552,1224,1224
1849 100 24,552,1224,1224
1850 100 24,552,1224,1224
1851 100 24,552,1224,1224
1852 100 24,552,1224,1224
1853 100 24,552,1224,1224
1854 100 24,552,1224,1224
1855 100 24,552,1224,1224
1856 100 24,552,1224,1224
1857 100 24,552,1224,1224
1858 100 24,552,1224,1224
1859 100 24,552,1224,1224
1860 100 24,552,1224,1224
1861 100 0,576,1224,1200
1862 100 0,576,1224,1200
1863 100 0,576,1224,1200
1864 100 0,576,1224,1200
1865 100 0,576,1224,1200
1866 100 0,576,1224,1200
1867 100 0,576,1224,1200
1868 100 0,576,1224,1200
1869 100 0,576,1224,1200
1870 100 0,576,1224,1200
1871 100 0,576,1224,1200
1872 100 0,576,1224,1200
1873 100 0,576,1224,1200
1874 100 0,576,1224,1200
1875 100 0,576,1224,1200
1876 100 0,576,1224,1200
1877 100 0,576,1224,1200
1878 100 0,576,1224,1200
1879 100 0,576,1224,1200
1880 100 0,576,1224,1200
1881 100 0,576,1224,1200
1882 100 0,576,1224,1200
1883 100 0,576,1224,1200
1884 100 0,576,1224,1200
1885 100 0,576,1224,1200
1886 100 0,576,1224,1200
1887 100 0,576,1224,1200
1888 100 0,576,1224,1200
1889 100 0,576,1224,1200
1890 100 0,576,1224,1200
1891 100 0,576,1224,1200
1892 100 0,576,1224,1200
1893 100 0,576,1224,1200
1894 100 0,576,1224,1200
1895 100 0,576,1224,1200
1896 100 0,576,1224,1200
1897 100 0,576,1224,1200
1898 100 24,576,1224,1200
1899 100 24,576,1224,1200
1900 100 24,576,1224,1200
1901 100 24,576,1224,1200
1902 100 24,576,1224,1200
1903 100 24,576,1224,1200
1904 100 24,576,1224,1200
1905 100 24,576,1224,1200
1906 100 24,576,1224,1200
1907 100 24,576,1224,1200
1908 100 24,576,1224,1200
1909 100 24,576,1224,1200
1910 100 24,576,1224,1200
1911 100 24,576,1224,1200
1912 100 24,576,1224,1200
1913 100 24,576,1224,1200
1914 100 24,576,1224,1200
1915 100 0,576,1224,1200
1916 100 0,576,1224,1200
1917 100 0,576,1224,1200
1918 100 0,576,1224,1200
1919 100 0,576,1224,1200
1920 100 0,576,1224,1200
1921 100 0,576,1224,1200
1922 100 0,576,1224,1200
1923 100 0,576,1224,1200
1924 100 0,576,1224,1200
1925 100 0,576,1224,1200
1926 100 0,576,1224,1200
1927 100 0,576,1224,1200
1928 100 0,576,1224,1200
1929 100 0,576,1224,1200
1930 100 0,576,1224,1200
1931 100 0,576,1224,1200
1932 100 0,576,1224,1200
1933 100 0,576,1224,1200
1934 100 0,576,1224,1200
1935 100 0,576,1224,1200
1936 100 0,576,1224,1200
1937 100 0,576,1224,1200
1938 100 0,576,1224,1200
1939 100 0,576,1224,1200
1940 100 0,576,1224,1200
1941 100 0,576,1224,1200
1942 100 0,576,1224,1200
1943 100 0,576,1224,1200
1944 100 0,576,1224,1200
1945 100 0,576,1224,1200
1946 100 0,576,1224,1200
1947 100 0,576,1224,1200
1948 100 0,576,1224,1200
1949 100 0,576,1224,1200
1950 100 0,576,1224,1200
1951 100 0,576,1224,1200
1952 100 0,576,1224,1200
1953 100 0,576,1224,1200
1954 100 0,576,1224,1200
1955 100 0,576,1224,1200
1956 100 24,552,1224,1224
1957 100 24,576,1224,1200
1958 100 24,576,1224,1200
1959 100 24,576,1224,1200
1960 100 24,576,1224,1200
1961 100 24,576,1224,1200
1962 100 24,576,1224,1200
1963 100 24,576,1224,1200
1964 100 24,552,1224,1224
1965 100 24,552,1224,1224
1966 100 0,552,1224,1224
1967 100 0,552,1224,1224
1968 100 0,552,1224,1224
1969 100 0,552,1224,1224
1970 100 0,552,1224,1224
1971 100 24,552,1224,1200
1972 100 24,552,1224,1200
1973 100 24,552,1224,1200
1974 100 48,552,1224,1200
1975 100 72,552,1224,1200
1976 100 72,552,1224,1200
1977 100 96,552,1224,1200
1978 100 96,552,1224,1200
1979 100 120,528,1224,1200
1980 100 120,528,1224,1200
1981 100 144,528,1224,1200
1982 100 168,528,1224,1200
1983 100 168,528,1224,1200
1984 100 192,504,1224,1224
1985 100 216,504,1224,1200
1986 100 216,504,1224,1200
1987 100 240,504,1224,1200
1988 100 240,504,1224,1200
1989 100 240,480,1224,1224
1990 100 240,480,1224,1224
1991 100 240,480,1224,1200
1992 100 240,480,1224,1200
1993 100 264,456,1224,1200
1994 100 264,456,1224,1200
1995 100 264,456,1224,1200
1996 100 288,432,1224,1224
1997 100 312,432,1224,1200
1998 100 312,432,1224,1200
1999 100 336,432,1224,1224
2000 100 336,432,1224,1224
2001 100 360,432,1224,1224
2002 100 360,432,1224,1224
2003 100 408,456,1224,1200
2004 100 408,456,1224,1200
2005 100 408,456,1224,1200
2006 100 432,456,1224,1200
2007 100 456,456,1224,1200
2008 100 480,456,1224,1200
2009 100 480,456,1224,1200
2010 100 480,456,1224,1200
2011 100 504,456,1224,1200
2012 100 504,456,1224,1200
2013 100 528,456,1224,1224
2014 100 528,456,1224,1224
2015 100 528,480,1224,1200
2016 100 528,480,1224,1200
2017 100 552,480,1224,1200
2018 100 552,480,1224,1200
2019 100 576,480,1224,1200
2020 100 600,480,1224,1200
2021 100 600,480,1224,1200
2022 100 624,480,1224,1224
2023 100 648,504,1224,1200
2024 100 648,504,1224,1200
2025 100 672,504,1224,1200
2026 100 672,504,1224,1200
2027 100 696,504,1224,1200
2028 100 696,504,1224,1200
2029 100 720,504,1224,1224
2030 100 720,504,1224,1224
2031 100 744,528,1224,1200
2032 100 768,528,1224,1224
2033 100 768,528,1224,1224
2034 100 768,528,1224,1224
2035 100 792,528,1224,1224
2036 100 792,528,1224,1224
2037 100 816,528,1224,1224
2038 100 816,528,1224,1224
2039 100 816,552,1224,1200
2040 100 816,552,1224,1200
2041 100 840,552,1224,1200
2042 100 840,552,1224,1200
2043 100 840,552,1224,1200
2044 100 840,552,1224,1200
2045 100 864,552,1224,1224
2046 100 864,552,1224,1224
2047 100 864,552,1224,1224
2048 100 864,552,1224,1224
2049 100 888,552,1224,1224
2050 100 888,552,1224,1224
2051 100 888,552,1224,1224
2052 100 888,552,1224,1224
2053 100 888,576,1224,1200
2054 100 888,576,1224,1200
2055 100 912,576,1224,1224
2056 100 912,576,1224,1224
2057 100 912,576,1224,1224
2058 100 912,576,1224,1224
2059 100 912,576,1224,1224
2060 100 936,576,1224,1224
2061 100 936,576,1224,1224
2062 100 936,576,1224,1224
2063 100 936,576,1224,1224
2064 100 936,576,1224,1224
2065 100 936,576,1224,1224
2066 100 936,576,1224,1224
2067 100 936,576,1224,1224
2068 100 936,576,1224,1224
2069 100 936,576,1224,1224
2070 100 936,576,1224,1224
2071 100 936,576,1224,1224
2072 100 936,576,1224,1224
2073 100 936,576,1224,1224
2074 100 936,576,1224,1224
2075 100 936,576,1224,1224
2076 100 936,576,1224,1224
2077 100 936,576,1224,1224
2078 100 936,576,1224,1224
2079 100 936,576,1224,1224
2080 100 936,576,1224,1224
2081 100 936,600,1224,1200
2082 100 936,600,1224,1200
2083 100 936,600,1224,1200
2084 100 912,576,1224,1224
2085 100 912,576,1224,1224
2086 100 912,600,1224,1200
2087 100 912,600,1224,1200
2088 100 888,600,1224,1200
2089 100 888,576,1224,1224
2090 100 888,576,1224,1224
2091 100 888,576,1224,1224
2092 100 888,576,1224,1224
2093 100 864,576,1224,1200
2094 100 864,576,1224,1200
2095 100 840,576,1224,1200
2096 100 816,576,1224,1224
2097 100 816,576,1224,1224
2098 100 816,576,1224,1224
2099 100 792,600,1224,1200
